0.096857
0.096967
0.097399
0.098388
0.100445
0.105272
0.403746
0.423740
0.421271
0.462116
0.531881
0.649626
0.803792
0.947018
1.061420
1.146280
1.206520
1.248020
1.276330
1.296110
1.310670
1.321680
1.329400
1.333530
1.334230
1.332430
1.329290
1.325630
1.321870
1.318140
1.314450
1.310750
1.307010
1.303180
1.299260
1.295230
1.291090
1.286840
1.282480
1.278000
1.273430
1.268750
1.263970
1.259090
1.254120
1.249060
1.243910
1.238690
1.233380
1.228000
1.222560
1.217040
1.211460
1.205830
1.200130
1.194390
1.188590
1.182750
1.176860
1.170930
1.164960
1.158950
1.152910
1.146830
1.140720
1.134590
1.128430
1.122240
1.116030
1.109810
1.103560
1.097290
1.091010
1.084720
1.078410
1.072090
1.065760
1.059430
1.053090
1.046740
1.040390
1.034030
1.027680
1.021320
1.014960
1.008610
1.002260
0.995911
0.989569
0.983232
0.976903
0.970581
0.964268
0.957965
0.951672
0.945391
0.939122
0.932865
0.926623
0.920395
0.914182
0.907985
0.901805
0.895642
0.889498
0.883372
0.877265
0.871178
0.865112
0.859067
0.853044
0.847043
0.841065
0.835111
0.829180
0.823274
0.817393
0.811537
0.805708
0.799904
0.794128
0.788379
0.782657
0.776964
0.771299
0.765663
0.760057
0.754480
0.748933
0.743417
0.737931
0.732477
0.727053
0.721662
0.716302
0.710975
0.705680
0.700417
0.695188
0.689992
0.684830
0.679701
0.674606
0.669545
0.664518
0.659525
0.654567
0.649644
0.644756
0.639902
0.635084
0.630301
0.625553
0.620841
0.616163
0.611522
0.606916
0.602345
0.597811
0.593311
0.588848
0.584420
0.580028
0.575671
0.571351
0.567065
0.562816
0.558602
0.554423
0.550280
0.546173
0.542100
0.538063
0.534061
0.530094
0.526162
0.522264
0.518402
0.514574
0.510780
0.507021
0.503296
0.499605
0.495947
0.492324
0.488734
0.485177
0.481654
0.478164
0.474706
0.471281
0.467889
0.464529
0.461200
0.457904
0.454640
0.451407
0.448205
0.445034
0.441894
0.438784
0.435705
0.432656
0.429637
0.426648
0.423688
0.420757
0.417855
0.414982
0.412138
0.409322
0.406533
0.403773
0.401040
0.398334
0.395656
0.393004
0.390379
0.387780
0.385208
0.382661
0.380139
0.377644
0.375173
0.372727
0.370306
0.367909
0.365536
0.363187
0.360862
0.358560
0.356282
0.354026
0.351793
0.349583
0.347395
0.345229
0.343084
0.340962
0.338860
0.336780
0.334720
0.332682
0.330663
0.328665
0.326687
0.324729
0.322790
0.320870
0.318970
0.317089
0.315226
0.313382
0.311556
0.309748
0.307958
0.306186
0.304431
0.302693
0.300973
0.299270
0.297583
0.295913
0.294259
0.292621
0.290999
0.289393
0.287803
0.286228
0.284668
0.283124
0.281594
0.280079
0.278579
0.277093
0.275621
0.274163
0.272720
0.271290
0.269873
0.268471
0.267081
0.265705
0.264341
0.262990
0.261653
0.260327
0.259014
0.257714
0.256425
0.255149
0.253884
0.252631
0.251390
0.250160
0.248942
0.247735
0.246539
0.245354
0.244179
0.243016
0.241863
0.240721
0.239589
0.238467
0.237356
0.236254
0.235163
0.234081
0.233009
0.231947
0.230894
0.229851
0.228817
0.227792
0.226776
0.225770
0.224772
0.223783
0.222803
0.221832
0.220869
0.219914
0.218968
0.218031
0.217101
0.216180
0.215267
0.214361
0.213464
0.212575
0.211693
0.210819
0.209952
0.209093
0.208241
0.207397
0.206560
0.205730
0.204907
0.204092
0.203283
0.202481
0.201686
0.200898
0.200117
0.199342
0.198574
0.197813
0.197058
0.196309
0.195566
0.194830
0.194100
0.193377
0.192659
0.191947
0.191242
0.190542
0.189848
0.189160
0.188478
0.187801
0.187130
0.186465
0.185805
0.185151
0.184502
0.183858
0.183220
0.182587
0.181959
0.181337
0.180719
0.180107
0.179500
0.178897
0.178300
0.177707
0.177120
0.176537
0.175959
0.175385
0.174816
0.174252
0.173693
0.173138
0.172587
0.172041
0.171499
0.170962
0.170429
0.169900
0.169376
0.168855
0.168339
0.167827
0.167319
0.166815
0.166316
0.165820
0.165328
0.164840
0.164356
0.163875
0.163399
0.162926
0.162457
0.161992
0.161530
0.161072
0.160617
0.160166
0.159719
0.159275
0.158835
0.158398
0.157964
0.157534
0.157107
0.156683
0.156263
0.155846
0.155432
0.155022
0.154614
0.154210
0.153809
0.153410
0.153015
0.152623
0.152234
0.151848
0.151465
0.151084
0.150707
0.150333
0.149961
0.149592
0.149226
0.148863
0.148502
0.148144
0.147789
0.147437
0.147087
0.146740
0.146395
0.146053
0.145714
0.145377
0.145042
0.144710
0.144381
0.144054
0.143729
0.143407
0.143087
0.142769
0.142454
0.142142
0.141831
0.141523
0.141217
0.140913
0.140612
0.140312
0.140015
0.139720
0.139427
0.139137
0.138848
0.138562
0.138277
0.137995
0.137715
0.137437
0.137160
0.136886
0.136614
0.136344
0.136075
0.135809
0.135544
0.135281
0.135021
0.134762
0.134505
0.134249
0.133996
0.133744
0.133495
0.133247
0.133000
0.132756
0.132513
0.132272
0.132032
0.131795
0.131559
0.131324
0.131091
0.130860
0.130631
0.130403
0.130177
0.129952
0.129729
0.129507
0.129287
0.129069
0.128852
0.128636
0.128422
0.128210
0.127999
0.127789
0.127581
0.127374
0.127169
0.126965
0.126763
0.126561
0.126362
0.126163
0.125967
0.125771
0.125577
0.125384
0.125192
0.125002
0.124813
0.124625
0.124438
0.124253
0.124069
0.123887
0.123705
0.123525
0.123346
0.123168
0.122991
0.122816
0.122642
0.122469
0.122297
0.122126
0.121957
0.121788
0.121621
0.121455
0.121289
0.121125
0.120963
0.120801
0.120640
0.120480
0.120322
0.120164
0.120008
0.119852
0.119698
0.119544
0.119392
0.119241
0.119090
0.118941
0.118792
0.118645
0.118499
0.118353
0.118208
0.118065
0.117922
0.117781
0.117640
0.117500
0.117361
0.117223
0.117086
0.116950
0.116814
0.116680
0.116546
0.116414
0.116282
0.116151
0.116021
0.115891
0.115763
0.115635
0.115508
0.115382
0.115257
0.115133
0.115009
0.114887
0.114765
0.114644
0.114523
0.114404
0.114285
0.114167
0.114049
0.113933
0.113817
0.113702
0.113588
0.113474
0.113361
0.113249
0.113138
0.113027
0.112917
0.112808
0.112699
0.112591
0.112484
0.112377
0.112271
0.112166
0.112062
0.111958
0.111855
0.111752
0.111650
0.111549
0.111448
0.111348
0.111249
0.111150
0.111052
0.110955
0.110858
0.110762
0.110666
0.110571
0.110477
0.110383
0.110290
0.110197
0.110105
0.110013
0.109922
0.109832
0.109742
0.109653
0.109565
0.109476
0.109389
0.109302
0.109215
0.109130
0.109044
0.108959
0.108875
0.108791
0.108708
0.108625
0.108543
0.108461
0.108380
0.108299
0.108219
0.108140
0.108060
0.107982
0.107903
0.107826
0.107749
0.107672
0.107595
0.107520
0.107444
0.107369
0.107295
0.107221
0.107148
0.107075
0.107002
0.106930
0.106858
0.106787
0.106716
0.106646
0.106576
0.106506
0.106437
0.106369
0.106300
0.106233
0.106165
0.106098
0.106032
0.105966
0.105900
0.105834
0.105770
0.105705
0.105641
0.105577
0.105514
0.105451
0.105388
0.105326
0.105264
0.105203
0.105142
0.105081
0.105021
0.104961
0.104901
0.104842
0.104783
0.104725
0.104667
0.104609
0.104552
0.104494
0.104438
0.104381
0.104325
0.104270
0.104214
0.104159
0.104105
0.104050
0.103996
0.103943
0.103889
0.103836
0.103784
0.103731
0.103679
0.103628
0.103576
0.103525
0.103474
0.103424
0.103374
0.103324
0.103274
0.103225
0.103176
0.103127
0.103079
0.103031
0.102983
0.102936
0.102888
0.102842
0.102795
0.102749
0.102702
0.102657
0.102611
0.102566
0.102521
0.102476
0.102432
0.102388
0.102344
0.102300
0.102257
0.102214
0.102171
0.102129
0.102086
0.102044
0.102002
0.101961
0.101920
0.101879
0.101838
0.101797
0.101757
0.101717
0.101677
0.101638
0.101598
0.101559
0.101520
0.101482
0.101443
0.101405
0.101367
0.101330
0.101292
0.101255
0.101218
0.101181
0.101145
0.101108
0.101072
0.101036
0.101001
0.100965
0.100930
0.100895
0.100860
0.100826
0.100791
0.100757
0.100723
0.100689
0.100656
0.100622
0.100589
0.100556
0.100524
0.100491
0.100459
0.100426
0.100395
0.100363
0.100331
0.100300
0.100269
0.100238
0.100207
0.100176
0.100146
0.100115
0.100085
0.100055
0.100026
0.099996
0.099967
0.099938
0.099909
0.099880
0.099851
0.099823
0.099794
0.099766
0.099738
0.099711
0.099683
0.099656
0.099628
0.099601
0.099574
0.099547
0.099521
0.099494
0.099468
0.099442
0.099416
0.099390
0.099364
0.099339
0.099313
0.099288
0.099263
0.099238
0.099214
0.099189
0.099165
0.099140
0.099116
0.099092
0.099068
0.099045
0.099021
0.098998
0.098974
0.098951
0.098928
0.098905
0.098883
0.098860
0.098838
0.098816
0.098793
0.098771
0.098749
0.098728
0.098706
0.098685
0.098663
0.098642
0.098621
0.098600
0.098579
0.098558
0.098538
0.098517
0.098497
0.098477
0.098457
0.098437
0.098417
0.098397
0.098378
0.098358
0.098339
0.098320
0.098301
0.098282
0.098263
0.098244
0.098225
0.098207
0.098188
0.098170
0.098152
0.098134
0.098116
0.098098
0.098080
0.098063
0.098045
0.098028
0.098011
0.097993
0.097976
0.097959
0.097943
0.097926
0.097909
0.097892
0.097876
0.097860
0.097843
0.097827
0.097811
0.097795
0.097779
0.097764
0.097748
0.097732
0.097717
0.097702
0.097686
0.097671
0.097656
0.097641
0.097626
0.097612
0.097597
0.097582
0.097568
0.097553
0.097539
0.097525
0.097511
0.097497
0.097483
0.097469
0.097455
0.097441
0.097428
0.097414
0.097401
0.097387
0.097374
0.097361
0.097348
0.097335
0.097322
0.097309
0.097296
0.097283
0.097271
0.097258
0.097246
0.097234
0.097221
0.097209
0.097197
0.097185
0.097173
0.097161
0.097149
0.097137
0.097126
0.097114
0.097102
0.097091
0.097080
0.097068
0.097057
0.097046
0.097035
0.097024
0.097013
0.097002
0.096991
0.096981
0.096970
0.096959
0.096949
0.096938
0.096928
0.096918
0.096907
0.096897
0.096887
0.096877
0.096867
0.096857
0.096967
0.097399
0.098388
0.100445
0.105274
0.403846
0.423876
0.421404
0.462245
0.532003
0.649743
0.803906
0.947104
1.061500
1.146340
1.206570
1.248070
1.276370
1.296150
1.310710
1.321710
1.329430
1.333560
1.334260
1.332460
1.329320
1.325660
1.321900
1.318170
1.314480
1.310780
1.307040
1.303210
1.299290
1.295260
1.291120
1.286870
1.282510
1.278040
1.273460
1.268780
1.264000
1.259120
1.254150
1.249090
1.243940
1.238720
1.233410
1.228030
1.222590
1.217070
1.211490
1.205860
1.200160
1.194420
1.188620
1.182780
1.176890
1.170960
1.164990
1.158980
1.152940
1.146860
1.140750
1.134620
1.128460
1.122270
1.116060
1.109840
1.103590
1.097320
1.091040
1.084750
1.078440
1.072120
1.065790
1.059460
1.053110
1.046770
1.040420
1.034060
1.027700
1.021350
1.014990
1.008640
1.002290
0.995939
0.989597
0.983260
0.976931
0.970609
0.964296
0.957992
0.951700
0.945418
0.939149
0.932892
0.926650
0.920422
0.914209
0.908012
0.901831
0.895669
0.889524
0.883398
0.877291
0.871204
0.865138
0.859093
0.853069
0.847068
0.841090
0.835136
0.829205
0.823299
0.817418
0.811562
0.805732
0.799929
0.794152
0.788403
0.782681
0.776988
0.771323
0.765687
0.760080
0.754503
0.748956
0.743440
0.737954
0.732499
0.727076
0.721684
0.716324
0.710997
0.705701
0.700439
0.695210
0.690014
0.684851
0.679722
0.674627
0.669565
0.664538
0.659546
0.654588
0.649664
0.644776
0.639923
0.635104
0.630321
0.625573
0.620860
0.616183
0.611541
0.606935
0.602364
0.597829
0.593330
0.588866
0.584438
0.580046
0.575689
0.571368
0.567083
0.562833
0.558619
0.554441
0.550297
0.546190
0.542117
0.538080
0.534078
0.530110
0.526178
0.522281
0.518418
0.514590
0.510796
0.507037
0.503311
0.499620
0.495963
0.492339
0.488749
0.485192
0.481669
0.478178
0.474721
0.471296
0.467903
0.464543
0.461215
0.457918
0.454654
0.451421
0.448218
0.445047
0.441907
0.438798
0.435718
0.432669
0.429650
0.426661
0.423701
0.420770
0.417868
0.414995
0.412150
0.409334
0.406545
0.403785
0.401052
0.398346
0.395667
0.393016
0.390390
0.387792
0.385219
0.382672
0.380150
0.377654
0.375183
0.372737
0.370316
0.367919
0.365546
0.363197
0.360872
0.358570
0.356292
0.354036
0.351803
0.349593
0.347404
0.345238
0.343094
0.340971
0.338869
0.336789
0.334730
0.332691
0.330672
0.328674
0.326696
0.324737
0.322798
0.320879
0.318978
0.317097
0.315234
0.313390
0.311564
0.309756
0.307966
0.306194
0.304439
0.302701
0.300981
0.299277
0.297591
0.295920
0.294266
0.292629
0.291007
0.289401
0.287810
0.286235
0.284676
0.283131
0.281601
0.280086
0.278586
0.277100
0.275628
0.274170
0.272727
0.271297
0.269880
0.268477
0.267088
0.265711
0.264348
0.262997
0.261659
0.260334
0.259021
0.257720
0.256432
0.255155
0.253890
0.252638
0.251396
0.250166
0.248948
0.247741
0.246545
0.245360
0.244185
0.243022
0.241869
0.240727
0.239595
0.238473
0.237361
0.236260
0.235168
0.234086
0.233015
0.231952
0.230899
0.229856
0.228822
0.227797
0.226781
0.225775
0.224777
0.223788
0.222808
0.221837
0.220874
0.219919
0.218973
0.218036
0.217106
0.216185
0.215272
0.214366
0.213469
0.212579
0.211697
0.210823
0.209957
0.209097
0.208246
0.207401
0.206564
0.205734
0.204912
0.204096
0.203287
0.202486
0.201691
0.200903
0.200121
0.199347
0.198578
0.197817
0.197062
0.196313
0.195570
0.194834
0.194104
0.193381
0.192663
0.191951
0.191246
0.190546
0.189852
0.189164
0.188482
0.187805
0.187134
0.186469
0.185809
0.185154
0.184505
0.183862
0.183223
0.182590
0.181963
0.181340
0.180723
0.180110
0.179503
0.178900
0.178303
0.177710
0.177123
0.176540
0.175962
0.175388
0.174819
0.174255
0.173696
0.173141
0.172590
0.172044
0.171502
0.170965
0.170432
0.169903
0.169378
0.168858
0.168342
0.167830
0.167322
0.166818
0.166318
0.165822
0.165330
0.164842
0.164358
0.163878
0.163401
0.162928
0.162459
0.161994
0.161532
0.161074
0.160620
0.160169
0.159721
0.159278
0.158837
0.158400
0.157966
0.157536
0.157109
0.156686
0.156265
0.155848
0.155434
0.155024
0.154616
0.154212
0.153811
0.153413
0.153017
0.152625
0.152236
0.151850
0.151467
0.151087
0.150709
0.150335
0.149963
0.149594
0.149228
0.148865
0.148504
0.148146
0.147791
0.147439
0.147089
0.146742
0.146397
0.146055
0.145715
0.145378
0.145044
0.144712
0.144382
0.144055
0.143731
0.143409
0.143089
0.142771
0.142456
0.142143
0.141833
0.141525
0.141219
0.140915
0.140613
0.140314
0.140017
0.139722
0.139429
0.139138
0.138850
0.138563
0.138279
0.137997
0.137716
0.137438
0.137162
0.136888
0.136615
0.136345
0.136077
0.135810
0.135546
0.135283
0.135022
0.134763
0.134506
0.134251
0.133997
0.133746
0.133496
0.133248
0.133002
0.132757
0.132514
0.132273
0.132034
0.131796
0.131560
0.131326
0.131093
0.130862
0.130632
0.130404
0.130178
0.129953
0.129730
0.129508
0.129288
0.129070
0.128853
0.128637
0.128423
0.128211
0.128000
0.127790
0.127582
0.127375
0.127170
0.126966
0.126764
0.126563
0.126363
0.126165
0.125968
0.125772
0.125578
0.125385
0.125193
0.125003
0.124814
0.124626
0.124439
0.124254
0.124070
0.123888
0.123706
0.123526
0.123347
0.123169
0.122992
0.122817
0.122643
0.122470
0.122298
0.122127
0.121957
0.121789
0.121622
0.121455
0.121290
0.121126
0.120963
0.120802
0.120641
0.120481
0.120323
0.120165
0.120009
0.119853
0.119699
0.119545
0.119393
0.119241
0.119091
0.118942
0.118793
0.118646
0.118499
0.118354
0.118209
0.118066
0.117923
0.117781
0.117641
0.117501
0.117362
0.117224
0.117087
0.116950
0.116815
0.116681
0.116547
0.116414
0.116282
0.116151
0.116021
0.115892
0.115763
0.115636
0.115509
0.115383
0.115258
0.115134
0.115010
0.114887
0.114765
0.114644
0.114524
0.114404
0.114285
0.114167
0.114050
0.113933
0.113818
0.113703
0.113588
0.113475
0.113362
0.113250
0.113138
0.113027
0.112917
0.112808
0.112699
0.112592
0.112484
0.112378
0.112272
0.112167
0.112062
0.111958
0.111855
0.111753
0.111651
0.111549
0.111449
0.111349
0.111250
0.111151
0.111053
0.110955
0.110858
0.110762
0.110667
0.110572
0.110477
0.110383
0.110290
0.110197
0.110105
0.110014
0.109923
0.109833
0.109743
0.109654
0.109565
0.109477
0.109389
0.109302
0.109216
0.109130
0.109045
0.108960
0.108875
0.108792
0.108708
0.108626
0.108543
0.108462
0.108381
0.108300
0.108220
0.108140
0.108061
0.107982
0.107904
0.107826
0.107749
0.107672
0.107596
0.107520
0.107445
0.107370
0.107295
0.107221
0.107148
0.107075
0.107002
0.106930
0.106859
0.106787
0.106716
0.106646
0.106576
0.106507
0.106438
0.106369
0.106301
0.106233
0.106166
0.106099
0.106032
0.105966
0.105900
0.105835
0.105770
0.105705
0.105641
0.105577
0.105514
0.105451
0.105389
0.105326
0.105265
0.105203
0.105142
0.105081
0.105021
0.104961
0.104902
0.104842
0.104784
0.104725
0.104667
0.104609
0.104552
0.104495
0.104438
0.104382
0.104326
0.104270
0.104215
0.104160
0.104105
0.104051
0.103997
0.103943
0.103890
0.103837
0.103784
0.103732
0.103680
0.103628
0.103576
0.103525
0.103474
0.103424
0.103374
0.103324
0.103274
0.103225
0.103176
0.103128
0.103079
0.103031
0.102983
0.102936
0.102889
0.102842
0.102795
0.102749
0.102703
0.102657
0.102611
0.102566
0.102521
0.102477
0.102432
0.102388
0.102344
0.102300
0.102257
0.102214
0.102171
0.102129
0.102086
0.102044
0.102003
0.101961
0.101920
0.101879
0.101838
0.101797
0.101757
0.101717
0.101677
0.101638
0.101598
0.101559
0.101521
0.101482
0.101444
0.101405
0.101368
0.101330
0.101292
0.101255
0.101218
0.101181
0.101145
0.101109
0.101072
0.101037
0.101001
0.100965
0.100930
0.100895
0.100860
0.100826
0.100791
0.100757
0.100723
0.100689
0.100656
0.100623
0.100589
0.100556
0.100524
0.100491
0.100459
0.100427
0.100395
0.100363
0.100331
0.100300
0.100269
0.100238
0.100207
0.100176
0.100146
0.100116
0.100085
0.100056
0.100026
0.099996
0.099967
0.099938
0.099909
0.099880
0.099851
0.099823
0.099794
0.099766
0.099738
0.099711
0.099683
0.099656
0.099628
0.099601
0.099574
0.099547
0.099521
0.099494
0.099468
0.099442
0.099416
0.099390
0.099364
0.099339
0.099314
0.099288
0.099263
0.099238
0.099214
0.099189
0.099165
0.099140
0.099116
0.099092
0.099068
0.099045
0.099021
0.098998
0.098974
0.098951
0.098928
0.098905
0.098883
0.098860
0.098838
0.098816
0.098793
0.098771
0.098749
0.098728
0.098706
0.098685
0.098663
0.098642
0.098621
0.098600
0.098579
0.098558
0.098538
0.098517
0.098497
0.098477
0.098457
0.098437
0.098417
0.098397
0.098378
0.098358
0.098339
0.098320
0.098301
0.098282
0.098263
0.098244
0.098225
0.098207
0.098188
0.098170
0.098152
0.098134
0.098116
0.098098
0.098080
0.098063
0.098045
0.098028
0.098011
0.097993
0.097976
0.097959
0.097943
0.097926
0.097909
0.097892
0.097876
0.097860
0.097843
0.097827
0.097811
0.097795
0.097779
0.097764
0.097748
0.097732
0.097717
0.097702
0.097686
0.097671
0.097656
0.097641
0.097626
0.097612
0.097597
0.097582
0.097568
0.097553
0.097539
0.097525
0.097511
0.097497
0.097483
0.097469
0.097455
0.097441
0.097428
0.097414
0.097401
0.097387
0.097374
0.097361
0.097348
0.097335
0.097322
0.097309
0.097296
0.097283
0.097271
0.097258
0.097246
0.097233
0.097221
0.097209
0.097197
0.097185
0.097173
0.097161
0.097149
0.097137
0.097126
0.097114
0.097102
0.097091
0.097080
0.097068
0.097057
0.097046
0.097035
0.097024
0.097013
0.097002
0.096991
0.096980
0.096970
0.096959
0.096949
0.096938
0.096928
0.096918
0.096907
0.096897
0.096887
0.096877
0.096867
0.096857
0.096967
0.097399
0.098388
0.100445
0.105274
0.403835
0.423804
0.421343
0.462192
0.531960
0.649702
0.803862
0.947073
1.061460
1.146310
1.206540
1.248040
1.276340
1.296120
1.310680
1.321680
1.329400
1.333530
1.334230
1.332440
1.329290
1.325630
1.321870
1.318140
1.314450
1.310750
1.307010
1.303180
1.299260
1.295230
1.291090
1.286840
1.282470
1.278000
1.273430
1.268750
1.263960
1.259090
1.254120
1.249060
1.243910
1.238680
1.233380
1.228000
1.222550
1.217040
1.211460
1.205820
1.200130
1.194380
1.188590
1.182740
1.176850
1.170920
1.164950
1.158940
1.152900
1.146830
1.140720
1.134580
1.128420
1.122240
1.116030
1.109800
1.103550
1.097290
1.091010
1.084710
1.078400
1.072090
1.065760
1.059420
1.053080
1.046730
1.040380
1.034030
1.027670
1.021310
1.014960
1.008600
1.002250
0.995906
0.989564
0.983227
0.976898
0.970576
0.964263
0.957960
0.951667
0.945386
0.939116
0.932860
0.926618
0.920390
0.914177
0.907980
0.901800
0.895637
0.889492
0.883366
0.877260
0.871173
0.865107
0.859062
0.853039
0.847038
0.841060
0.835106
0.829175
0.823269
0.817388
0.811532
0.805702
0.799899
0.794123
0.788374
0.782652
0.776959
0.771294
0.765659
0.760052
0.754475
0.748928
0.743412
0.737926
0.732472
0.727049
0.721657
0.716297
0.710970
0.705675
0.700413
0.695183
0.689987
0.684825
0.679696
0.674601
0.669540
0.664513
0.659521
0.654563
0.649640
0.644751
0.639898
0.635080
0.630297
0.625549
0.620836
0.616159
0.611518
0.606912
0.602341
0.597806
0.593307
0.588844
0.584416
0.580024
0.575667
0.571347
0.567061
0.562812
0.558598
0.554420
0.550276
0.546169
0.542096
0.538059
0.534057
0.530090
0.526158
0.522261
0.518398
0.514570
0.510777
0.507018
0.503292
0.499601
0.495944
0.492321
0.488731
0.485174
0.481651
0.478161
0.474703
0.471278
0.467886
0.464526
0.461198
0.457901
0.454637
0.451404
0.448202
0.445031
0.441891
0.438781
0.435702
0.432653
0.429634
0.426645
0.423685
0.420754
0.417853
0.414980
0.412135
0.409319
0.406531
0.403770
0.401038
0.398332
0.395653
0.393002
0.390377
0.387778
0.385205
0.382658
0.380137
0.377641
0.375170
0.372725
0.370303
0.367907
0.365534
0.363185
0.360860
0.358558
0.356280
0.354024
0.351791
0.349581
0.347393
0.345227
0.343083
0.340960
0.338858
0.336778
0.334719
0.332680
0.330662
0.328664
0.326685
0.324727
0.322788
0.320869
0.318968
0.317087
0.315224
0.313380
0.311554
0.309746
0.307957
0.306184
0.304430
0.302692
0.300972
0.299268
0.297582
0.295911
0.294257
0.292620
0.290998
0.289392
0.287802
0.286227
0.284667
0.283123
0.281593
0.280078
0.278578
0.277092
0.275620
0.274162
0.272719
0.271289
0.269872
0.268469
0.267080
0.265703
0.264340
0.262989
0.261652
0.260326
0.259013
0.257713
0.256424
0.255148
0.253883
0.252630
0.251389
0.250160
0.248941
0.247734
0.246538
0.245353
0.244179
0.243015
0.241862
0.240720
0.239588
0.238466
0.237355
0.236253
0.235162
0.234080
0.233008
0.231946
0.230893
0.229850
0.228816
0.227791
0.226776
0.225769
0.224771
0.223782
0.222802
0.221831
0.220868
0.219914
0.218968
0.218030
0.217101
0.216180
0.215266
0.214361
0.213464
0.212574
0.211692
0.210818
0.209952
0.209092
0.208241
0.207396
0.206559
0.205730
0.204907
0.204091
0.203283
0.202481
0.201686
0.200898
0.200117
0.199342
0.198574
0.197812
0.197057
0.196309
0.195566
0.194830
0.194100
0.193376
0.192659
0.191947
0.191242
0.190542
0.189848
0.189160
0.188478
0.187801
0.187130
0.186465
0.185805
0.185150
0.184502
0.183858
0.183220
0.182587
0.181959
0.181337
0.180719
0.180107
0.179499
0.178897
0.178300
0.177707
0.177119
0.176536
0.175958
0.175385
0.174816
0.174252
0.173692
0.173137
0.172587
0.172041
0.171499
0.170962
0.170429
0.169900
0.169375
0.168855
0.168339
0.167827
0.167319
0.166815
0.166315
0.165819
0.165328
0.164839
0.164355
0.163875
0.163398
0.162926
0.162457
0.161991
0.161530
0.161072
0.160617
0.160166
0.159719
0.159275
0.158834
0.158397
0.157964
0.157534
0.157107
0.156683
0.156263
0.155846
0.155432
0.155021
0.154614
0.154210
0.153808
0.153410
0.153015
0.152623
0.152234
0.151848
0.151465
0.151084
0.150707
0.150332
0.149961
0.149592
0.149226
0.148863
0.148502
0.148144
0.147789
0.147437
0.147087
0.146739
0.146395
0.146053
0.145713
0.145376
0.145042
0.144710
0.144381
0.144053
0.143729
0.143407
0.143087
0.142769
0.142454
0.142141
0.141831
0.141523
0.141217
0.140913
0.140612
0.140312
0.140015
0.139720
0.139427
0.139137
0.138848
0.138562
0.138277
0.137995
0.137715
0.137436
0.137160
0.136886
0.136614
0.136343
0.136075
0.135809
0.135544
0.135281
0.135021
0.134762
0.134505
0.134249
0.133996
0.133744
0.133495
0.133246
0.133000
0.132756
0.132513
0.132272
0.132032
0.131795
0.131559
0.131324
0.131091
0.130860
0.130631
0.130403
0.130177
0.129952
0.129729
0.129507
0.129287
0.129069
0.128852
0.128636
0.128422
0.128210
0.127999
0.127789
0.127581
0.127374
0.127169
0.126965
0.126763
0.126561
0.126362
0.126163
0.125966
0.125771
0.125577
0.125384
0.125192
0.125002
0.124813
0.124625
0.124438
0.124253
0.124069
0.123887
0.123705
0.123525
0.123346
0.123168
0.122991
0.122816
0.122642
0.122469
0.122297
0.122126
0.121956
0.121788
0.121621
0.121454
0.121289
0.121125
0.120962
0.120801
0.120640
0.120480
0.120322
0.120164
0.120008
0.119852
0.119698
0.119544
0.119392
0.119241
0.119090
0.118941
0.118792
0.118645
0.118498
0.118353
0.118208
0.118065
0.117922
0.117781
0.117640
0.117500
0.117361
0.117223
0.117086
0.116950
0.116814
0.116680
0.116546
0.116414
0.116282
0.116151
0.116021
0.115891
0.115763
0.115635
0.115508
0.115382
0.115257
0.115133
0.115009
0.114887
0.114765
0.114644
0.114523
0.114404
0.114285
0.114167
0.114049
0.113933
0.113817
0.113702
0.113588
0.113474
0.113361
0.113249
0.113138
0.113027
0.112917
0.112808
0.112699
0.112591
0.112484
0.112377
0.112271
0.112166
0.112062
0.111958
0.111855
0.111752
0.111650
0.111549
0.111448
0.111348
0.111249
0.111150
0.111052
0.110955
0.110858
0.110762
0.110666
0.110571
0.110477
0.110383
0.110290
0.110197
0.110105
0.110013
0.109923
0.109832
0.109742
0.109653
0.109565
0.109476
0.109389
0.109302
0.109215
0.109130
0.109044
0.108959
0.108875
0.108791
0.108708
0.108625
0.108543
0.108461
0.108380
0.108300
0.108219
0.108140
0.108060
0.107982
0.107904
0.107826
0.107749
0.107672
0.107596
0.107520
0.107444
0.107369
0.107295
0.107221
0.107148
0.107075
0.107002
0.106930
0.106858
0.106787
0.106716
0.106646
0.106576
0.106506
0.106437
0.106369
0.106300
0.106233
0.106165
0.106098
0.106032
0.105966
0.105900
0.105835
0.105770
0.105705
0.105641
0.105577
0.105514
0.105451
0.105388
0.105326
0.105264
0.105203
0.105142
0.105081
0.105021
0.104961
0.104901
0.104842
0.104783
0.104725
0.104667
0.104609
0.104552
0.104495
0.104438
0.104381
0.104325
0.104270
0.104214
0.104159
0.104105
0.104050
0.103996
0.103943
0.103889
0.103836
0.103784
0.103731
0.103679
0.103628
0.103576
0.103525
0.103474
0.103424
0.103374
0.103324
0.103274
0.103225
0.103176
0.103127
0.103079
0.103031
0.102983
0.102936
0.102888
0.102842
0.102795
0.102749
0.102703
0.102657
0.102611
0.102566
0.102521
0.102476
0.102432
0.102388
0.102344
0.102300
0.102257
0.102214
0.102171
0.102129
0.102086
0.102044
0.102002
0.101961
0.101920
0.101879
0.101838
0.101797
0.101757
0.101717
0.101677
0.101638
0.101598
0.101559
0.101520
0.101482
0.101443
0.101405
0.101367
0.101330
0.101292
0.101255
0.101218
0.101181
0.101145
0.101108
0.101072
0.101036
0.101001
0.100965
0.100930
0.100895
0.100860
0.100826
0.100791
0.100757
0.100723
0.100689
0.100656
0.100622
0.100589
0.100556
0.100524
0.100491
0.100459
0.100427
0.100395
0.100363
0.100331
0.100300
0.100269
0.100238
0.100207
0.100176
0.100146
0.100115
0.100085
0.100055
0.100026
0.099996
0.099967
0.099938
0.099909
0.099880
0.099851
0.099823
0.099794
0.099766
0.099738
0.099711
0.099683
0.099656
0.099628
0.099601
0.099574
0.099547
0.099521
0.099494
0.099468
0.099442
0.099416
0.099390
0.099364
0.099339
0.099314
0.099288
0.099263
0.099238
0.099214
0.099189
0.099165
0.099140
0.099116
0.099092
0.099068
0.099045
0.099021
0.098998
0.098974
0.098951
0.098928
0.098905
0.098883
0.098860
0.098838
0.098816
0.098793
0.098771
0.098749
0.098728
0.098706
0.098685
0.098663
0.098642
0.098621
0.098600
0.098579
0.098558
0.098538
0.098517
0.098497
0.098477
0.098457
0.098437
0.098417
0.098397
0.098378
0.098358
0.098339
0.098320
0.098301
0.098282
0.098263
0.098244
0.098225
0.098207
0.098188
0.098170
0.098152
0.098134
0.098116
0.098098
0.098081
0.098063
0.098045
0.098028
0.098011
0.097993
0.097976
0.097959
0.097943
0.097926
0.097909
0.097892
0.097876
0.097860
0.097843
0.097827
0.097811
0.097795
0.097779
0.097764
0.097748
0.097733
0.097717
0.097702
0.097686
0.097671
0.097656
0.097641
0.097626
0.097612
0.097597
0.097582
0.097568
0.097553
0.097539
0.097525
0.097511
0.097497
0.097483
0.097469
0.097455
0.097441
0.097428
0.097414
0.097401
0.097387
0.097374
0.097361
0.097348
0.097335
0.097322
0.097309
0.097296
0.097284
0.097271
0.097258
0.097246
0.097234
0.097221
0.097209
0.097197
0.097185
0.097173
0.097161
0.097149
0.097137
0.097126
0.097114
0.097102
0.097091
0.097080
0.097068
0.097057
0.097046
0.097035
0.097024
0.097013
0.097002
0.096991
0.096981
0.096970
0.096959
0.096949
0.096938
0.096928
0.096918
0.096907
0.096897
0.096887
0.096877
0.096867
0.096857
