1.202410
1.200440
1.198480
1.196520
1.194570
1.192640
1.190790
1.190330
1.192840
1.199050
1.210210
1.228640
1.259070
1.309410
1.389030
1.506120
1.665640
1.868520
2.112220
2.391920
2.701870
3.036270
3.389780
3.757580
4.135380
4.519340
4.906180
5.293240
5.678480
6.060420
6.438040
6.810630
7.177700
7.538910
7.894180
8.243350
8.586470
8.923600
9.254740
9.579950
9.899410
10.213100
10.521300
10.824000
11.121300
11.413200
11.700000
11.981700
12.258200
12.529900
12.796700
13.058700
13.315900
13.568400
13.816300
14.059700
14.298400
14.532800
14.762700
14.988200
15.209400
15.426300
15.639000
15.847400
16.051700
16.251900
16.448000
16.640000
16.827900
17.011800
17.191800
17.367900
17.540000
17.708400
17.872800
18.033600
18.190600
18.343800
18.493400
18.639300
18.781600
18.920300
19.055500
19.187200
19.315300
19.440000
19.561200
19.679000
19.793500
19.904700
20.012500
20.117000
20.218300
20.316400
20.411300
20.503000
20.591700
20.677200
20.759700
20.839100
20.915600
20.989100
21.059700
21.127300
21.192100
21.254100
21.313200
21.369600
21.423200
21.474000
21.522300
21.567800
21.610700
21.651000
21.688800
21.724000
21.756600
21.786900
21.814600
21.839900
21.862900
21.883500
21.901700
21.917700
21.931400
21.942800
21.952000
21.959000
21.963800
21.966600
21.967300
21.965800
21.962300
21.956800
21.949300
21.939900
21.928500
21.915200
21.900100
21.883000
21.864200
21.843500
21.821100
21.796900
21.771100
21.743500
21.714300
21.683400
21.651000
21.616900
21.581300
21.544100
21.505500
21.465400
21.423700
21.380700
21.336300
21.290500
21.243300
21.194800
21.145000
21.093900
21.041600
20.988000
20.933200
20.877200
20.820100
20.761800
20.702300
20.641900
20.580300
20.517600
20.454000
20.389300
20.323700
20.257000
20.189400
20.121000
20.051600
19.981300
19.910200
19.838200
19.765500
19.691900
19.617500
19.542400
19.466600
19.390000
19.312700
19.234800
19.156200
19.077000
18.997100
18.916600
18.835600
18.754000
18.671800
18.589100
18.505800
18.422100
18.337900
18.253300
18.168100
18.082600
17.996600
17.910300
17.823500
17.736400
17.648900
17.561200
17.473000
17.384600
17.295900
17.206900
17.117700
17.028200
16.938500
16.848600
16.758400
16.668100
16.577600
16.486900
16.396100
16.305200
16.214200
16.123000
16.031800
15.940600
15.849200
15.757700
15.666200
15.574700
15.483300
15.391800
15.300300
15.208800
15.117300
15.025900
14.934600
14.843400
14.752200
14.661100
14.570200
14.479300
14.388600
14.298000
14.207600
14.117300
14.027200
13.937300
13.847600
13.758000
13.668700
13.579700
13.490900
13.402300
13.313900
13.225900
13.138100
13.050600
12.963400
12.876500
12.790000
12.703700
12.617800
12.532200
12.446900
12.362000
12.277500
12.193400
12.109600
12.026300
11.943300
11.860800
11.778700
11.696900
11.615700
11.534900
11.454400
11.374500
11.295000
11.216000
11.137400
11.059400
10.981800
10.904700
10.828000
10.752000
10.676300
10.601200
10.526700
10.452600
10.379000
10.306000
10.233500
10.161600
10.090100
10.019300
9.948880
9.879110
9.809810
9.741120
9.672960
9.605400
9.538330
9.471850
9.405910
9.340560
9.275760
9.211500
9.147830
9.084710
9.022120
8.960070
8.898620
8.837770
8.777400
8.717630
8.658400
8.599710
8.541610
8.484050
8.427040
8.370560
8.314620
8.259220
8.204360
8.150100
8.096320
8.043070
7.990310
7.938140
7.886460
7.835310
7.784640
7.734510
7.684920
7.635810
7.587180
7.539090
7.491470
7.444280
7.397620
7.351450
7.305750
7.260530
7.215790
7.171470
7.127630
7.084270
7.041330
6.998800
6.956760
6.915140
6.873990
6.833200
6.792840
6.752950
6.713420
6.674370
6.635680
6.597350
6.559440
6.521950
6.484820
6.448100
6.411750
6.375750
6.340120
6.304900
6.269980
6.235430
6.201230
6.167390
6.133910
6.100730
6.067910
6.035450
6.003230
5.971400
5.939860
5.908640
5.877730
5.847130
5.816830
5.786820
5.757110
5.727690
5.698560
5.669710
5.641140
5.612850
5.584830
5.557080
5.529590
5.502360
5.475400
5.448690
5.422230
5.396020
5.370050
5.344330
5.318850
5.293600
5.268580
5.243800
5.219240
5.194910
5.170800
5.146900
5.123220
5.099760
5.076510
5.053460
5.030610
5.007970
4.985530
4.963290
4.941240
4.919380
4.897710
4.876230
4.854940
4.833820
4.812890
4.792140
4.771550
4.751150
4.730920
4.710850
4.690950
4.671220
4.651640
4.632230
4.612980
4.593890
4.574950
4.556160
4.537530
4.519040
4.500700
4.482520
4.464460
4.446560
4.428800
4.411170
4.393680
4.376330
4.359110
4.342020
4.325070
4.308240
4.291540
4.274970
4.258520
4.242200
4.225990
4.209910
4.193950
4.178110
4.162380
4.146760
4.131260
4.115880
4.100600
4.085440
4.070380
4.055430
4.040590
4.025850
4.011210
3.996680
3.982250
3.967920
3.953690
3.939560
3.925520
3.911580
3.897740
3.883990
3.870330
3.856770
3.843290
3.829910
3.816620
3.803410
3.790300
3.777260
3.764310
3.751460
3.738680
3.725980
3.713360
3.700840
3.688380
3.676010
3.663710
3.651500
3.639360
3.627290
3.615310
3.603400
3.591560
3.579790
3.568100
3.556480
3.544930
3.533450
3.522040
3.510700
3.499430
3.488230
3.477090
3.466010
3.455010
3.444070
3.433190
3.422380
3.411630
3.400950
3.390320
3.379760
3.369260
3.358820
3.348440
3.338110
3.327860
3.317650
3.307500
3.297410
3.287380
3.277400
3.267480
3.257610
3.247800
3.238040
3.228330
3.218680
3.209080
3.199540
3.190040
3.180600
3.171210
3.161870
3.152570
3.143330
3.134140
3.124990
3.115890
3.106840
3.097840
3.088890
3.079980
3.071120
3.062300
3.053530
3.044810
3.036120
3.027490
3.018890
3.010350
3.001840
2.993380
2.984960
2.976580
2.968240
2.959950
2.951690
2.943480
2.935310
2.927170
2.919080
2.911030
2.903020
2.895040
2.887110
2.879210
2.871350
2.863530
2.855750
2.848000
2.840290
2.832610
2.824980
2.817380
2.809810
2.802280
2.794780
2.787320
2.779900
2.772500
2.765150
2.757830
2.750540
2.743280
2.736060
2.728870
2.721710
2.714590
2.707490
2.700430
2.693410
2.686400
2.679440
2.672500
2.665600
2.658730
2.651880
2.645070
2.638290
2.631530
2.624810
2.618120
2.611450
2.604810
2.598210
2.591630
2.585070
2.578550
2.572060
2.565590
2.559150
2.552740
2.546350
2.539990
2.533660
2.527360
2.521080
2.514830
2.508600
2.502400
2.496230
2.490080
2.483950
2.477860
2.471780
2.465730
2.459710
2.453710
2.447740
2.441790
2.435860
2.429960
2.424090
2.418230
2.412390
2.406590
2.400810
2.395040
2.389310
2.383590
2.377900
2.372230
2.366580
2.360950
2.355350
2.349770
2.344210
2.338670
2.333150
2.327650
2.322180
2.316720
2.311290
2.305880
2.300490
2.295120
2.289770
2.284440
2.279140
2.273850
2.268580
2.263330
2.258100
2.252890
2.247700
2.242530
2.237380
2.232250
2.227130
2.222040
2.216970
2.211910
2.206870
2.201850
2.196850
2.191870
2.186910
2.181960
2.177030
2.172130
2.167230
2.162360
2.157500
2.152660
2.147840
2.143040
2.138250
2.133480
2.128730
2.123990
2.119270
2.114570
2.109890
2.105220
2.100560
2.095930
2.091310
2.086700
2.082120
2.077550
2.073000
2.068460
2.063930
2.059420
2.054930
2.050450
2.046000
2.041550
2.037110
2.032700
2.028300
2.023910
2.019550
2.015190
2.010850
2.006530
2.002220
1.997920
1.993640
1.989370
1.985120
1.980880
1.976650
1.972440
1.968250
1.964060
1.959900
1.955750
1.951610
1.947480
1.943370
1.939270
1.935180
1.931110
1.927050
1.923000
1.918970
1.914950
1.910950
1.906950
1.902980
1.899010
1.895050
1.891110
1.887190
1.883270
1.879370
1.875470
1.871600
1.867740
1.863880
1.860040
1.856210
1.852400
1.848590
1.844800
1.841020
1.837250
1.833500
1.829750
1.826020
1.822300
1.818590
1.814890
1.811210
1.807540
1.803870
1.800230
1.796580
1.792950
1.789340
1.785730
1.782140
1.778560
1.774990
1.771420
1.767870
1.764330
1.760810
1.757290
1.753790
1.750290
1.746800
1.743330
1.739870
1.736410
1.732970
1.729540
1.726120
1.722700
1.719300
1.715910
1.712530
1.709160
1.705800
1.702450
1.699110
1.695780
1.692460
1.689150
1.685850
1.682560
1.679280
1.676010
1.672750
1.669500
1.666260
1.663030
1.659800
1.656590
1.653390
1.650190
1.647010
1.643830
1.640670
1.637510
1.634360
1.631220
1.628100
1.624980
1.621870
1.618770
1.615680
1.612590
1.609510
1.606450
1.603390
1.600340
1.597310
1.594280
1.591250
1.588240
1.585240
1.582240
1.579260
1.576270
1.573310
1.570340
1.567390
1.564440
1.561510
1.558580
1.555660
1.552750
1.549850
1.546960
1.544070
1.541190
1.538320
1.535460
1.532610
1.529760
1.526920
1.524090
1.521270
1.518450
1.515650
1.512850
1.510060
1.507280
1.504500
1.501730
1.498980
1.496220
1.493480
1.490740
1.488010
1.485290
1.482580
1.479870
1.477170
1.474480
1.471790
1.469110
1.466440
1.463780
1.461130
1.458480
1.455840
1.453210
1.450580
1.447960
1.445350
1.442750
1.440150
1.437560
1.434970
1.432400
1.429830
1.427270
1.424720
1.422160
1.419620
1.417090
1.414560
1.412040
1.409530
1.407020
1.404520
1.402030
1.399540
1.397060
1.394580
1.392120
1.389660
1.387210
1.384760
1.382320
1.379880
1.377460
1.375040
1.372620
1.370210
1.367810
1.365410
1.363020
1.360640
1.358270
1.355890
1.353530
1.351170
1.348820
1.346470
1.344140
1.341800
1.339480
1.337150
1.334840
1.332530
1.330230
1.327930
1.325640
1.323360
1.321080
1.318800
1.316540
1.314280
1.312020
1.309770
1.307530
1.305290
1.303060
1.300840
1.298610
1.296400
1.294190
1.291990
1.289790
1.287600
1.285410
1.283230
1.281060
1.278890
1.276730
1.274570
1.272420
1.270270
1.268130
1.266000
1.263870
1.261740
1.259620
1.257500
1.255400
1.253290
1.251200
1.249100
1.247020
1.244930
1.242860
1.240790
1.238720
1.236660
1.234610
1.232550
1.230510
1.228470
1.226440
1.224410
1.222380
1.220370
1.218350
1.216340
1.214340
1.212340
1.210340
1.208350
1.206370
1.204390
1.202420
1.200450
1.198490
1.196530
1.194580
1.192650
1.190800
1.190340
1.192850
1.199060
1.210240
1.228680
1.259130
1.309500
1.389150
1.506290
1.665850
1.868750
2.112480
2.392220
2.702200
3.036630
3.390160
3.757980
4.135800
4.519790
4.906640
5.293710
5.678980
6.060960
6.438580
6.811160
7.178180
7.539450
7.894720
8.243890
8.587070
8.924200
9.255340
9.580550
9.900010
10.213800
10.521900
10.824600
11.121900
11.413900
11.700600
11.982300
12.259000
12.530600
12.797400
13.059400
13.316600
13.569100
13.817000
14.060400
14.299200
14.533500
14.763400
14.989000
15.210200
15.427200
15.639800
15.848300
16.052500
16.252700
16.448800
16.640800
16.828800
17.012700
17.192700
17.368800
17.541000
17.709300
17.873800
18.034600
18.191600
18.344800
18.494400
18.640400
18.782700
18.921400
19.056600
19.188200
19.316300
19.441000
19.562300
19.680100
19.794600
19.905700
20.013600
20.118100
20.219400
20.317500
20.412500
20.504200
20.592900
20.678400
20.760900
20.840300
20.916800
20.990300
21.060900
21.128500
21.193300
21.255300
21.314400
21.370800
21.424500
21.475300
21.523500
21.569100
21.612000
21.652300
21.690000
21.725200
21.757900
21.788200
21.815900
21.841200
21.864200
21.884800
21.903100
21.919000
21.932700
21.944100
21.953400
21.960400
21.965300
21.968000
21.968600
21.967200
21.963700
21.958200
21.950700
21.941300
21.929900
21.916600
21.901400
21.884400
21.865600
21.845000
21.822600
21.798400
21.772500
21.744900
21.715800
21.684900
21.652400
21.618400
21.582800
21.545600
21.506900
21.466800
21.425200
21.382200
21.337800
21.292000
21.244800
21.196300
21.146500
21.095400
21.043100
20.989500
20.934700
20.878700
20.821500
20.763300
20.703800
20.643400
20.581700
20.519100
20.455500
20.390800
20.325100
20.258500
20.190900
20.122500
20.053100
19.982800
19.911700
19.839700
19.767000
19.693400
19.619000
19.543900
19.468000
19.391500
19.314200
19.236300
19.157700
19.078400
18.998600
18.918100
18.837100
18.755500
18.673300
18.590500
18.507300
18.423600
18.339400
18.254700
18.169600
18.084000
17.998100
17.911700
17.825000
17.737800
17.650400
17.562600
17.474400
17.386000
17.297300
17.208300
17.119100
17.029600
16.939900
16.849900
16.759800
16.669500
16.579000
16.488400
16.397600
16.306700
16.215600
16.124500
16.033200
15.941900
15.850500
15.759100
15.667600
15.576100
15.484600
15.393100
15.301600
15.210100
15.118700
15.027300
14.936000
14.844700
14.753600
14.662500
14.571500
14.480600
14.389900
14.299300
14.208800
14.118600
14.028500
13.938600
13.848800
13.759400
13.670000
13.580900
13.492100
13.403500
13.315200
13.227100
13.139300
13.051800
12.964600
12.877700
12.791200
12.704900
12.618900
12.533300
12.448100
12.363200
12.278700
12.194600
12.110800
12.027400
11.944500
11.861900
11.779800
11.698100
11.616800
11.535900
11.455500
11.375600
11.296100
11.217100
11.138500
11.060400
10.982800
10.905700
10.829100
10.753000
10.677300
10.602200
10.527600
10.453500
10.380000
10.307000
10.234400
10.162500
10.091100
10.020200
9.949840
9.880010
9.810770
9.742020
9.673860
9.606300
9.539220
9.472740
9.406800
9.341400
9.276600
9.212340
9.148610
9.085490
9.022900
8.960910
8.899460
8.838550
8.778180
8.718410
8.659180
8.600480
8.542330
8.484770
8.427760
8.371280
8.315340
8.259940
8.205080
8.150760
8.096980
8.043730
7.991030
7.938800
7.887120
7.835970
7.785300
7.735170
7.685520
7.636410
7.587780
7.539690
7.492070
7.444880
7.398220
7.352040
7.306350
7.261130
7.216330
7.172010
7.128170
7.084810
7.041870
6.999340
6.957300
6.915680
6.874470
6.833680
6.793380
6.753430
6.713960
6.674850
6.636160
6.597830
6.559920
6.522430
6.485290
6.448580
6.412170
6.376170
6.340600
6.305320
6.270400
6.235850
6.201650
6.167810
6.134330
6.101150
6.068330
6.035810
6.003650
5.971770
5.940240
5.909010
5.878100
5.847490
5.817190
5.787180
5.757460
5.728040
5.698910
5.670050
5.641480
5.613180
5.585160
5.557400
5.529910
5.502680
5.475720
5.449000
5.422540
5.396320
5.370360
5.344630
5.319150
5.293900
5.268880
5.244090
5.219530
5.195200
5.171080
5.147190
5.123500
5.100040
5.076780
5.053730
5.030880
5.008240
4.985800
4.963550
4.941500
4.919640
4.897970
4.876490
4.855190
4.834070
4.813140
4.792380
4.771800
4.751390
4.731150
4.711090
4.691180
4.671440
4.651870
4.632460
4.613210
4.594110
4.575170
4.556390
4.537750
4.519260
4.500920
4.482730
4.464680
4.446770
4.429000
4.411380
4.393890
4.376530
4.359310
4.342220
4.325260
4.308440
4.291740
4.275170
4.258710
4.242390
4.226190
4.210100
4.194140
4.178290
4.162560
4.146950
4.131440
4.116060
4.100780
4.085610
4.070550
4.055600
4.040760
4.026020
4.011380
3.996850
3.982420
3.968080
3.953850
3.939720
3.925690
3.911740
3.897900
3.884150
3.870490
3.856920
3.843450
3.830070
3.816770
3.803570
3.790450
3.777410
3.764460
3.751600
3.738820
3.726130
3.713510
3.700980
3.688530
3.676150
3.663860
3.651640
3.639500
3.627440
3.615450
3.603540
3.591700
3.579930
3.568240
3.556620
3.545060
3.533580
3.522170
3.510830
3.499560
3.488350
3.477210
3.466140
3.455140
3.444190
3.433320
3.422510
3.411760
3.401070
3.390450
3.379880
3.369380
3.358940
3.348560
3.338230
3.327970
3.317760
3.307620
3.297530
3.287490
3.277520
3.267590
3.257720
3.247910
3.238150
3.228450
3.218790
3.209190
3.199650
3.190150
3.180710
3.171320
3.161970
3.152680
3.143440
3.134240
3.125090
3.115990
3.106950
3.097940
3.088990
3.080080
3.071220
3.062400
3.053630
3.044900
3.036230
3.027580
3.018990
3.010440
3.001940
2.993470
2.985050
2.976680
2.968340
2.960040
2.951790
2.943570
2.935400
2.927270
2.919170
2.911120
2.903110
2.895130
2.887200
2.879300
2.871440
2.863620
2.855830
2.848090
2.840370
2.832700
2.825060
2.817460
2.809900
2.802360
2.794870
2.787410
2.779980
2.772590
2.765230
2.757910
2.750620
2.743360
2.736140
2.728950
2.721790
2.714670
2.707570
2.700520
2.693480
2.686480
2.679520
2.672580
2.665680
2.658810
2.651960
2.645150
2.638370
2.631610
2.624880
2.618190
2.611520
2.604890
2.598280
2.591700
2.585150
2.578620
2.572130
2.565660
2.559220
2.552810
2.546420
2.540070
2.533740
2.527430
2.521150
2.514890
2.508670
2.502470
2.496300
2.490150
2.484030
2.477920
2.471850
2.465800
2.459780
2.453780
2.447800
2.441860
2.435930
2.430030
2.424150
2.418290
2.412460
2.406650
2.400870
2.395100
2.389370
2.383650
2.377960
2.372290
2.366640
2.361010
2.355410
2.349830
2.344270
2.338730
2.333210
2.327710
2.322240
2.316780
2.311350
2.305940
2.300550
2.295180
2.289830
2.284500
2.279190
2.273900
2.268640
2.263380
2.258160
2.252950
2.247760
2.242580
2.237430
2.232300
2.227190
2.222100
2.217020
2.211970
2.206930
2.201910
2.196910
2.191930
2.186960
2.182020
2.177090
2.172180
2.167290
2.162410
2.157560
2.152720
2.147900
2.143090
2.138300
2.133530
2.128780
2.124050
2.119330
2.114630
2.109940
2.105270
2.100620
2.095980
2.091360
2.086760
2.082170
2.077600
2.073040
2.068500
2.063980
2.059470
2.054980
2.050500
2.046040
2.041590
2.037170
2.032750
2.028350
2.023960
2.019600
2.015240
2.010900
2.006580
2.002260
1.997960
1.993690
1.989420
1.985160
1.980920
1.976700
1.972490
1.968290
1.964110
1.959940
1.955790
1.951650
1.947520
1.943410
1.939310
1.935230
1.931150
1.927090
1.923050
1.919010
1.915000
1.910990
1.907000
1.903020
1.899050
1.895100
1.891150
1.887230
1.883310
1.879410
1.875520
1.871640
1.867780
1.863920
1.860080
1.856250
1.852440
1.848630
1.844840
1.841060
1.837290
1.833540
1.829790
1.826060
1.822340
1.818630
1.814940
1.811250
1.807570
1.803910
1.800260
1.796620
1.793000
1.789380
1.785770
1.782180
1.778590
1.775020
1.771460
1.767910
1.764370
1.760850
1.757330
1.753820
1.750320
1.746840
1.743360
1.739900
1.736450
1.733000
1.729570
1.726150
1.722740
1.719340
1.715950
1.712570
1.709200
1.705840
1.702490
1.699150
1.695820
1.692500
1.689190
1.685890
1.682600
1.679320
1.676050
1.672780
1.669540
1.666290
1.663060
1.659840
1.656620
1.653420
1.650230
1.647040
1.643870
1.640690
1.637530
1.634390
1.631250
1.628120
1.625000
1.621890
1.618790
1.615700
1.612610
1.609540
1.606470
1.603420
1.600370
1.597330
1.594300
1.591280
1.588270
1.585260
1.582260
1.579280
1.576300
1.573330
1.570360
1.567410
1.564470
1.561530
1.558600
1.555690
1.552770
1.549870
1.546980
1.544090
1.541210
1.538340
1.535480
1.532630
1.529780
1.526940
1.524110
1.521290
1.518470
1.515670
1.512870
1.510080
1.507300
1.504520
1.501750
1.498990
1.496240
1.493500
1.490760
1.488030
1.485310
1.482600
1.479890
1.477190
1.474500
1.471820
1.469140
1.466470
1.463810
1.461150
1.458510
1.455860
1.453240
1.450610
1.447990
1.445380
1.442770
1.440180
1.437590
1.435000
1.432430
1.429860
1.427300
1.424740
1.422190
1.419650
1.417110
1.414590
1.412070
1.409560
1.407050
1.404550
1.402050
1.399570
1.397090
1.394610
1.392150
1.389680
1.387230
1.384790
1.382340
1.379910
1.377480
1.375060
1.372650
1.370240
1.367840
1.365440
1.363050
1.360670
1.358290
1.355920
1.353550
1.351200
1.348850
1.346500
1.344160
1.341830
1.339500
1.337180
1.334870
1.332550
1.330250
1.327950
1.325670
1.323380
1.321100
1.318830
1.316560
1.314300
1.312050
1.309800
1.307560
1.305320
1.303080
1.300860
1.298640
1.296420
1.294220
1.292010
1.289820
1.287620
1.285440
1.283260
1.281080
1.278920
1.276750
1.274590
1.272440
1.270290
1.268150
1.266020
1.263890
1.261760
1.259640
1.257530
1.255420
1.253320
1.251220
1.249130
1.247040
1.244960
1.242880
1.240810
1.238750
1.236680
1.234630
1.232580
1.230530
1.228490
1.226460
1.224430
1.222400
1.220380
1.218370
1.216360
1.214360
1.212360
1.210360
1.208380
1.206390
1.204410
1.202440
1.200470
1.198510
1.196550
1.194600
1.192680
1.190820
1.190360
1.192860
1.199080
1.210240
1.228690
1.259130
1.309490
1.389120
1.506250
1.665790
1.868690
2.112400
2.392130
2.702090
3.036500
3.390010
3.757820
4.135630
4.519590
4.906430
5.293480
5.678740
6.060660
6.438280
6.810870
7.177940
7.539150
7.894360
8.243590
8.586710
8.923840
9.254920
9.580190
9.899590
10.213400
10.521500
10.824200
11.121400
11.413400
11.700200
11.981800
12.258500
12.530100
12.796900
13.058900
13.316000
13.568600
13.816500
14.059800
14.298600
14.532900
14.762800
14.988400
15.209600
15.426500
15.639100
15.847600
16.051900
16.252000
16.448100
16.640100
16.828000
17.012000
17.191900
17.368000
17.540100
17.708500
17.873000
18.033700
18.190700
18.343900
18.493500
18.639400
18.781700
18.920500
19.055600
19.187300
19.315400
19.440100
19.561300
19.679100
19.793600
19.904700
20.012500
20.117100
20.218400
20.316500
20.411400
20.503100
20.591700
20.677300
20.759800
20.839200
20.915700
20.989200
21.059700
21.127400
21.192200
21.254100
21.313300
21.369700
21.423300
21.474100
21.522300
21.567800
21.610800
21.651100
21.688800
21.724000
21.756700
21.786900
21.814700
21.839900
21.862900
21.883500
21.901700
21.917700
21.931300
21.942800
21.952000
21.959000
21.963800
21.966600
21.967300
21.965800
21.962300
21.956800
21.949300
21.939800
21.928400
21.915200
21.900000
21.883000
21.864100
21.843500
21.821100
21.796900
21.771100
21.743500
21.714300
21.683400
21.650900
21.616900
21.581300
21.544100
21.505400
21.465300
21.423700
21.380700
21.336200
21.290500
21.243300
21.194800
21.145000
21.093900
21.041500
20.988000
20.933200
20.877200
20.820000
20.761700
20.702300
20.641800
20.580200
20.517600
20.453900
20.389200
20.323500
20.256900
20.189400
20.120900
20.051500
19.981300
19.910100
19.838200
19.765400
19.691800
19.617500
19.542400
19.466500
19.389900
19.312700
19.234700
19.156100
19.076900
18.997000
18.916600
18.835500
18.753900
18.671700
18.589000
18.505800
18.422000
18.337800
18.253100
18.168000
18.082500
17.996500
17.910100
17.823400
17.736300
17.648800
17.561000
17.472900
17.384500
17.295800
17.206800
17.117600
17.028100
16.938400
16.848400
16.758300
16.668000
16.577500
16.486900
16.396100
16.305200
16.214100
16.123000
16.031800
15.940400
15.849000
15.757600
15.666200
15.574700
15.483200
15.391600
15.300200
15.208700
15.117300
15.025900
14.934600
14.843300
14.752100
14.661000
14.570100
14.479200
14.388500
14.297900
14.207500
14.117200
14.027100
13.937200
13.847500
13.758000
13.668700
13.579600
13.490800
13.402200
13.313900
13.225800
13.138000
13.050500
12.963300
12.876400
12.789800
12.703600
12.617600
12.532100
12.446800
12.362000
12.277500
12.193300
12.109600
12.026200
11.943300
11.860700
11.778600
11.696900
11.615600
11.534700
11.454400
11.374400
11.294900
11.215900
11.137400
11.059300
10.981700
10.904600
10.828000
10.751800
10.676300
10.601200
10.526600
10.452500
10.379000
10.306000
10.233400
10.161500
10.090000
10.019200
9.948820
9.879050
9.809750
9.741060
9.672900
9.605340
9.538270
9.471790
9.405850
9.340500
9.275700
9.211440
9.147770
9.084650
9.022060
8.960010
8.898560
8.837710
8.777340
8.717570
8.658340
8.599710
8.541550
8.483990
8.426980
8.370500
8.314560
8.259160
8.204360
8.150040
8.096260
8.043010
7.990310
7.938080
7.886400
7.835250
7.784640
7.734510
7.684860
7.635750
7.587180
7.539030
7.491410
7.444280
7.397620
7.351450
7.305750
7.260530
7.215730
7.171470
7.127630
7.084210
7.041270
6.998800
6.956760
6.915140
6.873930
6.833200
6.792840
6.752950
6.713420
6.674310
6.635620
6.597350
6.559440
6.521950
6.484820
6.448100
6.411750
6.375750
6.340120
6.304840
6.269980
6.235430
6.201230
6.167390
6.133910
6.100730
6.067910
6.035390
6.003230
5.971370
5.939840
5.908620
5.877710
5.847100
5.816800
5.786800
5.757090
5.727670
5.698540
5.669690
5.641120
5.612820
5.584810
5.557050
5.529560
5.502340
5.475370
5.448660
5.422200
5.395990
5.370030
5.344310
5.318820
5.293580
5.268560
5.243780
5.219220
5.194890
5.170780
5.146880
5.123210
5.099740
5.076480
5.053440
5.030600
5.007960
4.985510
4.963270
4.941220
4.919360
4.897700
4.876210
4.854920
4.833800
4.812870
4.792120
4.771540
4.751130
4.730900
4.710830
4.690930
4.671200
4.651630
4.632210
4.612970
4.593870
4.574930
4.556150
4.537510
4.519030
4.500690
4.482500
4.464450
4.446550
4.428780
4.411160
4.393670
4.376320
4.359100
4.342010
4.325060
4.308230
4.291530
4.274960
4.258510
4.242180
4.225980
4.209900
4.193940
4.178090
4.162370
4.146750
4.131250
4.115870
4.100590
4.085420
4.070370
4.055420
4.040580
4.025840
4.011200
3.996670
3.982240
3.967910
3.953680
3.939550
3.925510
3.911580
3.897730
3.883980
3.870320
3.856760
3.843290
3.829900
3.816610
3.803410
3.790280
3.777250
3.764310
3.751440
3.738670
3.725970
3.713360
3.700820
3.688370
3.676000
3.663710
3.651490
3.639350
3.627290
3.615300
3.603390
3.591550
3.579790
3.568090
3.556470
3.544920
3.533440
3.522040
3.510690
3.499420
3.488210
3.477080
3.466010
3.455000
3.444060
3.433190
3.422380
3.411630
3.400940
3.390320
3.379760
3.369250
3.358810
3.348430
3.338110
3.327850
3.317640
3.307490
3.297410
3.287370
3.277400
3.267470
3.257600
3.247790
3.238040
3.228330
3.218680
3.209080
3.199530
3.190040
3.180590
3.171200
3.161860
3.152560
3.143320
3.134130
3.124980
3.115890
3.106840
3.097840
3.088880
3.079980
3.071110
3.062300
3.053520
3.044800
3.036120
3.027480
3.018890
3.010340
3.001840
2.993370
2.984950
2.976570
2.968240
2.959940
2.951690
2.943480
2.935300
2.927170
2.919080
2.911030
2.903010
2.895040
2.887100
2.879210
2.871340
2.863520
2.855740
2.847990
2.840280
2.832610
2.824970
2.817370
2.809810
2.802280
2.794780
2.787320
2.779900
2.772500
2.765140
2.757830
2.750530
2.743280
2.736050
2.728860
2.721700
2.714580
2.707490
2.700430
2.693400
2.686400
2.679430
2.672500
2.665600
2.658720
2.651880
2.645070
2.638280
2.631530
2.624810
2.618110
2.611440
2.604810
2.598200
2.591620
2.585070
2.578550
2.572050
2.565590
2.559150
2.552730
2.546350
2.539990
2.533660
2.527360
2.521080
2.514830
2.508600
2.502400
2.496230
2.490070
2.483950
2.477860
2.471780
2.465730
2.459710
2.453710
2.447740
2.441790
2.435860
2.429960
2.424080
2.418230
2.412390
2.406590
2.400810
2.395040
2.389310
2.383590
2.377900
2.372230
2.366580
2.360950
2.355350
2.349770
2.344200
2.338670
2.333150
2.327650
2.322180
2.316720
2.311290
2.305880
2.300490
2.295120
2.289770
2.284440
2.279140
2.273850
2.268580
2.263320
2.258100
2.252890
2.247700
2.242530
2.237380
2.232250
2.227130
2.222040
2.216970
2.211910
2.206870
2.201850
2.196850
2.191870
2.186910
2.181960
2.177030
2.172120
2.167230
2.162360
2.157500
2.152660
2.147840
2.143040
2.138250
2.133480
2.128730
2.123990
2.119270
2.114570
2.109890
2.105220
2.100560
2.095930
2.091310
2.086700
2.082120
2.077550
2.073000
2.068460
2.063930
2.059420
2.054930
2.050450
2.045990
2.041550
2.037110
2.032700
2.028300
2.023910
2.019550
2.015190
2.010850
2.006530
2.002220
1.997920
1.993640
1.989370
1.985120
1.980880
1.976650
1.972440
1.968250
1.964060
1.959900
1.955750
1.951610
1.947480
1.943370
1.939260
1.935180
1.931110
1.927050
1.923000
1.918970
1.914950
1.910950
1.906950
1.902980
1.899010
1.895050
1.891110
1.887180
1.883270
1.879370
1.875470
1.871600
1.867740
1.863880
1.860040
1.856210
1.852400
1.848590
1.844800
1.841010
1.837240
1.833480
1.829740
1.826010
1.822290
1.818580
1.814880
1.811200
1.807530
1.803860
1.800210
1.796570
1.792940
1.789330
1.785720
1.782130
1.778550
1.774970
1.771410
1.767860
1.764320
1.760790
1.757280
1.753770
1.750280
1.746790
1.743320
1.739860
1.736400
1.732960
1.729530
1.726110
1.722690
1.719290
1.715900
1.712520
1.709150
1.705790
1.702440
1.699100
1.695770
1.692450
1.689140
1.685840
1.682550
1.679270
1.676000
1.672740
1.669490
1.666240
1.663020
1.659790
1.656580
1.653380
1.650180
1.647000
1.643820
1.640660
1.637500
1.634350
1.631210
1.628090
1.624970
1.621860
1.618760
1.615660
1.612580
1.609500
1.606440
1.603380
1.600330
1.597300
1.594270
1.591240
1.588230
1.585230
1.582230
1.579250
1.576260
1.573290
1.570330
1.567380
1.564440
1.561500
1.558570
1.555660
1.552740
1.549840
1.546950
1.544060
1.541180
1.538310
1.535450
1.532600
1.529750
1.526910
1.524080
1.521260
1.518440
1.515640
1.512840
1.510050
1.507270
1.504490
1.501720
1.498970
1.496210
1.493470
1.490730
1.488000
1.485280
1.482570
1.479860
1.477160
1.474470
1.471790
1.469110
1.466440
1.463780
1.461120
1.458480
1.455840
1.453210
1.450580
1.447960
1.445350
1.442750
1.440150
1.437560
1.434970
1.432400
1.429830
1.427270
1.424720
1.422160
1.419620
1.417090
1.414560
1.412040
1.409530
1.407020
1.404520
1.402030
1.399540
1.397060
1.394580
1.392120
1.389660
1.387210
1.384760
1.382320
1.379880
1.377460
1.375040
1.372620
1.370210
1.367810
1.365410
1.363020
1.360640
1.358270
1.355890
1.353530
1.351170
1.348820
1.346470
1.344140
1.341800
1.339480
1.337150
1.334840
1.332530
1.330230
1.327930
1.325640
1.323360
1.321080
1.318800
1.316540
1.314280
1.312020
1.309770
1.307530
1.305290
1.303060
1.300840
1.298610
1.296400
1.294190
1.291990
1.289790
1.287600
1.285410
1.283230
1.281060
1.278890
1.276730
1.274570
1.272420
1.270270
1.268130
1.266000
1.263870
1.261740
1.259620
1.257500
1.255400
1.253290
1.251200
1.249100
1.247020
1.244930
1.242860
1.240790
1.238720
1.236660
1.234610
1.232550
1.230510
1.228470
1.226440
1.224410
1.222380
1.220370
1.218350
1.216340
1.214340
1.212340
1.210340
1.208350
1.206370
1.204390
1.202420
