0.090438
0.090547
0.090979
0.091986
0.094133
0.099625
0.405523
0.387475
0.385601
0.423053
0.485412
0.590767
0.731294
0.865409
0.976458
1.062680
1.127290
1.174380
1.207900
1.231530
1.248420
1.260850
1.270050
1.276260
1.279240
1.278990
1.276100
1.271540
1.266140
1.260420
1.254610
1.248780
1.242950
1.237080
1.231170
1.225180
1.219130
1.212990
1.206780
1.200490
1.194120
1.187690
1.181180
1.174620
1.167990
1.161300
1.154560
1.147770
1.140930
1.134050
1.127130
1.120170
1.113180
1.106170
1.099130
1.092070
1.084980
1.077890
1.070780
1.063650
1.056520
1.049390
1.042250
1.035100
1.027960
1.020820
1.013690
1.006560
0.999434
0.992321
0.985219
0.978129
0.971053
0.963992
0.956948
0.949921
0.942913
0.935926
0.928960
0.922016
0.915095
0.908199
0.901328
0.894484
0.887666
0.880877
0.874116
0.867386
0.860685
0.854016
0.847378
0.840773
0.834200
0.827662
0.821157
0.814688
0.808253
0.801855
0.795493
0.789168
0.782880
0.776629
0.770417
0.764243
0.758108
0.752012
0.745956
0.739940
0.733963
0.728028
0.722133
0.716279
0.710466
0.704694
0.698965
0.693277
0.687631
0.682027
0.676466
0.670947
0.665471
0.660038
0.654647
0.649300
0.643995
0.638734
0.633515
0.628340
0.623208
0.618120
0.613074
0.608072
0.603113
0.598197
0.593324
0.588494
0.583708
0.578964
0.574263
0.569605
0.564990
0.560417
0.555886
0.551398
0.546953
0.542549
0.538187
0.533867
0.529588
0.525351
0.521154
0.516999
0.512885
0.508811
0.504778
0.500785
0.496831
0.492918
0.489044
0.485209
0.481413
0.477655
0.473937
0.470256
0.466613
0.463008
0.459440
0.455910
0.452416
0.448958
0.445537
0.442152
0.438802
0.435488
0.432209
0.428965
0.425755
0.422579
0.419437
0.416328
0.413253
0.410211
0.407201
0.404223
0.401278
0.398364
0.395482
0.392630
0.389809
0.387019
0.384259
0.381529
0.378828
0.376156
0.373513
0.370899
0.368313
0.365754
0.363224
0.360721
0.358245
0.355795
0.353372
0.350976
0.348605
0.346260
0.343939
0.341644
0.339374
0.337128
0.334906
0.332708
0.330534
0.328383
0.326255
0.324149
0.322067
0.320006
0.317967
0.315951
0.313955
0.311981
0.310027
0.308095
0.306183
0.304291
0.302418
0.300566
0.298733
0.296920
0.295125
0.293349
0.291592
0.289853
0.288132
0.286429
0.284743
0.283075
0.281425
0.279791
0.278174
0.276574
0.274991
0.273423
0.271872
0.270336
0.268816
0.267311
0.265822
0.264348
0.262889
0.261444
0.260014
0.258599
0.257197
0.255810
0.254436
0.253077
0.251731
0.250398
0.249078
0.247772
0.246478
0.245197
0.243929
0.242673
0.241430
0.240198
0.238979
0.237772
0.236576
0.235392
0.234219
0.233058
0.231908
0.230769
0.229641
0.228524
0.227418
0.226322
0.225237
0.224162
0.223097
0.222043
0.220998
0.219963
0.218938
0.217923
0.216917
0.215921
0.214934
0.213956
0.212988
0.212028
0.211078
0.210136
0.209203
0.208279
0.207363
0.206456
0.205557
0.204666
0.203783
0.202909
0.202042
0.201184
0.200333
0.199490
0.198655
0.197827
0.197007
0.196194
0.195388
0.194590
0.193799
0.193015
0.192238
0.191468
0.190705
0.189948
0.189199
0.188456
0.187719
0.186989
0.186266
0.185549
0.184838
0.184133
0.183435
0.182743
0.182056
0.181376
0.180702
0.180033
0.179371
0.178714
0.178063
0.177417
0.176777
0.176142
0.175513
0.174890
0.174271
0.173658
0.173050
0.172447
0.171850
0.171257
0.170670
0.170087
0.169510
0.168937
0.168369
0.167806
0.167247
0.166693
0.166144
0.165599
0.165059
0.164524
0.163993
0.163466
0.162943
0.162425
0.161911
0.161402
0.160896
0.160395
0.159898
0.159404
0.158915
0.158430
0.157949
0.157472
0.156998
0.156528
0.156063
0.155600
0.155142
0.154687
0.154236
0.153789
0.153345
0.152904
0.152468
0.152034
0.151604
0.151178
0.150754
0.150335
0.149918
0.149505
0.149095
0.148688
0.148284
0.147884
0.147486
0.147092
0.146701
0.146313
0.145928
0.145545
0.145166
0.144790
0.144416
0.144046
0.143678
0.143313
0.142951
0.142592
0.142235
0.141881
0.141530
0.141182
0.140836
0.140493
0.140152
0.139814
0.139478
0.139145
0.138815
0.138487
0.138161
0.137838
0.137517
0.137199
0.136883
0.136569
0.136258
0.135949
0.135642
0.135338
0.135036
0.134736
0.134438
0.134142
0.133849
0.133558
0.133269
0.132982
0.132697
0.132414
0.132133
0.131854
0.131578
0.131303
0.131030
0.130759
0.130490
0.130224
0.129959
0.129696
0.129434
0.129175
0.128918
0.128662
0.128408
0.128156
0.127906
0.127658
0.127411
0.127166
0.126923
0.126681
0.126442
0.126204
0.125967
0.125733
0.125500
0.125268
0.125038
0.124810
0.124584
0.124359
0.124135
0.123913
0.123693
0.123474
0.123257
0.123041
0.122827
0.122614
0.122402
0.122193
0.121984
0.121777
0.121572
0.121367
0.121165
0.120963
0.120763
0.120565
0.120367
0.120171
0.119977
0.119783
0.119591
0.119401
0.119211
0.119023
0.118836
0.118651
0.118467
0.118284
0.118102
0.117921
0.117742
0.117564
0.117387
0.117211
0.117036
0.116863
0.116690
0.116519
0.116349
0.116180
0.116012
0.115846
0.115680
0.115516
0.115353
0.115190
0.115029
0.114869
0.114710
0.114552
0.114395
0.114239
0.114084
0.113930
0.113777
0.113625
0.113474
0.113324
0.113176
0.113028
0.112881
0.112735
0.112589
0.112445
0.112302
0.112160
0.112019
0.111878
0.111739
0.111600
0.111462
0.111325
0.111189
0.111054
0.110920
0.110787
0.110654
0.110523
0.110392
0.110262
0.110133
0.110005
0.109877
0.109751
0.109625
0.109500
0.109375
0.109252
0.109129
0.109007
0.108886
0.108766
0.108646
0.108528
0.108410
0.108292
0.108176
0.108060
0.107945
0.107831
0.107717
0.107604
0.107492
0.107380
0.107269
0.107159
0.107050
0.106941
0.106833
0.106726
0.106619
0.106513
0.106408
0.106303
0.106199
0.106096
0.105993
0.105891
0.105789
0.105688
0.105588
0.105489
0.105390
0.105291
0.105194
0.105097
0.105000
0.104904
0.104809
0.104714
0.104620
0.104526
0.104433
0.104341
0.104249
0.104158
0.104067
0.103977
0.103887
0.103798
0.103710
0.103622
0.103534
0.103447
0.103361
0.103275
0.103190
0.103105
0.103021
0.102937
0.102854
0.102771
0.102689
0.102607
0.102526
0.102445
0.102365
0.102285
0.102206
0.102127
0.102049
0.101971
0.101894
0.101817
0.101741
0.101665
0.101589
0.101514
0.101440
0.101366
0.101292
0.101219
0.101146
0.101074
0.101002
0.100930
0.100859
0.100789
0.100719
0.100649
0.100580
0.100511
0.100442
0.100374
0.100306
0.100239
0.100172
0.100106
0.100040
0.099974
0.099909
0.099844
0.099780
0.099715
0.099652
0.099588
0.099525
0.099463
0.099401
0.099339
0.099277
0.099216
0.099156
0.099095
0.099035
0.098976
0.098916
0.098857
0.098799
0.098740
0.098683
0.098625
0.098568
0.098511
0.098455
0.098398
0.098342
0.098287
0.098232
0.098177
0.098122
0.098068
0.098014
0.097961
0.097908
0.097854
0.097802
0.097750
0.097698
0.097646
0.097595
0.097544
0.097493
0.097442
0.097392
0.097342
0.097293
0.097243
0.097194
0.097146
0.097097
0.097049
0.097001
0.096954
0.096906
0.096859
0.096813
0.096766
0.096720
0.096674
0.096629
0.096583
0.096538
0.096493
0.096449
0.096404
0.096360
0.096316
0.096273
0.096230
0.096187
0.096144
0.096101
0.096059
0.096017
0.095975
0.095934
0.095893
0.095851
0.095811
0.095770
0.095730
0.095690
0.095650
0.095610
0.095571
0.095532
0.095493
0.095454
0.095416
0.095377
0.095339
0.095302
0.095264
0.095227
0.095189
0.095153
0.095116
0.095079
0.095043
0.095007
0.094971
0.094936
0.094900
0.094865
0.094830
0.094795
0.094760
0.094726
0.094692
0.094658
0.094624
0.094590
0.094557
0.094524
0.094491
0.094458
0.094425
0.094393
0.094361
0.094329
0.094297
0.094265
0.094233
0.094202
0.094171
0.094140
0.094109
0.094079
0.094048
0.094018
0.093988
0.093958
0.093928
0.093899
0.093869
0.093840
0.093811
0.093782
0.093754
0.093725
0.093697
0.093669
0.093641
0.093613
0.093585
0.093558
0.093530
0.093503
0.093476
0.093449
0.093422
0.093396
0.093369
0.093343
0.093317
0.093291
0.093265
0.093239
0.093214
0.093188
0.093163
0.093138
0.093113
0.093088
0.093064
0.093039
0.093015
0.092991
0.092967
0.092943
0.092919
0.092895
0.092872
0.092849
0.092825
0.092802
0.092779
0.092756
0.092734
0.092711
0.092689
0.092666
0.092644
0.092622
0.092600
0.092579
0.092557
0.092535
0.092514
0.092493
0.092471
0.092451
0.092429
0.092409
0.092388
0.092368
0.092347
0.092327
0.092307
0.092287
0.092267
0.092247
0.092227
0.092207
0.092188
0.092169
0.092149
0.092130
0.092111
0.092092
0.092074
0.092055
0.092036
0.092018
0.091999
0.091981
0.091963
0.091945
0.091927
0.091909
0.091891
0.091874
0.091856
0.091839
0.091822
0.091804
0.091787
0.091770
0.091753
0.091736
0.091720
0.091703
0.091687
0.091670
0.091654
0.091638
0.091622
0.091605
0.091590
0.091574
0.091558
0.091542
0.091527
0.091511
0.091496
0.091481
0.091465
0.091450
0.091435
0.091420
0.091406
0.091391
0.091376
0.091361
0.091347
0.091333
0.091318
0.091304
0.091290
0.091276
0.091262
0.091248
0.091234
0.091220
0.091207
0.091193
0.091180
0.091166
0.091153
0.091140
0.091126
0.091113
0.091100
0.091087
0.091075
0.091062
0.091049
0.091036
0.091024
0.091011
0.090999
0.090987
0.090974
0.090962
0.090950
0.090938
0.090926
0.090914
0.090902
0.090891
0.090879
0.090867
0.090856
0.090844
0.090833
0.090821
0.090810
0.090799
0.090788
0.090777
0.090766
0.090755
0.090744
0.090733
0.090722
0.090712
0.090701
0.090691
0.090680
0.090670
0.090659
0.090649
0.090639
0.090629
0.090619
0.090609
0.090599
0.090589
0.090579
0.090569
0.090559
0.090550
0.090540
0.090530
0.090521
0.090512
0.090502
0.090493
0.090484
0.090474
0.090465
0.090456
0.090447
0.090438
0.090547
0.090979
0.091986
0.094133
0.099625
0.405523
0.387461
0.385591
0.423047
0.485405
0.590762
0.731295
0.865406
0.976457
1.062680
1.127290
1.174380
1.207900
1.231540
1.248430
1.260860
1.270050
1.276260
1.279240
1.278990
1.276110
1.271550
1.266150
1.260420
1.254610
1.248780
1.242950
1.237090
1.231170
1.225190
1.219130
1.212990
1.206780
1.200490
1.194120
1.187690
1.181180
1.174620
1.167990
1.161300
1.154560
1.147770
1.140930
1.134050
1.127130
1.120170
1.113180
1.106170
1.099130
1.092070
1.084980
1.077890
1.070780
1.063650
1.056520
1.049390
1.042250
1.035100
1.027960
1.020820
1.013690
1.006560
0.999434
0.992321
0.985219
0.978129
0.971053
0.963992
0.956948
0.949921
0.942913
0.935926
0.928960
0.922016
0.915095
0.908199
0.901328
0.894484
0.887666
0.880877
0.874117
0.867386
0.860685
0.854016
0.847378
0.840773
0.834200
0.827662
0.821157
0.814688
0.808253
0.801855
0.795493
0.789168
0.782880
0.776629
0.770417
0.764243
0.758108
0.752012
0.745956
0.739940
0.733963
0.728028
0.722133
0.716279
0.710466
0.704694
0.698965
0.693277
0.687631
0.682027
0.676466
0.670947
0.665471
0.660038
0.654647
0.649300
0.643995
0.638734
0.633515
0.628340
0.623208
0.618119
0.613074
0.608072
0.603113
0.598197
0.593324
0.588494
0.583708
0.578964
0.574263
0.569605
0.564990
0.560417
0.555887
0.551399
0.546953
0.542549
0.538187
0.533867
0.529588
0.525351
0.521155
0.517000
0.512885
0.508812
0.504778
0.500785
0.496832
0.492918
0.489044
0.485209
0.481413
0.477656
0.473937
0.470256
0.466613
0.463008
0.459440
0.455910
0.452416
0.448959
0.445538
0.442152
0.438803
0.435489
0.432209
0.428965
0.425755
0.422579
0.419437
0.416329
0.413253
0.410211
0.407201
0.404224
0.401278
0.398364
0.395482
0.392630
0.389810
0.387019
0.384259
0.381529
0.378828
0.376156
0.373513
0.370899
0.368313
0.365755
0.363224
0.360721
0.358245
0.355795
0.353373
0.350976
0.348605
0.346260
0.343940
0.341644
0.339374
0.337128
0.334906
0.332708
0.330534
0.328383
0.326255
0.324150
0.322067
0.320006
0.317968
0.315951
0.313955
0.311981
0.310028
0.308095
0.306183
0.304291
0.302419
0.300566
0.298733
0.296920
0.295125
0.293349
0.291592
0.289853
0.288132
0.286429
0.284744
0.283076
0.281425
0.279791
0.278175
0.276575
0.274991
0.273423
0.271872
0.270336
0.268816
0.267312
0.265822
0.264348
0.262889
0.261444
0.260014
0.258599
0.257197
0.255810
0.254437
0.253077
0.251731
0.250398
0.249078
0.247771
0.246478
0.245197
0.243929
0.242673
0.241429
0.240198
0.238979
0.237771
0.236576
0.235392
0.234219
0.233058
0.231908
0.230769
0.229641
0.228524
0.227418
0.226322
0.225237
0.224162
0.223097
0.222043
0.220998
0.219963
0.218938
0.217923
0.216917
0.215921
0.214934
0.213956
0.212988
0.212028
0.211078
0.210136
0.209203
0.208279
0.207363
0.206456
0.205557
0.204666
0.203783
0.202909
0.202042
0.201184
0.200333
0.199490
0.198655
0.197827
0.197007
0.196194
0.195388
0.194590
0.193799
0.193015
0.192238
0.191468
0.190705
0.189948
0.189199
0.188456
0.187719
0.186989
0.186266
0.185549
0.184838
0.184133
0.183435
0.182743
0.182056
0.181376
0.180702
0.180033
0.179371
0.178714
0.178063
0.177417
0.176777
0.176142
0.175513
0.174890
0.174271
0.173658
0.173050
0.172447
0.171850
0.171257
0.170670
0.170087
0.169510
0.168937
0.168369
0.167806
0.167247
0.166693
0.166144
0.165599
0.165059
0.164524
0.163993
0.163466
0.162943
0.162425
0.161911
0.161402
0.160896
0.160395
0.159898
0.159404
0.158915
0.158430
0.157949
0.157472
0.156998
0.156528
0.156063
0.155600
0.155142
0.154687
0.154236
0.153789
0.153345
0.152904
0.152468
0.152034
0.151604
0.151178
0.150754
0.150335
0.149918
0.149505
0.149095
0.148688
0.148284
0.147884
0.147486
0.147092
0.146701
0.146313
0.145928
0.145545
0.145166
0.144790
0.144416
0.144046
0.143678
0.143313
0.142951
0.142592
0.142235
0.141881
0.141530
0.141182
0.140836
0.140493
0.140152
0.139814
0.139478
0.139145
0.138815
0.138487
0.138161
0.137838
0.137517
0.137199
0.136883
0.136569
0.136258
0.135949
0.135642
0.135338
0.135036
0.134736
0.134438
0.134142
0.133849
0.133558
0.133269
0.132982
0.132697
0.132414
0.132133
0.131854
0.131578
0.131303
0.131030
0.130759
0.130490
0.130224
0.129959
0.129696
0.129434
0.129175
0.128918
0.128662
0.128408
0.128156
0.127906
0.127658
0.127411
0.127166
0.126923
0.126682
0.126442
0.126204
0.125967
0.125733
0.125500
0.125268
0.125038
0.124810
0.124584
0.124359
0.124135
0.123913
0.123693
0.123474
0.123257
0.123041
0.122827
0.122614
0.122402
0.122193
0.121984
0.121777
0.121571
0.121367
0.121165
0.120963
0.120763
0.120564
0.120367
0.120171
0.119977
0.119783
0.119591
0.119401
0.119211
0.119023
0.118836
0.118651
0.118467
0.118284
0.118102
0.117921
0.117742
0.117563
0.117386
0.117211
0.117036
0.116863
0.116690
0.116519
0.116349
0.116180
0.116012
0.115846
0.115680
0.115516
0.115353
0.115190
0.115029
0.114869
0.114710
0.114552
0.114395
0.114239
0.114084
0.113930
0.113777
0.113625
0.113474
0.113324
0.113176
0.113028
0.112881
0.112735
0.112589
0.112445
0.112302
0.112160
0.112018
0.111878
0.111739
0.111600
0.111462
0.111325
0.111189
0.111054
0.110920
0.110787
0.110654
0.110523
0.110392
0.110262
0.110133
0.110005
0.109877
0.109750
0.109625
0.109500
0.109375
0.109252
0.109129
0.109007
0.108886
0.108766
0.108646
0.108528
0.108410
0.108292
0.108176
0.108060
0.107945
0.107830
0.107717
0.107604
0.107492
0.107380
0.107269
0.107159
0.107050
0.106941
0.106833
0.106726
0.106619
0.106513
0.106408
0.106303
0.106199
0.106096
0.105993
0.105891
0.105789
0.105688
0.105588
0.105489
0.105390
0.105291
0.105194
0.105096
0.105000
0.104904
0.104809
0.104714
0.104620
0.104526
0.104433
0.104341
0.104249
0.104158
0.104067
0.103977
0.103887
0.103798
0.103710
0.103622
0.103534
0.103447
0.103361
0.103275
0.103190
0.103105
0.103021
0.102937
0.102854
0.102771
0.102689
0.102607
0.102526
0.102445
0.102365
0.102285
0.102206
0.102127
0.102049
0.101971
0.101894
0.101817
0.101741
0.101665
0.101589
0.101514
0.101440
0.101366
0.101292
0.101219
0.101146
0.101074
0.101002
0.100930
0.100859
0.100789
0.100719
0.100649
0.100579
0.100511
0.100442
0.100374
0.100306
0.100239
0.100172
0.100106
0.100040
0.099974
0.099909
0.099844
0.099779
0.099715
0.099652
0.099588
0.099525
0.099463
0.099401
0.099339
0.099277
0.099216
0.099156
0.099095
0.099035
0.098976
0.098916
0.098857
0.098799
0.098740
0.098683
0.098625
0.098568
0.098511
0.098455
0.098398
0.098342
0.098287
0.098232
0.098177
0.098122
0.098068
0.098014
0.097961
0.097907
0.097854
0.097802
0.097750
0.097698
0.097646
0.097595
0.097544
0.097493
0.097442
0.097392
0.097342
0.097293
0.097243
0.097194
0.097146
0.097097
0.097049
0.097001
0.096954
0.096906
0.096859
0.096813
0.096766
0.096720
0.096674
0.096628
0.096583
0.096538
0.096493
0.096449
0.096404
0.096360
0.096316
0.096273
0.096230
0.096187
0.096144
0.096101
0.096059
0.096017
0.095975
0.095934
0.095892
0.095851
0.095811
0.095770
0.095730
0.095690
0.095650
0.095610
0.095571
0.095532
0.095493
0.095454
0.095416
0.095377
0.095339
0.095301
0.095264
0.095227
0.095189
0.095153
0.095116
0.095079
0.095043
0.095007
0.094971
0.094936
0.094900
0.094865
0.094830
0.094795
0.094760
0.094726
0.094692
0.094658
0.094624
0.094590
0.094557
0.094524
0.094491
0.094458
0.094425
0.094393
0.094361
0.094329
0.094297
0.094265
0.094233
0.094202
0.094171
0.094140
0.094109
0.094079
0.094048
0.094018
0.093988
0.093958
0.093928
0.093899
0.093869
0.093840
0.093811
0.093782
0.093754
0.093725
0.093697
0.093669
0.093641
0.093613
0.093585
0.093558
0.093530
0.093503
0.093476
0.093449
0.093422
0.093396
0.093369
0.093343
0.093317
0.093291
0.093265
0.093239
0.093214
0.093188
0.093163
0.093138
0.093113
0.093088
0.093064
0.093039
0.093015
0.092991
0.092967
0.092943
0.092919
0.092895
0.092872
0.092849
0.092825
0.092802
0.092779
0.092756
0.092734
0.092711
0.092689
0.092666
0.092644
0.092622
0.092600
0.092579
0.092557
0.092535
0.092514
0.092493
0.092471
0.092450
0.092429
0.092409
0.092388
0.092368
0.092347
0.092327
0.092307
0.092287
0.092267
0.092247
0.092227
0.092207
0.092188
0.092169
0.092149
0.092130
0.092111
0.092092
0.092074
0.092055
0.092036
0.092018
0.091999
0.091981
0.091963
0.091945
0.091927
0.091909
0.091891
0.091874
0.091856
0.091839
0.091822
0.091804
0.091787
0.091770
0.091753
0.091736
0.091720
0.091703
0.091687
0.091670
0.091654
0.091638
0.091622
0.091605
0.091590
0.091574
0.091558
0.091542
0.091527
0.091511
0.091496
0.091481
0.091465
0.091450
0.091435
0.091420
0.091406
0.091391
0.091376
0.091361
0.091347
0.091333
0.091318
0.091304
0.091290
0.091276
0.091262
0.091248
0.091234
0.091220
0.091207
0.091193
0.091180
0.091166
0.091153
0.091140
0.091126
0.091113
0.091100
0.091087
0.091075
0.091062
0.091049
0.091036
0.091024
0.091011
0.090999
0.090987
0.090974
0.090962
0.090950
0.090938
0.090926
0.090914
0.090902
0.090890
0.090879
0.090867
0.090856
0.090844
0.090833
0.090821
0.090810
0.090799
0.090788
0.090777
0.090766
0.090755
0.090744
0.090733
0.090722
0.090712
0.090701
0.090691
0.090680
0.090670
0.090659
0.090649
0.090639
0.090629
0.090619
0.090609
0.090599
0.090589
0.090579
0.090569
0.090559
0.090550
0.090540
0.090530
0.090521
0.090511
0.090502
0.090493
0.090484
0.090474
0.090465
0.090456
0.090447
0.090438
0.090547
0.090979
0.091986
0.094133
0.099624
0.405490
0.387443
0.385576
0.423031
0.485389
0.590748
0.731279
0.865392
0.976440
1.062660
1.127270
1.174360
1.207880
1.231510
1.248400
1.260830
1.270020
1.276230
1.279210
1.278960
1.276080
1.271520
1.266120
1.260390
1.254580
1.248760
1.242930
1.237060
1.231150
1.225160
1.219110
1.212970
1.206750
1.200460
1.194100
1.187670
1.181160
1.174590
1.167970
1.161280
1.154540
1.147750
1.140910
1.134030
1.127110
1.120150
1.113160
1.106150
1.099110
1.092050
1.084960
1.077870
1.070760
1.063630
1.056500
1.049370
1.042230
1.035080
1.027940
1.020800
1.013670
1.006540
0.999414
0.992301
0.985199
0.978109
0.971033
0.963973
0.956928
0.949902
0.942894
0.935906
0.928940
0.921996
0.915076
0.908180
0.901309
0.894465
0.887648
0.880858
0.874098
0.867367
0.860667
0.853997
0.847360
0.840755
0.834182
0.827644
0.821140
0.814670
0.808236
0.801838
0.795476
0.789150
0.782863
0.776612
0.770400
0.764226
0.758092
0.751996
0.745940
0.739923
0.733947
0.728012
0.722117
0.716263
0.710450
0.704679
0.698949
0.693261
0.687616
0.682012
0.676451
0.670932
0.665456
0.660023
0.654633
0.649285
0.643981
0.638719
0.633501
0.628326
0.623194
0.618106
0.613060
0.608058
0.603099
0.598183
0.593311
0.588481
0.583695
0.578951
0.574250
0.569592
0.564977
0.560404
0.555874
0.551386
0.546940
0.542537
0.538175
0.533855
0.529576
0.525339
0.521143
0.516988
0.512874
0.508800
0.504767
0.500774
0.496820
0.492907
0.489033
0.485198
0.481402
0.477645
0.473926
0.470246
0.466603
0.462998
0.459430
0.455900
0.452406
0.448949
0.445528
0.442143
0.438793
0.435479
0.432200
0.428956
0.425746
0.422570
0.419428
0.416320
0.413245
0.410202
0.407193
0.404215
0.401270
0.398356
0.395474
0.392622
0.389802
0.387011
0.384251
0.381521
0.378820
0.376148
0.373506
0.370891
0.368305
0.365747
0.363217
0.360714
0.358238
0.355789
0.353366
0.350969
0.348598
0.346253
0.343933
0.341638
0.339368
0.337122
0.334900
0.332702
0.330528
0.328377
0.326249
0.324144
0.322061
0.320000
0.317962
0.315945
0.313950
0.311975
0.310022
0.308089
0.306177
0.304285
0.302413
0.300561
0.298728
0.296914
0.295120
0.293344
0.291587
0.289848
0.288127
0.286424
0.284739
0.283071
0.281420
0.279787
0.278170
0.276570
0.274986
0.273419
0.271867
0.270332
0.268812
0.267307
0.265818
0.264344
0.262885
0.261440
0.260010
0.258595
0.257193
0.255806
0.254432
0.253073
0.251727
0.250394
0.249074
0.247768
0.246474
0.245193
0.243925
0.242669
0.241426
0.240194
0.238975
0.237768
0.236572
0.235388
0.234216
0.233055
0.231905
0.230766
0.229638
0.228521
0.227415
0.226319
0.225233
0.224159
0.223094
0.222039
0.220995
0.219960
0.218935
0.217920
0.216914
0.215918
0.214931
0.213953
0.212985
0.212025
0.211075
0.210133
0.209200
0.208276
0.207360
0.206453
0.205554
0.204663
0.203781
0.202906
0.202040
0.201181
0.200330
0.199487
0.198652
0.197824
0.197004
0.196191
0.195386
0.194588
0.193796
0.193012
0.192235
0.191465
0.190702
0.189946
0.189196
0.188453
0.187717
0.186987
0.186264
0.185546
0.184836
0.184131
0.183433
0.182741
0.182054
0.181374
0.180700
0.180031
0.179369
0.178712
0.178061
0.177415
0.176775
0.176140
0.175511
0.174888
0.174269
0.173656
0.173048
0.172446
0.171848
0.171255
0.170668
0.170085
0.169508
0.168935
0.168367
0.167804
0.167245
0.166692
0.166142
0.165598
0.165058
0.164522
0.163991
0.163464
0.162942
0.162424
0.161910
0.161400
0.160895
0.160393
0.159896
0.159403
0.158914
0.158429
0.157947
0.157470
0.156997
0.156527
0.156061
0.155599
0.155141
0.154686
0.154235
0.153787
0.153343
0.152903
0.152466
0.152033
0.151603
0.151176
0.150753
0.150333
0.149917
0.149503
0.149093
0.148687
0.148283
0.147882
0.147485
0.147091
0.146700
0.146311
0.145926
0.145544
0.145165
0.144789
0.144415
0.144045
0.143677
0.143312
0.142950
0.142591
0.142234
0.141880
0.141529
0.141181
0.140835
0.140492
0.140151
0.139813
0.139477
0.139144
0.138814
0.138486
0.138160
0.137837
0.137516
0.137198
0.136882
0.136568
0.136257
0.135948
0.135641
0.135337
0.135035
0.134735
0.134437
0.134141
0.133848
0.133557
0.133268
0.132981
0.132696
0.132413
0.132132
0.131853
0.131577
0.131302
0.131029
0.130758
0.130490
0.130223
0.129958
0.129695
0.129434
0.129174
0.128917
0.128661
0.128407
0.128155
0.127905
0.127657
0.127410
0.127165
0.126922
0.126681
0.126441
0.126203
0.125967
0.125732
0.125499
0.125267
0.125038
0.124809
0.124583
0.124358
0.124134
0.123912
0.123692
0.123473
0.123256
0.123040
0.122826
0.122613
0.122402
0.122192
0.121983
0.121776
0.121571
0.121367
0.121164
0.120963
0.120763
0.120564
0.120367
0.120171
0.119976
0.119783
0.119591
0.119400
0.119211
0.119023
0.118836
0.118650
0.118466
0.118283
0.118101
0.117920
0.117741
0.117563
0.117386
0.117210
0.117035
0.116862
0.116690
0.116519
0.116349
0.116180
0.116012
0.115845
0.115680
0.115515
0.115352
0.115190
0.115029
0.114868
0.114709
0.114551
0.114394
0.114238
0.114083
0.113930
0.113777
0.113625
0.113474
0.113324
0.113175
0.113027
0.112880
0.112734
0.112589
0.112445
0.112302
0.112159
0.112018
0.111878
0.111738
0.111599
0.111462
0.111325
0.111189
0.111054
0.110920
0.110786
0.110654
0.110522
0.110392
0.110262
0.110132
0.110004
0.109877
0.109750
0.109624
0.109499
0.109375
0.109252
0.109129
0.109007
0.108886
0.108766
0.108646
0.108527
0.108409
0.108292
0.108175
0.108060
0.107944
0.107830
0.107717
0.107604
0.107491
0.107380
0.107269
0.107159
0.107050
0.106941
0.106833
0.106725
0.106619
0.106513
0.106407
0.106303
0.106199
0.106095
0.105993
0.105890
0.105789
0.105688
0.105588
0.105488
0.105389
0.105291
0.105193
0.105096
0.105000
0.104904
0.104808
0.104714
0.104620
0.104526
0.104433
0.104341
0.104249
0.104157
0.104067
0.103977
0.103887
0.103798
0.103709
0.103621
0.103534
0.103447
0.103361
0.103275
0.103190
0.103105
0.103021
0.102937
0.102854
0.102771
0.102689
0.102607
0.102526
0.102445
0.102365
0.102285
0.102206
0.102127
0.102049
0.101971
0.101894
0.101817
0.101741
0.101665
0.101589
0.101514
0.101440
0.101365
0.101292
0.101219
0.101146
0.101073
0.101002
0.100930
0.100859
0.100789
0.100718
0.100649
0.100579
0.100510
0.100442
0.100374
0.100306
0.100239
0.100172
0.100106
0.100040
0.099974
0.099909
0.099844
0.099779
0.099715
0.099652
0.099588
0.099525
0.099463
0.099400
0.099339
0.099277
0.099216
0.099155
0.099095
0.099035
0.098975
0.098916
0.098857
0.098799
0.098740
0.098682
0.098625
0.098568
0.098511
0.098454
0.098398
0.098342
0.098287
0.098232
0.098177
0.098122
0.098068
0.098014
0.097961
0.097907
0.097854
0.097802
0.097750
0.097698
0.097646
0.097594
0.097543
0.097493
0.097442
0.097392
0.097342
0.097293
0.097243
0.097194
0.097145
0.097097
0.097049
0.097001
0.096953
0.096906
0.096859
0.096812
0.096766
0.096720
0.096674
0.096628
0.096583
0.096538
0.096493
0.096449
0.096404
0.096360
0.096316
0.096273
0.096229
0.096186
0.096144
0.096101
0.096059
0.096017
0.095975
0.095934
0.095892
0.095851
0.095811
0.095770
0.095730
0.095690
0.095650
0.095610
0.095571
0.095532
0.095493
0.095454
0.095416
0.095377
0.095339
0.095301
0.095264
0.095226
0.095189
0.095153
0.095116
0.095079
0.095043
0.095007
0.094971
0.094936
0.094900
0.094865
0.094830
0.094795
0.094760
0.094726
0.094692
0.094658
0.094624
0.094590
0.094557
0.094524
0.094491
0.094458
0.094425
0.094393
0.094361
0.094329
0.094297
0.094265
0.094233
0.094202
0.094171
0.094140
0.094109
0.094079
0.094048
0.094018
0.093988
0.093958
0.093928
0.093899
0.093869
0.093840
0.093811
0.093782
0.093754
0.093725
0.093697
0.093669
0.093641
0.093613
0.093585
0.093558
0.093530
0.093503
0.093476
0.093449
0.093422
0.093396
0.093369
0.093343
0.093317
0.093291
0.093265
0.093239
0.093214
0.093188
0.093163
0.093138
0.093113
0.093088
0.093064
0.093039
0.093015
0.092991
0.092967
0.092943
0.092919
0.092895
0.092872
0.092849
0.092825
0.092802
0.092779
0.092756
0.092734
0.092711
0.092689
0.092666
0.092644
0.092622
0.092600
0.092579
0.092557
0.092535
0.092514
0.092493
0.092471
0.092450
0.092429
0.092409
0.092388
0.092368
0.092347
0.092327
0.092307
0.092287
0.092267
0.092247
0.092227
0.092207
0.092188
0.092169
0.092149
0.092130
0.092111
0.092092
0.092074
0.092055
0.092036
0.092018
0.091999
0.091981
0.091963
0.091945
0.091927
0.091909
0.091891
0.091874
0.091856
0.091839
0.091822
0.091804
0.091787
0.091770
0.091753
0.091736
0.091720
0.091703
0.091687
0.091670
0.091654
0.091638
0.091622
0.091605
0.091590
0.091574
0.091558
0.091542
0.091527
0.091511
0.091496
0.091481
0.091465
0.091450
0.091435
0.091420
0.091406
0.091391
0.091376
0.091361
0.091347
0.091333
0.091318
0.091304
0.091290
0.091276
0.091262
0.091248
0.091234
0.091220
0.091207
0.091193
0.091180
0.091166
0.091153
0.091140
0.091126
0.091113
0.091100
0.091087
0.091075
0.091062
0.091049
0.091036
0.091024
0.091011
0.090999
0.090987
0.090974
0.090962
0.090950
0.090938
0.090926
0.090914
0.090902
0.090891
0.090879
0.090867
0.090856
0.090844
0.090833
0.090821
0.090810
0.090799
0.090788
0.090777
0.090766
0.090755
0.090744
0.090733
0.090722
0.090712
0.090701
0.090691
0.090680
0.090670
0.090659
0.090649
0.090639
0.090629
0.090619
0.090609
0.090599
0.090589
0.090579
0.090569
0.090559
0.090550
0.090540
0.090530
0.090521
0.090512
0.090502
0.090493
0.090484
0.090474
0.090465
0.090456
0.090447
0.090438
