9.8588e-08
9.8588e-08
9.85883e-08
9.85883e-08
9.85883e-08
9.8588e-08
9.85804e-08
9.85796e-08
9.85799e-08
9.85802e-08
9.85804e-08
9.85807e-08
9.8581e-08
9.85813e-08
9.85816e-08
9.85818e-08
9.85821e-08
9.85821e-08
9.85824e-08
9.85824e-08
9.85827e-08
9.85827e-08
9.8583e-08
9.8583e-08
9.8583e-08
9.85832e-08
9.85832e-08
9.85832e-08
9.85832e-08
9.85832e-08
9.85832e-08
9.85832e-08
9.8583e-08
9.8583e-08
9.8583e-08
9.85827e-08
9.85827e-08
9.85827e-08
9.85824e-08
9.85824e-08
9.85824e-08
9.85821e-08
9.85821e-08
9.85818e-08
9.85818e-08
9.85816e-08
9.85816e-08
9.85813e-08
9.85813e-08
9.8581e-08
9.85807e-08
9.85807e-08
9.85804e-08
9.85804e-08
9.85802e-08
9.85802e-08
9.85799e-08
9.85796e-08
9.85796e-08
9.85793e-08
9.8579e-08
9.8579e-08
9.85788e-08
9.85788e-08
9.85785e-08
9.85782e-08
9.85782e-08
9.85779e-08
9.85776e-08
9.85776e-08
9.85774e-08
9.85771e-08
9.85771e-08
9.85768e-08
9.85768e-08
9.85765e-08
9.85763e-08
9.85763e-08
9.8576e-08
9.85757e-08
9.85757e-08
9.85754e-08
9.85751e-08
9.85751e-08
9.85749e-08
9.85749e-08
9.85746e-08
9.85743e-08
9.85743e-08
9.8574e-08
9.8574e-08
9.85737e-08
9.85737e-08
9.85735e-08
9.85732e-08
9.85732e-08
9.85729e-08
9.85729e-08
9.85726e-08
9.85726e-08
9.85723e-08
9.85723e-08
9.85721e-08
9.85718e-08
9.85718e-08
9.85715e-08
9.85715e-08
9.85712e-08
9.85712e-08
9.8571e-08
9.8571e-08
9.85707e-08
9.85707e-08
9.85704e-08
9.85704e-08
9.85704e-08
9.85701e-08
9.85701e-08
9.85698e-08
9.85698e-08
9.85696e-08
9.85696e-08
9.85693e-08
9.85693e-08
9.85693e-08
9.8569e-08
9.8569e-08
9.85687e-08
9.85687e-08
9.85687e-08
9.85684e-08
9.85684e-08
9.85682e-08
9.85682e-08
9.85682e-08
9.85679e-08
9.85679e-08
9.85679e-08
9.85676e-08
9.85676e-08
9.85673e-08
9.85673e-08
9.85673e-08
9.8567e-08
9.8567e-08
9.8567e-08
9.85668e-08
9.85668e-08
9.85668e-08
9.85668e-08
9.85665e-08
9.85665e-08
9.85665e-08
9.85662e-08
9.85662e-08
9.85662e-08
9.85659e-08
9.85659e-08
9.85659e-08
9.85659e-08
9.85657e-08
9.85657e-08
9.85657e-08
9.85657e-08
9.85654e-08
9.85654e-08
9.85654e-08
9.85654e-08
9.85651e-08
9.85651e-08
9.85651e-08
9.85651e-08
9.85651e-08
9.85648e-08
9.85648e-08
9.85648e-08
9.85648e-08
9.85645e-08
9.85645e-08
9.85645e-08
9.85645e-08
9.85645e-08
9.85643e-08
9.85643e-08
9.85643e-08
9.85643e-08
9.85643e-08
9.85643e-08
9.8564e-08
9.8564e-08
9.8564e-08
9.8564e-08
9.8564e-08
9.8564e-08
9.85637e-08
9.85637e-08
9.85637e-08
9.85637e-08
9.85637e-08
9.85637e-08
9.85637e-08
9.85634e-08
9.85634e-08
9.85634e-08
9.85634e-08
9.85634e-08
9.85634e-08
9.85634e-08
9.85634e-08
9.85631e-08
9.85631e-08
9.85631e-08
9.85631e-08
9.85631e-08
9.85631e-08
9.85631e-08
9.85631e-08
9.85631e-08
9.85629e-08
9.85629e-08
9.85629e-08
9.85629e-08
9.85629e-08
9.85629e-08
9.85629e-08
9.85629e-08
9.85629e-08
9.85629e-08
9.85629e-08
9.85629e-08
9.85629e-08
9.85626e-08
9.85626e-08
9.85626e-08
9.85626e-08
9.85626e-08
9.85626e-08
9.85626e-08
9.85626e-08
9.85626e-08
9.85626e-08
9.85626e-08
9.85626e-08
9.85626e-08
9.85626e-08
9.85626e-08
9.85626e-08
9.85626e-08
9.85626e-08
9.85626e-08
9.85623e-08
9.85623e-08
9.85623e-08
9.85623e-08
9.85623e-08
9.85623e-08
9.85623e-08
9.85623e-08
9.85623e-08
9.85623e-08
9.85623e-08
9.85623e-08
9.85623e-08
9.85623e-08
9.85623e-08
9.85623e-08
9.85623e-08
9.85623e-08
9.85623e-08
9.85623e-08
9.85623e-08
9.85623e-08
9.85623e-08
9.85623e-08
9.85623e-08
9.85623e-08
9.85623e-08
9.85623e-08
9.85623e-08
9.85623e-08
9.85623e-08
9.85623e-08
9.85623e-08
9.85623e-08
9.85623e-08
9.85623e-08
9.85623e-08
9.85623e-08
9.85623e-08
9.85623e-08
9.85623e-08
9.85623e-08
9.85623e-08
9.85623e-08
9.85623e-08
9.85623e-08
9.85623e-08
9.85623e-08
9.85623e-08
9.85623e-08
9.85623e-08
9.85623e-08
9.85623e-08
9.85623e-08
9.85626e-08
9.85626e-08
9.85626e-08
9.85626e-08
9.85626e-08
9.85626e-08
9.85626e-08
9.85626e-08
9.85626e-08
9.85626e-08
9.85626e-08
9.85626e-08
9.85626e-08
9.85626e-08
9.85626e-08
9.85626e-08
9.85626e-08
9.85626e-08
9.85626e-08
9.85626e-08
9.85626e-08
9.85626e-08
9.85626e-08
9.85626e-08
9.85629e-08
9.85629e-08
9.85629e-08
9.85629e-08
9.85629e-08
9.85629e-08
9.85629e-08
9.85629e-08
9.85629e-08
9.85629e-08
9.85629e-08
9.85629e-08
9.85629e-08
9.85629e-08
9.85629e-08
9.85629e-08
9.85629e-08
9.85631e-08
9.85631e-08
9.85631e-08
9.85631e-08
9.85631e-08
9.85631e-08
9.85631e-08
9.85631e-08
9.85631e-08
9.85631e-08
9.85631e-08
9.85631e-08
9.85631e-08
9.85631e-08
9.85631e-08
9.85634e-08
9.85634e-08
9.85634e-08
9.85634e-08
9.85634e-08
9.85634e-08
9.85634e-08
9.85634e-08
9.85634e-08
9.85634e-08
9.85634e-08
9.85634e-08
9.85634e-08
9.85637e-08
9.85637e-08
9.85637e-08
9.85637e-08
9.85637e-08
9.85637e-08
9.85637e-08
9.85637e-08
9.85637e-08
9.85637e-08
9.85637e-08
9.8564e-08
9.8564e-08
9.8564e-08
9.8564e-08
9.8564e-08
9.8564e-08
9.8564e-08
9.8564e-08
9.8564e-08
9.8564e-08
9.8564e-08
9.8564e-08
9.85643e-08
9.85643e-08
9.85643e-08
9.85643e-08
9.85643e-08
9.85643e-08
9.85643e-08
9.85643e-08
9.85643e-08
9.85643e-08
9.85645e-08
9.85645e-08
9.85645e-08
9.85645e-08
9.85645e-08
9.85645e-08
9.85645e-08
9.85645e-08
9.85645e-08
9.85645e-08
9.85648e-08
9.85648e-08
9.85648e-08
9.85648e-08
9.85648e-08
9.85648e-08
9.85648e-08
9.85648e-08
9.85648e-08
9.85648e-08
9.85651e-08
9.85651e-08
9.85651e-08
9.85651e-08
9.85651e-08
9.85651e-08
9.85651e-08
9.85651e-08
9.85651e-08
9.85651e-08
9.85654e-08
9.85654e-08
9.85654e-08
9.85654e-08
9.85654e-08
9.85654e-08
9.85654e-08
9.85654e-08
9.85654e-08
9.85657e-08
9.85657e-08
9.85657e-08
9.85657e-08
9.85657e-08
9.85657e-08
9.85657e-08
9.85657e-08
9.85657e-08
9.85659e-08
9.85659e-08
9.85659e-08
9.85659e-08
9.85659e-08
9.85659e-08
9.85659e-08
9.85659e-08
9.85662e-08
9.85662e-08
9.85662e-08
9.85662e-08
9.85662e-08
9.85662e-08
9.85662e-08
9.85662e-08
9.85662e-08
9.85665e-08
9.85665e-08
9.85665e-08
9.85665e-08
9.85665e-08
9.85665e-08
9.85665e-08
9.85665e-08
9.85668e-08
9.85668e-08
9.85668e-08
9.85668e-08
9.85668e-08
9.85668e-08
9.85668e-08
9.85668e-08
9.85668e-08
9.8567e-08
9.8567e-08
9.8567e-08
9.8567e-08
9.8567e-08
9.8567e-08
9.8567e-08
9.8567e-08
9.85673e-08
9.85673e-08
9.85673e-08
9.85673e-08
9.85673e-08
9.85673e-08
9.85673e-08
9.85673e-08
9.85676e-08
9.85676e-08
9.85676e-08
9.85676e-08
9.85676e-08
9.85676e-08
9.85676e-08
9.85676e-08
9.85679e-08
9.85679e-08
9.85679e-08
9.85679e-08
9.85679e-08
9.85679e-08
9.85679e-08
9.85682e-08
9.85682e-08
9.85682e-08
9.85682e-08
9.85682e-08
9.85682e-08
9.85682e-08
9.85682e-08
9.85684e-08
9.85684e-08
9.85684e-08
9.85684e-08
9.85684e-08
9.85684e-08
9.85684e-08
9.85684e-08
9.85687e-08
9.85687e-08
9.85687e-08
9.85687e-08
9.85687e-08
9.85687e-08
9.85687e-08
9.8569e-08
9.8569e-08
9.8569e-08
9.8569e-08
9.8569e-08
9.8569e-08
9.8569e-08
9.8569e-08
9.85693e-08
9.85693e-08
9.85693e-08
9.85693e-08
9.85693e-08
9.85693e-08
9.85693e-08
9.85696e-08
9.85696e-08
9.85696e-08
9.85696e-08
9.85696e-08
9.85696e-08
9.85696e-08
9.85696e-08
9.85698e-08
9.85698e-08
9.85698e-08
9.85698e-08
9.85698e-08
9.85698e-08
9.85698e-08
9.85701e-08
9.85701e-08
9.85701e-08
9.85701e-08
9.85701e-08
9.85701e-08
9.85701e-08
9.85704e-08
9.85704e-08
9.85704e-08
9.85704e-08
9.85704e-08
9.85704e-08
9.85704e-08
9.85707e-08
9.85707e-08
9.85707e-08
9.85707e-08
9.85707e-08
9.85707e-08
9.85707e-08
9.85707e-08
9.8571e-08
9.8571e-08
9.8571e-08
9.8571e-08
9.8571e-08
9.8571e-08
9.8571e-08
9.85712e-08
9.85712e-08
9.85712e-08
9.85712e-08
9.85712e-08
9.85712e-08
9.85712e-08
9.85715e-08
9.85715e-08
9.85715e-08
9.85715e-08
9.85715e-08
9.85715e-08
9.85715e-08
9.85718e-08
9.85718e-08
9.85718e-08
9.85718e-08
9.85718e-08
9.85718e-08
9.85718e-08
9.85721e-08
9.85721e-08
9.85721e-08
9.85721e-08
9.85721e-08
9.85721e-08
9.85721e-08
9.85723e-08
9.85723e-08
9.85723e-08
9.85723e-08
9.85723e-08
9.85723e-08
9.85723e-08
9.85726e-08
9.85726e-08
9.85726e-08
9.85726e-08
9.85726e-08
9.85726e-08
9.85726e-08
9.85729e-08
9.85729e-08
9.85729e-08
9.85729e-08
9.85729e-08
9.85729e-08
9.85729e-08
9.85732e-08
9.85732e-08
9.85732e-08
9.85732e-08
9.85732e-08
9.85732e-08
9.85732e-08
9.85735e-08
9.85735e-08
9.85735e-08
9.85735e-08
9.85735e-08
9.85735e-08
9.85737e-08
9.85737e-08
9.85737e-08
9.85737e-08
9.85737e-08
9.85737e-08
9.85737e-08
9.8574e-08
9.8574e-08
9.8574e-08
9.8574e-08
9.8574e-08
9.8574e-08
9.8574e-08
9.85743e-08
9.85743e-08
9.85743e-08
9.85743e-08
9.85743e-08
9.85743e-08
9.85743e-08
9.85746e-08
9.85746e-08
9.85746e-08
9.85746e-08
9.85746e-08
9.85746e-08
9.85746e-08
9.85749e-08
9.85749e-08
9.85749e-08
9.85749e-08
9.85749e-08
9.85749e-08
9.85751e-08
9.85751e-08
9.85751e-08
9.85751e-08
9.85751e-08
9.85751e-08
9.85751e-08
9.85754e-08
9.85754e-08
9.85754e-08
9.85754e-08
9.85754e-08
9.85754e-08
9.85754e-08
9.85757e-08
9.85757e-08
9.85757e-08
9.85757e-08
9.85757e-08
9.85757e-08
9.8576e-08
9.8576e-08
9.8576e-08
9.8576e-08
9.8576e-08
9.8576e-08
9.8576e-08
9.85763e-08
9.85763e-08
9.85763e-08
9.85763e-08
9.85763e-08
9.85763e-08
9.85763e-08
9.85765e-08
9.85765e-08
9.85765e-08
9.85765e-08
9.85765e-08
9.85765e-08
9.85768e-08
9.85768e-08
9.85768e-08
9.85768e-08
9.85768e-08
9.85768e-08
9.85768e-08
9.85771e-08
9.85771e-08
9.85771e-08
9.85771e-08
9.85771e-08
9.85771e-08
9.85771e-08
9.85774e-08
9.85774e-08
9.85774e-08
9.85774e-08
9.85774e-08
9.85774e-08
9.85776e-08
9.85776e-08
9.85776e-08
9.85776e-08
9.85776e-08
9.85776e-08
9.85776e-08
9.85779e-08
9.85779e-08
9.85779e-08
9.85779e-08
9.85779e-08
9.85779e-08
9.85782e-08
9.85782e-08
9.85782e-08
9.85782e-08
9.85782e-08
9.85782e-08
9.85782e-08
9.85785e-08
9.85785e-08
9.85785e-08
9.85785e-08
9.85785e-08
9.85785e-08
9.85785e-08
9.85788e-08
9.85788e-08
9.85788e-08
9.85788e-08
9.85788e-08
9.85788e-08
9.8579e-08
9.8579e-08
9.8579e-08
9.8579e-08
9.8579e-08
9.8579e-08
9.8579e-08
9.85793e-08
9.85793e-08
9.85793e-08
9.85793e-08
9.85793e-08
9.85793e-08
9.85796e-08
9.85796e-08
9.85796e-08
9.85796e-08
9.85796e-08
9.85796e-08
9.85796e-08
9.85799e-08
9.85799e-08
9.85799e-08
9.85799e-08
9.85799e-08
9.85799e-08
9.85802e-08
9.85802e-08
9.85802e-08
9.85802e-08
9.85802e-08
9.85802e-08
9.85802e-08
9.85804e-08
9.85804e-08
9.85804e-08
9.85804e-08
9.85804e-08
9.85804e-08
9.85807e-08
9.85807e-08
9.85807e-08
9.85807e-08
9.85807e-08
9.85807e-08
9.85807e-08
9.8581e-08
9.8581e-08
9.8581e-08
9.8581e-08
9.8581e-08
9.8581e-08
9.85813e-08
9.85813e-08
9.85813e-08
9.85813e-08
9.85813e-08
9.85813e-08
9.85813e-08
9.85816e-08
9.85816e-08
9.85816e-08
9.85816e-08
9.85816e-08
9.85816e-08
9.85818e-08
9.85818e-08
9.85818e-08
9.85818e-08
9.85818e-08
9.85818e-08
9.85818e-08
9.85821e-08
9.85821e-08
9.85821e-08
9.85821e-08
9.85821e-08
9.85821e-08
9.85824e-08
9.85824e-08
9.85824e-08
9.85824e-08
9.85824e-08
9.85824e-08
9.85827e-08
9.85827e-08
9.85827e-08
9.85827e-08
9.85827e-08
9.85827e-08
9.85827e-08
9.8583e-08
9.8583e-08
9.8583e-08
9.8583e-08
9.8583e-08
9.8583e-08
9.85832e-08
9.85832e-08
9.85832e-08
9.85832e-08
9.85832e-08
9.85832e-08
9.85832e-08
9.85835e-08
9.85835e-08
9.85835e-08
9.85835e-08
9.85835e-08
9.85835e-08
9.85838e-08
9.85838e-08
9.85838e-08
9.85838e-08
9.85838e-08
9.85838e-08
9.85838e-08
9.85841e-08
9.85841e-08
9.85841e-08
9.85841e-08
9.85841e-08
9.85841e-08
9.85843e-08
9.85843e-08
9.85843e-08
9.85843e-08
9.85843e-08
9.85843e-08
9.85846e-08
9.85846e-08
9.85846e-08
9.85846e-08
9.85846e-08
9.85846e-08
9.85846e-08
9.85849e-08
9.85849e-08
9.85849e-08
9.85849e-08
9.85849e-08
9.85849e-08
9.85852e-08
9.85852e-08
9.85852e-08
9.85852e-08
9.85852e-08
9.85852e-08
9.85852e-08
9.85855e-08
9.85855e-08
9.85855e-08
9.85855e-08
9.85855e-08
9.85855e-08
9.85857e-08
9.85857e-08
9.85857e-08
9.85857e-08
9.85857e-08
9.85857e-08
9.8586e-08
9.8586e-08
9.8586e-08
9.8586e-08
9.8586e-08
9.8586e-08
9.8586e-08
9.85863e-08
9.85863e-08
9.85863e-08
9.85863e-08
9.85863e-08
9.85863e-08
9.85866e-08
9.85866e-08
9.85866e-08
9.85866e-08
9.85866e-08
9.85866e-08
9.85866e-08
9.85869e-08
9.85869e-08
9.85869e-08
9.85869e-08
9.85869e-08
9.85869e-08
9.85871e-08
9.85871e-08
9.85871e-08
9.85871e-08
9.85871e-08
9.85871e-08
9.85874e-08
9.85874e-08
9.85874e-08
9.85874e-08
9.85874e-08
9.85874e-08
9.85874e-08
9.85877e-08
9.85877e-08
9.85877e-08
9.85877e-08
9.85877e-08
9.85877e-08
9.8588e-08
9.8588e-08
9.8588e-08
9.8588e-08
9.8588e-08
9.8588e-08
9.85883e-08
9.85883e-08
9.85883e-08
9.8588e-08
9.85804e-08
9.85796e-08
9.85799e-08
9.85802e-08
9.85804e-08
9.85807e-08
9.8581e-08
9.85813e-08
9.85816e-08
9.85818e-08
9.85818e-08
9.85821e-08
9.85824e-08
9.85824e-08
9.85827e-08
9.85827e-08
9.8583e-08
9.8583e-08
9.8583e-08
9.85832e-08
9.85832e-08
9.85832e-08
9.85832e-08
9.85832e-08
9.85832e-08
9.85832e-08
9.8583e-08
9.8583e-08
9.8583e-08
9.85827e-08
9.85827e-08
9.85827e-08
9.85824e-08
9.85824e-08
9.85824e-08
9.85821e-08
9.85821e-08
9.85818e-08
9.85818e-08
9.85816e-08
9.85816e-08
9.85813e-08
9.85813e-08
9.8581e-08
9.85807e-08
9.85807e-08
9.85804e-08
9.85804e-08
9.85802e-08
9.85799e-08
9.85799e-08
9.85796e-08
9.85796e-08
9.85793e-08
9.8579e-08
9.8579e-08
9.85788e-08
9.85788e-08
9.85785e-08
9.85782e-08
9.85782e-08
9.85779e-08
9.85776e-08
9.85776e-08
9.85774e-08
9.85771e-08
9.85771e-08
9.85768e-08
9.85765e-08
9.85765e-08
9.85763e-08
9.85763e-08
9.8576e-08
9.85757e-08
9.85757e-08
9.85754e-08
9.85751e-08
9.85751e-08
9.85749e-08
9.85749e-08
9.85746e-08
9.85743e-08
9.85743e-08
9.8574e-08
9.8574e-08
9.85737e-08
9.85735e-08
9.85735e-08
9.85732e-08
9.85732e-08
9.85729e-08
9.85729e-08
9.85726e-08
9.85726e-08
9.85723e-08
9.85721e-08
9.85721e-08
9.85718e-08
9.85718e-08
9.85715e-08
9.85715e-08
9.85712e-08
9.85712e-08
9.8571e-08
9.8571e-08
9.85707e-08
9.85707e-08
9.85704e-08
9.85704e-08
9.85704e-08
9.85701e-08
9.85701e-08
9.85698e-08
9.85698e-08
9.85696e-08
9.85696e-08
9.85693e-08
9.85693e-08
9.85693e-08
9.8569e-08
9.8569e-08
9.85687e-08
9.85687e-08
9.85687e-08
9.85684e-08
9.85684e-08
9.85682e-08
9.85682e-08
9.85682e-08
9.85679e-08
9.85679e-08
9.85676e-08
9.85676e-08
9.85676e-08
9.85673e-08
9.85673e-08
9.85673e-08
9.8567e-08
9.8567e-08
9.8567e-08
9.85668e-08
9.85668e-08
9.85668e-08
9.85668e-08
9.85665e-08
9.85665e-08
9.85665e-08
9.85662e-08
9.85662e-08
9.85662e-08
9.85659e-08
9.85659e-08
9.85659e-08
9.85659e-08
9.85657e-08
9.85657e-08
9.85657e-08
9.85657e-08
9.85654e-08
9.85654e-08
9.85654e-08
9.85654e-08
9.85651e-08
9.85651e-08
9.85651e-08
9.85651e-08
9.85648e-08
9.85648e-08
9.85648e-08
9.85648e-08
9.85648e-08
9.85645e-08
9.85645e-08
9.85645e-08
9.85645e-08
9.85645e-08
9.85643e-08
9.85643e-08
9.85643e-08
9.85643e-08
9.85643e-08
9.85643e-08
9.8564e-08
9.8564e-08
9.8564e-08
9.8564e-08
9.8564e-08
9.8564e-08
9.85637e-08
9.85637e-08
9.85637e-08
9.85637e-08
9.85637e-08
9.85637e-08
9.85637e-08
9.85634e-08
9.85634e-08
9.85634e-08
9.85634e-08
9.85634e-08
9.85634e-08
9.85634e-08
9.85634e-08
9.85631e-08
9.85631e-08
9.85631e-08
9.85631e-08
9.85631e-08
9.85631e-08
9.85631e-08
9.85631e-08
9.85631e-08
9.85629e-08
9.85629e-08
9.85629e-08
9.85629e-08
9.85629e-08
9.85629e-08
9.85629e-08
9.85629e-08
9.85629e-08
9.85629e-08
9.85629e-08
9.85629e-08
9.85626e-08
9.85626e-08
9.85626e-08
9.85626e-08
9.85626e-08
9.85626e-08
9.85626e-08
9.85626e-08
9.85626e-08
9.85626e-08
9.85626e-08
9.85626e-08
9.85626e-08
9.85626e-08
9.85626e-08
9.85626e-08
9.85626e-08
9.85626e-08
9.85626e-08
9.85623e-08
9.85623e-08
9.85623e-08
9.85623e-08
9.85623e-08
9.85623e-08
9.85623e-08
9.85623e-08
9.85623e-08
9.85623e-08
9.85623e-08
9.85623e-08
9.85623e-08
9.85623e-08
9.85623e-08
9.85623e-08
9.85623e-08
9.85623e-08
9.85623e-08
9.85623e-08
9.85623e-08
9.85623e-08
9.85623e-08
9.85623e-08
9.85623e-08
9.85623e-08
9.85623e-08
9.85623e-08
9.85623e-08
9.85623e-08
9.85623e-08
9.85623e-08
9.85623e-08
9.85623e-08
9.85623e-08
9.85623e-08
9.85623e-08
9.85623e-08
9.85623e-08
9.85623e-08
9.85623e-08
9.85623e-08
9.85623e-08
9.85623e-08
9.85623e-08
9.85623e-08
9.85623e-08
9.85623e-08
9.85623e-08
9.85623e-08
9.85623e-08
9.85623e-08
9.85623e-08
9.85623e-08
9.85623e-08
9.85623e-08
9.85626e-08
9.85626e-08
9.85626e-08
9.85626e-08
9.85626e-08
9.85626e-08
9.85626e-08
9.85626e-08
9.85626e-08
9.85626e-08
9.85626e-08
9.85626e-08
9.85626e-08
9.85626e-08
9.85626e-08
9.85626e-08
9.85626e-08
9.85626e-08
9.85626e-08
9.85626e-08
9.85626e-08
9.85626e-08
9.85626e-08
9.85626e-08
9.85629e-08
9.85629e-08
9.85629e-08
9.85629e-08
9.85629e-08
9.85629e-08
9.85629e-08
9.85629e-08
9.85629e-08
9.85629e-08
9.85629e-08
9.85629e-08
9.85629e-08
9.85629e-08
9.85629e-08
9.85629e-08
9.85629e-08
9.85631e-08
9.85631e-08
9.85631e-08
9.85631e-08
9.85631e-08
9.85631e-08
9.85631e-08
9.85631e-08
9.85631e-08
9.85631e-08
9.85631e-08
9.85631e-08
9.85631e-08
9.85631e-08
9.85634e-08
9.85634e-08
9.85634e-08
9.85634e-08
9.85634e-08
9.85634e-08
9.85634e-08
9.85634e-08
9.85634e-08
9.85634e-08
9.85634e-08
9.85634e-08
9.85634e-08
9.85637e-08
9.85637e-08
9.85637e-08
9.85637e-08
9.85637e-08
9.85637e-08
9.85637e-08
9.85637e-08
9.85637e-08
9.85637e-08
9.85637e-08
9.85637e-08
9.8564e-08
9.8564e-08
9.8564e-08
9.8564e-08
9.8564e-08
9.8564e-08
9.8564e-08
9.8564e-08
9.8564e-08
9.8564e-08
9.8564e-08
9.85643e-08
9.85643e-08
9.85643e-08
9.85643e-08
9.85643e-08
9.85643e-08
9.85643e-08
9.85643e-08
9.85643e-08
9.85643e-08
9.85643e-08
9.85645e-08
9.85645e-08
9.85645e-08
9.85645e-08
9.85645e-08
9.85645e-08
9.85645e-08
9.85645e-08
9.85645e-08
9.85645e-08
9.85648e-08
9.85648e-08
9.85648e-08
9.85648e-08
9.85648e-08
9.85648e-08
9.85648e-08
9.85648e-08
9.85648e-08
9.85651e-08
9.85651e-08
9.85651e-08
9.85651e-08
9.85651e-08
9.85651e-08
9.85651e-08
9.85651e-08
9.85651e-08
9.85651e-08
9.85654e-08
9.85654e-08
9.85654e-08
9.85654e-08
9.85654e-08
9.85654e-08
9.85654e-08
9.85654e-08
9.85654e-08
9.85657e-08
9.85657e-08
9.85657e-08
9.85657e-08
9.85657e-08
9.85657e-08
9.85657e-08
9.85657e-08
9.85657e-08
9.85659e-08
9.85659e-08
9.85659e-08
9.85659e-08
9.85659e-08
9.85659e-08
9.85659e-08
9.85659e-08
9.85659e-08
9.85662e-08
9.85662e-08
9.85662e-08
9.85662e-08
9.85662e-08
9.85662e-08
9.85662e-08
9.85662e-08
9.85665e-08
9.85665e-08
9.85665e-08
9.85665e-08
9.85665e-08
9.85665e-08
9.85665e-08
9.85665e-08
9.85665e-08
9.85668e-08
9.85668e-08
9.85668e-08
9.85668e-08
9.85668e-08
9.85668e-08
9.85668e-08
9.85668e-08
9.8567e-08
9.8567e-08
9.8567e-08
9.8567e-08
9.8567e-08
9.8567e-08
9.8567e-08
9.8567e-08
9.85673e-08
9.85673e-08
9.85673e-08
9.85673e-08
9.85673e-08
9.85673e-08
9.85673e-08
9.85673e-08
9.85676e-08
9.85676e-08
9.85676e-08
9.85676e-08
9.85676e-08
9.85676e-08
9.85676e-08
9.85676e-08
9.85679e-08
9.85679e-08
9.85679e-08
9.85679e-08
9.85679e-08
9.85679e-08
9.85679e-08
9.85679e-08
9.85682e-08
9.85682e-08
9.85682e-08
9.85682e-08
9.85682e-08
9.85682e-08
9.85682e-08
9.85684e-08
9.85684e-08
9.85684e-08
9.85684e-08
9.85684e-08
9.85684e-08
9.85684e-08
9.85684e-08
9.85687e-08
9.85687e-08
9.85687e-08
9.85687e-08
9.85687e-08
9.85687e-08
9.85687e-08
9.85687e-08
9.8569e-08
9.8569e-08
9.8569e-08
9.8569e-08
9.8569e-08
9.8569e-08
9.8569e-08
9.85693e-08
9.85693e-08
9.85693e-08
9.85693e-08
9.85693e-08
9.85693e-08
9.85693e-08
9.85693e-08
9.85696e-08
9.85696e-08
9.85696e-08
9.85696e-08
9.85696e-08
9.85696e-08
9.85696e-08
9.85698e-08
9.85698e-08
9.85698e-08
9.85698e-08
9.85698e-08
9.85698e-08
9.85698e-08
9.85701e-08
9.85701e-08
9.85701e-08
9.85701e-08
9.85701e-08
9.85701e-08
9.85701e-08
9.85701e-08
9.85704e-08
9.85704e-08
9.85704e-08
9.85704e-08
9.85704e-08
9.85704e-08
9.85704e-08
9.85707e-08
9.85707e-08
9.85707e-08
9.85707e-08
9.85707e-08
9.85707e-08
9.85707e-08
9.8571e-08
9.8571e-08
9.8571e-08
9.8571e-08
9.8571e-08
9.8571e-08
9.8571e-08
9.85712e-08
9.85712e-08
9.85712e-08
9.85712e-08
9.85712e-08
9.85712e-08
9.85712e-08
9.85715e-08
9.85715e-08
9.85715e-08
9.85715e-08
9.85715e-08
9.85715e-08
9.85715e-08
9.85718e-08
9.85718e-08
9.85718e-08
9.85718e-08
9.85718e-08
9.85718e-08
9.85718e-08
9.85721e-08
9.85721e-08
9.85721e-08
9.85721e-08
9.85721e-08
9.85721e-08
9.85721e-08
9.85723e-08
9.85723e-08
9.85723e-08
9.85723e-08
9.85723e-08
9.85723e-08
9.85723e-08
9.85726e-08
9.85726e-08
9.85726e-08
9.85726e-08
9.85726e-08
9.85726e-08
9.85726e-08
9.85729e-08
9.85729e-08
9.85729e-08
9.85729e-08
9.85729e-08
9.85729e-08
9.85729e-08
9.85732e-08
9.85732e-08
9.85732e-08
9.85732e-08
9.85732e-08
9.85732e-08
9.85732e-08
9.85735e-08
9.85735e-08
9.85735e-08
9.85735e-08
9.85735e-08
9.85735e-08
9.85735e-08
9.85737e-08
9.85737e-08
9.85737e-08
9.85737e-08
9.85737e-08
9.85737e-08
9.85737e-08
9.8574e-08
9.8574e-08
9.8574e-08
9.8574e-08
9.8574e-08
9.8574e-08
9.85743e-08
9.85743e-08
9.85743e-08
9.85743e-08
9.85743e-08
9.85743e-08
9.85743e-08
9.85746e-08
9.85746e-08
9.85746e-08
9.85746e-08
9.85746e-08
9.85746e-08
9.85746e-08
9.85749e-08
9.85749e-08
9.85749e-08
9.85749e-08
9.85749e-08
9.85749e-08
9.85749e-08
9.85751e-08
9.85751e-08
9.85751e-08
9.85751e-08
9.85751e-08
9.85751e-08
9.85754e-08
9.85754e-08
9.85754e-08
9.85754e-08
9.85754e-08
9.85754e-08
9.85754e-08
9.85757e-08
9.85757e-08
9.85757e-08
9.85757e-08
9.85757e-08
9.85757e-08
9.85757e-08
9.8576e-08
9.8576e-08
9.8576e-08
9.8576e-08
9.8576e-08
9.8576e-08
9.85763e-08
9.85763e-08
9.85763e-08
9.85763e-08
9.85763e-08
9.85763e-08
9.85763e-08
9.85765e-08
9.85765e-08
9.85765e-08
9.85765e-08
9.85765e-08
9.85765e-08
9.85765e-08
9.85768e-08
9.85768e-08
9.85768e-08
9.85768e-08
9.85768e-08
9.85768e-08
9.85771e-08
9.85771e-08
9.85771e-08
9.85771e-08
9.85771e-08
9.85771e-08
9.85771e-08
9.85774e-08
9.85774e-08
9.85774e-08
9.85774e-08
9.85774e-08
9.85774e-08
9.85774e-08
9.85776e-08
9.85776e-08
9.85776e-08
9.85776e-08
9.85776e-08
9.85776e-08
9.85779e-08
9.85779e-08
9.85779e-08
9.85779e-08
9.85779e-08
9.85779e-08
9.85779e-08
9.85782e-08
9.85782e-08
9.85782e-08
9.85782e-08
9.85782e-08
9.85782e-08
9.85785e-08
9.85785e-08
9.85785e-08
9.85785e-08
9.85785e-08
9.85785e-08
9.85785e-08
9.85788e-08
9.85788e-08
9.85788e-08
9.85788e-08
9.85788e-08
9.85788e-08
9.8579e-08
9.8579e-08
9.8579e-08
9.8579e-08
9.8579e-08
9.8579e-08
9.8579e-08
9.85793e-08
9.85793e-08
9.85793e-08
9.85793e-08
9.85793e-08
9.85793e-08
9.85796e-08
9.85796e-08
9.85796e-08
9.85796e-08
9.85796e-08
9.85796e-08
9.85796e-08
9.85799e-08
9.85799e-08
9.85799e-08
9.85799e-08
9.85799e-08
9.85799e-08
9.85802e-08
9.85802e-08
9.85802e-08
9.85802e-08
9.85802e-08
9.85802e-08
9.85802e-08
9.85804e-08
9.85804e-08
9.85804e-08
9.85804e-08
9.85804e-08
9.85804e-08
9.85807e-08
9.85807e-08
9.85807e-08
9.85807e-08
9.85807e-08
9.85807e-08
9.85807e-08
9.8581e-08
9.8581e-08
9.8581e-08
9.8581e-08
9.8581e-08
9.8581e-08
9.85813e-08
9.85813e-08
9.85813e-08
9.85813e-08
9.85813e-08
9.85813e-08
9.85813e-08
9.85816e-08
9.85816e-08
9.85816e-08
9.85816e-08
9.85816e-08
9.85816e-08
9.85818e-08
9.85818e-08
9.85818e-08
9.85818e-08
9.85818e-08
9.85818e-08
9.85818e-08
9.85821e-08
9.85821e-08
9.85821e-08
9.85821e-08
9.85821e-08
9.85821e-08
9.85824e-08
9.85824e-08
9.85824e-08
9.85824e-08
9.85824e-08
9.85824e-08
9.85824e-08
9.85827e-08
9.85827e-08
9.85827e-08
9.85827e-08
9.85827e-08
9.85827e-08
9.8583e-08
9.8583e-08
9.8583e-08
9.8583e-08
9.8583e-08
9.8583e-08
9.8583e-08
9.85832e-08
9.85832e-08
9.85832e-08
9.85832e-08
9.85832e-08
9.85832e-08
9.85835e-08
9.85835e-08
9.85835e-08
9.85835e-08
9.85835e-08
9.85835e-08
9.85838e-08
9.85838e-08
9.85838e-08
9.85838e-08
9.85838e-08
9.85838e-08
9.85838e-08
9.85841e-08
9.85841e-08
9.85841e-08
9.85841e-08
9.85841e-08
9.85841e-08
9.85843e-08
9.85843e-08
9.85843e-08
9.85843e-08
9.85843e-08
9.85843e-08
9.85843e-08
9.85846e-08
9.85846e-08
9.85846e-08
9.85846e-08
9.85846e-08
9.85846e-08
9.85849e-08
9.85849e-08
9.85849e-08
9.85849e-08
9.85849e-08
9.85849e-08
9.85852e-08
9.85852e-08
9.85852e-08
9.85852e-08
9.85852e-08
9.85852e-08
9.85852e-08
9.85855e-08
9.85855e-08
9.85855e-08
9.85855e-08
9.85855e-08
9.85855e-08
9.85857e-08
9.85857e-08
9.85857e-08
9.85857e-08
9.85857e-08
9.85857e-08
9.85857e-08
9.8586e-08
9.8586e-08
9.8586e-08
9.8586e-08
9.8586e-08
9.8586e-08
9.85863e-08
9.85863e-08
9.85863e-08
9.85863e-08
9.85863e-08
9.85863e-08
9.85866e-08
9.85866e-08
9.85866e-08
9.85866e-08
9.85866e-08
9.85866e-08
9.85866e-08
9.85869e-08
9.85869e-08
9.85869e-08
9.85869e-08
9.85869e-08
9.85869e-08
9.85871e-08
9.85871e-08
9.85871e-08
9.85871e-08
9.85871e-08
9.85871e-08
9.85871e-08
9.85874e-08
9.85874e-08
9.85874e-08
9.85874e-08
9.85874e-08
9.85874e-08
9.85877e-08
9.85877e-08
9.85877e-08
9.85877e-08
9.85877e-08
9.85877e-08
9.8588e-08
9.8588e-08
9.8588e-08
9.8588e-08
9.8588e-08
9.8588e-08
9.85883e-08
9.85883e-08
9.85883e-08
9.8588e-08
9.85804e-08
9.85796e-08
9.85799e-08
9.85802e-08
9.85804e-08
9.85807e-08
9.8581e-08
9.85813e-08
9.85816e-08
9.85818e-08
9.85818e-08
9.85821e-08
9.85824e-08
9.85824e-08
9.85827e-08
9.85827e-08
9.8583e-08
9.8583e-08
9.8583e-08
9.85832e-08
9.85832e-08
9.85832e-08
9.85832e-08
9.85832e-08
9.85832e-08
9.8583e-08
9.8583e-08
9.8583e-08
9.8583e-08
9.85827e-08
9.85827e-08
9.85827e-08
9.85824e-08
9.85824e-08
9.85821e-08
9.85821e-08
9.85821e-08
9.85818e-08
9.85818e-08
9.85816e-08
9.85816e-08
9.85813e-08
9.8581e-08
9.8581e-08
9.85807e-08
9.85807e-08
9.85804e-08
9.85804e-08
9.85802e-08
9.85799e-08
9.85799e-08
9.85796e-08
9.85796e-08
9.85793e-08
9.8579e-08
9.8579e-08
9.85788e-08
9.85785e-08
9.85785e-08
9.85782e-08
9.85782e-08
9.85779e-08
9.85776e-08
9.85776e-08
9.85774e-08
9.85771e-08
9.85771e-08
9.85768e-08
9.85765e-08
9.85765e-08
9.85763e-08
9.85763e-08
9.8576e-08
9.85757e-08
9.85757e-08
9.85754e-08
9.85751e-08
9.85751e-08
9.85749e-08
9.85749e-08
9.85746e-08
9.85743e-08
9.85743e-08
9.8574e-08
9.8574e-08
9.85737e-08
9.85735e-08
9.85735e-08
9.85732e-08
9.85732e-08
9.85729e-08
9.85729e-08
9.85726e-08
9.85726e-08
9.85723e-08
9.85721e-08
9.85721e-08
9.85718e-08
9.85718e-08
9.85715e-08
9.85715e-08
9.85712e-08
9.85712e-08
9.8571e-08
9.8571e-08
9.85707e-08
9.85707e-08
9.85704e-08
9.85704e-08
9.85701e-08
9.85701e-08
9.85701e-08
9.85698e-08
9.85698e-08
9.85696e-08
9.85696e-08
9.85693e-08
9.85693e-08
9.85693e-08
9.8569e-08
9.8569e-08
9.85687e-08
9.85687e-08
9.85684e-08
9.85684e-08
9.85684e-08
9.85682e-08
9.85682e-08
9.85682e-08
9.85679e-08
9.85679e-08
9.85676e-08
9.85676e-08
9.85676e-08
9.85673e-08
9.85673e-08
9.85673e-08
9.8567e-08
9.8567e-08
9.8567e-08
9.85668e-08
9.85668e-08
9.85668e-08
9.85665e-08
9.85665e-08
9.85665e-08
9.85665e-08
9.85662e-08
9.85662e-08
9.85662e-08
9.85659e-08
9.85659e-08
9.85659e-08
9.85659e-08
9.85657e-08
9.85657e-08
9.85657e-08
9.85657e-08
9.85654e-08
9.85654e-08
9.85654e-08
9.85654e-08
9.85651e-08
9.85651e-08
9.85651e-08
9.85651e-08
9.85648e-08
9.85648e-08
9.85648e-08
9.85648e-08
9.85648e-08
9.85645e-08
9.85645e-08
9.85645e-08
9.85645e-08
9.85645e-08
9.85643e-08
9.85643e-08
9.85643e-08
9.85643e-08
9.85643e-08
9.85643e-08
9.8564e-08
9.8564e-08
9.8564e-08
9.8564e-08
9.8564e-08
9.8564e-08
9.85637e-08
9.85637e-08
9.85637e-08
9.85637e-08
9.85637e-08
9.85637e-08
9.85634e-08
9.85634e-08
9.85634e-08
9.85634e-08
9.85634e-08
9.85634e-08
9.85634e-08
9.85634e-08
9.85631e-08
9.85631e-08
9.85631e-08
9.85631e-08
9.85631e-08
9.85631e-08
9.85631e-08
9.85631e-08
9.85631e-08
9.85631e-08
9.85629e-08
9.85629e-08
9.85629e-08
9.85629e-08
9.85629e-08
9.85629e-08
9.85629e-08
9.85629e-08
9.85629e-08
9.85629e-08
9.85629e-08
9.85629e-08
9.85626e-08
9.85626e-08
9.85626e-08
9.85626e-08
9.85626e-08
9.85626e-08
9.85626e-08
9.85626e-08
9.85626e-08
9.85626e-08
9.85626e-08
9.85626e-08
9.85626e-08
9.85626e-08
9.85626e-08
9.85626e-08
9.85626e-08
9.85626e-08
9.85623e-08
9.85623e-08
9.85623e-08
9.85623e-08
9.85623e-08
9.85623e-08
9.85623e-08
9.85623e-08
9.85623e-08
9.85623e-08
9.85623e-08
9.85623e-08
9.85623e-08
9.85623e-08
9.85623e-08
9.85623e-08
9.85623e-08
9.85623e-08
9.85623e-08
9.85623e-08
9.85623e-08
9.85623e-08
9.85623e-08
9.85623e-08
9.85623e-08
9.85623e-08
9.85623e-08
9.85623e-08
9.85623e-08
9.85623e-08
9.85623e-08
9.85623e-08
9.85623e-08
9.85623e-08
9.85623e-08
9.85623e-08
9.85623e-08
9.85623e-08
9.85623e-08
9.85623e-08
9.85623e-08
9.85623e-08
9.85623e-08
9.85623e-08
9.85623e-08
9.85623e-08
9.85623e-08
9.85623e-08
9.85623e-08
9.85623e-08
9.85623e-08
9.85623e-08
9.85623e-08
9.85623e-08
9.85623e-08
9.85623e-08
9.85623e-08
9.85623e-08
9.85626e-08
9.85626e-08
9.85626e-08
9.85626e-08
9.85626e-08
9.85626e-08
9.85626e-08
9.85626e-08
9.85626e-08
9.85626e-08
9.85626e-08
9.85626e-08
9.85626e-08
9.85626e-08
9.85626e-08
9.85626e-08
9.85626e-08
9.85626e-08
9.85626e-08
9.85626e-08
9.85626e-08
9.85626e-08
9.85626e-08
9.85629e-08
9.85629e-08
9.85629e-08
9.85629e-08
9.85629e-08
9.85629e-08
9.85629e-08
9.85629e-08
9.85629e-08
9.85629e-08
9.85629e-08
9.85629e-08
9.85629e-08
9.85629e-08
9.85629e-08
9.85629e-08
9.85629e-08
9.85631e-08
9.85631e-08
9.85631e-08
9.85631e-08
9.85631e-08
9.85631e-08
9.85631e-08
9.85631e-08
9.85631e-08
9.85631e-08
9.85631e-08
9.85631e-08
9.85631e-08
9.85631e-08
9.85631e-08
9.85634e-08
9.85634e-08
9.85634e-08
9.85634e-08
9.85634e-08
9.85634e-08
9.85634e-08
9.85634e-08
9.85634e-08
9.85634e-08
9.85634e-08
9.85634e-08
9.85637e-08
9.85637e-08
9.85637e-08
9.85637e-08
9.85637e-08
9.85637e-08
9.85637e-08
9.85637e-08
9.85637e-08
9.85637e-08
9.85637e-08
9.85637e-08
9.8564e-08
9.8564e-08
9.8564e-08
9.8564e-08
9.8564e-08
9.8564e-08
9.8564e-08
9.8564e-08
9.8564e-08
9.8564e-08
9.8564e-08
9.85643e-08
9.85643e-08
9.85643e-08
9.85643e-08
9.85643e-08
9.85643e-08
9.85643e-08
9.85643e-08
9.85643e-08
9.85643e-08
9.85643e-08
9.85645e-08
9.85645e-08
9.85645e-08
9.85645e-08
9.85645e-08
9.85645e-08
9.85645e-08
9.85645e-08
9.85645e-08
9.85645e-08
9.85648e-08
9.85648e-08
9.85648e-08
9.85648e-08
9.85648e-08
9.85648e-08
9.85648e-08
9.85648e-08
9.85648e-08
9.85648e-08
9.85651e-08
9.85651e-08
9.85651e-08
9.85651e-08
9.85651e-08
9.85651e-08
9.85651e-08
9.85651e-08
9.85651e-08
9.85654e-08
9.85654e-08
9.85654e-08
9.85654e-08
9.85654e-08
9.85654e-08
9.85654e-08
9.85654e-08
9.85654e-08
9.85657e-08
9.85657e-08
9.85657e-08
9.85657e-08
9.85657e-08
9.85657e-08
9.85657e-08
9.85657e-08
9.85657e-08
9.85659e-08
9.85659e-08
9.85659e-08
9.85659e-08
9.85659e-08
9.85659e-08
9.85659e-08
9.85659e-08
9.85659e-08
9.85662e-08
9.85662e-08
9.85662e-08
9.85662e-08
9.85662e-08
9.85662e-08
9.85662e-08
9.85662e-08
9.85662e-08
9.85665e-08
9.85665e-08
9.85665e-08
9.85665e-08
9.85665e-08
9.85665e-08
9.85665e-08
9.85665e-08
9.85668e-08
9.85668e-08
9.85668e-08
9.85668e-08
9.85668e-08
9.85668e-08
9.85668e-08
9.85668e-08
9.8567e-08
9.8567e-08
9.8567e-08
9.8567e-08
9.8567e-08
9.8567e-08
9.8567e-08
9.8567e-08
9.85673e-08
9.85673e-08
9.85673e-08
9.85673e-08
9.85673e-08
9.85673e-08
9.85673e-08
9.85673e-08
9.85676e-08
9.85676e-08
9.85676e-08
9.85676e-08
9.85676e-08
9.85676e-08
9.85676e-08
9.85676e-08
9.85679e-08
9.85679e-08
9.85679e-08
9.85679e-08
9.85679e-08
9.85679e-08
9.85679e-08
9.85679e-08
9.85682e-08
9.85682e-08
9.85682e-08
9.85682e-08
9.85682e-08
9.85682e-08
9.85682e-08
9.85682e-08
9.85684e-08
9.85684e-08
9.85684e-08
9.85684e-08
9.85684e-08
9.85684e-08
9.85684e-08
9.85687e-08
9.85687e-08
9.85687e-08
9.85687e-08
9.85687e-08
9.85687e-08
9.85687e-08
9.85687e-08
9.8569e-08
9.8569e-08
9.8569e-08
9.8569e-08
9.8569e-08
9.8569e-08
9.8569e-08
9.85693e-08
9.85693e-08
9.85693e-08
9.85693e-08
9.85693e-08
9.85693e-08
9.85693e-08
9.85693e-08
9.85696e-08
9.85696e-08
9.85696e-08
9.85696e-08
9.85696e-08
9.85696e-08
9.85696e-08
9.85698e-08
9.85698e-08
9.85698e-08
9.85698e-08
9.85698e-08
9.85698e-08
9.85698e-08
9.85698e-08
9.85701e-08
9.85701e-08
9.85701e-08
9.85701e-08
9.85701e-08
9.85701e-08
9.85701e-08
9.85704e-08
9.85704e-08
9.85704e-08
9.85704e-08
9.85704e-08
9.85704e-08
9.85704e-08
9.85707e-08
9.85707e-08
9.85707e-08
9.85707e-08
9.85707e-08
9.85707e-08
9.85707e-08
9.8571e-08
9.8571e-08
9.8571e-08
9.8571e-08
9.8571e-08
9.8571e-08
9.8571e-08
9.85712e-08
9.85712e-08
9.85712e-08
9.85712e-08
9.85712e-08
9.85712e-08
9.85712e-08
9.85715e-08
9.85715e-08
9.85715e-08
9.85715e-08
9.85715e-08
9.85715e-08
9.85715e-08
9.85718e-08
9.85718e-08
9.85718e-08
9.85718e-08
9.85718e-08
9.85718e-08
9.85718e-08
9.85721e-08
9.85721e-08
9.85721e-08
9.85721e-08
9.85721e-08
9.85721e-08
9.85721e-08
9.85723e-08
9.85723e-08
9.85723e-08
9.85723e-08
9.85723e-08
9.85723e-08
9.85723e-08
9.85726e-08
9.85726e-08
9.85726e-08
9.85726e-08
9.85726e-08
9.85726e-08
9.85726e-08
9.85729e-08
9.85729e-08
9.85729e-08
9.85729e-08
9.85729e-08
9.85729e-08
9.85729e-08
9.85732e-08
9.85732e-08
9.85732e-08
9.85732e-08
9.85732e-08
9.85732e-08
9.85732e-08
9.85735e-08
9.85735e-08
9.85735e-08
9.85735e-08
9.85735e-08
9.85735e-08
9.85735e-08
9.85737e-08
9.85737e-08
9.85737e-08
9.85737e-08
9.85737e-08
9.85737e-08
9.85737e-08
9.8574e-08
9.8574e-08
9.8574e-08
9.8574e-08
9.8574e-08
9.8574e-08
9.8574e-08
9.85743e-08
9.85743e-08
9.85743e-08
9.85743e-08
9.85743e-08
9.85743e-08
9.85746e-08
9.85746e-08
9.85746e-08
9.85746e-08
9.85746e-08
9.85746e-08
9.85746e-08
9.85749e-08
9.85749e-08
9.85749e-08
9.85749e-08
9.85749e-08
9.85749e-08
9.85749e-08
9.85751e-08
9.85751e-08
9.85751e-08
9.85751e-08
9.85751e-08
9.85751e-08
9.85751e-08
9.85754e-08
9.85754e-08
9.85754e-08
9.85754e-08
9.85754e-08
9.85754e-08
9.85757e-08
9.85757e-08
9.85757e-08
9.85757e-08
9.85757e-08
9.85757e-08
9.85757e-08
9.8576e-08
9.8576e-08
9.8576e-08
9.8576e-08
9.8576e-08
9.8576e-08
9.8576e-08
9.85763e-08
9.85763e-08
9.85763e-08
9.85763e-08
9.85763e-08
9.85763e-08
9.85765e-08
9.85765e-08
9.85765e-08
9.85765e-08
9.85765e-08
9.85765e-08
9.85765e-08
9.85768e-08
9.85768e-08
9.85768e-08
9.85768e-08
9.85768e-08
9.85768e-08
9.85768e-08
9.85771e-08
9.85771e-08
9.85771e-08
9.85771e-08
9.85771e-08
9.85771e-08
9.85774e-08
9.85774e-08
9.85774e-08
9.85774e-08
9.85774e-08
9.85774e-08
9.85774e-08
9.85776e-08
9.85776e-08
9.85776e-08
9.85776e-08
9.85776e-08
9.85776e-08
9.85779e-08
9.85779e-08
9.85779e-08
9.85779e-08
9.85779e-08
9.85779e-08
9.85779e-08
9.85782e-08
9.85782e-08
9.85782e-08
9.85782e-08
9.85782e-08
9.85782e-08
9.85782e-08
9.85785e-08
9.85785e-08
9.85785e-08
9.85785e-08
9.85785e-08
9.85785e-08
9.85788e-08
9.85788e-08
9.85788e-08
9.85788e-08
9.85788e-08
9.85788e-08
9.85788e-08
9.8579e-08
9.8579e-08
9.8579e-08
9.8579e-08
9.8579e-08
9.8579e-08
9.85793e-08
9.85793e-08
9.85793e-08
9.85793e-08
9.85793e-08
9.85793e-08
9.85793e-08
9.85796e-08
9.85796e-08
9.85796e-08
9.85796e-08
9.85796e-08
9.85796e-08
9.85799e-08
9.85799e-08
9.85799e-08
9.85799e-08
9.85799e-08
9.85799e-08
9.85799e-08
9.85802e-08
9.85802e-08
9.85802e-08
9.85802e-08
9.85802e-08
9.85802e-08
9.85804e-08
9.85804e-08
9.85804e-08
9.85804e-08
9.85804e-08
9.85804e-08
9.85804e-08
9.85807e-08
9.85807e-08
9.85807e-08
9.85807e-08
9.85807e-08
9.85807e-08
9.8581e-08
9.8581e-08
9.8581e-08
9.8581e-08
9.8581e-08
9.8581e-08
9.8581e-08
9.85813e-08
9.85813e-08
9.85813e-08
9.85813e-08
9.85813e-08
9.85813e-08
9.85816e-08
9.85816e-08
9.85816e-08
9.85816e-08
9.85816e-08
9.85816e-08
9.85816e-08
9.85818e-08
9.85818e-08
9.85818e-08
9.85818e-08
9.85818e-08
9.85818e-08
9.85821e-08
9.85821e-08
9.85821e-08
9.85821e-08
9.85821e-08
9.85821e-08
9.85824e-08
9.85824e-08
9.85824e-08
9.85824e-08
9.85824e-08
9.85824e-08
9.85824e-08
9.85827e-08
9.85827e-08
9.85827e-08
9.85827e-08
9.85827e-08
9.85827e-08
9.8583e-08
9.8583e-08
9.8583e-08
9.8583e-08
9.8583e-08
9.8583e-08
9.8583e-08
9.85832e-08
9.85832e-08
9.85832e-08
9.85832e-08
9.85832e-08
9.85832e-08
9.85835e-08
9.85835e-08
9.85835e-08
9.85835e-08
9.85835e-08
9.85835e-08
9.85835e-08
9.85838e-08
9.85838e-08
9.85838e-08
9.85838e-08
9.85838e-08
9.85838e-08
9.85841e-08
9.85841e-08
9.85841e-08
9.85841e-08
9.85841e-08
9.85841e-08
9.85843e-08
9.85843e-08
9.85843e-08
9.85843e-08
9.85843e-08
9.85843e-08
9.85843e-08
9.85846e-08
9.85846e-08
9.85846e-08
9.85846e-08
9.85846e-08
9.85846e-08
9.85849e-08
9.85849e-08
9.85849e-08
9.85849e-08
9.85849e-08
9.85849e-08
9.85849e-08
9.85852e-08
9.85852e-08
9.85852e-08
9.85852e-08
9.85852e-08
9.85852e-08
9.85855e-08
9.85855e-08
9.85855e-08
9.85855e-08
9.85855e-08
9.85855e-08
9.85857e-08
9.85857e-08
9.85857e-08
9.85857e-08
9.85857e-08
9.85857e-08
9.85857e-08
9.8586e-08
9.8586e-08
9.8586e-08
9.8586e-08
9.8586e-08
9.8586e-08
9.85863e-08
9.85863e-08
9.85863e-08
9.85863e-08
9.85863e-08
9.85863e-08
9.85863e-08
9.85866e-08
9.85866e-08
9.85866e-08
9.85866e-08
9.85866e-08
9.85866e-08
9.85869e-08
9.85869e-08
9.85869e-08
9.85869e-08
9.85869e-08
9.85869e-08
9.85871e-08
9.85871e-08
9.85871e-08
9.85871e-08
9.85871e-08
9.85871e-08
9.85871e-08
9.85874e-08
9.85874e-08
9.85874e-08
9.85874e-08
9.85874e-08
9.85874e-08
9.85877e-08
9.85877e-08
9.85877e-08
9.85877e-08
9.85877e-08
9.85877e-08
9.8588e-08
9.8588e-08
9.8588e-08
9.8588e-08
9.8588e-08
