1.081760
1.079990
1.078210
1.076440
1.074680
1.072940
1.071300
1.071080
1.073330
1.078570
1.087780
1.102730
1.127190
1.167530
1.231640
1.327010
1.458940
1.629680
1.838400
2.081950
2.355780
2.654820
2.974150
3.309260
3.656090
4.010990
4.370680
4.732260
5.093320
5.451950
5.806730
6.156600
6.500900
6.839010
7.170760
7.495840
7.814310
8.126000
8.430970
8.729320
9.021070
9.306400
9.585290
9.857950
10.124500
10.384900
10.639500
10.888300
11.131200
11.368600
11.600500
11.827000
12.048100
12.264000
12.474700
12.680300
12.880900
13.076600
13.267400
13.453500
13.634800
13.811400
13.983500
14.151000
14.314100
14.472700
14.627100
14.777100
14.922900
15.064500
15.201900
15.335300
15.464600
15.590000
15.711400
15.829000
15.942700
16.052700
16.158900
16.261500
16.360500
16.455900
16.547800
16.636200
16.721100
16.802700
16.880900
16.955800
17.027500
17.095900
17.161200
17.223300
17.282400
17.338400
17.391500
17.441500
17.488700
17.533000
17.574400
17.613100
17.649000
17.682200
17.712800
17.740700
17.766100
17.788800
17.809100
17.827000
17.842300
17.855400
17.866000
17.874300
17.880400
17.884200
17.885800
17.885200
17.882600
17.877800
17.871000
17.862100
17.851300
17.838500
17.823800
17.807200
17.788800
17.768600
17.746600
17.722800
17.697400
17.670300
17.641500
17.611100
17.579200
17.545700
17.510700
17.474100
17.436200
17.396800
17.356100
17.314000
17.270500
17.225700
17.179700
17.132500
17.084100
17.034400
16.983600
16.931700
16.878700
16.824600
16.769500
16.713400
16.656200
16.598100
16.539100
16.479100
16.418300
16.356600
16.294100
16.230800
16.166700
16.101800
16.036200
15.969900
15.902900
15.835200
15.766900
15.698000
15.628400
15.558400
15.487700
15.416500
15.344800
15.272600
15.200000
15.126900
15.053400
14.979400
14.905100
14.830400
14.755400
14.680000
14.604300
14.528300
14.452100
14.375600
14.298900
14.221900
14.144800
14.067500
13.990000
13.912300
13.834500
13.756600
13.678600
13.600600
13.522400
13.444200
13.366000
13.287700
13.209500
13.131200
13.053000
12.974800
12.896600
12.818500
12.740600
12.662600
12.584800
12.507100
12.429600
12.352200
12.274900
12.197900
12.121000
12.044300
11.967800
11.891500
11.815500
11.739700
11.664100
11.588800
11.513700
11.439000
11.364600
11.290400
11.216500
11.143000
11.069800
10.997000
10.924400
10.852200
10.780500
10.709000
10.637900
10.567300
10.496900
10.427100
10.357600
10.288500
10.219800
10.151600
10.083800
10.016400
9.949470
9.882930
9.816930
9.751290
9.686130
9.621450
9.557250
9.493470
9.430170
9.367350
9.305010
9.243100
9.181720
9.120820
9.060410
9.000470
8.941020
8.882040
8.823550
8.765530
8.708000
8.651010
8.594440
8.538400
8.482850
8.427780
8.373190
8.319080
8.265450
8.212300
8.159630
8.107450
8.055800
8.004570
7.953820
7.903560
7.853770
7.804410
7.755520
7.707120
7.659190
7.611690
7.564660
7.518120
7.472000
7.426300
7.381070
7.336270
7.291890
7.247990
7.204450
7.161390
7.118750
7.076530
7.034670
6.993290
6.952280
6.911680
6.871500
6.831680
6.792290
6.753310
6.714640
6.676440
6.638550
6.601070
6.563900
6.527140
6.490750
6.454720
6.419040
6.383730
6.348720
6.314070
6.279770
6.245780
6.212150
6.178880
6.145850
6.113180
6.080870
6.048800
6.017090
5.985660
5.954540
5.923720
5.893200
5.862960
5.833010
5.803350
5.773960
5.744860
5.716030
5.687470
5.659180
5.631150
5.603380
5.575870
5.548620
5.521610
5.494860
5.468350
5.442090
5.416060
5.390270
5.364710
5.339390
5.314290
5.289410
5.264770
5.240330
5.216120
5.192120
5.168330
5.144750
5.121370
5.098200
5.075240
5.052470
5.029890
5.007510
4.985320
4.963320
4.941510
4.919880
4.898430
4.877170
4.856080
4.835170
4.814430
4.793860
4.773470
4.753230
4.733170
4.713270
4.693530
4.673940
4.654520
4.635250
4.616140
4.597170
4.578360
4.559700
4.541180
4.522810
4.504570
4.486480
4.468540
4.450730
4.433050
4.415510
4.398110
4.380830
4.363690
4.346670
4.329790
4.313020
4.296390
4.279870
4.263480
4.247210
4.231050
4.215020
4.199100
4.183300
4.167610
4.152030
4.136560
4.121200
4.105950
4.090810
4.075780
4.060850
4.046020
4.031300
4.016680
4.002160
3.987730
3.973420
3.959190
3.945060
3.931030
3.917080
3.903240
3.889490
3.875830
3.862250
3.848770
3.835380
3.822070
3.808850
3.795720
3.782670
3.769710
3.756830
3.744030
3.731310
3.718670
3.706120
3.693640
3.681240
3.668920
3.656670
3.644500
3.632410
3.620390
3.608450
3.596570
3.584770
3.573040
3.561390
3.549800
3.538280
3.526830
3.515450
3.504140
3.492890
3.481710
3.470590
3.459540
3.448560
3.437640
3.426780
3.415990
3.405250
3.394580
3.383970
3.373420
3.362930
3.352500
3.342120
3.331810
3.321550
3.311350
3.301210
3.291120
3.281090
3.271110
3.261190
3.251320
3.241510
3.231750
3.222040
3.212390
3.202780
3.193230
3.183720
3.174270
3.164870
3.155520
3.146220
3.136960
3.127760
3.118600
3.109490
3.100420
3.091410
3.082440
3.073520
3.064640
3.055800
3.047020
3.038270
3.029580
3.020920
3.012300
3.003730
2.995210
2.986730
2.978280
2.969880
2.961520
2.953200
2.944930
2.936690
2.928490
2.920340
2.912220
2.904140
2.896100
2.888090
2.880130
2.872210
2.864320
2.856470
2.848650
2.840880
2.833130
2.825430
2.817760
2.810130
2.802530
2.794970
2.787440
2.779950
2.772490
2.765070
2.757670
2.750320
2.743000
2.735710
2.728450
2.721220
2.714030
2.706870
2.699750
2.692650
2.685580
2.678550
2.671540
2.664570
2.657630
2.650720
2.643840
2.636990
2.630160
2.623370
2.616610
2.609880
2.603170
2.596500
2.589850
2.583230
2.576640
2.570070
2.563540
2.557030
2.550550
2.544100
2.537670
2.531270
2.524900
2.518550
2.512230
2.505940
2.499670
2.493430
2.487210
2.481020
2.474860
2.468720
2.462600
2.456510
2.450440
2.444400
2.438380
2.432390
2.426420
2.420470
2.414550
2.408660
2.402780
2.396930
2.391100
2.385290
2.379510
2.373750
2.368010
2.362290
2.356610
2.350930
2.345290
2.339660
2.334050
2.328460
2.322900
2.317370
2.311840
2.306350
2.300870
2.295410
2.289970
2.284560
2.279160
2.273790
2.268430
2.263100
2.257780
2.252490
2.247210
2.241950
2.236720
2.231500
2.226300
2.221130
2.215970
2.210830
2.205700
2.200610
2.195520
2.190460
2.185410
2.180380
2.175360
2.170370
2.165400
2.160440
2.155500
2.150580
2.145680
2.140790
2.135930
2.131070
2.126240
2.121420
2.116620
2.111840
2.107070
2.102320
2.097590
2.092870
2.088170
2.083490
2.078820
2.074170
2.069530
2.064920
2.060320
2.055730
2.051160
2.046600
2.042060
2.037540
2.033030
2.028530
2.024050
2.019590
2.015140
2.010710
2.006300
2.001890
1.997500
1.993130
1.988770
1.984420
1.980100
1.975780
1.971480
1.967190
1.962920
1.958670
1.954420
1.950190
1.945980
1.941770
1.937590
1.933410
1.929250
1.925100
1.920970
1.916850
1.912740
1.908640
1.904570
1.900500
1.896450
1.892410
1.888380
1.884360
1.880360
1.876370
1.872400
1.868430
1.864480
1.860540
1.856620
1.852700
1.848800
1.844910
1.841040
1.837170
1.833320
1.829480
1.825650
1.821840
1.818030
1.814240
1.810470
1.806690
1.802940
1.799190
1.795460
1.791740
1.788030
1.784330
1.780640
1.776970
1.773300
1.769650
1.766010
1.762380
1.758760
1.755150
1.751550
1.747970
1.744390
1.740830
1.737270
1.733730
1.730200
1.726680
1.723160
1.719660
1.716170
1.712690
1.709220
1.705770
1.702320
1.698880
1.695450
1.692030
1.688630
1.685230
1.681840
1.678460
1.675090
1.671740
1.668390
1.665050
1.661730
1.658410
1.655100
1.651810
1.648510
1.645240
1.641970
1.638710
1.635460
1.632220
1.628980
1.625760
1.622550
1.619350
1.616150
1.612970
1.609790
1.606630
1.603470
1.600320
1.597180
1.594050
1.590930
1.587820
1.584710
1.581620
1.578530
1.575460
1.572390
1.569320
1.566270
1.563240
1.560200
1.557180
1.554160
1.551150
1.548150
1.545160
1.542180
1.539210
1.536240
1.533280
1.530330
1.527390
1.524460
1.521530
1.518620
1.515710
1.512810
1.509920
1.507040
1.504160
1.501290
1.498430
1.495580
1.492740
1.489900
1.487070
1.484250
1.481430
1.478630
1.475830
1.473040
1.470260
1.467480
1.464720
1.461960
1.459210
1.456460
1.453720
1.451000
1.448270
1.445560
1.442850
1.440150
1.437460
1.434770
1.432090
1.429430
1.426760
1.424100
1.421460
1.418810
1.416180
1.413550
1.410930
1.408320
1.405710
1.403110
1.400510
1.397930
1.395350
1.392770
1.390210
1.387650
1.385100
1.382550
1.380020
1.377480
1.374960
1.372440
1.369930
1.367420
1.364930
1.362430
1.359950
1.357470
1.355000
1.352530
1.350070
1.347620
1.345170
1.342740
1.340300
1.337870
1.335450
1.333040
1.330630
1.328230
1.325830
1.323440
1.321060
1.318680
1.316310
1.313940
1.311590
1.309240
1.306890
1.304550
1.302220
1.299890
1.297560
1.295250
1.292940
1.290630
1.288330
1.286040
1.283750
1.281470
1.279200
1.276930
1.274660
1.272410
1.270160
1.267910
1.265670
1.263430
1.261200
1.258980
1.256770
1.254550
1.252350
1.250150
1.247950
1.245760
1.243580
1.241400
1.239220
1.237060
1.234890
1.232740
1.230590
1.228440
1.226300
1.224160
1.222040
1.219910
1.217790
1.215680
1.213570
1.211470
1.209370
1.207270
1.205190
1.203110
1.201030
1.198960
1.196890
1.194830
1.192770
1.190720
1.188670
1.186630
1.184600
1.182570
1.180540
1.178520
1.176500
1.174500
1.172480
1.170480
1.168490
1.166500
1.164510
1.162530
1.160560
1.158580
1.156620
1.154650
1.152700
1.150740
1.148800
1.146850
1.144920
1.142980
1.141060
1.139130
1.137210
1.135300
1.133390
1.131480
1.129580
1.127690
1.125800
1.123910
1.122020
1.120150
1.118280
1.116410
1.114550
1.112690
1.110830
1.108980
1.107140
1.105290
1.103460
1.101620
1.099800
1.097970
1.096150
1.094340
1.092530
1.090720
1.088920
1.087130
1.085330
1.083540
1.081760
1.079980
1.078200
1.076440
1.074680
1.072930
1.071300
1.071070
1.073330
1.078570
1.087770
1.102730
1.127180
1.167520
1.231630
1.327000
1.458940
1.629670
1.838390
2.081940
2.355760
2.654810
2.974130
3.309240
3.656080
4.010990
4.370680
4.732260
5.093330
5.451970
5.806740
6.156600
6.500900
6.839010
7.170760
7.495900
7.814310
8.126000
8.430970
8.729320
9.021070
9.306400
9.585290
9.858010
10.124500
10.385000
10.639500
10.888300
11.131200
11.368600
11.600500
11.827000
12.048100
12.264000
12.474700
12.680300
12.881000
13.076600
13.267400
13.453500
13.634800
13.811500
13.983500
14.151000
14.314100
14.472700
14.627100
14.777100
14.922900
15.064500
15.201900
15.335300
15.464700
15.590000
15.711400
15.829000
15.942800
16.052700
16.159000
16.261600
16.360600
16.456000
16.547900
16.636200
16.721200
16.802800
16.881000
16.955900
17.027600
17.096000
17.161300
17.223500
17.282500
17.338500
17.391600
17.441600
17.488800
17.533100
17.574500
17.613200
17.649100
17.682300
17.712900
17.740800
17.766100
17.788900
17.809200
17.827000
17.842500
17.855400
17.866100
17.874400
17.880500
17.884300
17.885900
17.885300
17.882600
17.877900
17.871000
17.862200
17.851300
17.838600
17.823900
17.807300
17.788900
17.768600
17.746700
17.722900
17.697500
17.670300
17.641600
17.611200
17.579200
17.545700
17.510700
17.474200
17.436200
17.396900
17.356100
17.314000
17.270600
17.225900
17.179900
17.132600
17.084100
17.034500
16.983700
16.931800
16.878700
16.824700
16.769600
16.713400
16.656300
16.598200
16.539100
16.479200
16.418400
16.356700
16.294200
16.230900
16.166800
16.101900
16.036300
15.970000
15.903000
15.835300
15.767000
15.698100
15.628500
15.558400
15.487800
15.416600
15.344900
15.272700
15.200100
15.126900
15.053400
14.979500
14.905100
14.830500
14.755400
14.680100
14.604400
14.528400
14.452200
14.375700
14.298900
14.222000
14.144800
14.067500
13.990000
13.912400
13.834600
13.756700
13.678700
13.600600
13.522500
13.444300
13.366000
13.287800
13.209500
13.131200
13.053000
12.974800
12.896600
12.818600
12.740600
12.662700
12.584900
12.507200
12.429600
12.352200
12.275000
12.198000
12.121000
12.044300
11.967800
11.891500
11.815500
11.739700
11.664100
11.588800
11.513800
11.439000
11.364600
11.290500
11.216600
11.143100
11.069900
10.997000
10.924500
10.852300
10.780500
10.709100
10.638000
10.567300
10.497000
10.427100
10.357600
10.288500
10.219900
10.151600
10.083800
10.016400
9.949530
9.882990
9.816930
9.751350
9.686190
9.621510
9.557250
9.493530
9.430230
9.367410
9.305010
9.243160
9.181780
9.120820
9.060410
9.000470
8.941020
8.882040
8.823550
8.765530
8.708000
8.651010
8.594440
8.538400
8.482850
8.427780
8.373190
8.319080
8.265450
8.212300
8.159690
8.107510
8.055800
8.004570
7.953820
7.903560
7.853770
7.804410
7.755580
7.707180
7.659190
7.611750
7.564720
7.518120
7.472000
7.426300
7.381070
7.336270
7.291890
7.247990
7.204510
7.161390
7.118750
7.076530
7.034730
6.993290
6.952280
6.911740
6.871500
6.831740
6.792350
6.753310
6.714700
6.676440
6.638550
6.601070
6.563960
6.527200
6.490810
6.454720
6.419040
6.383730
6.348720
6.314070
6.279770
6.245840
6.212150
6.178880
6.145910
6.113240
6.080870
6.048800
6.017090
5.985680
5.954550
5.923730
5.893210
5.862970
5.833020
5.803360
5.773970
5.744870
5.716040
5.687480
5.659190
5.631160
5.603390
5.575890
5.548630
5.521630
5.494870
5.468360
5.442100
5.416070
5.390280
5.364720
5.339400
5.314300
5.289430
5.264770
5.240340
5.216130
5.192130
5.168340
5.144760
5.121390
5.098220
5.075240
5.052480
5.029900
5.007520
4.985330
4.963330
4.941520
4.919890
4.898440
4.877180
4.856090
4.835180
4.814440
4.793870
4.773470
4.753240
4.733170
4.713270
4.693530
4.673950
4.654530
4.635260
4.616140
4.597180
4.578370
4.559700
4.541180
4.522810
4.504580
4.486490
4.468540
4.450730
4.433060
4.415520
4.398110
4.380840
4.363690
4.346680
4.329790
4.313030
4.296400
4.279880
4.263490
4.247220
4.231060
4.215030
4.199110
4.183300
4.167610
4.152030
4.136560
4.121210
4.105960
4.090820
4.075780
4.060850
4.046030
4.031300
4.016690
4.002170
3.987740
3.973420
3.959200
3.945060
3.931030
3.917090
3.903250
3.889490
3.875830
3.862260
3.848780
3.835380
3.822080
3.808860
3.795720
3.782680
3.769710
3.756830
3.744030
3.731310
3.718680
3.706120
3.693650
3.681250
3.668920
3.656680
3.644510
3.632410
3.620400
3.608450
3.596580
3.584780
3.573050
3.561390
3.549800
3.538280
3.526840
3.515460
3.504140
3.492890
3.481720
3.470600
3.459550
3.448570
3.437640
3.426780
3.415990
3.405250
3.394580
3.383980
3.373430
3.362930
3.352500
3.342130
3.331810
3.321550
3.311360
3.301210
3.291120
3.281090
3.271110
3.261190
3.251330
3.241510
3.231750
3.222040
3.212390
3.202780
3.193230
3.183730
3.174270
3.164880
3.155530
3.146220
3.136970
3.127760
3.118600
3.109490
3.100430
3.091420
3.082440
3.073520
3.064640
3.055810
3.047020
3.038280
3.029580
3.020920
3.012310
3.003740
2.995210
2.986730
2.978280
2.969890
2.961530
2.953200
2.944930
2.936690
2.928490
2.920340
2.912220
2.904140
2.896100
2.888100
2.880130
2.872210
2.864320
2.856470
2.848650
2.840880
2.833130
2.825440
2.817770
2.810130
2.802540
2.794980
2.787440
2.779960
2.772500
2.765070
2.757680
2.750320
2.743000
2.735710
2.728450
2.721230
2.714030
2.706870
2.699750
2.692650
2.685580
2.678550
2.671540
2.664570
2.657630
2.650720
2.643840
2.636990
2.630160
2.623370
2.616610
2.609880
2.603180
2.596500
2.589850
2.583230
2.576640
2.570070
2.563540
2.557040
2.550560
2.544100
2.537670
2.531270
2.524900
2.518560
2.512230
2.505940
2.499670
2.493430
2.487210
2.481020
2.474860
2.468720
2.462600
2.456510
2.450440
2.444400
2.438380
2.432390
2.426420
2.420470
2.414550
2.408660
2.402780
2.396930
2.391100
2.385290
2.379510
2.373750
2.368010
2.362300
2.356610
2.350930
2.345290
2.339660
2.334050
2.328470
2.322900
2.317370
2.311850
2.306350
2.300870
2.295410
2.289970
2.284560
2.279160
2.273790
2.268430
2.263100
2.257780
2.252490
2.247210
2.241960
2.236720
2.231500
2.226310
2.221130
2.215970
2.210830
2.205710
2.200610
2.195520
2.190460
2.185410
2.180380
2.175370
2.170370
2.165400
2.160450
2.155500
2.150580
2.145680
2.140800
2.135930
2.131070
2.126240
2.121420
2.116620
2.111840
2.107070
2.102320
2.097590
2.092870
2.088180
2.083490
2.078820
2.074170
2.069530
2.064920
2.060320
2.055730
2.051160
2.046600
2.042060
2.037540
2.033030
2.028530
2.024050
2.019590
2.015150
2.010710
2.006300
2.001890
1.997500
1.993130
1.988770
1.984430
1.980100
1.975780
1.971480
1.967190
1.962920
1.958670
1.954420
1.950190
1.945980
1.941770
1.937590
1.933410
1.929250
1.925100
1.920970
1.916850
1.912740
1.908640
1.904570
1.900500
1.896450
1.892410
1.888380
1.884360
1.880360
1.876370
1.872400
1.868430
1.864480
1.860540
1.856620
1.852700
1.848810
1.844910
1.841040
1.837170
1.833320
1.829480
1.825650
1.821840
1.818030
1.814240
1.810470
1.806690
1.802940
1.799190
1.795460
1.791740
1.788030
1.784330
1.780640
1.776970
1.773300
1.769650
1.766010
1.762380
1.758760
1.755150
1.751550
1.747970
1.744390
1.740830
1.737270
1.733730
1.730200
1.726680
1.723160
1.719660
1.716170
1.712700
1.709220
1.705770
1.702320
1.698880
1.695450
1.692030
1.688630
1.685230
1.681840
1.678460
1.675090
1.671740
1.668390
1.665050
1.661730
1.658410
1.655100
1.651810
1.648510
1.645240
1.641970
1.638710
1.635460
1.632220
1.628980
1.625760
1.622550
1.619350
1.616150
1.612970
1.609790
1.606630
1.603470
1.600320
1.597180
1.594050
1.590930
1.587820
1.584710
1.581620
1.578530
1.575460
1.572390
1.569320
1.566270
1.563240
1.560200
1.557180
1.554160
1.551150
1.548150
1.545160
1.542180
1.539210
1.536240
1.533280
1.530330
1.527390
1.524460
1.521530
1.518620
1.515710
1.512810
1.509920
1.507040
1.504160
1.501290
1.498430
1.495580
1.492740
1.489900
1.487070
1.484250
1.481430
1.478630
1.475830
1.473040
1.470260
1.467480
1.464720
1.461960
1.459210
1.456460
1.453720
1.451000
1.448270
1.445560
1.442850
1.440150
1.437460
1.434770
1.432100
1.429430
1.426760
1.424100
1.421460
1.418810
1.416180
1.413550
1.410930
1.408320
1.405710
1.403110
1.400510
1.397930
1.395350
1.392770
1.390210
1.387650
1.385100
1.382550
1.380020
1.377480
1.374960
1.372440
1.369930
1.367420
1.364930
1.362430
1.359950
1.357470
1.355000
1.352530
1.350070
1.347620
1.345170
1.342740
1.340300
1.337870
1.335450
1.333040
1.330630
1.328230
1.325830
1.323450
1.321060
1.318680
1.316310
1.313940
1.311590
1.309240
1.306890
1.304550
1.302220
1.299890
1.297560
1.295250
1.292940
1.290630
1.288330
1.286040
1.283750
1.281470
1.279200
1.276930
1.274670
1.272410
1.270160
1.267910
1.265670
1.263430
1.261200
1.258980
1.256770
1.254550
1.252350
1.250150
1.247950
1.245760
1.243580
1.241400
1.239220
1.237060
1.234890
1.232740
1.230590
1.228440
1.226300
1.224170
1.222040
1.219910
1.217790
1.215680
1.213570
1.211470
1.209370
1.207270
1.205190
1.203110
1.201030
1.198960
1.196890
1.194830
1.192770
1.190720
1.188670
1.186630
1.184600
1.182570
1.180540
1.178520
1.176500
1.174500
1.172490
1.170480
1.168490
1.166500
1.164510
1.162530
1.160560
1.158580
1.156620
1.154650
1.152700
1.150740
1.148800
1.146850
1.144920
1.142980
1.141060
1.139130
1.137210
1.135300
1.133390
1.131480
1.129580
1.127690
1.125800
1.123910
1.122020
1.120150
1.118280
1.116410
1.114550
1.112690
1.110830
1.108980
1.107140
1.105290
1.103460
1.101620
1.099800
1.097970
1.096150
1.094340
1.092530
1.090720
1.088920
1.087130
1.085330
1.083540
1.081760
1.079980
1.078200
1.076440
1.074680
1.072930
1.071300
1.071070
1.073330
1.078570
1.087760
1.102720
1.127180
1.167500
1.231610
1.326970
1.458910
1.629630
1.838350
2.081890
2.355700
2.654730
2.974050
3.309140
3.655960
4.010860
4.370530
4.732090
5.093140
5.451760
5.806520
6.156420
6.500660
6.838770
7.170520
7.495600
7.814010
8.125700
8.430720
8.729020
9.020770
9.306100
9.584990
9.857650
10.124200
10.384600
10.639200
10.887900
11.130900
11.368300
11.600200
11.826600
12.047800
12.263600
12.474300
12.679900
12.880500
13.076200
13.267000
13.453100
13.634400
13.811000
13.983000
14.150600
14.313700
14.472300
14.626600
14.776600
14.922400
15.064000
15.201500
15.334800
15.464100
15.589500
15.710900
15.828400
15.942200
16.052100
16.158400
16.261000
16.360000
16.455400
16.547200
16.635600
16.720600
16.802200
16.880400
16.955300
17.026900
17.095400
17.160600
17.222800
17.281800
17.337900
17.390900
17.441000
17.488100
17.532400
17.573800
17.612500
17.648400
17.681600
17.712200
17.740100
17.765400
17.788200
17.808500
17.826300
17.841700
17.854700
17.865300
17.873700
17.879700
17.883500
17.885200
17.884600
17.881900
17.877100
17.870300
17.861400
17.850600
17.837800
17.823100
17.806500
17.788100
17.767900
17.745900
17.722200
17.696700
17.669600
17.640800
17.610400
17.578500
17.544900
17.509900
17.473400
17.435500
17.396100
17.355300
17.313200
17.269800
17.225100
17.179000
17.131800
17.083400
17.033700
16.982900
16.931000
16.878000
16.823900
16.768800
16.712600
16.655500
16.597400
16.538400
16.478400
16.417600
16.355900
16.293400
16.230100
16.166000
16.101100
16.035500
15.969200
15.902200
15.834500
15.766200
15.697300
15.627700
15.557600
15.487000
15.415800
15.344100
15.271900
15.199300
15.126100
15.052600
14.978700
14.904400
14.829700
14.754600
14.679300
14.603600
14.527600
14.451400
14.374900
14.298200
14.221200
14.144100
14.066800
13.989300
13.911600
13.833900
13.756000
13.678000
13.599900
13.521800
13.443500
13.365300
13.287100
13.208800
13.130600
13.052300
12.974100
12.896000
12.817900
12.739900
12.662000
12.584200
12.506500
12.429000
12.351600
12.274300
12.197200
12.120400
12.043700
11.967200
11.890900
11.814900
11.739100
11.663500
11.588200
11.513100
11.438400
11.364000
11.289800
11.216000
11.142400
11.069300
10.996400
10.923900
10.851700
10.779900
10.708500
10.637400
10.566700
10.496500
10.426600
10.357100
10.288000
10.219300
10.151100
10.083300
10.015900
9.948930
9.882450
9.816390
9.750810
9.685650
9.620970
9.556770
9.492990
9.429690
9.366870
9.304530
9.242680
9.181300
9.120400
9.059930
8.999990
8.940540
8.881560
8.823070
8.765110
8.707580
8.650590
8.594020
8.537980
8.482430
8.427360
8.372770
8.318660
8.265030
8.211940
8.159270
8.107090
8.055380
8.004210
7.953460
7.903200
7.853410
7.804040
7.755220
7.706810
7.658830
7.611390
7.564360
7.517760
7.471640
7.425990
7.380710
7.335970
7.291590
7.247630
7.204150
7.161090
7.118450
7.076230
7.034370
6.992990
6.951980
6.911440
6.871200
6.831440
6.792050
6.753010
6.714400
6.676140
6.638310
6.600770
6.563660
6.526900
6.490510
6.454480
6.418800
6.383490
6.348480
6.313830
6.279530
6.245600
6.211910
6.178640
6.145670
6.113000
6.080630
6.048620
6.016850
5.985450
5.954330
5.923510
5.892990
5.862750
5.832810
5.803150
5.773770
5.744670
5.715830
5.687280
5.658980
5.630960
5.603200
5.575690
5.548430
5.521440
5.494680
5.468180
5.441910
5.415890
5.390100
5.364540
5.339220
5.314120
5.289250
5.264600
5.240180
5.215960
5.191960
5.168170
5.144600
5.121220
5.098050
5.075080
5.052320
5.029740
5.007360
4.985170
4.963170
4.941370
4.919740
4.898300
4.877030
4.855940
4.835030
4.814290
4.793730
4.773330
4.753100
4.733040
4.713130
4.693390
4.673810
4.654390
4.635120
4.616010
4.597050
4.578240
4.559570
4.541060
4.522680
4.504450
4.486360
4.468420
4.450610
4.432940
4.415400
4.397990
4.380720
4.363580
4.346570
4.329680
4.312920
4.296280
4.279770
4.263380
4.247100
4.230950
4.214920
4.199000
4.183200
4.167500
4.151930
4.136460
4.121110
4.105860
4.090720
4.075680
4.060750
4.045930
4.031200
4.016580
4.002060
3.987640
3.973320
3.959100
3.944970
3.930930
3.917000
3.903150
3.889400
3.875740
3.862170
3.848690
3.835290
3.821990
3.808770
3.795630
3.782590
3.769620
3.756740
3.743940
3.731230
3.718590
3.706040
3.693560
3.681160
3.668840
3.656590
3.644430
3.632340
3.620310
3.608370
3.596500
3.584700
3.572970
3.561310
3.549720
3.538210
3.526760
3.515380
3.504060
3.492820
3.481640
3.470520
3.459480
3.448490
3.437570
3.426710
3.415920
3.405180
3.394510
3.383900
3.373350
3.362860
3.352430
3.342060
3.331750
3.321490
3.311290
3.301140
3.291060
3.281020
3.271050
3.261130
3.251260
3.241450
3.231690
3.221980
3.212320
3.202720
3.193170
3.183660
3.174210
3.164810
3.155460
3.146160
3.136900
3.127700
3.118540
3.109430
3.100370
3.091360
3.082380
3.073460
3.064580
3.055750
3.046960
3.038220
3.029520
3.020860
3.012250
3.003680
2.995150
2.986670
2.978230
2.969830
2.961470
2.953150
2.944870
2.936630
2.928440
2.920280
2.912160
2.904080
2.896040
2.888040
2.880080
2.872150
2.864270
2.856420
2.848610
2.840830
2.833090
2.825380
2.817710
2.810080
2.802480
2.794920
2.787400
2.779900
2.772440
2.765020
2.757630
2.750280
2.742950
2.735660
2.728400
2.721180
2.713980
2.706830
2.699700
2.692600
2.685540
2.678500
2.671500
2.664530
2.657590
2.650670
2.643790
2.636950
2.630120
2.623330
2.616570
2.609840
2.603130
2.596460
2.589810
2.583190
2.576600
2.570030
2.563500
2.556990
2.550510
2.544060
2.537630
2.531240
2.524860
2.518520
2.512190
2.505900
2.499630
2.493390
2.487170
2.480980
2.474820
2.468680
2.462560
2.456470
2.450410
2.444360
2.438350
2.432350
2.426380
2.420440
2.414520
2.408610
2.402740
2.396890
2.391060
2.385260
2.379470
2.373720
2.367970
2.362260
2.356570
2.350890
2.345250
2.339620
2.334010
2.328430
2.322870
2.317330
2.311810
2.306310
2.300830
2.295370
2.289940
2.284520
2.279130
2.273750
2.268400
2.263060
2.257750
2.252460
2.247180
2.241920
2.236690
2.231470
2.226270
2.221100
2.215940
2.210800
2.205670
2.200570
2.195490
2.190420
2.185380
2.180350
2.175330
2.170340
2.165370
2.160410
2.155470
2.150550
2.145650
2.140760
2.135900
2.131040
2.126210
2.121390
2.116590
2.111810
2.107040
2.102290
2.097560
2.092840
2.088150
2.083460
2.078790
2.074140
2.069510
2.064890
2.060290
2.055700
2.051130
2.046570
2.042030
2.037510
2.033000
2.028500
2.024030
2.019560
2.015120
2.010690
2.006270
2.001860
1.997470
1.993100
1.988740
1.984400
1.980070
1.975760
1.971450
1.967170
1.962890
1.958640
1.954400
1.950160
1.945950
1.941750
1.937560
1.933380
1.929220
1.925080
1.920940
1.916820
1.912720
1.908620
1.904540
1.900470
1.896420
1.892380
1.888350
1.884340
1.880330
1.876350
1.872370
1.868410
1.864460
1.860520
1.856590
1.852680
1.848780
1.844890
1.841020
1.837150
1.833300
1.829460
1.825630
1.821820
1.818010
1.814220
1.810440
1.806670
1.802920
1.799170
1.795440
1.791720
1.788010
1.784310
1.780620
1.776940
1.773280
1.769630
1.765990
1.762360
1.758730
1.755120
1.751530
1.747940
1.744370
1.740800
1.737250
1.733710
1.730170
1.726650
1.723140
1.719640
1.716150
1.712670
1.709200
1.705740
1.702290
1.698860
1.695430
1.692010
1.688600
1.685210
1.681820
1.678440
1.675080
1.671720
1.668370
1.665040
1.661710
1.658390
1.655080
1.651780
1.648500
1.645220
1.641940
1.638680
1.635430
1.632200
1.628970
1.625740
1.622530
1.619330
1.616130
1.612950
1.609770
1.606600
1.603450
1.600300
1.597160
1.594030
1.590910
1.587800
1.584690
1.581600
1.578510
1.575430
1.572370
1.569310
1.566260
1.563220
1.560180
1.557160
1.554140
1.551130
1.548130
1.545140
1.542160
1.539190
1.536220
1.533260
1.530310
1.527380
1.524440
1.521510
1.518600
1.515690
1.512790
1.509900
1.507020
1.504140
1.501270
1.498410
1.495560
1.492720
1.489880
1.487050
1.484230
1.481420
1.478610
1.475810
1.473030
1.470250
1.467470
1.464700
1.461940
1.459190
1.456440
1.453710
1.450980
1.448260
1.445540
1.442840
1.440130
1.437440
1.434760
1.432080
1.429410
1.426750
1.424090
1.421440
1.418800
1.416160
1.413530
1.410910
1.408300
1.405690
1.403090
1.400500
1.397910
1.395330
1.392760
1.390200
1.387640
1.385090
1.382540
1.380000
1.377470
1.374940
1.372430
1.369920
1.367410
1.364910
1.362420
1.359930
1.357450
1.354980
1.352520
1.350060
1.347610
1.345160
1.342720
1.340280
1.337860
1.335440
1.333020
1.330620
1.328210
1.325820
1.323430
1.321040
1.318660
1.316300
1.313930
1.311570
1.309220
1.306880
1.304530
1.302200
1.299870
1.297550
1.295230
1.292920
1.290620
1.288320
1.286020
1.283740
1.281460
1.279180
1.276910
1.274650
1.272390
1.270140
1.267890
1.265650
1.263420
1.261190
1.258970
1.256750
1.254540
1.252330
1.250130
1.247940
1.245750
1.243570
1.241390
1.239210
1.237040
1.234880
1.232730
1.230580
1.228430
1.226290
1.224150
1.222020
1.219900
1.217780
1.215660
1.213560
1.211450
1.209360
1.207260
1.205180
1.203090
1.201020
1.198940
1.196880
1.194820
1.192760
1.190710
1.188660
1.186620
1.184580
1.182550
1.180530
1.178510
1.176490
1.174480
1.172480
1.170470
1.168480
1.166480
1.164500
1.162520
1.160540
1.158570
1.156600
1.154640
1.152680
1.150730
1.148790
1.146850
1.144910
1.142970
1.141040
1.139120
1.137200
1.135290
1.133380
1.131470
1.129570
1.127680
1.125780
1.123900
1.122020
1.120140
1.118270
1.116400
1.114540
1.112670
1.110820
1.108970
1.107120
1.105280
1.103440
1.101610
1.099790
1.097960
1.096150
1.094330
1.092520
1.090710
1.088910
1.087110
1.085320
1.083540
1.081750
