0.094637
0.094723
0.095096
0.095981
0.097884
0.102891
0.363590
0.341974
0.336933
0.361951
0.405903
0.483465
0.592410
0.702924
0.801744
0.886323
0.957892
1.018210
1.068710
1.110510
1.144670
1.172250
1.194390
1.212180
1.226550
1.238200
1.247480
1.254450
1.259000
1.260970
1.260490
1.257960
1.253940
1.248990
1.243520
1.237760
1.231850
1.225850
1.219770
1.213640
1.207440
1.201180
1.194870
1.188500
1.182090
1.175620
1.169120
1.162570
1.155990
1.149370
1.142730
1.136060
1.129380
1.122670
1.115950
1.109220
1.102480
1.095740
1.089000
1.082260
1.075520
1.068780
1.062060
1.055350
1.048640
1.041960
1.035280
1.028630
1.021990
1.015380
1.008780
1.002210
0.995655
0.989128
0.982626
0.976151
0.969702
0.963281
0.956888
0.950523
0.944188
0.937882
0.931607
0.925363
0.919150
0.912968
0.906819
0.900701
0.894617
0.888565
0.882546
0.876561
0.870609
0.864690
0.858806
0.852956
0.847140
0.841358
0.835610
0.829897
0.824219
0.818575
0.812966
0.807392
0.801852
0.796347
0.790877
0.785442
0.780042
0.774677
0.769346
0.764050
0.758790
0.753564
0.748373
0.743216
0.738095
0.733008
0.727956
0.722938
0.717955
0.713007
0.708093
0.703214
0.698369
0.693558
0.688781
0.684039
0.679330
0.674656
0.670015
0.665409
0.660836
0.656297
0.651791
0.647319
0.642880
0.638474
0.634102
0.629763
0.625456
0.621183
0.616942
0.612734
0.608558
0.604415
0.600303
0.596224
0.592177
0.588162
0.584179
0.580227
0.576307
0.572417
0.568560
0.564733
0.560937
0.557171
0.553437
0.549732
0.546058
0.542414
0.538800
0.535216
0.531662
0.528137
0.524641
0.521174
0.517737
0.514328
0.510948
0.507596
0.504273
0.500977
0.497710
0.494471
0.491259
0.488074
0.484917
0.481787
0.478684
0.475607
0.472557
0.469533
0.466535
0.463564
0.460618
0.457698
0.454803
0.451933
0.449088
0.446269
0.443473
0.440703
0.437956
0.435234
0.432536
0.429861
0.427210
0.424582
0.421978
0.419396
0.416837
0.414301
0.411787
0.409295
0.406826
0.404378
0.401952
0.399547
0.397164
0.394802
0.392460
0.390140
0.387840
0.385560
0.383300
0.381061
0.378841
0.376641
0.374461
0.372300
0.370158
0.368035
0.365930
0.363845
0.361777
0.359728
0.357697
0.355684
0.353689
0.351711
0.349751
0.347808
0.345882
0.343973
0.342081
0.340205
0.338346
0.336503
0.334677
0.332866
0.331071
0.329292
0.327528
0.325780
0.324047
0.322329
0.320625
0.318937
0.317263
0.315604
0.313959
0.312329
0.310712
0.309110
0.307521
0.305946
0.304384
0.302836
0.301301
0.299779
0.298271
0.296775
0.295292
0.293821
0.292363
0.290918
0.289485
0.288063
0.286654
0.285257
0.283872
0.282498
0.281136
0.279786
0.278447
0.277119
0.275802
0.274496
0.273201
0.271917
0.270644
0.269382
0.268129
0.266888
0.265656
0.264435
0.263224
0.262023
0.260832
0.259651
0.258479
0.257317
0.256165
0.255022
0.253889
0.252765
0.251650
0.250544
0.249448
0.248360
0.247281
0.246211
0.245149
0.244097
0.243052
0.242017
0.240989
0.239970
0.238960
0.237957
0.236962
0.235976
0.234997
0.234026
0.233063
0.232108
0.231161
0.230221
0.229288
0.228363
0.227446
0.226535
0.225632
0.224736
0.223847
0.222966
0.222091
0.221223
0.220362
0.219508
0.218660
0.217819
0.216985
0.216157
0.215336
0.214521
0.213713
0.212911
0.212115
0.211326
0.210542
0.209765
0.208994
0.208228
0.207469
0.206715
0.205968
0.205226
0.204490
0.203759
0.203034
0.202315
0.201601
0.200892
0.200190
0.199492
0.198800
0.198113
0.197431
0.196754
0.196083
0.195417
0.194755
0.194099
0.193448
0.192801
0.192160
0.191523
0.190891
0.190264
0.189641
0.189023
0.188410
0.187801
0.187197
0.186597
0.186002
0.185411
0.184825
0.184243
0.183665
0.183091
0.182522
0.181957
0.181396
0.180839
0.180286
0.179737
0.179192
0.178652
0.178115
0.177582
0.177053
0.176528
0.176006
0.175489
0.174975
0.174464
0.173958
0.173455
0.172956
0.172460
0.171968
0.171479
0.170994
0.170512
0.170034
0.169559
0.169087
0.168619
0.168154
0.167692
0.167234
0.166779
0.166327
0.165878
0.165433
0.164990
0.164551
0.164114
0.163681
0.163251
0.162824
0.162399
0.161978
0.161559
0.161144
0.160731
0.160321
0.159914
0.159510
0.159109
0.158710
0.158314
0.157921
0.157530
0.157142
0.156757
0.156374
0.155994
0.155616
0.155241
0.154869
0.154499
0.154132
0.153767
0.153404
0.153044
0.152686
0.152331
0.151978
0.151628
0.151280
0.150934
0.150590
0.150249
0.149910
0.149573
0.149238
0.148906
0.148576
0.148248
0.147922
0.147598
0.147277
0.146957
0.146640
0.146324
0.146011
0.145700
0.145391
0.145083
0.144778
0.144475
0.144174
0.143874
0.143577
0.143281
0.142988
0.142696
0.142406
0.142118
0.141832
0.141548
0.141265
0.140985
0.140706
0.140429
0.140153
0.139880
0.139608
0.139338
0.139069
0.138802
0.138537
0.138274
0.138012
0.137752
0.137493
0.137237
0.136981
0.136728
0.136475
0.136225
0.135976
0.135729
0.135483
0.135238
0.134996
0.134754
0.134514
0.134276
0.134039
0.133804
0.133570
0.133337
0.133106
0.132876
0.132648
0.132421
0.132196
0.131971
0.131749
0.131527
0.131307
0.131088
0.130871
0.130655
0.130440
0.130227
0.130014
0.129803
0.129594
0.129385
0.129178
0.128972
0.128768
0.128564
0.128362
0.128161
0.127961
0.127763
0.127565
0.127369
0.127174
0.126980
0.126787
0.126596
0.126405
0.126216
0.126027
0.125840
0.125654
0.125469
0.125286
0.125103
0.124921
0.124740
0.124561
0.124382
0.124205
0.124028
0.123853
0.123679
0.123505
0.123333
0.123162
0.122991
0.122822
0.122654
0.122486
0.122320
0.122154
0.121990
0.121826
0.121663
0.121502
0.121341
0.121181
0.121022
0.120864
0.120707
0.120551
0.120396
0.120241
0.120088
0.119935
0.119783
0.119632
0.119482
0.119333
0.119185
0.119037
0.118891
0.118745
0.118600
0.118456
0.118312
0.118170
0.118028
0.117887
0.117747
0.117607
0.117469
0.117331
0.117194
0.117058
0.116922
0.116787
0.116653
0.116520
0.116388
0.116256
0.116125
0.115994
0.115865
0.115736
0.115608
0.115480
0.115354
0.115228
0.115102
0.114978
0.114854
0.114731
0.114608
0.114486
0.114365
0.114244
0.114125
0.114005
0.113887
0.113769
0.113652
0.113535
0.113419
0.113304
0.113189
0.113075
0.112961
0.112849
0.112736
0.112625
0.112514
0.112403
0.112294
0.112184
0.112076
0.111968
0.111860
0.111754
0.111647
0.111542
0.111437
0.111332
0.111228
0.111125
0.111022
0.110920
0.110818
0.110717
0.110616
0.110516
0.110416
0.110317
0.110219
0.110121
0.110023
0.109927
0.109830
0.109734
0.109639
0.109544
0.109450
0.109356
0.109263
0.109170
0.109077
0.108985
0.108894
0.108803
0.108713
0.108623
0.108534
0.108445
0.108356
0.108268
0.108181
0.108093
0.108007
0.107921
0.107835
0.107750
0.107665
0.107581
0.107497
0.107413
0.107330
0.107248
0.107166
0.107084
0.107003
0.106922
0.106841
0.106761
0.106682
0.106603
0.106524
0.106445
0.106368
0.106290
0.106213
0.106136
0.106060
0.105984
0.105909
0.105833
0.105759
0.105684
0.105610
0.105537
0.105464
0.105391
0.105319
0.105247
0.105175
0.105104
0.105033
0.104962
0.104892
0.104822
0.104753
0.104684
0.104615
0.104547
0.104479
0.104411
0.104344
0.104277
0.104210
0.104144
0.104078
0.104012
0.103947
0.103882
0.103817
0.103753
0.103689
0.103626
0.103563
0.103500
0.103437
0.103375
0.103313
0.103251
0.103190
0.103129
0.103068
0.103008
0.102948
0.102888
0.102828
0.102769
0.102710
0.102652
0.102594
0.102536
0.102478
0.102421
0.102364
0.102307
0.102250
0.102194
0.102138
0.102083
0.102027
0.101972
0.101917
0.101863
0.101809
0.101755
0.101701
0.101648
0.101595
0.101542
0.101489
0.101437
0.101385
0.101333
0.101282
0.101230
0.101179
0.101129
0.101078
0.101028
0.100978
0.100928
0.100879
0.100830
0.100781
0.100732
0.100684
0.100635
0.100587
0.100540
0.100492
0.100445
0.100398
0.100351
0.100305
0.100258
0.100212
0.100166
0.100121
0.100075
0.100030
0.099985
0.099941
0.099896
0.099852
0.099808
0.099764
0.099721
0.099677
0.099634
0.099591
0.099548
0.099506
0.099464
0.099422
0.099380
0.099338
0.099297
0.099256
0.099215
0.099174
0.099133
0.099093
0.099053
0.099013
0.098973
0.098933
0.098894
0.098855
0.098816
0.098777
0.098738
0.098700
0.098662
0.098624
0.098586
0.098548
0.098511
0.098473
0.098436
0.098399
0.098363
0.098326
0.098290
0.098254
0.098218
0.098182
0.098146
0.098111
0.098076
0.098040
0.098005
0.097971
0.097936
0.097902
0.097868
0.097834
0.097800
0.097766
0.097732
0.097699
0.097666
0.097633
0.097600
0.097567
0.097535
0.097502
0.097470
0.097438
0.097406
0.097374
0.097343
0.097311
0.097280
0.097249
0.097218
0.097187
0.097156
0.097126
0.097096
0.097065
0.097035
0.097005
0.096976
0.096946
0.096917
0.096887
0.096858
0.096829
0.096800
0.096771
0.096743
0.096714
0.096686
0.096658
0.096630
0.096602
0.096574
0.096547
0.096519
0.096492
0.096465
0.096438
0.096411
0.096384
0.096357
0.096331
0.096304
0.096278
0.096252
0.096226
0.096200
0.096174
0.096149
0.096123
0.096098
0.096073
0.096048
0.096023
0.095998
0.095973
0.095948
0.095924
0.095899
0.095875
0.095851
0.095827
0.095803
0.095779
0.095756
0.095732
0.095709
0.095685
0.095662
0.095639
0.095616
0.095593
0.095571
0.095548
0.095526
0.095503
0.095481
0.095459
0.095437
0.095415
0.095393
0.095371
0.095350
0.095328
0.095307
0.095285
0.095264
0.095243
0.095222
0.095201
0.095180
0.095160
0.095139
0.095119
0.095098
0.095078
0.095058
0.095038
0.095018
0.094998
0.094978
0.094959
0.094939
0.094920
0.094900
0.094881
0.094862
0.094843
0.094824
0.094805
0.094786
0.094767
0.094748
0.094730
0.094712
0.094693
0.094675
0.094657
0.094639
0.094724
0.095097
0.095982
0.097887
0.102897
0.363603
0.341963
0.336934
0.361959
0.405913
0.483476
0.592419
0.702931
0.801747
0.886325
0.957892
1.018210
1.068710
1.110510
1.144670
1.172250
1.194390
1.212180
1.226560
1.238200
1.247480
1.254460
1.259010
1.260990
1.260500
1.257970
1.253960
1.249010
1.243540
1.237780
1.231870
1.225860
1.219790
1.213650
1.207460
1.201200
1.194890
1.188520
1.182100
1.175640
1.169130
1.162590
1.156010
1.149390
1.142750
1.136080
1.129390
1.122690
1.115970
1.109240
1.102500
1.095760
1.089020
1.082270
1.075540
1.068800
1.062080
1.055370
1.048660
1.041980
1.035300
1.028650
1.022010
1.015400
1.008800
1.002230
0.995675
0.989148
0.982647
0.976171
0.969723
0.963301
0.956908
0.950544
0.944209
0.937903
0.931628
0.925384
0.919171
0.912990
0.906840
0.900723
0.894638
0.888586
0.882568
0.876582
0.870630
0.864712
0.858828
0.852978
0.847162
0.841380
0.835632
0.829919
0.824241
0.818597
0.812988
0.807414
0.801874
0.796369
0.790899
0.785464
0.780064
0.774699
0.769368
0.764073
0.758812
0.753586
0.748395
0.743239
0.738117
0.733031
0.727979
0.722961
0.717978
0.713030
0.708116
0.703236
0.698391
0.693580
0.688804
0.684061
0.679353
0.674679
0.670038
0.665432
0.660859
0.656319
0.651814
0.647342
0.642903
0.638497
0.634125
0.629785
0.625479
0.621205
0.616964
0.612756
0.608580
0.604437
0.600326
0.596247
0.592200
0.588184
0.584201
0.580249
0.576329
0.572439
0.568581
0.564754
0.560958
0.557193
0.553458
0.549754
0.546080
0.542436
0.538822
0.535237
0.531683
0.528158
0.524662
0.521195
0.517758
0.514349
0.510969
0.507617
0.504293
0.500998
0.497731
0.494491
0.491279
0.488095
0.484937
0.481807
0.478704
0.475627
0.472577
0.469553
0.466555
0.463584
0.460638
0.457717
0.454822
0.451952
0.449108
0.446288
0.443493
0.440722
0.437976
0.435253
0.432555
0.429880
0.427229
0.424601
0.421996
0.419415
0.416856
0.414319
0.411805
0.409314
0.406844
0.404396
0.401970
0.399565
0.397182
0.394819
0.392478
0.390157
0.387857
0.385577
0.383318
0.381078
0.378859
0.376659
0.374478
0.372317
0.370175
0.368051
0.365947
0.363861
0.361794
0.359745
0.357714
0.355701
0.353706
0.351728
0.349767
0.347824
0.345898
0.343989
0.342097
0.340221
0.338362
0.336519
0.334692
0.332882
0.331087
0.329307
0.327543
0.325795
0.324062
0.322344
0.320641
0.318952
0.317278
0.315619
0.313974
0.312343
0.310727
0.309124
0.307535
0.305960
0.304399
0.302850
0.301315
0.299793
0.298285
0.296789
0.295306
0.293835
0.292377
0.290932
0.289498
0.288077
0.286668
0.285271
0.283886
0.282512
0.281150
0.279799
0.278460
0.277132
0.275815
0.274509
0.273214
0.271930
0.270657
0.269394
0.268142
0.266900
0.265669
0.264448
0.263237
0.262035
0.260844
0.259663
0.258492
0.257330
0.256177
0.255034
0.253901
0.252777
0.251662
0.250556
0.249459
0.248372
0.247293
0.246222
0.245161
0.244108
0.243064
0.242028
0.241001
0.239982
0.238971
0.237968
0.236973
0.235987
0.235008
0.234037
0.233074
0.232119
0.231172
0.230231
0.229299
0.228374
0.227456
0.226546
0.225643
0.224747
0.223858
0.222976
0.222101
0.221233
0.220372
0.219518
0.218670
0.217829
0.216995
0.216167
0.215346
0.214531
0.213723
0.212921
0.212125
0.211335
0.210552
0.209775
0.209003
0.208238
0.207478
0.206725
0.205977
0.205235
0.204499
0.203768
0.203043
0.202324
0.201610
0.200902
0.200199
0.199501
0.198809
0.198122
0.197440
0.196763
0.196092
0.195425
0.194764
0.194108
0.193456
0.192810
0.192168
0.191531
0.190899
0.190272
0.189649
0.189031
0.188418
0.187809
0.187205
0.186605
0.186010
0.185419
0.184833
0.184250
0.183673
0.183099
0.182530
0.181964
0.181403
0.180846
0.180294
0.179745
0.179200
0.178659
0.178122
0.177589
0.177060
0.176535
0.176013
0.175496
0.174982
0.174471
0.173965
0.173462
0.172963
0.172467
0.171975
0.171486
0.171001
0.170519
0.170041
0.169566
0.169094
0.168626
0.168161
0.167699
0.167241
0.166786
0.166334
0.165885
0.165439
0.164997
0.164557
0.164121
0.163688
0.163257
0.162830
0.162406
0.161984
0.161566
0.161150
0.160737
0.160328
0.159920
0.159516
0.159115
0.158716
0.158320
0.157927
0.157536
0.157148
0.156763
0.156380
0.156000
0.155622
0.155247
0.154875
0.154505
0.154138
0.153773
0.153410
0.153050
0.152692
0.152337
0.151984
0.151634
0.151285
0.150939
0.150596
0.150254
0.149915
0.149579
0.149244
0.148912
0.148581
0.148253
0.147927
0.147604
0.147282
0.146963
0.146645
0.146330
0.146016
0.145705
0.145396
0.145089
0.144783
0.144480
0.144179
0.143880
0.143582
0.143287
0.142993
0.142701
0.142411
0.142123
0.141837
0.141553
0.141270
0.140990
0.140711
0.140434
0.140158
0.139885
0.139613
0.139343
0.139074
0.138807
0.138542
0.138279
0.138017
0.137757
0.137498
0.137241
0.136986
0.136732
0.136480
0.136230
0.135981
0.135733
0.135487
0.135243
0.135000
0.134759
0.134519
0.134281
0.134044
0.133808
0.133574
0.133342
0.133111
0.132881
0.132652
0.132426
0.132200
0.131976
0.131753
0.131532
0.131312
0.131093
0.130875
0.130659
0.130444
0.130231
0.130019
0.129808
0.129598
0.129390
0.129183
0.128977
0.128772
0.128569
0.128366
0.128165
0.127965
0.127767
0.127569
0.127373
0.127178
0.126984
0.126791
0.126600
0.126409
0.126220
0.126032
0.125844
0.125658
0.125473
0.125290
0.125107
0.124925
0.124744
0.124565
0.124386
0.124209
0.124032
0.123857
0.123683
0.123509
0.123337
0.123165
0.122995
0.122826
0.122657
0.122490
0.122323
0.122158
0.121993
0.121830
0.121667
0.121506
0.121345
0.121185
0.121026
0.120868
0.120711
0.120555
0.120399
0.120245
0.120091
0.119939
0.119787
0.119636
0.119486
0.119337
0.119188
0.119041
0.118894
0.118748
0.118603
0.118459
0.118316
0.118173
0.118031
0.117890
0.117750
0.117611
0.117472
0.117334
0.117197
0.117061
0.116925
0.116791
0.116657
0.116523
0.116391
0.116259
0.116128
0.115998
0.115868
0.115739
0.115611
0.115484
0.115357
0.115231
0.115106
0.114981
0.114857
0.114734
0.114611
0.114489
0.114368
0.114248
0.114128
0.114009
0.113890
0.113772
0.113655
0.113538
0.113422
0.113307
0.113192
0.113078
0.112965
0.112852
0.112740
0.112628
0.112517
0.112407
0.112297
0.112188
0.112079
0.111971
0.111864
0.111757
0.111650
0.111545
0.111440
0.111335
0.111231
0.111128
0.111025
0.110923
0.110821
0.110720
0.110619
0.110519
0.110419
0.110320
0.110222
0.110124
0.110026
0.109929
0.109833
0.109737
0.109642
0.109547
0.109453
0.109359
0.109265
0.109173
0.109080
0.108988
0.108897
0.108806
0.108716
0.108626
0.108536
0.108447
0.108359
0.108271
0.108183
0.108096
0.108010
0.107924
0.107838
0.107753
0.107668
0.107583
0.107500
0.107416
0.107333
0.107250
0.107168
0.107087
0.107005
0.106924
0.106844
0.106764
0.106684
0.106605
0.106527
0.106448
0.106370
0.106293
0.106216
0.106139
0.106063
0.105987
0.105911
0.105836
0.105761
0.105687
0.105613
0.105540
0.105466
0.105394
0.105321
0.105249
0.105177
0.105106
0.105035
0.104965
0.104895
0.104825
0.104755
0.104686
0.104617
0.104549
0.104481
0.104413
0.104346
0.104279
0.104213
0.104146
0.104080
0.104015
0.103949
0.103885
0.103820
0.103756
0.103692
0.103628
0.103565
0.103502
0.103439
0.103377
0.103315
0.103254
0.103192
0.103131
0.103071
0.103010
0.102950
0.102890
0.102831
0.102772
0.102713
0.102654
0.102596
0.102538
0.102480
0.102423
0.102366
0.102309
0.102253
0.102197
0.102141
0.102085
0.102030
0.101975
0.101920
0.101865
0.101811
0.101757
0.101704
0.101650
0.101597
0.101544
0.101492
0.101439
0.101387
0.101335
0.101284
0.101233
0.101182
0.101131
0.101080
0.101030
0.100980
0.100931
0.100881
0.100832
0.100783
0.100734
0.100686
0.100638
0.100590
0.100542
0.100494
0.100447
0.100400
0.100353
0.100307
0.100261
0.100214
0.100169
0.100123
0.100078
0.100032
0.099988
0.099943
0.099898
0.099854
0.099810
0.099766
0.099723
0.099679
0.099636
0.099593
0.099551
0.099508
0.099466
0.099424
0.099382
0.099340
0.099299
0.099258
0.099217
0.099176
0.099135
0.099095
0.099055
0.099015
0.098975
0.098935
0.098896
0.098857
0.098818
0.098779
0.098740
0.098702
0.098664
0.098626
0.098588
0.098550
0.098513
0.098476
0.098438
0.098402
0.098365
0.098328
0.098292
0.098256
0.098220
0.098184
0.098148
0.098113
0.098078
0.098043
0.098008
0.097973
0.097938
0.097904
0.097870
0.097836
0.097802
0.097768
0.097734
0.097701
0.097668
0.097635
0.097602
0.097569
0.097537
0.097504
0.097472
0.097440
0.097408
0.097376
0.097345
0.097313
0.097282
0.097251
0.097220
0.097189
0.097158
0.097128
0.097098
0.097067
0.097037
0.097007
0.096978
0.096948
0.096919
0.096889
0.096860
0.096831
0.096802
0.096773
0.096745
0.096716
0.096688
0.096660
0.096632
0.096604
0.096576
0.096549
0.096521
0.096494
0.096467
0.096440
0.096413
0.096386
0.096359
0.096333
0.096306
0.096280
0.096254
0.096228
0.096202
0.096176
0.096151
0.096125
0.096100
0.096074
0.096049
0.096024
0.096000
0.095975
0.095950
0.095926
0.095901
0.095877
0.095853
0.095829
0.095805
0.095781
0.095758
0.095734
0.095711
0.095687
0.095664
0.095641
0.095618
0.095595
0.095573
0.095550
0.095528
0.095505
0.095483
0.095461
0.095439
0.095417
0.095395
0.095373
0.095351
0.095330
0.095308
0.095287
0.095266
0.095245
0.095224
0.095203
0.095182
0.095162
0.095141
0.095121
0.095100
0.095080
0.095060
0.095040
0.095020
0.095000
0.094980
0.094960
0.094941
0.094921
0.094902
0.094883
0.094864
0.094844
0.094825
0.094806
0.094788
0.094769
0.094750
0.094732
0.094713
0.094695
0.094677
0.094659
0.094641
0.094726
0.095099
0.095984
0.097887
0.102896
0.363595
0.341973
0.336936
0.361957
0.405906
0.483459
0.592399
0.702910
0.801726
0.886303
0.957873
1.018190
1.068690
1.110500
1.144660
1.172250
1.194390
1.212180
1.226550
1.238200
1.247480
1.254460
1.259010
1.260990
1.260510
1.257980
1.253960
1.249020
1.243550
1.237790
1.231880
1.225880
1.219800
1.213670
1.207470
1.201210
1.194900
1.188530
1.182120
1.175650
1.169150
1.162600
1.156020
1.149410
1.142760
1.136100
1.129410
1.122700
1.115980
1.109250
1.102520
1.095770
1.089030
1.082290
1.075550
1.068820
1.062090
1.055380
1.048680
1.041990
1.035320
1.028660
1.022030
1.015410
1.008820
1.002240
0.995691
0.989165
0.982664
0.976188
0.969740
0.963319
0.956926
0.950561
0.944226
0.937921
0.931646
0.925402
0.919189
0.913008
0.906858
0.900741
0.894656
0.888605
0.882586
0.876601
0.870649
0.864731
0.858847
0.852996
0.847180
0.841399
0.835651
0.829938
0.824260
0.818616
0.813007
0.807433
0.801893
0.796389
0.790919
0.785484
0.780084
0.774718
0.769388
0.764092
0.758832
0.753606
0.748415
0.743259
0.738137
0.733051
0.727998
0.722981
0.717998
0.713050
0.708136
0.703256
0.698411
0.693600
0.688824
0.684081
0.679373
0.674699
0.670058
0.665451
0.660879
0.656339
0.651834
0.647361
0.642923
0.638517
0.634145
0.629805
0.625499
0.621225
0.616984
0.612776
0.608600
0.604457
0.600346
0.596267
0.592220
0.588205
0.584221
0.580269
0.576349
0.572459
0.568601
0.564774
0.560978
0.557213
0.553478
0.549774
0.546100
0.542456
0.538842
0.535257
0.531703
0.528178
0.524682
0.521215
0.517777
0.514368
0.510988
0.507636
0.504313
0.501018
0.497750
0.494511
0.491299
0.488114
0.484957
0.481826
0.478723
0.475646
0.472596
0.469572
0.466574
0.463602
0.460656
0.457736
0.454841
0.451971
0.449126
0.446306
0.443511
0.440740
0.437994
0.435271
0.432573
0.429898
0.427247
0.424619
0.422014
0.419432
0.416873
0.414337
0.411823
0.409331
0.406861
0.404413
0.401987
0.399582
0.397199
0.394836
0.392495
0.390174
0.387874
0.385594
0.383334
0.381095
0.378875
0.376675
0.374494
0.372333
0.370191
0.368067
0.365963
0.363877
0.361810
0.359761
0.357729
0.355716
0.353721
0.351743
0.349783
0.347839
0.345913
0.344004
0.342112
0.340236
0.338377
0.336534
0.334707
0.332896
0.331101
0.329322
0.327558
0.325809
0.324076
0.322358
0.320655
0.318966
0.317292
0.315633
0.313988
0.312357
0.310741
0.309138
0.307549
0.305974
0.304412
0.302864
0.301329
0.299807
0.298298
0.296802
0.295319
0.293848
0.292390
0.290944
0.289511
0.288090
0.286681
0.285283
0.283898
0.282524
0.281162
0.279811
0.278472
0.277144
0.275827
0.274521
0.273226
0.271942
0.270669
0.269406
0.268154
0.266912
0.265680
0.264459
0.263248
0.262047
0.260856
0.259674
0.258503
0.257341
0.256189
0.255046
0.253912
0.252788
0.251673
0.250567
0.249470
0.248382
0.247303
0.246233
0.245172
0.244119
0.243074
0.242039
0.241011
0.239992
0.238981
0.237978
0.236984
0.235997
0.235018
0.234047
0.233084
0.232129
0.231181
0.230241
0.229309
0.228384
0.227466
0.226555
0.225652
0.224756
0.223867
0.222985
0.222110
0.221243
0.220381
0.219527
0.218679
0.217839
0.217004
0.216177
0.215355
0.214540
0.213732
0.212930
0.212134
0.211344
0.210561
0.209783
0.209012
0.208246
0.207487
0.206733
0.205986
0.205244
0.204507
0.203777
0.203052
0.202332
0.201618
0.200910
0.200207
0.199509
0.198817
0.198130
0.197448
0.196771
0.196100
0.195433
0.194772
0.194115
0.193464
0.192817
0.192176
0.191539
0.190907
0.190280
0.189657
0.189039
0.188426
0.187817
0.187213
0.186613
0.186017
0.185427
0.184840
0.184258
0.183680
0.183106
0.182537
0.181972
0.181411
0.180854
0.180301
0.179752
0.179207
0.178666
0.178129
0.177596
0.177067
0.176542
0.176020
0.175503
0.174989
0.174478
0.173972
0.173469
0.172969
0.172473
0.171981
0.171492
0.171007
0.170525
0.170047
0.169572
0.169100
0.168632
0.168167
0.167706
0.167247
0.166792
0.166340
0.165891
0.165445
0.165003
0.164563
0.164127
0.163694
0.163263
0.162836
0.162412
0.161990
0.161572
0.161156
0.160743
0.160333
0.159926
0.159522
0.159121
0.158722
0.158326
0.157932
0.157542
0.157154
0.156768
0.156386
0.156006
0.155628
0.155253
0.154881
0.154511
0.154143
0.153778
0.153416
0.153055
0.152698
0.152342
0.151989
0.151639
0.151291
0.150945
0.150601
0.150260
0.149921
0.149584
0.149249
0.148917
0.148587
0.148258
0.147933
0.147609
0.147287
0.146968
0.146650
0.146335
0.146022
0.145710
0.145401
0.145094
0.144788
0.144485
0.144184
0.143884
0.143587
0.143291
0.142998
0.142706
0.142416
0.142128
0.141842
0.141558
0.141275
0.140994
0.140716
0.140438
0.140163
0.139889
0.139617
0.139347
0.139079
0.138812
0.138547
0.138283
0.138021
0.137761
0.137503
0.137246
0.136991
0.136737
0.136485
0.136234
0.135985
0.135738
0.135492
0.135247
0.135005
0.134763
0.134523
0.134285
0.134048
0.133813
0.133579
0.133346
0.133115
0.132885
0.132657
0.132430
0.132204
0.131980
0.131757
0.131536
0.131316
0.131097
0.130879
0.130663
0.130449
0.130235
0.130023
0.129812
0.129602
0.129394
0.129187
0.128981
0.128776
0.128573
0.128370
0.128169
0.127969
0.127771
0.127573
0.127377
0.127182
0.126988
0.126795
0.126604
0.126413
0.126224
0.126035
0.125848
0.125662
0.125477
0.125293
0.125111
0.124929
0.124748
0.124569
0.124390
0.124213
0.124036
0.123861
0.123686
0.123513
0.123341
0.123169
0.122999
0.122829
0.122661
0.122494
0.122327
0.122162
0.121997
0.121833
0.121671
0.121509
0.121348
0.121188
0.121030
0.120872
0.120714
0.120558
0.120403
0.120248
0.120095
0.119942
0.119790
0.119639
0.119489
0.119340
0.119192
0.119044
0.118898
0.118752
0.118607
0.118462
0.118319
0.118176
0.118035
0.117894
0.117753
0.117614
0.117475
0.117338
0.117201
0.117064
0.116929
0.116794
0.116660
0.116527
0.116394
0.116262
0.116131
0.116001
0.115871
0.115743
0.115614
0.115487
0.115360
0.115234
0.115109
0.114984
0.114860
0.114737
0.114614
0.114493
0.114371
0.114251
0.114131
0.114012
0.113893
0.113775
0.113658
0.113541
0.113425
0.113310
0.113195
0.113081
0.112968
0.112855
0.112743
0.112631
0.112520
0.112410
0.112300
0.112191
0.112082
0.111974
0.111867
0.111760
0.111653
0.111548
0.111443
0.111338
0.111234
0.111131
0.111028
0.110925
0.110824
0.110723
0.110622
0.110522
0.110422
0.110323
0.110225
0.110127
0.110029
0.109932
0.109836
0.109740
0.109645
0.109550
0.109455
0.109362
0.109268
0.109175
0.109083
0.108991
0.108900
0.108809
0.108719
0.108629
0.108539
0.108450
0.108362
0.108274
0.108186
0.108099
0.108012
0.107926
0.107841
0.107755
0.107670
0.107586
0.107502
0.107419
0.107336
0.107253
0.107171
0.107089
0.107008
0.106927
0.106847
0.106767
0.106687
0.106608
0.106529
0.106451
0.106373
0.106295
0.106218
0.106142
0.106065
0.105989
0.105914
0.105839
0.105764
0.105690
0.105616
0.105542
0.105469
0.105396
0.105324
0.105252
0.105180
0.105109
0.105038
0.104967
0.104897
0.104827
0.104758
0.104689
0.104620
0.104552
0.104484
0.104416
0.104349
0.104282
0.104215
0.104149
0.104083
0.104017
0.103952
0.103887
0.103822
0.103758
0.103694
0.103631
0.103567
0.103504
0.103442
0.103380
0.103318
0.103256
0.103195
0.103134
0.103073
0.103013
0.102952
0.102893
0.102833
0.102774
0.102715
0.102657
0.102598
0.102540
0.102483
0.102425
0.102368
0.102312
0.102255
0.102199
0.102143
0.102087
0.102032
0.101977
0.101922
0.101868
0.101813
0.101760
0.101706
0.101652
0.101599
0.101546
0.101494
0.101442
0.101390
0.101338
0.101286
0.101235
0.101184
0.101133
0.101083
0.101033
0.100983
0.100933
0.100883
0.100834
0.100785
0.100736
0.100688
0.100640
0.100592
0.100544
0.100497
0.100449
0.100402
0.100356
0.100309
0.100263
0.100217
0.100171
0.100125
0.100080
0.100035
0.099990
0.099945
0.099901
0.099856
0.099812
0.099769
0.099725
0.099682
0.099639
0.099596
0.099553
0.099510
0.099468
0.099426
0.099384
0.099343
0.099301
0.099260
0.099219
0.099178
0.099137
0.099097
0.099057
0.099017
0.098977
0.098937
0.098898
0.098859
0.098820
0.098781
0.098743
0.098704
0.098666
0.098628
0.098590
0.098552
0.098515
0.098478
0.098441
0.098404
0.098367
0.098330
0.098294
0.098258
0.098222
0.098186
0.098150
0.098115
0.098080
0.098045
0.098010
0.097975
0.097940
0.097906
0.097872
0.097838
0.097804
0.097770
0.097736
0.097703
0.097670
0.097637
0.097604
0.097571
0.097539
0.097506
0.097474
0.097442
0.097410
0.097378
0.097347
0.097315
0.097284
0.097253
0.097222
0.097191
0.097160
0.097130
0.097099
0.097069
0.097039
0.097009
0.096980
0.096950
0.096920
0.096891
0.096862
0.096833
0.096804
0.096775
0.096747
0.096718
0.096690
0.096662
0.096634
0.096606
0.096578
0.096551
0.096523
0.096496
0.096469
0.096441
0.096415
0.096388
0.096361
0.096335
0.096308
0.096282
0.096256
0.096230
0.096204
0.096178
0.096153
0.096127
0.096102
0.096076
0.096051
0.096026
0.096002
0.095977
0.095952
0.095928
0.095903
0.095879
0.095855
0.095831
0.095807
0.095783
0.095759
0.095736
0.095713
0.095689
0.095666
0.095643
0.095620
0.095597
0.095574
0.095552
0.095529
0.095507
0.095485
0.095462
0.095440
0.095418
0.095397
0.095375
0.095353
0.095332
0.095310
0.095289
0.095268
0.095247
0.095226
0.095205
0.095184
0.095163
0.095143
0.095122
0.095102
0.095082
0.095061
0.095042
0.095022
0.095002
0.094982
0.094962
0.094943
0.094923
0.094904
0.094884
0.094865
0.094846
0.094827
0.094808
0.094789
0.094771
0.094752
0.094734
0.094715
0.094697
0.094679
0.094660
0.094642
