21.265500
21.265400
21.265400
21.265300
21.265200
21.265200
21.266300
21.267700
21.267400
21.267000
21.266700
21.266400
21.266100
21.265900
21.265600
21.265400
21.265200
21.265000
21.264900
21.264700
21.264600
21.264500
21.264400
21.264300
21.264300
21.264300
21.264200
21.264200
21.264200
21.264200
21.264200
21.264200
21.264200
21.264300
21.264300
21.264300
21.264400
21.264400
21.264500
21.264500
21.264600
21.264600
21.264700
21.264700
21.264800
21.264900
21.264900
21.265000
21.265100
21.265200
21.265300
21.265300
21.265400
21.265500
21.265600
21.265700
21.265800
21.265800
21.265900
21.266000
21.266100
21.266200
21.266300
21.266400
21.266500
21.266600
21.266700
21.266800
21.266900
21.267000
21.267100
21.267100
21.267200
21.267300
21.267400
21.267500
21.267600
21.267700
21.267800
21.267900
21.268000
21.268100
21.268200
21.268300
21.268400
21.268500
21.268600
21.268700
21.268800
21.268900
21.269000
21.269100
21.269200
21.269300
21.269400
21.269500
21.269600
21.269700
21.269800
21.269900
21.270000
21.270100
21.270200
21.270300
21.270400
21.270500
21.270600
21.270700
21.270800
21.270900
21.271000
21.271100
21.271200
21.271200
21.271300
21.271400
21.271500
21.271600
21.271700
21.271800
21.271900
21.272000
21.272100
21.272200
21.272300
21.272400
21.272500
21.272600
21.272700
21.272800
21.272900
21.272900
21.273000
21.273100
21.273200
21.273300
21.273400
21.273500
21.273600
21.273700
21.273800
21.273900
21.273900
21.274000
21.274100
21.274200
21.274300
21.274400
21.274500
21.274600
21.274700
21.274700
21.274800
21.274900
21.275000
21.275100
21.275200
21.275300
21.275400
21.275400
21.275500
21.275600
21.275700
21.275800
21.275900
21.275900
21.276000
21.276100
21.276200
21.276300
21.276400
21.276400
21.276500
21.276600
21.276700
21.276800
21.276800
21.276900
21.277000
21.277100
21.277200
21.277200
21.277300
21.277400
21.277500
21.277600
21.277600
21.277700
21.277800
21.277900
21.277900
21.278000
21.278100
21.278200
21.278200
21.278300
21.278400
21.278500
21.278500
21.278600
21.278700
21.278800
21.278800
21.278900
21.279000
21.279000
21.279100
21.279200
21.279300
21.279300
21.279400
21.279500
21.279500
21.279600
21.279700
21.279700
21.279800
21.279900
21.279900
21.280000
21.280100
21.280100
21.280200
21.280300
21.280300
21.280400
21.280400
21.280500
21.280600
21.280600
21.280700
21.280800
21.280800
21.280900
21.280900
21.281000
21.281100
21.281100
21.281200
21.281200
21.281300
21.281300
21.281400
21.281500
21.281500
21.281600
21.281600
21.281700
21.281700
21.281800
21.281800
21.281900
21.281900
21.282000
21.282000
21.282100
21.282100
21.282200
21.282200
21.282300
21.282300
21.282400
21.282400
21.282500
21.282500
21.282600
21.282600
21.282700
21.282700
21.282800
21.282800
21.282900
21.282900
21.282900
21.283000
21.283000
21.283100
21.283100
21.283200
21.283200
21.283200
21.283300
21.283300
21.283400
21.283400
21.283400
21.283500
21.283500
21.283500
21.283600
21.283600
21.283700
21.283700
21.283700
21.283800
21.283800
21.283800
21.283900
21.283900
21.283900
21.284000
21.284000
21.284000
21.284000
21.284100
21.284100
21.284100
21.284200
21.284200
21.284200
21.284200
21.284300
21.284300
21.284300
21.284400
21.284400
21.284400
21.284400
21.284500
21.284500
21.284500
21.284500
21.284500
21.284600
21.284600
21.284600
21.284600
21.284700
21.284700
21.284700
21.284700
21.284700
21.284800
21.284800
21.284800
21.284800
21.284800
21.284800
21.284900
21.284900
21.284900
21.284900
21.284900
21.284900
21.285000
21.285000
21.285000
21.285000
21.285000
21.285000
21.285000
21.285000
21.285100
21.285100
21.285100
21.285100
21.285100
21.285100
21.285100
21.285100
21.285100
21.285100
21.285100
21.285200
21.285200
21.285200
21.285200
21.285200
21.285200
21.285200
21.285200
21.285200
21.285200
21.285200
21.285200
21.285200
21.285200
21.285200
21.285200
21.285200
21.285200
21.285200
21.285200
21.285200
21.285200
21.285200
21.285200
21.285200
21.285200
21.285200
21.285200
21.285200
21.285200
21.285200
21.285200
21.285200
21.285200
21.285200
21.285200
21.285200
21.285200
21.285200
21.285200
21.285200
21.285200
21.285200
21.285200
21.285200
21.285200
21.285200
21.285200
21.285200
21.285200
21.285200
21.285100
21.285100
21.285100
21.285100
21.285100
21.285100
21.285100
21.285100
21.285100
21.285100
21.285100
21.285100
21.285000
21.285000
21.285000
21.285000
21.285000
21.285000
21.285000
21.285000
21.285000
21.284900
21.284900
21.284900
21.284900
21.284900
21.284900
21.284900
21.284900
21.284800
21.284800
21.284800
21.284800
21.284800
21.284800
21.284800
21.284700
21.284700
21.284700
21.284700
21.284700
21.284700
21.284700
21.284600
21.284600
21.284600
21.284600
21.284600
21.284600
21.284500
21.284500
21.284500
21.284500
21.284500
21.284500
21.284400
21.284400
21.284400
21.284400
21.284400
21.284300
21.284300
21.284300
21.284300
21.284300
21.284300
21.284200
21.284200
21.284200
21.284200
21.284200
21.284100
21.284100
21.284100
21.284100
21.284100
21.284000
21.284000
21.284000
21.284000
21.283900
21.283900
21.283900
21.283900
21.283900
21.283800
21.283800
21.283800
21.283800
21.283700
21.283700
21.283700
21.283700
21.283700
21.283600
21.283600
21.283600
21.283600
21.283500
21.283500
21.283500
21.283500
21.283400
21.283400
21.283400
21.283400
21.283300
21.283300
21.283300
21.283300
21.283200
21.283200
21.283200
21.283200
21.283100
21.283100
21.283100
21.283100
21.283000
21.283000
21.283000
21.283000
21.282900
21.282900
21.282900
21.282900
21.282800
21.282800
21.282800
21.282800
21.282700
21.282700
21.282700
21.282600
21.282600
21.282600
21.282600
21.282500
21.282500
21.282500
21.282500
21.282400
21.282400
21.282400
21.282300
21.282300
21.282300
21.282300
21.282200
21.282200
21.282200
21.282100
21.282100
21.282100
21.282100
21.282000
21.282000
21.282000
21.281900
21.281900
21.281900
21.281900
21.281800
21.281800
21.281800
21.281700
21.281700
21.281700
21.281700
21.281600
21.281600
21.281600
21.281500
21.281500
21.281500
21.281400
21.281400
21.281400
21.281400
21.281300
21.281300
21.281300
21.281200
21.281200
21.281200
21.281100
21.281100
21.281100
21.281000
21.281000
21.281000
21.281000
21.280900
21.280900
21.280900
21.280800
21.280800
21.280800
21.280700
21.280700
21.280700
21.280600
21.280600
21.280600
21.280500
21.280500
21.280500
21.280400
21.280400
21.280400
21.280300
21.280300
21.280300
21.280200
21.280200
21.280200
21.280200
21.280100
21.280100
21.280100
21.280000
21.280000
21.280000
21.279900
21.279900
21.279900
21.279800
21.279800
21.279800
21.279700
21.279700
21.279700
21.279600
21.279600
21.279600
21.279500
21.279500
21.279500
21.279400
21.279400
21.279400
21.279300
21.279300
21.279300
21.279200
21.279200
21.279200
21.279100
21.279100
21.279100
21.279000
21.279000
21.278900
21.278900
21.278900
21.278800
21.278800
21.278800
21.278700
21.278700
21.278700
21.278600
21.278600
21.278600
21.278500
21.278500
21.278500
21.278400
21.278400
21.278400
21.278300
21.278300
21.278300
21.278200
21.278200
21.278200
21.278100
21.278100
21.278000
21.278000
21.278000
21.277900
21.277900
21.277900
21.277800
21.277800
21.277800
21.277700
21.277700
21.277700
21.277600
21.277600
21.277600
21.277500
21.277500
21.277400
21.277400
21.277400
21.277300
21.277300
21.277300
21.277200
21.277200
21.277200
21.277100
21.277100
21.277100
21.277000
21.277000
21.276900
21.276900
21.276900
21.276800
21.276800
21.276800
21.276700
21.276700
21.276700
21.276600
21.276600
21.276500
21.276500
21.276500
21.276400
21.276400
21.276400
21.276300
21.276300
21.276300
21.276200
21.276200
21.276100
21.276100
21.276100
21.276000
21.276000
21.276000
21.275900
21.275900
21.275900
21.275800
21.275800
21.275700
21.275700
21.275700
21.275600
21.275600
21.275600
21.275500
21.275500
21.275400
21.275400
21.275400
21.275300
21.275300
21.275300
21.275200
21.275200
21.275100
21.275100
21.275100
21.275000
21.275000
21.275000
21.274900
21.274900
21.274900
21.274800
21.274800
21.274700
21.274700
21.274700
21.274600
21.274600
21.274600
21.274500
21.274500
21.274400
21.274400
21.274400
21.274300
21.274300
21.274300
21.274200
21.274200
21.274100
21.274100
21.274100
21.274000
21.274000
21.274000
21.273900
21.273900
21.273800
21.273800
21.273800
21.273700
21.273700
21.273700
21.273600
21.273600
21.273500
21.273500
21.273500
21.273400
21.273400
21.273300
21.273300
21.273300
21.273200
21.273200
21.273200
21.273100
21.273100
21.273000
21.273000
21.273000
21.272900
21.272900
21.272900
21.272800
21.272800
21.272700
21.272700
21.272700
21.272600
21.272600
21.272500
21.272500
21.272500
21.272400
21.272400
21.272400
21.272300
21.272300
21.272200
21.272200
21.272200
21.272100
21.272100
21.272100
21.272000
21.272000
21.271900
21.271900
21.271900
21.271800
21.271800
21.271700
21.271700
21.271700
21.271600
21.271600
21.271600
21.271500
21.271500
21.271400
21.271400
21.271400
21.271300
21.271300
21.271200
21.271200
21.271200
21.271100
21.271100
21.271100
21.271000
21.271000
21.270900
21.270900
21.270900
21.270800
21.270800
21.270700
21.270700
21.270700
21.270600
21.270600
21.270600
21.270500
21.270500
21.270400
21.270400
21.270400
21.270300
21.270300
21.270200
21.270200
21.270200
21.270100
21.270100
21.270000
21.270000
21.270000
21.269900
21.269900
21.269900
21.269800
21.269800
21.269700
21.269700
21.269700
21.269600
21.269600
21.269500
21.269500
21.269500
21.269400
21.269400
21.269400
21.269300
21.269300
21.269200
21.269200
21.269200
21.269100
21.269100
21.269000
21.269000
21.269000
21.268900
21.268900
21.268800
21.268800
21.268800
21.268700
21.268700
21.268700
21.268600
21.268600
21.268500
21.268500
21.268500
21.268400
21.268400
21.268300
21.268300
21.268300
21.268200
21.268200
21.268100
21.268100
21.268100
21.268000
21.268000
21.267900
21.267900
21.267900
21.267800
21.267800
21.267800
21.267700
21.267700
21.267600
21.267600
21.267600
21.267500
21.267500
21.267400
21.267400
21.267400
21.267300
21.267300
21.267200
21.267200
21.267200
21.267100
21.267100
21.267000
21.267000
21.267000
21.266900
21.266900
21.266900
21.266800
21.266800
21.266700
21.266700
21.266700
21.266600
21.266600
21.266500
21.266500
21.266500
21.266400
21.266400
21.266300
21.266300
21.266200
21.266200
21.266100
21.267200
21.268600
21.268300
21.267900
21.267600
21.267300
21.267000
21.266800
21.266500
21.266300
21.266100
21.266000
21.265800
21.265700
21.265500
21.265400
21.265300
21.265300
21.265200
21.265200
21.265100
21.265100
21.265100
21.265100
21.265100
21.265100
21.265200
21.265200
21.265200
21.265300
21.265300
21.265300
21.265400
21.265400
21.265500
21.265500
21.265600
21.265700
21.265700
21.265800
21.265900
21.265900
21.266000
21.266100
21.266200
21.266300
21.266300
21.266400
21.266500
21.266600
21.266700
21.266800
21.266800
21.266900
21.267000
21.267100
21.267200
21.267300
21.267400
21.267500
21.267600
21.267700
21.267800
21.267900
21.268000
21.268100
21.268200
21.268300
21.268400
21.268500
21.268500
21.268600
21.268700
21.268800
21.268900
21.269000
21.269100
21.269200
21.269300
21.269400
21.269500
21.269600
21.269700
21.269800
21.269900
21.270000
21.270100
21.270200
21.270300
21.270400
21.270500
21.270600
21.270700
21.270800
21.270900
21.271000
21.271100
21.271200
21.271300
21.271400
21.271500
21.271600
21.271700
21.271800
21.271900
21.272000
21.272100
21.272100
21.272200
21.272300
21.272400
21.272500
21.272600
21.272700
21.272800
21.272900
21.273000
21.273100
21.273200
21.273300
21.273400
21.273500
21.273600
21.273700
21.273700
21.273800
21.273900
21.274000
21.274100
21.274200
21.274300
21.274400
21.274500
21.274600
21.274700
21.274700
21.274800
21.274900
21.275000
21.275100
21.275200
21.275300
21.275400
21.275500
21.275500
21.275600
21.275700
21.275800
21.275900
21.276000
21.276100
21.276100
21.276200
21.276300
21.276400
21.276500
21.276600
21.276600
21.276700
21.276800
21.276900
21.277000
21.277100
21.277100
21.277200
21.277300
21.277400
21.277500
21.277600
21.277600
21.277700
21.277800
21.277900
21.277900
21.278000
21.278100
21.278200
21.278300
21.278300
21.278400
21.278500
21.278600
21.278600
21.278700
21.278800
21.278900
21.278900
21.279000
21.279100
21.279200
21.279200
21.279300
21.279400
21.279500
21.279500
21.279600
21.279700
21.279700
21.279800
21.279900
21.280000
21.280000
21.280100
21.280200
21.280200
21.280300
21.280400
21.280400
21.280500
21.280600
21.280600
21.280700
21.280800
21.280800
21.280900
21.281000
21.281000
21.281100
21.281100
21.281200
21.281300
21.281300
21.281400
21.281500
21.281500
21.281600
21.281600
21.281700
21.281800
21.281800
21.281900
21.281900
21.282000
21.282000
21.282100
21.282200
21.282200
21.282300
21.282300
21.282400
21.282400
21.282500
21.282500
21.282600
21.282600
21.282700
21.282700
21.282800
21.282800
21.282900
21.282900
21.283000
21.283000
21.283100
21.283100
21.283200
21.283200
21.283300
21.283300
21.283400
21.283400
21.283500
21.283500
21.283600
21.283600
21.283600
21.283700
21.283700
21.283800
21.283800
21.283900
21.283900
21.283900
21.284000
21.284000
21.284100
21.284100
21.284100
21.284200
21.284200
21.284200
21.284300
21.284300
21.284300
21.284400
21.284400
21.284500
21.284500
21.284500
21.284600
21.284600
21.284600
21.284600
21.284700
21.284700
21.284700
21.284800
21.284800
21.284800
21.284900
21.284900
21.284900
21.284900
21.285000
21.285000
21.285000
21.285100
21.285100
21.285100
21.285100
21.285200
21.285200
21.285200
21.285200
21.285200
21.285300
21.285300
21.285300
21.285300
21.285400
21.285400
21.285400
21.285400
21.285400
21.285500
21.285500
21.285500
21.285500
21.285500
21.285500
21.285600
21.285600
21.285600
21.285600
21.285600
21.285600
21.285600
21.285700
21.285700
21.285700
21.285700
21.285700
21.285700
21.285700
21.285700
21.285800
21.285800
21.285800
21.285800
21.285800
21.285800
21.285800
21.285800
21.285800
21.285800
21.285900
21.285900
21.285900
21.285900
21.285900
21.285900
21.285900
21.285900
21.285900
21.285900
21.285900
21.285900
21.285900
21.285900
21.285900
21.285900
21.285900
21.285900
21.285900
21.285900
21.285900
21.285900
21.285900
21.285900
21.285900
21.285900
21.285900
21.285900
21.285900
21.285900
21.285900
21.285900
21.285900
21.285900
21.285900
21.285900
21.285900
21.285900
21.285900
21.285900
21.285900
21.285900
21.285900
21.285900
21.285900
21.285900
21.285900
21.285900
21.285900
21.285900
21.285800
21.285800
21.285800
21.285800
21.285800
21.285800
21.285800
21.285800
21.285800
21.285800
21.285800
21.285800
21.285700
21.285700
21.285700
21.285700
21.285700
21.285700
21.285700
21.285700
21.285700
21.285700
21.285600
21.285600
21.285600
21.285600
21.285600
21.285600
21.285600
21.285600
21.285500
21.285500
21.285500
21.285500
21.285500
21.285500
21.285500
21.285400
21.285400
21.285400
21.285400
21.285400
21.285400
21.285400
21.285300
21.285300
21.285300
21.285300
21.285300
21.285300
21.285200
21.285200
21.285200
21.285200
21.285200
21.285200
21.285100
21.285100
21.285100
21.285100
21.285100
21.285000
21.285000
21.285000
21.285000
21.285000
21.284900
21.284900
21.284900
21.284900
21.284900
21.284800
21.284800
21.284800
21.284800
21.284800
21.284700
21.284700
21.284700
21.284700
21.284700
21.284600
21.284600
21.284600
21.284600
21.284600
21.284500
21.284500
21.284500
21.284500
21.284400
21.284400
21.284400
21.284400
21.284400
21.284300
21.284300
21.284300
21.284300
21.284200
21.284200
21.284200
21.284200
21.284100
21.284100
21.284100
21.284100
21.284000
21.284000
21.284000
21.284000
21.283900
21.283900
21.283900
21.283900
21.283800
21.283800
21.283800
21.283800
21.283700
21.283700
21.283700
21.283700
21.283600
21.283600
21.283600
21.283600
21.283500
21.283500
21.283500
21.283500
21.283400
21.283400
21.283400
21.283300
21.283300
21.283300
21.283300
21.283200
21.283200
21.283200
21.283200
21.283100
21.283100
21.283100
21.283000
21.283000
21.283000
21.283000
21.282900
21.282900
21.282900
21.282800
21.282800
21.282800
21.282800
21.282700
21.282700
21.282700
21.282600
21.282600
21.282600
21.282600
21.282500
21.282500
21.282500
21.282400
21.282400
21.282400
21.282300
21.282300
21.282300
21.282300
21.282200
21.282200
21.282200
21.282100
21.282100
21.282100
21.282000
21.282000
21.282000
21.282000
21.281900
21.281900
21.281900
21.281800
21.281800
21.281800
21.281700
21.281700
21.281700
21.281600
21.281600
21.281600
21.281600
21.281500
21.281500
21.281500
21.281400
21.281400
21.281400
21.281300
21.281300
21.281300
21.281200
21.281200
21.281200
21.281100
21.281100
21.281100
21.281000
21.281000
21.281000
21.280900
21.280900
21.280900
21.280800
21.280800
21.280800
21.280700
21.280700
21.280700
21.280700
21.280600
21.280600
21.280600
21.280500
21.280500
21.280500
21.280400
21.280400
21.280400
21.280300
21.280300
21.280300
21.280200
21.280200
21.280200
21.280100
21.280100
21.280100
21.280000
21.280000
21.280000
21.279900
21.279900
21.279800
21.279800
21.279800
21.279700
21.279700
21.279700
21.279600
21.279600
21.279600
21.279500
21.279500
21.279500
21.279400
21.279400
21.279400
21.279300
21.279300
21.279300
21.279200
21.279200
21.279200
21.279100
21.279100
21.279100
21.279000
21.279000
21.279000
21.278900
21.278900
21.278800
21.278800
21.278800
21.278700
21.278700
21.278700
21.278600
21.278600
21.278600
21.278500
21.278500
21.278500
21.278400
21.278400
21.278400
21.278300
21.278300
21.278200
21.278200
21.278200
21.278100
21.278100
21.278100
21.278000
21.278000
21.278000
21.277900
21.277900
21.277900
21.277800
21.277800
21.277700
21.277700
21.277700
21.277600
21.277600
21.277600
21.277500
21.277500
21.277500
21.277400
21.277400
21.277400
21.277300
21.277300
21.277200
21.277200
21.277200
21.277100
21.277100
21.277100
21.277000
21.277000
21.277000
21.276900
21.276900
21.276800
21.276800
21.276800
21.276700
21.276700
21.276700
21.276600
21.276600
21.276500
21.276500
21.276500
21.276400
21.276400
21.276400
21.276300
21.276300
21.276300
21.276200
21.276200
21.276100
21.276100
21.276100
21.276000
21.276000
21.276000
21.275900
21.275900
21.275800
21.275800
21.275800
21.275700
21.275700
21.275700
21.275600
21.275600
21.275500
21.275500
21.275500
21.275400
21.275400
21.275400
21.275300
21.275300
21.275200
21.275200
21.275200
21.275100
21.275100
21.275100
21.275000
21.275000
21.274900
21.274900
21.274900
21.274800
21.274800
21.274800
21.274700
21.274700
21.274600
21.274600
21.274600
21.274500
21.274500
21.274500
21.274400
21.274400
21.274300
21.274300
21.274300
21.274200
21.274200
21.274200
21.274100
21.274100
21.274000
21.274000
21.274000
21.273900
21.273900
21.273900
21.273800
21.273800
21.273700
21.273700
21.273700
21.273600
21.273600
21.273500
21.273500
21.273500
21.273400
21.273400
21.273400
21.273300
21.273300
21.273200
21.273200
21.273200
21.273100
21.273100
21.273100
21.273000
21.273000
21.272900
21.272900
21.272900
21.272800
21.272800
21.272700
21.272700
21.272700
21.272600
21.272600
21.272600
21.272500
21.272500
21.272400
21.272400
21.272400
21.272300
21.272300
21.272200
21.272200
21.272200
21.272100
21.272100
21.272100
21.272000
21.272000
21.271900
21.271900
21.271900
21.271800
21.271800
21.271700
21.271700
21.271700
21.271600
21.271600
21.271600
21.271500
21.271500
21.271400
21.271400
21.271400
21.271300
21.271300
21.271200
21.271200
21.271200
21.271100
21.271100
21.271100
21.271000
21.271000
21.270900
21.270900
21.270900
21.270800
21.270800
21.270700
21.270700
21.270700
21.270600
21.270600
21.270600
21.270500
21.270500
21.270400
21.270400
21.270400
21.270300
21.270300
21.270200
21.270200
21.270200
21.270100
21.270100
21.270000
21.270000
21.270000
21.269900
21.269900
21.269900
21.269800
21.269800
21.269700
21.269700
21.269700
21.269600
21.269600
21.269500
21.269500
21.269500
21.269400
21.269400
21.269300
21.269300
21.269300
21.269200
21.269200
21.269200
21.269100
21.269100
21.269000
21.269000
21.269000
21.268900
21.268900
21.268800
21.268800
21.268800
21.268700
21.268700
21.268600
21.268600
21.268600
21.268500
21.268500
21.268400
21.268400
21.268400
21.268300
21.268300
21.268300
21.268200
21.268200
21.268100
21.268100
21.268100
21.268000
21.268000
21.267900
21.267900
21.267900
21.267800
21.267800
21.267700
21.267700
21.267700
21.267600
21.267600
21.267500
21.267500
21.267500
21.267400
21.267400
21.267400
21.267300
21.267300
21.267200
21.267200
21.267200
21.267100
21.267100
21.267000
21.267000
21.267000
21.266900
21.266800
21.266800
21.266800
21.267800
21.269200
21.268900
21.268600
21.268200
21.267900
21.267700
21.267400
21.267200
21.266900
21.266800
21.266600
21.266400
21.266300
21.266100
21.266000
21.266000
21.265900
21.265800
21.265800
21.265800
21.265700
21.265700
21.265700
21.265700
21.265800
21.265800
21.265800
21.265800
21.265900
21.265900
21.266000
21.266000
21.266100
21.266100
21.266200
21.266200
21.266300
21.266400
21.266400
21.266500
21.266600
21.266600
21.266700
21.266800
21.266900
21.267000
21.267000
21.267100
21.267200
21.267300
21.267400
21.267500
21.267600
21.267700
21.267700
21.267800
21.267900
21.268000
21.268100
21.268200
21.268300
21.268400
21.268500
21.268600
21.268700
21.268800
21.268900
21.269000
21.269100
21.269200
21.269300
21.269400
21.269500
21.269600
21.269700
21.269800
21.269900
21.270000
21.270100
21.270200
21.270300
21.270400
21.270500
21.270600
21.270700
21.270700
21.270800
21.270900
21.271000
21.271100
21.271200
21.271300
21.271400
21.271500
21.271600
21.271700
21.271800
21.271900
21.272000
21.272100
21.272200
21.272300
21.272400
21.272500
21.272600
21.272700
21.272800
21.272900
21.273000
21.273100
21.273200
21.273300
21.273400
21.273500
21.273600
21.273600
21.273700
21.273800
21.273900
21.274000
21.274100
21.274200
21.274300
21.274400
21.274500
21.274600
21.274700
21.274800
21.274900
21.274900
21.275000
21.275100
21.275200
21.275300
21.275400
21.275500
21.275600
21.275700
21.275800
21.275800
21.275900
21.276000
21.276100
21.276200
21.276300
21.276400
21.276500
21.276600
21.276600
21.276700
21.276800
21.276900
21.277000
21.277100
21.277200
21.277200
21.277300
21.277400
21.277500
21.277600
21.277700
21.277700
21.277800
21.277900
21.278000
21.278100
21.278200
21.278200
21.278300
21.278400
21.278500
21.278600
21.278600
21.278700
21.278800
21.278900
21.279000
21.279000
21.279100
21.279200
21.279300
21.279300
21.279400
21.279500
21.279600
21.279600
21.279700
21.279800
21.279900
21.279900
21.280000
21.280100
21.280200
21.280200
21.280300
21.280400
21.280400
21.280500
21.280600
21.280700
21.280700
21.280800
21.280900
21.280900
21.281000
21.281100
21.281100
21.281200
21.281300
21.281300
21.281400
21.281500
21.281500
21.281600
21.281700
21.281700
21.281800
21.281900
21.281900
21.282000
21.282100
21.282100
21.282200
21.282200
21.282300
21.282400
21.282400
21.282500
21.282500
21.282600
21.282700
21.282700
21.282800
21.282800
21.282900
21.282900
21.283000
21.283100
21.283100
21.283200
21.283200
21.283300
21.283300
21.283400
21.283400
21.283500
21.283500
21.283600
21.283600
21.283700
21.283700
21.283800
21.283800
21.283900
21.283900
21.284000
21.284000
21.284100
21.284100
21.284200
21.284200
21.284300
21.284300
21.284400
21.284400
21.284400
21.284500
21.284500
21.284600
21.284600
21.284700
21.284700
21.284700
21.284800
21.284800
21.284900
21.284900
21.284900
21.285000
21.285000
21.285100
21.285100
21.285100
21.285200
21.285200
21.285200
21.285300
21.285300
21.285300
21.285400
21.285400
21.285400
21.285500
21.285500
21.285500
21.285600
21.285600
21.285600
21.285700
21.285700
21.285700
21.285700
21.285800
21.285800
21.285800
21.285900
21.285900
21.285900
21.285900
21.286000
21.286000
21.286000
21.286000
21.286100
21.286100
21.286100
21.286100
21.286100
21.286200
21.286200
21.286200
21.286200
21.286300
21.286300
21.286300
21.286300
21.286300
21.286300
21.286400
21.286400
21.286400
21.286400
21.286400
21.286400
21.286500
21.286500
21.286500
21.286500
21.286500
21.286500
21.286500
21.286600
21.286600
21.286600
21.286600
21.286600
21.286600
21.286600
21.286600
21.286600
21.286700
21.286700
21.286700
21.286700
21.286700
21.286700
21.286700
21.286700
21.286700
21.286700
21.286700
21.286700
21.286700
21.286800
21.286800
21.286800
21.286800
21.286800
21.286800
21.286800
21.286800
21.286800
21.286800
21.286800
21.286800
21.286800
21.286800
21.286800
21.286800
21.286800
21.286800
21.286800
21.286800
21.286800
21.286800
21.286800
21.286800
21.286800
21.286800
21.286800
21.286800
21.286800
21.286800
21.286800
21.286800
21.286800
21.286800
21.286800
21.286800
21.286700
21.286700
21.286700
21.286700
21.286700
21.286700
21.286700
21.286700
21.286700
21.286700
21.286700
21.286700
21.286700
21.286700
21.286700
21.286600
21.286600
21.286600
21.286600
21.286600
21.286600
21.286600
21.286600
21.286600
21.286600
21.286500
21.286500
21.286500
21.286500
21.286500
21.286500
21.286500
21.286500
21.286500
21.286400
21.286400
21.286400
21.286400
21.286400
21.286400
21.286400
21.286300
21.286300
21.286300
21.286300
21.286300
21.286300
21.286300
21.286200
21.286200
21.286200
21.286200
21.286200
21.286200
21.286100
21.286100
21.286100
21.286100
21.286100
21.286100
21.286000
21.286000
21.286000
21.286000
21.286000
21.286000
21.285900
21.285900
21.285900
21.285900
21.285900
21.285800
21.285800
21.285800
21.285800
21.285800
21.285800
21.285700
21.285700
21.285700
21.285700
21.285700
21.285600
21.285600
21.285600
21.285600
21.285500
21.285500
21.285500
21.285500
21.285500
21.285400
21.285400
21.285400
21.285400
21.285400
21.285300
21.285300
21.285300
21.285300
21.285200
21.285200
21.285200
21.285200
21.285100
21.285100
21.285100
21.285100
21.285100
21.285000
21.285000
21.285000
21.285000
21.284900
21.284900
21.284900
21.284900
21.284800
21.284800
21.284800
21.284800
21.284700
21.284700
21.284700
21.284700
21.284600
21.284600
21.284600
21.284600
21.284500
21.284500
21.284500
21.284400
21.284400
21.284400
21.284400
21.284300
21.284300
21.284300
21.284300
21.284200
21.284200
21.284200
21.284200
21.284100
21.284100
21.284100
21.284000
21.284000
21.284000
21.284000
21.283900
21.283900
21.283900
21.283800
21.283800
21.283800
21.283800
21.283700
21.283700
21.283700
21.283700
21.283600
21.283600
21.283600
21.283500
21.283500
21.283500
21.283400
21.283400
21.283400
21.283400
21.283300
21.283300
21.283300
21.283200
21.283200
21.283200
21.283200
21.283100
21.283100
21.283100
21.283000
21.283000
21.283000
21.282900
21.282900
21.282900
21.282800
21.282800
21.282800
21.282800
21.282700
21.282700
21.282700
21.282600
21.282600
21.282600
21.282500
21.282500
21.282500
21.282400
21.282400
21.282400
21.282400
21.282300
21.282300
21.282300
21.282200
21.282200
21.282200
21.282100
21.282100
21.282100
21.282000
21.282000
21.282000
21.281900
21.281900
21.281900
21.281800
21.281800
21.281800
21.281700
21.281700
21.281700
21.281600
21.281600
21.281600
21.281500
21.281500
21.281500
21.281400
21.281400
21.281400
21.281300
21.281300
21.281300
21.281300
21.281200
21.281200
21.281200
21.281100
21.281100
21.281000
21.281000
21.281000
21.280900
21.280900
21.280900
21.280800
21.280800
21.280800
21.280700
21.280700
21.280700
21.280600
21.280600
21.280600
21.280500
21.280500
21.280500
21.280400
21.280400
21.280400
21.280300
21.280300
21.280300
21.280200
21.280200
21.280200
21.280100
21.280100
21.280100
21.280000
21.280000
21.280000
21.279900
21.279900
21.279900
21.279800
21.279800
21.279700
21.279700
21.279700
21.279600
21.279600
21.279600
21.279500
21.279500
21.279500
21.279400
21.279400
21.279400
21.279300
21.279300
21.279300
21.279200
21.279200
21.279100
21.279100
21.279100
21.279000
21.279000
21.279000
21.278900
21.278900
21.278900
21.278800
21.278800
21.278800
21.278700
21.278700
21.278600
21.278600
21.278600
21.278500
21.278500
21.278500
21.278400
21.278400
21.278400
21.278300
21.278300
21.278300
21.278200
21.278200
21.278100
21.278100
21.278100
21.278000
21.278000
21.278000
21.277900
21.277900
21.277900
21.277800
21.277800
21.277700
21.277700
21.277700
21.277600
21.277600
21.277600
21.277500
21.277500
21.277400
21.277400
21.277400
21.277300
21.277300
21.277300
21.277200
21.277200
21.277200
21.277100
21.277100
21.277000
21.277000
21.277000
21.276900
21.276900
21.276900
21.276800
21.276800
21.276700
21.276700
21.276700
21.276600
21.276600
21.276600
21.276500
21.276500
21.276400
21.276400
21.276400
21.276300
21.276300
21.276300
21.276200
21.276200
21.276100
21.276100
21.276100
21.276000
21.276000
21.276000
21.275900
21.275900
21.275800
21.275800
21.275800
21.275700
21.275700
21.275700
21.275600
21.275600
21.275500
21.275500
21.275500
21.275400
21.275400
21.275400
21.275300
21.275300
21.275200
21.275200
21.275200
21.275100
21.275100
21.275100
21.275000
21.275000
21.274900
21.274900
21.274900
21.274800
21.274800
21.274800
21.274700
21.274700
21.274600
21.274600
21.274600
21.274500
21.274500
21.274500
21.274400
21.274400
21.274300
21.274300
21.274300
21.274200
21.274200
21.274100
21.274100
21.274100
21.274000
21.274000
21.274000
21.273900
21.273900
21.273800
21.273800
21.273800
21.273700
21.273700
21.273600
21.273600
21.273600
21.273500
21.273500
21.273500
21.273400
21.273400
21.273300
21.273300
21.273300
21.273200
21.273200
21.273200
21.273100
21.273100
21.273000
21.273000
21.273000
21.272900
21.272900
21.272800
21.272800
21.272800
21.272700
21.272700
21.272700
21.272600
21.272600
21.272500
21.272500
21.272500
21.272400
21.272400
21.272300
21.272300
21.272300
21.272200
21.272200
21.272100
21.272100
21.272100
21.272000
21.272000
21.272000
21.271900
21.271900
21.271800
21.271800
21.271800
21.271700
21.271700
21.271600
21.271600
21.271600
21.271500
21.271500
21.271500
21.271400
21.271400
21.271300
21.271300
21.271300
21.271200
21.271200
21.271100
21.271100
21.271100
21.271000
21.271000
21.270900
21.270900
21.270900
21.270800
21.270800
21.270800
21.270700
21.270700
21.270600
21.270600
21.270600
21.270500
21.270500
21.270400
21.270400
21.270400
21.270300
21.270300
21.270200
21.270200
21.270200
21.270100
21.270100
21.270100
21.270000
21.270000
21.269900
21.269900
21.269900
21.269800
21.269800
21.269700
21.269700
21.269700
21.269600
21.269600
21.269500
21.269500
21.269500
21.269400
21.269400
21.269300
21.269300
21.269300
21.269200
21.269200
21.269200
21.269100
21.269100
21.269000
21.269000
21.269000
21.268900
21.268900
21.268800
21.268800
21.268800
21.268700
21.268700
21.268600
21.268600
21.268600
21.268500
21.268500
21.268500
21.268400
21.268400
21.268300
21.268300
21.268300
21.268200
21.268200
21.268100
21.268100
21.268100
21.268000
21.268000
21.267900
