0.088227
0.088323
0.088711
0.089614
0.091521
0.096108
0.373977
0.361371
0.354762
0.388317
0.449042
0.554287
0.696770
0.834365
0.949347
1.039380
1.107430
1.157420
1.193190
1.218390
1.236240
1.249230
1.258840
1.265530
1.269090
1.269420
1.266950
1.262600
1.257230
1.251460
1.245570
1.239670
1.233760
1.227830
1.221860
1.215820
1.209720
1.203540
1.197290
1.190960
1.184560
1.178100
1.171560
1.164970
1.158310
1.151600
1.144830
1.138020
1.131160
1.124260
1.117320
1.110350
1.103350
1.096320
1.089260
1.082190
1.075100
1.067990
1.060870
1.053750
1.046610
1.039470
1.032330
1.025180
1.018040
1.010900
1.003770
0.996640
0.989521
0.982413
0.975316
0.968233
0.961164
0.954112
0.947077
0.940061
0.933064
0.926089
0.919135
0.912205
0.905299
0.898419
0.891564
0.884737
0.877938
0.871167
0.864427
0.857716
0.851037
0.844390
0.837775
0.831193
0.824645
0.818132
0.811654
0.805211
0.798804
0.792434
0.786101
0.779805
0.773547
0.767328
0.761147
0.755006
0.748904
0.742841
0.736819
0.730838
0.724897
0.718997
0.713139
0.707322
0.701547
0.695813
0.690122
0.684474
0.678868
0.673304
0.667784
0.662306
0.656872
0.651480
0.646132
0.640827
0.635566
0.630348
0.625174
0.620043
0.614955
0.609912
0.604911
0.599954
0.595041
0.590171
0.585345
0.580561
0.575821
0.571124
0.566470
0.561859
0.557291
0.552766
0.548283
0.543842
0.539444
0.535088
0.530774
0.526502
0.522271
0.518081
0.513933
0.509826
0.505760
0.501734
0.497748
0.493803
0.489897
0.486031
0.482204
0.478417
0.474668
0.470958
0.467286
0.463652
0.460056
0.456497
0.452976
0.449491
0.446044
0.442632
0.439257
0.435917
0.432612
0.429343
0.426109
0.422909
0.419743
0.416611
0.413513
0.410448
0.407416
0.404416
0.401449
0.398514
0.395610
0.392738
0.389897
0.387087
0.384307
0.381557
0.378837
0.376147
0.373485
0.370853
0.368249
0.365673
0.363126
0.360605
0.358113
0.355647
0.353208
0.350795
0.348408
0.346048
0.343713
0.341403
0.339118
0.336857
0.334621
0.332409
0.330221
0.328057
0.325915
0.323797
0.321702
0.319628
0.317577
0.315548
0.313541
0.311555
0.309590
0.307646
0.305723
0.303820
0.301937
0.300074
0.298231
0.296407
0.294602
0.292816
0.291049
0.289301
0.287570
0.285858
0.284164
0.282487
0.280827
0.279185
0.277560
0.275951
0.274359
0.272784
0.271225
0.269681
0.268153
0.266641
0.265145
0.263663
0.262197
0.260745
0.259308
0.257886
0.256478
0.255084
0.253704
0.252338
0.250985
0.249647
0.248321
0.247008
0.245709
0.244422
0.243148
0.241887
0.240638
0.239401
0.238177
0.236964
0.235763
0.234574
0.233397
0.232231
0.231076
0.229932
0.228800
0.227678
0.226567
0.225467
0.224378
0.223298
0.222229
0.221171
0.220122
0.219083
0.218054
0.217035
0.216025
0.215025
0.214035
0.213053
0.212081
0.211118
0.210164
0.209219
0.208282
0.207354
0.206435
0.205524
0.204622
0.203728
0.202842
0.201965
0.201095
0.200233
0.199380
0.198534
0.197695
0.196865
0.196041
0.195226
0.194417
0.193616
0.192822
0.192035
0.191256
0.190483
0.189717
0.188958
0.188205
0.187460
0.186721
0.185988
0.185262
0.184542
0.183829
0.183122
0.182421
0.181726
0.181038
0.180355
0.179678
0.179007
0.178342
0.177683
0.177029
0.176381
0.175739
0.175102
0.174470
0.173844
0.173224
0.172608
0.171998
0.171393
0.170793
0.170198
0.169608
0.169024
0.168444
0.167869
0.167298
0.166733
0.166172
0.165616
0.165065
0.164518
0.163976
0.163438
0.162904
0.162375
0.161851
0.161330
0.160814
0.160302
0.159795
0.159291
0.158792
0.158297
0.157805
0.157318
0.156834
0.156355
0.155879
0.155407
0.154939
0.154475
0.154014
0.153558
0.153104
0.152655
0.152209
0.151766
0.151327
0.150891
0.150459
0.150030
0.149605
0.149183
0.148764
0.148349
0.147937
0.147528
0.147122
0.146719
0.146320
0.145923
0.145530
0.145139
0.144752
0.144368
0.143986
0.143608
0.143232
0.142860
0.142490
0.142123
0.141758
0.141397
0.141038
0.140682
0.140329
0.139978
0.139630
0.139284
0.138941
0.138601
0.138263
0.137928
0.137595
0.137265
0.136937
0.136612
0.136289
0.135969
0.135650
0.135334
0.135021
0.134710
0.134401
0.134094
0.133790
0.133487
0.133187
0.132890
0.132594
0.132301
0.132009
0.131720
0.131433
0.131148
0.130865
0.130584
0.130305
0.130028
0.129753
0.129480
0.129209
0.128939
0.128672
0.128407
0.128143
0.127882
0.127622
0.127364
0.127108
0.126854
0.126602
0.126351
0.126102
0.125855
0.125609
0.125366
0.125124
0.124883
0.124645
0.124408
0.124172
0.123939
0.123707
0.123476
0.123247
0.123020
0.122794
0.122570
0.122347
0.122126
0.121907
0.121689
0.121472
0.121257
0.121043
0.120831
0.120620
0.120411
0.120203
0.119997
0.119792
0.119588
0.119386
0.119185
0.118985
0.118787
0.118590
0.118395
0.118200
0.118007
0.117816
0.117625
0.117436
0.117249
0.117062
0.116877
0.116693
0.116510
0.116328
0.116148
0.115968
0.115790
0.115613
0.115438
0.115263
0.115090
0.114917
0.114746
0.114576
0.114407
0.114239
0.114073
0.113907
0.113743
0.113579
0.113417
0.113255
0.113095
0.112936
0.112778
0.112620
0.112464
0.112309
0.112155
0.112002
0.111850
0.111699
0.111548
0.111399
0.111251
0.111103
0.110957
0.110812
0.110667
0.110524
0.110381
0.110239
0.110098
0.109958
0.109819
0.109681
0.109544
0.109407
0.109272
0.109137
0.109003
0.108870
0.108738
0.108607
0.108476
0.108347
0.108218
0.108090
0.107963
0.107836
0.107711
0.107586
0.107462
0.107338
0.107216
0.107094
0.106973
0.106853
0.106733
0.106615
0.106497
0.106379
0.106263
0.106147
0.106032
0.105918
0.105804
0.105691
0.105579
0.105467
0.105356
0.105246
0.105137
0.105028
0.104920
0.104812
0.104705
0.104599
0.104494
0.104389
0.104285
0.104181
0.104078
0.103976
0.103874
0.103773
0.103673
0.103573
0.103473
0.103375
0.103277
0.103179
0.103083
0.102986
0.102891
0.102796
0.102701
0.102607
0.102514
0.102421
0.102329
0.102237
0.102146
0.102055
0.101965
0.101876
0.101787
0.101699
0.101611
0.101523
0.101437
0.101350
0.101265
0.101179
0.101095
0.101010
0.100927
0.100843
0.100761
0.100678
0.100597
0.100515
0.100435
0.100354
0.100275
0.100195
0.100116
0.100038
0.099960
0.099883
0.099806
0.099729
0.099653
0.099578
0.099502
0.099428
0.099353
0.099280
0.099206
0.099133
0.099061
0.098989
0.098917
0.098846
0.098775
0.098704
0.098634
0.098565
0.098495
0.098427
0.098358
0.098291
0.098223
0.098156
0.098089
0.098023
0.097957
0.097891
0.097826
0.097761
0.097697
0.097632
0.097569
0.097506
0.097443
0.097380
0.097318
0.097256
0.097194
0.097133
0.097073
0.097012
0.096952
0.096892
0.096833
0.096774
0.096715
0.096657
0.096599
0.096541
0.096484
0.096427
0.096370
0.096314
0.096258
0.096203
0.096147
0.096092
0.096037
0.095983
0.095929
0.095875
0.095822
0.095769
0.095716
0.095663
0.095611
0.095559
0.095508
0.095456
0.095405
0.095355
0.095304
0.095254
0.095204
0.095155
0.095105
0.095056
0.095008
0.094959
0.094911
0.094863
0.094816
0.094768
0.094721
0.094674
0.094628
0.094582
0.094536
0.094490
0.094445
0.094399
0.094355
0.094310
0.094265
0.094221
0.094177
0.094134
0.094090
0.094047
0.094004
0.093962
0.093919
0.093877
0.093835
0.093794
0.093752
0.093711
0.093670
0.093629
0.093589
0.093548
0.093508
0.093469
0.093429
0.093390
0.093351
0.093312
0.093273
0.093234
0.093196
0.093158
0.093120
0.093083
0.093045
0.093008
0.092971
0.092935
0.092898
0.092862
0.092826
0.092790
0.092754
0.092718
0.092683
0.092648
0.092613
0.092579
0.092544
0.092510
0.092476
0.092442
0.092408
0.092374
0.092341
0.092308
0.092275
0.092242
0.092210
0.092177
0.092145
0.092113
0.092081
0.092050
0.092018
0.091987
0.091956
0.091925
0.091894
0.091863
0.091833
0.091803
0.091773
0.091743
0.091713
0.091683
0.091654
0.091625
0.091596
0.091567
0.091538
0.091509
0.091481
0.091453
0.091425
0.091397
0.091369
0.091341
0.091314
0.091287
0.091259
0.091233
0.091206
0.091179
0.091152
0.091126
0.091100
0.091074
0.091048
0.091022
0.090996
0.090971
0.090945
0.090920
0.090895
0.090870
0.090845
0.090821
0.090796
0.090772
0.090748
0.090724
0.090700
0.090676
0.090652
0.090629
0.090605
0.090582
0.090559
0.090536
0.090513
0.090490
0.090468
0.090445
0.090423
0.090400
0.090378
0.090356
0.090334
0.090313
0.090291
0.090270
0.090248
0.090227
0.090206
0.090185
0.090164
0.090143
0.090123
0.090102
0.090082
0.090061
0.090041
0.090021
0.090001
0.089981
0.089962
0.089942
0.089923
0.089903
0.089884
0.089865
0.089846
0.089827
0.089808
0.089789
0.089770
0.089752
0.089733
0.089715
0.089697
0.089679
0.089661
0.089643
0.089625
0.089607
0.089590
0.089572
0.089555
0.089538
0.089520
0.089503
0.089486
0.089469
0.089453
0.089436
0.089419
0.089403
0.089386
0.089370
0.089354
0.089338
0.089322
0.089306
0.089290
0.089274
0.089258
0.089243
0.089227
0.089212
0.089196
0.089181
0.089166
0.089151
0.089136
0.089121
0.089106
0.089092
0.089077
0.089062
0.089048
0.089033
0.089019
0.089005
0.088991
0.088977
0.088963
0.088949
0.088935
0.088921
0.088908
0.088894
0.088881
0.088867
0.088854
0.088840
0.088827
0.088814
0.088801
0.088788
0.088775
0.088762
0.088750
0.088737
0.088724
0.088712
0.088699
0.088687
0.088675
0.088662
0.088650
0.088638
0.088626
0.088614
0.088602
0.088591
0.088579
0.088567
0.088555
0.088544
0.088532
0.088521
0.088510
0.088498
0.088487
0.088476
0.088465
0.088454
0.088443
0.088432
0.088421
0.088411
0.088400
0.088389
0.088379
0.088368
0.088358
0.088347
0.088337
0.088327
0.088316
0.088306
0.088296
0.088286
0.088276
0.088266
0.088256
0.088247
0.088237
0.088227
0.088323
0.088711
0.089614
0.091521
0.096108
0.373984
0.361393
0.354778
0.388331
0.449051
0.554308
0.696787
0.834377
0.949355
1.039380
1.107430
1.157420
1.193190
1.218390
1.236240
1.249230
1.258840
1.265520
1.269090
1.269410
1.266940
1.262590
1.257230
1.251460
1.245570
1.239660
1.233750
1.227830
1.221850
1.215820
1.209720
1.203540
1.197280
1.190960
1.184560
1.178090
1.171560
1.164960
1.158300
1.151590
1.144830
1.138010
1.131150
1.124250
1.117320
1.110340
1.103340
1.096310
1.089260
1.082190
1.075090
1.067990
1.060870
1.053740
1.046600
1.039460
1.032320
1.025180
1.018030
1.010890
1.003760
0.996634
0.989515
0.982407
0.975310
0.968227
0.961158
0.954106
0.947071
0.940054
0.933058
0.926082
0.919129
0.912199
0.905293
0.898413
0.891558
0.884731
0.877932
0.871161
0.864421
0.857710
0.851031
0.844384
0.837769
0.831187
0.824639
0.818126
0.811648
0.805205
0.798798
0.792428
0.786095
0.779799
0.773541
0.767322
0.761141
0.755000
0.748898
0.742836
0.736813
0.730832
0.724891
0.718991
0.713133
0.707316
0.701541
0.695808
0.690117
0.684468
0.678862
0.673299
0.667778
0.662301
0.656866
0.651475
0.646127
0.640822
0.635561
0.630343
0.625169
0.620038
0.614950
0.609907
0.604906
0.599949
0.595036
0.590166
0.585340
0.580556
0.575816
0.571119
0.566466
0.561855
0.557287
0.552761
0.548278
0.543838
0.539440
0.535084
0.530770
0.526497
0.522267
0.518077
0.513929
0.509822
0.505755
0.501729
0.497744
0.493798
0.489893
0.486027
0.482200
0.478413
0.474664
0.470954
0.467282
0.463648
0.460052
0.456494
0.452972
0.449488
0.446040
0.442629
0.439253
0.435913
0.432609
0.429340
0.426105
0.422905
0.419740
0.416608
0.413509
0.410444
0.407412
0.404413
0.401446
0.398510
0.395607
0.392735
0.389894
0.387084
0.384304
0.381554
0.378834
0.376143
0.373482
0.370850
0.368246
0.365670
0.363122
0.360602
0.358110
0.355644
0.353205
0.350792
0.348405
0.346045
0.343710
0.341400
0.339115
0.336854
0.334618
0.332407
0.330219
0.328054
0.325913
0.323795
0.321699
0.319626
0.317575
0.315546
0.313539
0.311553
0.309588
0.307644
0.305720
0.303817
0.301935
0.300072
0.298228
0.296405
0.294600
0.292814
0.291047
0.289298
0.287568
0.285856
0.284161
0.282485
0.280825
0.279183
0.277558
0.275949
0.274357
0.272782
0.271222
0.269679
0.268151
0.266639
0.265143
0.263661
0.262195
0.260743
0.259306
0.257884
0.256476
0.255082
0.253702
0.252336
0.250984
0.249645
0.248319
0.247007
0.245707
0.244421
0.243147
0.241885
0.240636
0.239400
0.238175
0.236963
0.235762
0.234573
0.233395
0.232229
0.231074
0.229931
0.228798
0.227677
0.226566
0.225466
0.224376
0.223297
0.222228
0.221169
0.220120
0.219082
0.218053
0.217034
0.216024
0.215024
0.214033
0.213052
0.212080
0.211117
0.210162
0.209217
0.208281
0.207353
0.206434
0.205523
0.204621
0.203727
0.202841
0.201963
0.201094
0.200232
0.199378
0.198532
0.197694
0.196863
0.196040
0.195224
0.194416
0.193615
0.192821
0.192034
0.191254
0.190482
0.189716
0.188957
0.188204
0.187459
0.186720
0.185987
0.185261
0.184541
0.183828
0.183121
0.182420
0.181725
0.181037
0.180354
0.179677
0.179006
0.178341
0.177682
0.177028
0.176380
0.175738
0.175101
0.174469
0.173843
0.173223
0.172607
0.171997
0.171392
0.170792
0.170197
0.169608
0.169023
0.168443
0.167868
0.167298
0.166732
0.166171
0.165615
0.165064
0.164517
0.163975
0.163437
0.162904
0.162375
0.161850
0.161330
0.160814
0.160302
0.159794
0.159291
0.158791
0.158296
0.157804
0.157317
0.156834
0.156354
0.155878
0.155407
0.154939
0.154474
0.154014
0.153557
0.153104
0.152654
0.152208
0.151765
0.151326
0.150891
0.150459
0.150030
0.149604
0.149182
0.148764
0.148348
0.147936
0.147527
0.147121
0.146719
0.146319
0.145923
0.145529
0.145139
0.144751
0.144367
0.143986
0.143607
0.143232
0.142859
0.142489
0.142122
0.141758
0.141396
0.141037
0.140681
0.140328
0.139977
0.139629
0.139284
0.138941
0.138601
0.138263
0.137928
0.137595
0.137265
0.136937
0.136611
0.136289
0.135968
0.135650
0.135334
0.135020
0.134709
0.134400
0.134094
0.133789
0.133487
0.133187
0.132889
0.132593
0.132300
0.132009
0.131719
0.131432
0.131147
0.130864
0.130583
0.130304
0.130027
0.129752
0.129479
0.129208
0.128939
0.128672
0.128406
0.128143
0.127881
0.127622
0.127364
0.127108
0.126854
0.126601
0.126350
0.126102
0.125854
0.125609
0.125365
0.125123
0.124883
0.124644
0.124407
0.124172
0.123938
0.123706
0.123476
0.123247
0.123020
0.122794
0.122570
0.122347
0.122126
0.121906
0.121688
0.121472
0.121257
0.121043
0.120831
0.120620
0.120411
0.120203
0.119997
0.119791
0.119588
0.119385
0.119185
0.118985
0.118787
0.118590
0.118394
0.118200
0.118007
0.117816
0.117625
0.117436
0.117248
0.117062
0.116876
0.116692
0.116509
0.116328
0.116147
0.115968
0.115790
0.115613
0.115437
0.115263
0.115089
0.114917
0.114746
0.114576
0.114407
0.114239
0.114072
0.113907
0.113742
0.113579
0.113416
0.113255
0.113095
0.112936
0.112777
0.112620
0.112464
0.112309
0.112155
0.112002
0.111849
0.111698
0.111548
0.111399
0.111251
0.111103
0.110957
0.110811
0.110667
0.110523
0.110381
0.110239
0.110098
0.109958
0.109819
0.109681
0.109544
0.109407
0.109272
0.109137
0.109003
0.108870
0.108738
0.108607
0.108476
0.108346
0.108218
0.108090
0.107962
0.107836
0.107710
0.107585
0.107461
0.107338
0.107216
0.107094
0.106973
0.106853
0.106733
0.106614
0.106496
0.106379
0.106263
0.106147
0.106032
0.105917
0.105804
0.105691
0.105579
0.105467
0.105356
0.105246
0.105136
0.105028
0.104919
0.104812
0.104705
0.104599
0.104493
0.104389
0.104284
0.104181
0.104078
0.103975
0.103874
0.103773
0.103672
0.103572
0.103473
0.103375
0.103277
0.103179
0.103082
0.102986
0.102890
0.102795
0.102701
0.102607
0.102514
0.102421
0.102329
0.102237
0.102146
0.102055
0.101965
0.101876
0.101787
0.101698
0.101611
0.101523
0.101436
0.101350
0.101264
0.101179
0.101094
0.101010
0.100926
0.100843
0.100760
0.100678
0.100596
0.100515
0.100434
0.100354
0.100274
0.100195
0.100116
0.100038
0.099960
0.099882
0.099806
0.099729
0.099653
0.099577
0.099502
0.099427
0.099353
0.099279
0.099206
0.099133
0.099060
0.098988
0.098917
0.098845
0.098774
0.098704
0.098634
0.098564
0.098495
0.098427
0.098358
0.098290
0.098223
0.098156
0.098089
0.098022
0.097956
0.097891
0.097826
0.097761
0.097696
0.097632
0.097569
0.097505
0.097442
0.097380
0.097318
0.097256
0.097194
0.097133
0.097072
0.097012
0.096952
0.096892
0.096833
0.096774
0.096715
0.096657
0.096599
0.096541
0.096484
0.096427
0.096370
0.096314
0.096258
0.096202
0.096147
0.096092
0.096037
0.095983
0.095929
0.095875
0.095822
0.095769
0.095716
0.095663
0.095611
0.095559
0.095507
0.095456
0.095405
0.095354
0.095304
0.095254
0.095204
0.095154
0.095105
0.095056
0.095007
0.094959
0.094911
0.094863
0.094815
0.094768
0.094721
0.094674
0.094628
0.094582
0.094536
0.094490
0.094445
0.094399
0.094354
0.094310
0.094265
0.094221
0.094177
0.094134
0.094090
0.094047
0.094004
0.093962
0.093919
0.093877
0.093835
0.093793
0.093752
0.093711
0.093670
0.093629
0.093588
0.093548
0.093508
0.093468
0.093429
0.093390
0.093350
0.093311
0.093273
0.093234
0.093196
0.093158
0.093120
0.093083
0.093045
0.093008
0.092971
0.092934
0.092898
0.092862
0.092826
0.092790
0.092754
0.092718
0.092683
0.092648
0.092613
0.092578
0.092544
0.092510
0.092476
0.092442
0.092408
0.092374
0.092341
0.092308
0.092275
0.092242
0.092210
0.092177
0.092145
0.092113
0.092081
0.092049
0.092018
0.091987
0.091956
0.091925
0.091894
0.091863
0.091833
0.091802
0.091772
0.091743
0.091713
0.091683
0.091654
0.091625
0.091595
0.091567
0.091538
0.091509
0.091481
0.091453
0.091425
0.091397
0.091369
0.091341
0.091314
0.091287
0.091259
0.091232
0.091205
0.091179
0.091152
0.091126
0.091100
0.091074
0.091048
0.091022
0.090996
0.090971
0.090945
0.090920
0.090895
0.090870
0.090845
0.090821
0.090796
0.090772
0.090748
0.090724
0.090700
0.090676
0.090652
0.090629
0.090605
0.090582
0.090559
0.090536
0.090513
0.090490
0.090467
0.090445
0.090423
0.090400
0.090378
0.090356
0.090334
0.090313
0.090291
0.090270
0.090248
0.090227
0.090206
0.090185
0.090164
0.090143
0.090122
0.090102
0.090082
0.090061
0.090041
0.090021
0.090001
0.089981
0.089961
0.089942
0.089922
0.089903
0.089884
0.089864
0.089845
0.089827
0.089808
0.089789
0.089770
0.089752
0.089733
0.089715
0.089697
0.089679
0.089661
0.089643
0.089625
0.089607
0.089590
0.089572
0.089555
0.089538
0.089520
0.089503
0.089486
0.089469
0.089453
0.089436
0.089419
0.089403
0.089386
0.089370
0.089354
0.089338
0.089321
0.089305
0.089290
0.089274
0.089258
0.089243
0.089227
0.089212
0.089196
0.089181
0.089166
0.089151
0.089136
0.089121
0.089106
0.089091
0.089077
0.089062
0.089048
0.089033
0.089019
0.089005
0.088991
0.088977
0.088963
0.088949
0.088935
0.088921
0.088907
0.088894
0.088880
0.088867
0.088854
0.088840
0.088827
0.088814
0.088801
0.088788
0.088775
0.088762
0.088749
0.088737
0.088724
0.088712
0.088699
0.088687
0.088675
0.088662
0.088650
0.088638
0.088626
0.088614
0.088602
0.088590
0.088579
0.088567
0.088555
0.088544
0.088532
0.088521
0.088510
0.088498
0.088487
0.088476
0.088465
0.088454
0.088443
0.088432
0.088421
0.088410
0.088400
0.088389
0.088378
0.088368
0.088358
0.088347
0.088337
0.088327
0.088316
0.088306
0.088296
0.088286
0.088276
0.088266
0.088256
0.088247
0.088237
0.088227
0.088323
0.088711
0.089614
0.091521
0.096108
0.373983
0.361382
0.354774
0.388330
0.449056
0.554294
0.696774
0.834367
0.949348
1.039380
1.107420
1.157410
1.193190
1.218380
1.236230
1.249230
1.258840
1.265520
1.269090
1.269410
1.266940
1.262590
1.257230
1.251460
1.245570
1.239660
1.233760
1.227830
1.221850
1.215820
1.209720
1.203540
1.197290
1.190960
1.184560
1.178090
1.171560
1.164960
1.158310
1.151590
1.144830
1.138010
1.131160
1.124250
1.117320
1.110340
1.103340
1.096310
1.089260
1.082190
1.075090
1.067990
1.060870
1.053740
1.046610
1.039470
1.032320
1.025180
1.018040
1.010900
1.003760
0.996635
0.989516
0.982408
0.975311
0.968228
0.961159
0.954107
0.947072
0.940056
0.933059
0.926083
0.919130
0.912200
0.905294
0.898413
0.891559
0.884732
0.877933
0.871162
0.864421
0.857711
0.851032
0.844384
0.837770
0.831188
0.824640
0.818127
0.811648
0.805205
0.798799
0.792428
0.786095
0.779800
0.773542
0.767323
0.761142
0.755000
0.748898
0.742836
0.736814
0.730833
0.724892
0.718992
0.713134
0.707317
0.701542
0.695808
0.690118
0.684469
0.678863
0.673299
0.667779
0.662301
0.656867
0.651476
0.646127
0.640823
0.635561
0.630343
0.625169
0.620038
0.614951
0.609907
0.604907
0.599950
0.595036
0.590167
0.585340
0.580557
0.575817
0.571120
0.566466
0.561855
0.557287
0.552762
0.548279
0.543838
0.539440
0.535084
0.530770
0.526498
0.522267
0.518077
0.513929
0.509822
0.505756
0.501730
0.497744
0.493799
0.489893
0.486027
0.482200
0.478413
0.474664
0.470954
0.467282
0.463648
0.460052
0.456494
0.452972
0.449488
0.446040
0.442629
0.439253
0.435913
0.432609
0.429340
0.426105
0.422905
0.419740
0.416608
0.413510
0.410445
0.407412
0.404413
0.401446
0.398511
0.395607
0.392735
0.389894
0.387084
0.384304
0.381554
0.378834
0.376144
0.373482
0.370850
0.368246
0.365670
0.363123
0.360603
0.358110
0.355644
0.353205
0.350792
0.348406
0.346045
0.343710
0.341400
0.339115
0.336855
0.334619
0.332407
0.330219
0.328054
0.325913
0.323795
0.321699
0.319626
0.317575
0.315546
0.313539
0.311553
0.309588
0.307644
0.305721
0.303818
0.301935
0.300072
0.298229
0.296405
0.294600
0.292814
0.291047
0.289299
0.287568
0.285856
0.284162
0.282485
0.280825
0.279183
0.277558
0.275950
0.274358
0.272782
0.271223
0.269679
0.268152
0.266640
0.265143
0.263661
0.262195
0.260744
0.259307
0.257884
0.256476
0.255082
0.253702
0.252336
0.250984
0.249645
0.248319
0.247007
0.245707
0.244421
0.243147
0.241885
0.240636
0.239400
0.238175
0.236963
0.235762
0.234573
0.233395
0.232229
0.231075
0.229931
0.228798
0.227677
0.226566
0.225466
0.224376
0.223297
0.222228
0.221169
0.220120
0.219082
0.218053
0.217034
0.216024
0.215024
0.214033
0.213052
0.212080
0.211117
0.210163
0.209217
0.208281
0.207353
0.206434
0.205523
0.204621
0.203727
0.202841
0.201964
0.201094
0.200232
0.199379
0.198533
0.197694
0.196863
0.196040
0.195224
0.194416
0.193615
0.192821
0.192034
0.191254
0.190482
0.189716
0.188957
0.188204
0.187459
0.186720
0.185987
0.185261
0.184541
0.183828
0.183121
0.182420
0.181725
0.181037
0.180354
0.179677
0.179006
0.178341
0.177682
0.177028
0.176380
0.175738
0.175101
0.174470
0.173843
0.173223
0.172607
0.171997
0.171392
0.170792
0.170197
0.169608
0.169023
0.168443
0.167868
0.167298
0.166732
0.166171
0.165615
0.165064
0.164517
0.163975
0.163437
0.162904
0.162375
0.161850
0.161330
0.160814
0.160302
0.159794
0.159291
0.158791
0.158296
0.157804
0.157317
0.156834
0.156354
0.155879
0.155407
0.154939
0.154474
0.154014
0.153557
0.153104
0.152654
0.152208
0.151765
0.151326
0.150891
0.150459
0.150030
0.149604
0.149182
0.148764
0.148348
0.147936
0.147527
0.147121
0.146719
0.146319
0.145923
0.145529
0.145139
0.144752
0.144367
0.143986
0.143607
0.143232
0.142859
0.142489
0.142122
0.141758
0.141396
0.141037
0.140681
0.140328
0.139977
0.139629
0.139284
0.138941
0.138601
0.138263
0.137928
0.137595
0.137265
0.136937
0.136612
0.136289
0.135968
0.135650
0.135334
0.135020
0.134709
0.134400
0.134094
0.133789
0.133487
0.133187
0.132889
0.132594
0.132300
0.132009
0.131719
0.131432
0.131147
0.130864
0.130583
0.130304
0.130027
0.129752
0.129479
0.129208
0.128939
0.128672
0.128406
0.128143
0.127881
0.127622
0.127364
0.127108
0.126854
0.126601
0.126350
0.126102
0.125854
0.125609
0.125365
0.125123
0.124883
0.124644
0.124407
0.124172
0.123938
0.123706
0.123476
0.123247
0.123020
0.122794
0.122570
0.122347
0.122126
0.121906
0.121688
0.121472
0.121257
0.121043
0.120831
0.120620
0.120411
0.120203
0.119996
0.119791
0.119588
0.119385
0.119185
0.118985
0.118787
0.118590
0.118394
0.118200
0.118007
0.117815
0.117625
0.117436
0.117248
0.117062
0.116876
0.116692
0.116509
0.116328
0.116147
0.115968
0.115790
0.115613
0.115437
0.115263
0.115089
0.114917
0.114746
0.114576
0.114407
0.114239
0.114072
0.113907
0.113742
0.113579
0.113416
0.113255
0.113095
0.112936
0.112777
0.112620
0.112464
0.112309
0.112155
0.112002
0.111849
0.111698
0.111548
0.111399
0.111251
0.111103
0.110957
0.110811
0.110667
0.110523
0.110381
0.110239
0.110098
0.109958
0.109819
0.109681
0.109544
0.109407
0.109272
0.109137
0.109003
0.108870
0.108738
0.108607
0.108476
0.108346
0.108218
0.108090
0.107962
0.107836
0.107710
0.107585
0.107461
0.107338
0.107216
0.107094
0.106973
0.106853
0.106733
0.106614
0.106496
0.106379
0.106263
0.106147
0.106032
0.105917
0.105804
0.105691
0.105579
0.105467
0.105356
0.105246
0.105136
0.105028
0.104919
0.104812
0.104705
0.104599
0.104493
0.104389
0.104284
0.104181
0.104078
0.103975
0.103874
0.103773
0.103672
0.103572
0.103473
0.103375
0.103277
0.103179
0.103082
0.102986
0.102890
0.102795
0.102701
0.102607
0.102514
0.102421
0.102329
0.102237
0.102146
0.102055
0.101965
0.101876
0.101787
0.101698
0.101610
0.101523
0.101436
0.101350
0.101264
0.101179
0.101094
0.101010
0.100926
0.100843
0.100760
0.100678
0.100596
0.100515
0.100434
0.100354
0.100274
0.100195
0.100116
0.100038
0.099960
0.099882
0.099806
0.099729
0.099653
0.099577
0.099502
0.099427
0.099353
0.099279
0.099206
0.099133
0.099060
0.098988
0.098917
0.098845
0.098774
0.098704
0.098634
0.098564
0.098495
0.098427
0.098358
0.098290
0.098223
0.098156
0.098089
0.098022
0.097956
0.097891
0.097826
0.097761
0.097696
0.097632
0.097569
0.097505
0.097442
0.097380
0.097318
0.097256
0.097194
0.097133
0.097072
0.097012
0.096952
0.096892
0.096833
0.096774
0.096715
0.096657
0.096599
0.096541
0.096484
0.096427
0.096370
0.096314
0.096258
0.096202
0.096147
0.096092
0.096037
0.095983
0.095929
0.095875
0.095822
0.095768
0.095716
0.095663
0.095611
0.095559
0.095507
0.095456
0.095405
0.095354
0.095304
0.095254
0.095204
0.095154
0.095105
0.095056
0.095007
0.094959
0.094911
0.094863
0.094815
0.094768
0.094721
0.094674
0.094628
0.094581
0.094536
0.094490
0.094444
0.094399
0.094354
0.094310
0.094265
0.094221
0.094177
0.094134
0.094090
0.094047
0.094004
0.093962
0.093919
0.093877
0.093835
0.093793
0.093752
0.093711
0.093670
0.093629
0.093588
0.093548
0.093508
0.093468
0.093429
0.093390
0.093350
0.093311
0.093273
0.093234
0.093196
0.093158
0.093120
0.093083
0.093045
0.093008
0.092971
0.092934
0.092898
0.092862
0.092826
0.092789
0.092754
0.092718
0.092683
0.092648
0.092613
0.092578
0.092544
0.092510
0.092476
0.092442
0.092408
0.092374
0.092341
0.092308
0.092275
0.092242
0.092209
0.092177
0.092145
0.092113
0.092081
0.092049
0.092018
0.091987
0.091956
0.091925
0.091894
0.091863
0.091833
0.091802
0.091772
0.091743
0.091713
0.091683
0.091654
0.091625
0.091595
0.091567
0.091538
0.091509
0.091481
0.091453
0.091425
0.091397
0.091369
0.091341
0.091314
0.091286
0.091259
0.091232
0.091205
0.091179
0.091152
0.091126
0.091100
0.091073
0.091048
0.091022
0.090996
0.090971
0.090945
0.090920
0.090895
0.090870
0.090845
0.090821
0.090796
0.090772
0.090748
0.090723
0.090700
0.090676
0.090652
0.090629
0.090605
0.090582
0.090559
0.090536
0.090513
0.090490
0.090467
0.090445
0.090423
0.090400
0.090378
0.090356
0.090334
0.090313
0.090291
0.090269
0.090248
0.090227
0.090206
0.090185
0.090164
0.090143
0.090122
0.090102
0.090081
0.090061
0.090041
0.090021
0.090001
0.089981
0.089961
0.089942
0.089922
0.089903
0.089884
0.089864
0.089845
0.089827
0.089808
0.089789
0.089770
0.089752
0.089733
0.089715
0.089697
0.089679
0.089661
0.089643
0.089625
0.089607
0.089590
0.089572
0.089555
0.089538
0.089520
0.089503
0.089486
0.089469
0.089453
0.089436
0.089419
0.089403
0.089386
0.089370
0.089354
0.089338
0.089321
0.089305
0.089290
0.089274
0.089258
0.089243
0.089227
0.089212
0.089196
0.089181
0.089166
0.089151
0.089136
0.089121
0.089106
0.089091
0.089077
0.089062
0.089048
0.089033
0.089019
0.089005
0.088991
0.088977
0.088962
0.088949
0.088935
0.088921
0.088907
0.088894
0.088880
0.088867
0.088854
0.088840
0.088827
0.088814
0.088801
0.088788
0.088775
0.088762
0.088749
0.088737
0.088724
0.088712
0.088699
0.088687
0.088675
0.088662
0.088650
0.088638
0.088626
0.088614
0.088602
0.088590
0.088579
0.088567
0.088555
0.088544
0.088532
0.088521
0.088509
0.088498
0.088487
0.088476
0.088465
0.088454
0.088443
0.088432
0.088421
0.088410
0.088400
0.088389
0.088378
0.088368
0.088358
0.088347
0.088337
0.088327
0.088316
0.088306
0.088296
0.088286
0.088276
0.088266
0.088256
0.088247
0.088237
0.088227
