15.217400
15.217300
15.217300
15.217300
15.217200
15.217300
15.219700
15.220200
15.220100
15.219900
15.219800
15.219600
15.219500
15.219400
15.219300
15.219200
15.219100
15.219000
15.218900
15.218800
15.218700
15.218700
15.218600
15.218600
15.218500
15.218500
15.218500
15.218500
15.218500
15.218500
15.218500
15.218500
15.218500
15.218500
15.218600
15.218600
15.218600
15.218700
15.218700
15.218700
15.218800
15.218800
15.218900
15.218900
15.219000
15.219000
15.219100
15.219100
15.219200
15.219300
15.219300
15.219400
15.219500
15.219500
15.219600
15.219600
15.219700
15.219800
15.219900
15.219900
15.220000
15.220100
15.220100
15.220200
15.220300
15.220300
15.220400
15.220500
15.220600
15.220600
15.220700
15.220800
15.220900
15.220900
15.221000
15.221100
15.221100
15.221200
15.221300
15.221400
15.221400
15.221500
15.221600
15.221700
15.221700
15.221800
15.221900
15.221900
15.222000
15.222100
15.222100
15.222200
15.222300
15.222300
15.222400
15.222500
15.222600
15.222600
15.222700
15.222700
15.222800
15.222900
15.222900
15.223000
15.223100
15.223100
15.223200
15.223300
15.223300
15.223400
15.223400
15.223500
15.223600
15.223600
15.223700
15.223700
15.223800
15.223900
15.223900
15.224000
15.224000
15.224100
15.224100
15.224200
15.224300
15.224300
15.224400
15.224400
15.224500
15.224500
15.224600
15.224600
15.224700
15.224700
15.224800
15.224800
15.224900
15.224900
15.225000
15.225000
15.225100
15.225100
15.225200
15.225200
15.225300
15.225300
15.225400
15.225400
15.225500
15.225500
15.225500
15.225600
15.225600
15.225700
15.225700
15.225800
15.225800
15.225800
15.225900
15.225900
15.226000
15.226000
15.226000
15.226100
15.226100
15.226100
15.226200
15.226200
15.226300
15.226300
15.226300
15.226400
15.226400
15.226400
15.226500
15.226500
15.226500
15.226600
15.226600
15.226600
15.226700
15.226700
15.226700
15.226800
15.226800
15.226800
15.226800
15.226900
15.226900
15.226900
15.227000
15.227000
15.227000
15.227000
15.227100
15.227100
15.227100
15.227200
15.227200
15.227200
15.227200
15.227300
15.227300
15.227300
15.227300
15.227300
15.227400
15.227400
15.227400
15.227400
15.227500
15.227500
15.227500
15.227500
15.227500
15.227600
15.227600
15.227600
15.227600
15.227600
15.227700
15.227700
15.227700
15.227700
15.227700
15.227700
15.227800
15.227800
15.227800
15.227800
15.227800
15.227800
15.227900
15.227900
15.227900
15.227900
15.227900
15.227900
15.227900
15.228000
15.228000
15.228000
15.228000
15.228000
15.228000
15.228000
15.228000
15.228100
15.228100
15.228100
15.228100
15.228100
15.228100
15.228100
15.228100
15.228100
15.228200
15.228200
15.228200
15.228200
15.228200
15.228200
15.228200
15.228200
15.228200
15.228200
15.228200
15.228200
15.228300
15.228300
15.228300
15.228300
15.228300
15.228300
15.228300
15.228300
15.228300
15.228300
15.228300
15.228300
15.228300
15.228300
15.228300
15.228300
15.228300
15.228300
15.228300
15.228300
15.228400
15.228400
15.228400
15.228400
15.228400
15.228400
15.228400
15.228400
15.228400
15.228400
15.228400
15.228400
15.228400
15.228400
15.228400
15.228400
15.228400
15.228400
15.228400
15.228400
15.228400
15.228400
15.228400
15.228400
15.228400
15.228400
15.228400
15.228400
15.228400
15.228400
15.228400
15.228400
15.228400
15.228400
15.228400
15.228400
15.228400
15.228400
15.228400
15.228400
15.228400
15.228400
15.228400
15.228300
15.228300
15.228300
15.228300
15.228300
15.228300
15.228300
15.228300
15.228300
15.228300
15.228300
15.228300
15.228300
15.228300
15.228300
15.228300
15.228300
15.228300
15.228300
15.228300
15.228300
15.228300
15.228300
15.228200
15.228200
15.228200
15.228200
15.228200
15.228200
15.228200
15.228200
15.228200
15.228200
15.228200
15.228200
15.228200
15.228200
15.228200
15.228200
15.228100
15.228100
15.228100
15.228100
15.228100
15.228100
15.228100
15.228100
15.228100
15.228100
15.228100
15.228100
15.228100
15.228000
15.228000
15.228000
15.228000
15.228000
15.228000
15.228000
15.228000
15.228000
15.228000
15.228000
15.228000
15.227900
15.227900
15.227900
15.227900
15.227900
15.227900
15.227900
15.227900
15.227900
15.227900
15.227800
15.227800
15.227800
15.227800
15.227800
15.227800
15.227800
15.227800
15.227800
15.227800
15.227700
15.227700
15.227700
15.227700
15.227700
15.227700
15.227700
15.227700
15.227700
15.227600
15.227600
15.227600
15.227600
15.227600
15.227600
15.227600
15.227600
15.227600
15.227500
15.227500
15.227500
15.227500
15.227500
15.227500
15.227500
15.227500
15.227500
15.227400
15.227400
15.227400
15.227400
15.227400
15.227400
15.227400
15.227400
15.227300
15.227300
15.227300
15.227300
15.227300
15.227300
15.227300
15.227300
15.227200
15.227200
15.227200
15.227200
15.227200
15.227200
15.227200
15.227100
15.227100
15.227100
15.227100
15.227100
15.227100
15.227100
15.227100
15.227000
15.227000
15.227000
15.227000
15.227000
15.227000
15.227000
15.226900
15.226900
15.226900
15.226900
15.226900
15.226900
15.226900
15.226800
15.226800
15.226800
15.226800
15.226800
15.226800
15.226800
15.226700
15.226700
15.226700
15.226700
15.226700
15.226700
15.226700
15.226600
15.226600
15.226600
15.226600
15.226600
15.226600
15.226600
15.226500
15.226500
15.226500
15.226500
15.226500
15.226500
15.226400
15.226400
15.226400
15.226400
15.226400
15.226400
15.226400
15.226300
15.226300
15.226300
15.226300
15.226300
15.226300
15.226200
15.226200
15.226200
15.226200
15.226200
15.226200
15.226200
15.226100
15.226100
15.226100
15.226100
15.226100
15.226100
15.226000
15.226000
15.226000
15.226000
15.226000
15.226000
15.225900
15.225900
15.225900
15.225900
15.225900
15.225900
15.225800
15.225800
15.225800
15.225800
15.225800
15.225800
15.225700
15.225700
15.225700
15.225700
15.225700
15.225700
15.225600
15.225600
15.225600
15.225600
15.225600
15.225600
15.225500
15.225500
15.225500
15.225500
15.225500
15.225500
15.225400
15.225400
15.225400
15.225400
15.225400
15.225400
15.225300
15.225300
15.225300
15.225300
15.225300
15.225300
15.225200
15.225200
15.225200
15.225200
15.225200
15.225200
15.225100
15.225100
15.225100
15.225100
15.225100
15.225100
15.225000
15.225000
15.225000
15.225000
15.225000
15.225000
15.224900
15.224900
15.224900
15.224900
15.224900
15.224800
15.224800
15.224800
15.224800
15.224800
15.224800
15.224700
15.224700
15.224700
15.224700
15.224700
15.224700
15.224600
15.224600
15.224600
15.224600
15.224600
15.224500
15.224500
15.224500
15.224500
15.224500
15.224500
15.224400
15.224400
15.224400
15.224400
15.224400
15.224400
15.224300
15.224300
15.224300
15.224300
15.224300
15.224200
15.224200
15.224200
15.224200
15.224200
15.224200
15.224100
15.224100
15.224100
15.224100
15.224100
15.224000
15.224000
15.224000
15.224000
15.224000
15.224000
15.223900
15.223900
15.223900
15.223900
15.223900
15.223800
15.223800
15.223800
15.223800
15.223800
15.223800
15.223700
15.223700
15.223700
15.223700
15.223700
15.223600
15.223600
15.223600
15.223600
15.223600
15.223500
15.223500
15.223500
15.223500
15.223500
15.223500
15.223400
15.223400
15.223400
15.223400
15.223400
15.223300
15.223300
15.223300
15.223300
15.223300
15.223300
15.223200
15.223200
15.223200
15.223200
15.223200
15.223100
15.223100
15.223100
15.223100
15.223100
15.223000
15.223000
15.223000
15.223000
15.223000
15.223000
15.222900
15.222900
15.222900
15.222900
15.222900
15.222800
15.222800
15.222800
15.222800
15.222800
15.222700
15.222700
15.222700
15.222700
15.222700
15.222700
15.222600
15.222600
15.222600
15.222600
15.222600
15.222500
15.222500
15.222500
15.222500
15.222500
15.222400
15.222400
15.222400
15.222400
15.222400
15.222300
15.222300
15.222300
15.222300
15.222300
15.222300
15.222200
15.222200
15.222200
15.222200
15.222200
15.222100
15.222100
15.222100
15.222100
15.222100
15.222000
15.222000
15.222000
15.222000
15.222000
15.221900
15.221900
15.221900
15.221900
15.221900
15.221800
15.221800
15.221800
15.221800
15.221800
15.221800
15.221700
15.221700
15.221700
15.221700
15.221700
15.221600
15.221600
15.221600
15.221600
15.221600
15.221500
15.221500
15.221500
15.221500
15.221500
15.221400
15.221400
15.221400
15.221400
15.221400
15.221300
15.221300
15.221300
15.221300
15.221300
15.221200
15.221200
15.221200
15.221200
15.221200
15.221200
15.221100
15.221100
15.221100
15.221100
15.221100
15.221000
15.221000
15.221000
15.221000
15.221000
15.220900
15.220900
15.220900
15.220900
15.220900
15.220800
15.220800
15.220800
15.220800
15.220800
15.220700
15.220700
15.220700
15.220700
15.220700
15.220600
15.220600
15.220600
15.220600
15.220600
15.220500
15.220500
15.220500
15.220500
15.220500
15.220400
15.220400
15.220400
15.220400
15.220400
15.220300
15.220300
15.220300
15.220300
15.220300
15.220200
15.220200
15.220200
15.220200
15.220200
15.220200
15.220100
15.220100
15.220100
15.220100
15.220100
15.220000
15.220000
15.220000
15.220000
15.220000
15.219900
15.219900
15.219900
15.219900
15.219900
15.219800
15.219800
15.219800
15.219800
15.219800
15.219700
15.219700
15.219700
15.219700
15.219700
15.219600
15.219600
15.219600
15.219600
15.219600
15.219500
15.219500
15.219500
15.219500
15.219500
15.219400
15.219400
15.219400
15.219400
15.219400
15.219300
15.219300
15.219300
15.219300
15.219300
15.219200
15.219200
15.219200
15.219200
15.219200
15.219100
15.219100
15.219100
15.219100
15.219100
15.219000
15.219000
15.219000
15.219000
15.219000
15.218900
15.218900
15.218900
15.218900
15.218900
15.218800
15.218800
15.218800
15.218800
15.218800
15.218700
15.218700
15.218700
15.218700
15.218700
15.218600
15.218600
15.218600
15.218600
15.218600
15.218500
15.218500
15.218500
15.218500
15.218500
15.218400
15.218400
15.218400
15.218400
15.218400
15.218300
15.218300
15.218300
15.218300
15.218300
15.218200
15.218200
15.218200
15.218200
15.218200
15.218100
15.218100
15.218100
15.218100
15.218100
15.218000
15.218000
15.218000
15.218000
15.218000
15.217900
15.217900
15.217900
15.217900
15.217900
15.217800
15.217800
15.217800
15.217800
15.217800
15.217700
15.217700
15.217700
15.217700
15.217700
15.217600
15.217600
15.217600
15.217600
15.217600
15.217500
15.217500
15.217500
15.217500
15.217500
15.217400
15.217400
15.217400
15.217400
15.217400
15.217300
15.217300
15.217300
15.217300
15.217300
15.219700
15.220200
15.220100
15.219900
15.219800
15.219600
15.219500
15.219400
15.219300
15.219200
15.219100
15.219000
15.218900
15.218800
15.218700
15.218700
15.218600
15.218600
15.218500
15.218500
15.218500
15.218500
15.218500
15.218500
15.218500
15.218500
15.218500
15.218500
15.218600
15.218600
15.218600
15.218700
15.218700
15.218700
15.218800
15.218800
15.218900
15.218900
15.219000
15.219000
15.219100
15.219200
15.219200
15.219300
15.219300
15.219400
15.219500
15.219500
15.219600
15.219700
15.219700
15.219800
15.219900
15.219900
15.220000
15.220100
15.220100
15.220200
15.220300
15.220400
15.220400
15.220500
15.220600
15.220600
15.220700
15.220800
15.220900
15.220900
15.221000
15.221100
15.221200
15.221200
15.221300
15.221400
15.221400
15.221500
15.221600
15.221700
15.221700
15.221800
15.221900
15.221900
15.222000
15.222100
15.222100
15.222200
15.222300
15.222400
15.222400
15.222500
15.222600
15.222600
15.222700
15.222800
15.222800
15.222900
15.222900
15.223000
15.223100
15.223100
15.223200
15.223300
15.223300
15.223400
15.223500
15.223500
15.223600
15.223600
15.223700
15.223800
15.223800
15.223900
15.223900
15.224000
15.224000
15.224100
15.224200
15.224200
15.224300
15.224300
15.224400
15.224400
15.224500
15.224500
15.224600
15.224600
15.224700
15.224700
15.224800
15.224800
15.224900
15.224900
15.225000
15.225000
15.225100
15.225100
15.225200
15.225200
15.225300
15.225300
15.225400
15.225400
15.225500
15.225500
15.225500
15.225600
15.225600
15.225700
15.225700
15.225800
15.225800
15.225800
15.225900
15.225900
15.226000
15.226000
15.226000
15.226100
15.226100
15.226200
15.226200
15.226200
15.226300
15.226300
15.226300
15.226400
15.226400
15.226400
15.226500
15.226500
15.226500
15.226600
15.226600
15.226600
15.226700
15.226700
15.226700
15.226800
15.226800
15.226800
15.226900
15.226900
15.226900
15.226900
15.227000
15.227000
15.227000
15.227100
15.227100
15.227100
15.227100
15.227200
15.227200
15.227200
15.227200
15.227300
15.227300
15.227300
15.227300
15.227400
15.227400
15.227400
15.227400
15.227400
15.227500
15.227500
15.227500
15.227500
15.227500
15.227600
15.227600
15.227600
15.227600
15.227600
15.227700
15.227700
15.227700
15.227700
15.227700
15.227800
15.227800
15.227800
15.227800
15.227800
15.227800
15.227900
15.227900
15.227900
15.227900
15.227900
15.227900
15.227900
15.228000
15.228000
15.228000
15.228000
15.228000
15.228000
15.228000
15.228000
15.228100
15.228100
15.228100
15.228100
15.228100
15.228100
15.228100
15.228100
15.228100
15.228200
15.228200
15.228200
15.228200
15.228200
15.228200
15.228200
15.228200
15.228200
15.228200
15.228200
15.228200
15.228300
15.228300
15.228300
15.228300
15.228300
15.228300
15.228300
15.228300
15.228300
15.228300
15.228300
15.228300
15.228300
15.228300
15.228300
15.228300
15.228300
15.228300
15.228300
15.228400
15.228400
15.228400
15.228400
15.228400
15.228400
15.228400
15.228400
15.228400
15.228400
15.228400
15.228400
15.228400
15.228400
15.228400
15.228400
15.228400
15.228400
15.228400
15.228400
15.228400
15.228400
15.228400
15.228400
15.228400
15.228400
15.228400
15.228400
15.228400
15.228400
15.228400
15.228400
15.228400
15.228400
15.228400
15.228400
15.228400
15.228400
15.228400
15.228400
15.228400
15.228400
15.228400
15.228400
15.228400
15.228400
15.228400
15.228300
15.228300
15.228300
15.228300
15.228300
15.228300
15.228300
15.228300
15.228300
15.228300
15.228300
15.228300
15.228300
15.228300
15.228300
15.228300
15.228300
15.228300
15.228300
15.228300
15.228300
15.228300
15.228200
15.228200
15.228200
15.228200
15.228200
15.228200
15.228200
15.228200
15.228200
15.228200
15.228200
15.228200
15.228200
15.228200
15.228200
15.228200
15.228100
15.228100
15.228100
15.228100
15.228100
15.228100
15.228100
15.228100
15.228100
15.228100
15.228100
15.228100
15.228100
15.228000
15.228000
15.228000
15.228000
15.228000
15.228000
15.228000
15.228000
15.228000
15.228000
15.228000
15.227900
15.227900
15.227900
15.227900
15.227900
15.227900
15.227900
15.227900
15.227900
15.227900
15.227900
15.227800
15.227800
15.227800
15.227800
15.227800
15.227800
15.227800
15.227800
15.227800
15.227800
15.227700
15.227700
15.227700
15.227700
15.227700
15.227700
15.227700
15.227700
15.227700
15.227600
15.227600
15.227600
15.227600
15.227600
15.227600
15.227600
15.227600
15.227600
15.227500
15.227500
15.227500
15.227500
15.227500
15.227500
15.227500
15.227500
15.227400
15.227400
15.227400
15.227400
15.227400
15.227400
15.227400
15.227400
15.227300
15.227300
15.227300
15.227300
15.227300
15.227300
15.227300
15.227300
15.227200
15.227200
15.227200
15.227200
15.227200
15.227200
15.227200
15.227200
15.227100
15.227100
15.227100
15.227100
15.227100
15.227100
15.227100
15.227000
15.227000
15.227000
15.227000
15.227000
15.227000
15.227000
15.226900
15.226900
15.226900
15.226900
15.226900
15.226900
15.226900
15.226800
15.226800
15.226800
15.226800
15.226800
15.226800
15.226800
15.226700
15.226700
15.226700
15.226700
15.226700
15.226700
15.226700
15.226600
15.226600
15.226600
15.226600
15.226600
15.226600
15.226600
15.226500
15.226500
15.226500
15.226500
15.226500
15.226500
15.226500
15.226400
15.226400
15.226400
15.226400
15.226400
15.226400
15.226300
15.226300
15.226300
15.226300
15.226300
15.226300
15.226300
15.226200
15.226200
15.226200
15.226200
15.226200
15.226200
15.226100
15.226100
15.226100
15.226100
15.226100
15.226100
15.226000
15.226000
15.226000
15.226000
15.226000
15.226000
15.225900
15.225900
15.225900
15.225900
15.225900
15.225900
15.225900
15.225800
15.225800
15.225800
15.225800
15.225800
15.225800
15.225700
15.225700
15.225700
15.225700
15.225700
15.225700
15.225600
15.225600
15.225600
15.225600
15.225600
15.225600
15.225500
15.225500
15.225500
15.225500
15.225500
15.225500
15.225400
15.225400
15.225400
15.225400
15.225400
15.225400
15.225300
15.225300
15.225300
15.225300
15.225300
15.225300
15.225200
15.225200
15.225200
15.225200
15.225200
15.225100
15.225100
15.225100
15.225100
15.225100
15.225100
15.225000
15.225000
15.225000
15.225000
15.225000
15.225000
15.224900
15.224900
15.224900
15.224900
15.224900
15.224900
15.224800
15.224800
15.224800
15.224800
15.224800
15.224700
15.224700
15.224700
15.224700
15.224700
15.224700
15.224600
15.224600
15.224600
15.224600
15.224600
15.224600
15.224500
15.224500
15.224500
15.224500
15.224500
15.224400
15.224400
15.224400
15.224400
15.224400
15.224400
15.224300
15.224300
15.224300
15.224300
15.224300
15.224200
15.224200
15.224200
15.224200
15.224200
15.224200
15.224100
15.224100
15.224100
15.224100
15.224100
15.224000
15.224000
15.224000
15.224000
15.224000
15.224000
15.223900
15.223900
15.223900
15.223900
15.223900
15.223800
15.223800
15.223800
15.223800
15.223800
15.223800
15.223700
15.223700
15.223700
15.223700
15.223700
15.223600
15.223600
15.223600
15.223600
15.223600
15.223600
15.223500
15.223500
15.223500
15.223500
15.223500
15.223400
15.223400
15.223400
15.223400
15.223400
15.223400
15.223300
15.223300
15.223300
15.223300
15.223300
15.223200
15.223200
15.223200
15.223200
15.223200
15.223100
15.223100
15.223100
15.223100
15.223100
15.223100
15.223000
15.223000
15.223000
15.223000
15.223000
15.222900
15.222900
15.222900
15.222900
15.222900
15.222800
15.222800
15.222800
15.222800
15.222800
15.222700
15.222700
15.222700
15.222700
15.222700
15.222700
15.222600
15.222600
15.222600
15.222600
15.222600
15.222500
15.222500
15.222500
15.222500
15.222500
15.222400
15.222400
15.222400
15.222400
15.222400
15.222400
15.222300
15.222300
15.222300
15.222300
15.222300
15.222200
15.222200
15.222200
15.222200
15.222200
15.222100
15.222100
15.222100
15.222100
15.222100
15.222000
15.222000
15.222000
15.222000
15.222000
15.221900
15.221900
15.221900
15.221900
15.221900
15.221900
15.221800
15.221800
15.221800
15.221800
15.221800
15.221700
15.221700
15.221700
15.221700
15.221700
15.221600
15.221600
15.221600
15.221600
15.221600
15.221500
15.221500
15.221500
15.221500
15.221500
15.221400
15.221400
15.221400
15.221400
15.221400
15.221300
15.221300
15.221300
15.221300
15.221300
15.221300
15.221200
15.221200
15.221200
15.221200
15.221200
15.221100
15.221100
15.221100
15.221100
15.221100
15.221000
15.221000
15.221000
15.221000
15.221000
15.220900
15.220900
15.220900
15.220900
15.220900
15.220800
15.220800
15.220800
15.220800
15.220800
15.220700
15.220700
15.220700
15.220700
15.220700
15.220600
15.220600
15.220600
15.220600
15.220600
15.220500
15.220500
15.220500
15.220500
15.220500
15.220500
15.220400
15.220400
15.220400
15.220400
15.220400
15.220300
15.220300
15.220300
15.220300
15.220300
15.220200
15.220200
15.220200
15.220200
15.220200
15.220100
15.220100
15.220100
15.220100
15.220100
15.220000
15.220000
15.220000
15.220000
15.220000
15.219900
15.219900
15.219900
15.219900
15.219900
15.219800
15.219800
15.219800
15.219800
15.219800
15.219700
15.219700
15.219700
15.219700
15.219700
15.219600
15.219600
15.219600
15.219600
15.219600
15.219500
15.219500
15.219500
15.219500
15.219500
15.219400
15.219400
15.219400
15.219400
15.219400
15.219300
15.219300
15.219300
15.219300
15.219300
15.219200
15.219200
15.219200
15.219200
15.219200
15.219100
15.219100
15.219100
15.219100
15.219100
15.219000
15.219000
15.219000
15.219000
15.219000
15.218900
15.218900
15.218900
15.218900
15.218900
15.218800
15.218800
15.218800
15.218800
15.218800
15.218700
15.218700
15.218700
15.218700
15.218700
15.218700
15.218600
15.218600
15.218600
15.218600
15.218600
15.218500
15.218500
15.218500
15.218500
15.218500
15.218400
15.218400
15.218400
15.218400
15.218400
15.218300
15.218300
15.218300
15.218300
15.218300
15.218200
15.218200
15.218200
15.218200
15.218200
15.218100
15.218100
15.218100
15.218100
15.218100
15.218000
15.218000
15.218000
15.218000
15.218000
15.217900
15.217900
15.217900
15.217900
15.217900
15.217800
15.217800
15.217800
15.217800
15.217800
15.217700
15.217700
15.217700
15.217700
15.217700
15.217600
15.217600
15.217600
15.217600
15.217600
15.217500
15.217500
15.217500
15.217500
15.217500
15.217400
15.217400
15.217400
15.217400
15.217300
15.217300
15.217300
15.217300
15.217300
15.219700
15.220200
15.220100
15.219900
15.219800
15.219600
15.219500
15.219400
15.219300
15.219200
15.219100
15.219000
15.218900
15.218800
15.218700
15.218700
15.218600
15.218600
15.218500
15.218500
15.218500
15.218500
15.218500
15.218500
15.218500
15.218500
15.218500
15.218500
15.218600
15.218600
15.218600
15.218700
15.218700
15.218700
15.218800
15.218800
15.218900
15.218900
15.219000
15.219000
15.219100
15.219200
15.219200
15.219300
15.219300
15.219400
15.219500
15.219500
15.219600
15.219700
15.219700
15.219800
15.219900
15.219900
15.220000
15.220100
15.220100
15.220200
15.220300
15.220400
15.220400
15.220500
15.220600
15.220600
15.220700
15.220800
15.220900
15.220900
15.221000
15.221100
15.221200
15.221200
15.221300
15.221400
15.221400
15.221500
15.221600
15.221700
15.221700
15.221800
15.221900
15.221900
15.222000
15.222100
15.222200
15.222200
15.222300
15.222400
15.222400
15.222500
15.222600
15.222600
15.222700
15.222800
15.222800
15.222900
15.223000
15.223000
15.223100
15.223100
15.223200
15.223300
15.223300
15.223400
15.223500
15.223500
15.223600
15.223600
15.223700
15.223800
15.223800
15.223900
15.223900
15.224000
15.224000
15.224100
15.224200
15.224200
15.224300
15.224300
15.224400
15.224400
15.224500
15.224500
15.224600
15.224600
15.224700
15.224700
15.224800
15.224800
15.224900
15.224900
15.225000
15.225000
15.225100
15.225100
15.225200
15.225200
15.225300
15.225300
15.225400
15.225400
15.225500
15.225500
15.225500
15.225600
15.225600
15.225700
15.225700
15.225800
15.225800
15.225800
15.225900
15.225900
15.226000
15.226000
15.226000
15.226100
15.226100
15.226200
15.226200
15.226200
15.226300
15.226300
15.226300
15.226400
15.226400
15.226400
15.226500
15.226500
15.226500
15.226600
15.226600
15.226600
15.226700
15.226700
15.226700
15.226800
15.226800
15.226800
15.226900
15.226900
15.226900
15.226900
15.227000
15.227000
15.227000
15.227100
15.227100
15.227100
15.227100
15.227200
15.227200
15.227200
15.227200
15.227300
15.227300
15.227300
15.227300
15.227400
15.227400
15.227400
15.227400
15.227400
15.227500
15.227500
15.227500
15.227500
15.227600
15.227600
15.227600
15.227600
15.227600
15.227700
15.227700
15.227700
15.227700
15.227700
15.227700
15.227800
15.227800
15.227800
15.227800
15.227800
15.227800
15.227900
15.227900
15.227900
15.227900
15.227900
15.227900
15.227900
15.228000
15.228000
15.228000
15.228000
15.228000
15.228000
15.228000
15.228000
15.228100
15.228100
15.228100
15.228100
15.228100
15.228100
15.228100
15.228100
15.228100
15.228200
15.228200
15.228200
15.228200
15.228200
15.228200
15.228200
15.228200
15.228200
15.228200
15.228200
15.228200
15.228300
15.228300
15.228300
15.228300
15.228300
15.228300
15.228300
15.228300
15.228300
15.228300
15.228300
15.228300
15.228300
15.228300
15.228300
15.228300
15.228300
15.228300
15.228400
15.228400
15.228400
15.228400
15.228400
15.228400
15.228400
15.228400
15.228400
15.228400
15.228400
15.228400
15.228400
15.228400
15.228400
15.228400
15.228400
15.228400
15.228400
15.228400
15.228400
15.228400
15.228400
15.228400
15.228400
15.228400
15.228400
15.228400
15.228400
15.228400
15.228400
15.228400
15.228400
15.228400
15.228400
15.228400
15.228400
15.228400
15.228400
15.228400
15.228400
15.228400
15.228400
15.228400
15.228400
15.228400
15.228400
15.228400
15.228400
15.228300
15.228300
15.228300
15.228300
15.228300
15.228300
15.228300
15.228300
15.228300
15.228300
15.228300
15.228300
15.228300
15.228300
15.228300
15.228300
15.228300
15.228300
15.228300
15.228300
15.228300
15.228300
15.228200
15.228200
15.228200
15.228200
15.228200
15.228200
15.228200
15.228200
15.228200
15.228200
15.228200
15.228200
15.228200
15.228200
15.228200
15.228100
15.228100
15.228100
15.228100
15.228100
15.228100
15.228100
15.228100
15.228100
15.228100
15.228100
15.228100
15.228100
15.228000
15.228000
15.228000
15.228000
15.228000
15.228000
15.228000
15.228000
15.228000
15.228000
15.228000
15.228000
15.227900
15.227900
15.227900
15.227900
15.227900
15.227900
15.227900
15.227900
15.227900
15.227900
15.227800
15.227800
15.227800
15.227800
15.227800
15.227800
15.227800
15.227800
15.227800
15.227800
15.227700
15.227700
15.227700
15.227700
15.227700
15.227700
15.227700
15.227700
15.227700
15.227600
15.227600
15.227600
15.227600
15.227600
15.227600
15.227600
15.227600
15.227600
15.227500
15.227500
15.227500
15.227500
15.227500
15.227500
15.227500
15.227500
15.227400
15.227400
15.227400
15.227400
15.227400
15.227400
15.227400
15.227400
15.227300
15.227300
15.227300
15.227300
15.227300
15.227300
15.227300
15.227300
15.227200
15.227200
15.227200
15.227200
15.227200
15.227200
15.227200
15.227200
15.227100
15.227100
15.227100
15.227100
15.227100
15.227100
15.227100
15.227000
15.227000
15.227000
15.227000
15.227000
15.227000
15.227000
15.227000
15.226900
15.226900
15.226900
15.226900
15.226900
15.226900
15.226900
15.226800
15.226800
15.226800
15.226800
15.226800
15.226800
15.226800
15.226700
15.226700
15.226700
15.226700
15.226700
15.226700
15.226600
15.226600
15.226600
15.226600
15.226600
15.226600
15.226600
15.226500
15.226500
15.226500
15.226500
15.226500
15.226500
15.226500
15.226400
15.226400
15.226400
15.226400
15.226400
15.226400
15.226300
15.226300
15.226300
15.226300
15.226300
15.226300
15.226300
15.226200
15.226200
15.226200
15.226200
15.226200
15.226200
15.226100
15.226100
15.226100
15.226100
15.226100
15.226100
15.226000
15.226000
15.226000
15.226000
15.226000
15.226000
15.226000
15.225900
15.225900
15.225900
15.225900
15.225900
15.225900
15.225800
15.225800
15.225800
15.225800
15.225800
15.225800
15.225700
15.225700
15.225700
15.225700
15.225700
15.225700
15.225600
15.225600
15.225600
15.225600
15.225600
15.225600
15.225500
15.225500
15.225500
15.225500
15.225500
15.225500
15.225400
15.225400
15.225400
15.225400
15.225400
15.225400
15.225300
15.225300
15.225300
15.225300
15.225300
15.225300
15.225200
15.225200
15.225200
15.225200
15.225200
15.225200
15.225100
15.225100
15.225100
15.225100
15.225100
15.225000
15.225000
15.225000
15.225000
15.225000
15.225000
15.224900
15.224900
15.224900
15.224900
15.224900
15.224900
15.224800
15.224800
15.224800
15.224800
15.224800
15.224800
15.224700
15.224700
15.224700
15.224700
15.224700
15.224600
15.224600
15.224600
15.224600
15.224600
15.224600
15.224500
15.224500
15.224500
15.224500
15.224500
15.224500
15.224400
15.224400
15.224400
15.224400
15.224400
15.224300
15.224300
15.224300
15.224300
15.224300
15.224300
15.224200
15.224200
15.224200
15.224200
15.224200
15.224100
15.224100
15.224100
15.224100
15.224100
15.224100
15.224000
15.224000
15.224000
15.224000
15.224000
15.223900
15.223900
15.223900
15.223900
15.223900
15.223900
15.223800
15.223800
15.223800
15.223800
15.223800
15.223700
15.223700
15.223700
15.223700
15.223700
15.223700
15.223600
15.223600
15.223600
15.223600
15.223600
15.223500
15.223500
15.223500
15.223500
15.223500
15.223400
15.223400
15.223400
15.223400
15.223400
15.223400
15.223300
15.223300
15.223300
15.223300
15.223300
15.223200
15.223200
15.223200
15.223200
15.223200
15.223100
15.223100
15.223100
15.223100
15.223100
15.223100
15.223000
15.223000
15.223000
15.223000
15.223000
15.222900
15.222900
15.222900
15.222900
15.222900
15.222800
15.222800
15.222800
15.222800
15.222800
15.222800
15.222700
15.222700
15.222700
15.222700
15.222700
15.222600
15.222600
15.222600
15.222600
15.222600
15.222500
15.222500
15.222500
15.222500
15.222500
15.222500
15.222400
15.222400
15.222400
15.222400
15.222400
15.222300
15.222300
15.222300
15.222300
15.222300
15.222200
15.222200
15.222200
15.222200
15.222200
15.222100
15.222100
15.222100
15.222100
15.222100
15.222000
15.222000
15.222000
15.222000
15.222000
15.222000
15.221900
15.221900
15.221900
15.221900
15.221900
15.221800
15.221800
15.221800
15.221800
15.221800
15.221700
15.221700
15.221700
15.221700
15.221700
15.221600
15.221600
15.221600
15.221600
15.221600
15.221500
15.221500
15.221500
15.221500
15.221500
15.221500
15.221400
15.221400
15.221400
15.221400
15.221400
15.221300
15.221300
15.221300
15.221300
15.221300
15.221200
15.221200
15.221200
15.221200
15.221200
15.221100
15.221100
15.221100
15.221100
15.221100
15.221000
15.221000
15.221000
15.221000
15.221000
15.220900
15.220900
15.220900
15.220900
15.220900
15.220800
15.220800
15.220800
15.220800
15.220800
15.220700
15.220700
15.220700
15.220700
15.220700
15.220700
15.220600
15.220600
15.220600
15.220600
15.220600
15.220500
15.220500
15.220500
15.220500
15.220500
15.220400
15.220400
15.220400
15.220400
15.220400
15.220300
15.220300
15.220300
15.220300
15.220300
15.220200
15.220200
15.220200
15.220200
15.220200
15.220100
15.220100
15.220100
15.220100
15.220100
15.220000
15.220000
15.220000
15.220000
15.220000
15.219900
15.219900
15.219900
15.219900
15.219900
15.219800
15.219800
15.219800
15.219800
15.219800
15.219700
15.219700
15.219700
15.219700
15.219700
15.219600
15.219600
15.219600
15.219600
15.219600
15.219500
15.219500
15.219500
15.219500
15.219500
15.219400
15.219400
15.219400
15.219400
15.219400
15.219300
15.219300
15.219300
15.219300
15.219300
15.219300
15.219200
15.219200
15.219200
15.219200
15.219200
15.219100
15.219100
15.219100
15.219100
15.219100
15.219000
15.219000
15.219000
15.219000
15.219000
15.218900
15.218900
15.218900
15.218900
15.218900
15.218800
15.218800
15.218800
15.218800
15.218800
15.218700
15.218700
15.218700
15.218700
15.218700
15.218600
15.218600
15.218600
15.218600
15.218600
15.218500
15.218500
15.218500
15.218500
15.218500
15.218400
15.218400
15.218400
15.218400
15.218400
15.218300
15.218300
15.218300
15.218300
15.218300
15.218200
15.218200
15.218200
15.218200
15.218200
15.218100
15.218100
15.218100
15.218100
15.218100
15.218000
15.218000
15.218000
15.218000
15.218000
15.217900
15.217900
15.217900
15.217900
15.217900
15.217800
15.217800
15.217800
15.217800
15.217800
15.217700
15.217700
15.217700
15.217700
15.217700
15.217600
15.217600
15.217600
15.217600
15.217600
15.217500
15.217500
15.217500
15.217500
15.217500
15.217400
15.217400
15.217400
15.217400
