12.012400
12.012400
12.012300
12.012300
12.012300
12.012500
12.015100
12.015300
12.015200
12.015100
12.015000
12.014900
12.014800
12.014700
12.014600
12.014600
12.014500
12.014400
12.014400
12.014300
12.014300
12.014200
12.014200
12.014100
12.014100
12.014100
12.014000
12.014000
12.014000
12.014000
12.014000
12.014000
12.014000
12.014000
12.014000
12.014000
12.014100
12.014100
12.014100
12.014100
12.014200
12.014200
12.014200
12.014300
12.014300
12.014400
12.014400
12.014400
12.014500
12.014500
12.014600
12.014600
12.014700
12.014700
12.014800
12.014800
12.014900
12.014900
12.015000
12.015000
12.015100
12.015200
12.015200
12.015300
12.015300
12.015400
12.015400
12.015500
12.015600
12.015600
12.015700
12.015700
12.015800
12.015900
12.015900
12.016000
12.016000
12.016100
12.016200
12.016200
12.016300
12.016300
12.016400
12.016500
12.016500
12.016600
12.016600
12.016700
12.016700
12.016800
12.016900
12.016900
12.017000
12.017000
12.017100
12.017100
12.017200
12.017300
12.017300
12.017400
12.017400
12.017500
12.017500
12.017600
12.017600
12.017700
12.017700
12.017800
12.017800
12.017900
12.017900
12.018000
12.018000
12.018100
12.018100
12.018200
12.018200
12.018300
12.018300
12.018300
12.018400
12.018400
12.018500
12.018500
12.018600
12.018600
12.018600
12.018700
12.018700
12.018800
12.018800
12.018800
12.018900
12.018900
12.019000
12.019000
12.019000
12.019100
12.019100
12.019200
12.019200
12.019200
12.019300
12.019300
12.019300
12.019400
12.019400
12.019400
12.019500
12.019500
12.019500
12.019600
12.019600
12.019600
12.019700
12.019700
12.019700
12.019700
12.019800
12.019800
12.019800
12.019900
12.019900
12.019900
12.019900
12.020000
12.020000
12.020000
12.020000
12.020100
12.020100
12.020100
12.020100
12.020200
12.020200
12.020200
12.020200
12.020300
12.020300
12.020300
12.020300
12.020400
12.020400
12.020400
12.020400
12.020400
12.020500
12.020500
12.020500
12.020500
12.020500
12.020600
12.020600
12.020600
12.020600
12.020600
12.020600
12.020700
12.020700
12.020700
12.020700
12.020700
12.020700
12.020800
12.020800
12.020800
12.020800
12.020800
12.020800
12.020800
12.020900
12.020900
12.020900
12.020900
12.020900
12.020900
12.020900
12.020900
12.021000
12.021000
12.021000
12.021000
12.021000
12.021000
12.021000
12.021000
12.021000
12.021100
12.021100
12.021100
12.021100
12.021100
12.021100
12.021100
12.021100
12.021100
12.021100
12.021100
12.021200
12.021200
12.021200
12.021200
12.021200
12.021200
12.021200
12.021200
12.021200
12.021200
12.021200
12.021200
12.021200
12.021200
12.021200
12.021200
12.021300
12.021300
12.021300
12.021300
12.021300
12.021300
12.021300
12.021300
12.021300
12.021300
12.021300
12.021300
12.021300
12.021300
12.021300
12.021300
12.021300
12.021300
12.021300
12.021300
12.021300
12.021300
12.021300
12.021300
12.021300
12.021300
12.021300
12.021300
12.021300
12.021300
12.021300
12.021300
12.021300
12.021300
12.021300
12.021300
12.021300
12.021300
12.021300
12.021300
12.021300
12.021300
12.021300
12.021300
12.021300
12.021300
12.021300
12.021300
12.021300
12.021300
12.021300
12.021300
12.021300
12.021300
12.021300
12.021300
12.021300
12.021300
12.021300
12.021300
12.021300
12.021300
12.021300
12.021300
12.021300
12.021300
12.021300
12.021300
12.021300
12.021300
12.021300
12.021300
12.021300
12.021300
12.021300
12.021300
12.021300
12.021300
12.021200
12.021200
12.021200
12.021200
12.021200
12.021200
12.021200
12.021200
12.021200
12.021200
12.021200
12.021200
12.021200
12.021200
12.021200
12.021200
12.021200
12.021200
12.021200
12.021200
12.021200
12.021100
12.021100
12.021100
12.021100
12.021100
12.021100
12.021100
12.021100
12.021100
12.021100
12.021100
12.021100
12.021100
12.021100
12.021100
12.021100
12.021000
12.021000
12.021000
12.021000
12.021000
12.021000
12.021000
12.021000
12.021000
12.021000
12.021000
12.021000
12.021000
12.021000
12.020900
12.020900
12.020900
12.020900
12.020900
12.020900
12.020900
12.020900
12.020900
12.020900
12.020900
12.020900
12.020800
12.020800
12.020800
12.020800
12.020800
12.020800
12.020800
12.020800
12.020800
12.020800
12.020800
12.020800
12.020700
12.020700
12.020700
12.020700
12.020700
12.020700
12.020700
12.020700
12.020700
12.020700
12.020700
12.020600
12.020600
12.020600
12.020600
12.020600
12.020600
12.020600
12.020600
12.020600
12.020600
12.020600
12.020500
12.020500
12.020500
12.020500
12.020500
12.020500
12.020500
12.020500
12.020500
12.020500
12.020400
12.020400
12.020400
12.020400
12.020400
12.020400
12.020400
12.020400
12.020400
12.020400
12.020300
12.020300
12.020300
12.020300
12.020300
12.020300
12.020300
12.020300
12.020300
12.020200
12.020200
12.020200
12.020200
12.020200
12.020200
12.020200
12.020200
12.020200
12.020100
12.020100
12.020100
12.020100
12.020100
12.020100
12.020100
12.020100
12.020100
12.020000
12.020000
12.020000
12.020000
12.020000
12.020000
12.020000
12.020000
12.020000
12.019900
12.019900
12.019900
12.019900
12.019900
12.019900
12.019900
12.019900
12.019800
12.019800
12.019800
12.019800
12.019800
12.019800
12.019800
12.019800
12.019800
12.019700
12.019700
12.019700
12.019700
12.019700
12.019700
12.019700
12.019700
12.019600
12.019600
12.019600
12.019600
12.019600
12.019600
12.019600
12.019600
12.019500
12.019500
12.019500
12.019500
12.019500
12.019500
12.019500
12.019500
12.019400
12.019400
12.019400
12.019400
12.019400
12.019400
12.019400
12.019400
12.019300
12.019300
12.019300
12.019300
12.019300
12.019300
12.019300
12.019300
12.019200
12.019200
12.019200
12.019200
12.019200
12.019200
12.019200
12.019200
12.019100
12.019100
12.019100
12.019100
12.019100
12.019100
12.019100
12.019000
12.019000
12.019000
12.019000
12.019000
12.019000
12.019000
12.019000
12.018900
12.018900
12.018900
12.018900
12.018900
12.018900
12.018900
12.018900
12.018800
12.018800
12.018800
12.018800
12.018800
12.018800
12.018800
12.018700
12.018700
12.018700
12.018700
12.018700
12.018700
12.018700
12.018600
12.018600
12.018600
12.018600
12.018600
12.018600
12.018600
12.018600
12.018500
12.018500
12.018500
12.018500
12.018500
12.018500
12.018500
12.018400
12.018400
12.018400
12.018400
12.018400
12.018400
12.018400
12.018300
12.018300
12.018300
12.018300
12.018300
12.018300
12.018300
12.018200
12.018200
12.018200
12.018200
12.018200
12.018200
12.018200
12.018200
12.018100
12.018100
12.018100
12.018100
12.018100
12.018100
12.018100
12.018000
12.018000
12.018000
12.018000
12.018000
12.018000
12.018000
12.017900
12.017900
12.017900
12.017900
12.017900
12.017900
12.017900
12.017800
12.017800
12.017800
12.017800
12.017800
12.017800
12.017800
12.017700
12.017700
12.017700
12.017700
12.017700
12.017700
12.017700
12.017600
12.017600
12.017600
12.017600
12.017600
12.017600
12.017600
12.017500
12.017500
12.017500
12.017500
12.017500
12.017500
12.017500
12.017400
12.017400
12.017400
12.017400
12.017400
12.017400
12.017300
12.017300
12.017300
12.017300
12.017300
12.017300
12.017300
12.017200
12.017200
12.017200
12.017200
12.017200
12.017200
12.017200
12.017100
12.017100
12.017100
12.017100
12.017100
12.017100
12.017100
12.017000
12.017000
12.017000
12.017000
12.017000
12.017000
12.017000
12.016900
12.016900
12.016900
12.016900
12.016900
12.016900
12.016800
12.016800
12.016800
12.016800
12.016800
12.016800
12.016800
12.016700
12.016700
12.016700
12.016700
12.016700
12.016700
12.016700
12.016600
12.016600
12.016600
12.016600
12.016600
12.016600
12.016600
12.016500
12.016500
12.016500
12.016500
12.016500
12.016500
12.016400
12.016400
12.016400
12.016400
12.016400
12.016400
12.016400
12.016300
12.016300
12.016300
12.016300
12.016300
12.016300
12.016300
12.016200
12.016200
12.016200
12.016200
12.016200
12.016200
12.016100
12.016100
12.016100
12.016100
12.016100
12.016100
12.016100
12.016000
12.016000
12.016000
12.016000
12.016000
12.016000
12.015900
12.015900
12.015900
12.015900
12.015900
12.015900
12.015900
12.015800
12.015800
12.015800
12.015800
12.015800
12.015800
12.015800
12.015700
12.015700
12.015700
12.015700
12.015700
12.015700
12.015600
12.015600
12.015600
12.015600
12.015600
12.015600
12.015600
12.015500
12.015500
12.015500
12.015500
12.015500
12.015500
12.015400
12.015400
12.015400
12.015400
12.015400
12.015400
12.015400
12.015300
12.015300
12.015300
12.015300
12.015300
12.015300
12.015200
12.015200
12.015200
12.015200
12.015200
12.015200
12.015200
12.015100
12.015100
12.015100
12.015100
12.015100
12.015100
12.015000
12.015000
12.015000
12.015000
12.015000
12.015000
12.015000
12.014900
12.014900
12.014900
12.014900
12.014900
12.014900
12.014800
12.014800
12.014800
12.014800
12.014800
12.014800
12.014800
12.014700
12.014700
12.014700
12.014700
12.014700
12.014700
12.014600
12.014600
12.014600
12.014600
12.014600
12.014600
12.014600
12.014500
12.014500
12.014500
12.014500
12.014500
12.014500
12.014400
12.014400
12.014400
12.014400
12.014400
12.014400
12.014300
12.014300
12.014300
12.014300
12.014300
12.014300
12.014300
12.014200
12.014200
12.014200
12.014200
12.014200
12.014200
12.014100
12.014100
12.014100
12.014100
12.014100
12.014100
12.014100
12.014000
12.014000
12.014000
12.014000
12.014000
12.014000
12.013900
12.013900
12.013900
12.013900
12.013900
12.013900
12.013900
12.013800
12.013800
12.013800
12.013800
12.013800
12.013800
12.013700
12.013700
12.013700
12.013700
12.013700
12.013700
12.013600
12.013600
12.013600
12.013600
12.013600
12.013600
12.013600
12.013500
12.013500
12.013500
12.013500
12.013500
12.013500
12.013400
12.013400
12.013400
12.013400
12.013400
12.013400
12.013400
12.013300
12.013300
12.013300
12.013300
12.013300
12.013300
12.013200
12.013200
12.013200
12.013200
12.013200
12.013200
12.013100
12.013100
12.013100
12.013100
12.013100
12.013100
12.013100
12.013000
12.013000
12.013000
12.013000
12.013000
12.013000
12.012900
12.012900
12.012900
12.012900
12.012900
12.012900
12.012800
12.012800
12.012800
12.012800
12.012800
12.012800
12.012800
12.012700
12.012700
12.012700
12.012700
12.012700
12.012700
12.012600
12.012600
12.012600
12.012600
12.012600
12.012600
12.012500
12.012500
12.012500
12.012500
12.012500
12.012500
12.012500
12.012400
12.012400
12.012400
12.012400
12.012400
12.012300
12.012500
12.015100
12.015300
12.015200
12.015100
12.015000
12.014900
12.014800
12.014800
12.014700
12.014600
12.014500
12.014500
12.014400
12.014400
12.014300
12.014300
12.014200
12.014200
12.014100
12.014100
12.014100
12.014100
12.014000
12.014000
12.014000
12.014000
12.014000
12.014000
12.014100
12.014100
12.014100
12.014100
12.014100
12.014200
12.014200
12.014200
12.014300
12.014300
12.014300
12.014400
12.014400
12.014500
12.014500
12.014600
12.014600
12.014700
12.014700
12.014800
12.014800
12.014900
12.014900
12.015000
12.015000
12.015100
12.015100
12.015200
12.015200
12.015300
12.015400
12.015400
12.015500
12.015500
12.015600
12.015700
12.015700
12.015800
12.015800
12.015900
12.016000
12.016000
12.016100
12.016100
12.016200
12.016300
12.016300
12.016400
12.016400
12.016500
12.016600
12.016600
12.016700
12.016700
12.016800
12.016800
12.016900
12.017000
12.017000
12.017100
12.017100
12.017200
12.017200
12.017300
12.017300
12.017400
12.017400
12.017500
12.017600
12.017600
12.017700
12.017700
12.017800
12.017800
12.017900
12.017900
12.018000
12.018000
12.018100
12.018100
12.018100
12.018200
12.018200
12.018300
12.018300
12.018400
12.018400
12.018500
12.018500
12.018600
12.018600
12.018600
12.018700
12.018700
12.018800
12.018800
12.018800
12.018900
12.018900
12.019000
12.019000
12.019000
12.019100
12.019100
12.019200
12.019200
12.019200
12.019300
12.019300
12.019300
12.019400
12.019400
12.019400
12.019500
12.019500
12.019500
12.019600
12.019600
12.019600
12.019700
12.019700
12.019700
12.019700
12.019800
12.019800
12.019800
12.019900
12.019900
12.019900
12.019900
12.020000
12.020000
12.020000
12.020100
12.020100
12.020100
12.020100
12.020200
12.020200
12.020200
12.020200
12.020300
12.020300
12.020300
12.020300
12.020300
12.020400
12.020400
12.020400
12.020400
12.020400
12.020500
12.020500
12.020500
12.020500
12.020500
12.020600
12.020600
12.020600
12.020600
12.020600
12.020700
12.020700
12.020700
12.020700
12.020700
12.020700
12.020800
12.020800
12.020800
12.020800
12.020800
12.020800
12.020800
12.020900
12.020900
12.020900
12.020900
12.020900
12.020900
12.020900
12.021000
12.021000
12.021000
12.021000
12.021000
12.021000
12.021000
12.021000
12.021000
12.021100
12.021100
12.021100
12.021100
12.021100
12.021100
12.021100
12.021100
12.021100
12.021100
12.021200
12.021200
12.021200
12.021200
12.021200
12.021200
12.021200
12.021200
12.021200
12.021200
12.021200
12.021200
12.021200
12.021200
12.021300
12.021300
12.021300
12.021300
12.021300
12.021300
12.021300
12.021300
12.021300
12.021300
12.021300
12.021300
12.021300
12.021300
12.021300
12.021300
12.021300
12.021300
12.021300
12.021300
12.021300
12.021300
12.021300
12.021400
12.021400
12.021400
12.021400
12.021400
12.021400
12.021400
12.021400
12.021400
12.021400
12.021400
12.021400
12.021400
12.021400
12.021400
12.021400
12.021400
12.021400
12.021400
12.021400
12.021400
12.021400
12.021400
12.021400
12.021400
12.021400
12.021400
12.021400
12.021400
12.021400
12.021400
12.021400
12.021400
12.021400
12.021400
12.021400
12.021400
12.021400
12.021400
12.021400
12.021400
12.021300
12.021300
12.021300
12.021300
12.021300
12.021300
12.021300
12.021300
12.021300
12.021300
12.021300
12.021300
12.021300
12.021300
12.021300
12.021300
12.021300
12.021300
12.021300
12.021300
12.021300
12.021300
12.021300
12.021300
12.021300
12.021300
12.021300
12.021300
12.021200
12.021200
12.021200
12.021200
12.021200
12.021200
12.021200
12.021200
12.021200
12.021200
12.021200
12.021200
12.021200
12.021200
12.021200
12.021200
12.021200
12.021200
12.021200
12.021100
12.021100
12.021100
12.021100
12.021100
12.021100
12.021100
12.021100
12.021100
12.021100
12.021100
12.021100
12.021100
12.021100
12.021100
12.021000
12.021000
12.021000
12.021000
12.021000
12.021000
12.021000
12.021000
12.021000
12.021000
12.021000
12.021000
12.021000
12.020900
12.020900
12.020900
12.020900
12.020900
12.020900
12.020900
12.020900
12.020900
12.020900
12.020900
12.020900
12.020900
12.020800
12.020800
12.020800
12.020800
12.020800
12.020800
12.020800
12.020800
12.020800
12.020800
12.020800
12.020700
12.020700
12.020700
12.020700
12.020700
12.020700
12.020700
12.020700
12.020700
12.020700
12.020700
12.020600
12.020600
12.020600
12.020600
12.020600
12.020600
12.020600
12.020600
12.020600
12.020600
12.020500
12.020500
12.020500
12.020500
12.020500
12.020500
12.020500
12.020500
12.020500
12.020500
12.020400
12.020400
12.020400
12.020400
12.020400
12.020400
12.020400
12.020400
12.020400
12.020400
12.020300
12.020300
12.020300
12.020300
12.020300
12.020300
12.020300
12.020300
12.020300
12.020200
12.020200
12.020200
12.020200
12.020200
12.020200
12.020200
12.020200
12.020200
12.020100
12.020100
12.020100
12.020100
12.020100
12.020100
12.020100
12.020100
12.020100
12.020000
12.020000
12.020000
12.020000
12.020000
12.020000
12.020000
12.020000
12.020000
12.019900
12.019900
12.019900
12.019900
12.019900
12.019900
12.019900
12.019900
12.019800
12.019800
12.019800
12.019800
12.019800
12.019800
12.019800
12.019800
12.019800
12.019700
12.019700
12.019700
12.019700
12.019700
12.019700
12.019700
12.019700
12.019600
12.019600
12.019600
12.019600
12.019600
12.019600
12.019600
12.019600
12.019500
12.019500
12.019500
12.019500
12.019500
12.019500
12.019500
12.019500
12.019400
12.019400
12.019400
12.019400
12.019400
12.019400
12.019400
12.019400
12.019300
12.019300
12.019300
12.019300
12.019300
12.019300
12.019300
12.019300
12.019200
12.019200
12.019200
12.019200
12.019200
12.019200
12.019200
12.019100
12.019100
12.019100
12.019100
12.019100
12.019100
12.019100
12.019100
12.019000
12.019000
12.019000
12.019000
12.019000
12.019000
12.019000
12.019000
12.018900
12.018900
12.018900
12.018900
12.018900
12.018900
12.018900
12.018800
12.018800
12.018800
12.018800
12.018800
12.018800
12.018800
12.018800
12.018700
12.018700
12.018700
12.018700
12.018700
12.018700
12.018700
12.018600
12.018600
12.018600
12.018600
12.018600
12.018600
12.018600
12.018500
12.018500
12.018500
12.018500
12.018500
12.018500
12.018500
12.018500
12.018400
12.018400
12.018400
12.018400
12.018400
12.018400
12.018400
12.018300
12.018300
12.018300
12.018300
12.018300
12.018300
12.018300
12.018200
12.018200
12.018200
12.018200
12.018200
12.018200
12.018200
12.018100
12.018100
12.018100
12.018100
12.018100
12.018100
12.018100
12.018000
12.018000
12.018000
12.018000
12.018000
12.018000
12.018000
12.017900
12.017900
12.017900
12.017900
12.017900
12.017900
12.017900
12.017800
12.017800
12.017800
12.017800
12.017800
12.017800
12.017800
12.017700
12.017700
12.017700
12.017700
12.017700
12.017700
12.017700
12.017600
12.017600
12.017600
12.017600
12.017600
12.017600
12.017600
12.017500
12.017500
12.017500
12.017500
12.017500
12.017500
12.017500
12.017400
12.017400
12.017400
12.017400
12.017400
12.017400
12.017400
12.017300
12.017300
12.017300
12.017300
12.017300
12.017300
12.017300
12.017200
12.017200
12.017200
12.017200
12.017200
12.017200
12.017200
12.017100
12.017100
12.017100
12.017100
12.017100
12.017100
12.017000
12.017000
12.017000
12.017000
12.017000
12.017000
12.017000
12.016900
12.016900
12.016900
12.016900
12.016900
12.016900
12.016900
12.016800
12.016800
12.016800
12.016800
12.016800
12.016800
12.016800
12.016700
12.016700
12.016700
12.016700
12.016700
12.016700
12.016600
12.016600
12.016600
12.016600
12.016600
12.016600
12.016600
12.016500
12.016500
12.016500
12.016500
12.016500
12.016500
12.016500
12.016400
12.016400
12.016400
12.016400
12.016400
12.016400
12.016300
12.016300
12.016300
12.016300
12.016300
12.016300
12.016300
12.016200
12.016200
12.016200
12.016200
12.016200
12.016200
12.016200
12.016100
12.016100
12.016100
12.016100
12.016100
12.016100
12.016000
12.016000
12.016000
12.016000
12.016000
12.016000
12.016000
12.015900
12.015900
12.015900
12.015900
12.015900
12.015900
12.015800
12.015800
12.015800
12.015800
12.015800
12.015800
12.015800
12.015700
12.015700
12.015700
12.015700
12.015700
12.015700
12.015600
12.015600
12.015600
12.015600
12.015600
12.015600
12.015600
12.015500
12.015500
12.015500
12.015500
12.015500
12.015500
12.015500
12.015400
12.015400
12.015400
12.015400
12.015400
12.015400
12.015300
12.015300
12.015300
12.015300
12.015300
12.015300
12.015300
12.015200
12.015200
12.015200
12.015200
12.015200
12.015200
12.015100
12.015100
12.015100
12.015100
12.015100
12.015100
12.015100
12.015000
12.015000
12.015000
12.015000
12.015000
12.015000
12.014900
12.014900
12.014900
12.014900
12.014900
12.014900
12.014900
12.014800
12.014800
12.014800
12.014800
12.014800
12.014800
12.014700
12.014700
12.014700
12.014700
12.014700
12.014700
12.014600
12.014600
12.014600
12.014600
12.014600
12.014600
12.014600
12.014500
12.014500
12.014500
12.014500
12.014500
12.014500
12.014400
12.014400
12.014400
12.014400
12.014400
12.014400
12.014400
12.014300
12.014300
12.014300
12.014300
12.014300
12.014300
12.014200
12.014200
12.014200
12.014200
12.014200
12.014200
12.014200
12.014100
12.014100
12.014100
12.014100
12.014100
12.014100
12.014000
12.014000
12.014000
12.014000
12.014000
12.014000
12.013900
12.013900
12.013900
12.013900
12.013900
12.013900
12.013900
12.013800
12.013800
12.013800
12.013800
12.013800
12.013800
12.013700
12.013700
12.013700
12.013700
12.013700
12.013700
12.013700
12.013600
12.013600
12.013600
12.013600
12.013600
12.013600
12.013500
12.013500
12.013500
12.013500
12.013500
12.013500
12.013400
12.013400
12.013400
12.013400
12.013400
12.013400
12.013400
12.013300
12.013300
12.013300
12.013300
12.013300
12.013300
12.013200
12.013200
12.013200
12.013200
12.013200
12.013200
12.013200
12.013100
12.013100
12.013100
12.013100
12.013100
12.013100
12.013000
12.013000
12.013000
12.013000
12.013000
12.013000
12.012900
12.012900
12.012900
12.012900
12.012900
12.012900
12.012900
12.012800
12.012800
12.012800
12.012800
12.012800
12.012800
12.012700
12.012700
12.012700
12.012700
12.012700
12.012700
12.012600
12.012600
12.012600
12.012600
12.012600
12.012600
12.012600
12.012500
12.012500
12.012500
12.012500
12.012500
12.012500
12.012400
12.012400
12.012400
12.012400
12.012600
12.015200
12.015300
12.015300
12.015200
12.015100
12.015000
12.014900
12.014800
12.014700
12.014600
12.014600
12.014500
12.014400
12.014400
12.014300
12.014300
12.014200
12.014200
12.014200
12.014100
12.014100
12.014100
12.014100
12.014100
12.014100
12.014100
12.014100
12.014100
12.014100
12.014100
12.014100
12.014100
12.014200
12.014200
12.014200
12.014300
12.014300
12.014300
12.014400
12.014400
12.014500
12.014500
12.014600
12.014600
12.014600
12.014700
12.014700
12.014800
12.014800
12.014900
12.015000
12.015000
12.015100
12.015100
12.015200
12.015200
12.015300
12.015300
12.015400
12.015500
12.015500
12.015600
12.015600
12.015700
12.015800
12.015800
12.015900
12.015900
12.016000
12.016100
12.016100
12.016200
12.016200
12.016300
12.016400
12.016400
12.016500
12.016500
12.016600
12.016600
12.016700
12.016800
12.016800
12.016900
12.016900
12.017000
12.017000
12.017100
12.017200
12.017200
12.017300
12.017300
12.017400
12.017400
12.017500
12.017500
12.017600
12.017600
12.017700
12.017700
12.017800
12.017800
12.017900
12.017900
12.018000
12.018000
12.018100
12.018100
12.018200
12.018200
12.018300
12.018300
12.018400
12.018400
12.018500
12.018500
12.018500
12.018600
12.018600
12.018700
12.018700
12.018800
12.018800
12.018800
12.018900
12.018900
12.019000
12.019000
12.019000
12.019100
12.019100
12.019100
12.019200
12.019200
12.019300
12.019300
12.019300
12.019400
12.019400
12.019400
12.019500
12.019500
12.019500
12.019600
12.019600
12.019600
12.019700
12.019700
12.019700
12.019800
12.019800
12.019800
12.019800
12.019900
12.019900
12.019900
12.020000
12.020000
12.020000
12.020000
12.020100
12.020100
12.020100
12.020100
12.020200
12.020200
12.020200
12.020200
12.020300
12.020300
12.020300
12.020300
12.020400
12.020400
12.020400
12.020400
12.020400
12.020500
12.020500
12.020500
12.020500
12.020500
12.020600
12.020600
12.020600
12.020600
12.020600
12.020700
12.020700
12.020700
12.020700
12.020700
12.020700
12.020800
12.020800
12.020800
12.020800
12.020800
12.020800
12.020900
12.020900
12.020900
12.020900
12.020900
12.020900
12.020900
12.021000
12.021000
12.021000
12.021000
12.021000
12.021000
12.021000
12.021000
12.021100
12.021100
12.021100
12.021100
12.021100
12.021100
12.021100
12.021100
12.021100
12.021100
12.021200
12.021200
12.021200
12.021200
12.021200
12.021200
12.021200
12.021200
12.021200
12.021200
12.021200
12.021200
12.021300
12.021300
12.021300
12.021300
12.021300
12.021300
12.021300
12.021300
12.021300
12.021300
12.021300
12.021300
12.021300
12.021300
12.021300
12.021300
12.021300
12.021300
12.021400
12.021400
12.021400
12.021400
12.021400
12.021400
12.021400
12.021400
12.021400
12.021400
12.021400
12.021400
12.021400
12.021400
12.021400
12.021400
12.021400
12.021400
12.021400
12.021400
12.021400
12.021400
12.021400
12.021400
12.021400
12.021400
12.021400
12.021400
12.021400
12.021400
12.021400
12.021400
12.021400
12.021400
12.021400
12.021400
12.021400
12.021400
12.021400
12.021400
12.021400
12.021400
12.021400
12.021400
12.021400
12.021400
12.021400
12.021400
12.021400
12.021400
12.021400
12.021400
12.021400
12.021400
12.021400
12.021400
12.021400
12.021400
12.021400
12.021400
12.021400
12.021400
12.021400
12.021400
12.021300
12.021300
12.021300
12.021300
12.021300
12.021300
12.021300
12.021300
12.021300
12.021300
12.021300
12.021300
12.021300
12.021300
12.021300
12.021300
12.021300
12.021300
12.021300
12.021300
12.021300
12.021300
12.021300
12.021200
12.021200
12.021200
12.021200
12.021200
12.021200
12.021200
12.021200
12.021200
12.021200
12.021200
12.021200
12.021200
12.021200
12.021200
12.021200
12.021200
12.021100
12.021100
12.021100
12.021100
12.021100
12.021100
12.021100
12.021100
12.021100
12.021100
12.021100
12.021100
12.021100
12.021100
12.021100
12.021000
12.021000
12.021000
12.021000
12.021000
12.021000
12.021000
12.021000
12.021000
12.021000
12.021000
12.021000
12.021000
12.020900
12.020900
12.020900
12.020900
12.020900
12.020900
12.020900
12.020900
12.020900
12.020900
12.020900
12.020900
12.020800
12.020800
12.020800
12.020800
12.020800
12.020800
12.020800
12.020800
12.020800
12.020800
12.020800
12.020700
12.020700
12.020700
12.020700
12.020700
12.020700
12.020700
12.020700
12.020700
12.020700
12.020700
12.020600
12.020600
12.020600
12.020600
12.020600
12.020600
12.020600
12.020600
12.020600
12.020600
12.020500
12.020500
12.020500
12.020500
12.020500
12.020500
12.020500
12.020500
12.020500
12.020500
12.020400
12.020400
12.020400
12.020400
12.020400
12.020400
12.020400
12.020400
12.020400
12.020300
12.020300
12.020300
12.020300
12.020300
12.020300
12.020300
12.020300
12.020300
12.020300
12.020200
12.020200
12.020200
12.020200
12.020200
12.020200
12.020200
12.020200
12.020200
12.020100
12.020100
12.020100
12.020100
12.020100
12.020100
12.020100
12.020100
12.020000
12.020000
12.020000
12.020000
12.020000
12.020000
12.020000
12.020000
12.020000
12.019900
12.019900
12.019900
12.019900
12.019900
12.019900
12.019900
12.019900
12.019800
12.019800
12.019800
12.019800
12.019800
12.019800
12.019800
12.019800
12.019800
12.019700
12.019700
12.019700
12.019700
12.019700
12.019700
12.019700
12.019700
12.019600
12.019600
12.019600
12.019600
12.019600
12.019600
12.019600
12.019600
12.019500
12.019500
12.019500
12.019500
12.019500
12.019500
12.019500
12.019500
12.019400
12.019400
12.019400
12.019400
12.019400
12.019400
12.019400
12.019400
12.019300
12.019300
12.019300
12.019300
12.019300
12.019300
12.019300
12.019300
12.019200
12.019200
12.019200
12.019200
12.019200
12.019200
12.019200
12.019100
12.019100
12.019100
12.019100
12.019100
12.019100
12.019100
12.019100
12.019000
12.019000
12.019000
12.019000
12.019000
12.019000
12.019000
12.018900
12.018900
12.018900
12.018900
12.018900
12.018900
12.018900
12.018900
12.018800
12.018800
12.018800
12.018800
12.018800
12.018800
12.018800
12.018700
12.018700
12.018700
12.018700
12.018700
12.018700
12.018700
12.018700
12.018600
12.018600
12.018600
12.018600
12.018600
12.018600
12.018600
12.018500
12.018500
12.018500
12.018500
12.018500
12.018500
12.018500
12.018400
12.018400
12.018400
12.018400
12.018400
12.018400
12.018400
12.018300
12.018300
12.018300
12.018300
12.018300
12.018300
12.018300
12.018200
12.018200
12.018200
12.018200
12.018200
12.018200
12.018200
12.018200
12.018100
12.018100
12.018100
12.018100
12.018100
12.018100
12.018100
12.018000
12.018000
12.018000
12.018000
12.018000
12.018000
12.018000
12.017900
12.017900
12.017900
12.017900
12.017900
12.017900
12.017900
12.017800
12.017800
12.017800
12.017800
12.017800
12.017800
12.017800
12.017700
12.017700
12.017700
12.017700
12.017700
12.017700
12.017700
12.017600
12.017600
12.017600
12.017600
12.017600
12.017600
12.017600
12.017500
12.017500
12.017500
12.017500
12.017500
12.017500
12.017400
12.017400
12.017400
12.017400
12.017400
12.017400
12.017400
12.017300
12.017300
12.017300
12.017300
12.017300
12.017300
12.017300
12.017200
12.017200
12.017200
12.017200
12.017200
12.017200
12.017200
12.017100
12.017100
12.017100
12.017100
12.017100
12.017100
12.017100
12.017000
12.017000
12.017000
12.017000
12.017000
12.017000
12.016900
12.016900
12.016900
12.016900
12.016900
12.016900
12.016900
12.016800
12.016800
12.016800
12.016800
12.016800
12.016800
12.016800
12.016700
12.016700
12.016700
12.016700
12.016700
12.016700
12.016700
12.016600
12.016600
12.016600
12.016600
12.016600
12.016600
12.016500
12.016500
12.016500
12.016500
12.016500
12.016500
12.016500
12.016400
12.016400
12.016400
12.016400
12.016400
12.016400
12.016400
12.016300
12.016300
12.016300
12.016300
12.016300
12.016300
12.016200
12.016200
12.016200
12.016200
12.016200
12.016200
12.016200
12.016100
12.016100
12.016100
12.016100
12.016100
12.016100
12.016100
12.016000
12.016000
12.016000
12.016000
12.016000
12.016000
12.015900
12.015900
12.015900
12.015900
12.015900
12.015900
12.015900
12.015800
12.015800
12.015800
12.015800
12.015800
12.015800
12.015700
12.015700
12.015700
12.015700
12.015700
12.015700
12.015700
12.015600
12.015600
12.015600
12.015600
12.015600
12.015600
12.015500
12.015500
12.015500
12.015500
12.015500
12.015500
12.015500
12.015400
12.015400
12.015400
12.015400
12.015400
12.015400
12.015300
12.015300
12.015300
12.015300
12.015300
12.015300
12.015300
12.015200
12.015200
12.015200
12.015200
12.015200
12.015200
12.015100
12.015100
12.015100
12.015100
12.015100
12.015100
12.015100
12.015000
12.015000
12.015000
12.015000
12.015000
12.015000
12.014900
12.014900
12.014900
12.014900
12.014900
12.014900
12.014900
12.014800
12.014800
12.014800
12.014800
12.014800
12.014800
12.014700
12.014700
12.014700
12.014700
12.014700
12.014700
12.014700
12.014600
12.014600
12.014600
12.014600
12.014600
12.014600
12.014500
12.014500
12.014500
12.014500
12.014500
12.014500
12.014500
12.014400
12.014400
12.014400
12.014400
12.014400
12.014400
12.014300
12.014300
12.014300
12.014300
12.014300
12.014300
12.014200
12.014200
12.014200
12.014200
12.014200
12.014200
12.014200
12.014100
12.014100
12.014100
12.014100
12.014100
12.014100
12.014000
12.014000
12.014000
12.014000
12.014000
12.014000
12.014000
12.013900
12.013900
12.013900
12.013900
12.013900
12.013900
12.013800
12.013800
12.013800
12.013800
12.013800
12.013800
12.013800
12.013700
12.013700
12.013700
12.013700
12.013700
12.013700
12.013600
12.013600
12.013600
12.013600
12.013600
12.013600
12.013500
12.013500
12.013500
12.013500
12.013500
12.013500
12.013500
12.013400
12.013400
12.013400
12.013400
12.013400
12.013400
12.013300
12.013300
12.013300
12.013300
12.013300
12.013300
12.013200
12.013200
12.013200
12.013200
12.013200
12.013200
12.013200
12.013100
12.013100
12.013100
12.013100
12.013100
12.013100
12.013000
12.013000
12.013000
12.013000
12.013000
12.013000
12.013000
12.012900
12.012900
12.012900
12.012900
12.012900
12.012900
12.012800
12.012800
12.012800
12.012800
12.012800
12.012800
12.012700
12.012700
12.012700
12.012700
12.012700
12.012700
12.012700
12.012600
12.012600
12.012600
12.012600
12.012600
12.012600
12.012500
12.012500
12.012500
12.012500
