9.643070
9.643040
9.643010
9.642980
9.642950
9.642920
9.642890
9.642860
9.642830
9.642800
9.642770
9.642740
9.642710
9.642680
9.642650
9.642620
9.642590
9.642550
9.642520
9.642490
9.642460
9.642430
9.642400
9.642370
9.642340
9.642310
9.642280
9.642250
9.642220
9.642190
9.642160
9.642130
9.642100
9.642070
9.642040
9.642000
9.641970
9.641940
9.641910
9.641880
9.641850
9.641820
9.641790
9.641760
9.641730
9.641700
9.641670
9.641640
9.641610
9.641580
9.641550
9.641520
9.641480
9.641450
9.641420
9.641390
9.641360
9.641330
9.641300
9.641270
9.641240
9.641210
9.641180
9.641150
9.641120
9.641090
9.641060
9.641030
9.640990
9.640960
9.640930
9.640900
9.640870
9.640840
9.640810
9.640780
9.640750
9.640720
9.640690
9.640660
9.640630
9.640600
9.640570
9.640530
9.640500
9.640470
9.640440
9.640410
9.640380
9.640350
9.640320
9.640290
9.640260
9.640230
9.640200
9.640170
9.640140
9.640110
9.640070
9.640040
9.640010
9.639980
9.639940
9.639900
9.639870
9.639930
9.644500
9.645830
9.645940
9.645890
9.645780
9.645660
9.645520
9.645380
9.645230
9.645090
9.644950
9.644810
9.644690
9.644590
9.644520
9.644490
9.644510
9.644580
9.644690
9.644820
9.644980
9.645150
9.645330
9.645520
9.645720
9.645920
9.646120
9.646320
9.646520
9.646720
9.646910
9.647110
9.647300
9.647490
9.647680
9.647860
9.648040
9.648220
9.648390
9.648560
9.648730
9.648890
9.649050
9.649210
9.649360
9.649510
9.649650
9.649790
9.649930
9.650060
9.650190
9.650320
9.650450
9.650570
9.650680
9.650800
9.650910
9.651020
9.651120
9.651220
9.651320
9.651420
9.651510
9.651600
9.651690
9.651780
9.651860
9.651940
9.652020
9.652100
9.652170
9.652240
9.652310
9.652370
9.652440
9.652500
9.652560
9.652620
9.652670
9.652730
9.652780
9.652830
9.652870
9.652920
9.652960
9.653010
9.653050
9.653090
9.653130
9.653160
9.653200
9.653230
9.653260
9.653290
9.653320
9.653350
9.653370
9.653400
9.653420
9.653450
9.653470
9.653490
9.653510
9.653530
9.653540
9.653560
9.653580
9.653590
9.653610
9.653620
9.653630
9.653640
9.653660
9.653670
9.653680
9.653690
9.653690
9.653700
9.653710
9.653720
9.653720
9.653730
9.653740
9.653740
9.653750
9.653750
9.653760
9.653760
9.653760
9.653770
9.653770
9.653780
9.653780
9.653780
9.653790
9.653790
9.653790
9.653790
9.653800
9.653800
9.653800
9.653810
9.653810
9.653810
9.653820
9.653820
9.653830
9.653830
9.653840
9.653840
9.653850
9.653850
9.653860
9.653860
9.653870
9.653880
9.653890
9.653890
9.653900
9.653910
9.653920
9.653930
9.653940
9.653960
9.653970
9.653980
9.654000
9.654010
9.654030
9.654040
9.654060
9.654080
9.654100
9.654120
9.654140
9.654170
9.654190
9.654220
9.654250
9.654280
9.654310
9.654350
9.654390
9.654430
9.654480
9.654530
9.654580
9.654640
9.654700
9.654760
9.654830
9.654900
9.654980
9.655060
9.655150
9.655240
9.655340
9.655440
9.655540
9.655630
9.655730
9.655820
9.655910
9.656000
9.656090
9.656170
9.656250
9.656330
9.656400
9.656480
9.656550
9.656620
9.656690
9.656750
9.656810
9.656870
9.656930
9.656990
9.657050
9.657100
9.657150
9.657200
9.657250
9.657300
9.657350
9.657390
9.657440
9.657480
9.657520
9.657560
9.657600
9.657630
9.657670
9.657700
9.657740
9.657770
9.657800
9.657830
9.657860
9.657890
9.657920
9.657940
9.657970
9.657990
9.658020
9.658040
9.658060
9.658080
9.658100
9.658120
9.658140
9.658160
9.658180
9.658190
9.658210
9.658220
9.658240
9.658250
9.658270
9.658280
9.658290
9.658300
9.658310
9.658320
9.658330
9.658340
9.658350
9.658360
9.658360
9.658370
9.658380
9.658380
9.658390
9.658390
9.658400
9.658400
9.658410
9.658410
9.658410
9.658410
9.658420
9.658420
9.658420
9.658420
9.658420
9.658420
9.658420
9.658420
9.658420
9.658420
9.658410
9.658410
9.658410
9.658410
9.658400
9.658400
9.658390
9.658390
9.658390
9.658380
9.658380
9.658370
9.658370
9.658360
9.658350
9.658350
9.658340
9.658330
9.658330
9.658320
9.658310
9.658300
9.658290
9.658290
9.658280
9.658270
9.658260
9.658250
9.658240
9.658230
9.658220
9.658210
9.658200
9.658190
9.658180
9.658170
9.658150
9.658140
9.658130
9.658120
9.658110
9.658090
9.658080
9.658070
9.658060
9.658040
9.658030
9.658020
9.658000
9.657990
9.657980
9.657960
9.657950
9.657930
9.657920
9.657900
9.657890
9.657870
9.657860
9.657840
9.657830
9.657810
9.657800
9.657780
9.657770
9.657750
9.657730
9.657720
9.657700
9.657680
9.657670
9.657650
9.657630
9.657620
9.657600
9.657580
9.657570
9.657550
9.657530
9.657510
9.657490
9.657480
9.657460
9.657440
9.657420
9.657400
9.657380
9.657370
9.657350
9.657330
9.657310
9.657290
9.657270
9.657250
9.657230
9.657210
9.657190
9.657170
9.657150
9.657130
9.657110
9.657090
9.657070
9.657050
9.657030
9.657010
9.656990
9.656970
9.656950
9.656930
9.656910
9.656890
9.656870
9.656850
9.656830
9.656810
9.656780
9.656760
9.656740
9.656720
9.656700
9.656680
9.656660
9.656630
9.656610
9.656590
9.656570
9.656550
9.656520
9.656500
9.656480
9.656460
9.656430
9.656410
9.656390
9.656370
9.656340
9.656320
9.656300
9.656280
9.656250
9.656230
9.656210
9.656190
9.656160
9.656140
9.656120
9.656090
9.656070
9.656050
9.656020
9.656000
9.655980
9.655950
9.655930
9.655900
9.655880
9.655860
9.655830
9.655810
9.655790
9.655760
9.655740
9.655710
9.655690
9.655660
9.655640
9.655620
9.655590
9.655570
9.655540
9.655520
9.655490
9.655470
9.655440
9.655420
9.655400
9.655370
9.655350
9.655320
9.655300
9.655270
9.655250
9.655220
9.655200
9.655170
9.655150
9.655120
9.655100
9.655070
9.655050
9.655020
9.655000
9.654970
9.654940
9.654920
9.654890
9.654870
9.654840
9.654820
9.654790
9.654770
9.654740
9.654710
9.654690
9.654660
9.654640
9.654610
9.654580
9.654560
9.654530
9.654510
9.654480
9.654450
9.654430
9.654400
9.654380
9.654350
9.654320
9.654300
9.654270
9.654240
9.654220
9.654190
9.654170
9.654140
9.654110
9.654090
9.654060
9.654030
9.654010
9.653980
9.653950
9.653930
9.653900
9.653870
9.653850
9.653820
9.653790
9.653770
9.653740
9.653710
9.653690
9.653660
9.653630
9.653600
9.653580
9.653550
9.653520
9.653500
9.653470
9.653440
9.653420
9.653390
9.653360
9.653330
9.653310
9.653280
9.653250
9.653220
9.653200
9.653170
9.653140
9.653110
9.653090
9.653060
9.653030
9.653010
9.652980
9.652950
9.652920
9.652890
9.652870
9.652840
9.652810
9.652780
9.652760
9.652730
9.652700
9.652670
9.652650
9.652620
9.652590
9.652560
9.652530
9.652510
9.652480
9.652450
9.652420
9.652400
9.652370
9.652340
9.652310
9.652280
9.652260
9.652230
9.652200
9.652170
9.652140
9.652110
9.652090
9.652060
9.652030
9.652000
9.651970
9.651950
9.651920
9.651890
9.651860
9.651830
9.651800
9.651780
9.651750
9.651720
9.651690
9.651660
9.651630
9.651610
9.651580
9.651550
9.651520
9.651490
9.651460
9.651440
9.651410
9.651380
9.651350
9.651320
9.651290
9.651260
9.651240
9.651210
9.651180
9.651150
9.651120
9.651090
9.651060
9.651030
9.651010
9.650980
9.650950
9.650920
9.650890
9.650860
9.650830
9.650800
9.650780
9.650750
9.650720
9.650690
9.650660
9.650630
9.650600
9.650570
9.650540
9.650520
9.650490
9.650460
9.650430
9.650400
9.650370
9.650340
9.650310
9.650280
9.650260
9.650230
9.650200
9.650170
9.650140
9.650110
9.650080
9.650050
9.650020
9.649990
9.649960
9.649930
9.649910
9.649880
9.649850
9.649820
9.649790
9.649760
9.649730
9.649700
9.649670
9.649640
9.649610
9.649580
9.649560
9.649530
9.649500
9.649470
9.649440
9.649410
9.649380
9.649350
9.649320
9.649290
9.649260
9.649230
9.649200
9.649170
9.649140
9.649110
9.649090
9.649060
9.649030
9.649000
9.648970
9.648940
9.648910
9.648880
9.648850
9.648820
9.648790
9.648760
9.648730
9.648700
9.648670
9.648640
9.648610
9.648580
9.648550
9.648520
9.648490
9.648470
9.648440
9.648410
9.648380
9.648350
9.648320
9.648290
9.648260
9.648230
9.648200
9.648170
9.648140
9.648110
9.648080
9.648050
9.648020
9.647990
9.647960
9.647930
9.647900
9.647870
9.647840
9.647810
9.647780
9.647750
9.647720
9.647690
9.647660
9.647630
9.647600
9.647570
9.647540
9.647510
9.647480
9.647450
9.647420
9.647390
9.647360
9.647330
9.647300
9.647270
9.647250
9.647220
9.647190
9.647160
9.647130
9.647100
9.647070
9.647040
9.647010
9.646980
9.646950
9.646920
9.646890
9.646860
9.646830
9.646800
9.646770
9.646740
9.646710
9.646680
9.646650
9.646620
9.646590
9.646560
9.646530
9.646500
9.646470
9.646440
9.646410
9.646380
9.646350
9.646320
9.646290
9.646260
9.646230
9.646200
9.646160
9.646130
9.646100
9.646070
9.646040
9.646010
9.645980
9.645950
9.645920
9.645890
9.645860
9.645830
9.645800
9.645770
9.645740
9.645710
9.645680
9.645650
9.645620
9.645590
9.645560
9.645530
9.645500
9.645470
9.645440
9.645410
9.645380
9.645350
9.645320
9.645290
9.645260
9.645230
9.645200
9.645170
9.645140
9.645110
9.645080
9.645050
9.645020
9.644990
9.644960
9.644930
9.644900
9.644870
9.644840
9.644810
9.644780
9.644750
9.644710
9.644680
9.644650
9.644620
9.644590
9.644560
9.644530
9.644500
9.644470
9.644440
9.644410
9.644380
9.644350
9.644320
9.644290
9.644260
9.644230
9.644200
9.644170
9.644140
9.644110
9.644080
9.644050
9.644020
9.643990
9.643960
9.643930
9.643900
9.643860
9.643830
9.643800
9.643770
9.643740
9.643710
9.643680
9.643650
9.643620
9.643590
9.643560
9.643530
9.643500
9.643470
9.643440
9.643410
9.643380
9.643350
9.643320
9.643290
9.643260
9.643230
9.643200
9.643160
9.643130
9.643100
9.643070
9.643040
9.643010
9.642980
9.642950
9.642920
9.642890
9.642860
9.642830
9.642800
9.642770
9.642740
9.642710
9.642680
9.642650
9.642620
9.642590
9.642550
9.642520
9.642490
9.642460
9.642430
9.642400
9.642370
9.642340
9.642310
9.642280
9.642250
9.642220
9.642190
9.642160
9.642130
9.642100
9.642070
9.642040
9.642000
9.641970
9.641940
9.641910
9.641880
9.641850
9.641820
9.641790
9.641760
9.641730
9.641700
9.641670
9.641640
9.641610
9.641580
9.641550
9.641520
9.641480
9.641450
9.641420
9.641390
9.641360
9.641330
9.641300
9.641270
9.641240
9.641210
9.641180
9.641150
9.641120
9.641090
9.641060
9.641030
9.640990
9.640960
9.640930
9.640900
9.640870
9.640840
9.640810
9.640780
9.640750
9.640720
9.640690
9.640660
9.640630
9.640600
9.640570
9.640530
9.640500
9.640470
9.640440
9.640410
9.640380
9.640350
9.640320
9.640290
9.640260
9.640230
9.640200
9.640170
9.640140
9.640110
9.640070
9.640040
9.640010
9.639980
9.639940
9.639900
9.639870
9.639930
9.644500
9.645830
9.645940
9.645890
9.645780
9.645660
9.645520
9.645380
9.645230
9.645090
9.644950
9.644810
9.644690
9.644590
9.644520
9.644490
9.644510
9.644580
9.644690
9.644820
9.644980
9.645150
9.645330
9.645520
9.645720
9.645920
9.646120
9.646320
9.646520
9.646720
9.646910
9.647110
9.647300
9.647490
9.647680
9.647860
9.648040
9.648220
9.648390
9.648560
9.648730
9.648890
9.649050
9.649210
9.649360
9.649510
9.649650
9.649790
9.649930
9.650060
9.650190
9.650320
9.650450
9.650570
9.650680
9.650800
9.650910
9.651020
9.651120
9.651220
9.651320
9.651420
9.651510
9.651610
9.651690
9.651780
9.651860
9.651940
9.652020
9.652100
9.652170
9.652240
9.652310
9.652370
9.652440
9.652500
9.652560
9.652620
9.652670
9.652730
9.652780
9.652830
9.652870
9.652920
9.652960
9.653010
9.653050
9.653090
9.653130
9.653160
9.653200
9.653230
9.653260
9.653290
9.653320
9.653350
9.653370
9.653400
9.653420
9.653450
9.653470
9.653490
9.653510
9.653530
9.653540
9.653560
9.653580
9.653590
9.653610
9.653620
9.653630
9.653640
9.653660
9.653670
9.653680
9.653690
9.653690
9.653700
9.653710
9.653720
9.653720
9.653730
9.653740
9.653740
9.653750
9.653750
9.653760
9.653760
9.653760
9.653770
9.653770
9.653780
9.653780
9.653780
9.653790
9.653790
9.653790
9.653790
9.653800
9.653800
9.653800
9.653810
9.653810
9.653810
9.653820
9.653820
9.653830
9.653830
9.653840
9.653840
9.653850
9.653850
9.653860
9.653860
9.653870
9.653880
9.653890
9.653890
9.653900
9.653910
9.653920
9.653930
9.653940
9.653960
9.653970
9.653980
9.654000
9.654010
9.654030
9.654040
9.654060
9.654080
9.654100
9.654120
9.654140
9.654170
9.654190
9.654220
9.654250
9.654280
9.654310
9.654350
9.654390
9.654430
9.654480
9.654530
9.654580
9.654640
9.654700
9.654760
9.654830
9.654900
9.654980
9.655060
9.655150
9.655240
9.655340
9.655440
9.655540
9.655630
9.655730
9.655820
9.655910
9.656000
9.656090
9.656170
9.656250
9.656330
9.656400
9.656480
9.656550
9.656620
9.656690
9.656750
9.656810
9.656870
9.656930
9.656990
9.657050
9.657100
9.657150
9.657200
9.657250
9.657300
9.657350
9.657390
9.657440
9.657480
9.657520
9.657560
9.657600
9.657630
9.657670
9.657700
9.657740
9.657770
9.657800
9.657830
9.657860
9.657890
9.657920
9.657940
9.657970
9.657990
9.658020
9.658040
9.658060
9.658080
9.658100
9.658120
9.658140
9.658160
9.658180
9.658190
9.658210
9.658220
9.658240
9.658250
9.658270
9.658280
9.658290
9.658300
9.658310
9.658320
9.658330
9.658340
9.658350
9.658360
9.658360
9.658370
9.658380
9.658380
9.658390
9.658390
9.658400
9.658400
9.658410
9.658410
9.658410
9.658410
9.658420
9.658420
9.658420
9.658420
9.658420
9.658420
9.658420
9.658420
9.658420
9.658420
9.658410
9.658410
9.658410
9.658410
9.658400
9.658400
9.658400
9.658390
9.658390
9.658380
9.658380
9.658370
9.658370
9.658360
9.658350
9.658350
9.658340
9.658330
9.658330
9.658320
9.658310
9.658300
9.658290
9.658290
9.658280
9.658270
9.658260
9.658250
9.658240
9.658230
9.658220
9.658210
9.658200
9.658190
9.658180
9.658170
9.658150
9.658140
9.658130
9.658120
9.658110
9.658090
9.658080
9.658070
9.658060
9.658040
9.658030
9.658020
9.658000
9.657990
9.657980
9.657960
9.657950
9.657930
9.657920
9.657900
9.657890
9.657870
9.657860
9.657840
9.657830
9.657810
9.657800
9.657780
9.657770
9.657750
9.657730
9.657720
9.657700
9.657680
9.657670
9.657650
9.657630
9.657620
9.657600
9.657580
9.657570
9.657550
9.657530
9.657510
9.657490
9.657480
9.657460
9.657440
9.657420
9.657400
9.657380
9.657370
9.657350
9.657330
9.657310
9.657290
9.657270
9.657250
9.657230
9.657210
9.657190
9.657170
9.657150
9.657130
9.657110
9.657090
9.657070
9.657050
9.657030
9.657010
9.656990
9.656970
9.656950
9.656930
9.656910
9.656890
9.656870
9.656850
9.656830
9.656810
9.656780
9.656760
9.656740
9.656720
9.656700
9.656680
9.656660
9.656630
9.656610
9.656590
9.656570
9.656550
9.656520
9.656500
9.656480
9.656460
9.656440
9.656410
9.656390
9.656370
9.656340
9.656320
9.656300
9.656280
9.656250
9.656230
9.656210
9.656190
9.656160
9.656140
9.656120
9.656090
9.656070
9.656050
9.656020
9.656000
9.655980
9.655950
9.655930
9.655900
9.655880
9.655860
9.655830
9.655810
9.655790
9.655760
9.655740
9.655710
9.655690
9.655660
9.655640
9.655620
9.655590
9.655570
9.655540
9.655520
9.655490
9.655470
9.655450
9.655420
9.655400
9.655370
9.655350
9.655320
9.655300
9.655270
9.655250
9.655220
9.655200
9.655170
9.655150
9.655120
9.655100
9.655070
9.655050
9.655020
9.655000
9.654970
9.654940
9.654920
9.654890
9.654870
9.654840
9.654820
9.654790
9.654770
9.654740
9.654710
9.654690
9.654660
9.654640
9.654610
9.654580
9.654560
9.654530
9.654510
9.654480
9.654450
9.654430
9.654400
9.654380
9.654350
9.654320
9.654300
9.654270
9.654250
9.654220
9.654190
9.654170
9.654140
9.654110
9.654090
9.654060
9.654030
9.654010
9.653980
9.653950
9.653930
9.653900
9.653870
9.653850
9.653820
9.653790
9.653770
9.653740
9.653710
9.653690
9.653660
9.653630
9.653600
9.653580
9.653550
9.653520
9.653500
9.653470
9.653440
9.653420
9.653390
9.653360
9.653330
9.653310
9.653280
9.653250
9.653220
9.653200
9.653170
9.653140
9.653120
9.653090
9.653060
9.653030
9.653010
9.652980
9.652950
9.652920
9.652890
9.652870
9.652840
9.652810
9.652780
9.652760
9.652730
9.652700
9.652670
9.652650
9.652620
9.652590
9.652560
9.652530
9.652510
9.652480
9.652450
9.652420
9.652400
9.652370
9.652340
9.652310
9.652280
9.652260
9.652230
9.652200
9.652170
9.652140
9.652110
9.652090
9.652060
9.652030
9.652000
9.651970
9.651950
9.651920
9.651890
9.651860
9.651830
9.651800
9.651780
9.651750
9.651720
9.651690
9.651660
9.651630
9.651610
9.651580
9.651550
9.651520
9.651490
9.651460
9.651440
9.651410
9.651380
9.651350
9.651320
9.651290
9.651260
9.651240
9.651210
9.651180
9.651150
9.651120
9.651090
9.651060
9.651030
9.651010
9.650980
9.650950
9.650920
9.650890
9.650860
9.650830
9.650800
9.650780
9.650750
9.650720
9.650690
9.650660
9.650630
9.650600
9.650570
9.650540
9.650520
9.650490
9.650460
9.650430
9.650400
9.650370
9.650340
9.650310
9.650280
9.650260
9.650230
9.650200
9.650170
9.650140
9.650110
9.650080
9.650050
9.650020
9.649990
9.649960
9.649940
9.649910
9.649880
9.649850
9.649820
9.649790
9.649760
9.649730
9.649700
9.649670
9.649640
9.649610
9.649580
9.649560
9.649530
9.649500
9.649470
9.649440
9.649410
9.649380
9.649350
9.649320
9.649290
9.649260
9.649230
9.649200
9.649170
9.649140
9.649110
9.649090
9.649060
9.649030
9.649000
9.648970
9.648940
9.648910
9.648880
9.648850
9.648820
9.648790
9.648760
9.648730
9.648700
9.648670
9.648640
9.648610
9.648580
9.648550
9.648520
9.648490
9.648470
9.648440
9.648410
9.648380
9.648350
9.648320
9.648290
9.648260
9.648230
9.648200
9.648170
9.648140
9.648110
9.648080
9.648050
9.648020
9.647990
9.647960
9.647930
9.647900
9.647870
9.647840
9.647810
9.647780
9.647750
9.647720
9.647690
9.647660
9.647630
9.647600
9.647570
9.647540
9.647510
9.647480
9.647450
9.647420
9.647390
9.647360
9.647330
9.647300
9.647270
9.647250
9.647220
9.647190
9.647160
9.647130
9.647100
9.647070
9.647040
9.647010
9.646980
9.646950
9.646920
9.646890
9.646860
9.646830
9.646800
9.646770
9.646740
9.646710
9.646680
9.646650
9.646620
9.646590
9.646560
9.646530
9.646500
9.646470
9.646440
9.646410
9.646380
9.646350
9.646320
9.646290
9.646260
9.646230
9.646200
9.646170
9.646130
9.646100
9.646070
9.646040
9.646010
9.645980
9.645950
9.645920
9.645890
9.645860
9.645830
9.645800
9.645770
9.645740
9.645710
9.645680
9.645650
9.645620
9.645590
9.645560
9.645530
9.645500
9.645470
9.645440
9.645410
9.645380
9.645350
9.645320
9.645290
9.645260
9.645230
9.645200
9.645170
9.645140
9.645110
9.645080
9.645050
9.645020
9.644990
9.644960
9.644930
9.644900
9.644870
9.644840
9.644810
9.644780
9.644750
9.644710
9.644680
9.644650
9.644620
9.644590
9.644560
9.644530
9.644500
9.644470
9.644440
9.644410
9.644380
9.644350
9.644320
9.644290
9.644260
9.644230
9.644200
9.644170
9.644140
9.644110
9.644080
9.644050
9.644020
9.643990
9.643960
9.643930
9.643900
9.643860
9.643830
9.643800
9.643770
9.643740
9.643710
9.643680
9.643650
9.643620
9.643590
9.643560
9.643530
9.643500
9.643470
9.643440
9.643410
9.643380
9.643350
9.643320
9.643290
9.643260
9.643230
9.643200
9.643160
9.643130
9.643100
9.643070
9.643040
9.643010
9.642980
9.642950
9.642920
9.642890
9.642860
9.642830
9.642800
9.642770
9.642740
9.642710
9.642680
9.642650
9.642620
9.642590
9.642550
9.642520
9.642490
9.642460
9.642430
9.642400
9.642370
9.642340
9.642310
9.642280
9.642250
9.642220
9.642190
9.642160
9.642130
9.642100
9.642070
9.642040
9.642000
9.641970
9.641940
9.641910
9.641880
9.641850
9.641820
9.641790
9.641760
9.641730
9.641700
9.641670
9.641640
9.641610
9.641580
9.641550
9.641520
9.641480
9.641450
9.641420
9.641390
9.641360
9.641330
9.641300
9.641270
9.641240
9.641210
9.641180
9.641150
9.641120
9.641090
9.641060
9.641030
9.640990
9.640960
9.640930
9.640900
9.640870
9.640840
9.640810
9.640780
9.640750
9.640720
9.640690
9.640660
9.640630
9.640600
9.640570
9.640530
9.640500
9.640470
9.640440
9.640410
9.640380
9.640350
9.640320
9.640290
9.640260
9.640230
9.640200
9.640170
9.640140
9.640110
9.640070
9.640040
9.640010
9.639980
9.639940
9.639900
9.639870
9.639940
9.644500
9.645830
9.645940
9.645890
9.645780
9.645660
9.645520
9.645380
9.645230
9.645090
9.644950
9.644810
9.644690
9.644590
9.644520
9.644490
9.644510
9.644580
9.644690
9.644820
9.644980
9.645150
9.645330
9.645520
9.645720
9.645920
9.646120
9.646320
9.646520
9.646720
9.646910
9.647110
9.647300
9.647490
9.647680
9.647860
9.648040
9.648220
9.648390
9.648560
9.648730
9.648890
9.649050
9.649210
9.649360
9.649510
9.649650
9.649790
9.649930
9.650060
9.650190
9.650320
9.650450
9.650570
9.650680
9.650800
9.650910
9.651020
9.651120
9.651220
9.651320
9.651420
9.651510
9.651600
9.651690
9.651780
9.651860
9.651940
9.652020
9.652100
9.652170
9.652240
9.652310
9.652370
9.652440
9.652500
9.652560
9.652620
9.652670
9.652730
9.652780
9.652830
9.652870
9.652920
9.652960
9.653010
9.653050
9.653090
9.653130
9.653160
9.653200
9.653230
9.653260
9.653290
9.653320
9.653350
9.653370
9.653400
9.653420
9.653450
9.653470
9.653490
9.653510
9.653530
9.653540
9.653560
9.653580
9.653590
9.653610
9.653620
9.653630
9.653640
9.653660
9.653670
9.653680
9.653690
9.653690
9.653700
9.653710
9.653720
9.653720
9.653730
9.653740
9.653740
9.653750
9.653750
9.653760
9.653760
9.653760
9.653770
9.653770
9.653780
9.653780
9.653780
9.653790
9.653790
9.653790
9.653790
9.653800
9.653800
9.653800
9.653810
9.653810
9.653810
9.653820
9.653820
9.653830
9.653830
9.653840
9.653840
9.653850
9.653850
9.653860
9.653860
9.653870
9.653880
9.653890
9.653890
9.653900
9.653910
9.653920
9.653930
9.653940
9.653960
9.653970
9.653980
9.654000
9.654010
9.654030
9.654040
9.654060
9.654080
9.654100
9.654120
9.654140
9.654170
9.654190
9.654220
9.654250
9.654280
9.654310
9.654350
9.654390
9.654430
9.654480
9.654530
9.654580
9.654640
9.654700
9.654760
9.654830
9.654900
9.654980
9.655060
9.655150
9.655240
9.655340
9.655440
9.655540
9.655630
9.655730
9.655820
9.655910
9.656000
9.656090
9.656170
9.656250
9.656330
9.656400
9.656480
9.656550
9.656620
9.656690
9.656750
9.656810
9.656870
9.656930
9.656990
9.657050
9.657100
9.657150
9.657200
9.657250
9.657300
9.657350
9.657390
9.657440
9.657480
9.657520
9.657560
9.657600
9.657630
9.657670
9.657700
9.657740
9.657770
9.657800
9.657830
9.657860
9.657890
9.657920
9.657940
9.657970
9.657990
9.658020
9.658040
9.658060
9.658080
9.658100
9.658120
9.658140
9.658160
9.658180
9.658190
9.658210
9.658220
9.658240
9.658250
9.658270
9.658280
9.658290
9.658300
9.658310
9.658320
9.658330
9.658340
9.658350
9.658360
9.658360
9.658370
9.658380
9.658380
9.658390
9.658390
9.658400
9.658400
9.658410
9.658410
9.658410
9.658410
9.658420
9.658420
9.658420
9.658420
9.658420
9.658420
9.658420
9.658420
9.658420
9.658420
9.658410
9.658410
9.658410
9.658410
9.658400
9.658400
9.658390
9.658390
9.658390
9.658380
9.658380
9.658370
9.658370
9.658360
9.658350
9.658350
9.658340
9.658330
9.658330
9.658320
9.658310
9.658300
9.658290
9.658290
9.658280
9.658270
9.658260
9.658250
9.658240
9.658230
9.658220
9.658210
9.658200
9.658190
9.658180
9.658170
9.658150
9.658140
9.658130
9.658120
9.658110
9.658090
9.658080
9.658070
9.658060
9.658040
9.658030
9.658020
9.658000
9.657990
9.657980
9.657960
9.657950
9.657930
9.657920
9.657900
9.657890
9.657870
9.657860
9.657840
9.657830
9.657810
9.657800
9.657780
9.657770
9.657750
9.657730
9.657720
9.657700
9.657680
9.657670
9.657650
9.657630
9.657620
9.657600
9.657580
9.657570
9.657550
9.657530
9.657510
9.657490
9.657480
9.657460
9.657440
9.657420
9.657400
9.657380
9.657370
9.657350
9.657330
9.657310
9.657290
9.657270
9.657250
9.657230
9.657210
9.657190
9.657170
9.657150
9.657130
9.657110
9.657090
9.657070
9.657050
9.657030
9.657010
9.656990
9.656970
9.656950
9.656930
9.656910
9.656890
9.656870
9.656850
9.656830
9.656810
9.656780
9.656760
9.656740
9.656720
9.656700
9.656680
9.656660
9.656630
9.656610
9.656590
9.656570
9.656550
9.656520
9.656500
9.656480
9.656460
9.656430
9.656410
9.656390
9.656370
9.656340
9.656320
9.656300
9.656280
9.656250
9.656230
9.656210
9.656180
9.656160
9.656140
9.656120
9.656090
9.656070
9.656050
9.656020
9.656000
9.655980
9.655950
9.655930
9.655900
9.655880
9.655860
9.655830
9.655810
9.655790
9.655760
9.655740
9.655710
9.655690
9.655660
9.655640
9.655620
9.655590
9.655570
9.655540
9.655520
9.655490
9.655470
9.655440
9.655420
9.655400
9.655370
9.655350
9.655320
9.655300
9.655270
9.655250
9.655220
9.655200
9.655170
9.655150
9.655120
9.655100
9.655070
9.655050
9.655020
9.654990
9.654970
9.654940
9.654920
9.654890
9.654870
9.654840
9.654820
9.654790
9.654770
9.654740
9.654710
9.654690
9.654660
9.654640
9.654610
9.654580
9.654560
9.654530
9.654510
9.654480
9.654450
9.654430
9.654400
9.654380
9.654350
9.654320
9.654300
9.654270
9.654240
9.654220
9.654190
9.654170
9.654140
9.654110
9.654090
9.654060
9.654030
9.654010
9.653980
9.653950
9.653930
9.653900
9.653870
9.653850
9.653820
9.653790
9.653770
9.653740
9.653710
9.653690
9.653660
9.653630
9.653600
9.653580
9.653550
9.653520
9.653500
9.653470
9.653440
9.653420
9.653390
9.653360
9.653330
9.653310
9.653280
9.653250
9.653220
9.653200
9.653170
9.653140
9.653110
9.653090
9.653060
9.653030
9.653010
9.652980
9.652950
9.652920
9.652890
9.652870
9.652840
9.652810
9.652780
9.652760
9.652730
9.652700
9.652670
9.652650
9.652620
9.652590
9.652560
9.652530
9.652510
9.652480
9.652450
9.652420
9.652390
9.652370
9.652340
9.652310
9.652280
9.652260
9.652230
9.652200
9.652170
9.652140
9.652110
9.652090
9.652060
9.652030
9.652000
9.651970
9.651950
9.651920
9.651890
9.651860
9.651830
9.651800
9.651780
9.651750
9.651720
9.651690
9.651660
9.651630
9.651610
9.651580
9.651550
9.651520
9.651490
9.651460
9.651440
9.651410
9.651380
9.651350
9.651320
9.651290
9.651260
9.651240
9.651210
9.651180
9.651150
9.651120
9.651090
9.651060
9.651030
9.651010
9.650980
9.650950
9.650920
9.650890
9.650860
9.650830
9.650800
9.650780
9.650750
9.650720
9.650690
9.650660
9.650630
9.650600
9.650570
9.650540
9.650520
9.650490
9.650460
9.650430
9.650400
9.650370
9.650340
9.650310
9.650280
9.650250
9.650230
9.650200
9.650170
9.650140
9.650110
9.650080
9.650050
9.650020
9.649990
9.649960
9.649930
9.649910
9.649880
9.649850
9.649820
9.649790
9.649760
9.649730
9.649700
9.649670
9.649640
9.649610
9.649580
9.649560
9.649530
9.649500
9.649470
9.649440
9.649410
9.649380
9.649350
9.649320
9.649290
9.649260
9.649230
9.649200
9.649170
9.649140
9.649110
9.649090
9.649060
9.649030
9.649000
9.648970
9.648940
9.648910
9.648880
9.648850
9.648820
9.648790
9.648760
9.648730
9.648700
9.648670
9.648640
9.648610
9.648580
9.648550
9.648520
9.648490
9.648470
9.648440
9.648410
9.648380
9.648350
9.648320
9.648290
9.648260
9.648230
9.648200
9.648170
9.648140
9.648110
9.648080
9.648050
9.648020
9.647990
9.647960
9.647930
9.647900
9.647870
9.647840
9.647810
9.647780
9.647750
9.647720
9.647690
9.647660
9.647630
9.647600
9.647570
9.647540
9.647510
9.647480
9.647450
9.647420
9.647390
9.647360
9.647330
9.647300
9.647270
9.647240
9.647220
9.647190
9.647160
9.647130
9.647100
9.647070
9.647040
9.647010
9.646980
9.646950
9.646920
9.646890
9.646860
9.646830
9.646800
9.646770
9.646740
9.646710
9.646680
9.646650
9.646620
9.646590
9.646560
9.646530
9.646500
9.646470
9.646440
9.646410
9.646380
9.646350
9.646320
9.646290
9.646260
9.646230
9.646190
9.646160
9.646130
9.646100
9.646070
9.646040
9.646010
9.645980
9.645950
9.645920
9.645890
9.645860
9.645830
9.645800
9.645770
9.645740
9.645710
9.645680
9.645650
9.645620
9.645590
9.645560
9.645530
9.645500
9.645470
9.645440
9.645410
9.645380
9.645350
9.645320
9.645290
9.645260
9.645230
9.645200
9.645170
9.645140
9.645110
9.645080
9.645050
9.645020
9.644990
9.644960
9.644930
9.644900
9.644870
9.644840
9.644810
9.644780
9.644750
9.644710
9.644680
9.644650
9.644620
9.644590
9.644560
9.644530
9.644500
9.644470
9.644440
9.644410
9.644380
9.644350
9.644320
9.644290
9.644260
9.644230
9.644200
9.644170
9.644140
9.644110
9.644080
9.644050
9.644020
9.643990
9.643960
9.643930
9.643900
9.643860
9.643830
9.643800
9.643770
9.643740
9.643710
9.643680
9.643650
9.643620
9.643590
9.643560
9.643530
9.643500
9.643470
9.643440
9.643410
9.643380
9.643350
9.643320
9.643290
9.643260
9.643230
9.643200
9.643160
9.643130
9.643100
9.643070
