0.076580
0.076711
0.077212
0.078380
0.080866
0.086982
0.455804
0.420867
0.412882
0.465483
0.560138
0.719005
0.918793
1.085810
1.194450
1.251390
1.274170
1.279660
1.278810
1.275920
1.271300
1.264740
1.257010
1.249080
1.241470
1.234300
1.227450
1.220780
1.214140
1.207450
1.200670
1.193750
1.186690
1.179480
1.172120
1.164600
1.156930
1.149120
1.141150
1.133050
1.124810
1.116440
1.107950
1.099340
1.090620
1.081790
1.072870
1.063860
1.054760
1.045570
1.036320
1.027000
1.017620
1.008180
0.998690
0.989156
0.979583
0.969977
0.960341
0.950683
0.941006
0.931315
0.921616
0.911914
0.902212
0.892516
0.882829
0.873157
0.863504
0.853874
0.844270
0.834698
0.825161
0.815662
0.806206
0.796795
0.787434
0.778125
0.768871
0.759677
0.750543
0.741475
0.732473
0.723541
0.714682
0.705897
0.697188
0.688559
0.680010
0.671544
0.663163
0.654867
0.646659
0.638540
0.630511
0.622573
0.614728
0.606976
0.599318
0.591755
0.584288
0.576917
0.569642
0.562464
0.555383
0.548398
0.541512
0.534722
0.528029
0.521433
0.514934
0.508531
0.502223
0.496011
0.489894
0.483871
0.477941
0.472104
0.466359
0.460706
0.455143
0.449669
0.444284
0.438987
0.433776
0.428651
0.423610
0.418653
0.413779
0.408985
0.404272
0.399638
0.395082
0.390603
0.386200
0.381870
0.377615
0.373431
0.369319
0.365277
0.361303
0.357396
0.353556
0.349782
0.346071
0.342424
0.338838
0.335313
0.331848
0.328442
0.325093
0.321800
0.318563
0.315381
0.312252
0.309175
0.306150
0.303175
0.300249
0.297372
0.294543
0.291760
0.289024
0.286332
0.283684
0.281080
0.278518
0.275997
0.273517
0.271077
0.268677
0.266314
0.263990
0.261702
0.259451
0.257235
0.255055
0.252908
0.250795
0.248715
0.246667
0.244650
0.242665
0.240710
0.238785
0.236890
0.235023
0.233184
0.231373
0.229589
0.227832
0.226100
0.224395
0.222715
0.221059
0.219428
0.217820
0.216236
0.214674
0.213136
0.211619
0.210124
0.208650
0.207197
0.205765
0.204353
0.202960
0.201588
0.200234
0.198899
0.197582
0.196284
0.195003
0.193740
0.192494
0.191265
0.190052
0.188856
0.187676
0.186511
0.185362
0.184229
0.183110
0.182006
0.180916
0.179841
0.178779
0.177732
0.176697
0.175677
0.174669
0.173674
0.172692
0.171722
0.170764
0.169819
0.168885
0.167963
0.167053
0.166154
0.165266
0.164389
0.163522
0.162667
0.161822
0.160987
0.160162
0.159347
0.158542
0.157747
0.156961
0.156184
0.155417
0.154659
0.153910
0.153169
0.152438
0.151715
0.151000
0.150294
0.149596
0.148905
0.148223
0.147549
0.146882
0.146223
0.145572
0.144928
0.144291
0.143661
0.143039
0.142423
0.141815
0.141213
0.140618
0.140029
0.139447
0.138871
0.138302
0.137739
0.137182
0.136631
0.136086
0.135547
0.135014
0.134486
0.133965
0.133448
0.132938
0.132432
0.131933
0.131438
0.130949
0.130465
0.129986
0.129511
0.129042
0.128578
0.128119
0.127664
0.127214
0.126769
0.126329
0.125892
0.125461
0.125034
0.124611
0.124192
0.123778
0.123368
0.122962
0.122560
0.122162
0.121768
0.121378
0.120992
0.120610
0.120232
0.119857
0.119486
0.119119
0.118756
0.118396
0.118039
0.117686
0.117337
0.116990
0.116648
0.116308
0.115972
0.115639
0.115309
0.114983
0.114659
0.114339
0.114022
0.113708
0.113396
0.113088
0.112783
0.112480
0.112181
0.111884
0.111590
0.111299
0.111010
0.110724
0.110441
0.110161
0.109883
0.109607
0.109335
0.109064
0.108797
0.108531
0.108269
0.108008
0.107750
0.107494
0.107241
0.106990
0.106741
0.106495
0.106251
0.106009
0.105769
0.105531
0.105295
0.105062
0.104831
0.104601
0.104374
0.104149
0.103926
0.103705
0.103485
0.103268
0.103053
0.102839
0.102628
0.102418
0.102210
0.102004
0.101800
0.101597
0.101397
0.101198
0.101000
0.100805
0.100611
0.100419
0.100229
0.100040
0.099853
0.099667
0.099483
0.099301
0.099120
0.098941
0.098763
0.098587
0.098412
0.098239
0.098068
0.097897
0.097729
0.097561
0.097395
0.097231
0.097068
0.096906
0.096745
0.096586
0.096429
0.096272
0.096117
0.095963
0.095811
0.095660
0.095510
0.095361
0.095214
0.095067
0.094922
0.094779
0.094636
0.094494
0.094354
0.094215
0.094077
0.093940
0.093805
0.093670
0.093537
0.093404
0.093273
0.093143
0.093014
0.092885
0.092759
0.092632
0.092507
0.092383
0.092261
0.092139
0.092018
0.091898
0.091779
0.091661
0.091543
0.091427
0.091312
0.091198
0.091084
0.090972
0.090860
0.090750
0.090640
0.090531
0.090423
0.090316
0.090210
0.090104
0.090000
0.089896
0.089793
0.089691
0.089590
0.089489
0.089389
0.089290
0.089192
0.089095
0.088998
0.088903
0.088807
0.088713
0.088620
0.088527
0.088435
0.088343
0.088253
0.088163
0.088073
0.087985
0.087897
0.087810
0.087723
0.087638
0.087553
0.087468
0.087384
0.087301
0.087219
0.087137
0.087055
0.086975
0.086895
0.086816
0.086737
0.086659
0.086581
0.086504
0.086428
0.086352
0.086277
0.086203
0.086129
0.086055
0.085982
0.085910
0.085838
0.085767
0.085696
0.085626
0.085557
0.085488
0.085419
0.085351
0.085284
0.085217
0.085151
0.085085
0.085019
0.084954
0.084890
0.084826
0.084763
0.084700
0.084637
0.084575
0.084514
0.084453
0.084392
0.084332
0.084272
0.084213
0.084154
0.084096
0.084038
0.083981
0.083924
0.083867
0.083811
0.083755
0.083700
0.083645
0.083591
0.083537
0.083483
0.083430
0.083377
0.083325
0.083273
0.083221
0.083170
0.083119
0.083068
0.083018
0.082969
0.082919
0.082870
0.082822
0.082773
0.082725
0.082678
0.082631
0.082584
0.082537
0.082491
0.082445
0.082400
0.082355
0.082310
0.082266
0.082222
0.082178
0.082134
0.082091
0.082049
0.082006
0.081964
0.081922
0.081881
0.081839
0.081798
0.081758
0.081717
0.081677
0.081638
0.081598
0.081559
0.081520
0.081482
0.081444
0.081406
0.081368
0.081331
0.081293
0.081257
0.081220
0.081184
0.081148
0.081112
0.081076
0.081041
0.081006
0.080971
0.080937
0.080903
0.080869
0.080835
0.080801
0.080768
0.080735
0.080703
0.080670
0.080638
0.080606
0.080574
0.080543
0.080511
0.080480
0.080449
0.080419
0.080388
0.080358
0.080328
0.080299
0.080269
0.080240
0.080211
0.080182
0.080153
0.080125
0.080097
0.080069
0.080041
0.080013
0.079986
0.079959
0.079932
0.079905
0.079878
0.079852
0.079826
0.079800
0.079774
0.079748
0.079723
0.079698
0.079672
0.079647
0.079623
0.079598
0.079574
0.079550
0.079526
0.079502
0.079478
0.079455
0.079432
0.079409
0.079385
0.079363
0.079340
0.079318
0.079295
0.079273
0.079251
0.079230
0.079208
0.079186
0.079165
0.079144
0.079123
0.079102
0.079081
0.079061
0.079040
0.079020
0.079000
0.078980
0.078960
0.078941
0.078921
0.078902
0.078883
0.078864
0.078845
0.078826
0.078807
0.078789
0.078770
0.078752
0.078734
0.078716
0.078698
0.078680
0.078663
0.078645
0.078628
0.078611
0.078594
0.078576
0.078560
0.078543
0.078526
0.078510
0.078494
0.078477
0.078461
0.078445
0.078429
0.078414
0.078398
0.078382
0.078367
0.078352
0.078337
0.078322
0.078307
0.078292
0.078277
0.078262
0.078248
0.078233
0.078219
0.078205
0.078191
0.078177
0.078163
0.078149
0.078135
0.078122
0.078108
0.078095
0.078081
0.078068
0.078055
0.078042
0.078029
0.078017
0.078004
0.077991
0.077979
0.077966
0.077954
0.077942
0.077929
0.077917
0.077905
0.077894
0.077882
0.077870
0.077858
0.077847
0.077835
0.077824
0.077813
0.077802
0.077790
0.077779
0.077768
0.077758
0.077747
0.077736
0.077725
0.077715
0.077704
0.077694
0.077684
0.077673
0.077663
0.077653
0.077643
0.077633
0.077623
0.077613
0.077604
0.077594
0.077584
0.077575
0.077565
0.077556
0.077547
0.077537
0.077528
0.077519
0.077510
0.077501
0.077492
0.077484
0.077475
0.077466
0.077457
0.077449
0.077440
0.077432
0.077424
0.077415
0.077407
0.077399
0.077391
0.077383
0.077375
0.077367
0.077359
0.077351
0.077343
0.077336
0.077328
0.077320
0.077313
0.077305
0.077298
0.077291
0.077283
0.077276
0.077269
0.077262
0.077255
0.077247
0.077241
0.077234
0.077227
0.077220
0.077213
0.077206
0.077200
0.077193
0.077187
0.077180
0.077174
0.077167
0.077161
0.077155
0.077148
0.077142
0.077136
0.077130
0.077124
0.077118
0.077112
0.077106
0.077100
0.077094
0.077088
0.077082
0.077077
0.077071
0.077065
0.077060
0.077054
0.077049
0.077043
0.077038
0.077032
0.077027
0.077022
0.077017
0.077011
0.077006
0.077001
0.076996
0.076991
0.076986
0.076981
0.076976
0.076971
0.076966
0.076961
0.076957
0.076952
0.076947
0.076943
0.076938
0.076933
0.076929
0.076924
0.076920
0.076915
0.076911
0.076907
0.076902
0.076898
0.076894
0.076889
0.076885
0.076881
0.076877
0.076873
0.076869
0.076865
0.076860
0.076857
0.076853
0.076849
0.076845
0.076841
0.076837
0.076833
0.076829
0.076826
0.076822
0.076818
0.076815
0.076811
0.076808
0.076804
0.076801
0.076797
0.076794
0.076790
0.076787
0.076783
0.076780
0.076777
0.076773
0.076770
0.076767
0.076764
0.076760
0.076757
0.076754
0.076751
0.076748
0.076745
0.076742
0.076739
0.076736
0.076733
0.076730
0.076727
0.076724
0.076721
0.076718
0.076715
0.076713
0.076710
0.076707
0.076704
0.076702
0.076699
0.076697
0.076694
0.076691
0.076689
0.076686
0.076684
0.076681
0.076678
0.076676
0.076674
0.076671
0.076669
0.076666
0.076664
0.076662
0.076659
0.076657
0.076655
0.076652
0.076650
0.076648
0.076646
0.076644
0.076641
0.076639
0.076637
0.076635
0.076633
0.076631
0.076629
0.076627
0.076625
0.076623
0.076621
0.076619
0.076617
0.076615
0.076613
0.076611
0.076609
0.076607
0.076605
0.076604
0.076602
0.076600
0.076598
0.076596
0.076595
0.076593
0.076591
0.076590
0.076588
0.076586
0.076585
0.076583
0.076581
0.076580
0.076710
0.077212
0.078380
0.080866
0.086982
0.455782
0.420864
0.412880
0.465481
0.560135
0.719010
0.918785
1.085800
1.194450
1.251380
1.274160
1.279640
1.278790
1.275900
1.271280
1.264730
1.257000
1.249060
1.241460
1.234280
1.227430
1.220750
1.214110
1.207430
1.200640
1.193730
1.186670
1.179460
1.172090
1.164580
1.156910
1.149090
1.141130
1.133020
1.124780
1.116410
1.107920
1.099310
1.090590
1.081770
1.072840
1.063830
1.054730
1.045550
1.036290
1.026970
1.017590
1.008150
0.998660
0.989126
0.979553
0.969947
0.960311
0.950653
0.940976
0.931285
0.921586
0.911884
0.902182
0.892486
0.882800
0.873128
0.863474
0.853844
0.844241
0.834669
0.825132
0.815633
0.806177
0.796767
0.787405
0.778096
0.768843
0.759649
0.750516
0.741447
0.732446
0.723514
0.714655
0.705870
0.697162
0.688532
0.679984
0.671518
0.663137
0.654842
0.646634
0.638515
0.630487
0.622549
0.614704
0.606952
0.599295
0.591732
0.584265
0.576894
0.569620
0.562442
0.555361
0.548377
0.541490
0.534701
0.528008
0.521413
0.514914
0.508511
0.502203
0.495992
0.489875
0.483852
0.477922
0.472086
0.466341
0.460688
0.455125
0.449652
0.444267
0.438969
0.433759
0.428634
0.423594
0.418637
0.413763
0.408969
0.404257
0.399623
0.395067
0.390588
0.386185
0.381856
0.377601
0.373418
0.369305
0.365263
0.361290
0.357384
0.353544
0.349770
0.346060
0.342412
0.338827
0.335302
0.331837
0.328431
0.325082
0.321790
0.318553
0.315371
0.312242
0.309165
0.306140
0.303165
0.300240
0.297363
0.294534
0.291752
0.289015
0.286323
0.283676
0.281072
0.278509
0.275989
0.273509
0.271070
0.268669
0.266307
0.263983
0.261695
0.259444
0.257228
0.255048
0.252901
0.250788
0.248708
0.246660
0.244644
0.242659
0.240704
0.238779
0.236883
0.235017
0.233178
0.231367
0.229583
0.227826
0.226095
0.224389
0.222709
0.221054
0.219422
0.217815
0.216231
0.214669
0.213131
0.211614
0.210119
0.208645
0.207192
0.205760
0.204348
0.202956
0.201583
0.200229
0.198894
0.197578
0.196279
0.194999
0.193736
0.192490
0.191261
0.190048
0.188852
0.187672
0.186507
0.185358
0.184225
0.183106
0.182002
0.180912
0.179837
0.178776
0.177728
0.176694
0.175673
0.174665
0.173670
0.172688
0.171719
0.170761
0.169816
0.168882
0.167960
0.167050
0.166151
0.165263
0.164386
0.163519
0.162664
0.161819
0.160984
0.160159
0.159344
0.158539
0.157744
0.156958
0.156182
0.155415
0.154656
0.153907
0.153167
0.152435
0.151712
0.150998
0.150291
0.149593
0.148903
0.148221
0.147547
0.146880
0.146221
0.145570
0.144926
0.144289
0.143659
0.143037
0.142421
0.141813
0.141211
0.140616
0.140027
0.139445
0.138869
0.138300
0.137737
0.137180
0.136629
0.136084
0.135545
0.135012
0.134485
0.133963
0.133447
0.132936
0.132431
0.131931
0.131436
0.130947
0.130463
0.129984
0.129510
0.129041
0.128577
0.128117
0.127663
0.127213
0.126768
0.126327
0.125891
0.125459
0.125032
0.124609
0.124191
0.123777
0.123366
0.122960
0.122559
0.122161
0.121767
0.121377
0.120991
0.120609
0.120231
0.119856
0.119485
0.119118
0.118754
0.118394
0.118038
0.117685
0.117335
0.116989
0.116646
0.116307
0.115971
0.115638
0.115308
0.114982
0.114658
0.114338
0.114021
0.113707
0.113395
0.113087
0.112782
0.112479
0.112180
0.111883
0.111589
0.111298
0.111009
0.110723
0.110440
0.110160
0.109882
0.109607
0.109334
0.109064
0.108796
0.108531
0.108268
0.108007
0.107749
0.107494
0.107240
0.106989
0.106741
0.106494
0.106250
0.106008
0.105768
0.105530
0.105295
0.105061
0.104830
0.104601
0.104373
0.104148
0.103925
0.103704
0.103485
0.103267
0.103052
0.102838
0.102627
0.102417
0.102209
0.102003
0.101799
0.101597
0.101396
0.101197
0.101000
0.100804
0.100611
0.100418
0.100228
0.100039
0.099852
0.099667
0.099483
0.099300
0.099120
0.098940
0.098763
0.098587
0.098412
0.098239
0.098067
0.097897
0.097728
0.097561
0.097395
0.097230
0.097067
0.096905
0.096745
0.096586
0.096428
0.096272
0.096117
0.095963
0.095810
0.095659
0.095509
0.095361
0.095213
0.095067
0.094922
0.094778
0.094635
0.094494
0.094354
0.094215
0.094077
0.093940
0.093804
0.093670
0.093536
0.093404
0.093273
0.093142
0.093013
0.092885
0.092758
0.092632
0.092507
0.092383
0.092260
0.092138
0.092017
0.091897
0.091778
0.091660
0.091543
0.091427
0.091312
0.091198
0.091084
0.090972
0.090860
0.090749
0.090640
0.090531
0.090423
0.090316
0.090209
0.090104
0.089999
0.089896
0.089793
0.089691
0.089589
0.089489
0.089389
0.089290
0.089192
0.089095
0.088998
0.088902
0.088807
0.088713
0.088619
0.088526
0.088434
0.088343
0.088252
0.088162
0.088073
0.087985
0.087897
0.087810
0.087723
0.087637
0.087552
0.087468
0.087384
0.087301
0.087218
0.087136
0.087055
0.086975
0.086895
0.086815
0.086737
0.086658
0.086581
0.086504
0.086428
0.086352
0.086277
0.086202
0.086128
0.086055
0.085982
0.085910
0.085838
0.085767
0.085696
0.085626
0.085557
0.085488
0.085419
0.085351
0.085284
0.085217
0.085151
0.085085
0.085019
0.084954
0.084890
0.084826
0.084762
0.084700
0.084637
0.084575
0.084514
0.084453
0.084392
0.084332
0.084272
0.084213
0.084154
0.084096
0.084038
0.083981
0.083924
0.083867
0.083811
0.083755
0.083700
0.083645
0.083591
0.083537
0.083483
0.083430
0.083377
0.083324
0.083272
0.083221
0.083169
0.083119
0.083068
0.083018
0.082968
0.082919
0.082870
0.082821
0.082773
0.082725
0.082678
0.082630
0.082584
0.082537
0.082491
0.082445
0.082400
0.082355
0.082310
0.082266
0.082222
0.082178
0.082134
0.082091
0.082048
0.082006
0.081964
0.081922
0.081880
0.081839
0.081798
0.081758
0.081717
0.081677
0.081638
0.081598
0.081559
0.081520
0.081482
0.081443
0.081406
0.081368
0.081330
0.081293
0.081256
0.081220
0.081184
0.081147
0.081112
0.081076
0.081041
0.081006
0.080971
0.080937
0.080903
0.080869
0.080835
0.080801
0.080768
0.080735
0.080703
0.080670
0.080638
0.080606
0.080574
0.080543
0.080511
0.080480
0.080449
0.080419
0.080388
0.080358
0.080328
0.080299
0.080269
0.080240
0.080211
0.080182
0.080153
0.080125
0.080097
0.080069
0.080041
0.080013
0.079986
0.079959
0.079932
0.079905
0.079878
0.079852
0.079826
0.079800
0.079774
0.079748
0.079723
0.079697
0.079672
0.079647
0.079623
0.079598
0.079574
0.079550
0.079526
0.079502
0.079478
0.079455
0.079432
0.079408
0.079385
0.079363
0.079340
0.079318
0.079295
0.079273
0.079251
0.079230
0.079208
0.079186
0.079165
0.079144
0.079123
0.079102
0.079081
0.079061
0.079040
0.079020
0.079000
0.078980
0.078960
0.078941
0.078921
0.078902
0.078883
0.078864
0.078844
0.078826
0.078807
0.078788
0.078770
0.078752
0.078734
0.078716
0.078698
0.078680
0.078663
0.078645
0.078628
0.078611
0.078594
0.078576
0.078560
0.078543
0.078526
0.078510
0.078494
0.078477
0.078461
0.078445
0.078429
0.078414
0.078398
0.078382
0.078367
0.078352
0.078337
0.078322
0.078307
0.078292
0.078277
0.078262
0.078248
0.078233
0.078219
0.078205
0.078191
0.078177
0.078163
0.078149
0.078135
0.078122
0.078108
0.078095
0.078081
0.078068
0.078055
0.078042
0.078029
0.078017
0.078004
0.077991
0.077979
0.077966
0.077954
0.077942
0.077929
0.077917
0.077905
0.077894
0.077882
0.077870
0.077858
0.077847
0.077835
0.077824
0.077813
0.077802
0.077790
0.077779
0.077768
0.077758
0.077747
0.077736
0.077725
0.077715
0.077704
0.077694
0.077684
0.077673
0.077663
0.077653
0.077643
0.077633
0.077623
0.077613
0.077604
0.077594
0.077584
0.077575
0.077565
0.077556
0.077547
0.077538
0.077528
0.077519
0.077510
0.077501
0.077492
0.077484
0.077475
0.077466
0.077457
0.077449
0.077440
0.077432
0.077424
0.077415
0.077407
0.077399
0.077391
0.077383
0.077375
0.077367
0.077359
0.077351
0.077343
0.077336
0.077328
0.077320
0.077313
0.077305
0.077298
0.077291
0.077283
0.077276
0.077269
0.077262
0.077255
0.077248
0.077241
0.077234
0.077227
0.077220
0.077213
0.077206
0.077200
0.077193
0.077187
0.077180
0.077174
0.077167
0.077161
0.077155
0.077148
0.077142
0.077136
0.077130
0.077124
0.077118
0.077112
0.077106
0.077100
0.077094
0.077088
0.077082
0.077077
0.077071
0.077065
0.077060
0.077054
0.077049
0.077043
0.077038
0.077032
0.077027
0.077022
0.077017
0.077011
0.077006
0.077001
0.076996
0.076991
0.076986
0.076981
0.076976
0.076971
0.076966
0.076961
0.076957
0.076952
0.076947
0.076943
0.076938
0.076933
0.076929
0.076924
0.076920
0.076915
0.076911
0.076907
0.076902
0.076898
0.076894
0.076889
0.076885
0.076881
0.076877
0.076873
0.076869
0.076865
0.076860
0.076857
0.076853
0.076849
0.076845
0.076841
0.076837
0.076833
0.076830
0.076826
0.076822
0.076818
0.076815
0.076811
0.076808
0.076804
0.076801
0.076797
0.076794
0.076790
0.076787
0.076783
0.076780
0.076777
0.076773
0.076770
0.076767
0.076764
0.076760
0.076757
0.076754
0.076751
0.076748
0.076745
0.076742
0.076739
0.076736
0.076733
0.076730
0.076727
0.076724
0.076721
0.076718
0.076716
0.076713
0.076710
0.076707
0.076704
0.076702
0.076699
0.076697
0.076694
0.076691
0.076689
0.076686
0.076684
0.076681
0.076679
0.076676
0.076674
0.076671
0.076669
0.076666
0.076664
0.076662
0.076659
0.076657
0.076655
0.076652
0.076650
0.076648
0.076646
0.076644
0.076641
0.076639
0.076637
0.076635
0.076633
0.076631
0.076629
0.076627
0.076625
0.076623
0.076621
0.076619
0.076617
0.076615
0.076613
0.076611
0.076609
0.076607
0.076605
0.076604
0.076602
0.076600
0.076598
0.076597
0.076595
0.076593
0.076591
0.076590
0.076588
0.076586
0.076585
0.076583
0.076581
0.076580
0.076711
0.077212
0.078380
0.080866
0.086981
0.455775
0.420892
0.412900
0.465499
0.560146
0.719010
0.918783
1.085790
1.194430
1.251370
1.274150
1.279640
1.278790
1.275910
1.271290
1.264740
1.257010
1.249070
1.241470
1.234300
1.227450
1.220770
1.214130
1.207450
1.200660
1.193750
1.186690
1.179480
1.172120
1.164600
1.156930
1.149110
1.141150
1.133050
1.124810
1.116440
1.107950
1.099340
1.090620
1.081790
1.072870
1.063850
1.054750
1.045570
1.036320
1.027000
1.017610
1.008180
0.998686
0.989153
0.979580
0.969974
0.960338
0.950680
0.941003
0.931312
0.921613
0.911911
0.902209
0.892513
0.882827
0.873155
0.863501
0.853871
0.844268
0.834696
0.825159
0.815660
0.806204
0.796793
0.787431
0.778122
0.768869
0.759674
0.750541
0.741473
0.732471
0.723539
0.714680
0.705895
0.697186
0.688557
0.680008
0.671542
0.663161
0.654865
0.646657
0.638538
0.630509
0.622571
0.614726
0.606974
0.599317
0.591754
0.584286
0.576915
0.569640
0.562462
0.555381
0.548397
0.541510
0.534720
0.528027
0.521431
0.514932
0.508529
0.502221
0.496009
0.489892
0.483869
0.477939
0.472102
0.466358
0.460704
0.455141
0.449667
0.444282
0.438985
0.433774
0.428649
0.423608
0.418651
0.413777
0.408983
0.404270
0.399636
0.395080
0.390601
0.386198
0.381869
0.377613
0.373430
0.369318
0.365275
0.361301
0.357395
0.353555
0.349780
0.346070
0.342423
0.338837
0.335312
0.331847
0.328441
0.325092
0.321800
0.318563
0.315380
0.312251
0.309174
0.306149
0.303174
0.300249
0.297372
0.294542
0.291760
0.289023
0.286331
0.283684
0.281079
0.278517
0.275996
0.273517
0.271077
0.268676
0.266314
0.263989
0.261702
0.259451
0.257235
0.255054
0.252907
0.250794
0.248714
0.246666
0.244650
0.242665
0.240710
0.238785
0.236889
0.235022
0.233184
0.231373
0.229589
0.227831
0.226100
0.224395
0.222714
0.221059
0.219427
0.217820
0.216235
0.214674
0.213135
0.211619
0.210124
0.208650
0.207197
0.205765
0.204353
0.202960
0.201587
0.200234
0.198899
0.197582
0.196284
0.195003
0.193740
0.192494
0.191265
0.190052
0.188856
0.187676
0.186511
0.185362
0.184229
0.183110
0.182006
0.180916
0.179841
0.178779
0.177732
0.176697
0.175677
0.174669
0.173674
0.172692
0.171722
0.170764
0.169819
0.168885
0.167963
0.167053
0.166154
0.165266
0.164389
0.163522
0.162667
0.161822
0.160987
0.160162
0.159347
0.158542
0.157747
0.156961
0.156184
0.155417
0.154659
0.153910
0.153169
0.152438
0.151715
0.151000
0.150294
0.149596
0.148905
0.148223
0.147549
0.146882
0.146223
0.145572
0.144928
0.144291
0.143661
0.143039
0.142423
0.141815
0.141213
0.140618
0.140029
0.139447
0.138871
0.138302
0.137739
0.137182
0.136631
0.136086
0.135547
0.135014
0.134486
0.133965
0.133448
0.132938
0.132433
0.131933
0.131438
0.130949
0.130465
0.129986
0.129512
0.129043
0.128578
0.128119
0.127664
0.127215
0.126769
0.126329
0.125893
0.125461
0.125034
0.124611
0.124192
0.123778
0.123368
0.122962
0.122560
0.122162
0.121768
0.121379
0.120993
0.120610
0.120232
0.119857
0.119487
0.119119
0.118756
0.118396
0.118039
0.117686
0.117337
0.116990
0.116648
0.116308
0.115972
0.115639
0.115309
0.114983
0.114659
0.114339
0.114022
0.113708
0.113396
0.113088
0.112783
0.112480
0.112181
0.111884
0.111590
0.111299
0.111010
0.110724
0.110441
0.110161
0.109883
0.109608
0.109335
0.109065
0.108797
0.108532
0.108269
0.108008
0.107750
0.107495
0.107241
0.106990
0.106741
0.106495
0.106251
0.106009
0.105769
0.105531
0.105295
0.105062
0.104831
0.104601
0.104374
0.104149
0.103926
0.103705
0.103485
0.103268
0.103053
0.102839
0.102628
0.102418
0.102210
0.102004
0.101800
0.101597
0.101397
0.101198
0.101001
0.100805
0.100611
0.100419
0.100229
0.100040
0.099853
0.099667
0.099483
0.099301
0.099120
0.098941
0.098763
0.098587
0.098412
0.098239
0.098068
0.097897
0.097729
0.097561
0.097395
0.097231
0.097068
0.096906
0.096745
0.096586
0.096429
0.096272
0.096117
0.095963
0.095811
0.095660
0.095510
0.095361
0.095214
0.095067
0.094922
0.094779
0.094636
0.094495
0.094354
0.094215
0.094077
0.093940
0.093805
0.093670
0.093537
0.093404
0.093273
0.093143
0.093014
0.092886
0.092759
0.092632
0.092507
0.092384
0.092261
0.092139
0.092018
0.091898
0.091779
0.091661
0.091544
0.091427
0.091312
0.091198
0.091085
0.090972
0.090861
0.090750
0.090640
0.090531
0.090423
0.090316
0.090210
0.090104
0.090000
0.089896
0.089793
0.089691
0.089590
0.089489
0.089389
0.089290
0.089192
0.089095
0.088998
0.088903
0.088808
0.088713
0.088620
0.088527
0.088435
0.088343
0.088253
0.088163
0.088073
0.087985
0.087897
0.087810
0.087723
0.087638
0.087553
0.087468
0.087384
0.087301
0.087219
0.087137
0.087056
0.086975
0.086895
0.086816
0.086737
0.086659
0.086581
0.086504
0.086428
0.086352
0.086277
0.086203
0.086129
0.086055
0.085982
0.085910
0.085838
0.085767
0.085697
0.085627
0.085557
0.085488
0.085419
0.085351
0.085284
0.085217
0.085151
0.085085
0.085019
0.084954
0.084890
0.084826
0.084763
0.084700
0.084637
0.084575
0.084514
0.084453
0.084392
0.084332
0.084273
0.084213
0.084155
0.084096
0.084038
0.083981
0.083924
0.083867
0.083811
0.083755
0.083700
0.083645
0.083591
0.083537
0.083483
0.083430
0.083377
0.083325
0.083273
0.083221
0.083170
0.083119
0.083068
0.083018
0.082969
0.082919
0.082870
0.082822
0.082773
0.082725
0.082678
0.082631
0.082584
0.082537
0.082491
0.082445
0.082400
0.082355
0.082310
0.082266
0.082222
0.082178
0.082134
0.082091
0.082049
0.082006
0.081964
0.081922
0.081881
0.081839
0.081798
0.081758
0.081717
0.081678
0.081638
0.081598
0.081559
0.081520
0.081482
0.081444
0.081406
0.081368
0.081331
0.081293
0.081257
0.081220
0.081184
0.081148
0.081112
0.081076
0.081041
0.081006
0.080971
0.080937
0.080903
0.080869
0.080835
0.080802
0.080768
0.080735
0.080703
0.080670
0.080638
0.080606
0.080574
0.080543
0.080511
0.080480
0.080449
0.080419
0.080388
0.080358
0.080328
0.080299
0.080269
0.080240
0.080211
0.080182
0.080153
0.080125
0.080097
0.080069
0.080041
0.080013
0.079986
0.079959
0.079932
0.079905
0.079878
0.079852
0.079826
0.079800
0.079774
0.079748
0.079723
0.079698
0.079672
0.079647
0.079623
0.079598
0.079574
0.079550
0.079526
0.079502
0.079478
0.079455
0.079432
0.079409
0.079385
0.079363
0.079340
0.079318
0.079295
0.079273
0.079251
0.079230
0.079208
0.079187
0.079165
0.079144
0.079123
0.079102
0.079081
0.079061
0.079040
0.079020
0.079000
0.078980
0.078960
0.078941
0.078921
0.078902
0.078883
0.078864
0.078845
0.078826
0.078807
0.078789
0.078770
0.078752
0.078734
0.078716
0.078698
0.078680
0.078663
0.078645
0.078628
0.078611
0.078594
0.078576
0.078560
0.078543
0.078526
0.078510
0.078494
0.078477
0.078461
0.078445
0.078429
0.078414
0.078398
0.078382
0.078367
0.078352
0.078337
0.078322
0.078307
0.078292
0.078277
0.078262
0.078248
0.078233
0.078219
0.078205
0.078191
0.078177
0.078163
0.078149
0.078135
0.078122
0.078108
0.078095
0.078082
0.078068
0.078055
0.078042
0.078029
0.078017
0.078004
0.077991
0.077979
0.077966
0.077954
0.077942
0.077929
0.077917
0.077905
0.077894
0.077882
0.077870
0.077858
0.077847
0.077835
0.077824
0.077813
0.077802
0.077790
0.077779
0.077768
0.077758
0.077747
0.077736
0.077725
0.077715
0.077704
0.077694
0.077684
0.077673
0.077663
0.077653
0.077643
0.077633
0.077623
0.077613
0.077604
0.077594
0.077584
0.077575
0.077565
0.077556
0.077547
0.077538
0.077528
0.077519
0.077510
0.077501
0.077492
0.077484
0.077475
0.077466
0.077457
0.077449
0.077440
0.077432
0.077424
0.077415
0.077407
0.077399
0.077391
0.077383
0.077375
0.077367
0.077359
0.077351
0.077343
0.077336
0.077328
0.077320
0.077313
0.077305
0.077298
0.077291
0.077283
0.077276
0.077269
0.077262
0.077255
0.077248
0.077241
0.077234
0.077227
0.077220
0.077213
0.077206
0.077200
0.077193
0.077187
0.077180
0.077174
0.077167
0.077161
0.077155
0.077148
0.077142
0.077136
0.077130
0.077124
0.077118
0.077112
0.077106
0.077100
0.077094
0.077088
0.077082
0.077077
0.077071
0.077065
0.077060
0.077054
0.077049
0.077043
0.077038
0.077032
0.077027
0.077022
0.077017
0.077011
0.077006
0.077001
0.076996
0.076991
0.076986
0.076981
0.076976
0.076971
0.076966
0.076961
0.076957
0.076952
0.076947
0.076943
0.076938
0.076933
0.076929
0.076924
0.076920
0.076915
0.076911
0.076907
0.076902
0.076898
0.076894
0.076889
0.076885
0.076881
0.076877
0.076873
0.076869
0.076865
0.076860
0.076857
0.076853
0.076849
0.076845
0.076841
0.076837
0.076833
0.076829
0.076826
0.076822
0.076818
0.076815
0.076811
0.076808
0.076804
0.076801
0.076797
0.076794
0.076790
0.076787
0.076783
0.076780
0.076777
0.076773
0.076770
0.076767
0.076764
0.076760
0.076757
0.076754
0.076751
0.076748
0.076745
0.076742
0.076739
0.076736
0.076733
0.076730
0.076727
0.076724
0.076721
0.076718
0.076716
0.076713
0.076710
0.076707
0.076704
0.076702
0.076699
0.076697
0.076694
0.076691
0.076689
0.076686
0.076684
0.076681
0.076678
0.076676
0.076674
0.076671
0.076669
0.076666
0.076664
0.076662
0.076659
0.076657
0.076655
0.076652
0.076650
0.076648
0.076646
0.076644
0.076641
0.076639
0.076637
0.076635
0.076633
0.076631
0.076629
0.076627
0.076625
0.076623
0.076621
0.076619
0.076617
0.076615
0.076613
0.076611
0.076609
0.076607
0.076605
0.076604
0.076602
0.076600
0.076598
0.076596
0.076595
0.076593
0.076591
0.076590
0.076588
0.076586
0.076585
0.076583
0.076581
0.076580
