10.885900
10.885900
10.885900
10.885900
10.885800
10.885900
10.888800
10.889200
10.889200
10.889100
10.889000
10.889000
10.888900
10.888800
10.888800
10.888700
10.888700
10.888700
10.888700
10.888600
10.888600
10.888600
10.888600
10.888600
10.888700
10.888700
10.888700
10.888800
10.888800
10.888800
10.888900
10.888900
10.889000
10.889000
10.889100
10.889100
10.889200
10.889200
10.889300
10.889400
10.889400
10.889500
10.889500
10.889600
10.889700
10.889700
10.889800
10.889900
10.889900
10.890000
10.890100
10.890100
10.890200
10.890300
10.890300
10.890400
10.890400
10.890500
10.890600
10.890600
10.890700
10.890800
10.890800
10.890900
10.891000
10.891000
10.891100
10.891200
10.891200
10.891300
10.891400
10.891400
10.891500
10.891500
10.891600
10.891700
10.891700
10.891800
10.891800
10.891900
10.891900
10.892000
10.892000
10.892100
10.892200
10.892200
10.892300
10.892300
10.892400
10.892400
10.892500
10.892500
10.892600
10.892600
10.892600
10.892700
10.892700
10.892800
10.892800
10.892900
10.892900
10.892900
10.893000
10.893000
10.893100
10.893100
10.893100
10.893200
10.893200
10.893300
10.893300
10.893300
10.893400
10.893400
10.893400
10.893500
10.893500
10.893500
10.893500
10.893600
10.893600
10.893600
10.893700
10.893700
10.893700
10.893700
10.893800
10.893800
10.893800
10.893800
10.893900
10.893900
10.893900
10.893900
10.894000
10.894000
10.894000
10.894000
10.894000
10.894100
10.894100
10.894100
10.894100
10.894100
10.894100
10.894200
10.894200
10.894200
10.894200
10.894200
10.894200
10.894300
10.894300
10.894300
10.894300
10.894300
10.894300
10.894300
10.894400
10.894400
10.894400
10.894400
10.894400
10.894400
10.894400
10.894400
10.894400
10.894500
10.894500
10.894500
10.894500
10.894500
10.894500
10.894500
10.894500
10.894500
10.894500
10.894500
10.894500
10.894600
10.894600
10.894600
10.894600
10.894600
10.894600
10.894600
10.894600
10.894600
10.894600
10.894600
10.894600
10.894600
10.894600
10.894600
10.894600
10.894600
10.894600
10.894600
10.894600
10.894600
10.894600
10.894600
10.894600
10.894700
10.894700
10.894700
10.894700
10.894700
10.894700
10.894700
10.894700
10.894700
10.894700
10.894700
10.894700
10.894700
10.894700
10.894700
10.894700
10.894700
10.894700
10.894700
10.894700
10.894700
10.894700
10.894700
10.894700
10.894700
10.894700
10.894700
10.894700
10.894700
10.894600
10.894600
10.894600
10.894600
10.894600
10.894600
10.894600
10.894600
10.894600
10.894600
10.894600
10.894600
10.894600
10.894600
10.894600
10.894600
10.894600
10.894600
10.894600
10.894600
10.894600
10.894600
10.894600
10.894600
10.894600
10.894600
10.894600
10.894600
10.894600
10.894600
10.894500
10.894500
10.894500
10.894500
10.894500
10.894500
10.894500
10.894500
10.894500
10.894500
10.894500
10.894500
10.894500
10.894500
10.894500
10.894500
10.894500
10.894500
10.894500
10.894400
10.894400
10.894400
10.894400
10.894400
10.894400
10.894400
10.894400
10.894400
10.894400
10.894400
10.894400
10.894400
10.894400
10.894400
10.894300
10.894300
10.894300
10.894300
10.894300
10.894300
10.894300
10.894300
10.894300
10.894300
10.894300
10.894300
10.894300
10.894300
10.894200
10.894200
10.894200
10.894200
10.894200
10.894200
10.894200
10.894200
10.894200
10.894200
10.894200
10.894200
10.894200
10.894100
10.894100
10.894100
10.894100
10.894100
10.894100
10.894100
10.894100
10.894100
10.894100
10.894100
10.894100
10.894000
10.894000
10.894000
10.894000
10.894000
10.894000
10.894000
10.894000
10.894000
10.894000
10.894000
10.893900
10.893900
10.893900
10.893900
10.893900
10.893900
10.893900
10.893900
10.893900
10.893900
10.893900
10.893800
10.893800
10.893800
10.893800
10.893800
10.893800
10.893800
10.893800
10.893800
10.893800
10.893700
10.893700
10.893700
10.893700
10.893700
10.893700
10.893700
10.893700
10.893700
10.893700
10.893600
10.893600
10.893600
10.893600
10.893600
10.893600
10.893600
10.893600
10.893600
10.893600
10.893500
10.893500
10.893500
10.893500
10.893500
10.893500
10.893500
10.893500
10.893500
10.893500
10.893400
10.893400
10.893400
10.893400
10.893400
10.893400
10.893400
10.893400
10.893400
10.893400
10.893300
10.893300
10.893300
10.893300
10.893300
10.893300
10.893300
10.893300
10.893300
10.893200
10.893200
10.893200
10.893200
10.893200
10.893200
10.893200
10.893200
10.893200
10.893100
10.893100
10.893100
10.893100
10.893100
10.893100
10.893100
10.893100
10.893100
10.893000
10.893000
10.893000
10.893000
10.893000
10.893000
10.893000
10.893000
10.893000
10.892900
10.892900
10.892900
10.892900
10.892900
10.892900
10.892900
10.892900
10.892900
10.892800
10.892800
10.892800
10.892800
10.892800
10.892800
10.892800
10.892800
10.892800
10.892700
10.892700
10.892700
10.892700
10.892700
10.892700
10.892700
10.892700
10.892700
10.892600
10.892600
10.892600
10.892600
10.892600
10.892600
10.892600
10.892600
10.892500
10.892500
10.892500
10.892500
10.892500
10.892500
10.892500
10.892500
10.892500
10.892400
10.892400
10.892400
10.892400
10.892400
10.892400
10.892400
10.892400
10.892300
10.892300
10.892300
10.892300
10.892300
10.892300
10.892300
10.892300
10.892300
10.892200
10.892200
10.892200
10.892200
10.892200
10.892200
10.892200
10.892200
10.892100
10.892100
10.892100
10.892100
10.892100
10.892100
10.892100
10.892100
10.892100
10.892000
10.892000
10.892000
10.892000
10.892000
10.892000
10.892000
10.892000
10.891900
10.891900
10.891900
10.891900
10.891900
10.891900
10.891900
10.891900
10.891800
10.891800
10.891800
10.891800
10.891800
10.891800
10.891800
10.891800
10.891700
10.891700
10.891700
10.891700
10.891700
10.891700
10.891700
10.891700
10.891600
10.891600
10.891600
10.891600
10.891600
10.891600
10.891600
10.891600
10.891600
10.891500
10.891500
10.891500
10.891500
10.891500
10.891500
10.891500
10.891500
10.891400
10.891400
10.891400
10.891400
10.891400
10.891400
10.891400
10.891400
10.891300
10.891300
10.891300
10.891300
10.891300
10.891300
10.891300
10.891300
10.891200
10.891200
10.891200
10.891200
10.891200
10.891200
10.891200
10.891200
10.891100
10.891100
10.891100
10.891100
10.891100
10.891100
10.891100
10.891100
10.891000
10.891000
10.891000
10.891000
10.891000
10.891000
10.891000
10.891000
10.890900
10.890900
10.890900
10.890900
10.890900
10.890900
10.890900
10.890900
10.890800
10.890800
10.890800
10.890800
10.890800
10.890800
10.890800
10.890800
10.890700
10.890700
10.890700
10.890700
10.890700
10.890700
10.890700
10.890700
10.890600
10.890600
10.890600
10.890600
10.890600
10.890600
10.890600
10.890600
10.890500
10.890500
10.890500
10.890500
10.890500
10.890500
10.890500
10.890500
10.890400
10.890400
10.890400
10.890400
10.890400
10.890400
10.890400
10.890300
10.890300
10.890300
10.890300
10.890300
10.890300
10.890300
10.890300
10.890200
10.890200
10.890200
10.890200
10.890200
10.890200
10.890200
10.890200
10.890100
10.890100
10.890100
10.890100
10.890100
10.890100
10.890100
10.890100
10.890000
10.890000
10.890000
10.890000
10.890000
10.890000
10.890000
10.890000
10.889900
10.889900
10.889900
10.889900
10.889900
10.889900
10.889900
10.889900
10.889800
10.889800
10.889800
10.889800
10.889800
10.889800
10.889800
10.889800
10.889700
10.889700
10.889700
10.889700
10.889700
10.889700
10.889700
10.889600
10.889600
10.889600
10.889600
10.889600
10.889600
10.889600
10.889600
10.889500
10.889500
10.889500
10.889500
10.889500
10.889500
10.889500
10.889500
10.889400
10.889400
10.889400
10.889400
10.889400
10.889400
10.889400
10.889400
10.889300
10.889300
10.889300
10.889300
10.889300
10.889300
10.889300
10.889300
10.889200
10.889200
10.889200
10.889200
10.889200
10.889200
10.889200
10.889100
10.889100
10.889100
10.889100
10.889100
10.889100
10.889100
10.889100
10.889000
10.889000
10.889000
10.889000
10.889000
10.889000
10.889000
10.889000
10.888900
10.888900
10.888900
10.888900
10.888900
10.888900
10.888900
10.888900
10.888800
10.888800
10.888800
10.888800
10.888800
10.888800
10.888800
10.888700
10.888700
10.888700
10.888700
10.888700
10.888700
10.888700
10.888700
10.888600
10.888600
10.888600
10.888600
10.888600
10.888600
10.888600
10.888600
10.888500
10.888500
10.888500
10.888500
10.888500
10.888500
10.888500
10.888500
10.888400
10.888400
10.888400
10.888400
10.888400
10.888400
10.888400
10.888300
10.888300
10.888300
10.888300
10.888300
10.888300
10.888300
10.888300
10.888200
10.888200
10.888200
10.888200
10.888200
10.888200
10.888200
10.888200
10.888100
10.888100
10.888100
10.888100
10.888100
10.888100
10.888100
10.888000
10.888000
10.888000
10.888000
10.888000
10.888000
10.888000
10.888000
10.887900
10.887900
10.887900
10.887900
10.887900
10.887900
10.887900
10.887900
10.887800
10.887800
10.887800
10.887800
10.887800
10.887800
10.887800
10.887800
10.887700
10.887700
10.887700
10.887700
10.887700
10.887700
10.887700
10.887600
10.887600
10.887600
10.887600
10.887600
10.887600
10.887600
10.887600
10.887500
10.887500
10.887500
10.887500
10.887500
10.887500
10.887500
10.887500
10.887400
10.887400
10.887400
10.887400
10.887400
10.887400
10.887400
10.887300
10.887300
10.887300
10.887300
10.887300
10.887300
10.887300
10.887300
10.887200
10.887200
10.887200
10.887200
10.887200
10.887200
10.887200
10.887200
10.887100
10.887100
10.887100
10.887100
10.887100
10.887100
10.887100
10.887100
10.887000
10.887000
10.887000
10.887000
10.887000
10.887000
10.887000
10.886900
10.886900
10.886900
10.886900
10.886900
10.886900
10.886900
10.886900
10.886800
10.886800
10.886800
10.886800
10.886800
10.886800
10.886800
10.886800
10.886700
10.886700
10.886700
10.886700
10.886700
10.886700
10.886700
10.886600
10.886600
10.886600
10.886600
10.886600
10.886600
10.886600
10.886600
10.886500
10.886500
10.886500
10.886500
10.886500
10.886500
10.886500
10.886500
10.886400
10.886400
10.886400
10.886400
10.886400
10.886400
10.886400
10.886300
10.886300
10.886300
10.886300
10.886300
10.886300
10.886300
10.886300
10.886200
10.886200
10.886200
10.886200
10.886200
10.886200
10.886200
10.886200
10.886100
10.886100
10.886100
10.886100
10.886100
10.886100
10.886100
10.886000
10.886000
10.886000
10.886000
10.886000
10.886000
10.886000
10.886000
10.885900
10.885900
10.885900
10.885900
10.885900
10.885900
10.885800
10.885900
10.888800
10.889200
10.889200
10.889100
10.889000
10.889000
10.888900
10.888800
10.888800
10.888800
10.888700
10.888700
10.888700
10.888600
10.888600
10.888600
10.888600
10.888600
10.888700
10.888700
10.888700
10.888800
10.888800
10.888800
10.888900
10.888900
10.889000
10.889000
10.889100
10.889100
10.889200
10.889200
10.889300
10.889400
10.889400
10.889500
10.889500
10.889600
10.889700
10.889700
10.889800
10.889900
10.889900
10.890000
10.890100
10.890100
10.890200
10.890300
10.890300
10.890400
10.890500
10.890500
10.890600
10.890600
10.890700
10.890800
10.890800
10.890900
10.891000
10.891000
10.891100
10.891200
10.891200
10.891300
10.891400
10.891400
10.891500
10.891500
10.891600
10.891700
10.891700
10.891800
10.891800
10.891900
10.891900
10.892000
10.892000
10.892100
10.892200
10.892200
10.892300
10.892300
10.892400
10.892400
10.892500
10.892500
10.892600
10.892600
10.892600
10.892700
10.892700
10.892800
10.892800
10.892900
10.892900
10.892900
10.893000
10.893000
10.893100
10.893100
10.893100
10.893200
10.893200
10.893300
10.893300
10.893300
10.893400
10.893400
10.893400
10.893500
10.893500
10.893500
10.893500
10.893600
10.893600
10.893600
10.893700
10.893700
10.893700
10.893700
10.893800
10.893800
10.893800
10.893800
10.893900
10.893900
10.893900
10.893900
10.894000
10.894000
10.894000
10.894000
10.894000
10.894100
10.894100
10.894100
10.894100
10.894100
10.894100
10.894200
10.894200
10.894200
10.894200
10.894200
10.894200
10.894300
10.894300
10.894300
10.894300
10.894300
10.894300
10.894300
10.894400
10.894400
10.894400
10.894400
10.894400
10.894400
10.894400
10.894400
10.894400
10.894500
10.894500
10.894500
10.894500
10.894500
10.894500
10.894500
10.894500
10.894500
10.894500
10.894500
10.894500
10.894600
10.894600
10.894600
10.894600
10.894600
10.894600
10.894600
10.894600
10.894600
10.894600
10.894600
10.894600
10.894600
10.894600
10.894600
10.894600
10.894600
10.894600
10.894600
10.894600
10.894600
10.894600
10.894600
10.894700
10.894700
10.894700
10.894700
10.894700
10.894700
10.894700
10.894700
10.894700
10.894700
10.894700
10.894700
10.894700
10.894700
10.894700
10.894700
10.894700
10.894700
10.894700
10.894700
10.894700
10.894700
10.894700
10.894700
10.894700
10.894700
10.894700
10.894700
10.894700
10.894700
10.894700
10.894600
10.894600
10.894600
10.894600
10.894600
10.894600
10.894600
10.894600
10.894600
10.894600
10.894600
10.894600
10.894600
10.894600
10.894600
10.894600
10.894600
10.894600
10.894600
10.894600
10.894600
10.894600
10.894600
10.894600
10.894600
10.894600
10.894600
10.894600
10.894600
10.894500
10.894500
10.894500
10.894500
10.894500
10.894500
10.894500
10.894500
10.894500
10.894500
10.894500
10.894500
10.894500
10.894500
10.894500
10.894500
10.894500
10.894500
10.894500
10.894400
10.894400
10.894400
10.894400
10.894400
10.894400
10.894400
10.894400
10.894400
10.894400
10.894400
10.894400
10.894400
10.894400
10.894400
10.894300
10.894300
10.894300
10.894300
10.894300
10.894300
10.894300
10.894300
10.894300
10.894300
10.894300
10.894300
10.894300
10.894300
10.894200
10.894200
10.894200
10.894200
10.894200
10.894200
10.894200
10.894200
10.894200
10.894200
10.894200
10.894200
10.894200
10.894100
10.894100
10.894100
10.894100
10.894100
10.894100
10.894100
10.894100
10.894100
10.894100
10.894100
10.894100
10.894000
10.894000
10.894000
10.894000
10.894000
10.894000
10.894000
10.894000
10.894000
10.894000
10.894000
10.893900
10.893900
10.893900
10.893900
10.893900
10.893900
10.893900
10.893900
10.893900
10.893900
10.893900
10.893800
10.893800
10.893800
10.893800
10.893800
10.893800
10.893800
10.893800
10.893800
10.893800
10.893700
10.893700
10.893700
10.893700
10.893700
10.893700
10.893700
10.893700
10.893700
10.893700
10.893700
10.893600
10.893600
10.893600
10.893600
10.893600
10.893600
10.893600
10.893600
10.893600
10.893500
10.893500
10.893500
10.893500
10.893500
10.893500
10.893500
10.893500
10.893500
10.893500
10.893400
10.893400
10.893400
10.893400
10.893400
10.893400
10.893400
10.893400
10.893400
10.893400
10.893300
10.893300
10.893300
10.893300
10.893300
10.893300
10.893300
10.893300
10.893300
10.893200
10.893200
10.893200
10.893200
10.893200
10.893200
10.893200
10.893200
10.893200
10.893100
10.893100
10.893100
10.893100
10.893100
10.893100
10.893100
10.893100
10.893100
10.893000
10.893000
10.893000
10.893000
10.893000
10.893000
10.893000
10.893000
10.893000
10.892900
10.892900
10.892900
10.892900
10.892900
10.892900
10.892900
10.892900
10.892900
10.892800
10.892800
10.892800
10.892800
10.892800
10.892800
10.892800
10.892800
10.892800
10.892700
10.892700
10.892700
10.892700
10.892700
10.892700
10.892700
10.892700
10.892700
10.892600
10.892600
10.892600
10.892600
10.892600
10.892600
10.892600
10.892600
10.892500
10.892500
10.892500
10.892500
10.892500
10.892500
10.892500
10.892500
10.892500
10.892400
10.892400
10.892400
10.892400
10.892400
10.892400
10.892400
10.892400
10.892300
10.892300
10.892300
10.892300
10.892300
10.892300
10.892300
10.892300
10.892300
10.892200
10.892200
10.892200
10.892200
10.892200
10.892200
10.892200
10.892200
10.892100
10.892100
10.892100
10.892100
10.892100
10.892100
10.892100
10.892100
10.892100
10.892000
10.892000
10.892000
10.892000
10.892000
10.892000
10.892000
10.892000
10.891900
10.891900
10.891900
10.891900
10.891900
10.891900
10.891900
10.891900
10.891800
10.891800
10.891800
10.891800
10.891800
10.891800
10.891800
10.891800
10.891700
10.891700
10.891700
10.891700
10.891700
10.891700
10.891700
10.891700
10.891700
10.891600
10.891600
10.891600
10.891600
10.891600
10.891600
10.891600
10.891600
10.891500
10.891500
10.891500
10.891500
10.891500
10.891500
10.891500
10.891500
10.891400
10.891400
10.891400
10.891400
10.891400
10.891400
10.891400
10.891400
10.891300
10.891300
10.891300
10.891300
10.891300
10.891300
10.891300
10.891300
10.891200
10.891200
10.891200
10.891200
10.891200
10.891200
10.891200
10.891200
10.891100
10.891100
10.891100
10.891100
10.891100
10.891100
10.891100
10.891100
10.891000
10.891000
10.891000
10.891000
10.891000
10.891000
10.891000
10.891000
10.890900
10.890900
10.890900
10.890900
10.890900
10.890900
10.890900
10.890900
10.890800
10.890800
10.890800
10.890800
10.890800
10.890800
10.890800
10.890800
10.890700
10.890700
10.890700
10.890700
10.890700
10.890700
10.890700
10.890700
10.890600
10.890600
10.890600
10.890600
10.890600
10.890600
10.890600
10.890600
10.890500
10.890500
10.890500
10.890500
10.890500
10.890500
10.890500
10.890500
10.890400
10.890400
10.890400
10.890400
10.890400
10.890400
10.890400
10.890400
10.890300
10.890300
10.890300
10.890300
10.890300
10.890300
10.890300
10.890200
10.890200
10.890200
10.890200
10.890200
10.890200
10.890200
10.890200
10.890100
10.890100
10.890100
10.890100
10.890100
10.890100
10.890100
10.890100
10.890000
10.890000
10.890000
10.890000
10.890000
10.890000
10.890000
10.890000
10.889900
10.889900
10.889900
10.889900
10.889900
10.889900
10.889900
10.889900
10.889800
10.889800
10.889800
10.889800
10.889800
10.889800
10.889800
10.889800
10.889700
10.889700
10.889700
10.889700
10.889700
10.889700
10.889700
10.889600
10.889600
10.889600
10.889600
10.889600
10.889600
10.889600
10.889600
10.889500
10.889500
10.889500
10.889500
10.889500
10.889500
10.889500
10.889500
10.889400
10.889400
10.889400
10.889400
10.889400
10.889400
10.889400
10.889400
10.889300
10.889300
10.889300
10.889300
10.889300
10.889300
10.889300
10.889300
10.889200
10.889200
10.889200
10.889200
10.889200
10.889200
10.889200
10.889100
10.889100
10.889100
10.889100
10.889100
10.889100
10.889100
10.889100
10.889000
10.889000
10.889000
10.889000
10.889000
10.889000
10.889000
10.889000
10.888900
10.888900
10.888900
10.888900
10.888900
10.888900
10.888900
10.888900
10.888800
10.888800
10.888800
10.888800
10.888800
10.888800
10.888800
10.888700
10.888700
10.888700
10.888700
10.888700
10.888700
10.888700
10.888700
10.888600
10.888600
10.888600
10.888600
10.888600
10.888600
10.888600
10.888600
10.888500
10.888500
10.888500
10.888500
10.888500
10.888500
10.888500
10.888500
10.888400
10.888400
10.888400
10.888400
10.888400
10.888400
10.888400
10.888300
10.888300
10.888300
10.888300
10.888300
10.888300
10.888300
10.888300
10.888200
10.888200
10.888200
10.888200
10.888200
10.888200
10.888200
10.888200
10.888100
10.888100
10.888100
10.888100
10.888100
10.888100
10.888100
10.888100
10.888000
10.888000
10.888000
10.888000
10.888000
10.888000
10.888000
10.887900
10.887900
10.887900
10.887900
10.887900
10.887900
10.887900
10.887900
10.887800
10.887800
10.887800
10.887800
10.887800
10.887800
10.887800
10.887800
10.887700
10.887700
10.887700
10.887700
10.887700
10.887700
10.887700
10.887600
10.887600
10.887600
10.887600
10.887600
10.887600
10.887600
10.887600
10.887500
10.887500
10.887500
10.887500
10.887500
10.887500
10.887500
10.887500
10.887400
10.887400
10.887400
10.887400
10.887400
10.887400
10.887400
10.887400
10.887300
10.887300
10.887300
10.887300
10.887300
10.887300
10.887300
10.887200
10.887200
10.887200
10.887200
10.887200
10.887200
10.887200
10.887200
10.887100
10.887100
10.887100
10.887100
10.887100
10.887100
10.887100
10.887100
10.887000
10.887000
10.887000
10.887000
10.887000
10.887000
10.887000
10.886900
10.886900
10.886900
10.886900
10.886900
10.886900
10.886900
10.886900
10.886800
10.886800
10.886800
10.886800
10.886800
10.886800
10.886800
10.886800
10.886700
10.886700
10.886700
10.886700
10.886700
10.886700
10.886700
10.886600
10.886600
10.886600
10.886600
10.886600
10.886600
10.886600
10.886600
10.886500
10.886500
10.886500
10.886500
10.886500
10.886500
10.886500
10.886500
10.886400
10.886400
10.886400
10.886400
10.886400
10.886400
10.886400
10.886300
10.886300
10.886300
10.886300
10.886300
10.886300
10.886300
10.886300
10.886200
10.886200
10.886200
10.886200
10.886200
10.886200
10.886200
10.886200
10.886100
10.886100
10.886100
10.886100
10.886100
10.886100
10.886100
10.886100
10.886000
10.886000
10.886000
10.886000
10.886000
10.886000
10.886000
10.885900
10.885900
10.885900
10.885900
10.885900
10.885900
10.885800
10.885900
10.888800
10.889200
10.889200
10.889100
10.889000
10.889000
10.888900
10.888800
10.888800
10.888800
10.888700
10.888700
10.888700
10.888600
10.888600
10.888600
10.888600
10.888600
10.888700
10.888700
10.888700
10.888800
10.888800
10.888800
10.888900
10.888900
10.889000
10.889000
10.889100
10.889100
10.889200
10.889200
10.889300
10.889400
10.889400
10.889500
10.889500
10.889600
10.889700
10.889700
10.889800
10.889900
10.889900
10.890000
10.890100
10.890100
10.890200
10.890300
10.890300
10.890400
10.890500
10.890500
10.890600
10.890600
10.890700
10.890800
10.890800
10.890900
10.891000
10.891000
10.891100
10.891200
10.891200
10.891300
10.891400
10.891400
10.891500
10.891500
10.891600
10.891700
10.891700
10.891800
10.891800
10.891900
10.891900
10.892000
10.892000
10.892100
10.892200
10.892200
10.892300
10.892300
10.892400
10.892400
10.892500
10.892500
10.892600
10.892600
10.892600
10.892700
10.892700
10.892800
10.892800
10.892900
10.892900
10.893000
10.893000
10.893000
10.893100
10.893100
10.893100
10.893200
10.893200
10.893300
10.893300
10.893300
10.893400
10.893400
10.893400
10.893500
10.893500
10.893500
10.893500
10.893600
10.893600
10.893600
10.893700
10.893700
10.893700
10.893700
10.893800
10.893800
10.893800
10.893800
10.893900
10.893900
10.893900
10.893900
10.894000
10.894000
10.894000
10.894000
10.894000
10.894100
10.894100
10.894100
10.894100
10.894100
10.894100
10.894200
10.894200
10.894200
10.894200
10.894200
10.894200
10.894300
10.894300
10.894300
10.894300
10.894300
10.894300
10.894300
10.894400
10.894400
10.894400
10.894400
10.894400
10.894400
10.894400
10.894400
10.894400
10.894500
10.894500
10.894500
10.894500
10.894500
10.894500
10.894500
10.894500
10.894500
10.894500
10.894500
10.894500
10.894600
10.894600
10.894600
10.894600
10.894600
10.894600
10.894600
10.894600
10.894600
10.894600
10.894600
10.894600
10.894600
10.894600
10.894600
10.894600
10.894600
10.894600
10.894600
10.894600
10.894600
10.894600
10.894600
10.894700
10.894700
10.894700
10.894700
10.894700
10.894700
10.894700
10.894700
10.894700
10.894700
10.894700
10.894700
10.894700
10.894700
10.894700
10.894700
10.894700
10.894700
10.894700
10.894700
10.894700
10.894700
10.894700
10.894700
10.894700
10.894700
10.894700
10.894700
10.894700
10.894700
10.894700
10.894600
10.894600
10.894600
10.894600
10.894600
10.894600
10.894600
10.894600
10.894600
10.894600
10.894600
10.894600
10.894600
10.894600
10.894600
10.894600
10.894600
10.894600
10.894600
10.894600
10.894600
10.894600
10.894600
10.894600
10.894600
10.894600
10.894600
10.894600
10.894600
10.894600
10.894500
10.894500
10.894500
10.894500
10.894500
10.894500
10.894500
10.894500
10.894500
10.894500
10.894500
10.894500
10.894500
10.894500
10.894500
10.894500
10.894500
10.894500
10.894400
10.894400
10.894400
10.894400
10.894400
10.894400
10.894400
10.894400
10.894400
10.894400
10.894400
10.894400
10.894400
10.894400
10.894400
10.894400
10.894300
10.894300
10.894300
10.894300
10.894300
10.894300
10.894300
10.894300
10.894300
10.894300
10.894300
10.894300
10.894300
10.894200
10.894200
10.894200
10.894200
10.894200
10.894200
10.894200
10.894200
10.894200
10.894200
10.894200
10.894200
10.894200
10.894100
10.894100
10.894100
10.894100
10.894100
10.894100
10.894100
10.894100
10.894100
10.894100
10.894100
10.894100
10.894000
10.894000
10.894000
10.894000
10.894000
10.894000
10.894000
10.894000
10.894000
10.894000
10.894000
10.893900
10.893900
10.893900
10.893900
10.893900
10.893900
10.893900
10.893900
10.893900
10.893900
10.893900
10.893800
10.893800
10.893800
10.893800
10.893800
10.893800
10.893800
10.893800
10.893800
10.893800
10.893700
10.893700
10.893700
10.893700
10.893700
10.893700
10.893700
10.893700
10.893700
10.893700
10.893700
10.893600
10.893600
10.893600
10.893600
10.893600
10.893600
10.893600
10.893600
10.893600
10.893600
10.893500
10.893500
10.893500
10.893500
10.893500
10.893500
10.893500
10.893500
10.893500
10.893400
10.893400
10.893400
10.893400
10.893400
10.893400
10.893400
10.893400
10.893400
10.893400
10.893300
10.893300
10.893300
10.893300
10.893300
10.893300
10.893300
10.893300
10.893300
10.893200
10.893200
10.893200
10.893200
10.893200
10.893200
10.893200
10.893200
10.893200
10.893100
10.893100
10.893100
10.893100
10.893100
10.893100
10.893100
10.893100
10.893100
10.893000
10.893000
10.893000
10.893000
10.893000
10.893000
10.893000
10.893000
10.893000
10.892900
10.892900
10.892900
10.892900
10.892900
10.892900
10.892900
10.892900
10.892900
10.892800
10.892800
10.892800
10.892800
10.892800
10.892800
10.892800
10.892800
10.892800
10.892700
10.892700
10.892700
10.892700
10.892700
10.892700
10.892700
10.892700
10.892700
10.892600
10.892600
10.892600
10.892600
10.892600
10.892600
10.892600
10.892600
10.892500
10.892500
10.892500
10.892500
10.892500
10.892500
10.892500
10.892500
10.892500
10.892400
10.892400
10.892400
10.892400
10.892400
10.892400
10.892400
10.892400
10.892400
10.892300
10.892300
10.892300
10.892300
10.892300
10.892300
10.892300
10.892300
10.892200
10.892200
10.892200
10.892200
10.892200
10.892200
10.892200
10.892200
10.892100
10.892100
10.892100
10.892100
10.892100
10.892100
10.892100
10.892100
10.892100
10.892000
10.892000
10.892000
10.892000
10.892000
10.892000
10.892000
10.892000
10.891900
10.891900
10.891900
10.891900
10.891900
10.891900
10.891900
10.891900
10.891800
10.891800
10.891800
10.891800
10.891800
10.891800
10.891800
10.891800
10.891700
10.891700
10.891700
10.891700
10.891700
10.891700
10.891700
10.891700
10.891700
10.891600
10.891600
10.891600
10.891600
10.891600
10.891600
10.891600
10.891600
10.891500
10.891500
10.891500
10.891500
10.891500
10.891500
10.891500
10.891500
10.891400
10.891400
10.891400
10.891400
10.891400
10.891400
10.891400
10.891400
10.891300
10.891300
10.891300
10.891300
10.891300
10.891300
10.891300
10.891300
10.891200
10.891200
10.891200
10.891200
10.891200
10.891200
10.891200
10.891200
10.891100
10.891100
10.891100
10.891100
10.891100
10.891100
10.891100
10.891100
10.891000
10.891000
10.891000
10.891000
10.891000
10.891000
10.891000
10.891000
10.890900
10.890900
10.890900
10.890900
10.890900
10.890900
10.890900
10.890900
10.890800
10.890800
10.890800
10.890800
10.890800
10.890800
10.890800
10.890800
10.890700
10.890700
10.890700
10.890700
10.890700
10.890700
10.890700
10.890700
10.890600
10.890600
10.890600
10.890600
10.890600
10.890600
10.890600
10.890600
10.890500
10.890500
10.890500
10.890500
10.890500
10.890500
10.890500
10.890500
10.890400
10.890400
10.890400
10.890400
10.890400
10.890400
10.890400
10.890400
10.890300
10.890300
10.890300
10.890300
10.890300
10.890300
10.890300
10.890200
10.890200
10.890200
10.890200
10.890200
10.890200
10.890200
10.890200
10.890100
10.890100
10.890100
10.890100
10.890100
10.890100
10.890100
10.890100
10.890000
10.890000
10.890000
10.890000
10.890000
10.890000
10.890000
10.890000
10.889900
10.889900
10.889900
10.889900
10.889900
10.889900
10.889900
10.889900
10.889800
10.889800
10.889800
10.889800
10.889800
10.889800
10.889800
10.889800
10.889700
10.889700
10.889700
10.889700
10.889700
10.889700
10.889700
10.889700
10.889600
10.889600
10.889600
10.889600
10.889600
10.889600
10.889600
10.889500
10.889500
10.889500
10.889500
10.889500
10.889500
10.889500
10.889500
10.889400
10.889400
10.889400
10.889400
10.889400
10.889400
10.889400
10.889400
10.889300
10.889300
10.889300
10.889300
10.889300
10.889300
10.889300
10.889300
10.889200
10.889200
10.889200
10.889200
10.889200
10.889200
10.889200
10.889100
10.889100
10.889100
10.889100
10.889100
10.889100
10.889100
10.889100
10.889000
10.889000
10.889000
10.889000
10.889000
10.889000
10.889000
10.889000
10.888900
10.888900
10.888900
10.888900
10.888900
10.888900
10.888900
10.888900
10.888800
10.888800
10.888800
10.888800
10.888800
10.888800
10.888800
10.888700
10.888700
10.888700
10.888700
10.888700
10.888700
10.888700
10.888700
10.888600
10.888600
10.888600
10.888600
10.888600
10.888600
10.888600
10.888600
10.888500
10.888500
10.888500
10.888500
10.888500
10.888500
10.888500
10.888500
10.888400
10.888400
10.888400
10.888400
10.888400
10.888400
10.888400
10.888300
10.888300
10.888300
10.888300
10.888300
10.888300
10.888300
10.888300
10.888200
10.888200
10.888200
10.888200
10.888200
10.888200
10.888200
10.888200
10.888100
10.888100
10.888100
10.888100
10.888100
10.888100
10.888100
10.888100
10.888000
10.888000
10.888000
10.888000
10.888000
10.888000
10.888000
10.887900
10.887900
10.887900
10.887900
10.887900
10.887900
10.887900
10.887900
10.887800
10.887800
10.887800
10.887800
10.887800
10.887800
10.887800
10.887800
10.887700
10.887700
10.887700
10.887700
10.887700
10.887700
10.887700
10.887600
10.887600
10.887600
10.887600
10.887600
10.887600
10.887600
10.887600
10.887500
10.887500
10.887500
10.887500
10.887500
10.887500
10.887500
10.887500
10.887400
10.887400
10.887400
10.887400
10.887400
10.887400
10.887400
10.887400
10.887300
10.887300
10.887300
10.887300
10.887300
10.887300
10.887300
10.887200
10.887200
10.887200
10.887200
10.887200
10.887200
10.887200
10.887200
10.887100
10.887100
10.887100
10.887100
10.887100
10.887100
10.887100
10.887100
10.887000
10.887000
10.887000
10.887000
10.887000
10.887000
10.887000
10.886900
10.886900
10.886900
10.886900
10.886900
10.886900
10.886900
10.886900
10.886800
10.886800
10.886800
10.886800
10.886800
10.886800
10.886800
10.886800
10.886700
10.886700
10.886700
10.886700
10.886700
10.886700
10.886700
10.886600
10.886600
10.886600
10.886600
10.886600
10.886600
10.886600
10.886600
10.886500
10.886500
10.886500
10.886500
10.886500
10.886500
10.886500
10.886500
10.886400
10.886400
10.886400
10.886400
10.886400
10.886400
10.886400
10.886400
10.886300
10.886300
10.886300
10.886300
10.886300
10.886300
10.886300
10.886200
10.886200
10.886200
10.886200
10.886200
10.886200
10.886200
10.886200
10.886100
10.886100
10.886100
10.886100
10.886100
10.886100
10.886100
10.886100
10.886000
10.886000
10.886000
10.886000
10.886000
10.886000
10.886000
10.885900
10.885900
10.885900
