0.875189
0.873692
0.872200
0.870714
0.869234
0.867767
0.866383
0.866407
0.869234
0.875592
0.887021
0.906764
0.941821
1.004010
1.106380
1.257660
1.459180
1.705820
1.989220
2.300590
2.632150
2.977330
3.330770
3.688160
4.046250
4.402670
4.755690
5.104130
5.447070
5.783930
6.114280
6.437850
6.754380
7.063740
7.365950
7.660950
7.948720
8.229330
8.502850
8.769270
9.028710
9.281240
9.526960
9.765950
9.998260
10.224100
10.443300
10.656200
10.862800
11.063200
11.257300
11.445400
11.627600
11.803700
11.974100
12.138600
12.297400
12.450500
12.598100
12.740200
12.876900
13.008200
13.134200
13.255000
13.370500
13.481000
13.586400
13.686900
13.782500
13.873400
13.959500
14.040900
14.117800
14.190100
14.258000
14.321500
14.380800
14.435800
14.486700
14.533500
14.576300
14.615200
14.650200
14.681500
14.709100
14.733100
14.753500
14.770500
14.784100
14.794300
14.801300
14.805200
14.806000
14.803800
14.798700
14.790700
14.779900
14.766400
14.750300
14.731600
14.710400
14.686800
14.660900
14.632700
14.602200
14.569700
14.535100
14.498500
14.459800
14.419400
14.377200
14.333200
14.287500
14.240200
14.191300
14.141000
14.089200
14.036000
13.981400
13.925700
13.868600
13.810400
13.751200
13.690800
13.629400
13.567000
13.503800
13.439600
13.374600
13.308900
13.242400
13.175200
13.107300
13.038800
12.969800
12.900200
12.830200
12.759600
12.688600
12.617300
12.545500
12.473500
12.401100
12.328500
12.255700
12.182700
12.109500
12.036100
11.962600
11.889100
11.815400
11.741700
11.668100
11.594400
11.520700
11.447100
11.373600
11.300200
11.226900
11.153700
11.080700
11.007800
10.935200
10.862700
10.790500
10.718500
10.646700
10.575300
10.504100
10.433200
10.362600
10.292400
10.222500
10.152900
10.083700
10.014900
9.946410
9.878320
9.810640
9.743390
9.676560
9.610150
9.544110
9.478600
9.413450
9.348790
9.284600
9.220900
9.157620
9.094820
9.032500
8.970660
8.909310
8.848430
8.788040
8.728130
8.668750
8.609860
8.551460
8.493590
8.436140
8.379300
8.322870
8.266990
8.211590
8.156670
8.102290
8.048390
7.995040
7.942160
7.889770
7.837860
7.786430
7.735540
7.685130
7.635200
7.585750
7.536790
7.488310
7.440300
7.392780
7.345680
7.299120
7.252990
7.207330
7.162090
7.117340
7.073070
7.029220
6.985780
6.942840
6.900250
6.858140
6.816510
6.775250
6.734400
6.693980
6.653980
6.614400
6.575180
6.536440
6.498000
6.459980
6.422390
6.385150
6.348280
6.311830
6.275740
6.239940
6.204570
6.169560
6.134860
6.100570
6.066580
6.032960
5.999640
5.966680
5.934040
5.901730
5.869740
5.838070
5.806710
5.775670
5.744920
5.714490
5.684340
5.654500
5.624940
5.595670
5.566680
5.537980
5.509550
5.481400
5.453510
5.425900
5.398540
5.371440
5.344600
5.318010
5.291680
5.265580
5.239730
5.214130
5.188750
5.163620
5.138710
5.114040
5.089580
5.065350
5.041350
5.017550
4.993980
4.970610
4.947450
4.924490
4.901740
4.879200
4.856840
4.834690
4.812730
4.790960
4.769380
4.747980
4.726770
4.705730
4.684880
4.664210
4.643700
4.623380
4.603220
4.583230
4.563400
4.543750
4.524250
4.504910
4.485730
4.466710
4.447840
4.429120
4.410560
4.392140
4.373870
4.355740
4.337760
4.319920
4.302220
4.284660
4.267230
4.249940
4.232780
4.215760
4.198860
4.182100
4.165460
4.148940
4.132560
4.116290
4.100150
4.084120
4.068210
4.052430
4.036750
4.021190
4.005750
3.990410
3.975190
3.960080
3.945070
3.930180
3.915390
3.900700
3.886110
3.871630
3.857250
3.842970
3.828790
3.814710
3.800720
3.786830
3.773030
3.759340
3.745720
3.732210
3.718780
3.705440
3.692190
3.679040
3.665960
3.652970
3.640070
3.627250
3.614520
3.601870
3.589300
3.576810
3.564400
3.552070
3.539820
3.527640
3.515550
3.503520
3.491580
3.479710
3.467910
3.456180
3.444530
3.432950
3.421440
3.410000
3.398630
3.387320
3.376090
3.364930
3.353820
3.342790
3.331830
3.320920
3.310090
3.299310
3.288600
3.277950
3.267360
3.256830
3.246370
3.235960
3.225620
3.215330
3.205100
3.194930
3.184820
3.174760
3.164760
3.154820
3.144930
3.135090
3.125320
3.115590
3.105920
3.096300
3.086730
3.077220
3.067760
3.058340
3.048990
3.039670
3.030410
3.021200
3.012030
3.002920
2.993850
2.984830
2.975860
2.966940
2.958060
2.949230
2.940440
2.931700
2.923000
2.914350
2.905740
2.897180
2.888650
2.880160
2.871730
2.863330
2.854980
2.846670
2.838400
2.830180
2.821990
2.813850
2.805740
2.797670
2.789650
2.781660
2.773710
2.765800
2.757930
2.750090
2.742300
2.734540
2.726810
2.719130
2.711480
2.703860
2.696280
2.688750
2.681240
2.673770
2.666330
2.658930
2.651560
2.644220
2.636930
2.629660
2.622420
2.615220
2.608050
2.600920
2.593810
2.586750
2.579700
2.572690
2.565720
2.558770
2.551860
2.544980
2.538120
2.531300
2.524510
2.517740
2.511010
2.504310
2.497630
2.490980
2.484370
2.477770
2.471220
2.464680
2.458180
2.451700
2.445250
2.438830
2.432440
2.426060
2.419720
2.413410
2.407120
2.400860
2.394630
2.388420
2.382240
2.376080
2.369950
2.363840
2.357760
2.351700
2.345660
2.339660
2.333680
2.327710
2.321780
2.315870
2.309980
2.304120
2.298280
2.292470
2.286670
2.280900
2.275150
2.269430
2.263720
2.258050
2.252390
2.246750
2.241140
2.235550
2.229980
2.224430
2.218910
2.213410
2.207920
2.202460
2.197010
2.191590
2.186200
2.180820
2.175460
2.170120
2.164800
2.159500
2.154230
2.148970
2.143730
2.138520
2.133310
2.128130
2.122980
2.117840
2.112710
2.107610
2.102530
2.097460
2.092410
2.087390
2.082370
2.077380
2.072410
2.067460
2.062520
2.057600
2.052700
2.047820
2.042950
2.038100
2.033270
2.028450
2.023660
2.018880
2.014120
2.009370
2.004650
1.999940
1.995240
1.990560
1.985900
1.981250
1.976620
1.972010
1.967410
1.962830
1.958270
1.953710
1.949180
1.944660
1.940160
1.935670
1.931200
1.926750
1.922310
1.917880
1.913470
1.909070
1.904700
1.900330
1.895980
1.891640
1.887320
1.883020
1.878720
1.874440
1.870180
1.865930
1.861700
1.857480
1.853270
1.849080
1.844900
1.840730
1.836580
1.832440
1.828320
1.824210
1.820110
1.816030
1.811960
1.807900
1.803850
1.799820
1.795810
1.791810
1.787810
1.783840
1.779870
1.775910
1.771970
1.768050
1.764140
1.760230
1.756340
1.752470
1.748600
1.744750
1.740900
1.737080
1.733270
1.729460
1.725670
1.721880
1.718120
1.714360
1.710620
1.706880
1.703160
1.699450
1.695750
1.692070
1.688400
1.684730
1.681080
1.677440
1.673810
1.670190
1.666580
1.662990
1.659400
1.655820
1.652260
1.648710
1.645170
1.641640
1.638120
1.634610
1.631110
1.627620
1.624150
1.620680
1.617220
1.613780
1.610340
1.606920
1.603500
1.600100
1.596710
1.593320
1.589940
1.586580
1.583230
1.579880
1.576550
1.573220
1.569910
1.566610
1.563310
1.560020
1.556750
1.553490
1.550230
1.546980
1.543740
1.540520
1.537300
1.534090
1.530890
1.527700
1.524520
1.521350
1.518180
1.515030
1.511890
1.508750
1.505630
1.502510
1.499400
1.496300
1.493210
1.490130
1.487060
1.484000
1.480940
1.477890
1.474860
1.471830
1.468810
1.465800
1.462790
1.459800
1.456810
1.453840
1.450870
1.447910
1.444950
1.442010
1.439080
1.436150
1.433230
1.430320
1.427410
1.424520
1.421630
1.418750
1.415880
1.413020
1.410170
1.407310
1.404480
1.401650
1.398830
1.396010
1.393200
1.390400
1.387610
1.384820
1.382050
1.379280
1.376520
1.373760
1.371020
1.368280
1.365540
1.362820
1.360110
1.357390
1.354690
1.352000
1.349310
1.346630
1.343960
1.341300
1.338640
1.335990
1.333340
1.330700
1.328070
1.325450
1.322840
1.320230
1.317630
1.315030
1.312450
1.309870
1.307290
1.304720
1.302170
1.299610
1.297070
1.294530
1.292000
1.289470
1.286950
1.284430
1.281930
1.279430
1.276940
1.274450
1.271970
1.269500
1.267030
1.264570
1.262120
1.259680
1.257230
1.254800
1.252370
1.249950
1.247530
1.245120
1.242720
1.240320
1.237940
1.235550
1.233170
1.230800
1.228440
1.226080
1.223720
1.221380
1.219040
1.216700
1.214370
1.212050
1.209730
1.207420
1.205120
1.202820
1.200530
1.198230
1.195960
1.193680
1.191410
1.189150
1.186890
1.184630
1.182390
1.180150
1.177920
1.175680
1.173460
1.171240
1.169030
1.166820
1.164620
1.162430
1.160240
1.158050
1.155880
1.153700
1.151530
1.149370
1.147210
1.145060
1.142920
1.140780
1.138640
1.136510
1.134380
1.132270
1.130150
1.128040
1.125940
1.123840
1.121750
1.119660
1.117580
1.115500
1.113430
1.111360
1.109300
1.107240
1.105190
1.103150
1.101110
1.099070
1.097030
1.095010
1.092990
1.090970
1.088960
1.086950
1.084950
1.082960
1.080970
1.078980
1.077000
1.075020
1.073050
1.071080
1.069120
1.067160
1.065210
1.063260
1.061310
1.059380
1.057450
1.055520
1.053590
1.051670
1.049760
1.047850
1.045950
1.044040
1.042140
1.040260
1.038370
1.036480
1.034610
1.032740
1.030870
1.029000
1.027140
1.025280
1.023440
1.021590
1.019750
1.017910
1.016080
1.014250
1.012420
1.010610
1.008790
1.006980
1.005170
1.003370
1.001570
0.999778
0.997992
0.996205
0.994425
0.992644
0.990876
0.989107
0.987345
0.985582
0.983826
0.982075
0.980331
0.978586
0.976848
0.975115
0.973383
0.971657
0.969936
0.968216
0.966502
0.964793
0.963085
0.961389
0.959686
0.957996
0.956306
0.954621
0.952937
0.951259
0.949587
0.947914
0.946248
0.944588
0.942928
0.941273
0.939625
0.937977
0.936335
0.934699
0.933063
0.931432
0.929802
0.928178
0.926560
0.924948
0.923336
0.921724
0.920124
0.918518
0.916924
0.915329
0.913741
0.912153
0.910571
0.908995
0.907419
0.905849
0.904279
0.902715
0.901157
0.899599
0.898048
0.896502
0.894956
0.893410
0.891876
0.890336
0.888808
0.887280
0.885758
0.884236
0.882721
0.881205
0.879695
0.878185
0.876681
0.875183
0.873686
0.872194
0.870708
0.869228
0.867761
0.866377
0.866401
0.869228
0.875586
0.887015
0.906758
0.941815
1.004000
1.106370
1.257650
1.459160
1.705800
1.989190
2.300560
2.632100
2.977280
3.330700
3.688090
4.046180
4.402590
4.755600
5.104030
5.446950
5.783810
6.114160
6.437670
6.754190
7.063620
7.365770
7.660770
7.948540
8.229150
8.502610
8.769030
9.028470
9.280990
9.526720
9.765650
9.997960
10.223800
10.443000
10.655900
10.862500
11.062800
11.257000
11.445100
11.627200
11.803300
11.973600
12.138200
12.297000
12.450100
12.597700
12.739800
12.876400
13.007700
13.133700
13.254500
13.370000
13.480500
13.585900
13.686400
13.782000
13.872800
13.958900
14.040300
14.117200
14.189600
14.257400
14.320900
14.380200
14.435200
14.486100
14.532900
14.575700
14.614500
14.649600
14.680800
14.708400
14.732400
14.752800
14.769800
14.783300
14.793600
14.800600
14.804500
14.805300
14.803100
14.797900
14.789900
14.779100
14.765700
14.749500
14.730800
14.709700
14.686100
14.660100
14.631900
14.601500
14.568900
14.534300
14.497700
14.459100
14.418600
14.376400
14.332400
14.286700
14.239400
14.190500
14.140200
14.088400
14.035200
13.980700
13.924900
13.867900
13.809600
13.750300
13.690000
13.628600
13.566300
13.503000
13.438800
13.373800
13.308100
13.241600
13.174400
13.106600
13.038100
12.969100
12.899500
12.829400
12.758800
12.687800
12.616500
12.544800
12.472700
12.400400
12.327800
12.255000
12.181900
12.108700
12.035400
11.961900
11.888300
11.814700
11.741000
11.667300
11.593600
11.520000
11.446400
11.372900
11.299500
11.226200
11.153000
11.080000
11.007200
10.934500
10.862000
10.789800
10.717800
10.646100
10.574600
10.503400
10.432600
10.362000
10.291800
10.221900
10.152300
10.083100
10.014200
9.945810
9.877720
9.810040
9.742790
9.675960
9.609550
9.543560
9.478000
9.412910
9.348250
9.284060
9.220300
9.157080
9.094280
9.031960
8.970120
8.908770
8.847890
8.787500
8.727640
8.668270
8.609380
8.550970
8.493050
8.435660
8.378760
8.322390
8.266510
8.211110
8.156250
8.101870
8.047970
7.994560
7.941680
7.889290
7.837440
7.786000
7.735110
7.684710
7.634780
7.585330
7.536370
7.487880
7.439880
7.392360
7.345320
7.298700
7.252560
7.206910
7.161730
7.116980
7.072650
7.028850
6.985420
6.942470
6.899950
6.857840
6.816150
6.774890
6.734040
6.693680
6.653680
6.614100
6.574880
6.536080
6.497700
6.459680
6.422090
6.384850
6.347980
6.311530
6.275430
6.239640
6.204270
6.169260
6.134620
6.100270
6.066280
6.032660
5.999380
5.966410
5.933780
5.901470
5.869490
5.837820
5.806460
5.775420
5.744680
5.714240
5.684100
5.654260
5.624700
5.595440
5.566460
5.537750
5.509330
5.481180
5.453290
5.425670
5.398320
5.371230
5.344390
5.317800
5.291460
5.265380
5.239530
5.213930
5.188550
5.163420
5.138520
5.113840
5.089390
5.065170
5.041160
5.017370
4.993790
4.970430
4.947270
4.924320
4.901570
4.879020
4.856670
4.834520
4.812560
4.790790
4.769210
4.747810
4.726600
4.705570
4.684720
4.664050
4.643550
4.623220
4.603060
4.583080
4.563250
4.543600
4.524100
4.504760
4.485580
4.466560
4.447690
4.428980
4.410410
4.392000
4.373730
4.355610
4.337630
4.319780
4.302090
4.284520
4.267100
4.249810
4.232650
4.215630
4.198730
4.181970
4.165330
4.148820
4.132430
4.116170
4.100020
4.084000
4.068090
4.052310
4.036630
4.021070
4.005630
3.990290
3.975080
3.959960
3.944960
3.930060
3.915270
3.900590
3.886000
3.871520
3.857140
3.842860
3.828680
3.814600
3.800610
3.786720
3.772930
3.759230
3.745620
3.732100
3.718680
3.705340
3.692100
3.678930
3.665860
3.652880
3.639970
3.627150
3.614430
3.601770
3.589200
3.576720
3.564310
3.551980
3.539720
3.527550
3.515460
3.503430
3.491480
3.479620
3.467820
3.456100
3.444450
3.432860
3.421350
3.409910
3.398540
3.387240
3.376010
3.364840
3.353750
3.342710
3.331740
3.320840
3.310000
3.299230
3.288520
3.277870
3.267280
3.256750
3.246290
3.235890
3.225540
3.215250
3.205020
3.194860
3.184750
3.174690
3.164690
3.154750
3.144860
3.135020
3.125240
3.115520
3.105850
3.096230
3.086670
3.077150
3.067690
3.058270
3.048910
3.039600
3.030340
3.021130
3.011970
3.002850
2.993790
2.984770
2.975800
2.966870
2.957990
2.949160
2.940370
2.931630
2.922930
2.914280
2.905680
2.897110
2.888590
2.880120
2.871680
2.863270
2.854920
2.846610
2.838340
2.830120
2.821930
2.813790
2.805680
2.797610
2.789590
2.781600
2.773650
2.765740
2.757870
2.750040
2.742240
2.734480
2.726760
2.719070
2.711420
2.703810
2.696230
2.688690
2.681180
2.673710
2.666270
2.658870
2.651510
2.644170
2.636870
2.629600
2.622370
2.615170
2.608000
2.600860
2.593770
2.586690
2.579650
2.572650
2.565670
2.558720
2.551810
2.544930
2.538070
2.531250
2.524460
2.517690
2.510960
2.504250
2.497580
2.490930
2.484320
2.477720
2.471170
2.464630
2.458130
2.451650
2.445210
2.438780
2.432390
2.426020
2.419680
2.413370
2.407080
2.400820
2.394580
2.388370
2.382190
2.376040
2.369900
2.363790
2.357710
2.351660
2.345620
2.339610
2.333630
2.327670
2.321740
2.315830
2.309940
2.304070
2.298240
2.292420
2.286630
2.280860
2.275110
2.269380
2.263680
2.258000
2.252350
2.246710
2.241100
2.235510
2.229940
2.224400
2.218870
2.213360
2.207880
2.202420
2.196980
2.191560
2.186160
2.180780
2.175420
2.170080
2.164770
2.159470
2.154190
2.148930
2.143690
2.138470
2.133280
2.128100
2.122940
2.117800
2.112670
2.107570
2.102490
2.097430
2.092380
2.087350
2.082340
2.077350
2.072380
2.067420
2.062480
2.057570
2.052670
2.047780
2.042910
2.038070
2.033240
2.028420
2.023620
2.018850
2.014080
2.009340
2.004610
1.999900
1.995200
1.990530
1.985870
1.981220
1.976590
1.971980
1.967380
1.962800
1.958230
1.953680
1.949150
1.944630
1.940130
1.935640
1.931170
1.926720
1.922270
1.917850
1.913440
1.909040
1.904670
1.900300
1.895950
1.891610
1.887290
1.882990
1.878690
1.874410
1.870150
1.865900
1.861670
1.857450
1.853240
1.849050
1.844870
1.840700
1.836550
1.832420
1.828290
1.824180
1.820080
1.816000
1.811930
1.807870
1.803820
1.799790
1.795780
1.791780
1.787780
1.783810
1.779840
1.775890
1.771950
1.768020
1.764110
1.760200
1.756320
1.752440
1.748570
1.744720
1.740880
1.737050
1.733240
1.729430
1.725640
1.721860
1.718090
1.714340
1.710590
1.706860
1.703130
1.699430
1.695730
1.692040
1.688370
1.684700
1.681050
1.677410
1.673780
1.670160
1.666560
1.662960
1.659370
1.655800
1.652240
1.648680
1.645150
1.641620
1.638100
1.634580
1.631090
1.627600
1.624120
1.620650
1.617200
1.613750
1.610320
1.606890
1.603480
1.600070
1.596680
1.593300
1.589920
1.586560
1.583200
1.579860
1.576520
1.573200
1.569880
1.566580
1.563290
1.560000
1.556730
1.553460
1.550200
1.546960
1.543720
1.540490
1.537270
1.534070
1.530870
1.527670
1.524500
1.521320
1.518160
1.515010
1.511870
1.508730
1.505600
1.502490
1.499380
1.496280
1.493190
1.490110
1.487040
1.483970
1.480920
1.477870
1.474840
1.471800
1.468780
1.465780
1.462780
1.459780
1.456790
1.453810
1.450850
1.447890
1.444930
1.441990
1.439050
1.436130
1.433200
1.430290
1.427390
1.424490
1.421610
1.418730
1.415860
1.413000
1.410140
1.407300
1.404460
1.401620
1.398800
1.395990
1.393180
1.390380
1.387590
1.384810
1.382030
1.379260
1.376500
1.373740
1.370990
1.368260
1.365530
1.362800
1.360090
1.357380
1.354670
1.351980
1.349290
1.346610
1.343940
1.341280
1.338620
1.335970
1.333330
1.330690
1.328060
1.325430
1.322820
1.320210
1.317610
1.315020
1.312430
1.309850
1.307270
1.304710
1.302150
1.299590
1.297050
1.294510
1.291980
1.289450
1.286930
1.284420
1.281910
1.279410
1.276920
1.274440
1.271950
1.269480
1.267010
1.264550
1.262100
1.259660
1.257210
1.254780
1.252350
1.249930
1.247520
1.245110
1.242710
1.240310
1.237920
1.235540
1.233150
1.230780
1.228420
1.226060
1.223710
1.221360
1.219020
1.216680
1.214360
1.212030
1.209720
1.207410
1.205100
1.202800
1.200510
1.198220
1.195940
1.193660
1.191400
1.189130
1.186870
1.184620
1.182370
1.180130
1.177900
1.175670
1.173450
1.171230
1.169010
1.166810
1.164610
1.162410
1.160220
1.158030
1.155860
1.153690
1.151520
1.149350
1.147200
1.145050
1.142900
1.140760
1.138620
1.136490
1.134370
1.132250
1.130140
1.128020
1.125920
1.123830
1.121730
1.119640
1.117560
1.115480
1.113410
1.111340
1.109290
1.107230
1.105180
1.103130
1.101090
1.099050
1.097020
1.094990
1.092970
1.090960
1.088950
1.086940
1.084940
1.082940
1.080950
1.078960
1.076980
1.075010
1.073030
1.071070
1.069100
1.067150
1.065190
1.063250
1.061300
1.059370
1.057430
1.055500
1.053580
1.051660
1.049750
1.047830
1.045930
1.044030
1.042130
1.040240
1.038350
1.036470
1.034590
1.032720
1.030850
1.028990
1.027130
1.025270
1.023420
1.021580
1.019740
1.017900
1.016060
1.014230
1.012410
1.010590
1.008780
1.006970
1.005160
1.003360
1.001560
0.999766
0.997974
0.996193
0.994413
0.992632
0.990864
0.989095
0.987333
0.985570
0.983814
0.982063
0.980319
0.978574
0.976836
0.975103
0.973371
0.971645
0.969924
0.968204
0.966490
0.964781
0.963073
0.961377
0.959674
0.957984
0.956294
0.954609
0.952925
0.951247
0.949575
0.947902
0.946236
0.944576
0.942916
0.941261
0.939613
0.937965
0.936323
0.934687
0.933051
0.931420
0.929790
0.928172
0.926548
0.924936
0.923324
0.921712
0.920112
0.918512
0.916911
0.915317
0.913729
0.912141
0.910559
0.908983
0.907407
0.905837
0.904273
0.902709
0.901145
0.899593
0.898035
0.896490
0.894944
0.893404
0.891864
0.890330
0.888796
0.887268
0.885746
0.884224
0.882709
0.881193
0.879683
0.878179
0.876675
0.875171
0.873680
0.872188
0.870696
0.869216
0.867754
0.866365
0.866389
0.869216
0.875574
0.887003
0.906746
0.941797
1.003990
1.106350
1.257630
1.459150
1.705790
1.989180
2.300540
2.632090
2.977260
3.330690
3.688090
4.046160
4.402580
4.755590
5.104030
5.446970
5.783830
6.114160
6.437730
6.754250
7.063680
7.365890
7.660890
7.948660
8.229270
8.502730
8.769150
9.028590
9.281120
9.526840
9.765830
9.998140
10.224000
10.443200
10.656100
10.862700
11.063000
11.257200
11.445300
11.627500
11.803600
11.973900
12.138500
12.297300
12.450400
12.598000
12.740100
12.876800
13.008100
13.134100
13.254800
13.370500
13.480900
13.586300
13.686800
13.782400
13.873300
13.959400
14.040900
14.117700
14.190000
14.258000
14.321500
14.380700
14.435800
14.486600
14.533400
14.576200
14.615100
14.650200
14.681400
14.709000
14.733000
14.753400
14.770400
14.783900
14.794200
14.801300
14.805100
14.805900
14.803700
14.798600
14.790600
14.779800
14.766300
14.750200
14.731500
14.710300
14.686700
14.660800
14.632600
14.602200
14.569600
14.535000
14.498300
14.459800
14.419400
14.377100
14.333100
14.287400
14.240100
14.191200
14.140900
14.089100
14.035900
13.981400
13.925600
13.868600
13.810400
13.751000
13.690700
13.629300
13.567000
13.503700
13.439500
13.374500
13.308800
13.242300
13.175100
13.107200
13.038800
12.969700
12.900200
12.830100
12.759500
12.688600
12.617200
12.545500
12.473500
12.401100
12.328500
12.255600
12.182600
12.109400
12.036000
11.962600
11.889000
11.815400
11.741700
11.668000
11.594300
11.520700
11.447100
11.373500
11.300100
11.226800
11.153600
11.080600
11.007800
10.935100
10.862700
10.790400
10.718400
10.646700
10.575200
10.504000
10.433200
10.362600
10.292400
10.222400
10.152900
10.083600
10.014800
9.946350
9.878260
9.810580
9.743330
9.676500
9.610090
9.544110
9.478540
9.413450
9.348790
9.284540
9.220840
9.157560
9.094760
9.032440
8.970600
8.909250
8.848370
8.787980
8.728130
8.668690
8.609800
8.551400
8.493530
8.436140
8.379240
8.322810
8.266930
8.211530
8.156670
8.102290
8.048390
7.994980
7.942100
7.889710
7.837800
7.786430
7.735540
7.685070
7.635140
7.585690
7.536730
7.488250
7.440240
7.392720
7.345680
7.299060
7.252930
7.207270
7.162090
7.117340
7.073010
7.029160
6.985720
6.942780
6.900250
6.858140
6.816450
6.775190
6.734400
6.693980
6.653980
6.614400
6.575180
6.536380
6.498000
6.459980
6.422390
6.385150
6.348280
6.311830
6.275680
6.239940
6.204570
6.169500
6.134860
6.100510
6.066580
6.032900
5.999630
5.966660
5.934030
5.901710
5.869720
5.838050
5.806700
5.775650
5.744910
5.714470
5.684330
5.654480
5.624920
5.595650
5.566670
5.537970
5.509540
5.481380
5.453500
5.425880
5.398530
5.371430
5.344590
5.318000
5.291660
5.265570
5.239720
5.214110
5.188750
5.163610
5.138710
5.114030
5.089580
5.065350
5.041340
5.017540
4.993960
4.970600
4.947440
4.924490
4.901740
4.879190
4.856840
4.834680
4.812720
4.790950
4.769370
4.747970
4.726760
4.705730
4.684880
4.664200
4.643700
4.623370
4.603210
4.583230
4.563400
4.543740
4.524250
4.504910
4.485720
4.466700
4.447830
4.429120
4.410550
4.392140
4.373860
4.355740
4.337760
4.319920
4.302210
4.284650
4.267230
4.249930
4.232780
4.215750
4.198860
4.182090
4.165450
4.148940
4.132550
4.116290
4.100140
4.084120
4.068210
4.052420
4.036740
4.021190
4.005740
3.990410
3.975190
3.960070
3.945070
3.930170
3.915380
3.900690
3.886110
3.871630
3.857250
3.842970
3.828790
3.814700
3.800720
3.786830
3.773030
3.759330
3.745720
3.732200
3.718770
3.705440
3.692190
3.679030
3.665960
3.652970
3.640070
3.627250
3.614520
3.601870
3.589290
3.576810
3.564400
3.552070
3.539810
3.527640
3.515540
3.503520
3.491580
3.479700
3.467900
3.456180
3.444530
3.432940
3.421440
3.410000
3.398630
3.387320
3.376090
3.364920
3.353820
3.342790
3.331820
3.320920
3.310080
3.299310
3.288590
3.277950
3.267360
3.256830
3.246370
3.235960
3.225610
3.215330
3.205100
3.194930
3.184820
3.174760
3.164760
3.154820
3.144930
3.135090
3.125310
3.115590
3.105920
3.096300
3.086730
3.077220
3.067750
3.058340
3.048980
3.039670
3.030410
3.021190
3.012030
3.002920
2.993850
2.984830
2.975860
2.966940
2.958060
2.949230
2.940440
2.931700
2.923000
2.914340
2.905740
2.897180
2.888650
2.880180
2.871740
2.863350
2.855000
2.846690
2.838400
2.830170
2.821990
2.813840
2.805740
2.797670
2.789650
2.781660
2.773710
2.765800
2.757930
2.750090
2.742300
2.734540
2.726810
2.719130
2.711480
2.703860
2.696280
2.688750
2.681240
2.673770
2.666330
2.658930
2.651560
2.644220
2.636930
2.629660
2.622420
2.615220
2.608050
2.600920
2.593810
2.586750
2.579700
2.572690
2.565720
2.558770
2.551860
2.544980
2.538120
2.531300
2.524510
2.517740
2.511010
2.504310
2.497630
2.490980
2.484370
2.477770
2.471220
2.464680
2.458170
2.451700
2.445250
2.438830
2.432440
2.426060
2.419720
2.413410
2.407120
2.400860
2.394630
2.388420
2.382240
2.376080
2.369950
2.363840
2.357760
2.351700
2.345660
2.339660
2.333680
2.327710
2.321780
2.315870
2.309980
2.304120
2.298280
2.292470
2.286670
2.280900
2.275150
2.269430
2.263720
2.258050
2.252390
2.246750
2.241140
2.235550
2.229980
2.224430
2.218910
2.213400
2.207920
2.202460
2.197010
2.191590
2.186200
2.180820
2.175460
2.170120
2.164800
2.159500
2.154230
2.148970
2.143730
2.138520
2.133310
2.128130
2.122970
2.117840
2.112710
2.107610
2.102530
2.097460
2.092410
2.087390
2.082370
2.077380
2.072410
2.067460
2.062520
2.057600
2.052700
2.047820
2.042950
2.038100
2.033270
2.028450
2.023660
2.018880
2.014120
2.009370
2.004650
1.999940
1.995240
1.990560
1.985900
1.981250
1.976620
1.972010
1.967410
1.962830
1.958270
1.953710
1.949180
1.944660
1.940160
1.935670
1.931200
1.926750
1.922310
1.917880
1.913470
1.909070
1.904700
1.900330
1.895980
1.891640
1.887320
1.883020
1.878720
1.874440
1.870180
1.865930
1.861700
1.857480
1.853270
1.849080
1.844900
1.840730
1.836580
1.832440
1.828320
1.824210
1.820110
1.816030
1.811960
1.807900
1.803850
1.799820
1.795810
1.791810
1.787810
1.783840
1.779870
1.775910
1.771970
1.768050
1.764140
1.760230
1.756340
1.752470
1.748600
1.744750
1.740900
1.737080
1.733270
1.729460
1.725670
1.721880
1.718120
1.714360
1.710620
1.706880
1.703160
1.699450
1.695750
1.692070
1.688400
1.684730
1.681080
1.677440
1.673810
1.670190
1.666580
1.662990
1.659400
1.655820
1.652260
1.648710
1.645170
1.641640
1.638120
1.634610
1.631110
1.627620
1.624150
1.620680
1.617220
1.613780
1.610340
1.606920
1.603500
1.600100
1.596710
1.593320
1.589940
1.586580
1.583230
1.579880
1.576550
1.573220
1.569910
1.566610
1.563310
1.560020
1.556750
1.553490
1.550230
1.546980
1.543740
1.540520
1.537300
1.534090
1.530890
1.527700
1.524520
1.521350
1.518180
1.515030
1.511890
1.508750
1.505630
1.502510
1.499400
1.496300
1.493210
1.490130
1.487060
1.484000
1.480940
1.477900
1.474860
1.471830
1.468810
1.465800
1.462790
1.459800
1.456810
1.453840
1.450870
1.447910
1.444950
1.442010
1.439080
1.436150
1.433230
1.430320
1.427410
1.424520
1.421630
1.418750
1.415880
1.413020
1.410170
1.407310
1.404480
1.401650
1.398830
1.396010
1.393200
1.390400
1.387610
1.384820
1.382050
1.379280
1.376520
1.373760
1.371020
1.368280
1.365540
1.362820
1.360110
1.357390
1.354690
1.352000
1.349310
1.346630
1.343960
1.341300
1.338640
1.335990
1.333340
1.330700
1.328070
1.325450
1.322840
1.320230
1.317630
1.315030
1.312450
1.309870
1.307290
1.304720
1.302170
1.299610
1.297070
1.294530
1.292000
1.289470
1.286950
1.284430
1.281930
1.279430
1.276940
1.274450
1.271970
1.269500
1.267030
1.264570
1.262120
1.259680
1.257230
1.254800
1.252370
1.249950
1.247530
1.245120
1.242720
1.240320
1.237940
1.235550
1.233170
1.230800
1.228440
1.226080
1.223720
1.221380
1.219040
1.216700
1.214370
1.212050
1.209730
1.207420
1.205120
1.202820
1.200530
1.198230
1.195960
1.193680
1.191410
1.189150
1.186890
1.184630
1.182390
1.180150
1.177920
1.175680
1.173460
1.171240
1.169030
1.166820
1.164620
1.162430
1.160240
1.158050
1.155880
1.153700
1.151530
1.149370
1.147210
1.145060
1.142910
1.140780
1.138640
1.136510
1.134380
1.132270
1.130150
1.128040
1.125940
1.123840
1.121750
1.119660
1.117580
1.115500
1.113430
1.111360
1.109300
1.107240
1.105190
1.103150
1.101110
1.099070
1.097030
1.095010
1.092990
1.090970
1.088960
1.086950
1.084950
1.082960
1.080970
1.078980
1.077000
1.075020
1.073050
1.071080
1.069120
1.067160
1.065210
1.063260
1.061310
1.059380
1.057450
1.055520
1.053590
1.051670
1.049760
1.047850
1.045950
1.044040
1.042140
1.040260
1.038370
1.036480
1.034610
1.032740
1.030870
1.029000
1.027140
1.025280
1.023440
1.021590
1.019750
1.017910
1.016080
1.014250
1.012420
1.010610
1.008790
1.006980
1.005170
1.003370
1.001570
0.999778
0.997992
0.996205
0.994425
0.992644
0.990876
0.989107
0.987345
0.985582
0.983826
0.982075
0.980331
0.978586
0.976848
0.975115
0.973383
0.971657
0.969936
0.968216
0.966502
0.964793
0.963085
0.961389
0.959686
0.957996
0.956306
0.954621
0.952937
0.951259
0.949587
0.947914
0.946248
0.944588
0.942928
0.941273
0.939625
0.937977
0.936335
0.934699
0.933063
0.931432
0.929802
0.928178
0.926560
0.924948
0.923336
0.921724
0.920124
0.918518
0.916924
0.915329
0.913741
0.912153
0.910571
0.908995
0.907419
0.905849
0.904279
0.902715
0.901157
0.899599
0.898048
0.896502
0.894956
0.893410
0.891876
0.890336
0.888808
0.887280
0.885758
0.884236
0.882721
0.881205
0.879695
0.878185
0.876681
0.875183
