0.098787
0.098867
0.099231
0.100105
0.101992
0.107074
0.362435
0.341274
0.336472
0.359611
0.400126
0.472079
0.574003
0.678440
0.773009
0.855202
0.926065
0.987142
1.039640
1.084410
1.122180
1.153680
1.179710
1.201120
1.218760
1.233340
1.245420
1.255320
1.263130
1.268770
1.272090
1.273080
1.271960
1.269170
1.265210
1.260500
1.255350
1.249950
1.244400
1.238740
1.233010
1.227200
1.221330
1.215390
1.209400
1.203350
1.197250
1.191110
1.184920
1.178690
1.172430
1.166140
1.159830
1.153480
1.147120
1.140740
1.134350
1.127950
1.121540
1.115130
1.108720
1.102310
1.095900
1.089500
1.083100
1.076720
1.070350
1.063990
1.057640
1.051320
1.045010
1.038710
1.032440
1.026190
1.019960
1.013750
1.007570
1.001410
0.995278
0.989170
0.983087
0.977032
0.971003
0.965002
0.959029
0.953085
0.947169
0.941283
0.935425
0.929598
0.923800
0.918032
0.912295
0.906587
0.900911
0.895265
0.889650
0.884066
0.878512
0.872990
0.867499
0.862039
0.856610
0.851213
0.845846
0.840511
0.835207
0.829934
0.824693
0.819482
0.814303
0.809155
0.804038
0.798952
0.793898
0.788874
0.783881
0.778919
0.773988
0.769088
0.764219
0.759380
0.754572
0.749795
0.745048
0.740331
0.735645
0.730989
0.726363
0.721768
0.717202
0.712667
0.708161
0.703685
0.699239
0.694823
0.690436
0.686079
0.681751
0.677452
0.673183
0.668942
0.664731
0.660549
0.656395
0.652270
0.648174
0.644106
0.640067
0.636056
0.632073
0.628119
0.624192
0.620293
0.616422
0.612579
0.608763
0.604975
0.601214
0.597480
0.593774
0.590094
0.586441
0.582815
0.579216
0.575643
0.572097
0.568577
0.565083
0.561614
0.558172
0.554755
0.551365
0.547999
0.544659
0.541344
0.538055
0.534790
0.531550
0.528335
0.525144
0.521978
0.518836
0.515718
0.512624
0.509554
0.506508
0.503485
0.500486
0.497510
0.494558
0.491628
0.488721
0.485837
0.482976
0.480137
0.477320
0.474526
0.471753
0.469003
0.466274
0.463567
0.460881
0.458217
0.455573
0.452951
0.450350
0.447769
0.445209
0.442669
0.440150
0.437650
0.435171
0.432711
0.430272
0.427852
0.425451
0.423069
0.420707
0.418363
0.416039
0.413733
0.411445
0.409176
0.406926
0.404693
0.402478
0.400282
0.398103
0.395941
0.393797
0.391670
0.389560
0.387467
0.385391
0.383332
0.381289
0.379263
0.377253
0.375260
0.373282
0.371320
0.369374
0.367444
0.365529
0.363629
0.361745
0.359876
0.358021
0.356182
0.354357
0.352547
0.350752
0.348971
0.347204
0.345451
0.343712
0.341987
0.340275
0.338578
0.336893
0.335222
0.333565
0.331920
0.330289
0.328671
0.327065
0.325472
0.323891
0.322323
0.320768
0.319224
0.317693
0.316174
0.314667
0.313171
0.311687
0.310215
0.308755
0.307305
0.305868
0.304441
0.303025
0.301621
0.300227
0.298844
0.297472
0.296111
0.294760
0.293419
0.292089
0.290769
0.289460
0.288160
0.286871
0.285591
0.284321
0.283061
0.281810
0.280570
0.279338
0.278116
0.276904
0.275700
0.274506
0.273321
0.272145
0.270978
0.269820
0.268670
0.267530
0.266397
0.265274
0.264159
0.263052
0.261954
0.260864
0.259782
0.258709
0.257643
0.256586
0.255536
0.254495
0.253461
0.252435
0.251416
0.250406
0.249402
0.248407
0.247418
0.246438
0.245464
0.244498
0.243539
0.242587
0.241642
0.240704
0.239773
0.238849
0.237932
0.237021
0.236118
0.235221
0.234330
0.233446
0.232569
0.231698
0.230834
0.229976
0.229124
0.228279
0.227440
0.226606
0.225779
0.224958
0.224144
0.223335
0.222532
0.221734
0.220943
0.220157
0.219377
0.218603
0.217835
0.217072
0.216314
0.215562
0.214815
0.214074
0.213338
0.212608
0.211883
0.211163
0.210448
0.209738
0.209034
0.208334
0.207640
0.206950
0.206265
0.205586
0.204911
0.204241
0.203576
0.202915
0.202259
0.201608
0.200962
0.200320
0.199682
0.199049
0.198421
0.197797
0.197177
0.196562
0.195951
0.195345
0.194742
0.194144
0.193550
0.192960
0.192375
0.191793
0.191216
0.190642
0.190073
0.189507
0.188945
0.188388
0.187834
0.187284
0.186737
0.186195
0.185656
0.185121
0.184590
0.184062
0.183538
0.183018
0.182501
0.181987
0.181477
0.180971
0.180468
0.179968
0.179472
0.178979
0.178490
0.178004
0.177521
0.177041
0.176565
0.176092
0.175622
0.175155
0.174691
0.174231
0.173773
0.173319
0.172867
0.172419
0.171974
0.171531
0.171092
0.170655
0.170221
0.169790
0.169362
0.168937
0.168515
0.168095
0.167678
0.167264
0.166853
0.166444
0.166038
0.165635
0.165234
0.164836
0.164440
0.164047
0.163657
0.163269
0.162883
0.162500
0.162120
0.161742
0.161366
0.160993
0.160622
0.160254
0.159888
0.159524
0.159163
0.158804
0.158447
0.158093
0.157741
0.157391
0.157043
0.156697
0.156354
0.156013
0.155673
0.155337
0.155002
0.154669
0.154338
0.154010
0.153683
0.153359
0.153036
0.152716
0.152398
0.152081
0.151767
0.151454
0.151144
0.150835
0.150528
0.150223
0.149920
0.149619
0.149320
0.149023
0.148727
0.148433
0.148141
0.147851
0.147563
0.147276
0.146991
0.146708
0.146426
0.146147
0.145869
0.145592
0.145317
0.145044
0.144773
0.144503
0.144235
0.143969
0.143704
0.143440
0.143179
0.142918
0.142660
0.142403
0.142147
0.141893
0.141641
0.141390
0.141140
0.140892
0.140646
0.140400
0.140157
0.139915
0.139674
0.139434
0.139197
0.138960
0.138725
0.138491
0.138259
0.138027
0.137798
0.137569
0.137342
0.137117
0.136892
0.136669
0.136447
0.136227
0.136008
0.135790
0.135573
0.135358
0.135143
0.134930
0.134719
0.134508
0.134299
0.134091
0.133884
0.133678
0.133474
0.133270
0.133068
0.132867
0.132667
0.132468
0.132271
0.132074
0.131879
0.131684
0.131491
0.131299
0.131108
0.130918
0.130729
0.130541
0.130355
0.130169
0.129984
0.129801
0.129618
0.129437
0.129256
0.129077
0.128898
0.128721
0.128544
0.128368
0.128194
0.128020
0.127848
0.127676
0.127505
0.127336
0.127167
0.126999
0.126832
0.126666
0.126501
0.126336
0.126173
0.126011
0.125849
0.125689
0.125529
0.125370
0.125212
0.125055
0.124899
0.124743
0.124589
0.124435
0.124282
0.124130
0.123979
0.123828
0.123679
0.123530
0.123382
0.123235
0.123089
0.122943
0.122798
0.122654
0.122511
0.122368
0.122227
0.122086
0.121946
0.121806
0.121668
0.121530
0.121393
0.121256
0.121120
0.120985
0.120851
0.120718
0.120585
0.120453
0.120321
0.120191
0.120061
0.119931
0.119803
0.119675
0.119547
0.119421
0.119295
0.119170
0.119045
0.118921
0.118798
0.118675
0.118553
0.118432
0.118311
0.118191
0.118072
0.117953
0.117835
0.117717
0.117600
0.117484
0.117368
0.117253
0.117139
0.117025
0.116911
0.116799
0.116687
0.116575
0.116464
0.116354
0.116244
0.116135
0.116026
0.115918
0.115810
0.115703
0.115597
0.115491
0.115386
0.115281
0.115177
0.115073
0.114970
0.114867
0.114765
0.114663
0.114562
0.114462
0.114362
0.114262
0.114163
0.114065
0.113967
0.113869
0.113772
0.113676
0.113580
0.113485
0.113390
0.113295
0.113201
0.113107
0.113014
0.112922
0.112830
0.112738
0.112647
0.112556
0.112466
0.112376
0.112287
0.112198
0.112109
0.112021
0.111934
0.111847
0.111760
0.111674
0.111588
0.111503
0.111418
0.111333
0.111249
0.111166
0.111082
0.111000
0.110917
0.110835
0.110754
0.110673
0.110592
0.110512
0.110432
0.110352
0.110273
0.110194
0.110116
0.110038
0.109960
0.109883
0.109807
0.109730
0.109654
0.109579
0.109503
0.109428
0.109354
0.109280
0.109206
0.109133
0.109060
0.108987
0.108915
0.108843
0.108771
0.108700
0.108629
0.108559
0.108489
0.108419
0.108349
0.108280
0.108211
0.108143
0.108075
0.108007
0.107940
0.107873
0.107806
0.107739
0.107673
0.107608
0.107542
0.107477
0.107412
0.107348
0.107284
0.107220
0.107156
0.107093
0.107030
0.106967
0.106905
0.106843
0.106782
0.106720
0.106659
0.106598
0.106538
0.106478
0.106418
0.106358
0.106299
0.106240
0.106181
0.106123
0.106065
0.106007
0.105949
0.105892
0.105835
0.105778
0.105722
0.105666
0.105610
0.105554
0.105499
0.105444
0.105389
0.105334
0.105280
0.105226
0.105172
0.105119
0.105065
0.105012
0.104960
0.104907
0.104855
0.104803
0.104751
0.104700
0.104649
0.104598
0.104547
0.104497
0.104446
0.104396
0.104347
0.104297
0.104248
0.104199
0.104150
0.104102
0.104053
0.104005
0.103957
0.103910
0.103862
0.103815
0.103768
0.103722
0.103675
0.103629
0.103583
0.103537
0.103492
0.103446
0.103401
0.103356
0.103312
0.103267
0.103223
0.103179
0.103135
0.103091
0.103048
0.103005
0.102962
0.102919
0.102876
0.102834
0.102792
0.102750
0.102708
0.102666
0.102625
0.102584
0.102543
0.102502
0.102462
0.102421
0.102381
0.102341
0.102301
0.102262
0.102222
0.102183
0.102144
0.102105
0.102066
0.102028
0.101990
0.101951
0.101913
0.101876
0.101838
0.101801
0.101764
0.101727
0.101690
0.101653
0.101616
0.101580
0.101544
0.101508
0.101472
0.101437
0.101401
0.101366
0.101331
0.101296
0.101261
0.101226
0.101192
0.101157
0.101123
0.101089
0.101055
0.101022
0.100988
0.100955
0.100922
0.100889
0.100856
0.100823
0.100791
0.100758
0.100726
0.100694
0.100662
0.100630
0.100599
0.100567
0.100536
0.100505
0.100474
0.100443
0.100412
0.100381
0.100351
0.100321
0.100291
0.100261
0.100231
0.100201
0.100171
0.100142
0.100113
0.100084
0.100055
0.100026
0.099997
0.099968
0.099940
0.099912
0.099883
0.099855
0.099827
0.099799
0.099772
0.099744
0.099717
0.099690
0.099663
0.099636
0.099609
0.099582
0.099555
0.099529
0.099502
0.099476
0.099450
0.099424
0.099398
0.099372
0.099347
0.099321
0.099296
0.099270
0.099245
0.099220
0.099195
0.099171
0.099146
0.099121
0.099097
0.099073
0.099048
0.099024
0.099000
0.098977
0.098953
0.098929
0.098905
0.098882
0.098859
0.098836
0.098813
0.098790
0.098869
0.099234
0.100107
0.101996
0.107079
0.362476
0.341298
0.336497
0.359637
0.400151
0.472110
0.574033
0.678467
0.773030
0.855220
0.926080
0.987155
1.039650
1.084430
1.122200
1.153700
1.179730
1.201140
1.218780
1.233360
1.245440
1.255350
1.263160
1.268800
1.272120
1.273110
1.271990
1.269200
1.265240
1.260530
1.255390
1.249990
1.244440
1.238780
1.233040
1.227240
1.221360
1.215430
1.209430
1.203390
1.197290
1.191140
1.184960
1.178730
1.172470
1.166180
1.159860
1.153520
1.147160
1.140780
1.134390
1.127990
1.121580
1.115170
1.108760
1.102350
1.095940
1.089540
1.083140
1.076760
1.070390
1.064030
1.057680
1.051360
1.045040
1.038750
1.032480
1.026230
1.020000
1.013790
1.007610
1.001450
0.995318
0.989209
0.983127
0.977071
0.971043
0.965042
0.959069
0.953125
0.947209
0.941323
0.935465
0.929638
0.923840
0.918072
0.912335
0.906628
0.900951
0.895305
0.889690
0.884106
0.878553
0.873030
0.867539
0.862079
0.856650
0.851253
0.845886
0.840551
0.835247
0.829974
0.824733
0.819523
0.814343
0.809195
0.804078
0.798993
0.793938
0.788914
0.783921
0.778960
0.774029
0.769128
0.764259
0.759420
0.754612
0.749835
0.745088
0.740371
0.735685
0.731029
0.726403
0.721808
0.717242
0.712707
0.708201
0.703725
0.699279
0.694863
0.690476
0.686119
0.681791
0.677492
0.673222
0.668982
0.664771
0.660588
0.656435
0.652310
0.648213
0.644146
0.640106
0.636095
0.632113
0.628158
0.624231
0.620332
0.616461
0.612618
0.608802
0.605014
0.601253
0.597519
0.593812
0.590133
0.586480
0.582854
0.579254
0.575681
0.572134
0.568614
0.565120
0.561652
0.558209
0.554793
0.551402
0.548036
0.544696
0.541381
0.538091
0.534826
0.531586
0.528371
0.525180
0.522014
0.518871
0.515753
0.512660
0.509589
0.506543
0.503520
0.500521
0.497545
0.494592
0.491663
0.488756
0.485872
0.483010
0.480171
0.477354
0.474560
0.471787
0.469037
0.466308
0.463600
0.460914
0.458250
0.455606
0.452984
0.450382
0.447802
0.445241
0.442702
0.440182
0.437683
0.435203
0.432744
0.430304
0.427883
0.425482
0.423101
0.420738
0.418395
0.416070
0.413764
0.411476
0.409207
0.406957
0.404724
0.402509
0.400312
0.398133
0.395971
0.393827
0.391700
0.389590
0.387497
0.385421
0.383362
0.381319
0.379292
0.377282
0.375289
0.373311
0.371349
0.369403
0.367472
0.365557
0.363657
0.361773
0.359904
0.358049
0.356210
0.354385
0.352575
0.350779
0.348998
0.347231
0.345478
0.343739
0.342013
0.340302
0.338604
0.336920
0.335249
0.333591
0.331946
0.330315
0.328696
0.327090
0.325497
0.323917
0.322349
0.320793
0.319249
0.317718
0.316199
0.314691
0.313196
0.311712
0.310240
0.308779
0.307330
0.305892
0.304465
0.303049
0.301644
0.300251
0.298868
0.297496
0.296134
0.294783
0.293442
0.292112
0.290792
0.289482
0.288183
0.286893
0.285613
0.284343
0.283083
0.281833
0.280592
0.279360
0.278138
0.276925
0.275722
0.274528
0.273343
0.272166
0.270999
0.269841
0.268691
0.267550
0.266418
0.265295
0.264180
0.263073
0.261975
0.260885
0.259803
0.258729
0.257663
0.256606
0.255556
0.254515
0.253481
0.252454
0.251436
0.250425
0.249422
0.248426
0.247438
0.246457
0.245483
0.244517
0.243557
0.242605
0.241660
0.240722
0.239791
0.238867
0.237950
0.237039
0.236136
0.235239
0.234348
0.233464
0.232587
0.231716
0.230852
0.229993
0.229142
0.228296
0.227457
0.226624
0.225796
0.224975
0.224160
0.223351
0.222548
0.221751
0.220960
0.220174
0.219394
0.218620
0.217851
0.217088
0.216330
0.215578
0.214831
0.214090
0.213354
0.212624
0.211898
0.211178
0.210463
0.209754
0.209049
0.208349
0.207655
0.206965
0.206281
0.205601
0.204926
0.204256
0.203590
0.202930
0.202274
0.201623
0.200976
0.200334
0.199697
0.199064
0.198435
0.197811
0.197191
0.196576
0.195965
0.195358
0.194756
0.194158
0.193564
0.192974
0.192388
0.191807
0.191229
0.190655
0.190086
0.189520
0.188959
0.188401
0.187847
0.187297
0.186750
0.186208
0.185669
0.185134
0.184603
0.184075
0.183551
0.183030
0.182513
0.182000
0.181490
0.180983
0.180480
0.179981
0.179484
0.178992
0.178502
0.178016
0.177533
0.177053
0.176577
0.176104
0.175634
0.175167
0.174703
0.174242
0.173785
0.173330
0.172879
0.172430
0.171985
0.171542
0.171103
0.170666
0.170232
0.169801
0.169373
0.168948
0.168526
0.168106
0.167689
0.167275
0.166863
0.166455
0.166049
0.165645
0.165244
0.164846
0.164451
0.164058
0.163667
0.163279
0.162894
0.162511
0.162130
0.161752
0.161377
0.161003
0.160633
0.160264
0.159898
0.159534
0.159173
0.158814
0.158457
0.158103
0.157750
0.157400
0.157052
0.156707
0.156363
0.156022
0.155683
0.155346
0.155011
0.154678
0.154348
0.154019
0.153693
0.153368
0.153046
0.152725
0.152407
0.152090
0.151776
0.151463
0.151153
0.150844
0.150537
0.150232
0.149929
0.149628
0.149329
0.149031
0.148736
0.148442
0.148150
0.147860
0.147571
0.147285
0.147000
0.146716
0.146435
0.146155
0.145877
0.145601
0.145326
0.145053
0.144781
0.144512
0.144243
0.143977
0.143712
0.143449
0.143187
0.142927
0.142668
0.142411
0.142155
0.141901
0.141649
0.141398
0.141148
0.140900
0.140653
0.140408
0.140165
0.139922
0.139682
0.139442
0.139204
0.138968
0.138732
0.138499
0.138266
0.138035
0.137805
0.137577
0.137350
0.137124
0.136900
0.136677
0.136455
0.136234
0.136015
0.135797
0.135580
0.135365
0.135151
0.134938
0.134726
0.134515
0.134306
0.134098
0.133891
0.133685
0.133481
0.133277
0.133075
0.132874
0.132674
0.132475
0.132277
0.132081
0.131885
0.131691
0.131498
0.131306
0.131115
0.130925
0.130736
0.130548
0.130361
0.130176
0.129991
0.129807
0.129625
0.129443
0.129263
0.129083
0.128905
0.128727
0.128550
0.128375
0.128200
0.128027
0.127854
0.127682
0.127512
0.127342
0.127173
0.127005
0.126838
0.126672
0.126507
0.126343
0.126179
0.126017
0.125855
0.125695
0.125535
0.125376
0.125218
0.125061
0.124905
0.124749
0.124595
0.124441
0.124288
0.124136
0.123985
0.123834
0.123685
0.123536
0.123388
0.123241
0.123094
0.122949
0.122804
0.122660
0.122517
0.122374
0.122233
0.122092
0.121951
0.121812
0.121673
0.121535
0.121398
0.121262
0.121126
0.120991
0.120857
0.120723
0.120590
0.120458
0.120327
0.120196
0.120066
0.119937
0.119808
0.119680
0.119553
0.119426
0.119300
0.119175
0.119050
0.118926
0.118803
0.118681
0.118559
0.118437
0.118316
0.118196
0.118077
0.117958
0.117840
0.117722
0.117605
0.117489
0.117373
0.117258
0.117144
0.117030
0.116916
0.116804
0.116692
0.116580
0.116469
0.116359
0.116249
0.116140
0.116031
0.115923
0.115815
0.115708
0.115602
0.115496
0.115391
0.115286
0.115182
0.115078
0.114975
0.114872
0.114770
0.114668
0.114567
0.114467
0.114367
0.114267
0.114168
0.114070
0.113972
0.113874
0.113777
0.113681
0.113585
0.113489
0.113394
0.113300
0.113206
0.113112
0.113019
0.112926
0.112834
0.112743
0.112651
0.112561
0.112470
0.112381
0.112291
0.112202
0.112114
0.112026
0.111938
0.111851
0.111765
0.111678
0.111593
0.111507
0.111422
0.111338
0.111254
0.111170
0.111087
0.111004
0.110922
0.110840
0.110758
0.110677
0.110596
0.110516
0.110436
0.110356
0.110277
0.110199
0.110120
0.110042
0.109965
0.109888
0.109811
0.109734
0.109658
0.109583
0.109508
0.109433
0.109358
0.109284
0.109210
0.109137
0.109064
0.108991
0.108919
0.108847
0.108775
0.108704
0.108633
0.108563
0.108493
0.108423
0.108353
0.108284
0.108215
0.108147
0.108079
0.108011
0.107944
0.107877
0.107810
0.107743
0.107677
0.107612
0.107546
0.107481
0.107416
0.107352
0.107288
0.107224
0.107160
0.107097
0.107034
0.106971
0.106909
0.106847
0.106785
0.106724
0.106663
0.106602
0.106542
0.106482
0.106422
0.106362
0.106303
0.106244
0.106185
0.106127
0.106068
0.106011
0.105953
0.105896
0.105839
0.105782
0.105725
0.105669
0.105613
0.105558
0.105502
0.105447
0.105392
0.105338
0.105284
0.105230
0.105176
0.105122
0.105069
0.105016
0.104963
0.104911
0.104859
0.104807
0.104755
0.104704
0.104652
0.104601
0.104551
0.104500
0.104450
0.104400
0.104350
0.104301
0.104252
0.104203
0.104154
0.104105
0.104057
0.104009
0.103961
0.103913
0.103866
0.103819
0.103772
0.103725
0.103679
0.103633
0.103587
0.103541
0.103495
0.103450
0.103405
0.103360
0.103315
0.103271
0.103226
0.103182
0.103138
0.103095
0.103051
0.103008
0.102965
0.102922
0.102880
0.102837
0.102795
0.102753
0.102711
0.102670
0.102628
0.102587
0.102546
0.102506
0.102465
0.102425
0.102384
0.102344
0.102305
0.102265
0.102225
0.102186
0.102147
0.102108
0.102070
0.102031
0.101993
0.101955
0.101917
0.101879
0.101841
0.101804
0.101767
0.101730
0.101693
0.101656
0.101620
0.101583
0.101547
0.101511
0.101475
0.101440
0.101404
0.101369
0.101334
0.101299
0.101264
0.101229
0.101195
0.101161
0.101126
0.101092
0.101059
0.101025
0.100992
0.100958
0.100925
0.100892
0.100859
0.100826
0.100794
0.100761
0.100729
0.100697
0.100665
0.100633
0.100602
0.100570
0.100539
0.100508
0.100477
0.100446
0.100415
0.100385
0.100354
0.100324
0.100294
0.100264
0.100234
0.100204
0.100175
0.100145
0.100116
0.100087
0.100058
0.100029
0.100000
0.099971
0.099943
0.099915
0.099886
0.099858
0.099830
0.099803
0.099775
0.099747
0.099720
0.099693
0.099665
0.099639
0.099612
0.099585
0.099558
0.099532
0.099505
0.099479
0.099453
0.099427
0.099401
0.099375
0.099350
0.099324
0.099299
0.099273
0.099248
0.099223
0.099198
0.099173
0.099149
0.099124
0.099100
0.099075
0.099051
0.099027
0.099003
0.098979
0.098956
0.098932
0.098908
0.098885
0.098862
0.098838
0.098815
0.098793
0.098872
0.099237
0.100110
0.101998
0.107080
0.362474
0.341310
0.336502
0.359635
0.400146
0.472085
0.574006
0.678445
0.773011
0.855202
0.926061
0.987138
1.039630
1.084410
1.122190
1.153690
1.179720
1.201140
1.218770
1.233360
1.245440
1.255350
1.263160
1.268800
1.272120
1.273120
1.272000
1.269210
1.265250
1.260540
1.255390
1.249990
1.244440
1.238790
1.233050
1.227240
1.221370
1.215430
1.209440
1.203390
1.197300
1.191150
1.184970
1.178740
1.172480
1.166190
1.159870
1.153530
1.147170
1.140790
1.134400
1.128000
1.121590
1.115180
1.108770
1.102360
1.095950
1.089550
1.083150
1.076770
1.070400
1.064040
1.057700
1.051370
1.045060
1.038770
1.032490
1.026240
1.020010
1.013810
1.007620
1.001470
0.995332
0.989224
0.983142
0.977087
0.971058
0.965058
0.959085
0.953141
0.947225
0.941339
0.935482
0.929654
0.923857
0.918089
0.912352
0.906645
0.900968
0.895323
0.889708
0.884124
0.878571
0.873048
0.867557
0.862098
0.856669
0.851271
0.845905
0.840570
0.835266
0.829993
0.824752
0.819542
0.814363
0.809215
0.804098
0.799012
0.793958
0.788934
0.783941
0.778980
0.774049
0.769149
0.764279
0.759441
0.754633
0.749856
0.745109
0.740392
0.735706
0.731050
0.726424
0.721829
0.717263
0.712728
0.708222
0.703747
0.699301
0.694884
0.690498
0.686140
0.681812
0.677514
0.673244
0.669004
0.664793
0.660610
0.656457
0.652332
0.648236
0.644168
0.640128
0.636118
0.632135
0.628180
0.624253
0.620355
0.616484
0.612640
0.608825
0.605036
0.601275
0.597542
0.593835
0.590155
0.586502
0.582876
0.579277
0.575704
0.572157
0.568637
0.565142
0.561674
0.558232
0.554815
0.551424
0.548059
0.544718
0.541403
0.538114
0.534849
0.531609
0.528393
0.525202
0.522036
0.518894
0.515776
0.512682
0.509612
0.506566
0.503543
0.500544
0.497568
0.494615
0.491685
0.488778
0.485894
0.483032
0.480193
0.477377
0.474582
0.471809
0.469059
0.466330
0.463622
0.460936
0.458272
0.455628
0.453006
0.450404
0.447823
0.445263
0.442723
0.440204
0.437704
0.435225
0.432765
0.430325
0.427905
0.425504
0.423122
0.420760
0.418416
0.416091
0.413785
0.411497
0.409228
0.406977
0.404745
0.402530
0.400333
0.398154
0.395992
0.393847
0.391720
0.389610
0.387517
0.385441
0.383382
0.381339
0.379313
0.377302
0.375309
0.373331
0.371369
0.369422
0.367492
0.365577
0.363677
0.361792
0.359923
0.358069
0.356229
0.354404
0.352594
0.350798
0.349017
0.347250
0.345497
0.343757
0.342032
0.340321
0.338623
0.336938
0.335267
0.333610
0.331965
0.330333
0.328715
0.327109
0.325515
0.323935
0.322367
0.320811
0.319267
0.317736
0.316216
0.314709
0.313213
0.311729
0.310257
0.308796
0.307347
0.305909
0.304482
0.303066
0.301662
0.300268
0.298885
0.297512
0.296151
0.294800
0.293459
0.292129
0.290809
0.289499
0.288199
0.286909
0.285630
0.284360
0.283099
0.281849
0.280608
0.279376
0.278154
0.276941
0.275738
0.274544
0.273358
0.272182
0.271015
0.269856
0.268707
0.267566
0.266434
0.265310
0.264195
0.263088
0.261990
0.260900
0.259818
0.258744
0.257678
0.256621
0.255571
0.254529
0.253495
0.252469
0.251451
0.250440
0.249436
0.248440
0.247452
0.246471
0.245497
0.244531
0.243571
0.242619
0.241674
0.240736
0.239805
0.238881
0.237964
0.237053
0.236149
0.235252
0.234362
0.233478
0.232600
0.231729
0.230865
0.230007
0.229155
0.228309
0.227470
0.226637
0.225809
0.224988
0.224173
0.223364
0.222561
0.221764
0.220972
0.220186
0.219406
0.218632
0.217863
0.217100
0.216342
0.215590
0.214844
0.214102
0.213366
0.212636
0.211910
0.211190
0.210475
0.209765
0.209061
0.208361
0.207667
0.206977
0.206292
0.205612
0.204937
0.204267
0.203602
0.202941
0.202285
0.201634
0.200987
0.200345
0.199708
0.199075
0.198446
0.197822
0.197202
0.196587
0.195976
0.195369
0.194767
0.194168
0.193574
0.192985
0.192399
0.191817
0.191239
0.190666
0.190096
0.189531
0.188969
0.188411
0.187857
0.187307
0.186761
0.186218
0.185679
0.185144
0.184613
0.184085
0.183561
0.183040
0.182523
0.182010
0.181500
0.180993
0.180490
0.179990
0.179494
0.179001
0.178512
0.178025
0.177542
0.177063
0.176586
0.176113
0.175643
0.175176
0.174712
0.174252
0.173794
0.173339
0.172888
0.172439
0.171994
0.171551
0.171112
0.170675
0.170241
0.169810
0.169382
0.168957
0.168534
0.168115
0.167698
0.167284
0.166872
0.166463
0.166057
0.165654
0.165253
0.164855
0.164459
0.164066
0.163675
0.163287
0.162902
0.162519
0.162138
0.161760
0.161385
0.161012
0.160641
0.160272
0.159906
0.159542
0.159181
0.158822
0.158465
0.158111
0.157758
0.157408
0.157060
0.156715
0.156371
0.156030
0.155691
0.155354
0.155019
0.154686
0.154355
0.154027
0.153700
0.153376
0.153053
0.152733
0.152414
0.152098
0.151783
0.151471
0.151160
0.150851
0.150544
0.150240
0.149937
0.149636
0.149336
0.149039
0.148743
0.148449
0.148157
0.147867
0.147579
0.147292
0.147007
0.146724
0.146442
0.146162
0.145884
0.145608
0.145333
0.145060
0.144788
0.144519
0.144250
0.143984
0.143719
0.143456
0.143194
0.142934
0.142675
0.142418
0.142162
0.141908
0.141656
0.141404
0.141155
0.140907
0.140660
0.140415
0.140171
0.139929
0.139688
0.139449
0.139211
0.138974
0.138739
0.138505
0.138273
0.138042
0.137812
0.137583
0.137356
0.137131
0.136906
0.136683
0.136461
0.136241
0.136021
0.135803
0.135587
0.135371
0.135157
0.134944
0.134732
0.134521
0.134312
0.134104
0.133897
0.133691
0.133487
0.133283
0.133081
0.132880
0.132680
0.132481
0.132283
0.132087
0.131891
0.131697
0.131504
0.131312
0.131121
0.130931
0.130742
0.130554
0.130367
0.130181
0.129997
0.129813
0.129631
0.129449
0.129268
0.129089
0.128910
0.128733
0.128556
0.128381
0.128206
0.128032
0.127860
0.127688
0.127517
0.127347
0.127179
0.127011
0.126844
0.126678
0.126512
0.126348
0.126185
0.126022
0.125861
0.125700
0.125540
0.125381
0.125223
0.125066
0.124910
0.124755
0.124600
0.124446
0.124293
0.124141
0.123990
0.123839
0.123690
0.123541
0.123393
0.123246
0.123100
0.122954
0.122809
0.122665
0.122522
0.122379
0.122238
0.122097
0.121956
0.121817
0.121678
0.121540
0.121403
0.121267
0.121131
0.120996
0.120862
0.120728
0.120595
0.120463
0.120332
0.120201
0.120071
0.119942
0.119813
0.119685
0.119558
0.119431
0.119305
0.119180
0.119055
0.118931
0.118808
0.118685
0.118563
0.118442
0.118321
0.118201
0.118082
0.117963
0.117845
0.117727
0.117610
0.117494
0.117378
0.117263
0.117148
0.117034
0.116921
0.116808
0.116696
0.116585
0.116474
0.116363
0.116253
0.116144
0.116035
0.115927
0.115820
0.115713
0.115606
0.115500
0.115395
0.115290
0.115186
0.115082
0.114979
0.114876
0.114774
0.114673
0.114572
0.114471
0.114371
0.114271
0.114172
0.114074
0.113976
0.113878
0.113781
0.113685
0.113589
0.113493
0.113398
0.113304
0.113210
0.113116
0.113023
0.112931
0.112838
0.112747
0.112656
0.112565
0.112475
0.112385
0.112295
0.112206
0.112118
0.112030
0.111942
0.111855
0.111769
0.111682
0.111597
0.111511
0.111426
0.111342
0.111258
0.111174
0.111091
0.111008
0.110926
0.110844
0.110762
0.110681
0.110600
0.110520
0.110440
0.110360
0.110281
0.110203
0.110124
0.110046
0.109969
0.109892
0.109815
0.109738
0.109662
0.109587
0.109511
0.109437
0.109362
0.109288
0.109214
0.109141
0.109068
0.108995
0.108923
0.108851
0.108779
0.108708
0.108637
0.108567
0.108496
0.108427
0.108357
0.108288
0.108219
0.108151
0.108083
0.108015
0.107947
0.107880
0.107814
0.107747
0.107681
0.107615
0.107550
0.107485
0.107420
0.107355
0.107291
0.107227
0.107164
0.107101
0.107038
0.106975
0.106913
0.106851
0.106789
0.106728
0.106667
0.106606
0.106545
0.106485
0.106425
0.106366
0.106306
0.106247
0.106189
0.106130
0.106072
0.106014
0.105957
0.105899
0.105842
0.105785
0.105729
0.105673
0.105617
0.105561
0.105506
0.105451
0.105396
0.105341
0.105287
0.105233
0.105179
0.105126
0.105073
0.105020
0.104967
0.104914
0.104862
0.104810
0.104758
0.104707
0.104656
0.104605
0.104554
0.104504
0.104453
0.104403
0.104354
0.104304
0.104255
0.104206
0.104157
0.104109
0.104060
0.104012
0.103964
0.103917
0.103869
0.103822
0.103775
0.103729
0.103682
0.103636
0.103590
0.103544
0.103498
0.103453
0.103408
0.103363
0.103318
0.103274
0.103230
0.103186
0.103142
0.103098
0.103055
0.103011
0.102968
0.102926
0.102883
0.102841
0.102798
0.102756
0.102715
0.102673
0.102632
0.102591
0.102550
0.102509
0.102468
0.102428
0.102388
0.102348
0.102308
0.102268
0.102229
0.102189
0.102150
0.102111
0.102073
0.102034
0.101996
0.101958
0.101920
0.101882
0.101845
0.101807
0.101770
0.101733
0.101696
0.101659
0.101623
0.101586
0.101550
0.101514
0.101478
0.101443
0.101407
0.101372
0.101337
0.101302
0.101267
0.101232
0.101198
0.101164
0.101130
0.101096
0.101062
0.101028
0.100995
0.100961
0.100928
0.100895
0.100862
0.100829
0.100797
0.100764
0.100732
0.100700
0.100668
0.100636
0.100605
0.100573
0.100542
0.100511
0.100480
0.100449
0.100418
0.100388
0.100357
0.100327
0.100297
0.100267
0.100237
0.100207
0.100177
0.100148
0.100119
0.100090
0.100061
0.100032
0.100003
0.099974
0.099946
0.099917
0.099889
0.099861
0.099833
0.099805
0.099778
0.099750
0.099723
0.099695
0.099668
0.099641
0.099615
0.099588
0.099561
0.099534
0.099508
0.099482
0.099456
0.099430
0.099404
0.099378
0.099352
0.099327
0.099302
0.099276
0.099251
0.099226
0.099201
0.099176
0.099152
0.099127
0.099103
0.099078
0.099054
0.099030
0.099006
0.098982
0.098958
0.098935
0.098911
0.098888
0.098865
0.098841
0.098818
0.098795
