11.087000
11.086900
11.086900
11.086900
11.086900
11.087000
11.089800
11.090000
11.090000
11.089900
11.089800
11.089700
11.089700
11.089600
11.089500
11.089500
11.089400
11.089300
11.089300
11.089200
11.089200
11.089100
11.089100
11.089000
11.089000
11.088900
11.088900
11.088900
11.088800
11.088800
11.088800
11.088800
11.088800
11.088800
11.088800
11.088800
11.088800
11.088800
11.088800
11.088800
11.088800
11.088800
11.088900
11.088900
11.088900
11.088900
11.089000
11.089000
11.089000
11.089100
11.089100
11.089100
11.089200
11.089200
11.089300
11.089300
11.089300
11.089400
11.089400
11.089500
11.089500
11.089600
11.089600
11.089700
11.089700
11.089800
11.089800
11.089900
11.089900
11.090000
11.090000
11.090100
11.090200
11.090200
11.090300
11.090300
11.090400
11.090400
11.090500
11.090500
11.090600
11.090700
11.090700
11.090800
11.090800
11.090900
11.090900
11.091000
11.091000
11.091100
11.091100
11.091200
11.091200
11.091300
11.091300
11.091400
11.091400
11.091500
11.091600
11.091600
11.091700
11.091700
11.091800
11.091800
11.091800
11.091900
11.091900
11.092000
11.092000
11.092100
11.092100
11.092200
11.092200
11.092300
11.092300
11.092400
11.092400
11.092400
11.092500
11.092500
11.092600
11.092600
11.092700
11.092700
11.092700
11.092800
11.092800
11.092900
11.092900
11.092900
11.093000
11.093000
11.093100
11.093100
11.093100
11.093200
11.093200
11.093200
11.093300
11.093300
11.093300
11.093400
11.093400
11.093400
11.093500
11.093500
11.093500
11.093600
11.093600
11.093600
11.093700
11.093700
11.093700
11.093800
11.093800
11.093800
11.093900
11.093900
11.093900
11.093900
11.094000
11.094000
11.094000
11.094100
11.094100
11.094100
11.094100
11.094200
11.094200
11.094200
11.094200
11.094300
11.094300
11.094300
11.094300
11.094400
11.094400
11.094400
11.094400
11.094500
11.094500
11.094500
11.094500
11.094600
11.094600
11.094600
11.094600
11.094600
11.094700
11.094700
11.094700
11.094700
11.094700
11.094800
11.094800
11.094800
11.094800
11.094800
11.094800
11.094900
11.094900
11.094900
11.094900
11.094900
11.095000
11.095000
11.095000
11.095000
11.095000
11.095000
11.095000
11.095100
11.095100
11.095100
11.095100
11.095100
11.095100
11.095100
11.095200
11.095200
11.095200
11.095200
11.095200
11.095200
11.095200
11.095200
11.095300
11.095300
11.095300
11.095300
11.095300
11.095300
11.095300
11.095300
11.095300
11.095400
11.095400
11.095400
11.095400
11.095400
11.095400
11.095400
11.095400
11.095400
11.095400
11.095500
11.095500
11.095500
11.095500
11.095500
11.095500
11.095500
11.095500
11.095500
11.095500
11.095500
11.095500
11.095500
11.095500
11.095600
11.095600
11.095600
11.095600
11.095600
11.095600
11.095600
11.095600
11.095600
11.095600
11.095600
11.095600
11.095600
11.095600
11.095600
11.095600
11.095600
11.095600
11.095600
11.095600
11.095600
11.095600
11.095700
11.095700
11.095700
11.095700
11.095700
11.095700
11.095700
11.095700
11.095700
11.095700
11.095700
11.095700
11.095700
11.095700
11.095700
11.095700
11.095700
11.095700
11.095700
11.095700
11.095700
11.095700
11.095700
11.095700
11.095700
11.095700
11.095700
11.095700
11.095700
11.095700
11.095700
11.095700
11.095700
11.095700
11.095700
11.095700
11.095700
11.095700
11.095700
11.095700
11.095700
11.095700
11.095700
11.095700
11.095700
11.095700
11.095700
11.095700
11.095700
11.095700
11.095700
11.095700
11.095700
11.095700
11.095600
11.095600
11.095600
11.095600
11.095600
11.095600
11.095600
11.095600
11.095600
11.095600
11.095600
11.095600
11.095600
11.095600
11.095600
11.095600
11.095600
11.095600
11.095600
11.095600
11.095600
11.095600
11.095600
11.095600
11.095600
11.095600
11.095600
11.095500
11.095500
11.095500
11.095500
11.095500
11.095500
11.095500
11.095500
11.095500
11.095500
11.095500
11.095500
11.095500
11.095500
11.095500
11.095500
11.095500
11.095500
11.095400
11.095400
11.095400
11.095400
11.095400
11.095400
11.095400
11.095400
11.095400
11.095400
11.095400
11.095400
11.095400
11.095400
11.095400
11.095300
11.095300
11.095300
11.095300
11.095300
11.095300
11.095300
11.095300
11.095300
11.095300
11.095300
11.095300
11.095300
11.095300
11.095200
11.095200
11.095200
11.095200
11.095200
11.095200
11.095200
11.095200
11.095200
11.095200
11.095200
11.095200
11.095100
11.095100
11.095100
11.095100
11.095100
11.095100
11.095100
11.095100
11.095100
11.095100
11.095100
11.095100
11.095000
11.095000
11.095000
11.095000
11.095000
11.095000
11.095000
11.095000
11.095000
11.095000
11.095000
11.094900
11.094900
11.094900
11.094900
11.094900
11.094900
11.094900
11.094900
11.094900
11.094900
11.094900
11.094800
11.094800
11.094800
11.094800
11.094800
11.094800
11.094800
11.094800
11.094800
11.094800
11.094700
11.094700
11.094700
11.094700
11.094700
11.094700
11.094700
11.094700
11.094700
11.094600
11.094600
11.094600
11.094600
11.094600
11.094600
11.094600
11.094600
11.094600
11.094600
11.094500
11.094500
11.094500
11.094500
11.094500
11.094500
11.094500
11.094500
11.094500
11.094400
11.094400
11.094400
11.094400
11.094400
11.094400
11.094400
11.094400
11.094400
11.094300
11.094300
11.094300
11.094300
11.094300
11.094300
11.094300
11.094300
11.094300
11.094200
11.094200
11.094200
11.094200
11.094200
11.094200
11.094200
11.094200
11.094100
11.094100
11.094100
11.094100
11.094100
11.094100
11.094100
11.094100
11.094100
11.094000
11.094000
11.094000
11.094000
11.094000
11.094000
11.094000
11.094000
11.093900
11.093900
11.093900
11.093900
11.093900
11.093900
11.093900
11.093900
11.093800
11.093800
11.093800
11.093800
11.093800
11.093800
11.093800
11.093800
11.093700
11.093700
11.093700
11.093700
11.093700
11.093700
11.093700
11.093700
11.093600
11.093600
11.093600
11.093600
11.093600
11.093600
11.093600
11.093600
11.093500
11.093500
11.093500
11.093500
11.093500
11.093500
11.093500
11.093500
11.093400
11.093400
11.093400
11.093400
11.093400
11.093400
11.093400
11.093300
11.093300
11.093300
11.093300
11.093300
11.093300
11.093300
11.093300
11.093200
11.093200
11.093200
11.093200
11.093200
11.093200
11.093200
11.093100
11.093100
11.093100
11.093100
11.093100
11.093100
11.093100
11.093100
11.093000
11.093000
11.093000
11.093000
11.093000
11.093000
11.093000
11.092900
11.092900
11.092900
11.092900
11.092900
11.092900
11.092900
11.092800
11.092800
11.092800
11.092800
11.092800
11.092800
11.092800
11.092800
11.092700
11.092700
11.092700
11.092700
11.092700
11.092700
11.092700
11.092600
11.092600
11.092600
11.092600
11.092600
11.092600
11.092600
11.092500
11.092500
11.092500
11.092500
11.092500
11.092500
11.092500
11.092400
11.092400
11.092400
11.092400
11.092400
11.092400
11.092400
11.092300
11.092300
11.092300
11.092300
11.092300
11.092300
11.092300
11.092200
11.092200
11.092200
11.092200
11.092200
11.092200
11.092200
11.092100
11.092100
11.092100
11.092100
11.092100
11.092100
11.092100
11.092000
11.092000
11.092000
11.092000
11.092000
11.092000
11.092000
11.091900
11.091900
11.091900
11.091900
11.091900
11.091900
11.091900
11.091800
11.091800
11.091800
11.091800
11.091800
11.091800
11.091800
11.091700
11.091700
11.091700
11.091700
11.091700
11.091700
11.091700
11.091600
11.091600
11.091600
11.091600
11.091600
11.091600
11.091500
11.091500
11.091500
11.091500
11.091500
11.091500
11.091500
11.091400
11.091400
11.091400
11.091400
11.091400
11.091400
11.091400
11.091300
11.091300
11.091300
11.091300
11.091300
11.091300
11.091300
11.091200
11.091200
11.091200
11.091200
11.091200
11.091200
11.091100
11.091100
11.091100
11.091100
11.091100
11.091100
11.091100
11.091000
11.091000
11.091000
11.091000
11.091000
11.091000
11.091000
11.090900
11.090900
11.090900
11.090900
11.090900
11.090900
11.090800
11.090800
11.090800
11.090800
11.090800
11.090800
11.090800
11.090700
11.090700
11.090700
11.090700
11.090700
11.090700
11.090600
11.090600
11.090600
11.090600
11.090600
11.090600
11.090600
11.090500
11.090500
11.090500
11.090500
11.090500
11.090500
11.090500
11.090400
11.090400
11.090400
11.090400
11.090400
11.090400
11.090300
11.090300
11.090300
11.090300
11.090300
11.090300
11.090300
11.090200
11.090200
11.090200
11.090200
11.090200
11.090200
11.090100
11.090100
11.090100
11.090100
11.090100
11.090100
11.090100
11.090000
11.090000
11.090000
11.090000
11.090000
11.090000
11.089900
11.089900
11.089900
11.089900
11.089900
11.089900
11.089900
11.089800
11.089800
11.089800
11.089800
11.089800
11.089800
11.089700
11.089700
11.089700
11.089700
11.089700
11.089700
11.089600
11.089600
11.089600
11.089600
11.089600
11.089600
11.089600
11.089500
11.089500
11.089500
11.089500
11.089500
11.089500
11.089400
11.089400
11.089400
11.089400
11.089400
11.089400
11.089400
11.089300
11.089300
11.089300
11.089300
11.089300
11.089300
11.089200
11.089200
11.089200
11.089200
11.089200
11.089200
11.089100
11.089100
11.089100
11.089100
11.089100
11.089100
11.089100
11.089000
11.089000
11.089000
11.089000
11.089000
11.089000
11.088900
11.088900
11.088900
11.088900
11.088900
11.088900
11.088800
11.088800
11.088800
11.088800
11.088800
11.088800
11.088800
11.088700
11.088700
11.088700
11.088700
11.088700
11.088700
11.088600
11.088600
11.088600
11.088600
11.088600
11.088600
11.088500
11.088500
11.088500
11.088500
11.088500
11.088500
11.088500
11.088400
11.088400
11.088400
11.088400
11.088400
11.088400
11.088300
11.088300
11.088300
11.088300
11.088300
11.088300
11.088200
11.088200
11.088200
11.088200
11.088200
11.088200
11.088200
11.088100
11.088100
11.088100
11.088100
11.088100
11.088100
11.088000
11.088000
11.088000
11.088000
11.088000
11.088000
11.087900
11.087900
11.087900
11.087900
11.087900
11.087900
11.087800
11.087800
11.087800
11.087800
11.087800
11.087800
11.087800
11.087700
11.087700
11.087700
11.087700
11.087700
11.087700
11.087600
11.087600
11.087600
11.087600
11.087600
11.087600
11.087500
11.087500
11.087500
11.087500
11.087500
11.087500
11.087400
11.087400
11.087400
11.087400
11.087400
11.087400
11.087400
11.087300
11.087300
11.087300
11.087300
11.087300
11.087300
11.087200
11.087200
11.087200
11.087200
11.087200
11.087200
11.087100
11.087100
11.087100
11.087100
11.087100
11.087100
11.087000
11.087000
11.087000
11.087000
11.087000
11.087100
11.089800
11.090100
11.090100
11.090000
11.089900
11.089800
11.089700
11.089700
11.089600
11.089500
11.089500
11.089400
11.089400
11.089300
11.089200
11.089200
11.089100
11.089100
11.089100
11.089000
11.089000
11.089000
11.088900
11.088900
11.088900
11.088900
11.088900
11.088800
11.088800
11.088800
11.088800
11.088900
11.088900
11.088900
11.088900
11.088900
11.088900
11.089000
11.089000
11.089000
11.089000
11.089100
11.089100
11.089100
11.089200
11.089200
11.089300
11.089300
11.089300
11.089400
11.089400
11.089500
11.089500
11.089600
11.089600
11.089700
11.089700
11.089800
11.089800
11.089900
11.089900
11.090000
11.090000
11.090100
11.090100
11.090200
11.090200
11.090300
11.090300
11.090400
11.090500
11.090500
11.090600
11.090600
11.090700
11.090700
11.090800
11.090800
11.090900
11.090900
11.091000
11.091100
11.091100
11.091200
11.091200
11.091300
11.091300
11.091400
11.091400
11.091500
11.091500
11.091600
11.091600
11.091700
11.091700
11.091800
11.091800
11.091900
11.091900
11.092000
11.092000
11.092100
11.092100
11.092200
11.092200
11.092300
11.092300
11.092300
11.092400
11.092400
11.092500
11.092500
11.092600
11.092600
11.092700
11.092700
11.092700
11.092800
11.092800
11.092900
11.092900
11.092900
11.093000
11.093000
11.093100
11.093100
11.093100
11.093200
11.093200
11.093200
11.093300
11.093300
11.093400
11.093400
11.093400
11.093500
11.093500
11.093500
11.093600
11.093600
11.093600
11.093700
11.093700
11.093700
11.093800
11.093800
11.093800
11.093800
11.093900
11.093900
11.093900
11.094000
11.094000
11.094000
11.094100
11.094100
11.094100
11.094100
11.094200
11.094200
11.094200
11.094200
11.094300
11.094300
11.094300
11.094300
11.094400
11.094400
11.094400
11.094400
11.094500
11.094500
11.094500
11.094500
11.094600
11.094600
11.094600
11.094600
11.094700
11.094700
11.094700
11.094700
11.094700
11.094800
11.094800
11.094800
11.094800
11.094800
11.094900
11.094900
11.094900
11.094900
11.094900
11.094900
11.095000
11.095000
11.095000
11.095000
11.095000
11.095000
11.095100
11.095100
11.095100
11.095100
11.095100
11.095100
11.095200
11.095200
11.095200
11.095200
11.095200
11.095200
11.095200
11.095300
11.095300
11.095300
11.095300
11.095300
11.095300
11.095300
11.095300
11.095400
11.095400
11.095400
11.095400
11.095400
11.095400
11.095400
11.095400
11.095400
11.095400
11.095500
11.095500
11.095500
11.095500
11.095500
11.095500
11.095500
11.095500
11.095500
11.095500
11.095500
11.095600
11.095600
11.095600
11.095600
11.095600
11.095600
11.095600
11.095600
11.095600
11.095600
11.095600
11.095600
11.095600
11.095600
11.095700
11.095700
11.095700
11.095700
11.095700
11.095700
11.095700
11.095700
11.095700
11.095700
11.095700
11.095700
11.095700
11.095700
11.095700
11.095700
11.095700
11.095700
11.095700
11.095700
11.095700
11.095700
11.095700
11.095700
11.095700
11.095700
11.095800
11.095800
11.095800
11.095800
11.095800
11.095800
11.095800
11.095800
11.095800
11.095800
11.095800
11.095800
11.095800
11.095800
11.095800
11.095800
11.095800
11.095800
11.095800
11.095800
11.095800
11.095800
11.095800
11.095800
11.095800
11.095800
11.095800
11.095800
11.095800
11.095800
11.095800
11.095800
11.095800
11.095800
11.095800
11.095800
11.095800
11.095800
11.095800
11.095700
11.095700
11.095700
11.095700
11.095700
11.095700
11.095700
11.095700
11.095700
11.095700
11.095700
11.095700
11.095700
11.095700
11.095700
11.095700
11.095700
11.095700
11.095700
11.095700
11.095700
11.095700
11.095700
11.095700
11.095700
11.095700
11.095700
11.095700
11.095700
11.095700
11.095600
11.095600
11.095600
11.095600
11.095600
11.095600
11.095600
11.095600
11.095600
11.095600
11.095600
11.095600
11.095600
11.095600
11.095600
11.095600
11.095600
11.095600
11.095600
11.095600
11.095500
11.095500
11.095500
11.095500
11.095500
11.095500
11.095500
11.095500
11.095500
11.095500
11.095500
11.095500
11.095500
11.095500
11.095500
11.095400
11.095400
11.095400
11.095400
11.095400
11.095400
11.095400
11.095400
11.095400
11.095400
11.095400
11.095400
11.095400
11.095400
11.095300
11.095300
11.095300
11.095300
11.095300
11.095300
11.095300
11.095300
11.095300
11.095300
11.095300
11.095300
11.095300
11.095200
11.095200
11.095200
11.095200
11.095200
11.095200
11.095200
11.095200
11.095200
11.095200
11.095200
11.095200
11.095100
11.095100
11.095100
11.095100
11.095100
11.095100
11.095100
11.095100
11.095100
11.095100
11.095100
11.095000
11.095000
11.095000
11.095000
11.095000
11.095000
11.095000
11.095000
11.095000
11.095000
11.094900
11.094900
11.094900
11.094900
11.094900
11.094900
11.094900
11.094900
11.094900
11.094900
11.094900
11.094800
11.094800
11.094800
11.094800
11.094800
11.094800
11.094800
11.094800
11.094800
11.094700
11.094700
11.094700
11.094700
11.094700
11.094700
11.094700
11.094700
11.094700
11.094700
11.094600
11.094600
11.094600
11.094600
11.094600
11.094600
11.094600
11.094600
11.094600
11.094500
11.094500
11.094500
11.094500
11.094500
11.094500
11.094500
11.094500
11.094500
11.094400
11.094400
11.094400
11.094400
11.094400
11.094400
11.094400
11.094400
11.094400
11.094300
11.094300
11.094300
11.094300
11.094300
11.094300
11.094300
11.094300
11.094300
11.094200
11.094200
11.094200
11.094200
11.094200
11.094200
11.094200
11.094200
11.094100
11.094100
11.094100
11.094100
11.094100
11.094100
11.094100
11.094100
11.094000
11.094000
11.094000
11.094000
11.094000
11.094000
11.094000
11.094000
11.093900
11.093900
11.093900
11.093900
11.093900
11.093900
11.093900
11.093900
11.093900
11.093800
11.093800
11.093800
11.093800
11.093800
11.093800
11.093800
11.093700
11.093700
11.093700
11.093700
11.093700
11.093700
11.093700
11.093700
11.093600
11.093600
11.093600
11.093600
11.093600
11.093600
11.093600
11.093600
11.093500
11.093500
11.093500
11.093500
11.093500
11.093500
11.093500
11.093500
11.093400
11.093400
11.093400
11.093400
11.093400
11.093400
11.093400
11.093300
11.093300
11.093300
11.093300
11.093300
11.093300
11.093300
11.093300
11.093200
11.093200
11.093200
11.093200
11.093200
11.093200
11.093200
11.093100
11.093100
11.093100
11.093100
11.093100
11.093100
11.093100
11.093100
11.093000
11.093000
11.093000
11.093000
11.093000
11.093000
11.093000
11.092900
11.092900
11.092900
11.092900
11.092900
11.092900
11.092900
11.092800
11.092800
11.092800
11.092800
11.092800
11.092800
11.092800
11.092700
11.092700
11.092700
11.092700
11.092700
11.092700
11.092700
11.092700
11.092600
11.092600
11.092600
11.092600
11.092600
11.092600
11.092600
11.092500
11.092500
11.092500
11.092500
11.092500
11.092500
11.092500
11.092400
11.092400
11.092400
11.092400
11.092400
11.092400
11.092400
11.092300
11.092300
11.092300
11.092300
11.092300
11.092300
11.092300
11.092200
11.092200
11.092200
11.092200
11.092200
11.092200
11.092200
11.092100
11.092100
11.092100
11.092100
11.092100
11.092100
11.092100
11.092000
11.092000
11.092000
11.092000
11.092000
11.092000
11.092000
11.091900
11.091900
11.091900
11.091900
11.091900
11.091900
11.091900
11.091800
11.091800
11.091800
11.091800
11.091800
11.091800
11.091700
11.091700
11.091700
11.091700
11.091700
11.091700
11.091700
11.091600
11.091600
11.091600
11.091600
11.091600
11.091600
11.091600
11.091500
11.091500
11.091500
11.091500
11.091500
11.091500
11.091500
11.091400
11.091400
11.091400
11.091400
11.091400
11.091400
11.091300
11.091300
11.091300
11.091300
11.091300
11.091300
11.091300
11.091200
11.091200
11.091200
11.091200
11.091200
11.091200
11.091200
11.091100
11.091100
11.091100
11.091100
11.091100
11.091100
11.091000
11.091000
11.091000
11.091000
11.091000
11.091000
11.091000
11.090900
11.090900
11.090900
11.090900
11.090900
11.090900
11.090900
11.090800
11.090800
11.090800
11.090800
11.090800
11.090800
11.090700
11.090700
11.090700
11.090700
11.090700
11.090700
11.090700
11.090600
11.090600
11.090600
11.090600
11.090600
11.090600
11.090500
11.090500
11.090500
11.090500
11.090500
11.090500
11.090500
11.090400
11.090400
11.090400
11.090400
11.090400
11.090400
11.090300
11.090300
11.090300
11.090300
11.090300
11.090300
11.090300
11.090200
11.090200
11.090200
11.090200
11.090200
11.090200
11.090100
11.090100
11.090100
11.090100
11.090100
11.090100
11.090100
11.090000
11.090000
11.090000
11.090000
11.090000
11.090000
11.089900
11.089900
11.089900
11.089900
11.089900
11.089900
11.089900
11.089800
11.089800
11.089800
11.089800
11.089800
11.089800
11.089700
11.089700
11.089700
11.089700
11.089700
11.089700
11.089700
11.089600
11.089600
11.089600
11.089600
11.089600
11.089600
11.089500
11.089500
11.089500
11.089500
11.089500
11.089500
11.089400
11.089400
11.089400
11.089400
11.089400
11.089400
11.089400
11.089300
11.089300
11.089300
11.089300
11.089300
11.089300
11.089200
11.089200
11.089200
11.089200
11.089200
11.089200
11.089100
11.089100
11.089100
11.089100
11.089100
11.089100
11.089100
11.089000
11.089000
11.089000
11.089000
11.089000
11.089000
11.088900
11.088900
11.088900
11.088900
11.088900
11.088900
11.088800
11.088800
11.088800
11.088800
11.088800
11.088800
11.088800
11.088700
11.088700
11.088700
11.088700
11.088700
11.088700
11.088600
11.088600
11.088600
11.088600
11.088600
11.088600
11.088500
11.088500
11.088500
11.088500
11.088500
11.088500
11.088500
11.088400
11.088400
11.088400
11.088400
11.088400
11.088400
11.088300
11.088300
11.088300
11.088300
11.088300
11.088300
11.088200
11.088200
11.088200
11.088200
11.088200
11.088200
11.088200
11.088100
11.088100
11.088100
11.088100
11.088100
11.088100
11.088000
11.088000
11.088000
11.088000
11.088000
11.088000
11.087900
11.087900
11.087900
11.087900
11.087900
11.087900
11.087800
11.087800
11.087800
11.087800
11.087800
11.087800
11.087800
11.087700
11.087700
11.087700
11.087700
11.087700
11.087700
11.087600
11.087600
11.087600
11.087600
11.087600
11.087600
11.087500
11.087500
11.087500
11.087500
11.087500
11.087500
11.087400
11.087400
11.087400
11.087400
11.087400
11.087400
11.087400
11.087300
11.087300
11.087300
11.087300
11.087300
11.087300
11.087200
11.087200
11.087200
11.087200
11.087200
11.087200
11.087100
11.087100
11.087100
11.087100
11.087100
11.087000
11.087200
11.089900
11.090200
11.090100
11.090100
11.090000
11.089900
11.089800
11.089800
11.089700
11.089600
11.089600
11.089500
11.089400
11.089400
11.089300
11.089300
11.089200
11.089200
11.089100
11.089100
11.089100
11.089000
11.089000
11.089000
11.089000
11.088900
11.088900
11.088900
11.088900
11.088900
11.088900
11.088900
11.088900
11.089000
11.089000
11.089000
11.089000
11.089000
11.089100
11.089100
11.089100
11.089200
11.089200
11.089200
11.089300
11.089300
11.089300
11.089400
11.089400
11.089500
11.089500
11.089500
11.089600
11.089600
11.089700
11.089700
11.089800
11.089800
11.089900
11.089900
11.090000
11.090000
11.090100
11.090200
11.090200
11.090300
11.090300
11.090400
11.090400
11.090500
11.090500
11.090600
11.090600
11.090700
11.090800
11.090800
11.090900
11.090900
11.091000
11.091000
11.091100
11.091100
11.091200
11.091200
11.091300
11.091300
11.091400
11.091500
11.091500
11.091600
11.091600
11.091700
11.091700
11.091800
11.091800
11.091900
11.091900
11.092000
11.092000
11.092100
11.092100
11.092200
11.092200
11.092200
11.092300
11.092300
11.092400
11.092400
11.092500
11.092500
11.092600
11.092600
11.092600
11.092700
11.092700
11.092800
11.092800
11.092900
11.092900
11.092900
11.093000
11.093000
11.093100
11.093100
11.093100
11.093200
11.093200
11.093300
11.093300
11.093300
11.093400
11.093400
11.093400
11.093500
11.093500
11.093500
11.093600
11.093600
11.093600
11.093700
11.093700
11.093700
11.093800
11.093800
11.093800
11.093900
11.093900
11.093900
11.094000
11.094000
11.094000
11.094000
11.094100
11.094100
11.094100
11.094200
11.094200
11.094200
11.094200
11.094300
11.094300
11.094300
11.094400
11.094400
11.094400
11.094400
11.094500
11.094500
11.094500
11.094500
11.094600
11.094600
11.094600
11.094600
11.094600
11.094700
11.094700
11.094700
11.094700
11.094800
11.094800
11.094800
11.094800
11.094800
11.094900
11.094900
11.094900
11.094900
11.094900
11.095000
11.095000
11.095000
11.095000
11.095000
11.095000
11.095100
11.095100
11.095100
11.095100
11.095100
11.095100
11.095200
11.095200
11.095200
11.095200
11.095200
11.095200
11.095200
11.095300
11.095300
11.095300
11.095300
11.095300
11.095300
11.095300
11.095400
11.095400
11.095400
11.095400
11.095400
11.095400
11.095400
11.095400
11.095500
11.095500
11.095500
11.095500
11.095500
11.095500
11.095500
11.095500
11.095500
11.095500
11.095600
11.095600
11.095600
11.095600
11.095600
11.095600
11.095600
11.095600
11.095600
11.095600
11.095600
11.095700
11.095700
11.095700
11.095700
11.095700
11.095700
11.095700
11.095700
11.095700
11.095700
11.095700
11.095700
11.095700
11.095700
11.095700
11.095700
11.095800
11.095800
11.095800
11.095800
11.095800
11.095800
11.095800
11.095800
11.095800
11.095800
11.095800
11.095800
11.095800
11.095800
11.095800
11.095800
11.095800
11.095800
11.095800
11.095800
11.095800
11.095800
11.095800
11.095800
11.095800
11.095800
11.095800
11.095800
11.095800
11.095800
11.095800
11.095800
11.095800
11.095800
11.095800
11.095800
11.095800
11.095800
11.095800
11.095800
11.095800
11.095800
11.095800
11.095800
11.095800
11.095800
11.095800
11.095800
11.095800
11.095800
11.095800
11.095800
11.095800
11.095800
11.095800
11.095800
11.095800
11.095800
11.095800
11.095800
11.095800
11.095800
11.095800
11.095800
11.095800
11.095800
11.095800
11.095800
11.095800
11.095800
11.095800
11.095800
11.095800
11.095800
11.095800
11.095800
11.095800
11.095800
11.095800
11.095800
11.095800
11.095800
11.095800
11.095800
11.095800
11.095800
11.095800
11.095700
11.095700
11.095700
11.095700
11.095700
11.095700
11.095700
11.095700
11.095700
11.095700
11.095700
11.095700
11.095700
11.095700
11.095700
11.095700
11.095700
11.095700
11.095700
11.095700
11.095600
11.095600
11.095600
11.095600
11.095600
11.095600
11.095600
11.095600
11.095600
11.095600
11.095600
11.095600
11.095600
11.095600
11.095600
11.095600
11.095500
11.095500
11.095500
11.095500
11.095500
11.095500
11.095500
11.095500
11.095500
11.095500
11.095500
11.095500
11.095500
11.095500
11.095500
11.095400
11.095400
11.095400
11.095400
11.095400
11.095400
11.095400
11.095400
11.095400
11.095400
11.095400
11.095400
11.095400
11.095300
11.095300
11.095300
11.095300
11.095300
11.095300
11.095300
11.095300
11.095300
11.095300
11.095300
11.095200
11.095200
11.095200
11.095200
11.095200
11.095200
11.095200
11.095200
11.095200
11.095200
11.095200
11.095200
11.095100
11.095100
11.095100
11.095100
11.095100
11.095100
11.095100
11.095100
11.095100
11.095100
11.095000
11.095000
11.095000
11.095000
11.095000
11.095000
11.095000
11.095000
11.095000
11.095000
11.095000
11.094900
11.094900
11.094900
11.094900
11.094900
11.094900
11.094900
11.094900
11.094900
11.094800
11.094800
11.094800
11.094800
11.094800
11.094800
11.094800
11.094800
11.094800
11.094800
11.094700
11.094700
11.094700
11.094700
11.094700
11.094700
11.094700
11.094700
11.094700
11.094600
11.094600
11.094600
11.094600
11.094600
11.094600
11.094600
11.094600
11.094600
11.094500
11.094500
11.094500
11.094500
11.094500
11.094500
11.094500
11.094500
11.094500
11.094400
11.094400
11.094400
11.094400
11.094400
11.094400
11.094400
11.094400
11.094400
11.094300
11.094300
11.094300
11.094300
11.094300
11.094300
11.094300
11.094300
11.094200
11.094200
11.094200
11.094200
11.094200
11.094200
11.094200
11.094200
11.094200
11.094100
11.094100
11.094100
11.094100
11.094100
11.094100
11.094100
11.094100
11.094000
11.094000
11.094000
11.094000
11.094000
11.094000
11.094000
11.094000
11.093900
11.093900
11.093900
11.093900
11.093900
11.093900
11.093900
11.093900
11.093800
11.093800
11.093800
11.093800
11.093800
11.093800
11.093800
11.093800
11.093700
11.093700
11.093700
11.093700
11.093700
11.093700
11.093700
11.093700
11.093600
11.093600
11.093600
11.093600
11.093600
11.093600
11.093600
11.093500
11.093500
11.093500
11.093500
11.093500
11.093500
11.093500
11.093500
11.093400
11.093400
11.093400
11.093400
11.093400
11.093400
11.093400
11.093300
11.093300
11.093300
11.093300
11.093300
11.093300
11.093300
11.093300
11.093200
11.093200
11.093200
11.093200
11.093200
11.093200
11.093200
11.093100
11.093100
11.093100
11.093100
11.093100
11.093100
11.093100
11.093100
11.093000
11.093000
11.093000
11.093000
11.093000
11.093000
11.093000
11.092900
11.092900
11.092900
11.092900
11.092900
11.092900
11.092900
11.092800
11.092800
11.092800
11.092800
11.092800
11.092800
11.092800
11.092700
11.092700
11.092700
11.092700
11.092700
11.092700
11.092700
11.092600
11.092600
11.092600
11.092600
11.092600
11.092600
11.092600
11.092500
11.092500
11.092500
11.092500
11.092500
11.092500
11.092500
11.092400
11.092400
11.092400
11.092400
11.092400
11.092400
11.092400
11.092300
11.092300
11.092300
11.092300
11.092300
11.092300
11.092300
11.092200
11.092200
11.092200
11.092200
11.092200
11.092200
11.092200
11.092100
11.092100
11.092100
11.092100
11.092100
11.092100
11.092100
11.092000
11.092000
11.092000
11.092000
11.092000
11.092000
11.092000
11.091900
11.091900
11.091900
11.091900
11.091900
11.091900
11.091900
11.091800
11.091800
11.091800
11.091800
11.091800
11.091800
11.091800
11.091700
11.091700
11.091700
11.091700
11.091700
11.091700
11.091700
11.091600
11.091600
11.091600
11.091600
11.091600
11.091600
11.091500
11.091500
11.091500
11.091500
11.091500
11.091500
11.091500
11.091400
11.091400
11.091400
11.091400
11.091400
11.091400
11.091400
11.091300
11.091300
11.091300
11.091300
11.091300
11.091300
11.091200
11.091200
11.091200
11.091200
11.091200
11.091200
11.091200
11.091100
11.091100
11.091100
11.091100
11.091100
11.091100
11.091100
11.091000
11.091000
11.091000
11.091000
11.091000
11.091000
11.090900
11.090900
11.090900
11.090900
11.090900
11.090900
11.090900
11.090800
11.090800
11.090800
11.090800
11.090800
11.090800
11.090700
11.090700
11.090700
11.090700
11.090700
11.090700
11.090700
11.090600
11.090600
11.090600
11.090600
11.090600
11.090600
11.090600
11.090500
11.090500
11.090500
11.090500
11.090500
11.090500
11.090400
11.090400
11.090400
11.090400
11.090400
11.090400
11.090400
11.090300
11.090300
11.090300
11.090300
11.090300
11.090300
11.090200
11.090200
11.090200
11.090200
11.090200
11.090200
11.090200
11.090100
11.090100
11.090100
11.090100
11.090100
11.090100
11.090000
11.090000
11.090000
11.090000
11.090000
11.090000
11.089900
11.089900
11.089900
11.089900
11.089900
11.089900
11.089900
11.089800
11.089800
11.089800
11.089800
11.089800
11.089800
11.089700
11.089700
11.089700
11.089700
11.089700
11.089700
11.089700
11.089600
11.089600
11.089600
11.089600
11.089600
11.089600
11.089500
11.089500
11.089500
11.089500
11.089500
11.089500
11.089400
11.089400
11.089400
11.089400
11.089400
11.089400
11.089400
11.089300
11.089300
11.089300
11.089300
11.089300
11.089300
11.089200
11.089200
11.089200
11.089200
11.089200
11.089200
11.089200
11.089100
11.089100
11.089100
11.089100
11.089100
11.089100
11.089000
11.089000
11.089000
11.089000
11.089000
11.089000
11.088900
11.088900
11.088900
11.088900
11.088900
11.088900
11.088900
11.088800
11.088800
11.088800
11.088800
11.088800
11.088800
11.088700
11.088700
11.088700
11.088700
11.088700
11.088700
11.088600
11.088600
11.088600
11.088600
11.088600
11.088600
11.088500
11.088500
11.088500
11.088500
11.088500
11.088500
11.088500
11.088400
11.088400
11.088400
11.088400
11.088400
11.088400
11.088300
11.088300
11.088300
11.088300
11.088300
11.088300
11.088200
11.088200
11.088200
11.088200
11.088200
11.088200
11.088200
11.088100
11.088100
11.088100
11.088100
11.088100
11.088100
11.088000
11.088000
11.088000
11.088000
11.088000
11.088000
11.087900
11.087900
11.087900
11.087900
11.087900
11.087900
11.087800
11.087800
11.087800
11.087800
11.087800
11.087800
11.087800
11.087700
11.087700
11.087700
11.087700
11.087700
11.087700
11.087600
11.087600
11.087600
11.087600
11.087600
11.087600
11.087500
11.087500
11.087500
11.087500
11.087500
11.087500
11.087400
11.087400
11.087400
11.087400
11.087400
11.087400
11.087300
11.087300
11.087300
11.087300
11.087300
11.087300
11.087300
11.087200
11.087200
11.087200
