1.152680
1.150780
1.148890
1.147010
1.145140
1.143280
1.141550
1.141000
1.142230
1.145420
1.150970
1.159690
1.173320
1.194970
1.228730
1.279080
1.350150
1.445220
1.566420
1.714610
1.889510
2.089820
2.313530
2.558150
2.820930
3.099120
3.390070
3.691300
4.000550
4.315790
4.635110
4.956750
5.279090
5.600650
5.920030
6.236270
6.548420
6.855920
7.158240
7.455150
7.746430
8.031960
8.311800
8.585960
8.854430
9.117270
9.374640
9.626600
9.873200
10.114600
10.350800
10.582000
10.808300
11.029700
11.246400
11.458400
11.665800
11.868600
12.067000
12.261100
12.450800
12.636300
12.817600
12.994900
13.168100
13.337300
13.502600
13.664000
13.821600
13.975500
14.125700
14.272300
14.415200
14.554600
14.690500
14.822900
14.952000
15.077700
15.200100
15.319300
15.435200
15.547900
15.657600
15.764100
15.867600
15.968100
16.065600
16.160200
16.251900
16.340800
16.426900
16.510200
16.590800
16.668700
16.743900
16.816500
16.886500
16.954000
17.018900
17.081400
17.141300
17.198900
17.254100
17.307000
17.357500
17.405700
17.451700
17.495400
17.536900
17.576300
17.613500
17.648600
17.681700
17.712700
17.741600
17.768600
17.793500
17.816600
17.837700
17.856900
17.874300
17.889800
17.903600
17.915500
17.925700
17.934200
17.940800
17.945900
17.949300
17.951000
17.951200
17.949700
17.946700
17.942200
17.936000
17.928500
17.919400
17.908900
17.896900
17.883600
17.868800
17.852700
17.835300
17.816400
17.796300
17.775000
17.752300
17.728500
17.703300
17.677000
17.649500
17.620800
17.591000
17.560100
17.528000
17.494900
17.460700
17.425400
17.389100
17.351900
17.313600
17.274200
17.234000
17.192800
17.150700
17.107600
17.063700
17.018900
16.973200
16.926800
16.879400
16.831300
16.782300
16.732600
16.682100
16.630900
16.578900
16.526300
16.472900
16.418900
16.364100
16.308800
16.252700
16.196100
16.138800
16.081000
16.022500
15.963500
15.903900
15.843900
15.783200
15.722100
15.660500
15.598400
15.535800
15.472800
15.409300
15.345400
15.281000
15.216300
15.151200
15.085700
15.019900
14.953600
14.887100
14.820200
14.753000
14.685500
14.617700
14.549600
14.481300
14.412700
14.343800
14.274800
14.205500
14.136000
14.066300
13.996400
13.926400
13.856200
13.785800
13.715300
13.644600
13.573900
13.503100
13.432100
13.361100
13.290000
13.218800
13.147600
13.076300
13.005000
12.933700
12.862300
12.791000
12.719600
12.648400
12.577000
12.505800
12.434600
12.363400
12.292400
12.221300
12.150400
12.079600
12.008900
11.938200
11.867700
11.797400
11.727100
11.657100
11.587200
11.517400
11.447900
11.378400
11.309300
11.240200
11.171400
11.102900
11.034400
10.966300
10.898400
10.830700
10.763400
10.696200
10.629300
10.562700
10.496300
10.430300
10.364500
10.299100
10.233900
10.169100
10.104600
10.040300
9.976520
9.912960
9.849740
9.786900
9.724390
9.662220
9.600430
9.538970
9.477900
9.417160
9.356860
9.296890
9.237310
9.178120
9.119370
9.060950
9.002910
8.945320
8.888110
8.831290
8.774860
8.718870
8.663270
8.608100
8.553330
8.498990
8.445040
8.391480
8.338420
8.285690
8.233450
8.181540
8.130140
8.079110
8.028480
7.978340
7.928530
7.879230
7.830250
7.781770
7.733670
7.685960
7.638700
7.591870
7.545380
7.499380
7.453720
7.408490
7.363710
7.319260
7.275250
7.231680
7.188450
7.145600
7.103190
7.061170
7.019540
6.978230
6.937370
6.896900
6.856750
6.817000
6.777630
6.738640
6.699990
6.661720
6.623790
6.586240
6.549080
6.512190
6.475690
6.439580
6.403740
6.368290
6.333180
6.298390
6.263930
6.229750
6.195960
6.162440
6.129310
6.096400
6.063880
6.031630
5.999710
5.968070
5.936710
5.905680
5.874920
5.844500
5.814290
5.784420
5.754820
5.725500
5.696400
5.667630
5.639140
5.610870
5.582870
5.555150
5.527620
5.500400
5.473430
5.446700
5.420220
5.393980
5.367970
5.342200
5.316670
5.291360
5.266290
5.241430
5.216800
5.192390
5.168200
5.144220
5.120460
5.096900
5.073550
5.050410
5.027460
5.004720
4.982170
4.959820
4.937660
4.915690
4.893910
4.872320
4.850900
4.829670
4.808620
4.787750
4.767050
4.746530
4.726170
4.705990
4.685960
4.666110
4.646420
4.626890
4.607520
4.588310
4.569240
4.550340
4.531590
4.512980
4.494520
4.476210
4.458050
4.440030
4.422150
4.404400
4.386810
4.369330
4.352010
4.334810
4.317740
4.300800
4.284000
4.267320
4.250770
4.234330
4.218030
4.201840
4.185780
4.169830
4.154000
4.138290
4.122690
4.107210
4.091840
4.076580
4.061430
4.046390
4.031450
4.016630
4.001910
3.987280
3.972770
3.958360
3.944040
3.929830
3.915710
3.901700
3.887770
3.873940
3.860210
3.846570
3.833030
3.819570
3.806210
3.792930
3.779750
3.766650
3.753630
3.740700
3.727870
3.715110
3.702430
3.689840
3.677330
3.664900
3.652540
3.640270
3.628080
3.615960
3.603920
3.591950
3.580060
3.568250
3.556500
3.544840
3.533240
3.521710
3.510260
3.498870
3.487560
3.476310
3.465130
3.454020
3.442980
3.431990
3.421080
3.410230
3.399450
3.388720
3.378070
3.367470
3.356940
3.346460
3.336050
3.325700
3.315410
3.305170
3.295000
3.284880
3.274820
3.264820
3.254870
3.244980
3.235140
3.225360
3.215630
3.205950
3.196340
3.186770
3.177250
3.167790
3.158380
3.149010
3.139700
3.130440
3.121230
3.112070
3.102960
3.093900
3.084880
3.075910
3.066990
3.058110
3.049290
3.040510
3.031770
3.023080
3.014430
3.005830
2.997270
2.988760
2.980280
2.971850
2.963470
2.955130
2.946820
2.938570
2.930350
2.922170
2.914030
2.905930
2.897880
2.889860
2.881880
2.873940
2.866050
2.858180
2.850360
2.842570
2.834830
2.827110
2.819440
2.811800
2.804200
2.796630
2.789100
2.781610
2.774150
2.766730
2.759330
2.751980
2.744660
2.737370
2.730120
2.722900
2.715710
2.708560
2.701440
2.694350
2.687290
2.680270
2.673270
2.666310
2.659380
2.652480
2.645610
2.638770
2.631970
2.625190
2.618440
2.611720
2.605040
2.598380
2.591750
2.585150
2.578570
2.572030
2.565510
2.559020
2.552570
2.546140
2.539730
2.533350
2.527000
2.520680
2.514380
2.508110
2.501870
2.495650
2.489460
2.483300
2.477160
2.471040
2.464960
2.458890
2.452850
2.446840
2.440850
2.434880
2.428940
2.423030
2.417140
2.411270
2.405420
2.399600
2.393800
2.388030
2.382280
2.376550
2.370840
2.365160
2.359500
2.353860
2.348250
2.342650
2.337080
2.331530
2.326010
2.320500
2.315020
2.309550
2.304110
2.298690
2.293290
2.287910
2.282550
2.277210
2.271890
2.266590
2.261320
2.256060
2.250820
2.245600
2.240400
2.235220
2.230060
2.224920
2.219810
2.214700
2.209620
2.204550
2.199510
2.194480
2.189470
2.184490
2.179510
2.174560
2.169630
2.164710
2.159810
2.154930
2.150070
2.145220
2.140390
2.135580
2.130790
2.126010
2.121250
2.116510
2.111780
2.107080
2.102380
2.097710
2.093050
2.088410
2.083780
2.079170
2.074580
2.070010
2.065440
2.060890
2.056370
2.051860
2.047350
2.042870
2.038400
2.033950
2.029520
2.025100
2.020690
2.016300
2.011930
2.007570
2.003220
1.998880
1.994570
1.990270
1.985980
1.981710
1.977450
1.973210
1.968980
1.964760
1.960560
1.956370
1.952200
1.948040
1.943890
1.939760
1.935640
1.931540
1.927440
1.923370
1.919310
1.915250
1.911220
1.907190
1.903180
1.899180
1.895190
1.891220
1.887260
1.883310
1.879380
1.875460
1.871550
1.867650
1.863770
1.859900
1.856040
1.852190
1.848360
1.844540
1.840730
1.836930
1.833140
1.829370
1.825610
1.821860
1.818120
1.814390
1.810680
1.806980
1.803280
1.799600
1.795930
1.792280
1.788630
1.785000
1.781370
1.777760
1.774160
1.770570
1.766990
1.763430
1.759870
1.756320
1.752790
1.749260
1.745740
1.742230
1.738740
1.735260
1.731790
1.728330
1.724880
1.721440
1.718010
1.714590
1.711180
1.707790
1.704400
1.701020
1.697650
1.694290
1.690950
1.687610
1.684280
1.680960
1.677660
1.674360
1.671070
1.667790
1.664520
1.661260
1.658010
1.654770
1.651540
1.648320
1.645110
1.641900
1.638710
1.635530
1.632360
1.629190
1.626030
1.622890
1.619740
1.616620
1.613500
1.610380
1.607290
1.604200
1.601110
1.598030
1.594970
1.591910
1.588860
1.585820
1.582790
1.579770
1.576750
1.573750
1.570750
1.567760
1.564780
1.561810
1.558850
1.555890
1.552940
1.550000
1.547080
1.544150
1.541240
1.538340
1.535440
1.532550
1.529670
1.526800
1.523930
1.521070
1.518220
1.515380
1.512550
1.509720
1.506910
1.504100
1.501290
1.498500
1.495710
1.492930
1.490160
1.487400
1.484640
1.481890
1.479150
1.476420
1.473690
1.470970
1.468260
1.465560
1.462860
1.460170
1.457490
1.454820
1.452150
1.449490
1.446830
1.444190
1.441550
1.438920
1.436300
1.433670
1.431070
1.428460
1.425870
1.423280
1.420690
1.418120
1.415550
1.412990
1.410430
1.407880
1.405340
1.402810
1.400280
1.397750
1.395240
1.392730
1.390230
1.387740
1.385250
1.382770
1.380290
1.377830
1.375360
1.372910
1.370450
1.368010
1.365580
1.363150
1.360730
1.358310
1.355890
1.353490
1.351090
1.348700
1.346310
1.343930
1.341560
1.339190
1.336830
1.334480
1.332130
1.329790
1.327450
1.325120
1.322790
1.320470
1.318160
1.315850
1.313550
1.311260
1.308960
1.306680
1.304400
1.302130
1.299860
1.297610
1.295350
1.293110
1.290860
1.288620
1.286390
1.284170
1.281950
1.279730
1.277520
1.275320
1.273120
1.270930
1.268740
1.266560
1.264390
1.262220
1.260050
1.257890
1.255740
1.253590
1.251440
1.249310
1.247180
1.245050
1.242920
1.240810
1.238700
1.236600
1.234490
1.232400
1.230310
1.228230
1.226140
1.224070
1.222000
1.219940
1.217880
1.215820
1.213780
1.211730
1.209690
1.207660
1.205630
1.203600
1.201590
1.199570
1.197560
1.195560
1.193560
1.191570
1.189580
1.187600
1.185610
1.183640
1.181670
1.179710
1.177750
1.175790
1.173840
1.171900
1.169960
1.168020
1.166090
1.164160
1.162240
1.160330
1.158410
1.156500
1.154600
1.152700
1.150810
1.148920
1.147030
1.145160
1.143300
1.141570
1.141030
1.142260
1.145450
1.151000
1.159720
1.173350
1.195000
1.228770
1.279130
1.350200
1.445280
1.566490
1.714680
1.889590
2.089900
2.313620
2.558240
2.821020
3.099230
3.390180
3.691410
4.000670
4.315900
4.635230
4.956880
5.279240
5.600800
5.920230
6.236460
6.548610
6.856110
7.158430
7.455330
7.746600
8.032180
8.312030
8.586180
8.854650
9.117540
9.374900
9.626860
9.873520
10.114900
10.351100
10.582400
10.808700
11.030100
11.246800
11.458700
11.666100
11.869000
12.067500
12.261500
12.451200
12.636800
12.818100
12.995300
13.168600
13.337700
13.503100
13.664500
13.822200
13.976100
14.126200
14.272800
14.415700
14.555200
14.691100
14.823500
14.952600
15.078400
15.200800
15.319900
15.435800
15.548600
15.658200
15.764800
15.868200
15.968700
16.066300
16.160900
16.252700
16.341600
16.427600
16.511000
16.591500
16.669400
16.744700
16.817300
16.887300
16.954800
17.019700
17.082200
17.142200
17.199800
17.255000
17.307800
17.358300
17.406600
17.452600
17.496300
17.537800
17.577200
17.614500
17.649600
17.682600
17.713600
17.742600
17.769500
17.794500
17.817600
17.838700
17.857900
17.875300
17.890900
17.904600
17.916600
17.926700
17.935200
17.941900
17.947000
17.950400
17.952100
17.952300
17.950900
17.947800
17.943200
17.937200
17.929600
17.920600
17.910100
17.898100
17.884800
17.870000
17.853900
17.836500
17.817700
17.797600
17.776200
17.753600
17.729700
17.704600
17.678300
17.650800
17.622100
17.592300
17.561400
17.529300
17.496200
17.462000
17.426700
17.390500
17.353200
17.314900
17.275600
17.235400
17.194200
17.152000
17.109000
17.065100
17.020300
16.974600
16.928100
16.880800
16.832700
16.783700
16.734000
16.683600
16.632300
16.580400
16.527700
16.474400
16.420300
16.365600
16.310200
16.254200
16.197600
16.140300
16.082400
16.024000
15.965000
15.905500
15.845400
15.784700
15.723600
15.662000
15.599900
15.537300
15.474300
15.410800
15.346900
15.282500
15.217800
15.152700
15.087200
15.021400
14.955200
14.888600
14.821700
14.754500
14.687000
14.619200
14.551100
14.482800
14.414200
14.345400
14.276300
14.207000
14.137500
14.067800
13.998000
13.927900
13.857700
13.787300
13.716800
13.646200
13.575400
13.504600
13.433700
13.362600
13.291500
13.220300
13.149100
13.077800
13.006500
12.935100
12.863800
12.792500
12.721100
12.649800
12.578500
12.507300
12.436000
12.364900
12.293800
12.222800
12.151900
12.081000
12.010300
11.939700
11.869200
11.798800
11.728600
11.658500
11.588600
11.518800
11.449300
11.379800
11.310700
11.241600
11.172800
11.104200
11.035800
10.967700
10.899800
10.832100
10.764700
10.697500
10.630700
10.564000
10.497700
10.431700
10.365900
10.300400
10.235200
10.170400
10.105900
10.041700
9.977770
9.914210
9.850990
9.788150
9.725590
9.663410
9.601630
9.540170
9.479100
9.418360
9.358060
9.298100
9.238520
9.179320
9.120520
9.062100
9.004060
8.946420
8.889210
8.832390
8.775960
8.719970
8.664370
8.609210
8.554370
8.500040
8.446090
8.392530
8.339410
8.286740
8.234450
8.182600
8.131130
8.080110
8.029480
7.979290
7.929540
7.880170
7.831190
7.782710
7.734560
7.686910
7.639590
7.592770
7.546270
7.500220
7.454610
7.409390
7.364550
7.320160
7.276090
7.232470
7.189290
7.146440
7.103980
7.061960
7.020330
6.979030
6.938160
6.897630
6.857490
6.817740
6.778370
6.739380
6.700730
6.662460
6.624530
6.586980
6.549770
6.512940
6.476380
6.440270
6.404430
6.368980
6.333810
6.299020
6.264570
6.230390
6.196600
6.163080
6.129890
6.097040
6.064460
6.032210
6.000300
5.968660
5.937300
5.906260
5.875510
5.845030
5.814880
5.785010
5.755350
5.726030
5.696990
5.668170
5.639670
5.611400
5.583410
5.555630
5.528190
5.500940
5.473960
5.447230
5.420740
5.394490
5.368490
5.342710
5.317170
5.291870
5.266780
5.241930
5.217290
5.192880
5.168680
5.144700
5.120930
5.097370
5.074010
5.050860
5.027920
5.005170
4.982620
4.960260
4.938100
4.916130
4.894340
4.872740
4.851330
4.830090
4.809040
4.788160
4.767460
4.746930
4.726570
4.706390
4.686360
4.666500
4.646810
4.627280
4.607900
4.588680
4.569620
4.550710
4.531950
4.513350
4.494890
4.476580
4.458410
4.440380
4.422500
4.404760
4.387150
4.369680
4.352350
4.335150
4.318080
4.301140
4.284330
4.267650
4.251090
4.234660
4.218350
4.202160
4.186100
4.170150
4.154320
4.138600
4.123000
4.107520
4.092140
4.076880
4.061730
4.046680
4.031750
4.016920
4.002190
3.987570
3.973060
3.958640
3.944330
3.930110
3.915990
3.901970
3.888050
3.874220
3.860480
3.846850
3.833300
3.819840
3.806470
3.793200
3.780010
3.766910
3.753890
3.740960
3.728120
3.715330
3.702650
3.690060
3.677550
3.665120
3.652760
3.640490
3.628290
3.616170
3.604130
3.592170
3.580280
3.568460
3.556720
3.545040
3.533450
3.521920
3.510460
3.499080
3.487760
3.476510
3.465330
3.454220
3.443170
3.432190
3.421270
3.410420
3.399640
3.388920
3.378260
3.367660
3.357120
3.346650
3.336240
3.325880
3.315590
3.305350
3.295180
3.285060
3.274990
3.264990
3.255040
3.245150
3.235320
3.225530
3.215800
3.206130
3.196500
3.186940
3.177420
3.167960
3.158540
3.149180
3.139870
3.130610
3.121400
3.112240
3.103120
3.094060
3.085040
3.076070
3.067150
3.058270
3.049440
3.040660
3.031920
3.023230
3.014590
3.005980
2.997420
2.988900
2.980430
2.972010
2.963620
2.955280
2.946970
2.938710
2.930490
2.922310
2.914170
2.906080
2.898020
2.890000
2.882030
2.874090
2.866180
2.858320
2.850500
2.842710
2.834960
2.827250
2.819570
2.811930
2.804330
2.796770
2.789230
2.781740
2.774280
2.766850
2.759470
2.752110
2.744790
2.737500
2.730250
2.723020
2.715840
2.708680
2.701560
2.694470
2.687410
2.680390
2.673390
2.666430
2.659500
2.652610
2.645740
2.638890
2.632090
2.625310
2.618560
2.611840
2.605160
2.598490
2.591870
2.585260
2.578690
2.572150
2.565630
2.559140
2.552680
2.546250
2.539850
2.533470
2.527110
2.520790
2.514500
2.508220
2.501980
2.495760
2.489570
2.483400
2.477260
2.471150
2.465060
2.459000
2.452960
2.446940
2.440950
2.434990
2.429050
2.423130
2.417240
2.411370
2.405530
2.399710
2.393910
2.388130
2.382380
2.376650
2.370940
2.365260
2.359600
2.353960
2.348350
2.342760
2.337180
2.331630
2.326110
2.320600
2.315110
2.309650
2.304210
2.298790
2.293390
2.288000
2.282650
2.277310
2.271980
2.266690
2.261410
2.256150
2.250910
2.245700
2.240500
2.235320
2.230160
2.225020
2.219900
2.214800
2.209710
2.204650
2.199600
2.194580
2.189570
2.184580
2.179610
2.174650
2.169720
2.164800
2.159900
2.155020
2.150150
2.145310
2.140480
2.135670
2.130880
2.126100
2.121340
2.116600
2.111870
2.107160
2.102470
2.097800
2.093140
2.088490
2.083870
2.079250
2.074660
2.070080
2.065520
2.060980
2.056450
2.051930
2.047440
2.042960
2.038490
2.034040
2.029600
2.025180
2.020770
2.016380
2.012010
2.007640
2.003300
1.998960
1.994650
1.990350
1.986060
1.981790
1.977530
1.973280
1.969050
1.964840
1.960640
1.956450
1.952270
1.948110
1.943970
1.939840
1.935720
1.931610
1.927520
1.923440
1.919380
1.915330
1.911290
1.907260
1.903250
1.899250
1.895270
1.891300
1.887340
1.883390
1.879450
1.875530
1.871620
1.867720
1.863840
1.859970
1.856110
1.852260
1.848430
1.844610
1.840800
1.837000
1.833210
1.829440
1.825680
1.821930
1.818190
1.814460
1.810750
1.807050
1.803350
1.799670
1.796000
1.792350
1.788700
1.785060
1.781440
1.777830
1.774230
1.770640
1.767060
1.763490
1.759940
1.756390
1.752850
1.749330
1.745820
1.742310
1.738820
1.735340
1.731870
1.728410
1.724960
1.721520
1.718090
1.714670
1.711260
1.707860
1.704480
1.701100
1.697730
1.694370
1.691020
1.687680
1.684350
1.681040
1.677730
1.674430
1.671140
1.667860
1.664590
1.661330
1.658080
1.654850
1.651610
1.648390
1.645180
1.641980
1.638780
1.635600
1.632420
1.629260
1.626100
1.622950
1.619820
1.616690
1.613570
1.610460
1.607350
1.604260
1.601180
1.598110
1.595040
1.591980
1.588930
1.585890
1.582860
1.579830
1.576820
1.573820
1.570820
1.567830
1.564850
1.561880
1.558910
1.555960
1.553010
1.550070
1.547150
1.544220
1.541310
1.538400
1.535510
1.532610
1.529740
1.526860
1.523990
1.521140
1.518290
1.515450
1.512610
1.509790
1.506970
1.504160
1.501360
1.498570
1.495780
1.492990
1.490230
1.487460
1.484710
1.481960
1.479220
1.476480
1.473760
1.471030
1.468320
1.465620
1.462920
1.460230
1.457550
1.454870
1.452200
1.449540
1.446880
1.444240
1.441600
1.438970
1.436340
1.433730
1.431110
1.428510
1.425920
1.423330
1.420740
1.418170
1.415600
1.413040
1.410480
1.407930
1.405390
1.402850
1.400330
1.397810
1.395290
1.392780
1.390280
1.387790
1.385300
1.382820
1.380340
1.377870
1.375410
1.372950
1.370510
1.368060
1.365630
1.363200
1.360770
1.358360
1.355940
1.353540
1.351140
1.348750
1.346360
1.343980
1.341610
1.339240
1.336880
1.334520
1.332180
1.329830
1.327490
1.325160
1.322840
1.320520
1.318210
1.315900
1.313600
1.311310
1.309010
1.306730
1.304450
1.302180
1.299910
1.297660
1.295400
1.293150
1.290910
1.288670
1.286440
1.284210
1.281990
1.279780
1.277570
1.275360
1.273170
1.270980
1.268790
1.266610
1.264430
1.262260
1.260100
1.257940
1.255790
1.253630
1.251490
1.249350
1.247220
1.245100
1.242970
1.240850
1.238750
1.236640
1.234540
1.232450
1.230350
1.228270
1.226190
1.224110
1.222040
1.219980
1.217920
1.215870
1.213820
1.211770
1.209730
1.207700
1.205670
1.203650
1.201630
1.199620
1.197610
1.195600
1.193610
1.191610
1.189620
1.187640
1.185660
1.183680
1.181710
1.179750
1.177790
1.175840
1.173880
1.171940
1.170000
1.168060
1.166130
1.164200
1.162280
1.160370
1.158450
1.156540
1.154640
1.152740
1.150850
1.148960
1.147070
1.145200
1.143350
1.141610
1.141070
1.142300
1.145490
1.151040
1.159760
1.173390
1.195040
1.228810
1.279160
1.350230
1.445300
1.566500
1.714690
1.889580
2.089890
2.313590
2.558200
2.820980
3.099170
3.390110
3.691330
4.000610
4.315840
4.635180
4.956830
5.279180
5.600710
5.920190
6.236420
6.548560
6.856070
7.158380
7.455280
7.746610
8.032190
8.312030
8.586180
8.854640
9.117530
9.374900
9.626850
9.873450
10.114900
10.351100
10.582400
10.808700
11.030100
11.246800
11.458700
11.666100
11.869000
12.067400
12.261500
12.451300
12.636700
12.818100
12.995400
13.168500
13.337800
13.503100
13.664500
13.822200
13.976100
14.126300
14.272800
14.415800
14.555200
14.691100
14.823600
14.952700
15.078400
15.200800
15.320000
15.435900
15.548600
15.658300
15.764800
15.868300
15.968800
16.066400
16.161000
16.252700
16.341600
16.427800
16.511100
16.591600
16.669600
16.744800
16.817400
16.887400
16.954900
17.019800
17.082400
17.142300
17.199900
17.255100
17.308000
17.358500
17.406800
17.452700
17.496500
17.538100
17.577400
17.614600
17.649800
17.682800
17.713800
17.742800
17.769800
17.794800
17.817800
17.839000
17.858200
17.875600
17.891200
17.904900
17.916800
17.927100
17.935500
17.942200
17.947300
17.950700
17.952500
17.952600
17.951200
17.948200
17.943600
17.937600
17.930000
17.920900
17.910400
17.898500
17.885200
17.870400
17.854300
17.836800
17.818100
17.798000
17.776700
17.754000
17.730100
17.705000
17.678700
17.651300
17.622600
17.592700
17.561700
17.529700
17.496600
17.462400
17.427100
17.390800
17.353600
17.315300
17.276000
17.235700
17.194600
17.152400
17.109400
17.065500
17.020700
16.975100
16.928600
16.881300
16.833100
16.784200
16.734500
16.684000
16.632800
16.580800
16.528200
16.474800
16.420700
16.366000
16.310600
16.254700
16.198000
16.140700
16.082900
16.024500
15.965500
15.906000
15.845900
15.785300
15.724100
15.662500
15.600400
15.537800
15.474800
15.411300
15.347400
15.283100
15.218400
15.153300
15.087800
15.021900
14.955700
14.889200
14.822300
14.755100
14.687600
14.619700
14.551700
14.483400
14.414800
14.345900
14.276900
14.207600
14.138100
14.068400
13.998600
13.928500
13.858300
13.787900
13.717400
13.646800
13.576000
13.505200
13.434200
13.363200
13.292100
13.220900
13.149700
13.078400
13.007100
12.935800
12.864400
12.793100
12.721700
12.650400
12.579100
12.507900
12.436700
12.365500
12.294400
12.223400
12.152500
12.081700
12.010900
11.940300
11.869800
11.799500
11.729200
11.659100
11.589200
11.519400
11.449900
11.380500
11.311200
11.242200
11.173400
11.104800
11.036400
10.968300
10.900400
10.832700
10.765300
10.698100
10.631200
10.564600
10.498300
10.432200
10.366400
10.301000
10.235800
10.170900
10.106400
10.042200
9.978300
9.914740
9.851520
9.788680
9.726120
9.663950
9.602160
9.540710
9.479640
9.418900
9.358550
9.298580
9.239000
9.179810
9.121010
9.062590
9.004550
8.946960
8.889700
8.832890
8.776450
8.720460
8.664860
8.609650
8.554870
8.500540
8.446540
8.393030
8.339910
8.287180
8.234890
8.183040
8.131580
8.080560
8.029930
7.979730
7.929930
7.880570
7.831640
7.783110
7.735010
7.687310
7.640040
7.593160
7.546730
7.500680
7.455010
7.409790
7.364950
7.320500
7.276500
7.232880
7.189640
7.146850
7.104390
7.062310
7.020680
6.979380
6.938520
6.897990
6.857840
6.818090
6.778720
6.739740
6.701080
6.662760
6.624890
6.587280
6.550070
6.513240
6.476740
6.440570
6.404740
6.369290
6.334110
6.299330
6.264870
6.230690
6.196900
6.163390
6.130200
6.097350
6.064770
6.032520
6.000550
5.968910
5.937600
5.906520
5.875760
5.845340
5.815130
5.785260
5.755610
5.726290
5.697250
5.668420
5.639880
5.611660
5.583670
5.555890
5.528390
5.501180
5.474200
5.447460
5.420970
5.394730
5.368710
5.342940
5.317400
5.292080
5.267000
5.242150
5.217510
5.193090
5.168890
5.144910
5.121130
5.097570
5.074220
5.051060
5.028120
5.005370
4.982820
4.960460
4.938290
4.916320
4.894530
4.872930
4.851520
4.830280
4.809220
4.788340
4.767640
4.747110
4.726750
4.706560
4.686530
4.666670
4.646980
4.627440
4.608070
4.588850
4.569780
4.550870
4.532120
4.513510
4.495050
4.476730
4.458560
4.440540
4.422650
4.404910
4.387300
4.369830
4.352500
4.335300
4.318220
4.301280
4.284480
4.267790
4.251230
4.234800
4.218490
4.202300
4.186230
4.170280
4.154450
4.138740
4.123140
4.107650
4.092280
4.077020
4.061860
4.046820
4.031880
4.017050
4.002320
3.987700
3.973180
3.958760
3.944450
3.930230
3.916110
3.902090
3.888170
3.874340
3.860610
3.846960
3.833420
3.819950
3.806590
3.793310
3.780120
3.767020
3.754000
3.741070
3.728230
3.715470
3.702790
3.690200
3.677680
3.665250
3.652890
3.640620
3.628420
3.616300
3.604260
3.592290
3.580400
3.568580
3.556840
3.545170
3.533570
3.522040
3.510580
3.499200
3.487880
3.476630
3.465450
3.454340
3.443290
3.432310
3.421390
3.410540
3.399760
3.389030
3.378380
3.367780
3.357250
3.346770
3.336360
3.326000
3.315710
3.305470
3.295300
3.285180
3.275120
3.265110
3.255160
3.245270
3.235430
3.225640
3.215920
3.206240
3.196620
3.187050
3.177530
3.168070
3.158650
3.149290
3.139980
3.130720
3.121510
3.112340
3.103230
3.094170
3.085150
3.076180
3.067260
3.058380
3.049550
3.040770
3.032030
3.023330
3.014690
3.006080
2.997530
2.989010
2.980540
2.972110
2.963720
2.955370
2.947070
2.938810
2.930590
2.922410
2.914280
2.906180
2.898120
2.890100
2.882120
2.874180
2.866280
2.858420
2.850590
2.842800
2.835060
2.827340
2.819670
2.812030
2.804420
2.796860
2.789330
2.781820
2.774360
2.766930
2.759540
2.752180
2.744860
2.737570
2.730320
2.723100
2.715910
2.708750
2.701630
2.694540
2.687480
2.680460
2.673460
2.666500
2.659570
2.652670
2.645800
2.638970
2.632160
2.625380
2.618630
2.611910
2.605220
2.598560
2.591930
2.585330
2.578760
2.572210
2.565690
2.559210
2.552750
2.546310
2.539910
2.533530
2.527180
2.520860
2.514560
2.508290
2.502050
2.495830
2.489630
2.483470
2.477330
2.471210
2.465120
2.459060
2.453020
2.447010
2.441020
2.435050
2.429110
2.423190
2.417300
2.411430
2.405580
2.399760
2.393970
2.388190
2.382440
2.376710
2.371010
2.365320
2.359660
2.354020
2.348410
2.342810
2.337240
2.331690
2.326160
2.320650
2.315170
2.309710
2.304260
2.298840
2.293440
2.288060
2.282700
2.277360
2.272040
2.266740
2.261460
2.256210
2.250970
2.245750
2.240550
2.235370
2.230210
2.225070
2.219950
2.214850
2.209760
2.204700
2.199650
2.194620
2.189620
2.184630
2.179650
2.174700
2.169770
2.164850
2.159950
2.155070
2.150210
2.145360
2.140530
2.135720
2.130930
2.126150
2.121390
2.116650
2.111920
2.107210
2.102520
2.097840
2.093190
2.088540
2.083920
2.079300
2.074710
2.070130
2.065570
2.061030
2.056490
2.051980
2.047480
2.043000
2.038530
2.034080
2.029640
2.025230
2.020820
2.016430
2.012050
2.007690
2.003340
1.999010
1.994700
1.990400
1.986110
1.981830
1.977570
1.973330
1.969100
1.964890
1.960680
1.956490
1.952320
1.948160
1.944010
1.939880
1.935760
1.931660
1.927570
1.923480
1.919420
1.915370
1.911330
1.907310
1.903300
1.899290
1.895310
1.891340
1.887380
1.883430
1.879500
1.875570
1.871660
1.867770
1.863880
1.860010
1.856150
1.852310
1.848470
1.844650
1.840840
1.837040
1.833260
1.829480
1.825720
1.821970
1.818230
1.814500
1.810790
1.807080
1.803390
1.799710
1.796050
1.792380
1.788740
1.785110
1.781490
1.777870
1.774270
1.770680
1.767100
1.763530
1.759970
1.756430
1.752890
1.749370
1.745850
1.742350
1.738860
1.735380
1.731910
1.728440
1.725000
1.721560
1.718120
1.714710
1.711300
1.707900
1.704510
1.701130
1.697770
1.694410
1.691060
1.687720
1.684390
1.681070
1.677770
1.674470
1.671180
1.667900
1.664630
1.661370
1.658120
1.654880
1.651650
1.648430
1.645220
1.642010
1.638820
1.635640
1.632460
1.629300
1.626140
1.622990
1.619860
1.616730
1.613610
1.610490
1.607390
1.604300
1.601220
1.598140
1.595080
1.592020
1.588970
1.585930
1.582890
1.579870
1.576850
1.573850
1.570850
1.567860
1.564880
1.561910
1.558950
1.555990
1.553040
1.550110
1.547180
1.544250
1.541340
1.538430
1.535540
1.532650
1.529770
1.526890
1.524030
1.521170
1.518320
1.515480
1.512650
1.509820
1.507010
1.504190
1.501390
1.498600
1.495810
1.493030
1.490260
1.487500
1.484740
1.481990
1.479250
1.476510
1.473790
1.471070
1.468360
1.465650
1.462960
1.460260
1.457590
1.454910
1.452240
1.449580
1.446930
1.444290
1.441650
1.439010
1.436390
1.433770
1.431160
1.428550
1.425960
1.423370
1.420790
1.418210
1.415640
1.413080
1.410530
1.407970
1.405430
1.402900
1.400370
1.397850
1.395340
1.392820
1.390320
1.387830
1.385340
1.382860
1.380380
1.377920
1.375450
1.373000
1.370550
1.368100
1.365670
1.363240
1.360810
1.358400
1.355980
1.353580
1.351180
1.348790
1.346400
1.344020
1.341650
1.339280
1.336920
1.334560
1.332210
1.329870
1.327540
1.325210
1.322880
1.320560
1.318240
1.315940
1.313640
1.311340
1.309060
1.306770
1.304490
1.302220
1.299960
1.297690
1.295440
1.293190
1.290940
1.288710
1.286480
1.284250
1.282030
1.279820
1.277600
1.275400
1.273200
1.271010
1.268820
1.266640
1.264470
1.262300
1.260130
1.257970
1.255820
1.253670
1.251530
1.249390
1.247260
1.245130
1.243010
1.240890
1.238780
1.236680
1.234570
1.232480
1.230390
1.228300
1.226220
1.224140
1.222070
1.220010
1.217950
1.215900
1.213850
1.211800
1.209760
1.207730
1.205700
1.203680
1.201660
1.199650
1.197640
1.195630
1.193630
1.191640
1.189650
1.187670
1.185690
1.183710
1.181740
1.179780
1.177820
1.175860
1.173910
1.171970
1.170020
1.168090
1.166160
1.164230
1.162310
1.160390
1.158480
1.156570
1.154670
1.152770
