0.095451
0.095518
0.095826
0.096549
0.098067
0.101869
0.234303
0.220517
0.215645
0.226751
0.250110
0.294811
0.363929
0.441719
0.517979
0.588927
0.654213
0.714605
0.770912
0.823654
0.873062
0.919168
0.961908
1.001190
1.036970
1.069220
1.097960
1.123220
1.144960
1.163080
1.177420
1.187840
1.194430
1.197540
1.197830
1.196030
1.192830
1.188750
1.184140
1.179200
1.174070
1.168790
1.163410
1.157930
1.152370
1.146740
1.141040
1.135280
1.129460
1.123590
1.117670
1.111710
1.105710
1.099680
1.093620
1.087540
1.081440
1.075320
1.069190
1.063040
1.056900
1.050740
1.044590
1.038440
1.032290
1.026150
1.020020
1.013890
1.007780
1.001680
0.995593
0.989523
0.983469
0.977434
0.971418
0.965422
0.959446
0.953493
0.947562
0.941654
0.935770
0.929910
0.924075
0.918266
0.912482
0.906725
0.900995
0.895292
0.889616
0.883968
0.878348
0.872757
0.867194
0.861659
0.856154
0.850678
0.845231
0.839814
0.834426
0.829068
0.823739
0.818441
0.813172
0.807934
0.802725
0.797547
0.792398
0.787280
0.782193
0.777135
0.772108
0.767111
0.762144
0.757208
0.752302
0.747426
0.742580
0.737765
0.732980
0.728225
0.723501
0.718806
0.714142
0.709507
0.704903
0.700329
0.695785
0.691270
0.686786
0.682331
0.677907
0.673511
0.669146
0.664810
0.660503
0.656227
0.651979
0.647761
0.643572
0.639412
0.635281
0.631179
0.627106
0.623062
0.619047
0.615061
0.611102
0.607173
0.603272
0.599399
0.595554
0.591737
0.587949
0.584188
0.580455
0.576750
0.573072
0.569422
0.565799
0.562203
0.558634
0.555092
0.551578
0.548089
0.544628
0.541193
0.537784
0.534402
0.531046
0.527715
0.524411
0.521132
0.517879
0.514652
0.511449
0.508272
0.505120
0.501993
0.498890
0.495813
0.492759
0.489730
0.486725
0.483745
0.480788
0.477855
0.474945
0.472059
0.469196
0.466357
0.463540
0.460747
0.457976
0.455227
0.452501
0.449797
0.447116
0.444456
0.441818
0.439202
0.436607
0.434033
0.431481
0.428950
0.426439
0.423950
0.421481
0.419032
0.416603
0.414195
0.411807
0.409438
0.407089
0.404760
0.402450
0.400159
0.397887
0.395634
0.393399
0.391184
0.388986
0.386807
0.384646
0.382504
0.380378
0.378271
0.376181
0.374109
0.372054
0.370016
0.367994
0.365990
0.364002
0.362031
0.360076
0.358138
0.356216
0.354309
0.352419
0.350544
0.348684
0.346840
0.345012
0.343198
0.341400
0.339616
0.337847
0.336093
0.334353
0.332628
0.330917
0.329220
0.327537
0.325867
0.324212
0.322570
0.320942
0.319327
0.317725
0.316137
0.314561
0.312999
0.311449
0.309911
0.308387
0.306875
0.305375
0.303887
0.302412
0.300948
0.299497
0.298057
0.296629
0.295212
0.293807
0.292413
0.291031
0.289660
0.288300
0.286950
0.285612
0.284285
0.282968
0.281662
0.280366
0.279080
0.277805
0.276541
0.275286
0.274041
0.272807
0.271582
0.270367
0.269161
0.267965
0.266779
0.265602
0.264435
0.263276
0.262127
0.260987
0.259857
0.258735
0.257621
0.256517
0.255421
0.254334
0.253256
0.252186
0.251124
0.250071
0.249026
0.247989
0.246960
0.245940
0.244927
0.243922
0.242925
0.241936
0.240955
0.239981
0.239014
0.238056
0.237104
0.236160
0.235223
0.234294
0.233372
0.232456
0.231548
0.230647
0.229753
0.228865
0.227985
0.227111
0.226244
0.225383
0.224529
0.223682
0.222841
0.222006
0.221178
0.220356
0.219540
0.218730
0.217927
0.217129
0.216338
0.215553
0.214773
0.213999
0.213231
0.212469
0.211713
0.210962
0.210217
0.209478
0.208744
0.208015
0.207292
0.206574
0.205861
0.205154
0.204452
0.203755
0.203064
0.202377
0.201696
0.201019
0.200348
0.199681
0.199019
0.198363
0.197710
0.197063
0.196420
0.195783
0.195149
0.194520
0.193896
0.193277
0.192661
0.192051
0.191444
0.190842
0.190245
0.189651
0.189062
0.188477
0.187896
0.187320
0.186747
0.186179
0.185614
0.185054
0.184498
0.183945
0.183397
0.182852
0.182311
0.181774
0.181241
0.180711
0.180185
0.179663
0.179144
0.178629
0.178118
0.177610
0.177106
0.176605
0.176108
0.175614
0.175124
0.174636
0.174153
0.173672
0.173195
0.172721
0.172251
0.171783
0.171319
0.170858
0.170400
0.169945
0.169494
0.169045
0.168599
0.168157
0.167717
0.167280
0.166847
0.166416
0.165988
0.165563
0.165141
0.164721
0.164305
0.163891
0.163480
0.163071
0.162666
0.162263
0.161862
0.161465
0.161070
0.160677
0.160287
0.159900
0.159515
0.159133
0.158753
0.158376
0.158001
0.157629
0.157259
0.156891
0.156526
0.156163
0.155803
0.155445
0.155089
0.154735
0.154384
0.154035
0.153688
0.153344
0.153002
0.152661
0.152323
0.151987
0.151654
0.151322
0.150993
0.150665
0.150340
0.150017
0.149695
0.149376
0.149059
0.148744
0.148430
0.148119
0.147810
0.147502
0.147197
0.146893
0.146592
0.146292
0.145994
0.145698
0.145403
0.145111
0.144820
0.144531
0.144244
0.143959
0.143675
0.143393
0.143113
0.142835
0.142558
0.142283
0.142010
0.141738
0.141468
0.141200
0.140933
0.140668
0.140404
0.140142
0.139882
0.139623
0.139366
0.139110
0.138856
0.138604
0.138352
0.138103
0.137855
0.137608
0.137363
0.137119
0.136877
0.136636
0.136397
0.136159
0.135922
0.135687
0.135453
0.135221
0.134990
0.134760
0.134532
0.134305
0.134079
0.133855
0.133632
0.133410
0.133190
0.132971
0.132753
0.132536
0.132321
0.132107
0.131894
0.131682
0.131472
0.131263
0.131055
0.130848
0.130642
0.130438
0.130235
0.130033
0.129832
0.129632
0.129434
0.129236
0.129040
0.128845
0.128650
0.128457
0.128266
0.128075
0.127885
0.127696
0.127509
0.127322
0.127137
0.126952
0.126769
0.126587
0.126405
0.126225
0.126046
0.125867
0.125690
0.125514
0.125339
0.125164
0.124991
0.124819
0.124647
0.124477
0.124307
0.124139
0.123971
0.123804
0.123639
0.123474
0.123310
0.123147
0.122985
0.122823
0.122663
0.122503
0.122345
0.122187
0.122030
0.121874
0.121719
0.121565
0.121411
0.121259
0.121107
0.120956
0.120806
0.120657
0.120508
0.120360
0.120213
0.120067
0.119922
0.119778
0.119634
0.119491
0.119349
0.119207
0.119067
0.118927
0.118788
0.118649
0.118512
0.118375
0.118239
0.118103
0.117968
0.117834
0.117701
0.117569
0.117437
0.117306
0.117175
0.117045
0.116916
0.116788
0.116660
0.116533
0.116407
0.116281
0.116156
0.116032
0.115908
0.115785
0.115663
0.115541
0.115420
0.115300
0.115180
0.115061
0.114942
0.114824
0.114707
0.114590
0.114474
0.114359
0.114244
0.114129
0.114016
0.113903
0.113790
0.113678
0.113567
0.113456
0.113346
0.113236
0.113127
0.113019
0.112911
0.112804
0.112697
0.112591
0.112485
0.112380
0.112275
0.112171
0.112068
0.111965
0.111863
0.111761
0.111659
0.111558
0.111458
0.111358
0.111259
0.111160
0.111062
0.110964
0.110867
0.110770
0.110674
0.110578
0.110483
0.110388
0.110294
0.110200
0.110106
0.110013
0.109921
0.109829
0.109738
0.109647
0.109556
0.109466
0.109376
0.109287
0.109198
0.109110
0.109022
0.108935
0.108848
0.108762
0.108675
0.108590
0.108505
0.108420
0.108336
0.108252
0.108168
0.108085
0.108002
0.107920
0.107838
0.107757
0.107676
0.107595
0.107515
0.107435
0.107356
0.107277
0.107198
0.107120
0.107042
0.106965
0.106888
0.106811
0.106735
0.106659
0.106584
0.106509
0.106434
0.106359
0.106285
0.106212
0.106139
0.106066
0.105993
0.105921
0.105849
0.105778
0.105706
0.105636
0.105565
0.105495
0.105426
0.105356
0.105287
0.105218
0.105150
0.105082
0.105014
0.104947
0.104880
0.104813
0.104747
0.104681
0.104615
0.104550
0.104485
0.104420
0.104356
0.104292
0.104228
0.104164
0.104101
0.104038
0.103976
0.103914
0.103852
0.103790
0.103729
0.103668
0.103607
0.103547
0.103486
0.103427
0.103367
0.103308
0.103249
0.103190
0.103132
0.103074
0.103016
0.102958
0.102901
0.102844
0.102787
0.102731
0.102675
0.102619
0.102563
0.102508
0.102453
0.102398
0.102344
0.102289
0.102235
0.102182
0.102128
0.102075
0.102022
0.101969
0.101917
0.101865
0.101813
0.101761
0.101710
0.101658
0.101607
0.101557
0.101506
0.101456
0.101406
0.101356
0.101307
0.101258
0.101209
0.101160
0.101111
0.101063
0.101015
0.100967
0.100919
0.100872
0.100825
0.100778
0.100731
0.100685
0.100639
0.100593
0.100547
0.100501
0.100456
0.100411
0.100366
0.100321
0.100276
0.100232
0.100188
0.100144
0.100101
0.100057
0.100014
0.099971
0.099928
0.099885
0.099843
0.099801
0.099759
0.099717
0.099675
0.099634
0.099593
0.099552
0.099511
0.099470
0.099430
0.099390
0.099349
0.099310
0.099270
0.099230
0.099191
0.099152
0.099113
0.099074
0.099036
0.098998
0.098959
0.098921
0.098884
0.098846
0.098809
0.098771
0.098734
0.098697
0.098660
0.098624
0.098587
0.098551
0.098515
0.098479
0.098444
0.098408
0.098373
0.098337
0.098302
0.098267
0.098233
0.098198
0.098164
0.098130
0.098096
0.098062
0.098028
0.097994
0.097961
0.097928
0.097895
0.097862
0.097829
0.097796
0.097764
0.097731
0.097699
0.097667
0.097636
0.097604
0.097572
0.097541
0.097509
0.097478
0.097447
0.097417
0.097386
0.097355
0.097325
0.097295
0.097265
0.097235
0.097205
0.097175
0.097146
0.097116
0.097087
0.097058
0.097029
0.097000
0.096971
0.096943
0.096914
0.096886
0.096858
0.096830
0.096802
0.096774
0.096747
0.096719
0.096692
0.096664
0.096637
0.096610
0.096583
0.096557
0.096530
0.096504
0.096477
0.096451
0.096425
0.096399
0.096373
0.096347
0.096322
0.096296
0.096271
0.096246
0.096220
0.096195
0.096170
0.096146
0.096121
0.096096
0.096072
0.096048
0.096023
0.095999
0.095975
0.095951
0.095928
0.095904
0.095880
0.095857
0.095834
0.095811
0.095787
0.095764
0.095741
0.095719
0.095696
0.095673
0.095651
0.095629
0.095606
0.095584
0.095562
0.095540
0.095519
0.095497
0.095475
0.095454
0.095521
0.095828
0.096551
0.098070
0.101874
0.234307
0.220521
0.215653
0.226763
0.250125
0.294826
0.363942
0.441729
0.517986
0.588930
0.654213
0.714604
0.770910
0.823651
0.873058
0.919164
0.961903
1.001190
1.036960
1.069210
1.097960
1.123220
1.144960
1.163080
1.177420
1.187850
1.194440
1.197550
1.197840
1.196040
1.192840
1.188760
1.184150
1.179220
1.174080
1.168810
1.163420
1.157950
1.152390
1.146760
1.141060
1.135290
1.129470
1.123600
1.117680
1.111720
1.105730
1.099700
1.093640
1.087560
1.081460
1.075340
1.069200
1.063060
1.056910
1.050760
1.044610
1.038460
1.032310
1.026170
1.020040
1.013910
1.007800
1.001700
0.995614
0.989544
0.983491
0.977456
0.971440
0.965444
0.959469
0.953515
0.947584
0.941677
0.935793
0.929933
0.924098
0.918289
0.912506
0.906749
0.901019
0.895316
0.889640
0.883993
0.878373
0.872781
0.867219
0.861685
0.856179
0.850703
0.845257
0.839839
0.834452
0.829094
0.823765
0.818467
0.813198
0.807960
0.802752
0.797573
0.792425
0.787307
0.782219
0.777162
0.772135
0.767138
0.762171
0.757235
0.752329
0.747453
0.742608
0.737793
0.733008
0.728253
0.723528
0.718834
0.714170
0.709535
0.704931
0.700357
0.695813
0.691299
0.686814
0.682360
0.677935
0.673540
0.669174
0.664838
0.660532
0.656255
0.652008
0.647789
0.643600
0.639441
0.635310
0.631208
0.627135
0.623091
0.619076
0.615089
0.611131
0.607202
0.603300
0.599428
0.595583
0.591766
0.587977
0.584217
0.580484
0.576778
0.573101
0.569450
0.565827
0.562231
0.558663
0.555121
0.551606
0.548118
0.544656
0.541221
0.537813
0.534430
0.531074
0.527744
0.524439
0.521160
0.517907
0.514680
0.511477
0.508300
0.505148
0.502021
0.498918
0.495840
0.492787
0.489758
0.486753
0.483772
0.480815
0.477882
0.474972
0.472086
0.469223
0.466384
0.463567
0.460773
0.458002
0.455254
0.452528
0.449824
0.447142
0.444482
0.441844
0.439228
0.436633
0.434059
0.431507
0.428976
0.426465
0.423976
0.421506
0.419058
0.416629
0.414221
0.411832
0.409464
0.407115
0.404785
0.402475
0.400184
0.397912
0.395659
0.393424
0.391209
0.389011
0.386832
0.384671
0.382528
0.380403
0.378296
0.376206
0.374133
0.372078
0.370040
0.368018
0.366014
0.364026
0.362055
0.360100
0.358161
0.356239
0.354332
0.352442
0.350567
0.348707
0.346863
0.345034
0.343221
0.341422
0.339639
0.337870
0.336115
0.334376
0.332650
0.330939
0.329242
0.327559
0.325889
0.324234
0.322592
0.320963
0.319348
0.317747
0.316158
0.314582
0.313020
0.311470
0.309932
0.308408
0.306895
0.305395
0.303908
0.302432
0.300969
0.299517
0.298077
0.296649
0.295232
0.293827
0.292433
0.291051
0.289679
0.288319
0.286970
0.285632
0.284304
0.282987
0.281681
0.280385
0.279099
0.277824
0.276559
0.275305
0.274060
0.272825
0.271600
0.270385
0.269179
0.267984
0.266797
0.265620
0.264453
0.263294
0.262145
0.261005
0.259874
0.258752
0.257639
0.256534
0.255439
0.254351
0.253273
0.252203
0.251141
0.250088
0.249043
0.248006
0.246977
0.245956
0.244944
0.243939
0.242942
0.241952
0.240971
0.239997
0.239030
0.238071
0.237120
0.236176
0.235239
0.234309
0.233387
0.232472
0.231564
0.230662
0.229768
0.228880
0.228000
0.227126
0.226259
0.225398
0.224544
0.223696
0.222855
0.222020
0.221192
0.220370
0.219554
0.218745
0.217941
0.217143
0.216352
0.215567
0.214787
0.214013
0.213245
0.212483
0.211727
0.210976
0.210231
0.209491
0.208757
0.208028
0.207305
0.206587
0.205875
0.205167
0.204465
0.203769
0.203077
0.202390
0.201709
0.201032
0.200361
0.199694
0.199032
0.198375
0.197723
0.197076
0.196433
0.195795
0.195162
0.194533
0.193908
0.193289
0.192674
0.192063
0.191456
0.190854
0.190257
0.189663
0.189074
0.188489
0.187908
0.187331
0.186759
0.186190
0.185626
0.185066
0.184509
0.183957
0.183408
0.182863
0.182322
0.181785
0.181252
0.180722
0.180196
0.179674
0.179155
0.178640
0.178129
0.177621
0.177117
0.176616
0.176119
0.175625
0.175134
0.174647
0.174163
0.173683
0.173206
0.172732
0.172261
0.171794
0.171329
0.170868
0.170410
0.169955
0.169504
0.169055
0.168609
0.168167
0.167727
0.167290
0.166857
0.166426
0.165998
0.165573
0.165150
0.164731
0.164314
0.163900
0.163489
0.163081
0.162675
0.162272
0.161872
0.161474
0.161079
0.160687
0.160297
0.159909
0.159525
0.159142
0.158763
0.158385
0.158010
0.157638
0.157268
0.156900
0.156535
0.156172
0.155812
0.155454
0.155098
0.154744
0.154393
0.154044
0.153697
0.153353
0.153010
0.152670
0.152332
0.151996
0.151662
0.151331
0.151001
0.150674
0.150348
0.150025
0.149704
0.149384
0.149067
0.148752
0.148439
0.148127
0.147818
0.147510
0.147205
0.146901
0.146600
0.146300
0.146002
0.145706
0.145411
0.145119
0.144828
0.144539
0.144252
0.143967
0.143683
0.143401
0.143121
0.142843
0.142566
0.142291
0.142017
0.141746
0.141476
0.141207
0.140941
0.140675
0.140412
0.140150
0.139889
0.139631
0.139373
0.139118
0.138863
0.138611
0.138360
0.138110
0.137862
0.137615
0.137370
0.137126
0.136884
0.136643
0.136404
0.136166
0.135929
0.135694
0.135460
0.135228
0.134997
0.134767
0.134539
0.134312
0.134086
0.133862
0.133639
0.133417
0.133196
0.132977
0.132759
0.132543
0.132327
0.132113
0.131900
0.131689
0.131478
0.131269
0.131061
0.130854
0.130649
0.130444
0.130241
0.130039
0.129838
0.129638
0.129440
0.129242
0.129046
0.128851
0.128657
0.128464
0.128272
0.128081
0.127891
0.127703
0.127515
0.127328
0.127143
0.126958
0.126775
0.126593
0.126411
0.126231
0.126052
0.125873
0.125696
0.125520
0.125345
0.125170
0.124997
0.124824
0.124653
0.124483
0.124313
0.124144
0.123977
0.123810
0.123644
0.123479
0.123315
0.123152
0.122990
0.122829
0.122669
0.122509
0.122350
0.122193
0.122036
0.121880
0.121725
0.121570
0.121417
0.121264
0.121112
0.120961
0.120811
0.120662
0.120514
0.120366
0.120219
0.120073
0.119927
0.119783
0.119639
0.119496
0.119354
0.119213
0.119072
0.118932
0.118793
0.118655
0.118517
0.118380
0.118244
0.118108
0.117974
0.117840
0.117706
0.117574
0.117442
0.117311
0.117180
0.117050
0.116921
0.116793
0.116665
0.116538
0.116412
0.116286
0.116161
0.116037
0.115913
0.115790
0.115668
0.115546
0.115425
0.115304
0.115185
0.115065
0.114947
0.114829
0.114712
0.114595
0.114479
0.114363
0.114248
0.114134
0.114021
0.113907
0.113795
0.113683
0.113572
0.113461
0.113351
0.113241
0.113132
0.113024
0.112916
0.112808
0.112702
0.112595
0.112490
0.112385
0.112280
0.112176
0.112073
0.111970
0.111867
0.111765
0.111664
0.111563
0.111463
0.111363
0.111264
0.111165
0.111066
0.110969
0.110871
0.110775
0.110678
0.110582
0.110487
0.110392
0.110298
0.110204
0.110111
0.110018
0.109925
0.109833
0.109742
0.109651
0.109560
0.109470
0.109381
0.109291
0.109203
0.109114
0.109027
0.108939
0.108852
0.108766
0.108680
0.108594
0.108509
0.108424
0.108340
0.108256
0.108172
0.108089
0.108007
0.107924
0.107843
0.107761
0.107680
0.107600
0.107519
0.107440
0.107360
0.107281
0.107203
0.107124
0.107047
0.106969
0.106892
0.106815
0.106739
0.106663
0.106588
0.106513
0.106438
0.106363
0.106289
0.106216
0.106143
0.106070
0.105997
0.105925
0.105853
0.105782
0.105710
0.105640
0.105569
0.105499
0.105429
0.105360
0.105291
0.105222
0.105154
0.105086
0.105018
0.104951
0.104884
0.104817
0.104751
0.104685
0.104619
0.104554
0.104489
0.104424
0.104360
0.104295
0.104232
0.104168
0.104105
0.104042
0.103980
0.103917
0.103855
0.103794
0.103732
0.103671
0.103611
0.103550
0.103490
0.103430
0.103371
0.103312
0.103253
0.103194
0.103135
0.103077
0.103020
0.102962
0.102905
0.102848
0.102791
0.102735
0.102678
0.102623
0.102567
0.102512
0.102457
0.102402
0.102347
0.102293
0.102239
0.102185
0.102132
0.102078
0.102026
0.101973
0.101920
0.101868
0.101816
0.101765
0.101713
0.101662
0.101611
0.101560
0.101510
0.101460
0.101410
0.101360
0.101310
0.101261
0.101212
0.101163
0.101115
0.101066
0.101018
0.100971
0.100923
0.100876
0.100828
0.100781
0.100735
0.100688
0.100642
0.100596
0.100550
0.100505
0.100459
0.100414
0.100369
0.100324
0.100280
0.100236
0.100191
0.100148
0.100104
0.100060
0.100017
0.099974
0.099931
0.099889
0.099846
0.099804
0.099762
0.099720
0.099679
0.099637
0.099596
0.099555
0.099514
0.099473
0.099433
0.099393
0.099353
0.099313
0.099273
0.099234
0.099194
0.099155
0.099116
0.099078
0.099039
0.099001
0.098963
0.098925
0.098887
0.098849
0.098812
0.098774
0.098737
0.098700
0.098664
0.098627
0.098591
0.098554
0.098518
0.098482
0.098447
0.098411
0.098376
0.098341
0.098305
0.098271
0.098236
0.098201
0.098167
0.098133
0.098099
0.098065
0.098031
0.097998
0.097964
0.097931
0.097898
0.097865
0.097832
0.097799
0.097767
0.097735
0.097702
0.097670
0.097639
0.097607
0.097575
0.097544
0.097513
0.097481
0.097450
0.097420
0.097389
0.097358
0.097328
0.097298
0.097268
0.097238
0.097208
0.097178
0.097149
0.097119
0.097090
0.097061
0.097032
0.097003
0.096974
0.096946
0.096917
0.096889
0.096861
0.096833
0.096805
0.096777
0.096750
0.096722
0.096695
0.096667
0.096640
0.096613
0.096586
0.096560
0.096533
0.096506
0.096480
0.096454
0.096428
0.096402
0.096376
0.096350
0.096325
0.096299
0.096274
0.096248
0.096223
0.096198
0.096173
0.096148
0.096124
0.096099
0.096075
0.096050
0.096026
0.096002
0.095978
0.095954
0.095931
0.095907
0.095883
0.095860
0.095837
0.095813
0.095790
0.095767
0.095744
0.095722
0.095699
0.095676
0.095654
0.095631
0.095609
0.095587
0.095565
0.095543
0.095521
0.095500
0.095478
0.095456
0.095523
0.095831
0.096554
0.098072
0.101875
0.234303
0.220522
0.215652
0.226758
0.250118
0.294815
0.363929
0.441711
0.517966
0.588910
0.654193
0.714583
0.770887
0.823628
0.873035
0.919141
0.961882
1.001170
1.036950
1.069200
1.097940
1.123210
1.144950
1.163080
1.177420
1.187850
1.194440
1.197560
1.197850
1.196060
1.192860
1.188780
1.184170
1.179240
1.174110
1.168830
1.163450
1.157970
1.152420
1.146780
1.141080
1.135320
1.129500
1.123630
1.117710
1.111750
1.105760
1.099730
1.093670
1.087590
1.081490
1.075370
1.069230
1.063090
1.056950
1.050790
1.044640
1.038490
1.032340
1.026200
1.020070
1.013940
1.007830
1.001730
0.995646
0.989576
0.983523
0.977488
0.971473
0.965477
0.959502
0.953548
0.947617
0.941709
0.935826
0.929966
0.924132
0.918323
0.912539
0.906782
0.901052
0.895350
0.889674
0.884026
0.878407
0.872815
0.867253
0.861719
0.856214
0.850738
0.845291
0.839874
0.834486
0.829128
0.823800
0.818502
0.813233
0.807995
0.802786
0.797608
0.792460
0.787342
0.782254
0.777197
0.772170
0.767173
0.762206
0.757270
0.752364
0.747488
0.742643
0.737828
0.733043
0.728288
0.723564
0.718869
0.714205
0.709571
0.704967
0.700392
0.695848
0.691334
0.686850
0.682395
0.677970
0.673575
0.669210
0.664874
0.660567
0.656290
0.652043
0.647825
0.643636
0.639476
0.635345
0.631243
0.627170
0.623126
0.619111
0.615124
0.611166
0.607236
0.603335
0.599462
0.595617
0.591801
0.588012
0.584251
0.580518
0.576813
0.573135
0.569484
0.565861
0.562265
0.558697
0.555155
0.551640
0.548152
0.544690
0.541255
0.537846
0.534464
0.531107
0.527777
0.524473
0.521194
0.517940
0.514713
0.511510
0.508333
0.505181
0.502053
0.498951
0.495873
0.492819
0.489790
0.486785
0.483804
0.480847
0.477914
0.475004
0.472118
0.469255
0.466415
0.463599
0.460805
0.458034
0.455285
0.452559
0.449855
0.447173
0.444513
0.441875
0.439258
0.436663
0.434090
0.431537
0.429006
0.426495
0.424005
0.421536
0.419087
0.416658
0.414250
0.411861
0.409493
0.407143
0.404814
0.402504
0.400212
0.397940
0.395687
0.393453
0.391237
0.389039
0.386860
0.384699
0.382556
0.380430
0.378323
0.376233
0.374160
0.372105
0.370067
0.368045
0.366041
0.364053
0.362081
0.360126
0.358188
0.356265
0.354359
0.352468
0.350593
0.348733
0.346889
0.345060
0.343246
0.341448
0.339664
0.337895
0.336140
0.334400
0.332675
0.330963
0.329266
0.327583
0.325914
0.324258
0.322616
0.320987
0.319372
0.317770
0.316182
0.314606
0.313043
0.311493
0.309956
0.308431
0.306918
0.305418
0.303931
0.302455
0.300991
0.299539
0.298099
0.296671
0.295254
0.293849
0.292455
0.291073
0.289701
0.288341
0.286991
0.285653
0.284325
0.283008
0.281702
0.280406
0.279120
0.277845
0.276580
0.275325
0.274080
0.272845
0.271620
0.270405
0.269200
0.268004
0.266817
0.265640
0.264472
0.263314
0.262165
0.261025
0.259893
0.258771
0.257658
0.256553
0.255458
0.254370
0.253292
0.252222
0.251160
0.250106
0.249061
0.248024
0.246995
0.245974
0.244962
0.243957
0.242960
0.241970
0.240989
0.240014
0.239048
0.238089
0.237137
0.236193
0.235256
0.234327
0.233404
0.232489
0.231580
0.230679
0.229785
0.228897
0.228016
0.227142
0.226275
0.225414
0.224560
0.223712
0.222871
0.222037
0.221208
0.220386
0.219570
0.218760
0.217957
0.217159
0.216368
0.215582
0.214802
0.214028
0.213260
0.212498
0.211742
0.210991
0.210246
0.209506
0.208772
0.208043
0.207320
0.206602
0.205889
0.205182
0.204480
0.203783
0.203091
0.202404
0.201723
0.201046
0.200374
0.199708
0.199046
0.198389
0.197737
0.197089
0.196447
0.195808
0.195175
0.194546
0.193922
0.193302
0.192687
0.192076
0.191469
0.190867
0.190270
0.189676
0.189087
0.188502
0.187921
0.187344
0.186772
0.186203
0.185638
0.185078
0.184521
0.183969
0.183420
0.182875
0.182334
0.181797
0.181264
0.180734
0.180208
0.179686
0.179167
0.178652
0.178141
0.177633
0.177128
0.176627
0.176130
0.175636
0.175145
0.174658
0.174174
0.173694
0.173217
0.172743
0.172272
0.171805
0.171340
0.170879
0.170421
0.169966
0.169515
0.169066
0.168620
0.168177
0.167738
0.167301
0.166867
0.166436
0.166008
0.165583
0.165161
0.164741
0.164325
0.163911
0.163500
0.163091
0.162685
0.162282
0.161882
0.161484
0.161089
0.160697
0.160307
0.159919
0.159534
0.159152
0.158772
0.158395
0.158020
0.157648
0.157278
0.156910
0.156545
0.156182
0.155821
0.155463
0.155107
0.154754
0.154402
0.154053
0.153706
0.153362
0.153019
0.152679
0.152341
0.152005
0.151671
0.151340
0.151010
0.150682
0.150357
0.150034
0.149712
0.149393
0.149076
0.148761
0.148447
0.148136
0.147826
0.147519
0.147213
0.146910
0.146608
0.146308
0.146010
0.145714
0.145420
0.145127
0.144836
0.144547
0.144260
0.143975
0.143691
0.143409
0.143129
0.142851
0.142574
0.142299
0.142025
0.141754
0.141484
0.141215
0.140948
0.140683
0.140420
0.140158
0.139897
0.139638
0.139381
0.139125
0.138871
0.138618
0.138367
0.138118
0.137869
0.137623
0.137378
0.137134
0.136891
0.136651
0.136411
0.136173
0.135936
0.135701
0.135467
0.135235
0.135004
0.134774
0.134546
0.134319
0.134093
0.133869
0.133646
0.133424
0.133203
0.132984
0.132766
0.132550
0.132334
0.132120
0.131907
0.131696
0.131485
0.131276
0.131068
0.130861
0.130656
0.130451
0.130248
0.130046
0.129845
0.129645
0.129446
0.129249
0.129053
0.128857
0.128663
0.128470
0.128278
0.128087
0.127898
0.127709
0.127521
0.127335
0.127149
0.126965
0.126781
0.126599
0.126418
0.126237
0.126058
0.125880
0.125702
0.125526
0.125351
0.125176
0.125003
0.124831
0.124659
0.124489
0.124319
0.124150
0.123983
0.123816
0.123650
0.123485
0.123321
0.123158
0.122996
0.122835
0.122674
0.122515
0.122356
0.122199
0.122042
0.121886
0.121730
0.121576
0.121423
0.121270
0.121118
0.120967
0.120817
0.120668
0.120519
0.120371
0.120225
0.120078
0.119933
0.119789
0.119645
0.119502
0.119360
0.119218
0.119077
0.118938
0.118798
0.118660
0.118522
0.118385
0.118249
0.118114
0.117979
0.117845
0.117712
0.117579
0.117447
0.117316
0.117186
0.117056
0.116927
0.116798
0.116671
0.116544
0.116417
0.116291
0.116166
0.116042
0.115918
0.115795
0.115673
0.115551
0.115430
0.115310
0.115190
0.115071
0.114952
0.114834
0.114717
0.114600
0.114484
0.114368
0.114253
0.114139
0.114025
0.113912
0.113800
0.113688
0.113577
0.113466
0.113356
0.113246
0.113137
0.113029
0.112921
0.112813
0.112707
0.112600
0.112495
0.112389
0.112285
0.112181
0.112077
0.111974
0.111872
0.111770
0.111669
0.111568
0.111467
0.111367
0.111268
0.111169
0.111071
0.110973
0.110876
0.110779
0.110683
0.110587
0.110492
0.110397
0.110303
0.110209
0.110115
0.110022
0.109930
0.109838
0.109746
0.109655
0.109565
0.109475
0.109385
0.109296
0.109207
0.109119
0.109031
0.108944
0.108857
0.108770
0.108684
0.108598
0.108513
0.108428
0.108344
0.108260
0.108177
0.108094
0.108011
0.107929
0.107847
0.107765
0.107684
0.107604
0.107524
0.107444
0.107364
0.107285
0.107207
0.107129
0.107051
0.106973
0.106896
0.106820
0.106743
0.106667
0.106592
0.106517
0.106442
0.106368
0.106294
0.106220
0.106147
0.106074
0.106001
0.105929
0.105857
0.105786
0.105714
0.105644
0.105573
0.105503
0.105433
0.105364
0.105295
0.105226
0.105158
0.105090
0.105022
0.104955
0.104888
0.104821
0.104755
0.104689
0.104623
0.104558
0.104493
0.104428
0.104363
0.104299
0.104235
0.104172
0.104109
0.104046
0.103983
0.103921
0.103859
0.103798
0.103736
0.103675
0.103615
0.103554
0.103494
0.103434
0.103375
0.103315
0.103256
0.103198
0.103139
0.103081
0.103023
0.102966
0.102908
0.102851
0.102795
0.102738
0.102682
0.102626
0.102571
0.102515
0.102460
0.102405
0.102351
0.102297
0.102243
0.102189
0.102135
0.102082
0.102029
0.101976
0.101924
0.101872
0.101820
0.101768
0.101717
0.101665
0.101614
0.101564
0.101513
0.101463
0.101413
0.101363
0.101314
0.101265
0.101216
0.101167
0.101118
0.101070
0.101022
0.100974
0.100926
0.100879
0.100832
0.100785
0.100738
0.100692
0.100645
0.100599
0.100554
0.100508
0.100463
0.100417
0.100372
0.100328
0.100283
0.100239
0.100195
0.100151
0.100107
0.100064
0.100021
0.099977
0.099935
0.099892
0.099850
0.099807
0.099765
0.099724
0.099682
0.099640
0.099599
0.099558
0.099517
0.099477
0.099436
0.099396
0.099356
0.099316
0.099277
0.099237
0.099198
0.099159
0.099120
0.099081
0.099042
0.099004
0.098966
0.098928
0.098890
0.098852
0.098815
0.098778
0.098740
0.098703
0.098667
0.098630
0.098594
0.098558
0.098521
0.098486
0.098450
0.098414
0.098379
0.098344
0.098309
0.098274
0.098239
0.098205
0.098170
0.098136
0.098102
0.098068
0.098034
0.098001
0.097967
0.097934
0.097901
0.097868
0.097835
0.097802
0.097770
0.097738
0.097706
0.097673
0.097642
0.097610
0.097578
0.097547
0.097516
0.097485
0.097453
0.097423
0.097392
0.097361
0.097331
0.097301
0.097271
0.097241
0.097211
0.097181
0.097152
0.097122
0.097093
0.097064
0.097035
0.097006
0.096977
0.096949
0.096920
0.096892
0.096864
0.096836
0.096808
0.096780
0.096752
0.096725
0.096697
0.096670
0.096643
0.096616
0.096589
0.096562
0.096536
0.096509
0.096483
0.096457
0.096431
0.096405
0.096379
0.096353
0.096327
0.096302
0.096277
0.096251
0.096226
0.096201
0.096176
0.096151
0.096127
0.096102
0.096078
0.096053
0.096029
0.096005
0.095981
0.095957
0.095933
0.095910
0.095886
0.095863
0.095839
0.095816
0.095793
0.095770
0.095747
0.095724
0.095702
0.095679
0.095657
0.095634
0.095612
0.095590
0.095568
0.095546
0.095524
0.095502
0.095481
0.095459
