13.366900
13.369400
13.371000
13.370900
13.370800
13.370800
13.370700
13.370800
13.370800
13.370900
13.371000
13.371100
13.371200
13.371400
13.371500
13.371600
13.371700
13.371800
13.371800
13.371900
13.371900
13.372000
13.372000
13.372100
13.372100
13.372100
13.372100
13.372100
13.372100
13.372000
13.372000
13.372000
13.372000
13.371900
13.371900
13.371900
13.371800
13.371800
13.371700
13.371700
13.371600
13.371600
13.371500
13.371500
13.371400
13.371400
13.371300
13.371300
13.371200
13.371100
13.371100
13.371000
13.371000
13.370900
13.370900
13.370800
13.370700
13.370700
13.370600
13.370600
13.370500
13.370500
13.370400
13.370400
13.370300
13.370200
13.370200
13.370100
13.370100
13.370000
13.370000
13.369900
13.369900
13.369800
13.369800
13.369800
13.369700
13.369700
13.369600
13.369600
13.369500
13.369500
13.369500
13.369400
13.369400
13.369300
13.369300
13.369300
13.369200
13.369200
13.369200
13.369100
13.369100
13.369100
13.369000
13.369000
13.369000
13.369000
13.368900
13.368900
13.368900
13.368900
13.368800
13.368800
13.368800
13.368800
13.368800
13.368700
13.368700
13.368700
13.368700
13.368700
13.368700
13.368700
13.368600
13.368600
13.368600
13.368600
13.368600
13.368600
13.368600
13.368600
13.368600
13.368600
13.368600
13.368600
13.368600
13.368600
13.368600
13.368600
13.368600
13.368600
13.368600
13.368600
13.368600
13.368600
13.368600
13.368600
13.368600
13.368600
13.368600
13.368700
13.368700
13.368700
13.368700
13.368700
13.368700
13.368800
13.368800
13.368800
13.368800
13.368800
13.368900
13.368900
13.368900
13.368900
13.369000
13.369000
13.369000
13.369000
13.369100
13.369100
13.369100
13.369200
13.369200
13.369200
13.369300
13.369300
13.369300
13.369400
13.369400
13.369500
13.369500
13.369500
13.369600
13.369600
13.369700
13.369700
13.369800
13.369800
13.369900
13.369900
13.370000
13.370000
13.370100
13.370100
13.370200
13.370300
13.370300
13.370400
13.370400
13.370500
13.370600
13.370600
13.370700
13.370700
13.370800
13.370900
13.370900
13.371000
13.371100
13.371100
13.371200
13.371300
13.371300
13.371400
13.371500
13.371500
13.371600
13.371700
13.371700
13.371800
13.371900
13.372000
13.372000
13.372100
13.372200
13.372200
13.372300
13.372400
13.372400
13.372500
13.372600
13.372600
13.372700
13.372800
13.372800
13.372900
13.373000
13.373000
13.373100
13.373100
13.373200
13.373300
13.373300
13.373400
13.373400
13.373500
13.373500
13.373600
13.373700
13.373700
13.373700
13.373800
13.373800
13.373900
13.373900
13.374000
13.374000
13.374100
13.374100
13.374100
13.374200
13.374200
13.374300
13.374300
13.374300
13.374400
13.374400
13.374400
13.374500
13.374500
13.374500
13.374600
13.374600
13.374700
13.374700
13.374700
13.374700
13.374800
13.374800
13.374800
13.374900
13.374900
13.374900
13.375000
13.375000
13.375000
13.375000
13.375100
13.375100
13.375100
13.375200
13.375200
13.375200
13.375200
13.375300
13.375300
13.375300
13.375300
13.375400
13.375400
13.375400
13.375400
13.375500
13.375500
13.375500
13.375500
13.375500
13.375600
13.375600
13.375600
13.375600
13.375600
13.375700
13.375700
13.375700
13.375700
13.375700
13.375800
13.375800
13.375800
13.375800
13.375800
13.375900
13.375900
13.375900
13.375900
13.375900
13.375900
13.375900
13.376000
13.376000
13.376000
13.376000
13.376000
13.376000
13.376000
13.376100
13.376100
13.376100
13.376100
13.376100
13.376100
13.376100
13.376200
13.376200
13.376200
13.376200
13.376200
13.376200
13.376200
13.376200
13.376200
13.376200
13.376300
13.376300
13.376300
13.376300
13.376300
13.376300
13.376300
13.376300
13.376300
13.376300
13.376300
13.376400
13.376400
13.376400
13.376400
13.376400
13.376400
13.376400
13.376400
13.376400
13.376400
13.376400
13.376400
13.376400
13.376400
13.376400
13.376400
13.376400
13.376500
13.376500
13.376500
13.376500
13.376500
13.376500
13.376500
13.376500
13.376500
13.376500
13.376500
13.376500
13.376500
13.376500
13.376500
13.376500
13.376500
13.376500
13.376500
13.376500
13.376500
13.376500
13.376500
13.376500
13.376500
13.376500
13.376500
13.376500
13.376500
13.376500
13.376500
13.376500
13.376500
13.376500
13.376500
13.376500
13.376500
13.376500
13.376500
13.376500
13.376500
13.376500
13.376500
13.376500
13.376500
13.376500
13.376500
13.376500
13.376500
13.376500
13.376500
13.376500
13.376500
13.376500
13.376500
13.376500
13.376500
13.376500
13.376500
13.376400
13.376400
13.376400
13.376400
13.376400
13.376400
13.376400
13.376400
13.376400
13.376400
13.376400
13.376400
13.376400
13.376400
13.376400
13.376400
13.376400
13.376400
13.376400
13.376400
13.376300
13.376300
13.376300
13.376300
13.376300
13.376300
13.376300
13.376300
13.376300
13.376300
13.376300
13.376300
13.376300
13.376300
13.376300
13.376200
13.376200
13.376200
13.376200
13.376200
13.376200
13.376200
13.376200
13.376200
13.376200
13.376200
13.376200
13.376100
13.376100
13.376100
13.376100
13.376100
13.376100
13.376100
13.376100
13.376100
13.376100
13.376100
13.376000
13.376000
13.376000
13.376000
13.376000
13.376000
13.376000
13.376000
13.376000
13.376000
13.376000
13.375900
13.375900
13.375900
13.375900
13.375900
13.375900
13.375900
13.375900
13.375900
13.375800
13.375800
13.375800
13.375800
13.375800
13.375800
13.375800
13.375800
13.375800
13.375700
13.375700
13.375700
13.375700
13.375700
13.375700
13.375700
13.375700
13.375700
13.375600
13.375600
13.375600
13.375600
13.375600
13.375600
13.375600
13.375600
13.375500
13.375500
13.375500
13.375500
13.375500
13.375500
13.375500
13.375500
13.375400
13.375400
13.375400
13.375400
13.375400
13.375400
13.375400
13.375400
13.375300
13.375300
13.375300
13.375300
13.375300
13.375300
13.375300
13.375200
13.375200
13.375200
13.375200
13.375200
13.375200
13.375200
13.375100
13.375100
13.375100
13.375100
13.375100
13.375100
13.375100
13.375000
13.375000
13.375000
13.375000
13.375000
13.375000
13.375000
13.374900
13.374900
13.374900
13.374900
13.374900
13.374900
13.374900
13.374800
13.374800
13.374800
13.374800
13.374800
13.374800
13.374800
13.374700
13.374700
13.374700
13.374700
13.374700
13.374700
13.374600
13.374600
13.374600
13.374600
13.374600
13.374600
13.374600
13.374500
13.374500
13.374500
13.374500
13.374500
13.374500
13.374400
13.374400
13.374400
13.374400
13.374400
13.374400
13.374300
13.374300
13.374300
13.374300
13.374300
13.374300
13.374300
13.374200
13.374200
13.374200
13.374200
13.374200
13.374200
13.374100
13.374100
13.374100
13.374100
13.374100
13.374100
13.374000
13.374000
13.374000
13.374000
13.374000
13.374000
13.373900
13.373900
13.373900
13.373900
13.373900
13.373900
13.373800
13.373800
13.373800
13.373800
13.373800
13.373700
13.373700
13.373700
13.373700
13.373700
13.373700
13.373600
13.373600
13.373600
13.373600
13.373600
13.373600
13.373500
13.373500
13.373500
13.373500
13.373500
13.373500
13.373400
13.373400
13.373400
13.373400
13.373400
13.373300
13.373300
13.373300
13.373300
13.373300
13.373300
13.373200
13.373200
13.373200
13.373200
13.373200
13.373200
13.373100
13.373100
13.373100
13.373100
13.373100
13.373000
13.373000
13.373000
13.373000
13.373000
13.373000
13.372900
13.372900
13.372900
13.372900
13.372900
13.372800
13.372800
13.372800
13.372800
13.372800
13.372800
13.372700
13.372700
13.372700
13.372700
13.372700
13.372600
13.372600
13.372600
13.372600
13.372600
13.372500
13.372500
13.372500
13.372500
13.372500
13.372500
13.372400
13.372400
13.372400
13.372400
13.372400
13.372300
13.372300
13.372300
13.372300
13.372300
13.372200
13.372200
13.372200
13.372200
13.372200
13.372200
13.372100
13.372100
13.372100
13.372100
13.372100
13.372000
13.372000
13.372000
13.372000
13.372000
13.371900
13.371900
13.371900
13.371900
13.371900
13.371800
13.371800
13.371800
13.371800
13.371800
13.371700
13.371700
13.371700
13.371700
13.371700
13.371700
13.371600
13.371600
13.371600
13.371600
13.371600
13.371500
13.371500
13.371500
13.371500
13.371500
13.371400
13.371400
13.371400
13.371400
13.371400
13.371300
13.371300
13.371300
13.371300
13.371300
13.371200
13.371200
13.371200
13.371200
13.371200
13.371100
13.371100
13.371100
13.371100
13.371100
13.371000
13.371000
13.371000
13.371000
13.371000
13.370900
13.370900
13.370900
13.370900
13.370900
13.370800
13.370800
13.370800
13.370800
13.370800
13.370700
13.370700
13.370700
13.370700
13.370700
13.370600
13.370600
13.370600
13.370600
13.370600
13.370500
13.370500
13.370500
13.370500
13.370500
13.370400
13.370400
13.370400
13.370400
13.370400
13.370300
13.370300
13.370300
13.370300
13.370300
13.370200
13.370200
13.370200
13.370200
13.370200
13.370100
13.370100
13.370100
13.370100
13.370100
13.370000
13.370000
13.370000
13.370000
13.370000
13.369900
13.369900
13.369900
13.369900
13.369900
13.369800
13.369800
13.369800
13.369800
13.369800
13.369700
13.369700
13.369700
13.369700
13.369700
13.369600
13.369600
13.369600
13.369600
13.369600
13.369500
13.369500
13.369500
13.369500
13.369500
13.369400
13.369400
13.369400
13.369400
13.369400
13.369300
13.369300
13.369300
13.369300
13.369300
13.369200
13.369200
13.369200
13.369200
13.369100
13.369100
13.369100
13.369100
13.369100
13.369000
13.369000
13.369000
13.369000
13.369000
13.368900
13.368900
13.368900
13.368900
13.368900
13.368800
13.368800
13.368800
13.368800
13.368800
13.368700
13.368700
13.368700
13.368700
13.368700
13.368600
13.368600
13.368600
13.368600
13.368600
13.368500
13.368500
13.368500
13.368500
13.368400
13.368400
13.368400
13.368400
13.368400
13.368300
13.368300
13.368300
13.368300
13.368300
13.368200
13.368200
13.368200
13.368200
13.368200
13.368100
13.368100
13.368100
13.368100
13.368100
13.368000
13.368000
13.368000
13.368000
13.367900
13.367900
13.367900
13.367900
13.367900
13.367800
13.367800
13.367800
13.367800
13.367800
13.367700
13.367700
13.367700
13.367700
13.367700
13.367600
13.367600
13.367600
13.367600
13.367600
13.367500
13.367500
13.367500
13.367500
13.367400
13.367400
13.367400
13.367400
13.367400
13.367300
13.367300
13.367300
13.367300
13.367300
13.367200
13.367200
13.367200
13.367200
13.367200
13.367100
13.367100
13.367100
13.367100
13.367000
13.367000
13.367000
13.367000
13.367000
13.366900
13.369400
13.371100
13.371000
13.370900
13.370800
13.370800
13.370800
13.370900
13.371000
13.371100
13.371200
13.371300
13.371400
13.371500
13.371600
13.371700
13.371800
13.371900
13.372000
13.372000
13.372100
13.372100
13.372100
13.372100
13.372100
13.372100
13.372100
13.372100
13.372100
13.372100
13.372100
13.372000
13.372000
13.372000
13.371900
13.371900
13.371800
13.371800
13.371700
13.371700
13.371600
13.371600
13.371500
13.371500
13.371400
13.371400
13.371300
13.371300
13.371200
13.371100
13.371100
13.371000
13.371000
13.370900
13.370900
13.370800
13.370700
13.370700
13.370600
13.370600
13.370500
13.370500
13.370400
13.370400
13.370300
13.370300
13.370200
13.370200
13.370100
13.370100
13.370000
13.370000
13.369900
13.369900
13.369800
13.369800
13.369700
13.369700
13.369600
13.369600
13.369600
13.369500
13.369500
13.369400
13.369400
13.369400
13.369300
13.369300
13.369300
13.369200
13.369200
13.369200
13.369100
13.369100
13.369100
13.369100
13.369000
13.369000
13.369000
13.369000
13.368900
13.368900
13.368900
13.368900
13.368800
13.368800
13.368800
13.368800
13.368800
13.368800
13.368700
13.368700
13.368700
13.368700
13.368700
13.368700
13.368700
13.368700
13.368700
13.368700
13.368700
13.368600
13.368600
13.368600
13.368600
13.368600
13.368600
13.368600
13.368600
13.368600
13.368600
13.368600
13.368700
13.368700
13.368700
13.368700
13.368700
13.368700
13.368700
13.368700
13.368700
13.368700
13.368800
13.368800
13.368800
13.368800
13.368800
13.368800
13.368900
13.368900
13.368900
13.368900
13.368900
13.369000
13.369000
13.369000
13.369000
13.369100
13.369100
13.369100
13.369200
13.369200
13.369200
13.369300
13.369300
13.369300
13.369400
13.369400
13.369400
13.369500
13.369500
13.369600
13.369600
13.369700
13.369700
13.369700
13.369800
13.369800
13.369900
13.369900
13.370000
13.370000
13.370100
13.370200
13.370200
13.370300
13.370300
13.370400
13.370400
13.370500
13.370600
13.370600
13.370700
13.370700
13.370800
13.370900
13.370900
13.371000
13.371100
13.371100
13.371200
13.371300
13.371300
13.371400
13.371500
13.371500
13.371600
13.371700
13.371700
13.371800
13.371900
13.371900
13.372000
13.372100
13.372200
13.372200
13.372300
13.372400
13.372400
13.372500
13.372600
13.372600
13.372700
13.372800
13.372800
13.372900
13.373000
13.373000
13.373100
13.373100
13.373200
13.373300
13.373300
13.373400
13.373400
13.373500
13.373600
13.373600
13.373700
13.373700
13.373800
13.373800
13.373900
13.373900
13.374000
13.374000
13.374000
13.374100
13.374100
13.374200
13.374200
13.374200
13.374300
13.374300
13.374400
13.374400
13.374400
13.374500
13.374500
13.374500
13.374600
13.374600
13.374600
13.374700
13.374700
13.374700
13.374800
13.374800
13.374800
13.374900
13.374900
13.374900
13.375000
13.375000
13.375000
13.375100
13.375100
13.375100
13.375100
13.375200
13.375200
13.375200
13.375300
13.375300
13.375300
13.375300
13.375400
13.375400
13.375400
13.375400
13.375500
13.375500
13.375500
13.375500
13.375500
13.375600
13.375600
13.375600
13.375600
13.375700
13.375700
13.375700
13.375700
13.375700
13.375800
13.375800
13.375800
13.375800
13.375800
13.375800
13.375900
13.375900
13.375900
13.375900
13.375900
13.375900
13.376000
13.376000
13.376000
13.376000
13.376000
13.376000
13.376100
13.376100
13.376100
13.376100
13.376100
13.376100
13.376100
13.376200
13.376200
13.376200
13.376200
13.376200
13.376200
13.376200
13.376200
13.376300
13.376300
13.376300
13.376300
13.376300
13.376300
13.376300
13.376300
13.376300
13.376300
13.376400
13.376400
13.376400
13.376400
13.376400
13.376400
13.376400
13.376400
13.376400
13.376400
13.376400
13.376400
13.376400
13.376500
13.376500
13.376500
13.376500
13.376500
13.376500
13.376500
13.376500
13.376500
13.376500
13.376500
13.376500
13.376500
13.376500
13.376500
13.376500
13.376500
13.376500
13.376500
13.376500
13.376500
13.376500
13.376600
13.376600
13.376600
13.376600
13.376600
13.376600
13.376600
13.376600
13.376600
13.376600
13.376600
13.376600
13.376600
13.376600
13.376600
13.376600
13.376600
13.376600
13.376600
13.376600
13.376600
13.376600
13.376600
13.376600
13.376600
13.376600
13.376600
13.376600
13.376600
13.376600
13.376600
13.376600
13.376600
13.376600
13.376600
13.376600
13.376600
13.376600
13.376500
13.376500
13.376500
13.376500
13.376500
13.376500
13.376500
13.376500
13.376500
13.376500
13.376500
13.376500
13.376500
13.376500
13.376500
13.376500
13.376500
13.376500
13.376500
13.376500
13.376500
13.376500
13.376500
13.376500
13.376500
13.376400
13.376400
13.376400
13.376400
13.376400
13.376400
13.376400
13.376400
13.376400
13.376400
13.376400
13.376400
13.376400
13.376400
13.376400
13.376400
13.376300
13.376300
13.376300
13.376300
13.376300
13.376300
13.376300
13.376300
13.376300
13.376300
13.376300
13.376300
13.376300
13.376200
13.376200
13.376200
13.376200
13.376200
13.376200
13.376200
13.376200
13.376200
13.376200
13.376200
13.376200
13.376100
13.376100
13.376100
13.376100
13.376100
13.376100
13.376100
13.376100
13.376100
13.376100
13.376000
13.376000
13.376000
13.376000
13.376000
13.376000
13.376000
13.376000
13.376000
13.376000
13.375900
13.375900
13.375900
13.375900
13.375900
13.375900
13.375900
13.375900
13.375900
13.375800
13.375800
13.375800
13.375800
13.375800
13.375800
13.375800
13.375800
13.375800
13.375700
13.375700
13.375700
13.375700
13.375700
13.375700
13.375700
13.375700
13.375600
13.375600
13.375600
13.375600
13.375600
13.375600
13.375600
13.375600
13.375500
13.375500
13.375500
13.375500
13.375500
13.375500
13.375500
13.375500
13.375400
13.375400
13.375400
13.375400
13.375400
13.375400
13.375400
13.375400
13.375300
13.375300
13.375300
13.375300
13.375300
13.375300
13.375300
13.375200
13.375200
13.375200
13.375200
13.375200
13.375200
13.375200
13.375100
13.375100
13.375100
13.375100
13.375100
13.375100
13.375100
13.375000
13.375000
13.375000
13.375000
13.375000
13.375000
13.375000
13.374900
13.374900
13.374900
13.374900
13.374900
13.374900
13.374800
13.374800
13.374800
13.374800
13.374800
13.374800
13.374800
13.374700
13.374700
13.374700
13.374700
13.374700
13.374700
13.374700
13.374600
13.374600
13.374600
13.374600
13.374600
13.374600
13.374500
13.374500
13.374500
13.374500
13.374500
13.374500
13.374400
13.374400
13.374400
13.374400
13.374400
13.374400
13.374300
13.374300
13.374300
13.374300
13.374300
13.374300
13.374300
13.374200
13.374200
13.374200
13.374200
13.374200
13.374200
13.374100
13.374100
13.374100
13.374100
13.374100
13.374100
13.374000
13.374000
13.374000
13.374000
13.374000
13.374000
13.373900
13.373900
13.373900
13.373900
13.373900
13.373800
13.373800
13.373800
13.373800
13.373800
13.373800
13.373700
13.373700
13.373700
13.373700
13.373700
13.373700
13.373600
13.373600
13.373600
13.373600
13.373600
13.373600
13.373500
13.373500
13.373500
13.373500
13.373500
13.373400
13.373400
13.373400
13.373400
13.373400
13.373400
13.373300
13.373300
13.373300
13.373300
13.373300
13.373300
13.373200
13.373200
13.373200
13.373200
13.373200
13.373100
13.373100
13.373100
13.373100
13.373100
13.373100
13.373000
13.373000
13.373000
13.373000
13.373000
13.372900
13.372900
13.372900
13.372900
13.372900
13.372900
13.372800
13.372800
13.372800
13.372800
13.372800
13.372700
13.372700
13.372700
13.372700
13.372700
13.372600
13.372600
13.372600
13.372600
13.372600
13.372600
13.372500
13.372500
13.372500
13.372500
13.372500
13.372400
13.372400
13.372400
13.372400
13.372400
13.372300
13.372300
13.372300
13.372300
13.372300
13.372300
13.372200
13.372200
13.372200
13.372200
13.372200
13.372100
13.372100
13.372100
13.372100
13.372100
13.372000
13.372000
13.372000
13.372000
13.372000
13.371900
13.371900
13.371900
13.371900
13.371900
13.371900
13.371800
13.371800
13.371800
13.371800
13.371800
13.371700
13.371700
13.371700
13.371700
13.371700
13.371600
13.371600
13.371600
13.371600
13.371600
13.371500
13.371500
13.371500
13.371500
13.371500
13.371400
13.371400
13.371400
13.371400
13.371400
13.371300
13.371300
13.371300
13.371300
13.371300
13.371200
13.371200
13.371200
13.371200
13.371200
13.371200
13.371100
13.371100
13.371100
13.371100
13.371100
13.371000
13.371000
13.371000
13.371000
13.371000
13.370900
13.370900
13.370900
13.370900
13.370900
13.370800
13.370800
13.370800
13.370800
13.370800
13.370700
13.370700
13.370700
13.370700
13.370700
13.370600
13.370600
13.370600
13.370600
13.370600
13.370500
13.370500
13.370500
13.370500
13.370500
13.370400
13.370400
13.370400
13.370400
13.370400
13.370300
13.370300
13.370300
13.370300
13.370300
13.370200
13.370200
13.370200
13.370200
13.370200
13.370100
13.370100
13.370100
13.370100
13.370100
13.370000
13.370000
13.370000
13.370000
13.369900
13.369900
13.369900
13.369900
13.369900
13.369800
13.369800
13.369800
13.369800
13.369800
13.369700
13.369700
13.369700
13.369700
13.369700
13.369600
13.369600
13.369600
13.369600
13.369600
13.369500
13.369500
13.369500
13.369500
13.369500
13.369400
13.369400
13.369400
13.369400
13.369400
13.369300
13.369300
13.369300
13.369300
13.369300
13.369200
13.369200
13.369200
13.369200
13.369200
13.369100
13.369100
13.369100
13.369100
13.369000
13.369000
13.369000
13.369000
13.369000
13.368900
13.368900
13.368900
13.368900
13.368900
13.368800
13.368800
13.368800
13.368800
13.368800
13.368700
13.368700
13.368700
13.368700
13.368700
13.368600
13.368600
13.368600
13.368600
13.368600
13.368500
13.368500
13.368500
13.368500
13.368400
13.368400
13.368400
13.368400
13.368400
13.368300
13.368300
13.368300
13.368300
13.368300
13.368200
13.368200
13.368200
13.368200
13.368200
13.368100
13.368100
13.368100
13.368100
13.368100
13.368000
13.368000
13.368000
13.368000
13.367900
13.367900
13.367900
13.367900
13.367900
13.367800
13.367800
13.367800
13.367800
13.367800
13.367700
13.367700
13.367700
13.367700
13.367700
13.367600
13.367600
13.367600
13.367600
13.367600
13.367500
13.367500
13.367500
13.367500
13.367400
13.367400
13.367400
13.367400
13.367400
13.367300
13.367300
13.367300
13.367300
13.367300
13.367200
13.367200
13.367200
13.367200
13.367200
13.367100
13.367100
13.367100
13.367100
13.367000
13.367000
13.367000
13.369500
13.371200
13.371000
13.370900
13.370900
13.370900
13.370900
13.370900
13.371000
13.371100
13.371200
13.371400
13.371500
13.371600
13.371700
13.371800
13.371900
13.372000
13.372000
13.372100
13.372100
13.372200
13.372200
13.372200
13.372200
13.372200
13.372200
13.372200
13.372200
13.372200
13.372100
13.372100
13.372100
13.372000
13.372000
13.372000
13.371900
13.371900
13.371800
13.371800
13.371700
13.371700
13.371600
13.371600
13.371500
13.371400
13.371400
13.371300
13.371300
13.371200
13.371200
13.371100
13.371000
13.371000
13.370900
13.370900
13.370800
13.370800
13.370700
13.370600
13.370600
13.370500
13.370500
13.370400
13.370400
13.370300
13.370300
13.370200
13.370200
13.370100
13.370100
13.370000
13.370000
13.369900
13.369900
13.369800
13.369800
13.369800
13.369700
13.369700
13.369600
13.369600
13.369500
13.369500
13.369500
13.369400
13.369400
13.369400
13.369300
13.369300
13.369300
13.369200
13.369200
13.369200
13.369100
13.369100
13.369100
13.369100
13.369000
13.369000
13.369000
13.369000
13.368900
13.368900
13.368900
13.368900
13.368900
13.368900
13.368800
13.368800
13.368800
13.368800
13.368800
13.368800
13.368800
13.368800
13.368700
13.368700
13.368700
13.368700
13.368700
13.368700
13.368700
13.368700
13.368700
13.368700
13.368700
13.368700
13.368700
13.368700
13.368700
13.368700
13.368700
13.368700
13.368700
13.368700
13.368700
13.368800
13.368800
13.368800
13.368800
13.368800
13.368800
13.368800
13.368800
13.368900
13.368900
13.368900
13.368900
13.368900
13.369000
13.369000
13.369000
13.369000
13.369100
13.369100
13.369100
13.369100
13.369200
13.369200
13.369200
13.369300
13.369300
13.369300
13.369400
13.369400
13.369400
13.369500
13.369500
13.369600
13.369600
13.369600
13.369700
13.369700
13.369800
13.369800
13.369900
13.369900
13.370000
13.370000
13.370100
13.370100
13.370200
13.370200
13.370300
13.370300
13.370400
13.370400
13.370500
13.370600
13.370600
13.370700
13.370800
13.370800
13.370900
13.370900
13.371000
13.371100
13.371100
13.371200
13.371300
13.371300
13.371400
13.371500
13.371500
13.371600
13.371700
13.371700
13.371800
13.371900
13.371900
13.372000
13.372100
13.372200
13.372200
13.372300
13.372400
13.372400
13.372500
13.372600
13.372600
13.372700
13.372800
13.372800
13.372900
13.373000
13.373000
13.373100
13.373200
13.373200
13.373300
13.373300
13.373400
13.373500
13.373500
13.373600
13.373600
13.373700
13.373700
13.373800
13.373800
13.373900
13.373900
13.374000
13.374000
13.374100
13.374100
13.374100
13.374200
13.374200
13.374300
13.374300
13.374300
13.374400
13.374400
13.374500
13.374500
13.374500
13.374600
13.374600
13.374600
13.374700
13.374700
13.374700
13.374800
13.374800
13.374800
13.374900
13.374900
13.374900
13.375000
13.375000
13.375000
13.375100
13.375100
13.375100
13.375200
13.375200
13.375200
13.375200
13.375300
13.375300
13.375300
13.375300
13.375400
13.375400
13.375400
13.375400
13.375500
13.375500
13.375500
13.375500
13.375600
13.375600
13.375600
13.375600
13.375700
13.375700
13.375700
13.375700
13.375700
13.375800
13.375800
13.375800
13.375800
13.375800
13.375900
13.375900
13.375900
13.375900
13.375900
13.375900
13.376000
13.376000
13.376000
13.376000
13.376000
13.376000
13.376100
13.376100
13.376100
13.376100
13.376100
13.376100
13.376200
13.376200
13.376200
13.376200
13.376200
13.376200
13.376200
13.376200
13.376300
13.376300
13.376300
13.376300
13.376300
13.376300
13.376300
13.376300
13.376300
13.376400
13.376400
13.376400
13.376400
13.376400
13.376400
13.376400
13.376400
13.376400
13.376400
13.376500
13.376500
13.376500
13.376500
13.376500
13.376500
13.376500
13.376500
13.376500
13.376500
13.376500
13.376500
13.376500
13.376500
13.376500
13.376600
13.376600
13.376600
13.376600
13.376600
13.376600
13.376600
13.376600
13.376600
13.376600
13.376600
13.376600
13.376600
13.376600
13.376600
13.376600
13.376600
13.376600
13.376600
13.376600
13.376600
13.376600
13.376600
13.376600
13.376600
13.376600
13.376600
13.376600
13.376600
13.376600
13.376600
13.376600
13.376600
13.376600
13.376600
13.376600
13.376600
13.376600
13.376600
13.376600
13.376600
13.376600
13.376600
13.376600
13.376600
13.376600
13.376600
13.376600
13.376600
13.376600
13.376600
13.376600
13.376600
13.376600
13.376600
13.376600
13.376600
13.376600
13.376600
13.376600
13.376600
13.376600
13.376600
13.376600
13.376600
13.376600
13.376600
13.376600
13.376600
13.376600
13.376600
13.376600
13.376500
13.376500
13.376500
13.376500
13.376500
13.376500
13.376500
13.376500
13.376500
13.376500
13.376500
13.376500
13.376500
13.376500
13.376500
13.376500
13.376500
13.376500
13.376400
13.376400
13.376400
13.376400
13.376400
13.376400
13.376400
13.376400
13.376400
13.376400
13.376400
13.376400
13.376400
13.376400
13.376300
13.376300
13.376300
13.376300
13.376300
13.376300
13.376300
13.376300
13.376300
13.376300
13.376300
13.376300
13.376200
13.376200
13.376200
13.376200
13.376200
13.376200
13.376200
13.376200
13.376200
13.376200
13.376200
13.376100
13.376100
13.376100
13.376100
13.376100
13.376100
13.376100
13.376100
13.376100
13.376100
13.376000
13.376000
13.376000
13.376000
13.376000
13.376000
13.376000
13.376000
13.376000
13.375900
13.375900
13.375900
13.375900
13.375900
13.375900
13.375900
13.375900
13.375900
13.375800
13.375800
13.375800
13.375800
13.375800
13.375800
13.375800
13.375800
13.375700
13.375700
13.375700
13.375700
13.375700
13.375700
13.375700
13.375700
13.375600
13.375600
13.375600
13.375600
13.375600
13.375600
13.375600
13.375600
13.375500
13.375500
13.375500
13.375500
13.375500
13.375500
13.375500
13.375500
13.375400
13.375400
13.375400
13.375400
13.375400
13.375400
13.375400
13.375300
13.375300
13.375300
13.375300
13.375300
13.375300
13.375300
13.375300
13.375200
13.375200
13.375200
13.375200
13.375200
13.375200
13.375200
13.375100
13.375100
13.375100
13.375100
13.375100
13.375100
13.375000
13.375000
13.375000
13.375000
13.375000
13.375000
13.375000
13.374900
13.374900
13.374900
13.374900
13.374900
13.374900
13.374900
13.374800
13.374800
13.374800
13.374800
13.374800
13.374800
13.374700
13.374700
13.374700
13.374700
13.374700
13.374700
13.374700
13.374600
13.374600
13.374600
13.374600
13.374600
13.374600
13.374500
13.374500
13.374500
13.374500
13.374500
13.374500
13.374400
13.374400
13.374400
13.374400
13.374400
13.374400
13.374300
13.374300
13.374300
13.374300
13.374300
13.374300
13.374300
13.374200
13.374200
13.374200
13.374200
13.374200
13.374200
13.374100
13.374100
13.374100
13.374100
13.374100
13.374100
13.374000
13.374000
13.374000
13.374000
13.374000
13.373900
13.373900
13.373900
13.373900
13.373900
13.373900
13.373800
13.373800
13.373800
13.373800
13.373800
13.373800
13.373700
13.373700
13.373700
13.373700
13.373700
13.373700
13.373600
13.373600
13.373600
13.373600
13.373600
13.373500
13.373500
13.373500
13.373500
13.373500
13.373500
13.373400
13.373400
13.373400
13.373400
13.373400
13.373400
13.373300
13.373300
13.373300
13.373300
13.373300
13.373200
13.373200
13.373200
13.373200
13.373200
13.373200
13.373100
13.373100
13.373100
13.373100
13.373100
13.373000
13.373000
13.373000
13.373000
13.373000
13.373000
13.372900
13.372900
13.372900
13.372900
13.372900
13.372800
13.372800
13.372800
13.372800
13.372800
13.372800
13.372700
13.372700
13.372700
13.372700
13.372700
13.372600
13.372600
13.372600
13.372600
13.372600
13.372500
13.372500
13.372500
13.372500
13.372500
13.372500
13.372400
13.372400
13.372400
13.372400
13.372400
13.372300
13.372300
13.372300
13.372300
13.372300
13.372200
13.372200
13.372200
13.372200
13.372200
13.372100
13.372100
13.372100
13.372100
13.372100
13.372100
13.372000
13.372000
13.372000
13.372000
13.372000
13.371900
13.371900
13.371900
13.371900
13.371900
13.371800
13.371800
13.371800
13.371800
13.371800
13.371700
13.371700
13.371700
13.371700
13.371700
13.371600
13.371600
13.371600
13.371600
13.371600
13.371600
13.371500
13.371500
13.371500
13.371500
13.371500
13.371400
13.371400
13.371400
13.371400
13.371400
13.371300
13.371300
13.371300
13.371300
13.371300
13.371200
13.371200
13.371200
13.371200
13.371200
13.371100
13.371100
13.371100
13.371100
13.371100
13.371000
13.371000
13.371000
13.371000
13.371000
13.370900
13.370900
13.370900
13.370900
13.370900
13.370800
13.370800
13.370800
13.370800
13.370800
13.370700
13.370700
13.370700
13.370700
13.370700
13.370600
13.370600
13.370600
13.370600
13.370600
13.370500
13.370500
13.370500
13.370500
13.370500
13.370400
13.370400
13.370400
13.370400
13.370400
13.370300
13.370300
13.370300
13.370300
13.370300
13.370200
13.370200
13.370200
13.370200
13.370200
13.370100
13.370100
13.370100
13.370100
13.370100
13.370000
13.370000
13.370000
13.370000
13.370000
13.369900
13.369900
13.369900
13.369900
13.369900
13.369800
13.369800
13.369800
13.369800
13.369800
13.369700
13.369700
13.369700
13.369700
13.369600
13.369600
13.369600
13.369600
13.369600
13.369500
13.369500
13.369500
13.369500
13.369500
13.369400
13.369400
13.369400
13.369400
13.369400
13.369300
13.369300
13.369300
13.369300
13.369300
13.369200
13.369200
13.369200
13.369200
13.369200
13.369100
13.369100
13.369100
13.369100
13.369100
13.369000
13.369000
13.369000
13.369000
13.368900
13.368900
13.368900
13.368900
13.368900
13.368800
13.368800
13.368800
13.368800
13.368800
13.368700
13.368700
13.368700
13.368700
13.368700
13.368600
13.368600
13.368600
13.368600
13.368600
13.368500
13.368500
13.368500
13.368500
13.368500
13.368400
13.368400
13.368400
13.368400
13.368300
13.368300
13.368300
13.368300
13.368300
13.368200
13.368200
13.368200
13.368200
13.368200
13.368100
13.368100
13.368100
13.368100
13.368100
13.368000
13.368000
13.368000
13.368000
13.368000
13.367900
13.367900
13.367900
13.367900
13.367800
13.367800
13.367800
13.367800
13.367800
13.367700
13.367700
13.367700
13.367700
13.367700
13.367600
13.367600
13.367600
13.367600
13.367600
13.367500
13.367500
13.367500
13.367500
13.367500
13.367400
13.367400
13.367400
13.367400
13.367300
13.367300
13.367300
13.367300
13.367300
13.367200
13.367200
13.367200
13.367200
13.367200
13.367100
13.367100
13.367100
13.367100
