5.570860
5.570820
5.570790
5.570750
5.570710
5.570680
5.570640
5.570610
5.570570
5.570530
5.570500
5.570460
5.570430
5.570390
5.570360
5.570320
5.570280
5.570250
5.570210
5.570180
5.570140
5.570100
5.570070
5.570030
5.570000
5.569960
5.569920
5.569890
5.569850
5.569820
5.569780
5.569740
5.569710
5.569670
5.569640
5.569600
5.569560
5.569530
5.569490
5.569460
5.569420
5.569390
5.569350
5.569310
5.569280
5.569240
5.569210
5.569170
5.569130
5.569100
5.569060
5.569030
5.568990
5.568950
5.568920
5.568880
5.568850
5.568810
5.568770
5.568740
5.568700
5.568670
5.568630
5.568590
5.568560
5.568520
5.568490
5.568450
5.568410
5.568380
5.568340
5.568310
5.568270
5.568230
5.568200
5.568160
5.568130
5.568090
5.568050
5.568020
5.567980
5.567940
5.567910
5.567870
5.567840
5.567800
5.567760
5.567730
5.567690
5.567660
5.567620
5.567580
5.567550
5.567510
5.567480
5.567440
5.567400
5.567370
5.567330
5.567300
5.567260
5.567220
5.567180
5.567130
5.567090
5.567160
5.572300
5.573670
5.573820
5.573810
5.573750
5.573690
5.573620
5.573560
5.573500
5.573440
5.573390
5.573340
5.573300
5.573260
5.573240
5.573220
5.573210
5.573210
5.573230
5.573260
5.573310
5.573390
5.573470
5.573580
5.573710
5.573840
5.573990
5.574160
5.574330
5.574500
5.574680
5.574870
5.575060
5.575260
5.575450
5.575650
5.575850
5.576040
5.576240
5.576440
5.576630
5.576820
5.577020
5.577210
5.577390
5.577580
5.577760
5.577940
5.578120
5.578300
5.578470
5.578640
5.578810
5.578970
5.579130
5.579290
5.579450
5.579600
5.579750
5.579900
5.580050
5.580190
5.580330
5.580470
5.580600
5.580730
5.580860
5.580990
5.581110
5.581230
5.581350
5.581470
5.581580
5.581700
5.581800
5.581910
5.582020
5.582120
5.582220
5.582320
5.582410
5.582510
5.582600
5.582690
5.582780
5.582860
5.582950
5.583030
5.583110
5.583190
5.583270
5.583340
5.583410
5.583490
5.583560
5.583620
5.583690
5.583760
5.583820
5.583880
5.583940
5.584000
5.584060
5.584120
5.584170
5.584230
5.584280
5.584330
5.584380
5.584430
5.584480
5.584530
5.584570
5.584620
5.584660
5.584710
5.584750
5.584790
5.584830
5.584870
5.584910
5.584940
5.584980
5.585020
5.585050
5.585080
5.585120
5.585150
5.585180
5.585210
5.585240
5.585270
5.585300
5.585330
5.585360
5.585390
5.585410
5.585440
5.585460
5.585490
5.585510
5.585540
5.585560
5.585580
5.585610
5.585630
5.585650
5.585670
5.585690
5.585710
5.585730
5.585750
5.585770
5.585790
5.585810
5.585830
5.585850
5.585860
5.585880
5.585900
5.585910
5.585930
5.585950
5.585960
5.585980
5.585990
5.586010
5.586020
5.586040
5.586050
5.586070
5.586080
5.586100
5.586110
5.586120
5.586140
5.586150
5.586160
5.586180
5.586190
5.586200
5.586210
5.586230
5.586240
5.586250
5.586260
5.586280
5.586290
5.586300
5.586310
5.586320
5.586330
5.586350
5.586360
5.586370
5.586380
5.586390
5.586400
5.586410
5.586430
5.586440
5.586450
5.586460
5.586470
5.586480
5.586490
5.586500
5.586510
5.586530
5.586540
5.586550
5.586560
5.586570
5.586580
5.586590
5.586600
5.586610
5.586620
5.586630
5.586650
5.586660
5.586670
5.586680
5.586690
5.586700
5.586710
5.586720
5.586730
5.586750
5.586760
5.586770
5.586780
5.586790
5.586800
5.586810
5.586820
5.586830
5.586840
5.586860
5.586870
5.586880
5.586890
5.586900
5.586910
5.586920
5.586930
5.586940
5.586950
5.586960
5.586960
5.586970
5.586980
5.586990
5.587000
5.587010
5.587010
5.587020
5.587030
5.587040
5.587040
5.587050
5.587060
5.587070
5.587080
5.587100
5.587110
5.587120
5.587140
5.587160
5.587180
5.587200
5.587220
5.587240
5.587270
5.587310
5.587340
5.587380
5.587420
5.587460
5.587500
5.587530
5.587570
5.587610
5.587640
5.587680
5.587710
5.587740
5.587770
5.587800
5.587820
5.587850
5.587870
5.587900
5.587920
5.587940
5.587960
5.587980
5.587990
5.588010
5.588030
5.588040
5.588060
5.588070
5.588080
5.588090
5.588100
5.588110
5.588120
5.588130
5.588140
5.588140
5.588150
5.588150
5.588160
5.588160
5.588170
5.588170
5.588170
5.588170
5.588170
5.588170
5.588170
5.588170
5.588170
5.588170
5.588170
5.588160
5.588160
5.588160
5.588150
5.588150
5.588140
5.588140
5.588130
5.588120
5.588120
5.588110
5.588100
5.588090
5.588090
5.588080
5.588070
5.588060
5.588050
5.588040
5.588030
5.588020
5.588010
5.587990
5.587980
5.587970
5.587960
5.587940
5.587930
5.587920
5.587900
5.587890
5.587880
5.587860
5.587850
5.587830
5.587820
5.587800
5.587790
5.587770
5.587750
5.587740
5.587720
5.587700
5.587690
5.587670
5.587650
5.587640
5.587620
5.587600
5.587580
5.587560
5.587540
5.587520
5.587510
5.587490
5.587470
5.587450
5.587430
5.587410
5.587390
5.587370
5.587350
5.587330
5.587310
5.587280
5.587260
5.587240
5.587220
5.587200
5.587180
5.587160
5.587130
5.587110
5.587090
5.587070
5.587040
5.587020
5.587000
5.586980
5.586950
5.586930
5.586910
5.586880
5.586860
5.586840
5.586810
5.586790
5.586760
5.586740
5.586710
5.586690
5.586670
5.586640
5.586620
5.586590
5.586570
5.586540
5.586520
5.586490
5.586470
5.586440
5.586420
5.586390
5.586360
5.586340
5.586310
5.586290
5.586260
5.586230
5.586210
5.586180
5.586150
5.586130
5.586100
5.586070
5.586050
5.586020
5.585990
5.585970
5.585940
5.585910
5.585890
5.585860
5.585830
5.585800
5.585780
5.585750
5.585720
5.585690
5.585670
5.585640
5.585610
5.585580
5.585550
5.585520
5.585500
5.585470
5.585440
5.585410
5.585380
5.585350
5.585330
5.585300
5.585270
5.585240
5.585210
5.585180
5.585150
5.585120
5.585090
5.585070
5.585040
5.585010
5.584980
5.584950
5.584920
5.584890
5.584860
5.584830
5.584800
5.584770
5.584740
5.584710
5.584680
5.584650
5.584620
5.584590
5.584560
5.584530
5.584500
5.584470
5.584440
5.584410
5.584380
5.584350
5.584320
5.584290
5.584260
5.584230
5.584200
5.584170
5.584140
5.584110
5.584080
5.584040
5.584010
5.583980
5.583950
5.583920
5.583890
5.583860
5.583830
5.583800
5.583770
5.583730
5.583700
5.583670
5.583640
5.583610
5.583580
5.583550
5.583520
5.583480
5.583450
5.583420
5.583390
5.583360
5.583330
5.583290
5.583260
5.583230
5.583200
5.583170
5.583140
5.583100
5.583070
5.583040
5.583010
5.582980
5.582940
5.582910
5.582880
5.582850
5.582820
5.582780
5.582750
5.582720
5.582690
5.582650
5.582620
5.582590
5.582560
5.582530
5.582490
5.582460
5.582430
5.582400
5.582360
5.582330
5.582300
5.582270
5.582230
5.582200
5.582170
5.582130
5.582100
5.582070
5.582040
5.582000
5.581970
5.581940
5.581910
5.581870
5.581840
5.581810
5.581770
5.581740
5.581710
5.581670
5.581640
5.581610
5.581580
5.581540
5.581510
5.581480
5.581440
5.581410
5.581380
5.581340
5.581310
5.581280
5.581240
5.581210
5.581180
5.581140
5.581110
5.581080
5.581040
5.581010
5.580980
5.580940
5.580910
5.580880
5.580840
5.580810
5.580780
5.580740
5.580710
5.580670
5.580640
5.580610
5.580570
5.580540
5.580510
5.580470
5.580440
5.580410
5.580370
5.580340
5.580300
5.580270
5.580240
5.580200
5.580170
5.580130
5.580100
5.580070
5.580030
5.580000
5.579960
5.579930
5.579900
5.579860
5.579830
5.579790
5.579760
5.579730
5.579690
5.579660
5.579620
5.579590
5.579560
5.579520
5.579490
5.579450
5.579420
5.579390
5.579350
5.579320
5.579280
5.579250
5.579210
5.579180
5.579150
5.579110
5.579080
5.579040
5.579010
5.578970
5.578940
5.578910
5.578870
5.578840
5.578800
5.578770
5.578730
5.578700
5.578660
5.578630
5.578600
5.578560
5.578530
5.578490
5.578460
5.578420
5.578390
5.578350
5.578320
5.578280
5.578250
5.578220
5.578180
5.578150
5.578110
5.578080
5.578040
5.578010
5.577970
5.577940
5.577900
5.577870
5.577830
5.577800
5.577760
5.577730
5.577690
5.577660
5.577630
5.577590
5.577560
5.577520
5.577490
5.577450
5.577420
5.577380
5.577350
5.577310
5.577280
5.577240
5.577210
5.577170
5.577140
5.577100
5.577070
5.577030
5.577000
5.576960
5.576930
5.576890
5.576860
5.576820
5.576790
5.576750
5.576720
5.576680
5.576650
5.576610
5.576580
5.576540
5.576510
5.576470
5.576440
5.576400
5.576370
5.576330
5.576300
5.576260
5.576230
5.576190
5.576160
5.576120
5.576090
5.576050
5.576020
5.575980
5.575950
5.575910
5.575870
5.575840
5.575800
5.575770
5.575730
5.575700
5.575660
5.575630
5.575590
5.575560
5.575520
5.575490
5.575450
5.575420
5.575380
5.575350
5.575310
5.575280
5.575240
5.575200
5.575170
5.575130
5.575100
5.575060
5.575030
5.574990
5.574960
5.574920
5.574890
5.574850
5.574820
5.574780
5.574740
5.574710
5.574670
5.574640
5.574600
5.574570
5.574530
5.574500
5.574460
5.574430
5.574390
5.574360
5.574320
5.574280
5.574250
5.574210
5.574180
5.574140
5.574110
5.574070
5.574040
5.574000
5.573960
5.573930
5.573890
5.573860
5.573820
5.573790
5.573750
5.573720
5.573680
5.573640
5.573610
5.573570
5.573540
5.573500
5.573470
5.573430
5.573400
5.573360
5.573320
5.573290
5.573250
5.573220
5.573180
5.573150
5.573110
5.573070
5.573040
5.573000
5.572970
5.572930
5.572900
5.572860
5.572830
5.572790
5.572750
5.572720
5.572680
5.572650
5.572610
5.572580
5.572540
5.572500
5.572470
5.572430
5.572400
5.572360
5.572330
5.572290
5.572250
5.572220
5.572180
5.572150
5.572110
5.572080
5.572040
5.572000
5.571970
5.571930
5.571900
5.571860
5.571820
5.571790
5.571750
5.571720
5.571680
5.571650
5.571610
5.571570
5.571540
5.571500
5.571470
5.571430
5.571400
5.571360
5.571320
5.571290
5.571250
5.571220
5.571180
5.571140
5.571110
5.571070
5.571040
5.571000
5.570970
5.570930
5.570890
5.570860
5.570820
5.570790
5.570750
5.570710
5.570680
5.570640
5.570610
5.570570
5.570530
5.570500
5.570460
5.570430
5.570390
5.570360
5.570320
5.570280
5.570250
5.570210
5.570180
5.570140
5.570100
5.570070
5.570030
5.570000
5.569960
5.569920
5.569890
5.569850
5.569820
5.569780
5.569740
5.569710
5.569670
5.569640
5.569600
5.569560
5.569530
5.569490
5.569460
5.569420
5.569390
5.569350
5.569310
5.569280
5.569240
5.569210
5.569170
5.569130
5.569100
5.569060
5.569030
5.568990
5.568950
5.568920
5.568880
5.568850
5.568810
5.568770
5.568740
5.568700
5.568670
5.568630
5.568590
5.568560
5.568520
5.568490
5.568450
5.568410
5.568380
5.568340
5.568310
5.568270
5.568230
5.568200
5.568160
5.568130
5.568090
5.568050
5.568020
5.567980
5.567940
5.567910
5.567870
5.567840
5.567800
5.567760
5.567730
5.567690
5.567660
5.567620
5.567580
5.567550
5.567510
5.567480
5.567440
5.567400
5.567370
5.567330
5.567300
5.567260
5.567220
5.567180
5.567130
5.567090
5.567160
5.572300
5.573670
5.573830
5.573810
5.573750
5.573690
5.573620
5.573560
5.573500
5.573440
5.573390
5.573340
5.573300
5.573260
5.573240
5.573220
5.573210
5.573210
5.573230
5.573260
5.573310
5.573390
5.573470
5.573580
5.573710
5.573840
5.573990
5.574160
5.574330
5.574500
5.574680
5.574870
5.575060
5.575260
5.575450
5.575650
5.575850
5.576040
5.576240
5.576440
5.576630
5.576820
5.577020
5.577210
5.577390
5.577580
5.577760
5.577940
5.578120
5.578300
5.578470
5.578640
5.578810
5.578970
5.579130
5.579290
5.579450
5.579600
5.579750
5.579900
5.580050
5.580190
5.580330
5.580470
5.580600
5.580730
5.580860
5.580990
5.581110
5.581230
5.581350
5.581470
5.581580
5.581700
5.581800
5.581910
5.582020
5.582120
5.582220
5.582320
5.582410
5.582510
5.582600
5.582690
5.582780
5.582860
5.582950
5.583030
5.583110
5.583190
5.583270
5.583340
5.583410
5.583490
5.583560
5.583620
5.583690
5.583760
5.583820
5.583880
5.583940
5.584000
5.584060
5.584120
5.584170
5.584230
5.584280
5.584330
5.584380
5.584430
5.584480
5.584530
5.584570
5.584620
5.584660
5.584710
5.584750
5.584790
5.584830
5.584870
5.584910
5.584940
5.584980
5.585020
5.585050
5.585080
5.585120
5.585150
5.585180
5.585210
5.585240
5.585270
5.585300
5.585330
5.585360
5.585390
5.585410
5.585440
5.585460
5.585490
5.585510
5.585540
5.585560
5.585580
5.585610
5.585630
5.585650
5.585670
5.585690
5.585710
5.585730
5.585750
5.585770
5.585790
5.585810
5.585830
5.585850
5.585860
5.585880
5.585900
5.585910
5.585930
5.585950
5.585960
5.585980
5.585990
5.586010
5.586020
5.586040
5.586050
5.586070
5.586080
5.586100
5.586110
5.586120
5.586140
5.586150
5.586160
5.586180
5.586190
5.586200
5.586210
5.586230
5.586240
5.586250
5.586260
5.586280
5.586290
5.586300
5.586310
5.586320
5.586330
5.586350
5.586360
5.586370
5.586380
5.586390
5.586400
5.586410
5.586430
5.586440
5.586450
5.586460
5.586470
5.586480
5.586490
5.586500
5.586510
5.586530
5.586540
5.586550
5.586560
5.586570
5.586580
5.586590
5.586600
5.586610
5.586620
5.586630
5.586650
5.586660
5.586670
5.586680
5.586690
5.586700
5.586710
5.586720
5.586730
5.586750
5.586760
5.586770
5.586780
5.586790
5.586800
5.586810
5.586820
5.586830
5.586840
5.586860
5.586870
5.586880
5.586890
5.586900
5.586910
5.586920
5.586930
5.586940
5.586950
5.586960
5.586960
5.586970
5.586980
5.586990
5.587000
5.587010
5.587010
5.587020
5.587030
5.587040
5.587040
5.587050
5.587060
5.587070
5.587080
5.587100
5.587110
5.587120
5.587140
5.587160
5.587180
5.587200
5.587220
5.587240
5.587270
5.587310
5.587340
5.587380
5.587420
5.587460
5.587500
5.587530
5.587570
5.587610
5.587640
5.587680
5.587710
5.587740
5.587770
5.587800
5.587820
5.587850
5.587870
5.587900
5.587920
5.587940
5.587960
5.587980
5.587990
5.588010
5.588030
5.588040
5.588060
5.588070
5.588080
5.588090
5.588100
5.588110
5.588120
5.588130
5.588140
5.588140
5.588150
5.588150
5.588160
5.588160
5.588170
5.588170
5.588170
5.588170
5.588170
5.588170
5.588170
5.588170
5.588170
5.588170
5.588170
5.588160
5.588160
5.588160
5.588150
5.588150
5.588140
5.588140
5.588130
5.588120
5.588120
5.588110
5.588100
5.588090
5.588090
5.588080
5.588070
5.588060
5.588050
5.588040
5.588030
5.588020
5.588010
5.587990
5.587980
5.587970
5.587960
5.587940
5.587930
5.587920
5.587900
5.587890
5.587880
5.587860
5.587850
5.587830
5.587820
5.587800
5.587790
5.587770
5.587750
5.587740
5.587720
5.587700
5.587690
5.587670
5.587650
5.587640
5.587620
5.587600
5.587580
5.587560
5.587540
5.587520
5.587510
5.587490
5.587470
5.587450
5.587430
5.587410
5.587390
5.587370
5.587350
5.587330
5.587310
5.587280
5.587260
5.587240
5.587220
5.587200
5.587180
5.587160
5.587130
5.587110
5.587090
5.587070
5.587040
5.587020
5.587000
5.586980
5.586950
5.586930
5.586910
5.586880
5.586860
5.586840
5.586810
5.586790
5.586760
5.586740
5.586710
5.586690
5.586670
5.586640
5.586620
5.586590
5.586570
5.586540
5.586520
5.586490
5.586470
5.586440
5.586420
5.586390
5.586360
5.586340
5.586310
5.586290
5.586260
5.586230
5.586210
5.586180
5.586150
5.586130
5.586100
5.586070
5.586050
5.586020
5.585990
5.585970
5.585940
5.585910
5.585890
5.585860
5.585830
5.585800
5.585780
5.585750
5.585720
5.585690
5.585670
5.585640
5.585610
5.585580
5.585550
5.585520
5.585500
5.585470
5.585440
5.585410
5.585380
5.585350
5.585330
5.585300
5.585270
5.585240
5.585210
5.585180
5.585150
5.585120
5.585090
5.585070
5.585040
5.585010
5.584980
5.584950
5.584920
5.584890
5.584860
5.584830
5.584800
5.584770
5.584740
5.584710
5.584680
5.584650
5.584620
5.584590
5.584560
5.584530
5.584500
5.584470
5.584440
5.584410
5.584380
5.584350
5.584320
5.584290
5.584260
5.584230
5.584200
5.584170
5.584140
5.584110
5.584080
5.584040
5.584010
5.583980
5.583950
5.583920
5.583890
5.583860
5.583830
5.583800
5.583770
5.583730
5.583700
5.583670
5.583640
5.583610
5.583580
5.583550
5.583520
5.583480
5.583450
5.583420
5.583390
5.583360
5.583330
5.583290
5.583260
5.583230
5.583200
5.583170
5.583140
5.583100
5.583070
5.583040
5.583010
5.582980
5.582940
5.582910
5.582880
5.582850
5.582820
5.582780
5.582750
5.582720
5.582690
5.582650
5.582620
5.582590
5.582560
5.582530
5.582490
5.582460
5.582430
5.582400
5.582360
5.582330
5.582300
5.582270
5.582230
5.582200
5.582170
5.582130
5.582100
5.582070
5.582040
5.582000
5.581970
5.581940
5.581910
5.581870
5.581840
5.581810
5.581770
5.581740
5.581710
5.581670
5.581640
5.581610
5.581580
5.581540
5.581510
5.581480
5.581440
5.581410
5.581380
5.581340
5.581310
5.581280
5.581240
5.581210
5.581180
5.581140
5.581110
5.581080
5.581040
5.581010
5.580980
5.580940
5.580910
5.580880
5.580840
5.580810
5.580780
5.580740
5.580710
5.580670
5.580640
5.580610
5.580570
5.580540
5.580510
5.580470
5.580440
5.580410
5.580370
5.580340
5.580300
5.580270
5.580240
5.580200
5.580170
5.580130
5.580100
5.580070
5.580030
5.580000
5.579960
5.579930
5.579900
5.579860
5.579830
5.579790
5.579760
5.579730
5.579690
5.579660
5.579620
5.579590
5.579560
5.579520
5.579490
5.579450
5.579420
5.579390
5.579350
5.579320
5.579280
5.579250
5.579210
5.579180
5.579150
5.579110
5.579080
5.579040
5.579010
5.578970
5.578940
5.578910
5.578870
5.578840
5.578800
5.578770
5.578730
5.578700
5.578660
5.578630
5.578600
5.578560
5.578530
5.578490
5.578460
5.578420
5.578390
5.578350
5.578320
5.578280
5.578250
5.578220
5.578180
5.578150
5.578110
5.578080
5.578040
5.578010
5.577970
5.577940
5.577900
5.577870
5.577830
5.577800
5.577760
5.577730
5.577690
5.577660
5.577630
5.577590
5.577560
5.577520
5.577490
5.577450
5.577420
5.577380
5.577350
5.577310
5.577280
5.577240
5.577210
5.577170
5.577140
5.577100
5.577070
5.577030
5.577000
5.576960
5.576930
5.576890
5.576860
5.576820
5.576790
5.576750
5.576720
5.576680
5.576650
5.576610
5.576580
5.576540
5.576510
5.576470
5.576440
5.576400
5.576370
5.576330
5.576300
5.576260
5.576230
5.576190
5.576160
5.576120
5.576090
5.576050
5.576020
5.575980
5.575950
5.575910
5.575870
5.575840
5.575800
5.575770
5.575730
5.575700
5.575660
5.575630
5.575590
5.575560
5.575520
5.575490
5.575450
5.575420
5.575380
5.575350
5.575310
5.575280
5.575240
5.575200
5.575170
5.575130
5.575100
5.575060
5.575030
5.574990
5.574960
5.574920
5.574890
5.574850
5.574820
5.574780
5.574740
5.574710
5.574670
5.574640
5.574600
5.574570
5.574530
5.574500
5.574460
5.574430
5.574390
5.574360
5.574320
5.574280
5.574250
5.574210
5.574180
5.574140
5.574110
5.574070
5.574040
5.574000
5.573960
5.573930
5.573890
5.573860
5.573820
5.573790
5.573750
5.573720
5.573680
5.573640
5.573610
5.573570
5.573540
5.573500
5.573470
5.573430
5.573400
5.573360
5.573320
5.573290
5.573250
5.573220
5.573180
5.573150
5.573110
5.573070
5.573040
5.573000
5.572970
5.572930
5.572900
5.572860
5.572830
5.572790
5.572750
5.572720
5.572680
5.572650
5.572610
5.572580
5.572540
5.572500
5.572470
5.572430
5.572400
5.572360
5.572330
5.572290
5.572250
5.572220
5.572180
5.572150
5.572110
5.572080
5.572040
5.572000
5.571970
5.571930
5.571900
5.571860
5.571820
5.571790
5.571750
5.571720
5.571680
5.571650
5.571610
5.571570
5.571540
5.571500
5.571470
5.571430
5.571400
5.571360
5.571320
5.571290
5.571250
5.571220
5.571180
5.571140
5.571110
5.571070
5.571040
5.571000
5.570970
5.570930
5.570890
5.570860
5.570820
5.570790
5.570750
5.570710
5.570680
5.570640
5.570610
5.570570
5.570530
5.570500
5.570460
5.570430
5.570390
5.570360
5.570320
5.570280
5.570250
5.570210
5.570180
5.570140
5.570100
5.570070
5.570030
5.570000
5.569960
5.569920
5.569890
5.569850
5.569820
5.569780
5.569740
5.569710
5.569670
5.569640
5.569600
5.569570
5.569530
5.569490
5.569460
5.569420
5.569390
5.569350
5.569310
5.569280
5.569240
5.569210
5.569170
5.569130
5.569100
5.569060
5.569030
5.568990
5.568950
5.568920
5.568880
5.568850
5.568810
5.568770
5.568740
5.568700
5.568670
5.568630
5.568590
5.568560
5.568520
5.568490
5.568450
5.568410
5.568380
5.568340
5.568310
5.568270
5.568230
5.568200
5.568160
5.568130
5.568090
5.568050
5.568020
5.567980
5.567940
5.567910
5.567870
5.567840
5.567800
5.567760
5.567730
5.567690
5.567660
5.567620
5.567580
5.567550
5.567510
5.567480
5.567440
5.567400
5.567370
5.567330
5.567300
5.567260
5.567220
5.567180
5.567130
5.567090
5.567160
5.572300
5.573670
5.573820
5.573810
5.573750
5.573680
5.573620
5.573560
5.573500
5.573440
5.573390
5.573340
5.573300
5.573260
5.573240
5.573220
5.573210
5.573210
5.573230
5.573260
5.573310
5.573390
5.573470
5.573580
5.573710
5.573840
5.573990
5.574160
5.574330
5.574500
5.574680
5.574870
5.575060
5.575260
5.575450
5.575650
5.575850
5.576040
5.576240
5.576440
5.576630
5.576820
5.577020
5.577210
5.577390
5.577580
5.577760
5.577940
5.578120
5.578300
5.578470
5.578640
5.578810
5.578970
5.579130
5.579290
5.579450
5.579600
5.579750
5.579900
5.580050
5.580190
5.580330
5.580470
5.580600
5.580730
5.580860
5.580990
5.581110
5.581230
5.581350
5.581470
5.581580
5.581700
5.581800
5.581910
5.582020
5.582120
5.582220
5.582320
5.582410
5.582510
5.582600
5.582690
5.582780
5.582860
5.582950
5.583030
5.583110
5.583190
5.583270
5.583340
5.583410
5.583490
5.583560
5.583620
5.583690
5.583760
5.583820
5.583880
5.583940
5.584000
5.584060
5.584120
5.584170
5.584230
5.584280
5.584330
5.584380
5.584430
5.584480
5.584530
5.584570
5.584620
5.584660
5.584710
5.584750
5.584790
5.584830
5.584870
5.584910
5.584940
5.584980
5.585020
5.585050
5.585080
5.585120
5.585150
5.585180
5.585210
5.585240
5.585270
5.585300
5.585330
5.585360
5.585390
5.585410
5.585440
5.585460
5.585490
5.585510
5.585540
5.585560
5.585580
5.585610
5.585630
5.585650
5.585670
5.585690
5.585710
5.585730
5.585750
5.585770
5.585790
5.585810
5.585830
5.585850
5.585860
5.585880
5.585900
5.585910
5.585930
5.585950
5.585960
5.585980
5.585990
5.586010
5.586020
5.586040
5.586050
5.586070
5.586080
5.586100
5.586110
5.586120
5.586140
5.586150
5.586160
5.586180
5.586190
5.586200
5.586210
5.586230
5.586240
5.586250
5.586260
5.586280
5.586290
5.586300
5.586310
5.586320
5.586330
5.586350
5.586360
5.586370
5.586380
5.586390
5.586400
5.586410
5.586430
5.586440
5.586450
5.586460
5.586470
5.586480
5.586490
5.586500
5.586510
5.586530
5.586540
5.586550
5.586560
5.586570
5.586580
5.586590
5.586600
5.586610
5.586620
5.586630
5.586650
5.586660
5.586670
5.586680
5.586690
5.586700
5.586710
5.586720
5.586730
5.586750
5.586760
5.586770
5.586780
5.586790
5.586800
5.586810
5.586820
5.586830
5.586840
5.586860
5.586870
5.586880
5.586890
5.586900
5.586910
5.586920
5.586930
5.586940
5.586950
5.586960
5.586960
5.586970
5.586980
5.586990
5.587000
5.587010
5.587010
5.587020
5.587030
5.587040
5.587040
5.587050
5.587060
5.587070
5.587080
5.587100
5.587110
5.587120
5.587140
5.587160
5.587180
5.587200
5.587220
5.587240
5.587270
5.587310
5.587340
5.587380
5.587420
5.587460
5.587500
5.587530
5.587570
5.587610
5.587640
5.587680
5.587710
5.587740
5.587770
5.587800
5.587820
5.587850
5.587870
5.587900
5.587920
5.587940
5.587960
5.587980
5.587990
5.588010
5.588030
5.588040
5.588060
5.588070
5.588080
5.588090
5.588100
5.588110
5.588120
5.588130
5.588140
5.588140
5.588150
5.588150
5.588160
5.588160
5.588170
5.588170
5.588170
5.588170
5.588170
5.588170
5.588170
5.588170
5.588170
5.588170
5.588170
5.588160
5.588160
5.588160
5.588150
5.588150
5.588140
5.588140
5.588130
5.588120
5.588120
5.588110
5.588100
5.588090
5.588090
5.588080
5.588070
5.588060
5.588050
5.588040
5.588030
5.588020
5.588010
5.587990
5.587980
5.587970
5.587960
5.587940
5.587930
5.587920
5.587900
5.587890
5.587880
5.587860
5.587850
5.587830
5.587820
5.587800
5.587790
5.587770
5.587750
5.587740
5.587720
5.587700
5.587690
5.587670
5.587650
5.587640
5.587620
5.587600
5.587580
5.587560
5.587540
5.587520
5.587510
5.587490
5.587470
5.587450
5.587430
5.587410
5.587390
5.587370
5.587350
5.587330
5.587310
5.587280
5.587260
5.587240
5.587220
5.587200
5.587180
5.587160
5.587130
5.587110
5.587090
5.587070
5.587040
5.587020
5.587000
5.586980
5.586950
5.586930
5.586910
5.586880
5.586860
5.586840
5.586810
5.586790
5.586760
5.586740
5.586710
5.586690
5.586670
5.586640
5.586620
5.586590
5.586570
5.586540
5.586520
5.586490
5.586470
5.586440
5.586420
5.586390
5.586360
5.586340
5.586310
5.586290
5.586260
5.586230
5.586210
5.586180
5.586150
5.586130
5.586100
5.586070
5.586050
5.586020
5.585990
5.585970
5.585940
5.585910
5.585890
5.585860
5.585830
5.585800
5.585780
5.585750
5.585720
5.585690
5.585670
5.585640
5.585610
5.585580
5.585550
5.585520
5.585500
5.585470
5.585440
5.585410
5.585380
5.585350
5.585330
5.585300
5.585270
5.585240
5.585210
5.585180
5.585150
5.585120
5.585090
5.585070
5.585040
5.585010
5.584980
5.584950
5.584920
5.584890
5.584860
5.584830
5.584800
5.584770
5.584740
5.584710
5.584680
5.584650
5.584620
5.584590
5.584560
5.584530
5.584500
5.584470
5.584440
5.584410
5.584380
5.584350
5.584320
5.584290
5.584260
5.584230
5.584200
5.584170
5.584140
5.584110
5.584080
5.584040
5.584010
5.583980
5.583950
5.583920
5.583890
5.583860
5.583830
5.583800
5.583770
5.583730
5.583700
5.583670
5.583640
5.583610
5.583580
5.583550
5.583520
5.583480
5.583450
5.583420
5.583390
5.583360
5.583330
5.583290
5.583260
5.583230
5.583200
5.583170
5.583140
5.583100
5.583070
5.583040
5.583010
5.582980
5.582940
5.582910
5.582880
5.582850
5.582820
5.582780
5.582750
5.582720
5.582690
5.582650
5.582620
5.582590
5.582560
5.582530
5.582490
5.582460
5.582430
5.582400
5.582360
5.582330
5.582300
5.582270
5.582230
5.582200
5.582170
5.582130
5.582100
5.582070
5.582040
5.582000
5.581970
5.581940
5.581910
5.581870
5.581840
5.581810
5.581770
5.581740
5.581710
5.581670
5.581640
5.581610
5.581580
5.581540
5.581510
5.581480
5.581440
5.581410
5.581380
5.581340
5.581310
5.581280
5.581240
5.581210
5.581180
5.581140
5.581110
5.581080
5.581040
5.581010
5.580980
5.580940
5.580910
5.580880
5.580840
5.580810
5.580780
5.580740
5.580710
5.580670
5.580640
5.580610
5.580570
5.580540
5.580510
5.580470
5.580440
5.580410
5.580370
5.580340
5.580300
5.580270
5.580240
5.580200
5.580170
5.580130
5.580100
5.580070
5.580030
5.580000
5.579960
5.579930
5.579900
5.579860
5.579830
5.579790
5.579760
5.579730
5.579690
5.579660
5.579620
5.579590
5.579560
5.579520
5.579490
5.579450
5.579420
5.579390
5.579350
5.579320
5.579280
5.579250
5.579210
5.579180
5.579150
5.579110
5.579080
5.579040
5.579010
5.578970
5.578940
5.578910
5.578870
5.578840
5.578800
5.578770
5.578730
5.578700
5.578660
5.578630
5.578600
5.578560
5.578530
5.578490
5.578460
5.578420
5.578390
5.578350
5.578320
5.578280
5.578250
5.578220
5.578180
5.578150
5.578110
5.578080
5.578040
5.578010
5.577970
5.577940
5.577900
5.577870
5.577830
5.577800
5.577760
5.577730
5.577690
5.577660
5.577630
5.577590
5.577560
5.577520
5.577490
5.577450
5.577420
5.577380
5.577350
5.577310
5.577280
5.577240
5.577210
5.577170
5.577140
5.577100
5.577070
5.577030
5.577000
5.576960
5.576930
5.576890
5.576860
5.576820
5.576790
5.576750
5.576720
5.576680
5.576650
5.576610
5.576580
5.576540
5.576510
5.576470
5.576440
5.576400
5.576370
5.576330
5.576300
5.576260
5.576230
5.576190
5.576160
5.576120
5.576090
5.576050
5.576020
5.575980
5.575950
5.575910
5.575870
5.575840
5.575800
5.575770
5.575730
5.575700
5.575660
5.575630
5.575590
5.575560
5.575520
5.575490
5.575450
5.575420
5.575380
5.575350
5.575310
5.575280
5.575240
5.575200
5.575170
5.575130
5.575100
5.575060
5.575030
5.574990
5.574960
5.574920
5.574890
5.574850
5.574820
5.574780
5.574740
5.574710
5.574670
5.574640
5.574600
5.574570
5.574530
5.574500
5.574460
5.574430
5.574390
5.574360
5.574320
5.574280
5.574250
5.574210
5.574180
5.574140
5.574110
5.574070
5.574040
5.574000
5.573960
5.573930
5.573890
5.573860
5.573820
5.573790
5.573750
5.573720
5.573680
5.573640
5.573610
5.573570
5.573540
5.573500
5.573470
5.573430
5.573400
5.573360
5.573320
5.573290
5.573250
5.573220
5.573180
5.573150
5.573110
5.573070
5.573040
5.573000
5.572970
5.572930
5.572900
5.572860
5.572830
5.572790
5.572750
5.572720
5.572680
5.572650
5.572610
5.572580
5.572540
5.572500
5.572470
5.572430
5.572400
5.572360
5.572330
5.572290
5.572250
5.572220
5.572180
5.572150
5.572110
5.572080
5.572040
5.572000
5.571970
5.571930
5.571900
5.571860
5.571820
5.571790
5.571750
5.571720
5.571680
5.571650
5.571610
5.571570
5.571540
5.571500
5.571470
5.571430
5.571400
5.571360
5.571320
5.571290
5.571250
5.571220
5.571180
5.571140
5.571110
5.571070
5.571040
5.571000
5.570970
5.570930
5.570890
5.570860
