0.074731
0.074713
0.074934
0.075835
0.078266
0.082912
0.090118
0.099899
0.111947
0.125708
0.140533
0.155831
0.171136
0.186120
0.200573
0.214368
0.227441
0.239766
0.251344
0.262189
0.272329
0.281796
0.290623
0.298847
0.306502
0.313624
0.320246
0.326398
0.332112
0.337414
0.342333
0.346891
0.351113
0.355019
0.358631
0.361965
0.365040
0.367872
0.370475
0.372864
0.375052
0.377051
0.378872
0.380526
0.382022
0.383370
0.384579
0.385655
0.386608
0.387444
0.388169
0.388790
0.389312
0.389741
0.390082
0.390340
0.390519
0.390624
0.390658
0.390626
0.390530
0.390374
0.390162
0.389896
0.389580
0.389215
0.388804
0.388350
0.387855
0.387321
0.386750
0.386144
0.385505
0.384835
0.384134
0.383405
0.382649
0.381868
0.381064
0.380236
0.379387
0.378518
0.377630
0.376723
0.375799
0.374859
0.373904
0.372934
0.371951
0.370955
0.369947
0.368928
0.367898
0.366858
0.365809
0.364751
0.363685
0.362612
0.361531
0.360444
0.359350
0.358251
0.357147
0.356038
0.354925
0.353808
0.352687
0.351563
0.350436
0.349307
0.348175
0.347041
0.345906
0.344769
0.343631
0.342492
0.341352
0.340212
0.339072
0.337931
0.336791
0.335651
0.334511
0.333372
0.332234
0.331097
0.329961
0.328826
0.327693
0.326561
0.325430
0.324301
0.323174
0.322049
0.320926
0.319805
0.318686
0.317569
0.316455
0.315342
0.314232
0.313124
0.312019
0.310916
0.309815
0.308717
0.307621
0.306528
0.305437
0.304349
0.303263
0.302179
0.301098
0.300019
0.298942
0.297868
0.296795
0.295725
0.294657
0.293591
0.292527
0.291465
0.290405
0.289346
0.288289
0.287233
0.286179
0.285126
0.284074
0.283023
0.281973
0.280924
0.279876
0.278829
0.277781
0.276734
0.275688
0.274641
0.273595
0.272548
0.271501
0.270453
0.269405
0.268356
0.267307
0.266257
0.265206
0.264154
0.263101
0.262047
0.260992
0.259936
0.258879
0.257821
0.256762
0.255702
0.254641
0.253580
0.252518
0.251456
0.250393
0.249330
0.248267
0.247205
0.246143
0.245081
0.244020
0.242960
0.241901
0.240843
0.239786
0.238731
0.237677
0.236626
0.235576
0.234529
0.233484
0.232441
0.231401
0.230364
0.229330
0.228299
0.227272
0.226248
0.225227
0.224210
0.223198
0.222189
0.221184
0.220184
0.219188
0.218197
0.217211
0.216229
0.215252
0.214281
0.213314
0.212353
0.211397
0.210446
0.209501
0.208561
0.207627
0.206698
0.205776
0.204859
0.203948
0.203043
0.202145
0.201252
0.200366
0.199486
0.198612
0.197745
0.196884
0.196029
0.195182
0.194340
0.193506
0.192678
0.191857
0.191043
0.190236
0.189435
0.188641
0.187854
0.187074
0.186301
0.185534
0.184774
0.184021
0.183274
0.182534
0.181800
0.181073
0.180352
0.179637
0.178928
0.178226
0.177529
0.176838
0.176153
0.175473
0.174799
0.174131
0.173468
0.172810
0.172157
0.171510
0.170867
0.170230
0.169597
0.168969
0.168346
0.167728
0.167115
0.166506
0.165902
0.165302
0.164707
0.164117
0.163530
0.162949
0.162371
0.161798
0.161229
0.160664
0.160104
0.159547
0.158995
0.158447
0.157903
0.157363
0.156826
0.156294
0.155766
0.155241
0.154720
0.154204
0.153690
0.153181
0.152675
0.152173
0.151675
0.151180
0.150689
0.150201
0.149717
0.149236
0.148759
0.148285
0.147814
0.147347
0.146884
0.146423
0.145966
0.145512
0.145061
0.144614
0.144169
0.143728
0.143290
0.142855
0.142423
0.141994
0.141568
0.141145
0.140725
0.140308
0.139894
0.139482
0.139074
0.138668
0.138265
0.137865
0.137468
0.137074
0.136682
0.136293
0.135906
0.135523
0.135141
0.134763
0.134387
0.134014
0.133643
0.133275
0.132909
0.132545
0.132185
0.131826
0.131470
0.131117
0.130766
0.130417
0.130070
0.129726
0.129384
0.129045
0.128708
0.128373
0.128040
0.127709
0.127381
0.127055
0.126731
0.126409
0.126089
0.125772
0.125456
0.125143
0.124831
0.124522
0.124215
0.123910
0.123606
0.123305
0.123006
0.122709
0.122413
0.122120
0.121828
0.121539
0.121251
0.120965
0.120681
0.120399
0.120119
0.119840
0.119563
0.119288
0.119015
0.118744
0.118474
0.118206
0.117940
0.117675
0.117413
0.117152
0.116892
0.116634
0.116378
0.116124
0.115871
0.115619
0.115370
0.115122
0.114875
0.114630
0.114387
0.114145
0.113904
0.113665
0.113428
0.113192
0.112958
0.112725
0.112494
0.112264
0.112035
0.111808
0.111582
0.111358
0.111135
0.110913
0.110693
0.110475
0.110257
0.110041
0.109826
0.109613
0.109401
0.109190
0.108981
0.108773
0.108566
0.108360
0.108156
0.107953
0.107751
0.107550
0.107351
0.107153
0.106956
0.106760
0.106566
0.106373
0.106180
0.105989
0.105800
0.105611
0.105424
0.105237
0.105052
0.104868
0.104685
0.104503
0.104322
0.104143
0.103964
0.103786
0.103610
0.103435
0.103260
0.103087
0.102915
0.102744
0.102574
0.102404
0.102236
0.102069
0.101903
0.101738
0.101574
0.101411
0.101249
0.101087
0.100927
0.100768
0.100609
0.100452
0.100296
0.100140
0.099985
0.099832
0.099679
0.099527
0.099376
0.099226
0.099077
0.098929
0.098781
0.098635
0.098489
0.098344
0.098200
0.098057
0.097915
0.097773
0.097633
0.097493
0.097354
0.097216
0.097079
0.096942
0.096807
0.096672
0.096537
0.096404
0.096271
0.096140
0.096009
0.095879
0.095749
0.095620
0.095492
0.095365
0.095239
0.095113
0.094988
0.094863
0.094740
0.094617
0.094495
0.094373
0.094253
0.094133
0.094013
0.093895
0.093777
0.093659
0.093543
0.093427
0.093311
0.093197
0.093083
0.092970
0.092857
0.092745
0.092634
0.092523
0.092413
0.092304
0.092195
0.092087
0.091979
0.091872
0.091766
0.091660
0.091555
0.091451
0.091347
0.091244
0.091141
0.091039
0.090937
0.090836
0.090736
0.090636
0.090537
0.090438
0.090340
0.090243
0.090146
0.090049
0.089953
0.089858
0.089763
0.089669
0.089575
0.089482
0.089389
0.089297
0.089206
0.089115
0.089024
0.088934
0.088844
0.088755
0.088667
0.088579
0.088491
0.088404
0.088318
0.088232
0.088146
0.088061
0.087977
0.087893
0.087809
0.087726
0.087643
0.087561
0.087479
0.087398
0.087317
0.087237
0.087157
0.087077
0.086998
0.086920
0.086842
0.086764
0.086687
0.086610
0.086533
0.086458
0.086382
0.086307
0.086232
0.086158
0.086084
0.086011
0.085938
0.085865
0.085793
0.085721
0.085650
0.085579
0.085508
0.085438
0.085368
0.085299
0.085230
0.085161
0.085093
0.085025
0.084958
0.084891
0.084824
0.084758
0.084692
0.084626
0.084561
0.084496
0.084432
0.084368
0.084304
0.084240
0.084177
0.084115
0.084052
0.083990
0.083929
0.083867
0.083806
0.083746
0.083686
0.083626
0.083566
0.083507
0.083448
0.083389
0.083331
0.083273
0.083215
0.083158
0.083101
0.083044
0.082988
0.082932
0.082876
0.082821
0.082766
0.082711
0.082656
0.082602
0.082548
0.082495
0.082442
0.082389
0.082336
0.082284
0.082231
0.082180
0.082128
0.082077
0.082026
0.081975
0.081925
0.081875
0.081825
0.081776
0.081726
0.081677
0.081629
0.081580
0.081532
0.081484
0.081437
0.081389
0.081342
0.081295
0.081249
0.081202
0.081156
0.081111
0.081065
0.081020
0.080975
0.080930
0.080886
0.080841
0.080797
0.080753
0.080710
0.080667
0.080624
0.080581
0.080538
0.080496
0.080454
0.080412
0.080370
0.080329
0.080288
0.080247
0.080206
0.080166
0.080126
0.080086
0.080046
0.080006
0.079967
0.079928
0.079889
0.079850
0.079812
0.079774
0.079736
0.079698
0.079660
0.079623
0.079586
0.079549
0.079512
0.079476
0.079439
0.079403
0.079367
0.079331
0.079296
0.079261
0.079225
0.079191
0.079156
0.079121
0.079087
0.079053
0.079019
0.078985
0.078952
0.078918
0.078885
0.078852
0.078819
0.078786
0.078754
0.078722
0.078690
0.078658
0.078626
0.078595
0.078563
0.078532
0.078501
0.078470
0.078440
0.078409
0.078379
0.078349
0.078319
0.078289
0.078259
0.078230
0.078201
0.078172
0.078143
0.078114
0.078085
0.078057
0.078028
0.078000
0.077972
0.077944
0.077917
0.077889
0.077862
0.077835
0.077808
0.077781
0.077754
0.077728
0.077701
0.077675
0.077649
0.077623
0.077597
0.077571
0.077546
0.077520
0.077495
0.077470
0.077445
0.077420
0.077396
0.077371
0.077347
0.077323
0.077299
0.077275
0.077251
0.077227
0.077204
0.077180
0.077157
0.077134
0.077111
0.077088
0.077065
0.077043
0.077020
0.076998
0.076976
0.076954
0.076932
0.076910
0.076888
0.076867
0.076845
0.076824
0.076803
0.076782
0.076761
0.076740
0.076719
0.076699
0.076678
0.076658
0.076638
0.076617
0.076598
0.076578
0.076558
0.076538
0.076519
0.076499
0.076480
0.076461
0.076442
0.076423
0.076404
0.076385
0.076367
0.076348
0.076330
0.076312
0.076293
0.076275
0.076257
0.076239
0.076222
0.076204
0.076187
0.076169
0.076152
0.076135
0.076117
0.076101
0.076084
0.076067
0.076050
0.076033
0.076017
0.076000
0.075984
0.075968
0.075952
0.075936
0.075920
0.075904
0.075888
0.075873
0.075857
0.075842
0.075826
0.075811
0.075796
0.075781
0.075766
0.075751
0.075736
0.075721
0.075707
0.075692
0.075678
0.075664
0.075649
0.075635
0.075621
0.075607
0.075593
0.075579
0.075565
0.075552
0.075538
0.075525
0.075511
0.075498
0.075485
0.075472
0.075458
0.075445
0.075432
0.075420
0.075407
0.075394
0.075382
0.075369
0.075357
0.075344
0.075332
0.075320
0.075308
0.075296
0.075284
0.075272
0.075260
0.075248
0.075236
0.075225
0.075213
0.075202
0.075190
0.075179
0.075168
0.075157
0.075146
0.075135
0.075124
0.075113
0.075102
0.075091
0.075080
0.075070
0.075059
0.075049
0.075039
0.075028
0.075018
0.075008
0.074997
0.074987
0.074977
0.074967
0.074958
0.074948
0.074938
0.074928
0.074919
0.074909
0.074900
0.074890
0.074881
0.074872
0.074862
0.074853
0.074844
0.074835
0.074826
0.074817
0.074808
0.074799
0.074790
0.074782
0.074773
0.074765
0.074756
0.074748
0.074739
0.074731
0.074713
0.074933
0.075835
0.078266
0.082912
0.090118
0.099900
0.111949
0.125710
0.140535
0.155834
0.171139
0.186123
0.200576
0.214371
0.227444
0.239770
0.251347
0.262193
0.272333
0.281799
0.290627
0.298850
0.306506
0.313628
0.320249
0.326402
0.332115
0.337418
0.342336
0.346895
0.351117
0.355023
0.358634
0.361969
0.365044
0.367875
0.370479
0.372868
0.375056
0.377055
0.378876
0.380529
0.382026
0.383374
0.384582
0.385659
0.386612
0.387447
0.388172
0.388793
0.389315
0.389744
0.390086
0.390343
0.390523
0.390627
0.390661
0.390629
0.390533
0.390378
0.390166
0.389900
0.389583
0.389218
0.388807
0.388353
0.387858
0.387324
0.386753
0.386148
0.385509
0.384838
0.384137
0.383408
0.382652
0.381871
0.381066
0.380239
0.379390
0.378521
0.377632
0.376725
0.375802
0.374861
0.373906
0.372936
0.371953
0.370957
0.369949
0.368930
0.367900
0.366860
0.365811
0.364753
0.363687
0.362614
0.361533
0.360446
0.359352
0.358253
0.357149
0.356041
0.354927
0.353810
0.352689
0.351565
0.350439
0.349309
0.348177
0.347044
0.345908
0.344771
0.343633
0.342494
0.341354
0.340214
0.339074
0.337933
0.336793
0.335653
0.334513
0.333374
0.332236
0.331099
0.329963
0.328828
0.327695
0.326563
0.325432
0.324304
0.323177
0.322052
0.320928
0.319807
0.318688
0.317571
0.316457
0.315344
0.314234
0.313126
0.312021
0.310918
0.309817
0.308719
0.307623
0.306530
0.305439
0.304351
0.303265
0.302181
0.301100
0.300021
0.298944
0.297870
0.296797
0.295727
0.294659
0.293593
0.292529
0.291467
0.290406
0.289348
0.288290
0.287235
0.286180
0.285127
0.284076
0.283025
0.281975
0.280926
0.279878
0.278830
0.277783
0.276736
0.275689
0.274643
0.273596
0.272549
0.271502
0.270455
0.269407
0.268358
0.267308
0.266258
0.265207
0.264155
0.263102
0.262048
0.260993
0.259937
0.258880
0.257822
0.256763
0.255703
0.254642
0.253581
0.252519
0.251457
0.250394
0.249331
0.248269
0.247206
0.246144
0.245082
0.244021
0.242961
0.241902
0.240844
0.239787
0.238732
0.237678
0.236627
0.235577
0.234530
0.233485
0.232442
0.231402
0.230365
0.229331
0.228300
0.227273
0.226249
0.225228
0.224211
0.223199
0.222190
0.221185
0.220185
0.219189
0.218198
0.217212
0.216230
0.215253
0.214282
0.213315
0.212354
0.211398
0.210447
0.209502
0.208562
0.207628
0.206699
0.205777
0.204860
0.203949
0.203044
0.202146
0.201253
0.200367
0.199486
0.198613
0.197745
0.196885
0.196030
0.195182
0.194341
0.193507
0.192679
0.191858
0.191044
0.190237
0.189436
0.188642
0.187855
0.187075
0.186301
0.185535
0.184775
0.184021
0.183275
0.182534
0.181801
0.181073
0.180352
0.179638
0.178929
0.178226
0.177530
0.176839
0.176154
0.175474
0.174800
0.174131
0.173468
0.172810
0.172158
0.171510
0.170868
0.170230
0.169598
0.168970
0.168347
0.167729
0.167115
0.166507
0.165902
0.165303
0.164708
0.164117
0.163531
0.162949
0.162372
0.161798
0.161229
0.160665
0.160104
0.159548
0.158996
0.158447
0.157903
0.157363
0.156827
0.156295
0.155766
0.155242
0.154721
0.154204
0.153691
0.153182
0.152676
0.152174
0.151675
0.151181
0.150689
0.150202
0.149717
0.149237
0.148759
0.148285
0.147815
0.147348
0.146884
0.146424
0.145966
0.145512
0.145062
0.144614
0.144170
0.143728
0.143290
0.142855
0.142423
0.141994
0.141568
0.141145
0.140725
0.140308
0.139894
0.139483
0.139074
0.138669
0.138266
0.137866
0.137469
0.137074
0.136682
0.136293
0.135907
0.135523
0.135142
0.134763
0.134387
0.134014
0.133643
0.133275
0.132909
0.132546
0.132185
0.131827
0.131471
0.131117
0.130766
0.130417
0.130071
0.129727
0.129385
0.129045
0.128708
0.128373
0.128040
0.127710
0.127381
0.127055
0.126731
0.126409
0.126090
0.125772
0.125456
0.125143
0.124832
0.124522
0.124215
0.123910
0.123607
0.123306
0.123006
0.122709
0.122414
0.122120
0.121829
0.121539
0.121251
0.120965
0.120681
0.120399
0.120119
0.119840
0.119564
0.119289
0.119016
0.118744
0.118474
0.118207
0.117940
0.117676
0.117413
0.117152
0.116892
0.116635
0.116378
0.116124
0.115871
0.115620
0.115370
0.115122
0.114875
0.114630
0.114387
0.114145
0.113905
0.113666
0.113428
0.113193
0.112958
0.112725
0.112494
0.112264
0.112035
0.111808
0.111582
0.111358
0.111135
0.110914
0.110694
0.110475
0.110257
0.110041
0.109827
0.109613
0.109401
0.109191
0.108981
0.108773
0.108566
0.108360
0.108156
0.107953
0.107751
0.107551
0.107351
0.107153
0.106956
0.106761
0.106566
0.106373
0.106181
0.105990
0.105800
0.105611
0.105424
0.105237
0.105052
0.104868
0.104685
0.104503
0.104322
0.104143
0.103964
0.103787
0.103610
0.103435
0.103261
0.103087
0.102915
0.102744
0.102574
0.102405
0.102237
0.102069
0.101903
0.101738
0.101574
0.101411
0.101249
0.101088
0.100927
0.100768
0.100610
0.100452
0.100296
0.100140
0.099986
0.099832
0.099679
0.099528
0.099377
0.099226
0.099077
0.098929
0.098782
0.098635
0.098489
0.098345
0.098201
0.098057
0.097915
0.097774
0.097633
0.097493
0.097354
0.097216
0.097079
0.096942
0.096807
0.096672
0.096538
0.096404
0.096272
0.096140
0.096009
0.095879
0.095749
0.095620
0.095492
0.095365
0.095239
0.095113
0.094988
0.094864
0.094740
0.094617
0.094495
0.094373
0.094253
0.094133
0.094013
0.093895
0.093777
0.093660
0.093543
0.093427
0.093312
0.093197
0.093083
0.092970
0.092857
0.092745
0.092634
0.092523
0.092413
0.092304
0.092195
0.092087
0.091979
0.091872
0.091766
0.091660
0.091555
0.091451
0.091347
0.091244
0.091141
0.091039
0.090937
0.090836
0.090736
0.090636
0.090537
0.090438
0.090340
0.090243
0.090146
0.090049
0.089953
0.089858
0.089763
0.089669
0.089575
0.089482
0.089390
0.089297
0.089206
0.089115
0.089024
0.088934
0.088845
0.088756
0.088667
0.088579
0.088492
0.088405
0.088318
0.088232
0.088147
0.088061
0.087977
0.087893
0.087809
0.087726
0.087643
0.087561
0.087479
0.087398
0.087317
0.087237
0.087157
0.087078
0.086999
0.086920
0.086842
0.086764
0.086687
0.086610
0.086534
0.086458
0.086382
0.086307
0.086233
0.086158
0.086084
0.086011
0.085938
0.085865
0.085793
0.085721
0.085650
0.085579
0.085509
0.085438
0.085369
0.085299
0.085230
0.085162
0.085093
0.085026
0.084958
0.084891
0.084824
0.084758
0.084692
0.084626
0.084561
0.084496
0.084432
0.084368
0.084304
0.084241
0.084178
0.084115
0.084053
0.083990
0.083929
0.083867
0.083806
0.083746
0.083686
0.083626
0.083566
0.083507
0.083448
0.083389
0.083331
0.083273
0.083215
0.083158
0.083101
0.083044
0.082988
0.082932
0.082876
0.082821
0.082766
0.082711
0.082657
0.082602
0.082549
0.082495
0.082442
0.082389
0.082336
0.082284
0.082231
0.082180
0.082128
0.082077
0.082026
0.081975
0.081925
0.081875
0.081825
0.081776
0.081726
0.081678
0.081629
0.081580
0.081532
0.081484
0.081437
0.081389
0.081342
0.081295
0.081249
0.081203
0.081157
0.081111
0.081065
0.081020
0.080975
0.080930
0.080886
0.080841
0.080797
0.080754
0.080710
0.080667
0.080624
0.080581
0.080538
0.080496
0.080454
0.080412
0.080371
0.080329
0.080288
0.080247
0.080207
0.080166
0.080126
0.080086
0.080046
0.080007
0.079967
0.079928
0.079889
0.079851
0.079812
0.079774
0.079736
0.079698
0.079660
0.079623
0.079586
0.079549
0.079512
0.079476
0.079439
0.079403
0.079367
0.079332
0.079296
0.079261
0.079226
0.079191
0.079156
0.079121
0.079087
0.079053
0.079019
0.078985
0.078952
0.078918
0.078885
0.078852
0.078819
0.078787
0.078754
0.078722
0.078690
0.078658
0.078626
0.078595
0.078563
0.078532
0.078501
0.078470
0.078440
0.078409
0.078379
0.078349
0.078319
0.078289
0.078259
0.078230
0.078201
0.078172
0.078143
0.078114
0.078085
0.078057
0.078029
0.078000
0.077972
0.077945
0.077917
0.077889
0.077862
0.077835
0.077808
0.077781
0.077754
0.077728
0.077701
0.077675
0.077649
0.077623
0.077597
0.077572
0.077546
0.077521
0.077495
0.077470
0.077445
0.077421
0.077396
0.077371
0.077347
0.077323
0.077299
0.077275
0.077251
0.077227
0.077204
0.077180
0.077157
0.077134
0.077111
0.077088
0.077065
0.077043
0.077020
0.076998
0.076976
0.076954
0.076932
0.076910
0.076888
0.076867
0.076845
0.076824
0.076803
0.076782
0.076761
0.076740
0.076719
0.076699
0.076678
0.076658
0.076638
0.076618
0.076598
0.076578
0.076558
0.076538
0.076519
0.076499
0.076480
0.076461
0.076442
0.076423
0.076404
0.076386
0.076367
0.076348
0.076330
0.076312
0.076294
0.076275
0.076258
0.076240
0.076222
0.076204
0.076187
0.076169
0.076152
0.076135
0.076118
0.076101
0.076084
0.076067
0.076050
0.076034
0.076017
0.076001
0.075984
0.075968
0.075952
0.075936
0.075920
0.075904
0.075888
0.075873
0.075857
0.075842
0.075826
0.075811
0.075796
0.075781
0.075766
0.075751
0.075736
0.075722
0.075707
0.075692
0.075678
0.075664
0.075649
0.075635
0.075621
0.075607
0.075593
0.075579
0.075566
0.075552
0.075538
0.075525
0.075511
0.075498
0.075485
0.075472
0.075459
0.075446
0.075433
0.075420
0.075407
0.075394
0.075382
0.075369
0.075357
0.075344
0.075332
0.075320
0.075308
0.075296
0.075284
0.075272
0.075260
0.075248
0.075237
0.075225
0.075213
0.075202
0.075191
0.075179
0.075168
0.075157
0.075146
0.075135
0.075124
0.075113
0.075102
0.075091
0.075081
0.075070
0.075060
0.075049
0.075039
0.075028
0.075018
0.075008
0.074998
0.074988
0.074978
0.074968
0.074958
0.074948
0.074938
0.074929
0.074919
0.074909
0.074900
0.074890
0.074881
0.074872
0.074862
0.074853
0.074844
0.074835
0.074826
0.074817
0.074808
0.074799
0.074791
0.074782
0.074773
0.074765
0.074756
0.074748
0.074739
0.074731
0.074713
0.074934
0.075835
0.078266
0.082913
0.090118
0.099900
0.111949
0.125710
0.140536
0.155835
0.171140
0.186124
0.200577
0.214372
0.227445
0.239771
0.251348
0.262194
0.272334
0.281800
0.290628
0.298852
0.306507
0.313629
0.320250
0.326403
0.332117
0.337419
0.342338
0.346896
0.351118
0.355024
0.358635
0.361970
0.365045
0.367876
0.370480
0.372869
0.375057
0.377056
0.378877
0.380530
0.382027
0.383375
0.384583
0.385660
0.386613
0.387448
0.388173
0.388794
0.389316
0.389746
0.390087
0.390345
0.390524
0.390628
0.390663
0.390630
0.390534
0.390379
0.390167
0.389901
0.389584
0.389219
0.388808
0.388354
0.387859
0.387325
0.386755
0.386149
0.385510
0.384839
0.384138
0.383409
0.382653
0.381872
0.381067
0.380240
0.379392
0.378523
0.377634
0.376727
0.375803
0.374863
0.373908
0.372939
0.371955
0.370959
0.369951
0.368932
0.367902
0.366862
0.365813
0.364755
0.363689
0.362615
0.361534
0.360447
0.359354
0.358255
0.357151
0.356042
0.354929
0.353811
0.352691
0.351567
0.350440
0.349310
0.348178
0.347045
0.345909
0.344772
0.343634
0.342495
0.341355
0.340215
0.339075
0.337934
0.336794
0.335654
0.334514
0.333375
0.332237
0.331100
0.329964
0.328829
0.327696
0.326564
0.325433
0.324305
0.323178
0.322053
0.320930
0.319808
0.318689
0.317573
0.316458
0.315345
0.314235
0.313128
0.312022
0.310919
0.309819
0.308720
0.307625
0.306531
0.305441
0.304352
0.303266
0.302182
0.301101
0.300022
0.298945
0.297871
0.296799
0.295729
0.294661
0.293595
0.292530
0.291468
0.290408
0.289349
0.288292
0.287236
0.286182
0.285129
0.284077
0.283026
0.281977
0.280928
0.279879
0.278832
0.277784
0.276738
0.275691
0.274644
0.273598
0.272551
0.271504
0.270456
0.269408
0.268359
0.267310
0.266260
0.265209
0.264157
0.263104
0.262050
0.260995
0.259939
0.258882
0.257824
0.256765
0.255705
0.254644
0.253583
0.252521
0.251458
0.250396
0.249333
0.248270
0.247208
0.246146
0.245084
0.244023
0.242963
0.241903
0.240845
0.239789
0.238734
0.237680
0.236628
0.235579
0.234531
0.233486
0.232444
0.231404
0.230367
0.229333
0.228302
0.227274
0.226250
0.225230
0.224213
0.223200
0.222191
0.221187
0.220187
0.219191
0.218200
0.217213
0.216232
0.215255
0.214283
0.213317
0.212355
0.211399
0.210448
0.209503
0.208563
0.207629
0.206701
0.205778
0.204861
0.203951
0.203046
0.202147
0.201254
0.200368
0.199488
0.198614
0.197747
0.196886
0.196032
0.195184
0.194343
0.193508
0.192680
0.191859
0.191045
0.190238
0.189437
0.188643
0.187856
0.187076
0.186303
0.185536
0.184776
0.184023
0.183276
0.182536
0.181802
0.181075
0.180354
0.179639
0.178930
0.178227
0.177531
0.176840
0.176155
0.175475
0.174801
0.174133
0.173469
0.172811
0.172159
0.171511
0.170869
0.170231
0.169599
0.168971
0.168348
0.167730
0.167116
0.166508
0.165903
0.165304
0.164709
0.164118
0.163532
0.162950
0.162373
0.161799
0.161230
0.160666
0.160105
0.159549
0.158996
0.158448
0.157904
0.157364
0.156828
0.156295
0.155767
0.155243
0.154722
0.154205
0.153692
0.153182
0.152677
0.152175
0.151676
0.151181
0.150690
0.150202
0.149718
0.149237
0.148760
0.148286
0.147816
0.147349
0.146885
0.146424
0.145967
0.145513
0.145062
0.144615
0.144170
0.143729
0.143291
0.142856
0.142424
0.141995
0.141569
0.141146
0.140726
0.140309
0.139895
0.139483
0.139075
0.138669
0.138266
0.137866
0.137469
0.137075
0.136683
0.136294
0.135907
0.135524
0.135142
0.134764
0.134388
0.134015
0.133644
0.133276
0.132910
0.132546
0.132186
0.131827
0.131471
0.131118
0.130767
0.130418
0.130071
0.129727
0.129385
0.129046
0.128708
0.128373
0.128041
0.127710
0.127382
0.127056
0.126732
0.126410
0.126090
0.125773
0.125457
0.125144
0.124832
0.124523
0.124216
0.123911
0.123607
0.123306
0.123007
0.122710
0.122414
0.122121
0.121829
0.121540
0.121252
0.120966
0.120682
0.120400
0.120119
0.119841
0.119564
0.119289
0.119016
0.118745
0.118475
0.118207
0.117941
0.117676
0.117413
0.117152
0.116893
0.116635
0.116379
0.116124
0.115871
0.115620
0.115370
0.115122
0.114876
0.114631
0.114387
0.114145
0.113905
0.113666
0.113429
0.113193
0.112959
0.112726
0.112494
0.112264
0.112036
0.111809
0.111583
0.111359
0.111136
0.110914
0.110694
0.110475
0.110258
0.110042
0.109827
0.109614
0.109402
0.109191
0.108981
0.108773
0.108566
0.108361
0.108157
0.107953
0.107752
0.107551
0.107352
0.107154
0.106957
0.106761
0.106566
0.106373
0.106181
0.105990
0.105800
0.105612
0.105424
0.105238
0.105053
0.104868
0.104685
0.104504
0.104323
0.104143
0.103965
0.103787
0.103611
0.103435
0.103261
0.103088
0.102915
0.102744
0.102574
0.102405
0.102237
0.102070
0.101904
0.101739
0.101574
0.101411
0.101249
0.101088
0.100928
0.100768
0.100610
0.100453
0.100296
0.100141
0.099986
0.099832
0.099680
0.099528
0.099377
0.099227
0.099078
0.098929
0.098782
0.098635
0.098490
0.098345
0.098201
0.098058
0.097915
0.097774
0.097633
0.097494
0.097355
0.097217
0.097079
0.096943
0.096807
0.096672
0.096538
0.096405
0.096272
0.096140
0.096009
0.095879
0.095750
0.095621
0.095493
0.095366
0.095239
0.095113
0.094988
0.094864
0.094740
0.094617
0.094495
0.094374
0.094253
0.094133
0.094014
0.093895
0.093777
0.093660
0.093543
0.093427
0.093312
0.093197
0.093083
0.092970
0.092858
0.092746
0.092634
0.092524
0.092414
0.092304
0.092195
0.092087
0.091980
0.091873
0.091766
0.091661
0.091556
0.091451
0.091347
0.091244
0.091141
0.091039
0.090938
0.090837
0.090736
0.090636
0.090537
0.090439
0.090341
0.090243
0.090146
0.090050
0.089954
0.089858
0.089764
0.089669
0.089576
0.089482
0.089390
0.089298
0.089206
0.089115
0.089025
0.088934
0.088845
0.088756
0.088667
0.088579
0.088492
0.088405
0.088318
0.088232
0.088147
0.088062
0.087977
0.087893
0.087809
0.087726
0.087643
0.087561
0.087480
0.087398
0.087317
0.087237
0.087157
0.087078
0.086999
0.086920
0.086842
0.086764
0.086687
0.086610
0.086534
0.086458
0.086382
0.086307
0.086233
0.086158
0.086085
0.086011
0.085938
0.085866
0.085793
0.085722
0.085650
0.085579
0.085509
0.085439
0.085369
0.085299
0.085230
0.085162
0.085094
0.085026
0.084958
0.084891
0.084824
0.084758
0.084692
0.084627
0.084561
0.084497
0.084432
0.084368
0.084304
0.084241
0.084178
0.084115
0.084053
0.083991
0.083929
0.083868
0.083807
0.083746
0.083686
0.083626
0.083566
0.083507
0.083448
0.083390
0.083331
0.083273
0.083216
0.083158
0.083101
0.083045
0.082988
0.082932
0.082877
0.082821
0.082766
0.082711
0.082657
0.082603
0.082549
0.082495
0.082442
0.082389
0.082336
0.082284
0.082232
0.082180
0.082128
0.082077
0.082026
0.081976
0.081925
0.081875
0.081825
0.081776
0.081727
0.081678
0.081629
0.081581
0.081532
0.081485
0.081437
0.081390
0.081342
0.081296
0.081249
0.081203
0.081157
0.081111
0.081065
0.081020
0.080975
0.080930
0.080886
0.080842
0.080798
0.080754
0.080710
0.080667
0.080624
0.080581
0.080539
0.080496
0.080454
0.080412
0.080371
0.080329
0.080288
0.080247
0.080207
0.080166
0.080126
0.080086
0.080046
0.080007
0.079967
0.079928
0.079889
0.079851
0.079812
0.079774
0.079736
0.079698
0.079661
0.079623
0.079586
0.079549
0.079512
0.079476
0.079440
0.079403
0.079367
0.079332
0.079296
0.079261
0.079226
0.079191
0.079156
0.079122
0.079087
0.079053
0.079019
0.078985
0.078952
0.078919
0.078885
0.078852
0.078820
0.078787
0.078754
0.078722
0.078690
0.078658
0.078626
0.078595
0.078563
0.078532
0.078501
0.078470
0.078440
0.078409
0.078379
0.078349
0.078319
0.078289
0.078260
0.078230
0.078201
0.078172
0.078143
0.078114
0.078085
0.078057
0.078029
0.078001
0.077973
0.077945
0.077917
0.077890
0.077862
0.077835
0.077808
0.077781
0.077754
0.077728
0.077701
0.077675
0.077649
0.077623
0.077597
0.077572
0.077546
0.077521
0.077495
0.077470
0.077446
0.077421
0.077396
0.077372
0.077347
0.077323
0.077299
0.077275
0.077251
0.077228
0.077204
0.077180
0.077157
0.077134
0.077111
0.077088
0.077066
0.077043
0.077021
0.076998
0.076976
0.076954
0.076932
0.076910
0.076888
0.076867
0.076845
0.076824
0.076803
0.076782
0.076761
0.076740
0.076719
0.076699
0.076678
0.076658
0.076638
0.076618
0.076598
0.076578
0.076558
0.076538
0.076519
0.076500
0.076480
0.076461
0.076442
0.076423
0.076404
0.076386
0.076367
0.076348
0.076330
0.076312
0.076294
0.076276
0.076258
0.076240
0.076222
0.076204
0.076187
0.076169
0.076152
0.076135
0.076118
0.076101
0.076084
0.076067
0.076050
0.076034
0.076017
0.076001
0.075985
0.075968
0.075952
0.075936
0.075920
0.075904
0.075889
0.075873
0.075857
0.075842
0.075827
0.075811
0.075796
0.075781
0.075766
0.075751
0.075736
0.075722
0.075707
0.075693
0.075678
0.075664
0.075649
0.075635
0.075621
0.075607
0.075593
0.075579
0.075566
0.075552
0.075539
0.075525
0.075512
0.075498
0.075485
0.075472
0.075459
0.075446
0.075433
0.075420
0.075407
0.075395
0.075382
0.075369
0.075357
0.075345
0.075332
0.075320
0.075308
0.075296
0.075284
0.075272
0.075260
0.075248
0.075237
0.075225
0.075214
0.075202
0.075191
0.075179
0.075168
0.075157
0.075146
0.075135
0.075124
0.075113
0.075102
0.075091
0.075081
0.075070
0.075060
0.075049
0.075039
0.075028
0.075018
0.075008
0.074998
0.074988
0.074978
0.074968
0.074958
0.074948
0.074938
0.074929
0.074919
0.074909
0.074900
0.074890
0.074881
0.074872
0.074863
0.074853
0.074844
0.074835
0.074826
0.074817
0.074808
0.074800
0.074791
0.074782
0.074773
0.074765
0.074756
0.074748
0.074739
0.074731
