12.284700
12.287200
12.288900
12.288800
12.288700
12.288600
12.288600
12.288700
12.288700
12.288900
12.289000
12.289100
12.289300
12.289400
12.289500
12.289700
12.289800
12.289900
12.290000
12.290100
12.290200
12.290200
12.290300
12.290300
12.290400
12.290400
12.290400
12.290400
12.290500
12.290500
12.290500
12.290500
12.290400
12.290400
12.290400
12.290400
12.290400
12.290300
12.290300
12.290300
12.290200
12.290200
12.290200
12.290100
12.290100
12.290100
12.290000
12.290000
12.289900
12.289900
12.289800
12.289800
12.289700
12.289700
12.289700
12.289600
12.289600
12.289500
12.289500
12.289400
12.289400
12.289300
12.289300
12.289200
12.289200
12.289200
12.289100
12.289100
12.289000
12.289000
12.288900
12.288900
12.288900
12.288800
12.288800
12.288800
12.288700
12.288700
12.288600
12.288600
12.288600
12.288500
12.288500
12.288500
12.288400
12.288400
12.288400
12.288300
12.288300
12.288300
12.288300
12.288200
12.288200
12.288200
12.288100
12.288100
12.288100
12.288100
12.288000
12.288000
12.288000
12.288000
12.288000
12.287900
12.287900
12.287900
12.287900
12.287900
12.287900
12.287800
12.287800
12.287800
12.287800
12.287800
12.287800
12.287800
12.287800
12.287700
12.287700
12.287700
12.287700
12.287700
12.287700
12.287700
12.287700
12.287700
12.287700
12.287700
12.287700
12.287700
12.287700
12.287700
12.287700
12.287700
12.287700
12.287700
12.287700
12.287700
12.287700
12.287700
12.287700
12.287700
12.287800
12.287800
12.287800
12.287800
12.287800
12.287800
12.287800
12.287800
12.287900
12.287900
12.287900
12.287900
12.287900
12.287900
12.288000
12.288000
12.288000
12.288000
12.288100
12.288100
12.288100
12.288100
12.288200
12.288200
12.288200
12.288200
12.288300
12.288300
12.288300
12.288400
12.288400
12.288400
12.288500
12.288500
12.288600
12.288600
12.288600
12.288700
12.288700
12.288800
12.288800
12.288800
12.288900
12.288900
12.289000
12.289000
12.289100
12.289100
12.289200
12.289200
12.289300
12.289300
12.289400
12.289500
12.289500
12.289600
12.289600
12.289700
12.289700
12.289800
12.289900
12.289900
12.290000
12.290100
12.290100
12.290200
12.290200
12.290300
12.290400
12.290400
12.290500
12.290600
12.290600
12.290700
12.290800
12.290800
12.290900
12.291000
12.291000
12.291100
12.291200
12.291200
12.291300
12.291300
12.291400
12.291500
12.291500
12.291600
12.291700
12.291700
12.291800
12.291900
12.291900
12.292000
12.292000
12.292100
12.292100
12.292200
12.292300
12.292300
12.292400
12.292400
12.292500
12.292500
12.292600
12.292600
12.292700
12.292700
12.292700
12.292800
12.292800
12.292900
12.292900
12.292900
12.293000
12.293000
12.293100
12.293100
12.293100
12.293200
12.293200
12.293200
12.293300
12.293300
12.293300
12.293400
12.293400
12.293400
12.293400
12.293500
12.293500
12.293500
12.293600
12.293600
12.293600
12.293700
12.293700
12.293700
12.293700
12.293800
12.293800
12.293800
12.293800
12.293900
12.293900
12.293900
12.293900
12.294000
12.294000
12.294000
12.294000
12.294100
12.294100
12.294100
12.294100
12.294100
12.294200
12.294200
12.294200
12.294200
12.294200
12.294300
12.294300
12.294300
12.294300
12.294300
12.294400
12.294400
12.294400
12.294400
12.294400
12.294400
12.294500
12.294500
12.294500
12.294500
12.294500
12.294500
12.294500
12.294600
12.294600
12.294600
12.294600
12.294600
12.294600
12.294600
12.294700
12.294700
12.294700
12.294700
12.294700
12.294700
12.294700
12.294700
12.294800
12.294800
12.294800
12.294800
12.294800
12.294800
12.294800
12.294800
12.294800
12.294800
12.294800
12.294900
12.294900
12.294900
12.294900
12.294900
12.294900
12.294900
12.294900
12.294900
12.294900
12.294900
12.294900
12.294900
12.294900
12.294900
12.295000
12.295000
12.295000
12.295000
12.295000
12.295000
12.295000
12.295000
12.295000
12.295000
12.295000
12.295000
12.295000
12.295000
12.295000
12.295000
12.295000
12.295000
12.295000
12.295000
12.295000
12.295000
12.295000
12.295000
12.295000
12.295000
12.295000
12.295000
12.295000
12.295000
12.295000
12.295000
12.295000
12.295000
12.295000
12.295000
12.295000
12.295000
12.295000
12.295000
12.295000
12.295000
12.295000
12.295000
12.295000
12.295000
12.295000
12.295000
12.295000
12.295000
12.295000
12.295000
12.295000
12.295000
12.295000
12.295000
12.295000
12.295000
12.295000
12.295000
12.295000
12.295000
12.295000
12.295000
12.294900
12.294900
12.294900
12.294900
12.294900
12.294900
12.294900
12.294900
12.294900
12.294900
12.294900
12.294900
12.294900
12.294900
12.294900
12.294900
12.294900
12.294900
12.294800
12.294800
12.294800
12.294800
12.294800
12.294800
12.294800
12.294800
12.294800
12.294800
12.294800
12.294800
12.294800
12.294800
12.294700
12.294700
12.294700
12.294700
12.294700
12.294700
12.294700
12.294700
12.294700
12.294700
12.294700
12.294700
12.294600
12.294600
12.294600
12.294600
12.294600
12.294600
12.294600
12.294600
12.294600
12.294600
12.294600
12.294500
12.294500
12.294500
12.294500
12.294500
12.294500
12.294500
12.294500
12.294500
12.294400
12.294400
12.294400
12.294400
12.294400
12.294400
12.294400
12.294400
12.294400
12.294300
12.294300
12.294300
12.294300
12.294300
12.294300
12.294300
12.294300
12.294300
12.294200
12.294200
12.294200
12.294200
12.294200
12.294200
12.294200
12.294200
12.294100
12.294100
12.294100
12.294100
12.294100
12.294100
12.294100
12.294100
12.294000
12.294000
12.294000
12.294000
12.294000
12.294000
12.294000
12.294000
12.293900
12.293900
12.293900
12.293900
12.293900
12.293900
12.293900
12.293800
12.293800
12.293800
12.293800
12.293800
12.293800
12.293800
12.293700
12.293700
12.293700
12.293700
12.293700
12.293700
12.293700
12.293600
12.293600
12.293600
12.293600
12.293600
12.293600
12.293600
12.293500
12.293500
12.293500
12.293500
12.293500
12.293500
12.293400
12.293400
12.293400
12.293400
12.293400
12.293400
12.293400
12.293300
12.293300
12.293300
12.293300
12.293300
12.293300
12.293200
12.293200
12.293200
12.293200
12.293200
12.293200
12.293200
12.293100
12.293100
12.293100
12.293100
12.293100
12.293100
12.293000
12.293000
12.293000
12.293000
12.293000
12.293000
12.292900
12.292900
12.292900
12.292900
12.292900
12.292900
12.292800
12.292800
12.292800
12.292800
12.292800
12.292800
12.292700
12.292700
12.292700
12.292700
12.292700
12.292700
12.292600
12.292600
12.292600
12.292600
12.292600
12.292500
12.292500
12.292500
12.292500
12.292500
12.292500
12.292400
12.292400
12.292400
12.292400
12.292400
12.292400
12.292300
12.292300
12.292300
12.292300
12.292300
12.292200
12.292200
12.292200
12.292200
12.292200
12.292200
12.292100
12.292100
12.292100
12.292100
12.292100
12.292100
12.292000
12.292000
12.292000
12.292000
12.292000
12.291900
12.291900
12.291900
12.291900
12.291900
12.291800
12.291800
12.291800
12.291800
12.291800
12.291800
12.291700
12.291700
12.291700
12.291700
12.291700
12.291600
12.291600
12.291600
12.291600
12.291600
12.291500
12.291500
12.291500
12.291500
12.291500
12.291500
12.291400
12.291400
12.291400
12.291400
12.291400
12.291300
12.291300
12.291300
12.291300
12.291300
12.291200
12.291200
12.291200
12.291200
12.291200
12.291100
12.291100
12.291100
12.291100
12.291100
12.291100
12.291000
12.291000
12.291000
12.291000
12.291000
12.290900
12.290900
12.290900
12.290900
12.290900
12.290800
12.290800
12.290800
12.290800
12.290800
12.290700
12.290700
12.290700
12.290700
12.290700
12.290600
12.290600
12.290600
12.290600
12.290600
12.290500
12.290500
12.290500
12.290500
12.290500
12.290400
12.290400
12.290400
12.290400
12.290400
12.290300
12.290300
12.290300
12.290300
12.290300
12.290200
12.290200
12.290200
12.290200
12.290200
12.290100
12.290100
12.290100
12.290100
12.290100
12.290000
12.290000
12.290000
12.290000
12.290000
12.289900
12.289900
12.289900
12.289900
12.289900
12.289800
12.289800
12.289800
12.289800
12.289700
12.289700
12.289700
12.289700
12.289700
12.289600
12.289600
12.289600
12.289600
12.289600
12.289500
12.289500
12.289500
12.289500
12.289500
12.289400
12.289400
12.289400
12.289400
12.289400
12.289300
12.289300
12.289300
12.289300
12.289300
12.289200
12.289200
12.289200
12.289200
12.289100
12.289100
12.289100
12.289100
12.289100
12.289000
12.289000
12.289000
12.289000
12.289000
12.288900
12.288900
12.288900
12.288900
12.288900
12.288800
12.288800
12.288800
12.288800
12.288700
12.288700
12.288700
12.288700
12.288700
12.288600
12.288600
12.288600
12.288600
12.288600
12.288500
12.288500
12.288500
12.288500
12.288500
12.288400
12.288400
12.288400
12.288400
12.288300
12.288300
12.288300
12.288300
12.288300
12.288200
12.288200
12.288200
12.288200
12.288200
12.288100
12.288100
12.288100
12.288100
12.288000
12.288000
12.288000
12.288000
12.288000
12.287900
12.287900
12.287900
12.287900
12.287900
12.287800
12.287800
12.287800
12.287800
12.287700
12.287700
12.287700
12.287700
12.287700
12.287600
12.287600
12.287600
12.287600
12.287600
12.287500
12.287500
12.287500
12.287500
12.287400
12.287400
12.287400
12.287400
12.287400
12.287300
12.287300
12.287300
12.287300
12.287300
12.287200
12.287200
12.287200
12.287200
12.287100
12.287100
12.287100
12.287100
12.287100
12.287000
12.287000
12.287000
12.287000
12.286900
12.286900
12.286900
12.286900
12.286900
12.286800
12.286800
12.286800
12.286800
12.286800
12.286700
12.286700
12.286700
12.286700
12.286600
12.286600
12.286600
12.286600
12.286600
12.286500
12.286500
12.286500
12.286500
12.286400
12.286400
12.286400
12.286400
12.286400
12.286300
12.286300
12.286300
12.286300
12.286200
12.286200
12.286200
12.286200
12.286200
12.286100
12.286100
12.286100
12.286100
12.286100
12.286000
12.286000
12.286000
12.286000
12.285900
12.285900
12.285900
12.285900
12.285900
12.285800
12.285800
12.285800
12.285800
12.285700
12.285700
12.285700
12.285700
12.285700
12.285600
12.285600
12.285600
12.285600
12.285500
12.285500
12.285500
12.285500
12.285500
12.285400
12.285400
12.285400
12.285400
12.285300
12.285300
12.285300
12.285300
12.285300
12.285200
12.285200
12.285200
12.285200
12.285100
12.285100
12.285100
12.285100
12.285100
12.285000
12.285000
12.285000
12.285000
12.284900
12.284900
12.284900
12.284900
12.284900
12.284800
12.284800
12.284800
12.284800
12.284700
12.284700
12.287200
12.289000
12.288900
12.288800
12.288700
12.288700
12.288700
12.288800
12.288900
12.289000
12.289200
12.289300
12.289500
12.289600
12.289700
12.289800
12.290000
12.290100
12.290100
12.290200
12.290300
12.290400
12.290400
12.290400
12.290500
12.290500
12.290500
12.290500
12.290500
12.290500
12.290500
12.290500
12.290500
12.290500
12.290500
12.290400
12.290400
12.290400
12.290300
12.290300
12.290300
12.290200
12.290200
12.290200
12.290100
12.290100
12.290000
12.290000
12.289900
12.289900
12.289900
12.289800
12.289800
12.289700
12.289700
12.289600
12.289600
12.289500
12.289500
12.289400
12.289400
12.289400
12.289300
12.289300
12.289200
12.289200
12.289100
12.289100
12.289100
12.289000
12.289000
12.288900
12.288900
12.288900
12.288800
12.288800
12.288700
12.288700
12.288700
12.288600
12.288600
12.288600
12.288500
12.288500
12.288500
12.288400
12.288400
12.288400
12.288300
12.288300
12.288300
12.288300
12.288200
12.288200
12.288200
12.288200
12.288100
12.288100
12.288100
12.288100
12.288000
12.288000
12.288000
12.288000
12.288000
12.288000
12.287900
12.287900
12.287900
12.287900
12.287900
12.287900
12.287900
12.287800
12.287800
12.287800
12.287800
12.287800
12.287800
12.287800
12.287800
12.287800
12.287800
12.287800
12.287800
12.287800
12.287800
12.287800
12.287800
12.287800
12.287800
12.287800
12.287800
12.287800
12.287800
12.287800
12.287800
12.287800
12.287800
12.287800
12.287800
12.287800
12.287800
12.287800
12.287800
12.287900
12.287900
12.287900
12.287900
12.287900
12.287900
12.287900
12.288000
12.288000
12.288000
12.288000
12.288000
12.288100
12.288100
12.288100
12.288100
12.288200
12.288200
12.288200
12.288200
12.288300
12.288300
12.288300
12.288400
12.288400
12.288400
12.288500
12.288500
12.288500
12.288600
12.288600
12.288700
12.288700
12.288700
12.288800
12.288800
12.288900
12.288900
12.289000
12.289000
12.289100
12.289100
12.289200
12.289200
12.289300
12.289300
12.289400
12.289400
12.289500
12.289500
12.289600
12.289600
12.289700
12.289800
12.289800
12.289900
12.289900
12.290000
12.290100
12.290100
12.290200
12.290200
12.290300
12.290400
12.290400
12.290500
12.290600
12.290600
12.290700
12.290800
12.290800
12.290900
12.291000
12.291000
12.291100
12.291200
12.291200
12.291300
12.291300
12.291400
12.291500
12.291500
12.291600
12.291700
12.291700
12.291800
12.291900
12.291900
12.292000
12.292000
12.292100
12.292200
12.292200
12.292300
12.292300
12.292400
12.292400
12.292500
12.292500
12.292600
12.292600
12.292700
12.292700
12.292800
12.292800
12.292900
12.292900
12.292900
12.293000
12.293000
12.293000
12.293100
12.293100
12.293200
12.293200
12.293200
12.293300
12.293300
12.293300
12.293400
12.293400
12.293400
12.293400
12.293500
12.293500
12.293500
12.293600
12.293600
12.293600
12.293700
12.293700
12.293700
12.293700
12.293800
12.293800
12.293800
12.293900
12.293900
12.293900
12.293900
12.294000
12.294000
12.294000
12.294000
12.294000
12.294100
12.294100
12.294100
12.294100
12.294200
12.294200
12.294200
12.294200
12.294200
12.294300
12.294300
12.294300
12.294300
12.294300
12.294400
12.294400
12.294400
12.294400
12.294400
12.294500
12.294500
12.294500
12.294500
12.294500
12.294500
12.294600
12.294600
12.294600
12.294600
12.294600
12.294600
12.294600
12.294700
12.294700
12.294700
12.294700
12.294700
12.294700
12.294700
12.294700
12.294800
12.294800
12.294800
12.294800
12.294800
12.294800
12.294800
12.294800
12.294800
12.294900
12.294900
12.294900
12.294900
12.294900
12.294900
12.294900
12.294900
12.294900
12.294900
12.294900
12.294900
12.295000
12.295000
12.295000
12.295000
12.295000
12.295000
12.295000
12.295000
12.295000
12.295000
12.295000
12.295000
12.295000
12.295000
12.295000
12.295000
12.295000
12.295000
12.295100
12.295100
12.295100
12.295100
12.295100
12.295100
12.295100
12.295100
12.295100
12.295100
12.295100
12.295100
12.295100
12.295100
12.295100
12.295100
12.295100
12.295100
12.295100
12.295100
12.295100
12.295100
12.295100
12.295100
12.295100
12.295100
12.295100
12.295100
12.295100
12.295100
12.295100
12.295100
12.295100
12.295100
12.295100
12.295100
12.295100
12.295100
12.295100
12.295100
12.295100
12.295100
12.295100
12.295100
12.295100
12.295100
12.295100
12.295000
12.295000
12.295000
12.295000
12.295000
12.295000
12.295000
12.295000
12.295000
12.295000
12.295000
12.295000
12.295000
12.295000
12.295000
12.295000
12.295000
12.295000
12.295000
12.295000
12.295000
12.295000
12.294900
12.294900
12.294900
12.294900
12.294900
12.294900
12.294900
12.294900
12.294900
12.294900
12.294900
12.294900
12.294900
12.294900
12.294800
12.294800
12.294800
12.294800
12.294800
12.294800
12.294800
12.294800
12.294800
12.294800
12.294800
12.294800
12.294800
12.294700
12.294700
12.294700
12.294700
12.294700
12.294700
12.294700
12.294700
12.294700
12.294700
12.294700
12.294600
12.294600
12.294600
12.294600
12.294600
12.294600
12.294600
12.294600
12.294600
12.294600
12.294500
12.294500
12.294500
12.294500
12.294500
12.294500
12.294500
12.294500
12.294500
12.294400
12.294400
12.294400
12.294400
12.294400
12.294400
12.294400
12.294400
12.294400
12.294300
12.294300
12.294300
12.294300
12.294300
12.294300
12.294300
12.294300
12.294200
12.294200
12.294200
12.294200
12.294200
12.294200
12.294200
12.294200
12.294100
12.294100
12.294100
12.294100
12.294100
12.294100
12.294100
12.294100
12.294000
12.294000
12.294000
12.294000
12.294000
12.294000
12.294000
12.293900
12.293900
12.293900
12.293900
12.293900
12.293900
12.293900
12.293900
12.293800
12.293800
12.293800
12.293800
12.293800
12.293800
12.293800
12.293700
12.293700
12.293700
12.293700
12.293700
12.293700
12.293600
12.293600
12.293600
12.293600
12.293600
12.293600
12.293600
12.293500
12.293500
12.293500
12.293500
12.293500
12.293500
12.293500
12.293400
12.293400
12.293400
12.293400
12.293400
12.293400
12.293300
12.293300
12.293300
12.293300
12.293300
12.293300
12.293200
12.293200
12.293200
12.293200
12.293200
12.293200
12.293200
12.293100
12.293100
12.293100
12.293100
12.293100
12.293100
12.293000
12.293000
12.293000
12.293000
12.293000
12.293000
12.292900
12.292900
12.292900
12.292900
12.292900
12.292900
12.292800
12.292800
12.292800
12.292800
12.292800
12.292800
12.292700
12.292700
12.292700
12.292700
12.292700
12.292600
12.292600
12.292600
12.292600
12.292600
12.292600
12.292500
12.292500
12.292500
12.292500
12.292500
12.292500
12.292400
12.292400
12.292400
12.292400
12.292400
12.292300
12.292300
12.292300
12.292300
12.292300
12.292300
12.292200
12.292200
12.292200
12.292200
12.292200
12.292200
12.292100
12.292100
12.292100
12.292100
12.292100
12.292000
12.292000
12.292000
12.292000
12.292000
12.292000
12.291900
12.291900
12.291900
12.291900
12.291900
12.291800
12.291800
12.291800
12.291800
12.291800
12.291700
12.291700
12.291700
12.291700
12.291700
12.291700
12.291600
12.291600
12.291600
12.291600
12.291600
12.291500
12.291500
12.291500
12.291500
12.291500
12.291400
12.291400
12.291400
12.291400
12.291400
12.291300
12.291300
12.291300
12.291300
12.291300
12.291300
12.291200
12.291200
12.291200
12.291200
12.291200
12.291100
12.291100
12.291100
12.291100
12.291100
12.291000
12.291000
12.291000
12.291000
12.291000
12.290900
12.290900
12.290900
12.290900
12.290900
12.290800
12.290800
12.290800
12.290800
12.290800
12.290700
12.290700
12.290700
12.290700
12.290700
12.290600
12.290600
12.290600
12.290600
12.290600
12.290500
12.290500
12.290500
12.290500
12.290500
12.290400
12.290400
12.290400
12.290400
12.290400
12.290300
12.290300
12.290300
12.290300
12.290300
12.290200
12.290200
12.290200
12.290200
12.290200
12.290100
12.290100
12.290100
12.290100
12.290100
12.290000
12.290000
12.290000
12.290000
12.290000
12.289900
12.289900
12.289900
12.289900
12.289900
12.289800
12.289800
12.289800
12.289800
12.289800
12.289700
12.289700
12.289700
12.289700
12.289600
12.289600
12.289600
12.289600
12.289600
12.289500
12.289500
12.289500
12.289500
12.289500
12.289400
12.289400
12.289400
12.289400
12.289400
12.289300
12.289300
12.289300
12.289300
12.289300
12.289200
12.289200
12.289200
12.289200
12.289200
12.289100
12.289100
12.289100
12.289100
12.289000
12.289000
12.289000
12.289000
12.289000
12.288900
12.288900
12.288900
12.288900
12.288900
12.288800
12.288800
12.288800
12.288800
12.288800
12.288700
12.288700
12.288700
12.288700
12.288600
12.288600
12.288600
12.288600
12.288600
12.288500
12.288500
12.288500
12.288500
12.288500
12.288400
12.288400
12.288400
12.288400
12.288300
12.288300
12.288300
12.288300
12.288300
12.288200
12.288200
12.288200
12.288200
12.288200
12.288100
12.288100
12.288100
12.288100
12.288000
12.288000
12.288000
12.288000
12.288000
12.287900
12.287900
12.287900
12.287900
12.287900
12.287800
12.287800
12.287800
12.287800
12.287700
12.287700
12.287700
12.287700
12.287700
12.287600
12.287600
12.287600
12.287600
12.287600
12.287500
12.287500
12.287500
12.287500
12.287400
12.287400
12.287400
12.287400
12.287400
12.287300
12.287300
12.287300
12.287300
12.287300
12.287200
12.287200
12.287200
12.287200
12.287100
12.287100
12.287100
12.287100
12.287100
12.287000
12.287000
12.287000
12.287000
12.286900
12.286900
12.286900
12.286900
12.286900
12.286800
12.286800
12.286800
12.286800
12.286800
12.286700
12.286700
12.286700
12.286700
12.286600
12.286600
12.286600
12.286600
12.286600
12.286500
12.286500
12.286500
12.286500
12.286400
12.286400
12.286400
12.286400
12.286400
12.286300
12.286300
12.286300
12.286300
12.286200
12.286200
12.286200
12.286200
12.286200
12.286100
12.286100
12.286100
12.286100
12.286100
12.286000
12.286000
12.286000
12.286000
12.285900
12.285900
12.285900
12.285900
12.285900
12.285800
12.285800
12.285800
12.285800
12.285700
12.285700
12.285700
12.285700
12.285700
12.285600
12.285600
12.285600
12.285600
12.285500
12.285500
12.285500
12.285500
12.285500
12.285400
12.285400
12.285400
12.285400
12.285300
12.285300
12.285300
12.285300
12.285300
12.285200
12.285200
12.285200
12.285200
12.285100
12.285100
12.285100
12.285100
12.285100
12.285000
12.285000
12.285000
12.285000
12.284900
12.284900
12.284900
12.284900
12.284900
12.284800
12.284800
12.284800
12.287300
12.289000
12.288900
12.288800
12.288800
12.288800
12.288800
12.288900
12.289000
12.289100
12.289200
12.289400
12.289500
12.289700
12.289800
12.289900
12.290000
12.290100
12.290200
12.290300
12.290400
12.290400
12.290500
12.290500
12.290500
12.290600
12.290600
12.290600
12.290600
12.290600
12.290600
12.290600
12.290600
12.290500
12.290500
12.290500
12.290500
12.290400
12.290400
12.290400
12.290300
12.290300
12.290300
12.290200
12.290200
12.290100
12.290100
12.290100
12.290000
12.290000
12.289900
12.289900
12.289800
12.289800
12.289700
12.289700
12.289600
12.289600
12.289600
12.289500
12.289500
12.289400
12.289400
12.289300
12.289300
12.289200
12.289200
12.289200
12.289100
12.289100
12.289000
12.289000
12.289000
12.288900
12.288900
12.288800
12.288800
12.288800
12.288700
12.288700
12.288700
12.288600
12.288600
12.288600
12.288500
12.288500
12.288500
12.288400
12.288400
12.288400
12.288400
12.288300
12.288300
12.288300
12.288200
12.288200
12.288200
12.288200
12.288200
12.288100
12.288100
12.288100
12.288100
12.288100
12.288000
12.288000
12.288000
12.288000
12.288000
12.288000
12.287900
12.287900
12.287900
12.287900
12.287900
12.287900
12.287900
12.287900
12.287900
12.287900
12.287800
12.287800
12.287800
12.287800
12.287800
12.287800
12.287800
12.287800
12.287800
12.287800
12.287800
12.287800
12.287800
12.287800
12.287800
12.287800
12.287800
12.287800
12.287900
12.287900
12.287900
12.287900
12.287900
12.287900
12.287900
12.287900
12.287900
12.287900
12.288000
12.288000
12.288000
12.288000
12.288000
12.288000
12.288100
12.288100
12.288100
12.288100
12.288200
12.288200
12.288200
12.288200
12.288300
12.288300
12.288300
12.288300
12.288400
12.288400
12.288400
12.288500
12.288500
12.288500
12.288600
12.288600
12.288600
12.288700
12.288700
12.288800
12.288800
12.288800
12.288900
12.288900
12.289000
12.289000
12.289100
12.289100
12.289200
12.289200
12.289300
12.289300
12.289400
12.289400
12.289500
12.289500
12.289600
12.289600
12.289700
12.289800
12.289800
12.289900
12.289900
12.290000
12.290100
12.290100
12.290200
12.290200
12.290300
12.290400
12.290400
12.290500
12.290600
12.290600
12.290700
12.290800
12.290800
12.290900
12.291000
12.291000
12.291100
12.291200
12.291200
12.291300
12.291300
12.291400
12.291500
12.291500
12.291600
12.291700
12.291700
12.291800
12.291900
12.291900
12.292000
12.292000
12.292100
12.292200
12.292200
12.292300
12.292300
12.292400
12.292400
12.292500
12.292500
12.292600
12.292600
12.292700
12.292700
12.292800
12.292800
12.292900
12.292900
12.293000
12.293000
12.293000
12.293100
12.293100
12.293100
12.293200
12.293200
12.293300
12.293300
12.293300
12.293400
12.293400
12.293400
12.293400
12.293500
12.293500
12.293500
12.293600
12.293600
12.293600
12.293700
12.293700
12.293700
12.293800
12.293800
12.293800
12.293800
12.293900
12.293900
12.293900
12.293900
12.294000
12.294000
12.294000
12.294000
12.294100
12.294100
12.294100
12.294100
12.294200
12.294200
12.294200
12.294200
12.294200
12.294300
12.294300
12.294300
12.294300
12.294400
12.294400
12.294400
12.294400
12.294400
12.294400
12.294500
12.294500
12.294500
12.294500
12.294500
12.294600
12.294600
12.294600
12.294600
12.294600
12.294600
12.294600
12.294700
12.294700
12.294700
12.294700
12.294700
12.294700
12.294700
12.294800
12.294800
12.294800
12.294800
12.294800
12.294800
12.294800
12.294800
12.294900
12.294900
12.294900
12.294900
12.294900
12.294900
12.294900
12.294900
12.294900
12.294900
12.295000
12.295000
12.295000
12.295000
12.295000
12.295000
12.295000
12.295000
12.295000
12.295000
12.295000
12.295000
12.295000
12.295100
12.295100
12.295100
12.295100
12.295100
12.295100
12.295100
12.295100
12.295100
12.295100
12.295100
12.295100
12.295100
12.295100
12.295100
12.295100
12.295100
12.295100
12.295100
12.295100
12.295100
12.295100
12.295100
12.295100
12.295100
12.295100
12.295100
12.295200
12.295200
12.295200
12.295200
12.295200
12.295200
12.295200
12.295200
12.295200
12.295200
12.295200
12.295200
12.295200
12.295200
12.295200
12.295200
12.295200
12.295200
12.295100
12.295100
12.295100
12.295100
12.295100
12.295100
12.295100
12.295100
12.295100
12.295100
12.295100
12.295100
12.295100
12.295100
12.295100
12.295100
12.295100
12.295100
12.295100
12.295100
12.295100
12.295100
12.295100
12.295100
12.295100
12.295100
12.295100
12.295100
12.295100
12.295100
12.295000
12.295000
12.295000
12.295000
12.295000
12.295000
12.295000
12.295000
12.295000
12.295000
12.295000
12.295000
12.295000
12.295000
12.295000
12.295000
12.295000
12.294900
12.294900
12.294900
12.294900
12.294900
12.294900
12.294900
12.294900
12.294900
12.294900
12.294900
12.294900
12.294900
12.294800
12.294800
12.294800
12.294800
12.294800
12.294800
12.294800
12.294800
12.294800
12.294800
12.294800
12.294700
12.294700
12.294700
12.294700
12.294700
12.294700
12.294700
12.294700
12.294700
12.294700
12.294600
12.294600
12.294600
12.294600
12.294600
12.294600
12.294600
12.294600
12.294600
12.294600
12.294500
12.294500
12.294500
12.294500
12.294500
12.294500
12.294500
12.294500
12.294500
12.294400
12.294400
12.294400
12.294400
12.294400
12.294400
12.294400
12.294400
12.294300
12.294300
12.294300
12.294300
12.294300
12.294300
12.294300
12.294300
12.294200
12.294200
12.294200
12.294200
12.294200
12.294200
12.294200
12.294200
12.294100
12.294100
12.294100
12.294100
12.294100
12.294100
12.294100
12.294100
12.294000
12.294000
12.294000
12.294000
12.294000
12.294000
12.294000
12.293900
12.293900
12.293900
12.293900
12.293900
12.293900
12.293900
12.293800
12.293800
12.293800
12.293800
12.293800
12.293800
12.293800
12.293700
12.293700
12.293700
12.293700
12.293700
12.293700
12.293700
12.293600
12.293600
12.293600
12.293600
12.293600
12.293600
12.293500
12.293500
12.293500
12.293500
12.293500
12.293500
12.293500
12.293400
12.293400
12.293400
12.293400
12.293400
12.293400
12.293300
12.293300
12.293300
12.293300
12.293300
12.293300
12.293200
12.293200
12.293200
12.293200
12.293200
12.293200
12.293200
12.293100
12.293100
12.293100
12.293100
12.293100
12.293100
12.293000
12.293000
12.293000
12.293000
12.293000
12.293000
12.292900
12.292900
12.292900
12.292900
12.292900
12.292900
12.292800
12.292800
12.292800
12.292800
12.292800
12.292700
12.292700
12.292700
12.292700
12.292700
12.292700
12.292600
12.292600
12.292600
12.292600
12.292600
12.292600
12.292500
12.292500
12.292500
12.292500
12.292500
12.292400
12.292400
12.292400
12.292400
12.292400
12.292400
12.292300
12.292300
12.292300
12.292300
12.292300
12.292300
12.292200
12.292200
12.292200
12.292200
12.292200
12.292100
12.292100
12.292100
12.292100
12.292100
12.292100
12.292000
12.292000
12.292000
12.292000
12.292000
12.291900
12.291900
12.291900
12.291900
12.291900
12.291800
12.291800
12.291800
12.291800
12.291800
12.291800
12.291700
12.291700
12.291700
12.291700
12.291700
12.291600
12.291600
12.291600
12.291600
12.291600
12.291500
12.291500
12.291500
12.291500
12.291500
12.291500
12.291400
12.291400
12.291400
12.291400
12.291400
12.291300
12.291300
12.291300
12.291300
12.291300
12.291200
12.291200
12.291200
12.291200
12.291200
12.291100
12.291100
12.291100
12.291100
12.291100
12.291000
12.291000
12.291000
12.291000
12.291000
12.290900
12.290900
12.290900
12.290900
12.290900
12.290800
12.290800
12.290800
12.290800
12.290800
12.290700
12.290700
12.290700
12.290700
12.290700
12.290600
12.290600
12.290600
12.290600
12.290600
12.290500
12.290500
12.290500
12.290500
12.290500
12.290400
12.290400
12.290400
12.290400
12.290400
12.290300
12.290300
12.290300
12.290300
12.290300
12.290200
12.290200
12.290200
12.290200
12.290200
12.290100
12.290100
12.290100
12.290100
12.290100
12.290000
12.290000
12.290000
12.290000
12.290000
12.289900
12.289900
12.289900
12.289900
12.289900
12.289800
12.289800
12.289800
12.289800
12.289800
12.289700
12.289700
12.289700
12.289700
12.289700
12.289600
12.289600
12.289600
12.289600
12.289500
12.289500
12.289500
12.289500
12.289500
12.289400
12.289400
12.289400
12.289400
12.289400
12.289300
12.289300
12.289300
12.289300
12.289300
12.289200
12.289200
12.289200
12.289200
12.289200
12.289100
12.289100
12.289100
12.289100
12.289000
12.289000
12.289000
12.289000
12.289000
12.288900
12.288900
12.288900
12.288900
12.288900
12.288800
12.288800
12.288800
12.288800
12.288800
12.288700
12.288700
12.288700
12.288700
12.288600
12.288600
12.288600
12.288600
12.288600
12.288500
12.288500
12.288500
12.288500
12.288500
12.288400
12.288400
12.288400
12.288400
12.288300
12.288300
12.288300
12.288300
12.288300
12.288200
12.288200
12.288200
12.288200
12.288200
12.288100
12.288100
12.288100
12.288100
12.288000
12.288000
12.288000
12.288000
12.288000
12.287900
12.287900
12.287900
12.287900
12.287900
12.287800
12.287800
12.287800
12.287800
12.287700
12.287700
12.287700
12.287700
12.287700
12.287600
12.287600
12.287600
12.287600
12.287600
12.287500
12.287500
12.287500
12.287500
12.287400
12.287400
12.287400
12.287400
12.287400
12.287300
12.287300
12.287300
12.287300
12.287300
12.287200
12.287200
12.287200
12.287200
12.287100
12.287100
12.287100
12.287100
12.287100
12.287000
12.287000
12.287000
12.287000
12.286900
12.286900
12.286900
12.286900
12.286900
12.286800
12.286800
12.286800
12.286800
12.286800
12.286700
12.286700
12.286700
12.286700
12.286600
12.286600
12.286600
12.286600
12.286600
12.286500
12.286500
12.286500
12.286500
12.286400
12.286400
12.286400
12.286400
12.286400
12.286300
12.286300
12.286300
12.286300
12.286200
12.286200
12.286200
12.286200
12.286200
12.286100
12.286100
12.286100
12.286100
12.286000
12.286000
12.286000
12.286000
12.286000
12.285900
12.285900
12.285900
12.285900
12.285900
12.285800
12.285800
12.285800
12.285800
12.285700
12.285700
12.285700
12.285700
12.285700
12.285600
12.285600
12.285600
12.285600
12.285500
12.285500
12.285500
12.285500
12.285500
12.285400
12.285400
12.285400
12.285400
12.285300
12.285300
12.285300
12.285300
12.285300
12.285200
12.285200
12.285200
12.285200
12.285100
12.285100
12.285100
12.285100
12.285100
12.285000
12.285000
12.285000
12.285000
12.284900
12.284900
12.284900
12.284900
12.284900
