0.097671
0.097754
0.098125
0.099014
0.100938
0.106180
0.364426
0.341961
0.337039
0.360098
0.400503
0.472431
0.574636
0.679548
0.774601
0.857169
0.928245
0.989365
1.041730
1.086220
1.123580
1.154560
1.180020
1.200840
1.217890
1.231930
1.243500
1.252930
1.260290
1.265510
1.268450
1.269120
1.267760
1.264810
1.260750
1.255990
1.250800
1.245370
1.239780
1.234080
1.228310
1.222450
1.216530
1.210550
1.204510
1.198410
1.192260
1.186060
1.179820
1.173540
1.167220
1.160870
1.154490
1.148090
1.141670
1.135230
1.128770
1.122300
1.115830
1.109350
1.102870
1.096390
1.089910
1.083430
1.076970
1.070510
1.064060
1.057630
1.051210
1.044810
1.038420
1.032050
1.025710
1.019380
1.013070
1.006790
1.000530
0.994291
0.988080
0.981895
0.975736
0.969604
0.963499
0.957422
0.951373
0.945353
0.939363
0.933401
0.927470
0.921568
0.915697
0.909857
0.904047
0.898268
0.892521
0.886805
0.881120
0.875467
0.869845
0.864255
0.858697
0.853171
0.847677
0.842215
0.836785
0.831387
0.826021
0.820687
0.815386
0.810116
0.804878
0.799673
0.794499
0.789358
0.784248
0.779171
0.774125
0.769112
0.764130
0.759180
0.754261
0.749374
0.744519
0.739696
0.734904
0.730143
0.725414
0.720716
0.716049
0.711414
0.706809
0.702236
0.697693
0.693182
0.688701
0.684250
0.679831
0.675441
0.671083
0.666754
0.662456
0.658188
0.653950
0.649741
0.645563
0.641414
0.637295
0.633206
0.629146
0.625115
0.621113
0.617140
0.613197
0.609282
0.605396
0.601539
0.597710
0.593909
0.590137
0.586393
0.582676
0.578988
0.575328
0.571695
0.568089
0.564511
0.560961
0.557437
0.553940
0.550470
0.547027
0.543611
0.540220
0.536856
0.533519
0.530207
0.526921
0.523661
0.520426
0.517217
0.514033
0.510874
0.507741
0.504632
0.501548
0.498488
0.495453
0.492442
0.489455
0.486492
0.483552
0.480637
0.477745
0.474876
0.472030
0.469208
0.466408
0.463631
0.460877
0.458145
0.455435
0.452747
0.450081
0.447437
0.444815
0.442214
0.439634
0.437076
0.434539
0.432022
0.429526
0.427051
0.424596
0.422161
0.419746
0.417351
0.414976
0.412621
0.410284
0.407968
0.405670
0.403391
0.401132
0.398890
0.396668
0.394464
0.392277
0.390109
0.387959
0.385827
0.383713
0.381615
0.379535
0.377473
0.375427
0.373398
0.371386
0.369391
0.367412
0.365449
0.363503
0.361573
0.359658
0.357759
0.355876
0.354008
0.352156
0.350319
0.348497
0.346690
0.344897
0.343120
0.341357
0.339608
0.337874
0.336153
0.334447
0.332755
0.331076
0.329411
0.327760
0.326122
0.324497
0.322886
0.321287
0.319702
0.318129
0.316569
0.315022
0.313487
0.311964
0.310454
0.308955
0.307469
0.305995
0.304532
0.303082
0.301642
0.300215
0.298798
0.297393
0.295999
0.294616
0.293245
0.291884
0.290533
0.289194
0.287865
0.286547
0.285239
0.283941
0.282653
0.281376
0.280109
0.278851
0.277604
0.276366
0.275138
0.273920
0.272711
0.271511
0.270321
0.269140
0.267968
0.266806
0.265652
0.264508
0.263372
0.262245
0.261127
0.260017
0.258916
0.257823
0.256739
0.255664
0.254596
0.253537
0.252486
0.251443
0.250407
0.249380
0.248361
0.247349
0.246346
0.245350
0.244361
0.243380
0.242406
0.241440
0.240482
0.239530
0.238586
0.237649
0.236719
0.235796
0.234880
0.233970
0.233068
0.232173
0.231284
0.230402
0.229527
0.228658
0.227795
0.226940
0.226090
0.225247
0.224410
0.223580
0.222756
0.221937
0.221125
0.220319
0.219519
0.218725
0.217937
0.217155
0.216378
0.215607
0.214842
0.214083
0.213329
0.212581
0.211838
0.211101
0.210369
0.209642
0.208921
0.208205
0.207494
0.206789
0.206089
0.205393
0.204703
0.204018
0.203338
0.202663
0.201992
0.201327
0.200666
0.200011
0.199359
0.198713
0.198071
0.197434
0.196802
0.196173
0.195550
0.194931
0.194316
0.193706
0.193100
0.192499
0.191901
0.191308
0.190720
0.190135
0.189554
0.188978
0.188406
0.187838
0.187273
0.186713
0.186157
0.185604
0.185056
0.184511
0.183970
0.183433
0.182900
0.182370
0.181844
0.181322
0.180803
0.180288
0.179777
0.179269
0.178764
0.178263
0.177766
0.177272
0.176781
0.176294
0.175810
0.175329
0.174852
0.174378
0.173907
0.173439
0.172975
0.172514
0.172055
0.171600
0.171148
0.170699
0.170253
0.169811
0.169371
0.168934
0.168500
0.168069
0.167640
0.167215
0.166792
0.166373
0.165956
0.165542
0.165130
0.164722
0.164316
0.163913
0.163512
0.163114
0.162719
0.162326
0.161936
0.161548
0.161163
0.160781
0.160401
0.160023
0.159648
0.159276
0.158905
0.158538
0.158172
0.157809
0.157449
0.157090
0.156734
0.156381
0.156029
0.155680
0.155333
0.154988
0.154646
0.154305
0.153967
0.153631
0.153297
0.152966
0.152636
0.152309
0.151983
0.151660
0.151338
0.151019
0.150702
0.150386
0.150073
0.149762
0.149452
0.149145
0.148839
0.148536
0.148234
0.147934
0.147636
0.147340
0.147046
0.146753
0.146463
0.146174
0.145887
0.145602
0.145318
0.145036
0.144756
0.144478
0.144201
0.143927
0.143653
0.143382
0.143112
0.142844
0.142577
0.142312
0.142049
0.141787
0.141527
0.141268
0.141011
0.140756
0.140502
0.140249
0.139998
0.139749
0.139501
0.139255
0.139010
0.138766
0.138524
0.138284
0.138045
0.137807
0.137571
0.137336
0.137102
0.136870
0.136640
0.136410
0.136182
0.135956
0.135730
0.135506
0.135284
0.135062
0.134842
0.134624
0.134406
0.134190
0.133975
0.133761
0.133549
0.133338
0.133128
0.132919
0.132712
0.132505
0.132300
0.132096
0.131894
0.131692
0.131492
0.131292
0.131094
0.130897
0.130701
0.130507
0.130313
0.130121
0.129929
0.129739
0.129550
0.129362
0.129175
0.128989
0.128804
0.128620
0.128437
0.128256
0.128075
0.127895
0.127716
0.127539
0.127362
0.127186
0.127012
0.126838
0.126665
0.126494
0.126323
0.126153
0.125984
0.125816
0.125649
0.125483
0.125318
0.125154
0.124991
0.124828
0.124667
0.124506
0.124347
0.124188
0.124030
0.123873
0.123717
0.123562
0.123407
0.123254
0.123101
0.122949
0.122798
0.122648
0.122499
0.122350
0.122202
0.122055
0.121909
0.121764
0.121619
0.121476
0.121333
0.121190
0.121049
0.120908
0.120769
0.120630
0.120491
0.120354
0.120217
0.120081
0.119945
0.119811
0.119677
0.119544
0.119411
0.119280
0.119149
0.119018
0.118889
0.118760
0.118632
0.118504
0.118377
0.118251
0.118126
0.118001
0.117877
0.117753
0.117630
0.117508
0.117387
0.117266
0.117146
0.117026
0.116907
0.116789
0.116671
0.116554
0.116438
0.116322
0.116207
0.116092
0.115978
0.115865
0.115752
0.115640
0.115528
0.115417
0.115307
0.115197
0.115088
0.114979
0.114871
0.114764
0.114657
0.114550
0.114444
0.114339
0.114234
0.114130
0.114027
0.113924
0.113821
0.113719
0.113618
0.113517
0.113416
0.113316
0.113217
0.113118
0.113020
0.112922
0.112824
0.112728
0.112631
0.112536
0.112440
0.112345
0.112251
0.112157
0.112064
0.111971
0.111879
0.111787
0.111695
0.111604
0.111514
0.111424
0.111334
0.111245
0.111156
0.111068
0.110980
0.110893
0.110806
0.110720
0.110634
0.110548
0.110463
0.110379
0.110294
0.110211
0.110127
0.110044
0.109962
0.109880
0.109798
0.109717
0.109636
0.109556
0.109476
0.109396
0.109317
0.109238
0.109160
0.109082
0.109004
0.108927
0.108850
0.108774
0.108698
0.108622
0.108547
0.108472
0.108397
0.108323
0.108250
0.108176
0.108103
0.108030
0.107958
0.107886
0.107815
0.107744
0.107673
0.107602
0.107532
0.107462
0.107393
0.107324
0.107255
0.107187
0.107119
0.107051
0.106984
0.106917
0.106850
0.106784
0.106718
0.106652
0.106587
0.106522
0.106457
0.106393
0.106329
0.106265
0.106201
0.106138
0.106076
0.106013
0.105951
0.105889
0.105828
0.105766
0.105705
0.105645
0.105584
0.105524
0.105465
0.105405
0.105346
0.105287
0.105229
0.105170
0.105112
0.105055
0.104997
0.104940
0.104883
0.104827
0.104771
0.104715
0.104659
0.104604
0.104548
0.104493
0.104439
0.104385
0.104330
0.104277
0.104223
0.104170
0.104117
0.104064
0.104012
0.103959
0.103907
0.103856
0.103804
0.103753
0.103702
0.103651
0.103601
0.103551
0.103501
0.103451
0.103401
0.103352
0.103303
0.103254
0.103206
0.103158
0.103110
0.103062
0.103014
0.102967
0.102920
0.102873
0.102826
0.102780
0.102734
0.102688
0.102642
0.102596
0.102551
0.102506
0.102461
0.102416
0.102372
0.102328
0.102284
0.102240
0.102197
0.102153
0.102110
0.102067
0.102024
0.101982
0.101940
0.101898
0.101856
0.101814
0.101773
0.101731
0.101690
0.101649
0.101609
0.101568
0.101528
0.101488
0.101448
0.101408
0.101369
0.101329
0.101290
0.101251
0.101213
0.101174
0.101136
0.101097
0.101059
0.101022
0.100984
0.100947
0.100909
0.100872
0.100835
0.100799
0.100762
0.100726
0.100690
0.100654
0.100618
0.100582
0.100547
0.100511
0.100476
0.100441
0.100406
0.100372
0.100337
0.100303
0.100269
0.100235
0.100201
0.100167
0.100134
0.100100
0.100067
0.100034
0.100001
0.099969
0.099936
0.099904
0.099872
0.099839
0.099808
0.099776
0.099744
0.099713
0.099682
0.099650
0.099619
0.099589
0.099558
0.099527
0.099497
0.099467
0.099437
0.099407
0.099377
0.099347
0.099318
0.099288
0.099259
0.099230
0.099201
0.099172
0.099143
0.099115
0.099086
0.099058
0.099030
0.099002
0.098974
0.098947
0.098919
0.098891
0.098864
0.098837
0.098810
0.098783
0.098756
0.098729
0.098703
0.098676
0.098650
0.098624
0.098598
0.098572
0.098546
0.098521
0.098495
0.098470
0.098444
0.098419
0.098394
0.098369
0.098344
0.098320
0.098295
0.098270
0.098246
0.098222
0.098198
0.098174
0.098150
0.098126
0.098103
0.098079
0.098056
0.098032
0.098009
0.097986
0.097963
0.097940
0.097918
0.097895
0.097872
0.097850
0.097828
0.097805
0.097783
0.097761
0.097739
0.097718
0.097696
0.097674
0.097757
0.098128
0.099016
0.100941
0.106181
0.364423
0.341961
0.337038
0.360097
0.400500
0.472429
0.574621
0.679525
0.774572
0.857140
0.928217
0.989338
1.041710
1.086200
1.123560
1.154540
1.180000
1.200820
1.217870
1.231910
1.243490
1.252920
1.260290
1.265500
1.268440
1.269120
1.267760
1.264810
1.260750
1.255980
1.250800
1.245360
1.239780
1.234080
1.228300
1.222450
1.216530
1.210550
1.204510
1.198410
1.192260
1.186060
1.179820
1.173540
1.167220
1.160870
1.154500
1.148090
1.141670
1.135230
1.128770
1.122310
1.115830
1.109350
1.102870
1.096390
1.089910
1.083440
1.076970
1.070520
1.064070
1.057640
1.051220
1.044810
1.038430
1.032060
1.025710
1.019380
1.013080
1.006800
1.000540
0.994299
0.988089
0.981903
0.975745
0.969613
0.963508
0.957431
0.951383
0.945363
0.939373
0.933411
0.927480
0.921579
0.915708
0.909868
0.904058
0.898280
0.892532
0.886816
0.881132
0.875479
0.869857
0.864268
0.858710
0.853184
0.847690
0.842228
0.836798
0.831401
0.826035
0.820701
0.815400
0.810130
0.804893
0.799687
0.794514
0.789373
0.784263
0.779186
0.774140
0.769127
0.764145
0.759195
0.754277
0.749390
0.744535
0.739712
0.734920
0.730160
0.725430
0.720733
0.716066
0.711431
0.706826
0.702253
0.697710
0.693199
0.688718
0.684268
0.679848
0.675459
0.671100
0.666772
0.662474
0.658206
0.653968
0.649759
0.645581
0.641432
0.637313
0.633224
0.629164
0.625133
0.621132
0.617159
0.613215
0.609301
0.605415
0.601557
0.597729
0.593928
0.590156
0.586412
0.582695
0.579007
0.575347
0.571714
0.568109
0.564531
0.560980
0.557456
0.553960
0.550490
0.547047
0.543630
0.540240
0.536876
0.533538
0.530226
0.526941
0.523680
0.520446
0.517237
0.514053
0.510894
0.507760
0.504651
0.501567
0.498508
0.495472
0.492461
0.489474
0.486511
0.483572
0.480657
0.477765
0.474896
0.472050
0.469228
0.466428
0.463651
0.460896
0.458164
0.455454
0.452767
0.450101
0.447457
0.444835
0.442234
0.439654
0.437095
0.434558
0.432041
0.429545
0.427070
0.424615
0.422180
0.419765
0.417370
0.414995
0.412640
0.410303
0.407987
0.405689
0.403410
0.401150
0.398909
0.396686
0.394482
0.392296
0.390128
0.387978
0.385846
0.383731
0.381634
0.379554
0.377491
0.375445
0.373417
0.371405
0.369409
0.367430
0.365467
0.363521
0.361590
0.359676
0.357777
0.355894
0.354026
0.352174
0.350336
0.348514
0.346707
0.344915
0.343137
0.341374
0.339625
0.337891
0.336170
0.334464
0.332772
0.331093
0.329428
0.327777
0.326139
0.324514
0.322902
0.321304
0.319718
0.318146
0.316586
0.315038
0.313503
0.311980
0.310470
0.308972
0.307485
0.306011
0.304548
0.303097
0.301658
0.300230
0.298814
0.297409
0.296015
0.294632
0.293260
0.291899
0.290549
0.289209
0.287880
0.286562
0.285254
0.283956
0.282668
0.281391
0.280124
0.278866
0.277619
0.276381
0.275153
0.273934
0.272725
0.271526
0.270335
0.269154
0.267983
0.266820
0.265666
0.264522
0.263386
0.262259
0.261141
0.260031
0.258930
0.257837
0.256753
0.255677
0.254610
0.253550
0.252499
0.251456
0.250421
0.249394
0.248374
0.247363
0.246359
0.245363
0.244374
0.243393
0.242419
0.241453
0.240494
0.239543
0.238599
0.237661
0.236731
0.235808
0.234892
0.233983
0.233081
0.232185
0.231296
0.230414
0.229539
0.228670
0.227808
0.226952
0.226102
0.225259
0.224422
0.223592
0.222768
0.221949
0.221137
0.220331
0.219531
0.218737
0.217949
0.217166
0.216390
0.215619
0.214854
0.214094
0.213340
0.212592
0.211849
0.211112
0.210380
0.209653
0.208932
0.208216
0.207505
0.206800
0.206100
0.205404
0.204714
0.204029
0.203349
0.202673
0.202003
0.201338
0.200677
0.200021
0.199370
0.198723
0.198082
0.197444
0.196812
0.196184
0.195560
0.194941
0.194326
0.193716
0.193110
0.192509
0.191911
0.191318
0.190729
0.190145
0.189564
0.188988
0.188416
0.187847
0.187283
0.186723
0.186166
0.185614
0.185065
0.184521
0.183980
0.183443
0.182909
0.182379
0.181854
0.181331
0.180813
0.180297
0.179786
0.179278
0.178773
0.178272
0.177775
0.177281
0.176790
0.176303
0.175819
0.175338
0.174861
0.174387
0.173916
0.173448
0.172984
0.172522
0.172064
0.171609
0.171157
0.170708
0.170262
0.169819
0.169379
0.168942
0.168508
0.168077
0.167649
0.167223
0.166801
0.166381
0.165964
0.165550
0.165139
0.164730
0.164324
0.163921
0.163520
0.163122
0.162727
0.162334
0.161944
0.161556
0.161171
0.160789
0.160409
0.160031
0.159656
0.159283
0.158913
0.158545
0.158180
0.157817
0.157456
0.157098
0.156742
0.156388
0.156037
0.155687
0.155340
0.154996
0.154653
0.154313
0.153975
0.153639
0.153305
0.152973
0.152643
0.152316
0.151990
0.151667
0.151346
0.151026
0.150709
0.150394
0.150080
0.149769
0.149459
0.149152
0.148846
0.148543
0.148241
0.147941
0.147643
0.147347
0.147053
0.146760
0.146470
0.146181
0.145894
0.145608
0.145325
0.145043
0.144763
0.144485
0.144208
0.143933
0.143660
0.143388
0.143118
0.142850
0.142584
0.142319
0.142055
0.141793
0.141533
0.141275
0.141017
0.140762
0.140508
0.140256
0.140005
0.139755
0.139507
0.139261
0.139016
0.138773
0.138531
0.138290
0.138051
0.137813
0.137577
0.137342
0.137108
0.136876
0.136646
0.136416
0.136188
0.135962
0.135736
0.135512
0.135290
0.135068
0.134848
0.134630
0.134412
0.134196
0.133981
0.133767
0.133555
0.133344
0.133134
0.132925
0.132717
0.132511
0.132306
0.132102
0.131899
0.131698
0.131497
0.131298
0.131100
0.130903
0.130707
0.130512
0.130319
0.130126
0.129935
0.129745
0.129555
0.129367
0.129180
0.128994
0.128809
0.128626
0.128443
0.128261
0.128080
0.127901
0.127722
0.127544
0.127368
0.127192
0.127017
0.126843
0.126671
0.126499
0.126328
0.126158
0.125990
0.125822
0.125655
0.125489
0.125323
0.125159
0.124996
0.124834
0.124672
0.124512
0.124352
0.124193
0.124035
0.123878
0.123722
0.123567
0.123412
0.123259
0.123106
0.122954
0.122803
0.122653
0.122503
0.122355
0.122207
0.122060
0.121914
0.121769
0.121624
0.121480
0.121338
0.121195
0.121054
0.120913
0.120773
0.120634
0.120496
0.120358
0.120222
0.120085
0.119950
0.119816
0.119682
0.119548
0.119416
0.119284
0.119153
0.119023
0.118893
0.118764
0.118636
0.118509
0.118382
0.118256
0.118130
0.118005
0.117881
0.117758
0.117635
0.117513
0.117391
0.117270
0.117150
0.117031
0.116912
0.116793
0.116676
0.116559
0.116442
0.116326
0.116211
0.116097
0.115983
0.115869
0.115756
0.115644
0.115533
0.115422
0.115311
0.115202
0.115092
0.114984
0.114875
0.114768
0.114661
0.114555
0.114449
0.114343
0.114239
0.114135
0.114031
0.113928
0.113825
0.113723
0.113622
0.113521
0.113420
0.113320
0.113221
0.113122
0.113024
0.112926
0.112829
0.112732
0.112636
0.112540
0.112444
0.112350
0.112255
0.112161
0.112068
0.111975
0.111883
0.111791
0.111699
0.111608
0.111518
0.111428
0.111338
0.111249
0.111160
0.111072
0.110984
0.110897
0.110810
0.110724
0.110638
0.110552
0.110467
0.110383
0.110298
0.110215
0.110131
0.110048
0.109966
0.109884
0.109802
0.109721
0.109640
0.109560
0.109480
0.109400
0.109321
0.109242
0.109164
0.109086
0.109008
0.108931
0.108854
0.108778
0.108702
0.108626
0.108551
0.108476
0.108401
0.108327
0.108253
0.108180
0.108107
0.108034
0.107962
0.107890
0.107818
0.107747
0.107676
0.107606
0.107536
0.107466
0.107397
0.107328
0.107259
0.107191
0.107122
0.107055
0.106987
0.106920
0.106854
0.106787
0.106721
0.106656
0.106590
0.106525
0.106461
0.106396
0.106332
0.106268
0.106205
0.106142
0.106079
0.106017
0.105954
0.105893
0.105831
0.105770
0.105709
0.105648
0.105588
0.105528
0.105468
0.105409
0.105350
0.105291
0.105232
0.105174
0.105116
0.105058
0.105001
0.104944
0.104887
0.104830
0.104774
0.104718
0.104662
0.104607
0.104552
0.104497
0.104442
0.104388
0.104334
0.104280
0.104226
0.104173
0.104120
0.104067
0.104015
0.103963
0.103911
0.103859
0.103807
0.103756
0.103705
0.103655
0.103604
0.103554
0.103504
0.103454
0.103405
0.103355
0.103306
0.103258
0.103209
0.103161
0.103113
0.103065
0.103017
0.102970
0.102923
0.102876
0.102829
0.102783
0.102737
0.102691
0.102645
0.102600
0.102554
0.102509
0.102464
0.102420
0.102375
0.102331
0.102287
0.102243
0.102200
0.102156
0.102113
0.102070
0.102028
0.101985
0.101943
0.101901
0.101859
0.101817
0.101776
0.101734
0.101693
0.101652
0.101612
0.101571
0.101531
0.101491
0.101451
0.101411
0.101372
0.101333
0.101293
0.101254
0.101216
0.101177
0.101139
0.101101
0.101063
0.101025
0.100987
0.100950
0.100912
0.100875
0.100838
0.100802
0.100765
0.100729
0.100693
0.100657
0.100621
0.100585
0.100550
0.100514
0.100479
0.100444
0.100409
0.100375
0.100340
0.100306
0.100272
0.100238
0.100204
0.100170
0.100137
0.100103
0.100070
0.100037
0.100004
0.099972
0.099939
0.099907
0.099875
0.099843
0.099811
0.099779
0.099747
0.099716
0.099684
0.099653
0.099622
0.099592
0.099561
0.099530
0.099500
0.099470
0.099440
0.099410
0.099380
0.099350
0.099321
0.099291
0.099262
0.099233
0.099204
0.099175
0.099146
0.099118
0.099089
0.099061
0.099033
0.099005
0.098977
0.098949
0.098922
0.098894
0.098867
0.098840
0.098813
0.098786
0.098759
0.098732
0.098706
0.098679
0.098653
0.098627
0.098601
0.098575
0.098549
0.098523
0.098498
0.098472
0.098447
0.098422
0.098397
0.098372
0.098347
0.098322
0.098298
0.098273
0.098249
0.098225
0.098201
0.098177
0.098153
0.098129
0.098105
0.098082
0.098058
0.098035
0.098012
0.097989
0.097966
0.097943
0.097920
0.097898
0.097875
0.097853
0.097830
0.097808
0.097786
0.097764
0.097742
0.097720
0.097699
0.097677
0.097759
0.098131
0.099019
0.100944
0.106186
0.364442
0.341975
0.337056
0.360116
0.400519
0.472444
0.574629
0.679536
0.774581
0.857146
0.928221
0.989340
1.041710
1.086200
1.123560
1.154550
1.180000
1.200830
1.217880
1.231920
1.243500
1.252930
1.260300
1.265520
1.268460
1.269140
1.267780
1.264840
1.260780
1.256010
1.250830
1.245390
1.239800
1.234110
1.228330
1.222480
1.216560
1.210580
1.204540
1.198440
1.192290
1.186090
1.179850
1.173570
1.167250
1.160900
1.154530
1.148130
1.141700
1.135260
1.128810
1.122340
1.115870
1.109390
1.102900
1.096420
1.089940
1.083470
1.077010
1.070550
1.064100
1.057670
1.051250
1.044850
1.038460
1.032090
1.025750
1.019420
1.013110
1.006830
1.000570
0.994333
0.988123
0.981938
0.975779
0.969647
0.963542
0.957466
0.951417
0.945398
0.939407
0.933446
0.927515
0.921614
0.915743
0.909903
0.904093
0.898315
0.892568
0.886852
0.881167
0.875514
0.869893
0.864303
0.858746
0.853220
0.847726
0.842264
0.836834
0.831436
0.826071
0.820737
0.815435
0.810166
0.804928
0.799723
0.794550
0.789409
0.784299
0.779222
0.774176
0.769163
0.764181
0.759231
0.754313
0.749426
0.744571
0.739748
0.734956
0.730196
0.725467
0.720769
0.716102
0.711467
0.706862
0.702289
0.697747
0.693235
0.688754
0.684304
0.679884
0.675495
0.671137
0.666808
0.662510
0.658242
0.654004
0.649796
0.645617
0.641469
0.637349
0.633260
0.629200
0.625169
0.621167
0.617195
0.613251
0.609336
0.605450
0.601593
0.597764
0.593963
0.590191
0.586447
0.582731
0.579042
0.575382
0.571749
0.568144
0.564565
0.561015
0.557491
0.553994
0.550524
0.547081
0.543664
0.540274
0.536910
0.533572
0.530261
0.526975
0.523714
0.520480
0.517270
0.514086
0.510928
0.507794
0.504685
0.501600
0.498541
0.495505
0.492494
0.489507
0.486544
0.483605
0.480689
0.477797
0.474928
0.472082
0.469259
0.466460
0.463683
0.460928
0.458196
0.455486
0.452798
0.450132
0.447488
0.444866
0.442265
0.439685
0.437126
0.434589
0.432072
0.429576
0.427100
0.424645
0.422210
0.419795
0.417400
0.415025
0.412669
0.410333
0.408016
0.405718
0.403440
0.401180
0.398938
0.396716
0.394511
0.392325
0.390157
0.388006
0.385874
0.383759
0.381662
0.379582
0.377519
0.375473
0.373444
0.371432
0.369436
0.367457
0.365495
0.363548
0.361617
0.359703
0.357804
0.355920
0.354052
0.352200
0.350363
0.348540
0.346733
0.344941
0.343163
0.341400
0.339651
0.337916
0.336196
0.334489
0.332797
0.331118
0.329453
0.327802
0.326163
0.324539
0.322927
0.321328
0.319743
0.318170
0.316610
0.315062
0.313527
0.312004
0.310493
0.308995
0.307509
0.306034
0.304571
0.303121
0.301681
0.300253
0.298837
0.297431
0.296037
0.294654
0.293282
0.291921
0.290571
0.289231
0.287902
0.286584
0.285276
0.283978
0.282690
0.281413
0.280145
0.278888
0.277640
0.276402
0.275174
0.273955
0.272746
0.271546
0.270356
0.269175
0.268003
0.266840
0.265687
0.264542
0.263406
0.262279
0.261161
0.260051
0.258950
0.257857
0.256773
0.255697
0.254629
0.253570
0.252518
0.251475
0.250440
0.249413
0.248393
0.247381
0.246377
0.245381
0.244393
0.243411
0.242438
0.241471
0.240513
0.239561
0.238616
0.237679
0.236749
0.235826
0.234910
0.234000
0.233098
0.232202
0.231314
0.230431
0.229556
0.228687
0.227825
0.226969
0.226119
0.225276
0.224439
0.223608
0.222784
0.221966
0.221154
0.220347
0.219547
0.218753
0.217965
0.217182
0.216406
0.215635
0.214869
0.214110
0.213356
0.212608
0.211865
0.211127
0.210395
0.209669
0.208947
0.208231
0.207520
0.206815
0.206114
0.205419
0.204729
0.204043
0.203363
0.202688
0.202017
0.201352
0.200691
0.200035
0.199384
0.198737
0.198096
0.197458
0.196826
0.196198
0.195574
0.194955
0.194340
0.193730
0.193124
0.192522
0.191925
0.191332
0.190743
0.190158
0.189577
0.189001
0.188429
0.187860
0.187296
0.186736
0.186179
0.185627
0.185078
0.184533
0.183992
0.183455
0.182922
0.182392
0.181866
0.181343
0.180825
0.180310
0.179798
0.179290
0.178785
0.178284
0.177787
0.177293
0.176802
0.176315
0.175830
0.175350
0.174872
0.174398
0.173927
0.173459
0.172995
0.172534
0.172075
0.171620
0.171168
0.170719
0.170273
0.169830
0.169390
0.168953
0.168519
0.168088
0.167659
0.167234
0.166811
0.166392
0.165975
0.165560
0.165149
0.164740
0.164334
0.163931
0.163530
0.163132
0.162737
0.162344
0.161954
0.161566
0.161181
0.160799
0.160419
0.160041
0.159666
0.159293
0.158923
0.158555
0.158190
0.157827
0.157466
0.157107
0.156751
0.156398
0.156046
0.155697
0.155350
0.155005
0.154662
0.154322
0.153984
0.153648
0.153314
0.152982
0.152652
0.152325
0.151999
0.151676
0.151354
0.151035
0.150718
0.150402
0.150089
0.149778
0.149468
0.149161
0.148855
0.148551
0.148250
0.147950
0.147652
0.147356
0.147061
0.146769
0.146478
0.146189
0.145902
0.145617
0.145333
0.145051
0.144771
0.144493
0.144216
0.143941
0.143668
0.143396
0.143127
0.142858
0.142592
0.142327
0.142063
0.141801
0.141541
0.141282
0.141025
0.140770
0.140516
0.140263
0.140012
0.139763
0.139515
0.139269
0.139024
0.138780
0.138538
0.138298
0.138058
0.137821
0.137584
0.137349
0.137116
0.136884
0.136653
0.136424
0.136196
0.135969
0.135744
0.135520
0.135297
0.135076
0.134855
0.134637
0.134419
0.134203
0.133988
0.133774
0.133562
0.133351
0.133141
0.132932
0.132724
0.132518
0.132313
0.132109
0.131906
0.131704
0.131504
0.131305
0.131107
0.130910
0.130714
0.130519
0.130325
0.130133
0.129942
0.129751
0.129562
0.129374
0.129187
0.129001
0.128816
0.128632
0.128449
0.128267
0.128087
0.127907
0.127728
0.127551
0.127374
0.127198
0.127023
0.126850
0.126677
0.126505
0.126334
0.126165
0.125996
0.125828
0.125661
0.125495
0.125330
0.125165
0.125002
0.124840
0.124678
0.124518
0.124358
0.124199
0.124041
0.123884
0.123728
0.123573
0.123418
0.123265
0.123112
0.122960
0.122809
0.122659
0.122509
0.122361
0.122213
0.122066
0.121920
0.121775
0.121630
0.121486
0.121343
0.121201
0.121060
0.120919
0.120779
0.120640
0.120502
0.120364
0.120227
0.120091
0.119956
0.119821
0.119687
0.119554
0.119421
0.119290
0.119159
0.119028
0.118899
0.118770
0.118642
0.118514
0.118387
0.118261
0.118135
0.118011
0.117887
0.117763
0.117640
0.117518
0.117396
0.117276
0.117155
0.117036
0.116917
0.116799
0.116681
0.116564
0.116447
0.116332
0.116216
0.116102
0.115988
0.115874
0.115762
0.115649
0.115538
0.115427
0.115316
0.115207
0.115097
0.114989
0.114880
0.114773
0.114666
0.114560
0.114454
0.114348
0.114244
0.114139
0.114036
0.113933
0.113830
0.113728
0.113627
0.113526
0.113425
0.113325
0.113226
0.113127
0.113029
0.112931
0.112833
0.112737
0.112640
0.112544
0.112449
0.112354
0.112260
0.112166
0.112073
0.111980
0.111887
0.111795
0.111704
0.111613
0.111522
0.111432
0.111343
0.111254
0.111165
0.111077
0.110989
0.110902
0.110815
0.110728
0.110642
0.110557
0.110472
0.110387
0.110303
0.110219
0.110136
0.110053
0.109970
0.109888
0.109807
0.109725
0.109644
0.109564
0.109484
0.109404
0.109325
0.109246
0.109168
0.109090
0.109012
0.108935
0.108858
0.108782
0.108706
0.108630
0.108555
0.108480
0.108405
0.108331
0.108258
0.108184
0.108111
0.108038
0.107966
0.107894
0.107823
0.107751
0.107681
0.107610
0.107540
0.107470
0.107401
0.107332
0.107263
0.107195
0.107127
0.107059
0.106991
0.106924
0.106858
0.106791
0.106725
0.106660
0.106594
0.106529
0.106465
0.106400
0.106336
0.106272
0.106209
0.106146
0.106083
0.106021
0.105958
0.105897
0.105835
0.105774
0.105713
0.105652
0.105592
0.105532
0.105472
0.105413
0.105353
0.105295
0.105236
0.105178
0.105120
0.105062
0.105005
0.104948
0.104891
0.104834
0.104778
0.104722
0.104666
0.104611
0.104556
0.104501
0.104446
0.104392
0.104338
0.104284
0.104230
0.104177
0.104124
0.104071
0.104019
0.103966
0.103914
0.103863
0.103811
0.103760
0.103709
0.103658
0.103608
0.103558
0.103508
0.103458
0.103408
0.103359
0.103310
0.103261
0.103213
0.103164
0.103116
0.103069
0.103021
0.102974
0.102927
0.102880
0.102833
0.102787
0.102740
0.102694
0.102649
0.102603
0.102558
0.102513
0.102468
0.102423
0.102379
0.102335
0.102291
0.102247
0.102203
0.102160
0.102117
0.102074
0.102031
0.101989
0.101946
0.101904
0.101862
0.101821
0.101779
0.101738
0.101697
0.101656
0.101615
0.101575
0.101534
0.101494
0.101454
0.101415
0.101375
0.101336
0.101297
0.101258
0.101219
0.101181
0.101142
0.101104
0.101066
0.101028
0.100990
0.100953
0.100916
0.100879
0.100842
0.100805
0.100768
0.100732
0.100696
0.100660
0.100624
0.100588
0.100553
0.100518
0.100482
0.100447
0.100413
0.100378
0.100343
0.100309
0.100275
0.100241
0.100207
0.100173
0.100140
0.100107
0.100073
0.100040
0.100008
0.099975
0.099942
0.099910
0.099878
0.099846
0.099814
0.099782
0.099750
0.099719
0.099688
0.099657
0.099626
0.099595
0.099564
0.099533
0.099503
0.099473
0.099443
0.099413
0.099383
0.099353
0.099324
0.099294
0.099265
0.099236
0.099207
0.099178
0.099149
0.099121
0.099093
0.099064
0.099036
0.099008
0.098980
0.098952
0.098925
0.098897
0.098870
0.098843
0.098816
0.098789
0.098762
0.098735
0.098709
0.098682
0.098656
0.098630
0.098604
0.098578
0.098552
0.098526
0.098501
0.098475
0.098450
0.098425
0.098400
0.098375
0.098350
0.098325
0.098301
0.098276
0.098252
0.098228
0.098204
0.098180
0.098156
0.098132
0.098108
0.098085
0.098061
0.098038
0.098015
0.097992
0.097969
0.097946
0.097923
0.097901
0.097878
0.097856
0.097833
0.097811
0.097789
0.097767
0.097745
0.097723
0.097701
0.097680
