0.071292
0.071358
0.071637
0.072300
0.073721
0.077119
0.269802
0.235574
0.221559
0.237579
0.278785
0.358563
0.474189
0.592594
0.697605
0.786127
0.859855
0.921105
0.971661
1.012810
1.045650
1.071260
1.090820
1.105490
1.116320
1.124100
1.129270
1.131870
1.131720
1.128680
1.122970
1.115220
1.106170
1.096480
1.086550
1.076580
1.066660
1.056810
1.047020
1.037290
1.027600
1.017950
1.008340
0.998762
0.989221
0.979719
0.970256
0.960836
0.951461
0.942132
0.932853
0.923627
0.914455
0.905341
0.896287
0.887296
0.878368
0.869506
0.860713
0.851988
0.843335
0.834753
0.826244
0.817809
0.809448
0.801163
0.792954
0.784822
0.776766
0.768788
0.760888
0.753066
0.745322
0.737656
0.730069
0.722561
0.715132
0.707780
0.700508
0.693313
0.686197
0.679158
0.672198
0.665315
0.658509
0.651780
0.645129
0.638553
0.632053
0.625629
0.619281
0.613007
0.606807
0.600681
0.594629
0.588649
0.582742
0.576906
0.571142
0.565449
0.559825
0.554271
0.548787
0.543370
0.538022
0.532740
0.527525
0.522376
0.517292
0.512273
0.507318
0.502427
0.497598
0.492831
0.488126
0.483481
0.478897
0.474372
0.469906
0.465498
0.461147
0.456853
0.452616
0.448433
0.444306
0.440233
0.436213
0.432246
0.428331
0.424467
0.420655
0.416893
0.413180
0.409516
0.405900
0.402332
0.398812
0.395337
0.391908
0.388525
0.385186
0.381890
0.378639
0.375429
0.372262
0.369137
0.366052
0.363008
0.360004
0.357039
0.354113
0.351224
0.348374
0.345560
0.342783
0.340042
0.337336
0.334666
0.332030
0.329427
0.326859
0.324323
0.321819
0.319348
0.316908
0.314499
0.312121
0.309773
0.307455
0.305166
0.302906
0.300674
0.298470
0.296294
0.294145
0.292023
0.289927
0.287857
0.285813
0.283794
0.281799
0.279829
0.277884
0.275962
0.274063
0.272188
0.270335
0.268505
0.266697
0.264910
0.263145
0.261401
0.259678
0.257975
0.256292
0.254630
0.252987
0.251363
0.249758
0.248172
0.246605
0.245055
0.243524
0.242011
0.240514
0.239035
0.237573
0.236128
0.234699
0.233287
0.231890
0.230509
0.229144
0.227794
0.226459
0.225139
0.223834
0.222543
0.221267
0.220004
0.218756
0.217521
0.216300
0.215092
0.213897
0.212715
0.211546
0.210389
0.209245
0.208113
0.206994
0.205886
0.204790
0.203705
0.202632
0.201570
0.200520
0.199480
0.198452
0.197434
0.196426
0.195429
0.194442
0.193466
0.192499
0.191542
0.190595
0.189658
0.188730
0.187811
0.186902
0.186002
0.185111
0.184229
0.183355
0.182491
0.181634
0.180787
0.179947
0.179116
0.178293
0.177478
0.176671
0.175872
0.175080
0.174296
0.173520
0.172751
0.171990
0.171236
0.170488
0.169749
0.169016
0.168289
0.167570
0.166858
0.166152
0.165453
0.164760
0.164074
0.163394
0.162720
0.162053
0.161391
0.160736
0.160087
0.159444
0.158806
0.158174
0.157548
0.156928
0.156313
0.155704
0.155100
0.154501
0.153908
0.153320
0.152737
0.152160
0.151587
0.151020
0.150457
0.149900
0.149347
0.148799
0.148256
0.147718
0.147184
0.146655
0.146130
0.145610
0.145094
0.144582
0.144075
0.143573
0.143074
0.142580
0.142090
0.141604
0.141122
0.140644
0.140170
0.139700
0.139234
0.138771
0.138313
0.137858
0.137407
0.136960
0.136516
0.136076
0.135640
0.135207
0.134778
0.134352
0.133929
0.133510
0.133095
0.132682
0.132273
0.131867
0.131465
0.131065
0.130669
0.130276
0.129886
0.129499
0.129115
0.128734
0.128356
0.127981
0.127609
0.127240
0.126874
0.126510
0.126150
0.125792
0.125436
0.125084
0.124734
0.124387
0.124043
0.123701
0.123362
0.123025
0.122691
0.122359
0.122030
0.121703
0.121379
0.121057
0.120738
0.120421
0.120106
0.119794
0.119484
0.119176
0.118871
0.118568
0.118267
0.117968
0.117671
0.117377
0.117085
0.116795
0.116507
0.116221
0.115937
0.115655
0.115375
0.115097
0.114822
0.114548
0.114276
0.114006
0.113738
0.113472
0.113208
0.112945
0.112685
0.112426
0.112169
0.111914
0.111661
0.111410
0.111160
0.110912
0.110666
0.110422
0.110179
0.109938
0.109698
0.109461
0.109224
0.108990
0.108757
0.108526
0.108296
0.108068
0.107841
0.107616
0.107393
0.107171
0.106951
0.106732
0.106514
0.106298
0.106084
0.105871
0.105659
0.105449
0.105240
0.105032
0.104826
0.104622
0.104418
0.104216
0.104016
0.103817
0.103619
0.103422
0.103227
0.103033
0.102840
0.102648
0.102458
0.102269
0.102081
0.101895
0.101710
0.101526
0.101343
0.101161
0.100980
0.100801
0.100623
0.100446
0.100270
0.100095
0.099922
0.099749
0.099578
0.099407
0.099238
0.099070
0.098903
0.098737
0.098572
0.098408
0.098245
0.098084
0.097923
0.097763
0.097604
0.097446
0.097290
0.097134
0.096979
0.096825
0.096673
0.096521
0.096370
0.096220
0.096071
0.095923
0.095775
0.095629
0.095484
0.095339
0.095196
0.095053
0.094911
0.094770
0.094630
0.094491
0.094353
0.094215
0.094079
0.093943
0.093808
0.093674
0.093540
0.093408
0.093276
0.093145
0.093015
0.092886
0.092758
0.092630
0.092503
0.092377
0.092251
0.092127
0.092003
0.091879
0.091757
0.091635
0.091514
0.091394
0.091275
0.091156
0.091038
0.090920
0.090804
0.090688
0.090572
0.090458
0.090344
0.090231
0.090118
0.090006
0.089895
0.089784
0.089675
0.089565
0.089457
0.089349
0.089241
0.089135
0.089028
0.088923
0.088818
0.088714
0.088610
0.088507
0.088405
0.088303
0.088202
0.088101
0.088001
0.087902
0.087803
0.087705
0.087607
0.087510
0.087413
0.087317
0.087222
0.087127
0.087032
0.086938
0.086845
0.086752
0.086660
0.086568
0.086477
0.086387
0.086297
0.086207
0.086118
0.086029
0.085941
0.085854
0.085767
0.085680
0.085594
0.085508
0.085423
0.085339
0.085254
0.085171
0.085088
0.085005
0.084923
0.084841
0.084760
0.084679
0.084598
0.084518
0.084439
0.084360
0.084281
0.084203
0.084126
0.084048
0.083971
0.083895
0.083819
0.083743
0.083668
0.083594
0.083519
0.083446
0.083372
0.083299
0.083226
0.083154
0.083082
0.083011
0.082940
0.082869
0.082799
0.082729
0.082659
0.082590
0.082522
0.082453
0.082386
0.082318
0.082251
0.082184
0.082117
0.082051
0.081986
0.081920
0.081855
0.081791
0.081726
0.081662
0.081599
0.081536
0.081473
0.081410
0.081348
0.081286
0.081225
0.081163
0.081103
0.081042
0.080982
0.080922
0.080862
0.080803
0.080745
0.080686
0.080628
0.080570
0.080512
0.080455
0.080398
0.080341
0.080285
0.080229
0.080173
0.080118
0.080062
0.080008
0.079953
0.079899
0.079845
0.079791
0.079738
0.079685
0.079632
0.079579
0.079527
0.079475
0.079423
0.079372
0.079321
0.079270
0.079219
0.079169
0.079119
0.079069
0.079020
0.078970
0.078922
0.078873
0.078824
0.078776
0.078728
0.078681
0.078633
0.078586
0.078539
0.078492
0.078446
0.078400
0.078354
0.078308
0.078263
0.078218
0.078173
0.078128
0.078083
0.078039
0.077995
0.077951
0.077908
0.077865
0.077821
0.077779
0.077736
0.077694
0.077651
0.077609
0.077568
0.077526
0.077485
0.077444
0.077403
0.077362
0.077322
0.077282
0.077242
0.077202
0.077162
0.077123
0.077084
0.077045
0.077006
0.076968
0.076929
0.076891
0.076853
0.076815
0.076778
0.076740
0.076703
0.076666
0.076629
0.076593
0.076557
0.076520
0.076484
0.076449
0.076413
0.076378
0.076342
0.076307
0.076272
0.076238
0.076203
0.076169
0.076135
0.076101
0.076067
0.076033
0.076000
0.075966
0.075933
0.075900
0.075868
0.075835
0.075802
0.075770
0.075738
0.075706
0.075675
0.075643
0.075611
0.075580
0.075549
0.075518
0.075487
0.075457
0.075426
0.075396
0.075366
0.075336
0.075306
0.075276
0.075247
0.075217
0.075188
0.075159
0.075130
0.075101
0.075073
0.075044
0.075016
0.074988
0.074960
0.074932
0.074904
0.074876
0.074849
0.074822
0.074794
0.074767
0.074741
0.074714
0.074687
0.074661
0.074634
0.074608
0.074582
0.074556
0.074530
0.074505
0.074479
0.074453
0.074428
0.074403
0.074378
0.074353
0.074328
0.074304
0.074279
0.074255
0.074230
0.074206
0.074182
0.074159
0.074135
0.074111
0.074088
0.074064
0.074041
0.074018
0.073995
0.073972
0.073949
0.073926
0.073903
0.073881
0.073859
0.073836
0.073814
0.073792
0.073770
0.073748
0.073727
0.073705
0.073684
0.073662
0.073641
0.073620
0.073599
0.073578
0.073557
0.073537
0.073516
0.073495
0.073475
0.073455
0.073435
0.073415
0.073395
0.073375
0.073355
0.073335
0.073316
0.073296
0.073277
0.073258
0.073238
0.073219
0.073200
0.073181
0.073162
0.073144
0.073125
0.073107
0.073088
0.073070
0.073052
0.073034
0.073016
0.072998
0.072980
0.072962
0.072944
0.072927
0.072909
0.072892
0.072874
0.072857
0.072840
0.072823
0.072806
0.072789
0.072772
0.072756
0.072739
0.072722
0.072706
0.072690
0.072673
0.072657
0.072641
0.072625
0.072609
0.072593
0.072577
0.072561
0.072546
0.072530
0.072515
0.072499
0.072484
0.072469
0.072453
0.072438
0.072423
0.072408
0.072393
0.072379
0.072364
0.072349
0.072335
0.072320
0.072306
0.072291
0.072277
0.072263
0.072249
0.072235
0.072221
0.072207
0.072193
0.072179
0.072165
0.072152
0.072138
0.072124
0.072111
0.072098
0.072084
0.072071
0.072058
0.072045
0.072032
0.072019
0.072006
0.071993
0.071980
0.071968
0.071955
0.071942
0.071930
0.071917
0.071905
0.071892
0.071880
0.071868
0.071856
0.071844
0.071832
0.071820
0.071808
0.071796
0.071784
0.071773
0.071761
0.071749
0.071738
0.071726
0.071715
0.071703
0.071692
0.071681
0.071669
0.071658
0.071647
0.071636
0.071625
0.071614
0.071603
0.071593
0.071582
0.071571
0.071560
0.071550
0.071539
0.071529
0.071518
0.071508
0.071498
0.071487
0.071477
0.071467
0.071457
0.071447
0.071437
0.071427
0.071417
0.071407
0.071397
0.071387
0.071377
0.071368
0.071358
0.071349
0.071339
0.071330
0.071320
0.071311
0.071301
0.071292
0.071358
0.071637
0.072300
0.073721
0.077121
0.269807
0.235566
0.221561
0.237591
0.278807
0.358561
0.474166
0.592568
0.697583
0.786108
0.859838
0.921090
0.971648
1.012800
1.045640
1.071250
1.090810
1.105480
1.116310
1.124090
1.129260
1.131860
1.131710
1.128670
1.122960
1.115210
1.106160
1.096470
1.086530
1.076560
1.066640
1.056790
1.047010
1.037270
1.027580
1.017930
1.008320
0.998744
0.989204
0.979701
0.970239
0.960819
0.951443
0.942115
0.932836
0.923610
0.914438
0.905324
0.896271
0.887279
0.878351
0.869490
0.860696
0.851972
0.843319
0.834737
0.826228
0.817793
0.809433
0.801148
0.792939
0.784807
0.776751
0.768773
0.760873
0.753051
0.745307
0.737641
0.730055
0.722547
0.715117
0.707767
0.700494
0.693299
0.686183
0.679145
0.672184
0.665301
0.658496
0.651767
0.645116
0.638540
0.632041
0.625617
0.619268
0.612994
0.606795
0.600669
0.594617
0.588637
0.582730
0.576895
0.571131
0.565437
0.559814
0.554260
0.548776
0.543359
0.538011
0.532729
0.527515
0.522366
0.517282
0.512263
0.507308
0.502417
0.497588
0.492821
0.488116
0.483472
0.478887
0.474362
0.469896
0.465488
0.461138
0.456844
0.452606
0.448424
0.444297
0.440223
0.436204
0.432237
0.428322
0.424459
0.420646
0.416884
0.413171
0.409508
0.405892
0.402324
0.398803
0.395329
0.391900
0.388517
0.385178
0.381883
0.378631
0.375422
0.372255
0.369130
0.366045
0.363001
0.359997
0.357032
0.354106
0.351218
0.348367
0.345554
0.342777
0.340036
0.337330
0.334660
0.332023
0.329421
0.326853
0.324317
0.321813
0.319342
0.316902
0.314494
0.312116
0.309768
0.307449
0.305161
0.302900
0.300669
0.298465
0.296289
0.294140
0.292018
0.289922
0.287852
0.285808
0.283789
0.281794
0.279825
0.277879
0.275957
0.274059
0.272183
0.270331
0.268500
0.266692
0.264906
0.263141
0.261397
0.259673
0.257971
0.256288
0.254626
0.252982
0.251359
0.249754
0.248168
0.246601
0.245052
0.243520
0.242007
0.240511
0.239032
0.237570
0.236124
0.234696
0.233283
0.231887
0.230506
0.229140
0.227791
0.226456
0.225136
0.223831
0.222540
0.221263
0.220001
0.218753
0.217518
0.216297
0.215089
0.213894
0.212712
0.211543
0.210386
0.209242
0.208110
0.206991
0.205883
0.204787
0.203702
0.202629
0.201568
0.200517
0.199478
0.198449
0.197431
0.196423
0.195426
0.194440
0.193463
0.192496
0.191540
0.190593
0.189655
0.188727
0.187809
0.186900
0.186000
0.185109
0.184226
0.183353
0.182488
0.181632
0.180784
0.179945
0.179114
0.178291
0.177476
0.176669
0.175870
0.175078
0.174294
0.173518
0.172749
0.171988
0.171234
0.170486
0.169747
0.169014
0.168288
0.167568
0.166856
0.166150
0.165451
0.164758
0.164072
0.163392
0.162718
0.162051
0.161390
0.160734
0.160085
0.159442
0.158804
0.158173
0.157546
0.156926
0.156311
0.155702
0.155098
0.154500
0.153906
0.153319
0.152736
0.152158
0.151586
0.151018
0.150456
0.149898
0.149346
0.148798
0.148255
0.147716
0.147182
0.146653
0.146128
0.145608
0.145092
0.144581
0.144074
0.143571
0.143073
0.142578
0.142088
0.141602
0.141120
0.140642
0.140168
0.139698
0.139232
0.138770
0.138312
0.137857
0.137406
0.136959
0.136515
0.136075
0.135639
0.135206
0.134777
0.134351
0.133928
0.133509
0.133093
0.132681
0.132272
0.131866
0.131464
0.131064
0.130668
0.130275
0.129885
0.129498
0.129114
0.128733
0.128355
0.127980
0.127608
0.127239
0.126873
0.126509
0.126148
0.125791
0.125435
0.125083
0.124733
0.124386
0.124042
0.123700
0.123361
0.123024
0.122690
0.122358
0.122029
0.121702
0.121378
0.121056
0.120737
0.120420
0.120105
0.119793
0.119483
0.119175
0.118870
0.118567
0.118266
0.117967
0.117671
0.117376
0.117084
0.116794
0.116506
0.116220
0.115936
0.115654
0.115374
0.115097
0.114821
0.114547
0.114275
0.114005
0.113737
0.113471
0.113207
0.112945
0.112684
0.112425
0.112169
0.111914
0.111661
0.111409
0.111159
0.110912
0.110665
0.110421
0.110178
0.109937
0.109698
0.109460
0.109224
0.108989
0.108756
0.108525
0.108295
0.108067
0.107841
0.107616
0.107392
0.107170
0.106950
0.106731
0.106513
0.106297
0.106083
0.105870
0.105658
0.105448
0.105239
0.105032
0.104826
0.104621
0.104418
0.104216
0.104015
0.103816
0.103618
0.103421
0.103226
0.103032
0.102839
0.102648
0.102458
0.102269
0.102081
0.101894
0.101709
0.101525
0.101342
0.101160
0.100980
0.100801
0.100622
0.100445
0.100269
0.100095
0.099921
0.099749
0.099577
0.099407
0.099238
0.099070
0.098902
0.098736
0.098571
0.098408
0.098245
0.098083
0.097922
0.097763
0.097604
0.097446
0.097289
0.097133
0.096979
0.096825
0.096672
0.096520
0.096369
0.096219
0.096070
0.095922
0.095775
0.095629
0.095483
0.095339
0.095195
0.095053
0.094911
0.094770
0.094630
0.094491
0.094352
0.094215
0.094078
0.093942
0.093807
0.093673
0.093540
0.093408
0.093276
0.093145
0.093015
0.092885
0.092757
0.092629
0.092502
0.092376
0.092251
0.092126
0.092002
0.091879
0.091757
0.091635
0.091514
0.091394
0.091274
0.091155
0.091037
0.090920
0.090803
0.090687
0.090572
0.090457
0.090344
0.090230
0.090118
0.090006
0.089895
0.089784
0.089674
0.089565
0.089456
0.089348
0.089241
0.089134
0.089028
0.088923
0.088818
0.088714
0.088610
0.088507
0.088404
0.088303
0.088202
0.088101
0.088001
0.087901
0.087803
0.087704
0.087606
0.087509
0.087413
0.087317
0.087221
0.087126
0.087032
0.086938
0.086845
0.086752
0.086660
0.086568
0.086477
0.086386
0.086296
0.086207
0.086117
0.086029
0.085941
0.085853
0.085766
0.085680
0.085594
0.085508
0.085423
0.085338
0.085254
0.085170
0.085087
0.085005
0.084922
0.084841
0.084759
0.084679
0.084598
0.084518
0.084439
0.084360
0.084281
0.084203
0.084125
0.084048
0.083971
0.083895
0.083819
0.083743
0.083668
0.083593
0.083519
0.083445
0.083372
0.083299
0.083226
0.083154
0.083082
0.083011
0.082939
0.082869
0.082799
0.082729
0.082659
0.082590
0.082521
0.082453
0.082385
0.082318
0.082250
0.082184
0.082117
0.082051
0.081985
0.081920
0.081855
0.081790
0.081726
0.081662
0.081598
0.081535
0.081472
0.081410
0.081348
0.081286
0.081224
0.081163
0.081102
0.081042
0.080982
0.080922
0.080862
0.080803
0.080744
0.080686
0.080627
0.080570
0.080512
0.080455
0.080398
0.080341
0.080284
0.080228
0.080173
0.080117
0.080062
0.080007
0.079953
0.079898
0.079844
0.079791
0.079737
0.079684
0.079632
0.079579
0.079527
0.079475
0.079423
0.079372
0.079321
0.079270
0.079219
0.079169
0.079119
0.079069
0.079020
0.078970
0.078921
0.078873
0.078824
0.078776
0.078728
0.078680
0.078633
0.078586
0.078539
0.078492
0.078446
0.078400
0.078354
0.078308
0.078262
0.078217
0.078172
0.078128
0.078083
0.078039
0.077995
0.077951
0.077908
0.077864
0.077821
0.077778
0.077736
0.077693
0.077651
0.077609
0.077568
0.077526
0.077485
0.077444
0.077403
0.077362
0.077322
0.077282
0.077241
0.077202
0.077162
0.077123
0.077084
0.077045
0.077006
0.076967
0.076929
0.076891
0.076853
0.076815
0.076778
0.076740
0.076703
0.076666
0.076629
0.076593
0.076556
0.076520
0.076484
0.076448
0.076413
0.076377
0.076342
0.076307
0.076272
0.076237
0.076203
0.076169
0.076134
0.076100
0.076066
0.076033
0.075999
0.075966
0.075933
0.075900
0.075867
0.075835
0.075802
0.075770
0.075738
0.075706
0.075674
0.075643
0.075611
0.075580
0.075549
0.075518
0.075487
0.075456
0.075426
0.075396
0.075366
0.075336
0.075306
0.075276
0.075247
0.075217
0.075188
0.075159
0.075130
0.075101
0.075073
0.075044
0.075016
0.074988
0.074960
0.074932
0.074904
0.074876
0.074849
0.074821
0.074794
0.074767
0.074740
0.074714
0.074687
0.074660
0.074634
0.074608
0.074582
0.074556
0.074530
0.074504
0.074479
0.074453
0.074428
0.074403
0.074378
0.074353
0.074328
0.074304
0.074279
0.074255
0.074230
0.074206
0.074182
0.074158
0.074135
0.074111
0.074087
0.074064
0.074041
0.074017
0.073994
0.073971
0.073949
0.073926
0.073903
0.073881
0.073858
0.073836
0.073814
0.073792
0.073770
0.073748
0.073727
0.073705
0.073684
0.073662
0.073641
0.073620
0.073599
0.073578
0.073557
0.073536
0.073516
0.073495
0.073475
0.073455
0.073434
0.073414
0.073394
0.073374
0.073355
0.073335
0.073316
0.073296
0.073277
0.073257
0.073238
0.073219
0.073200
0.073181
0.073162
0.073144
0.073125
0.073106
0.073088
0.073070
0.073052
0.073033
0.073015
0.072997
0.072980
0.072962
0.072944
0.072926
0.072909
0.072892
0.072874
0.072857
0.072840
0.072823
0.072806
0.072789
0.072772
0.072755
0.072739
0.072722
0.072706
0.072689
0.072673
0.072657
0.072641
0.072625
0.072609
0.072593
0.072577
0.072561
0.072546
0.072530
0.072514
0.072499
0.072484
0.072469
0.072453
0.072438
0.072423
0.072408
0.072393
0.072378
0.072364
0.072349
0.072334
0.072320
0.072306
0.072291
0.072277
0.072263
0.072248
0.072234
0.072220
0.072207
0.072193
0.072179
0.072165
0.072152
0.072138
0.072124
0.072111
0.072098
0.072084
0.072071
0.072058
0.072045
0.072032
0.072019
0.072006
0.071993
0.071980
0.071967
0.071955
0.071942
0.071930
0.071917
0.071905
0.071892
0.071880
0.071868
0.071856
0.071844
0.071832
0.071820
0.071808
0.071796
0.071784
0.071772
0.071761
0.071749
0.071737
0.071726
0.071715
0.071703
0.071692
0.071680
0.071669
0.071658
0.071647
0.071636
0.071625
0.071614
0.071603
0.071592
0.071582
0.071571
0.071560
0.071550
0.071539
0.071529
0.071518
0.071508
0.071497
0.071487
0.071477
0.071467
0.071456
0.071446
0.071436
0.071426
0.071417
0.071407
0.071397
0.071387
0.071377
0.071368
0.071358
0.071348
0.071339
0.071329
0.071320
0.071310
0.071301
0.071292
0.071358
0.071636
0.072300
0.073721
0.077119
0.269735
0.235507
0.221499
0.237519
0.278725
0.358504
0.474128
0.592543
0.697562
0.786088
0.859820
0.921073
0.971633
1.012790
1.045630
1.071240
1.090800
1.105470
1.116310
1.124090
1.129260
1.131860
1.131710
1.128670
1.122970
1.115210
1.106170
1.096480
1.086540
1.076570
1.066650
1.056800
1.047010
1.037280
1.027590
1.017940
1.008330
0.998752
0.989211
0.979709
0.970246
0.960826
0.951451
0.942122
0.932843
0.923617
0.914445
0.905332
0.896278
0.887286
0.878358
0.869497
0.860703
0.851979
0.843325
0.834744
0.826235
0.817800
0.809439
0.801154
0.792945
0.784813
0.776757
0.768779
0.760879
0.753057
0.745313
0.737647
0.730061
0.722553
0.715124
0.707773
0.700500
0.693305
0.686189
0.679150
0.672190
0.665307
0.658501
0.651773
0.645121
0.638545
0.632046
0.625622
0.619273
0.612999
0.606800
0.600674
0.594622
0.588642
0.582735
0.576899
0.571135
0.565442
0.559819
0.554265
0.548780
0.543364
0.538015
0.532734
0.527519
0.522370
0.517286
0.512267
0.507312
0.502421
0.497592
0.492825
0.488120
0.483476
0.478891
0.474366
0.469900
0.465492
0.461141
0.456847
0.452610
0.448428
0.444300
0.440227
0.436207
0.432240
0.428325
0.424462
0.420649
0.416887
0.413174
0.409511
0.405895
0.402327
0.398806
0.395332
0.391903
0.388520
0.385181
0.381886
0.378634
0.375425
0.372258
0.369132
0.366048
0.363004
0.360000
0.357035
0.354108
0.351220
0.348370
0.345556
0.342779
0.340038
0.337333
0.334662
0.332026
0.329424
0.326855
0.324319
0.321816
0.319344
0.316905
0.314496
0.312118
0.309770
0.307452
0.305163
0.302902
0.300671
0.298467
0.296291
0.294142
0.292019
0.289924
0.287854
0.285809
0.283790
0.281796
0.279826
0.277881
0.275959
0.274060
0.272185
0.270332
0.268502
0.266694
0.264907
0.263142
0.261398
0.259675
0.257972
0.256289
0.254627
0.252984
0.251360
0.249755
0.248169
0.246602
0.245053
0.243521
0.242008
0.240512
0.239033
0.237571
0.236126
0.234697
0.233284
0.231888
0.230507
0.229142
0.227792
0.226457
0.225137
0.223832
0.222541
0.221265
0.220002
0.218754
0.217519
0.216298
0.215090
0.213895
0.212713
0.211544
0.210387
0.209243
0.208111
0.206992
0.205884
0.204788
0.203703
0.202630
0.201569
0.200518
0.199478
0.198450
0.197432
0.196424
0.195427
0.194440
0.193464
0.192497
0.191540
0.190593
0.189656
0.188728
0.187810
0.186900
0.186000
0.185109
0.184227
0.183354
0.182489
0.181633
0.180785
0.179946
0.179114
0.178291
0.177476
0.176669
0.175870
0.175079
0.174295
0.173519
0.172750
0.171988
0.171234
0.170487
0.169747
0.169014
0.168288
0.167569
0.166856
0.166150
0.165451
0.164759
0.164072
0.163392
0.162719
0.162051
0.161390
0.160735
0.160086
0.159442
0.158805
0.158173
0.157547
0.156926
0.156312
0.155702
0.155098
0.154500
0.153907
0.153319
0.152736
0.152159
0.151586
0.151019
0.150456
0.149899
0.149346
0.148798
0.148255
0.147716
0.147183
0.146653
0.146129
0.145608
0.145093
0.144581
0.144074
0.143572
0.143073
0.142579
0.142089
0.141603
0.141121
0.140643
0.140169
0.139699
0.139233
0.138770
0.138312
0.137857
0.137406
0.136959
0.136515
0.136075
0.135639
0.135206
0.134777
0.134351
0.133928
0.133509
0.133094
0.132681
0.132272
0.131866
0.131464
0.131064
0.130668
0.130275
0.129885
0.129498
0.129114
0.128733
0.128355
0.127980
0.127608
0.127239
0.126873
0.126509
0.126149
0.125791
0.125436
0.125083
0.124733
0.124386
0.124042
0.123700
0.123361
0.123024
0.122690
0.122358
0.122029
0.121703
0.121378
0.121057
0.120737
0.120420
0.120106
0.119793
0.119483
0.119176
0.118870
0.118567
0.118266
0.117967
0.117671
0.117376
0.117084
0.116794
0.116506
0.116220
0.115936
0.115654
0.115374
0.115097
0.114821
0.114547
0.114275
0.114005
0.113737
0.113471
0.113207
0.112945
0.112684
0.112426
0.112169
0.111914
0.111661
0.111409
0.111159
0.110912
0.110665
0.110421
0.110178
0.109937
0.109698
0.109460
0.109224
0.108989
0.108756
0.108525
0.108295
0.108067
0.107841
0.107616
0.107392
0.107170
0.106950
0.106731
0.106514
0.106298
0.106083
0.105870
0.105658
0.105448
0.105239
0.105032
0.104826
0.104621
0.104418
0.104216
0.104015
0.103816
0.103618
0.103421
0.103226
0.103032
0.102839
0.102648
0.102458
0.102269
0.102081
0.101894
0.101709
0.101525
0.101342
0.101160
0.100980
0.100801
0.100622
0.100445
0.100269
0.100095
0.099921
0.099749
0.099577
0.099407
0.099238
0.099070
0.098902
0.098737
0.098571
0.098408
0.098245
0.098083
0.097922
0.097763
0.097604
0.097446
0.097289
0.097133
0.096979
0.096825
0.096672
0.096520
0.096369
0.096219
0.096070
0.095922
0.095775
0.095629
0.095483
0.095339
0.095195
0.095053
0.094911
0.094770
0.094630
0.094491
0.094352
0.094215
0.094078
0.093942
0.093807
0.093673
0.093540
0.093408
0.093276
0.093145
0.093015
0.092885
0.092757
0.092629
0.092502
0.092376
0.092251
0.092126
0.092002
0.091879
0.091757
0.091635
0.091514
0.091394
0.091274
0.091155
0.091037
0.090920
0.090803
0.090687
0.090572
0.090457
0.090344
0.090230
0.090118
0.090006
0.089895
0.089784
0.089674
0.089565
0.089456
0.089348
0.089241
0.089134
0.089028
0.088923
0.088818
0.088714
0.088610
0.088507
0.088404
0.088303
0.088201
0.088101
0.088001
0.087901
0.087803
0.087704
0.087606
0.087509
0.087413
0.087317
0.087221
0.087126
0.087032
0.086938
0.086845
0.086752
0.086660
0.086568
0.086477
0.086386
0.086296
0.086207
0.086117
0.086029
0.085941
0.085853
0.085766
0.085680
0.085594
0.085508
0.085423
0.085338
0.085254
0.085170
0.085087
0.085005
0.084922
0.084841
0.084759
0.084678
0.084598
0.084518
0.084439
0.084360
0.084281
0.084203
0.084125
0.084048
0.083971
0.083895
0.083819
0.083743
0.083668
0.083593
0.083519
0.083445
0.083372
0.083299
0.083226
0.083154
0.083082
0.083010
0.082939
0.082869
0.082798
0.082729
0.082659
0.082590
0.082521
0.082453
0.082385
0.082318
0.082250
0.082184
0.082117
0.082051
0.081985
0.081920
0.081855
0.081790
0.081726
0.081662
0.081598
0.081535
0.081472
0.081410
0.081348
0.081286
0.081224
0.081163
0.081102
0.081042
0.080982
0.080922
0.080862
0.080803
0.080744
0.080686
0.080627
0.080569
0.080512
0.080454
0.080398
0.080341
0.080284
0.080228
0.080173
0.080117
0.080062
0.080007
0.079953
0.079898
0.079844
0.079791
0.079737
0.079684
0.079632
0.079579
0.079527
0.079475
0.079423
0.079372
0.079321
0.079270
0.079219
0.079169
0.079119
0.079069
0.079019
0.078970
0.078921
0.078872
0.078824
0.078776
0.078728
0.078680
0.078633
0.078586
0.078539
0.078492
0.078446
0.078399
0.078354
0.078308
0.078262
0.078217
0.078172
0.078128
0.078083
0.078039
0.077995
0.077951
0.077908
0.077864
0.077821
0.077778
0.077736
0.077693
0.077651
0.077609
0.077567
0.077526
0.077485
0.077443
0.077403
0.077362
0.077322
0.077281
0.077241
0.077202
0.077162
0.077123
0.077083
0.077045
0.077006
0.076967
0.076929
0.076891
0.076853
0.076815
0.076777
0.076740
0.076703
0.076666
0.076629
0.076593
0.076556
0.076520
0.076484
0.076448
0.076413
0.076377
0.076342
0.076307
0.076272
0.076237
0.076203
0.076168
0.076134
0.076100
0.076066
0.076033
0.075999
0.075966
0.075933
0.075900
0.075867
0.075835
0.075802
0.075770
0.075738
0.075706
0.075674
0.075643
0.075611
0.075580
0.075549
0.075518
0.075487
0.075456
0.075426
0.075396
0.075366
0.075335
0.075306
0.075276
0.075246
0.075217
0.075188
0.075159
0.075130
0.075101
0.075073
0.075044
0.075016
0.074987
0.074959
0.074931
0.074904
0.074876
0.074849
0.074821
0.074794
0.074767
0.074740
0.074714
0.074687
0.074660
0.074634
0.074608
0.074582
0.074556
0.074530
0.074504
0.074479
0.074453
0.074428
0.074403
0.074378
0.074353
0.074328
0.074304
0.074279
0.074255
0.074230
0.074206
0.074182
0.074158
0.074134
0.074111
0.074087
0.074064
0.074040
0.074017
0.073994
0.073971
0.073949
0.073926
0.073903
0.073881
0.073858
0.073836
0.073814
0.073792
0.073770
0.073748
0.073727
0.073705
0.073684
0.073662
0.073641
0.073620
0.073599
0.073578
0.073557
0.073536
0.073516
0.073495
0.073475
0.073455
0.073434
0.073414
0.073394
0.073374
0.073355
0.073335
0.073315
0.073296
0.073277
0.073257
0.073238
0.073219
0.073200
0.073181
0.073162
0.073144
0.073125
0.073106
0.073088
0.073070
0.073051
0.073033
0.073015
0.072997
0.072980
0.072962
0.072944
0.072926
0.072909
0.072891
0.072874
0.072857
0.072840
0.072823
0.072806
0.072789
0.072772
0.072755
0.072739
0.072722
0.072706
0.072689
0.072673
0.072657
0.072641
0.072625
0.072609
0.072593
0.072577
0.072561
0.072545
0.072530
0.072514
0.072499
0.072484
0.072468
0.072453
0.072438
0.072423
0.072408
0.072393
0.072378
0.072364
0.072349
0.072334
0.072320
0.072305
0.072291
0.072277
0.072263
0.072248
0.072234
0.072220
0.072206
0.072193
0.072179
0.072165
0.072151
0.072138
0.072124
0.072111
0.072098
0.072084
0.072071
0.072058
0.072045
0.072032
0.072019
0.072006
0.071993
0.071980
0.071967
0.071955
0.071942
0.071930
0.071917
0.071905
0.071892
0.071880
0.071868
0.071856
0.071844
0.071832
0.071820
0.071808
0.071796
0.071784
0.071772
0.071761
0.071749
0.071737
0.071726
0.071714
0.071703
0.071692
0.071680
0.071669
0.071658
0.071647
0.071636
0.071625
0.071614
0.071603
0.071592
0.071582
0.071571
0.071560
0.071550
0.071539
0.071529
0.071518
0.071508
0.071497
0.071487
0.071477
0.071467
0.071456
0.071446
0.071436
0.071426
0.071416
0.071406
0.071397
0.071387
0.071377
0.071368
0.071358
0.071348
0.071339
0.071329
0.071320
0.071310
0.071301
0.071292
