6.401160
6.401150
6.401130
6.401100
6.401090
6.401140
6.404350
6.405110
6.405120
6.405070
6.405010
6.404950
6.404900
6.404850
6.404800
6.404750
6.404710
6.404660
6.404620
6.404590
6.404550
6.404520
6.404490
6.404460
6.404440
6.404420
6.404400
6.404380
6.404370
6.404360
6.404360
6.404360
6.404370
6.404380
6.404390
6.404410
6.404430
6.404450
6.404480
6.404510
6.404540
6.404570
6.404610
6.404640
6.404680
6.404720
6.404760
6.404800
6.404840
6.404890
6.404930
6.404980
6.405020
6.405070
6.405120
6.405160
6.405210
6.405260
6.405310
6.405360
6.405410
6.405460
6.405510
6.405560
6.405620
6.405670
6.405720
6.405770
6.405820
6.405870
6.405930
6.405980
6.406030
6.406080
6.406130
6.406180
6.406230
6.406280
6.406330
6.406380
6.406430
6.406480
6.406530
6.406580
6.406630
6.406670
6.406720
6.406770
6.406810
6.406860
6.406900
6.406950
6.406990
6.407040
6.407080
6.407120
6.407170
6.407210
6.407250
6.407290
6.407330
6.407370
6.407410
6.407450
6.407490
6.407520
6.407560
6.407600
6.407630
6.407670
6.407700
6.407740
6.407770
6.407810
6.407840
6.407870
6.407910
6.407940
6.407970
6.408000
6.408030
6.408060
6.408090
6.408120
6.408150
6.408180
6.408210
6.408230
6.408260
6.408290
6.408310
6.408340
6.408370
6.408390
6.408420
6.408440
6.408460
6.408490
6.408510
6.408530
6.408560
6.408580
6.408600
6.408620
6.408640
6.408660
6.408680
6.408700
6.408720
6.408740
6.408760
6.408780
6.408800
6.408820
6.408830
6.408850
6.408870
6.408890
6.408900
6.408920
6.408930
6.408950
6.408970
6.408980
6.409000
6.409010
6.409030
6.409040
6.409050
6.409070
6.409080
6.409090
6.409110
6.409120
6.409130
6.409140
6.409150
6.409170
6.409180
6.409190
6.409200
6.409210
6.409220
6.409230
6.409240
6.409250
6.409260
6.409270
6.409280
6.409290
6.409300
6.409310
6.409310
6.409320
6.409330
6.409340
6.409350
6.409350
6.409360
6.409370
6.409370
6.409380
6.409390
6.409390
6.409400
6.409410
6.409410
6.409420
6.409420
6.409430
6.409430
6.409440
6.409440
6.409450
6.409450
6.409460
6.409460
6.409470
6.409470
6.409470
6.409480
6.409480
6.409480
6.409490
6.409490
6.409490
6.409500
6.409500
6.409500
6.409500
6.409510
6.409510
6.409510
6.409510
6.409510
6.409520
6.409520
6.409520
6.409520
6.409520
6.409520
6.409520
6.409520
6.409520
6.409530
6.409530
6.409530
6.409530
6.409530
6.409530
6.409530
6.409530
6.409530
6.409530
6.409530
6.409520
6.409520
6.409520
6.409520
6.409520
6.409520
6.409520
6.409520
6.409520
6.409510
6.409510
6.409510
6.409510
6.409510
6.409510
6.409500
6.409500
6.409500
6.409500
6.409500
6.409490
6.409490
6.409490
6.409490
6.409480
6.409480
6.409480
6.409470
6.409470
6.409470
6.409460
6.409460
6.409460
6.409450
6.409450
6.409450
6.409440
6.409440
6.409440
6.409430
6.409430
6.409420
6.409420
6.409420
6.409410
6.409410
6.409400
6.409400
6.409390
6.409390
6.409380
6.409380
6.409370
6.409370
6.409370
6.409360
6.409360
6.409350
6.409350
6.409340
6.409330
6.409330
6.409320
6.409320
6.409310
6.409310
6.409300
6.409300
6.409290
6.409280
6.409280
6.409270
6.409270
6.409260
6.409250
6.409250
6.409240
6.409240
6.409230
6.409220
6.409220
6.409210
6.409200
6.409200
6.409190
6.409190
6.409180
6.409170
6.409170
6.409160
6.409150
6.409140
6.409140
6.409130
6.409120
6.409120
6.409110
6.409100
6.409100
6.409090
6.409080
6.409070
6.409070
6.409060
6.409050
6.409040
6.409040
6.409030
6.409020
6.409010
6.409010
6.409000
6.408990
6.408980
6.408970
6.408970
6.408960
6.408950
6.408940
6.408930
6.408930
6.408920
6.408910
6.408900
6.408890
6.408890
6.408880
6.408870
6.408860
6.408850
6.408840
6.408840
6.408830
6.408820
6.408810
6.408800
6.408790
6.408780
6.408780
6.408770
6.408760
6.408750
6.408740
6.408730
6.408720
6.408710
6.408700
6.408700
6.408690
6.408680
6.408670
6.408660
6.408650
6.408640
6.408630
6.408620
6.408610
6.408600
6.408590
6.408590
6.408580
6.408570
6.408560
6.408550
6.408540
6.408530
6.408520
6.408510
6.408500
6.408490
6.408480
6.408470
6.408460
6.408450
6.408440
6.408430
6.408420
6.408410
6.408400
6.408390
6.408380
6.408370
6.408360
6.408350
6.408340
6.408330
6.408320
6.408310
6.408300
6.408290
6.408280
6.408270
6.408260
6.408250
6.408240
6.408230
6.408220
6.408210
6.408200
6.408190
6.408180
6.408170
6.408160
6.408150
6.408140
6.408130
6.408120
6.408110
6.408100
6.408090
6.408080
6.408060
6.408050
6.408040
6.408030
6.408020
6.408010
6.408000
6.407990
6.407980
6.407970
6.407960
6.407950
6.407940
6.407930
6.407910
6.407900
6.407890
6.407880
6.407870
6.407860
6.407850
6.407840
6.407830
6.407820
6.407810
6.407790
6.407780
6.407770
6.407760
6.407750
6.407740
6.407730
6.407720
6.407710
6.407690
6.407680
6.407670
6.407660
6.407650
6.407640
6.407630
6.407620
6.407600
6.407590
6.407580
6.407570
6.407560
6.407550
6.407540
6.407520
6.407510
6.407500
6.407490
6.407480
6.407470
6.407460
6.407440
6.407430
6.407420
6.407410
6.407400
6.407390
6.407380
6.407360
6.407350
6.407340
6.407330
6.407320
6.407310
6.407290
6.407280
6.407270
6.407260
6.407250
6.407240
6.407220
6.407210
6.407200
6.407190
6.407180
6.407160
6.407150
6.407140
6.407130
6.407120
6.407100
6.407090
6.407080
6.407070
6.407060
6.407050
6.407030
6.407020
6.407010
6.407000
6.406990
6.406970
6.406960
6.406950
6.406940
6.406930
6.406910
6.406900
6.406890
6.406880
6.406860
6.406850
6.406840
6.406830
6.406820
6.406800
6.406790
6.406780
6.406770
6.406760
6.406740
6.406730
6.406720
6.406710
6.406690
6.406680
6.406670
6.406660
6.406640
6.406630
6.406620
6.406610
6.406600
6.406580
6.406570
6.406560
6.406550
6.406530
6.406520
6.406510
6.406500
6.406480
6.406470
6.406460
6.406450
6.406430
6.406420
6.406410
6.406400
6.406380
6.406370
6.406360
6.406350
6.406330
6.406320
6.406310
6.406300
6.406280
6.406270
6.406260
6.406250
6.406230
6.406220
6.406210
6.406200
6.406180
6.406170
6.406160
6.406150
6.406130
6.406120
6.406110
6.406100
6.406080
6.406070
6.406060
6.406040
6.406030
6.406020
6.406010
6.405990
6.405980
6.405970
6.405960
6.405940
6.405930
6.405920
6.405900
6.405890
6.405880
6.405870
6.405850
6.405840
6.405830
6.405810
6.405800
6.405790
6.405780
6.405760
6.405750
6.405740
6.405730
6.405710
6.405700
6.405690
6.405670
6.405660
6.405650
6.405630
6.405620
6.405610
6.405600
6.405580
6.405570
6.405560
6.405540
6.405530
6.405520
6.405510
6.405490
6.405480
6.405470
6.405450
6.405440
6.405430
6.405410
6.405400
6.405390
6.405380
6.405360
6.405350
6.405340
6.405320
6.405310
6.405300
6.405280
6.405270
6.405260
6.405240
6.405230
6.405220
6.405210
6.405190
6.405180
6.405170
6.405150
6.405140
6.405130
6.405110
6.405100
6.405090
6.405070
6.405060
6.405050
6.405030
6.405020
6.405010
6.405000
6.404980
6.404970
6.404960
6.404940
6.404930
6.404920
6.404900
6.404890
6.404880
6.404860
6.404850
6.404840
6.404820
6.404810
6.404800
6.404780
6.404770
6.404760
6.404740
6.404730
6.404720
6.404700
6.404690
6.404680
6.404660
6.404650
6.404640
6.404620
6.404610
6.404600
6.404580
6.404570
6.404560
6.404540
6.404530
6.404520
6.404510
6.404490
6.404480
6.404460
6.404450
6.404440
6.404420
6.404410
6.404400
6.404380
6.404370
6.404360
6.404340
6.404330
6.404320
6.404300
6.404290
6.404280
6.404260
6.404250
6.404240
6.404220
6.404210
6.404200
6.404180
6.404170
6.404160
6.404140
6.404130
6.404120
6.404100
6.404090
6.404080
6.404060
6.404050
6.404040
6.404020
6.404010
6.404000
6.403980
6.403970
6.403960
6.403940
6.403930
6.403920
6.403900
6.403890
6.403870
6.403860
6.403850
6.403830
6.403820
6.403810
6.403790
6.403780
6.403770
6.403750
6.403740
6.403730
6.403710
6.403700
6.403690
6.403670
6.403660
6.403640
6.403630
6.403620
6.403600
6.403590
6.403580
6.403560
6.403550
6.403540
6.403520
6.403510
6.403500
6.403480
6.403470
6.403460
6.403440
6.403430
6.403410
6.403400
6.403390
6.403370
6.403360
6.403350
6.403330
6.403320
6.403310
6.403290
6.403280
6.403260
6.403250
6.403240
6.403220
6.403210
6.403200
6.403180
6.403170
6.403160
6.403140
6.403130
6.403110
6.403100
6.403090
6.403070
6.403060
6.403050
6.403030
6.403020
6.403010
6.402990
6.402980
6.402960
6.402950
6.402940
6.402920
6.402910
6.402900
6.402880
6.402870
6.402860
6.402840
6.402830
6.402810
6.402800
6.402790
6.402770
6.402760
6.402750
6.402730
6.402720
6.402700
6.402690
6.402680
6.402660
6.402650
6.402640
6.402620
6.402610
6.402600
6.402580
6.402570
6.402550
6.402540
6.402530
6.402510
6.402500
6.402490
6.402470
6.402460
6.402440
6.402430
6.402420
6.402400
6.402390
6.402380
6.402360
6.402350
6.402330
6.402320
6.402310
6.402290
6.402280
6.402270
6.402250
6.402240
6.402220
6.402210
6.402200
6.402180
6.402170
6.402160
6.402140
6.402130
6.402110
6.402100
6.402090
6.402070
6.402060
6.402050
6.402030
6.402020
6.402000
6.401990
6.401980
6.401960
6.401950
6.401940
6.401920
6.401910
6.401890
6.401880
6.401870
6.401850
6.401840
6.401820
6.401810
6.401800
6.401780
6.401770
6.401760
6.401740
6.401730
6.401710
6.401700
6.401690
6.401670
6.401660
6.401650
6.401630
6.401620
6.401600
6.401590
6.401580
6.401560
6.401550
6.401530
6.401520
6.401510
6.401490
6.401480
6.401470
6.401450
6.401440
6.401420
6.401410
6.401400
6.401380
6.401370
6.401360
6.401340
6.401330
6.401310
6.401300
6.401290
6.401270
6.401260
6.401240
6.401230
6.401220
6.401200
6.401190
6.401170
6.401160
6.401150
6.401130
6.401100
6.401090
6.401140
6.404350
6.405110
6.405120
6.405070
6.405010
6.404950
6.404900
6.404850
6.404800
6.404750
6.404710
6.404660
6.404620
6.404590
6.404550
6.404520
6.404490
6.404460
6.404440
6.404420
6.404400
6.404380
6.404370
6.404360
6.404360
6.404360
6.404370
6.404380
6.404390
6.404410
6.404430
6.404450
6.404480
6.404510
6.404540
6.404570
6.404610
6.404640
6.404680
6.404720
6.404760
6.404800
6.404840
6.404890
6.404930
6.404980
6.405020
6.405070
6.405120
6.405160
6.405210
6.405260
6.405310
6.405360
6.405410
6.405460
6.405510
6.405560
6.405620
6.405670
6.405720
6.405770
6.405820
6.405870
6.405930
6.405980
6.406030
6.406080
6.406130
6.406180
6.406230
6.406280
6.406330
6.406380
6.406430
6.406480
6.406530
6.406580
6.406630
6.406670
6.406720
6.406770
6.406810
6.406860
6.406900
6.406950
6.406990
6.407040
6.407080
6.407120
6.407170
6.407210
6.407250
6.407290
6.407330
6.407370
6.407410
6.407450
6.407490
6.407520
6.407560
6.407600
6.407630
6.407670
6.407700
6.407740
6.407770
6.407810
6.407840
6.407870
6.407910
6.407940
6.407970
6.408000
6.408030
6.408060
6.408090
6.408120
6.408150
6.408180
6.408210
6.408230
6.408260
6.408290
6.408310
6.408340
6.408370
6.408390
6.408420
6.408440
6.408460
6.408490
6.408510
6.408530
6.408560
6.408580
6.408600
6.408620
6.408640
6.408660
6.408680
6.408700
6.408720
6.408740
6.408760
6.408780
6.408800
6.408820
6.408830
6.408850
6.408870
6.408890
6.408900
6.408920
6.408930
6.408950
6.408970
6.408980
6.409000
6.409010
6.409030
6.409040
6.409050
6.409070
6.409080
6.409090
6.409110
6.409120
6.409130
6.409140
6.409150
6.409170
6.409180
6.409190
6.409200
6.409210
6.409220
6.409230
6.409240
6.409250
6.409260
6.409270
6.409280
6.409290
6.409300
6.409310
6.409310
6.409320
6.409330
6.409340
6.409350
6.409350
6.409360
6.409370
6.409370
6.409380
6.409390
6.409390
6.409400
6.409410
6.409410
6.409420
6.409420
6.409430
6.409430
6.409440
6.409440
6.409450
6.409450
6.409460
6.409460
6.409470
6.409470
6.409470
6.409480
6.409480
6.409480
6.409490
6.409490
6.409490
6.409500
6.409500
6.409500
6.409500
6.409510
6.409510
6.409510
6.409510
6.409510
6.409520
6.409520
6.409520
6.409520
6.409520
6.409520
6.409520
6.409520
6.409520
6.409530
6.409530
6.409530
6.409530
6.409530
6.409530
6.409530
6.409530
6.409530
6.409530
6.409530
6.409520
6.409520
6.409520
6.409520
6.409520
6.409520
6.409520
6.409520
6.409520
6.409510
6.409510
6.409510
6.409510
6.409510
6.409510
6.409500
6.409500
6.409500
6.409500
6.409500
6.409490
6.409490
6.409490
6.409490
6.409480
6.409480
6.409480
6.409470
6.409470
6.409470
6.409460
6.409460
6.409460
6.409450
6.409450
6.409450
6.409440
6.409440
6.409440
6.409430
6.409430
6.409420
6.409420
6.409420
6.409410
6.409410
6.409400
6.409400
6.409390
6.409390
6.409380
6.409380
6.409370
6.409370
6.409370
6.409360
6.409360
6.409350
6.409340
6.409340
6.409330
6.409330
6.409320
6.409320
6.409310
6.409310
6.409300
6.409300
6.409290
6.409280
6.409280
6.409270
6.409270
6.409260
6.409250
6.409250
6.409240
6.409240
6.409230
6.409220
6.409220
6.409210
6.409200
6.409200
6.409190
6.409190
6.409180
6.409170
6.409160
6.409160
6.409150
6.409140
6.409140
6.409130
6.409120
6.409120
6.409110
6.409100
6.409100
6.409090
6.409080
6.409070
6.409070
6.409060
6.409050
6.409040
6.409040
6.409030
6.409020
6.409010
6.409010
6.409000
6.408990
6.408980
6.408970
6.408970
6.408960
6.408950
6.408940
6.408930
6.408930
6.408920
6.408910
6.408900
6.408890
6.408890
6.408880
6.408870
6.408860
6.408850
6.408840
6.408840
6.408830
6.408820
6.408810
6.408800
6.408790
6.408780
6.408770
6.408770
6.408760
6.408750
6.408740
6.408730
6.408720
6.408710
6.408700
6.408700
6.408690
6.408680
6.408670
6.408660
6.408650
6.408640
6.408630
6.408620
6.408610
6.408600
6.408590
6.408580
6.408580
6.408570
6.408560
6.408550
6.408540
6.408530
6.408520
6.408510
6.408500
6.408490
6.408480
6.408470
6.408460
6.408450
6.408440
6.408430
6.408420
6.408410
6.408400
6.408390
6.408380
6.408370
6.408360
6.408350
6.408340
6.408330
6.408320
6.408310
6.408300
6.408290
6.408280
6.408270
6.408260
6.408250
6.408240
6.408230
6.408220
6.408210
6.408200
6.408190
6.408180
6.408170
6.408160
6.408150
6.408140
6.408130
6.408120
6.408110
6.408100
6.408090
6.408080
6.408060
6.408050
6.408040
6.408030
6.408020
6.408010
6.408000
6.407990
6.407980
6.407970
6.407960
6.407950
6.407940
6.407930
6.407910
6.407900
6.407890
6.407880
6.407870
6.407860
6.407850
6.407840
6.407830
6.407820
6.407810
6.407790
6.407780
6.407770
6.407760
6.407750
6.407740
6.407730
6.407720
6.407710
6.407690
6.407680
6.407670
6.407660
6.407650
6.407640
6.407630
6.407620
6.407600
6.407590
6.407580
6.407570
6.407560
6.407550
6.407540
6.407520
6.407510
6.407500
6.407490
6.407480
6.407470
6.407460
6.407440
6.407430
6.407420
6.407410
6.407400
6.407390
6.407380
6.407360
6.407350
6.407340
6.407330
6.407320
6.407310
6.407290
6.407280
6.407270
6.407260
6.407250
6.407230
6.407220
6.407210
6.407200
6.407190
6.407180
6.407160
6.407150
6.407140
6.407130
6.407120
6.407100
6.407090
6.407080
6.407070
6.407060
6.407050
6.407030
6.407020
6.407010
6.407000
6.406990
6.406970
6.406960
6.406950
6.406940
6.406930
6.406910
6.406900
6.406890
6.406880
6.406860
6.406850
6.406840
6.406830
6.406820
6.406800
6.406790
6.406780
6.406770
6.406760
6.406740
6.406730
6.406720
6.406710
6.406690
6.406680
6.406670
6.406660
6.406640
6.406630
6.406620
6.406610
6.406600
6.406580
6.406570
6.406560
6.406550
6.406530
6.406520
6.406510
6.406500
6.406480
6.406470
6.406460
6.406450
6.406430
6.406420
6.406410
6.406400
6.406380
6.406370
6.406360
6.406350
6.406330
6.406320
6.406310
6.406300
6.406280
6.406270
6.406260
6.406250
6.406230
6.406220
6.406210
6.406200
6.406180
6.406170
6.406160
6.406150
6.406130
6.406120
6.406110
6.406100
6.406080
6.406070
6.406060
6.406040
6.406030
6.406020
6.406010
6.405990
6.405980
6.405970
6.405960
6.405940
6.405930
6.405920
6.405900
6.405890
6.405880
6.405870
6.405850
6.405840
6.405830
6.405810
6.405800
6.405790
6.405780
6.405760
6.405750
6.405740
6.405720
6.405710
6.405700
6.405690
6.405670
6.405660
6.405650
6.405630
6.405620
6.405610
6.405600
6.405580
6.405570
6.405560
6.405540
6.405530
6.405520
6.405510
6.405490
6.405480
6.405470
6.405450
6.405440
6.405430
6.405410
6.405400
6.405390
6.405380
6.405360
6.405350
6.405340
6.405320
6.405310
6.405300
6.405280
6.405270
6.405260
6.405240
6.405230
6.405220
6.405210
6.405190
6.405180
6.405170
6.405150
6.405140
6.405130
6.405110
6.405100
6.405090
6.405070
6.405060
6.405050
6.405030
6.405020
6.405010
6.405000
6.404980
6.404970
6.404960
6.404940
6.404930
6.404920
6.404900
6.404890
6.404880
6.404860
6.404850
6.404840
6.404820
6.404810
6.404800
6.404780
6.404770
6.404760
6.404740
6.404730
6.404720
6.404700
6.404690
6.404680
6.404660
6.404650
6.404640
6.404620
6.404610
6.404600
6.404580
6.404570
6.404560
6.404540
6.404530
6.404520
6.404500
6.404490
6.404480
6.404460
6.404450
6.404440
6.404420
6.404410
6.404400
6.404380
6.404370
6.404360
6.404340
6.404330
6.404320
6.404300
6.404290
6.404280
6.404260
6.404250
6.404240
6.404220
6.404210
6.404200
6.404180
6.404170
6.404160
6.404140
6.404130
6.404120
6.404100
6.404090
6.404080
6.404060
6.404050
6.404040
6.404020
6.404010
6.404000
6.403980
6.403970
6.403960
6.403940
6.403930
6.403910
6.403900
6.403890
6.403870
6.403860
6.403850
6.403830
6.403820
6.403810
6.403790
6.403780
6.403770
6.403750
6.403740
6.403730
6.403710
6.403700
6.403690
6.403670
6.403660
6.403640
6.403630
6.403620
6.403600
6.403590
6.403580
6.403560
6.403550
6.403540
6.403520
6.403510
6.403500
6.403480
6.403470
6.403450
6.403440
6.403430
6.403410
6.403400
6.403390
6.403370
6.403360
6.403350
6.403330
6.403320
6.403310
6.403290
6.403280
6.403260
6.403250
6.403240
6.403220
6.403210
6.403200
6.403180
6.403170
6.403160
6.403140
6.403130
6.403110
6.403100
6.403090
6.403070
6.403060
6.403050
6.403030
6.403020
6.403010
6.402990
6.402980
6.402960
6.402950
6.402940
6.402920
6.402910
6.402900
6.402880
6.402870
6.402860
6.402840
6.402830
6.402810
6.402800
6.402790
6.402770
6.402760
6.402750
6.402730
6.402720
6.402700
6.402690
6.402680
6.402660
6.402650
6.402640
6.402620
6.402610
6.402600
6.402580
6.402570
6.402550
6.402540
6.402530
6.402510
6.402500
6.402490
6.402470
6.402460
6.402440
6.402430
6.402420
6.402400
6.402390
6.402380
6.402360
6.402350
6.402330
6.402320
6.402310
6.402290
6.402280
6.402270
6.402250
6.402240
6.402220
6.402210
6.402200
6.402180
6.402170
6.402160
6.402140
6.402130
6.402110
6.402100
6.402090
6.402070
6.402060
6.402050
6.402030
6.402020
6.402000
6.401990
6.401980
6.401960
6.401950
6.401940
6.401920
6.401910
6.401890
6.401880
6.401870
6.401850
6.401840
6.401820
6.401810
6.401800
6.401780
6.401770
6.401760
6.401740
6.401730
6.401710
6.401700
6.401690
6.401670
6.401660
6.401650
6.401630
6.401620
6.401600
6.401590
6.401580
6.401560
6.401550
6.401530
6.401520
6.401510
6.401490
6.401480
6.401470
6.401450
6.401440
6.401420
6.401410
6.401400
6.401380
6.401370
6.401350
6.401340
6.401330
6.401310
6.401300
6.401290
6.401270
6.401260
6.401240
6.401230
6.401220
6.401200
6.401190
6.401170
6.401160
6.401150
6.401130
6.401100
6.401090
6.401140
6.404350
6.405110
6.405120
6.405070
6.405010
6.404950
6.404900
6.404850
6.404800
6.404750
6.404710
6.404660
6.404620
6.404590
6.404550
6.404520
6.404490
6.404460
6.404440
6.404420
6.404400
6.404380
6.404370
6.404370
6.404360
6.404360
6.404370
6.404380
6.404390
6.404410
6.404430
6.404450
6.404480
6.404510
6.404540
6.404570
6.404610
6.404640
6.404680
6.404720
6.404760
6.404800
6.404840
6.404890
6.404930
6.404980
6.405020
6.405070
6.405120
6.405160
6.405210
6.405260
6.405310
6.405360
6.405410
6.405460
6.405510
6.405570
6.405620
6.405670
6.405720
6.405770
6.405820
6.405870
6.405930
6.405980
6.406030
6.406080
6.406130
6.406180
6.406230
6.406280
6.406330
6.406380
6.406430
6.406480
6.406530
6.406580
6.406630
6.406670
6.406720
6.406770
6.406810
6.406860
6.406900
6.406950
6.406990
6.407040
6.407080
6.407120
6.407170
6.407210
6.407250
6.407290
6.407330
6.407370
6.407410
6.407450
6.407490
6.407520
6.407560
6.407600
6.407630
6.407670
6.407710
6.407740
6.407770
6.407810
6.407840
6.407870
6.407910
6.407940
6.407970
6.408000
6.408030
6.408060
6.408090
6.408120
6.408150
6.408180
6.408210
6.408230
6.408260
6.408290
6.408310
6.408340
6.408370
6.408390
6.408420
6.408440
6.408460
6.408490
6.408510
6.408530
6.408560
6.408580
6.408600
6.408620
6.408640
6.408660
6.408680
6.408700
6.408720
6.408740
6.408760
6.408780
6.408800
6.408820
6.408830
6.408850
6.408870
6.408890
6.408900
6.408920
6.408940
6.408950
6.408970
6.408980
6.409000
6.409010
6.409030
6.409040
6.409050
6.409070
6.409080
6.409090
6.409110
6.409120
6.409130
6.409140
6.409150
6.409170
6.409180
6.409190
6.409200
6.409210
6.409220
6.409230
6.409240
6.409250
6.409260
6.409270
6.409280
6.409290
6.409300
6.409310
6.409310
6.409320
6.409330
6.409340
6.409350
6.409350
6.409360
6.409370
6.409370
6.409380
6.409390
6.409390
6.409400
6.409410
6.409410
6.409420
6.409420
6.409430
6.409430
6.409440
6.409440
6.409450
6.409450
6.409460
6.409460
6.409470
6.409470
6.409470
6.409480
6.409480
6.409480
6.409490
6.409490
6.409490
6.409500
6.409500
6.409500
6.409500
6.409510
6.409510
6.409510
6.409510
6.409510
6.409520
6.409520
6.409520
6.409520
6.409520
6.409520
6.409520
6.409520
6.409530
6.409530
6.409530
6.409530
6.409530
6.409530
6.409530
6.409530
6.409530
6.409530
6.409530
6.409530
6.409520
6.409520
6.409520
6.409520
6.409520
6.409520
6.409520
6.409520
6.409520
6.409520
6.409510
6.409510
6.409510
6.409510
6.409510
6.409500
6.409500
6.409500
6.409500
6.409500
6.409490
6.409490
6.409490
6.409490
6.409480
6.409480
6.409480
6.409470
6.409470
6.409470
6.409460
6.409460
6.409460
6.409450
6.409450
6.409450
6.409440
6.409440
6.409440
6.409430
6.409430
6.409420
6.409420
6.409420
6.409410
6.409410
6.409400
6.409400
6.409390
6.409390
6.409380
6.409380
6.409380
6.409370
6.409370
6.409360
6.409360
6.409350
6.409350
6.409340
6.409330
6.409330
6.409320
6.409320
6.409310
6.409310
6.409300
6.409300
6.409290
6.409280
6.409280
6.409270
6.409270
6.409260
6.409260
6.409250
6.409240
6.409240
6.409230
6.409220
6.409220
6.409210
6.409210
6.409200
6.409190
6.409190
6.409180
6.409170
6.409170
6.409160
6.409150
6.409140
6.409140
6.409130
6.409120
6.409120
6.409110
6.409100
6.409100
6.409090
6.409080
6.409070
6.409070
6.409060
6.409050
6.409040
6.409040
6.409030
6.409020
6.409010
6.409010
6.409000
6.408990
6.408980
6.408970
6.408970
6.408960
6.408950
6.408940
6.408930
6.408930
6.408920
6.408910
6.408900
6.408890
6.408890
6.408880
6.408870
6.408860
6.408850
6.408840
6.408840
6.408830
6.408820
6.408810
6.408800
6.408790
6.408780
6.408780
6.408770
6.408760
6.408750
6.408740
6.408730
6.408720
6.408710
6.408700
6.408700
6.408690
6.408680
6.408670
6.408660
6.408650
6.408640
6.408630
6.408620
6.408610
6.408600
6.408590
6.408590
6.408580
6.408570
6.408560
6.408550
6.408540
6.408530
6.408520
6.408510
6.408500
6.408490
6.408480
6.408470
6.408460
6.408450
6.408440
6.408430
6.408420
6.408410
6.408400
6.408390
6.408380
6.408370
6.408360
6.408350
6.408340
6.408330
6.408320
6.408310
6.408300
6.408290
6.408280
6.408270
6.408260
6.408250
6.408240
6.408230
6.408220
6.408210
6.408200
6.408190
6.408180
6.408170
6.408160
6.408150
6.408140
6.408130
6.408120
6.408110
6.408100
6.408090
6.408080
6.408070
6.408050
6.408040
6.408030
6.408020
6.408010
6.408000
6.407990
6.407980
6.407970
6.407960
6.407950
6.407940
6.407930
6.407920
6.407900
6.407890
6.407880
6.407870
6.407860
6.407850
6.407840
6.407830
6.407820
6.407810
6.407790
6.407780
6.407770
6.407760
6.407750
6.407740
6.407730
6.407720
6.407710
6.407690
6.407680
6.407670
6.407660
6.407650
6.407640
6.407630
6.407620
6.407600
6.407590
6.407580
6.407570
6.407560
6.407550
6.407540
6.407530
6.407510
6.407500
6.407490
6.407480
6.407470
6.407460
6.407440
6.407430
6.407420
6.407410
6.407400
6.407390
6.407380
6.407360
6.407350
6.407340
6.407330
6.407320
6.407310
6.407290
6.407280
6.407270
6.407260
6.407250
6.407240
6.407220
6.407210
6.407200
6.407190
6.407180
6.407160
6.407150
6.407140
6.407130
6.407120
6.407110
6.407090
6.407080
6.407070
6.407060
6.407050
6.407030
6.407020
6.407010
6.407000
6.406990
6.406970
6.406960
6.406950
6.406940
6.406930
6.406910
6.406900
6.406890
6.406880
6.406870
6.406850
6.406840
6.406830
6.406820
6.406800
6.406790
6.406780
6.406770
6.406760
6.406740
6.406730
6.406720
6.406710
6.406690
6.406680
6.406670
6.406660
6.406650
6.406630
6.406620
6.406610
6.406600
6.406580
6.406570
6.406560
6.406550
6.406530
6.406520
6.406510
6.406500
6.406480
6.406470
6.406460
6.406450
6.406430
6.406420
6.406410
6.406400
6.406380
6.406370
6.406360
6.406350
6.406330
6.406320
6.406310
6.406300
6.406280
6.406270
6.406260
6.406250
6.406230
6.406220
6.406210
6.406200
6.406180
6.406170
6.406160
6.406150
6.406130
6.406120
6.406110
6.406100
6.406080
6.406070
6.406060
6.406040
6.406030
6.406020
6.406010
6.405990
6.405980
6.405970
6.405960
6.405940
6.405930
6.405920
6.405900
6.405890
6.405880
6.405870
6.405850
6.405840
6.405830
6.405820
6.405800
6.405790
6.405780
6.405760
6.405750
6.405740
6.405730
6.405710
6.405700
6.405690
6.405670
6.405660
6.405650
6.405640
6.405620
6.405610
6.405600
6.405580
6.405570
6.405560
6.405540
6.405530
6.405520
6.405510
6.405490
6.405480
6.405470
6.405450
6.405440
6.405430
6.405410
6.405400
6.405390
6.405380
6.405360
6.405350
6.405340
6.405320
6.405310
6.405300
6.405280
6.405270
6.405260
6.405250
6.405230
6.405220
6.405210
6.405190
6.405180
6.405170
6.405150
6.405140
6.405130
6.405110
6.405100
6.405090
6.405070
6.405060
6.405050
6.405040
6.405020
6.405010
6.405000
6.404980
6.404970
6.404960
6.404940
6.404930
6.404920
6.404900
6.404890
6.404880
6.404860
6.404850
6.404840
6.404820
6.404810
6.404800
6.404780
6.404770
6.404760
6.404740
6.404730
6.404720
6.404700
6.404690
6.404680
6.404660
6.404650
6.404640
6.404630
6.404610
6.404600
6.404590
6.404570
6.404560
6.404550
6.404530
6.404520
6.404510
6.404490
6.404480
6.404470
6.404450
6.404440
6.404430
6.404410
6.404400
6.404390
6.404370
6.404360
6.404350
6.404330
6.404320
6.404300
6.404290
6.404280
6.404260
6.404250
6.404240
6.404220
6.404210
6.404200
6.404180
6.404170
6.404160
6.404140
6.404130
6.404120
6.404100
6.404090
6.404080
6.404060
6.404050
6.404040
6.404020
6.404010
6.404000
6.403980
6.403970
6.403960
6.403940
6.403930
6.403920
6.403900
6.403890
6.403870
6.403860
6.403850
6.403830
6.403820
6.403810
6.403790
6.403780
6.403770
6.403750
6.403740
6.403730
6.403710
6.403700
6.403690
6.403670
6.403660
6.403650
6.403630
6.403620
6.403600
6.403590
6.403580
6.403560
6.403550
6.403540
6.403520
6.403510
6.403500
6.403480
6.403470
6.403460
6.403440
6.403430
6.403410
6.403400
6.403390
6.403370
6.403360
6.403350
6.403330
6.403320
6.403310
6.403290
6.403280
6.403270
6.403250
6.403240
6.403220
6.403210
6.403200
6.403180
6.403170
6.403160
6.403140
6.403130
6.403120
6.403100
6.403090
6.403070
6.403060
6.403050
6.403030
6.403020
6.403010
6.402990
6.402980
6.402970
6.402950
6.402940
6.402920
6.402910
6.402900
6.402880
6.402870
6.402860
6.402840
6.402830
6.402810
6.402800
6.402790
6.402770
6.402760
6.402750
6.402730
6.402720
6.402710
6.402690
6.402680
6.402660
6.402650
6.402640
6.402620
6.402610
6.402600
6.402580
6.402570
6.402550
6.402540
6.402530
6.402510
6.402500
6.402490
6.402470
6.402460
6.402440
6.402430
6.402420
6.402400
6.402390
6.402380
6.402360
6.402350
6.402330
6.402320
6.402310
6.402290
6.402280
6.402270
6.402250
6.402240
6.402220
6.402210
6.402200
6.402180
6.402170
6.402160
6.402140
6.402130
6.402110
6.402100
6.402090
6.402070
6.402060
6.402050
6.402030
6.402020
6.402000
6.401990
6.401980
6.401960
6.401950
6.401940
6.401920
6.401910
6.401890
6.401880
6.401870
6.401850
6.401840
6.401830
6.401810
6.401800
6.401780
6.401770
6.401760
6.401740
6.401730
6.401710
6.401700
6.401690
6.401670
6.401660
6.401650
6.401630
6.401620
6.401600
6.401590
6.401580
6.401560
6.401550
6.401540
6.401520
6.401510
6.401490
6.401480
6.401470
6.401450
6.401440
6.401420
6.401410
6.401400
6.401380
6.401370
6.401360
6.401340
6.401330
6.401310
6.401300
6.401290
6.401270
6.401260
6.401240
6.401230
6.401220
6.401200
6.401190
6.401180
6.401160
