1.025660
1.023950
1.022240
1.020530
1.018840
1.017160
1.015540
1.014930
1.016120
1.019390
1.025370
1.035320
1.051990
1.080310
1.126760
1.198100
1.299940
1.435690
1.606320
1.810510
2.045310
2.306770
2.590590
2.892540
3.208750
3.535700
3.870170
4.209260
4.550280
4.890950
5.229360
5.564040
5.893890
6.218160
6.536270
6.847840
7.152750
7.450830
7.742070
8.026410
8.303980
8.574830
8.839020
9.096610
9.347840
9.592710
9.831450
10.064000
10.290700
10.511500
10.726500
10.935900
11.139800
11.338200
11.531300
11.719200
11.901900
12.079500
12.252200
12.420000
12.583000
12.741200
12.894800
13.043900
13.188500
13.328600
13.464300
13.595800
13.723000
13.846100
13.965200
14.080100
14.191100
14.298200
14.401400
14.500900
14.596600
14.688700
14.777200
14.862100
14.943500
15.021500
15.096100
15.167400
15.235400
15.300100
15.361700
15.420200
15.475600
15.528000
15.577300
15.623800
15.667300
15.708000
15.745900
15.781100
15.813700
15.843500
15.870700
15.895400
15.917600
15.937300
15.954500
15.969400
15.981900
15.992100
16.000100
16.005800
16.009400
16.010800
16.010100
16.007400
16.002600
15.995900
15.987200
15.976600
15.964200
15.949900
15.933800
15.916000
15.896400
15.875200
15.852300
15.827800
15.801700
15.774100
15.744900
15.714300
15.682200
15.648800
15.613900
15.577700
15.540100
15.501400
15.461300
15.420100
15.377500
15.333900
15.289200
15.243300
15.196400
15.148400
15.099400
15.049400
14.998500
14.946700
14.893900
14.840200
14.785700
14.730400
14.674300
14.617400
14.559800
14.501400
14.442400
14.382600
14.322200
14.261200
14.199600
14.137400
14.074700
14.011400
13.947600
13.883400
13.818600
13.753500
13.687800
13.621800
13.555400
13.488700
13.421600
13.354100
13.286400
13.218400
13.150200
13.081700
13.013000
12.944000
12.874900
12.805600
12.736100
12.666500
12.596800
12.527000
12.457100
12.387000
12.317000
12.246900
12.176800
12.106700
12.036600
11.966600
11.896500
11.826500
11.756500
11.686700
11.616900
11.547200
11.477600
11.408200
11.339000
11.269800
11.200900
11.132100
11.063500
10.995000
10.926900
10.858800
10.791100
10.723600
10.656400
10.589400
10.522700
10.456200
10.390000
10.324200
10.258600
10.193400
10.128500
10.063800
9.999570
9.935610
9.872060
9.808800
9.745970
9.683430
9.621300
9.559540
9.498180
9.437190
9.376610
9.316390
9.256580
9.197200
9.138220
9.079610
9.021460
8.963680
8.906370
8.849420
8.792940
8.736880
8.681240
8.626070
8.571260
8.516920
8.463000
8.409560
8.356470
8.303860
8.251720
8.199940
8.148640
8.097750
8.047340
7.997280
7.947760
7.898600
7.849850
7.801580
7.753720
7.706280
7.659260
7.612650
7.566520
7.520740
7.475440
7.430500
7.385970
7.341860
7.298160
7.254890
7.212020
7.169520
7.127430
7.085750
7.044440
7.003540
6.962990
6.922860
6.883090
6.843680
6.804680
6.766040
6.727750
6.689830
6.652250
6.615040
6.578180
6.541740
6.505530
6.469750
6.434260
6.399120
6.364340
6.329860
6.295740
6.261910
6.228440
6.195270
6.162400
6.129820
6.097540
6.065610
6.033990
6.002600
5.971570
5.940800
5.910310
5.880120
5.850200
5.820560
5.791190
5.762100
5.733280
5.704710
5.676420
5.648370
5.620590
5.593060
5.565780
5.538740
5.511950
5.485400
5.459090
5.433010
5.407170
5.381560
5.356170
5.331010
5.306070
5.281350
5.256850
5.232560
5.208480
5.184610
5.160950
5.137490
5.114230
5.091180
5.068310
5.045650
5.023170
5.000890
4.978800
4.956880
4.935150
4.913600
4.892240
4.871050
4.850020
4.829180
4.808510
4.788000
4.767660
4.747490
4.727470
4.707620
4.687930
4.668390
4.649010
4.629780
4.610710
4.591780
4.573000
4.554370
4.535880
4.517530
4.499330
4.481270
4.463340
4.445550
4.427900
4.410380
4.392990
4.375730
4.358600
4.341590
4.324720
4.307960
4.291340
4.274830
4.258440
4.242170
4.226020
4.209990
4.194070
4.178270
4.162570
4.146990
4.131520
4.116160
4.100900
4.085760
4.070720
4.055780
4.040940
4.026210
4.011580
3.997050
3.982610
3.968280
3.954040
3.939900
3.925850
3.911900
3.898040
3.884270
3.870590
3.857000
3.843500
3.830090
3.816770
3.803530
3.790380
3.777310
3.764320
3.751420
3.738610
3.725870
3.713210
3.700630
3.688130
3.675710
3.663360
3.651100
3.638900
3.626790
3.614740
3.602770
3.590880
3.579050
3.567300
3.555620
3.544000
3.532460
3.520980
3.509570
3.498240
3.486970
3.475760
3.464620
3.453540
3.442530
3.431580
3.420690
3.409870
3.399110
3.388410
3.377770
3.367190
3.356670
3.346210
3.335810
3.325470
3.315180
3.304960
3.294790
3.284670
3.274610
3.264600
3.254650
3.244750
3.234910
3.225120
3.215390
3.205700
3.196070
3.186490
3.176950
3.167480
3.158040
3.148660
3.139330
3.130050
3.120810
3.111620
3.102490
3.093390
3.084350
3.075350
3.066400
3.057490
3.048630
3.039810
3.031040
3.022310
3.013620
3.004980
2.996380
2.987820
2.979310
2.970840
2.962410
2.954020
2.945670
2.937360
2.929100
2.920870
2.912680
2.904530
2.896430
2.888360
2.880330
2.872340
2.864380
2.856460
2.848580
2.840740
2.832930
2.825160
2.817430
2.809730
2.802070
2.794450
2.786860
2.779300
2.771780
2.764290
2.756830
2.749410
2.742030
2.734680
2.727360
2.720070
2.712820
2.705600
2.698410
2.691260
2.684130
2.677040
2.669970
2.662940
2.655940
2.648970
2.642030
2.635120
2.628240
2.621390
2.614570
2.607780
2.601020
2.594280
2.587580
2.580910
2.574260
2.567640
2.561050
2.554490
2.547950
2.541450
2.534960
2.528510
2.522080
2.515680
2.509310
2.502960
2.496640
2.490340
2.484070
2.477830
2.471610
2.465420
2.459250
2.453100
2.446990
2.440890
2.434820
2.428780
2.422760
2.416760
2.410790
2.404840
2.398920
2.393010
2.387130
2.381280
2.375450
2.369640
2.363850
2.358090
2.352340
2.346630
2.340930
2.335250
2.329600
2.323970
2.318360
2.312770
2.307200
2.301650
2.296130
2.290630
2.285140
2.279680
2.274240
2.268810
2.263420
2.258040
2.252670
2.247330
2.242010
2.236710
2.231430
2.226160
2.220920
2.215700
2.210490
2.205310
2.200140
2.195000
2.189870
2.184760
2.179670
2.174590
2.169540
2.164500
2.159490
2.154490
2.149510
2.144540
2.139600
2.134660
2.129750
2.124860
2.119980
2.115120
2.110280
2.105450
2.100640
2.095850
2.091080
2.086320
2.081580
2.076850
2.072150
2.067450
2.062780
2.058120
2.053470
2.048850
2.044230
2.039640
2.035060
2.030500
2.025950
2.021410
2.016890
2.012390
2.007900
2.003430
1.998970
1.994530
1.990100
1.985690
1.981290
1.976910
1.972540
1.968190
1.963850
1.959520
1.955210
1.950910
1.946630
1.942360
1.938110
1.933870
1.929640
1.925430
1.921230
1.917040
1.912870
1.908710
1.904570
1.900440
1.896320
1.892220
1.888130
1.884050
1.879980
1.875930
1.871890
1.867870
1.863850
1.859850
1.855860
1.851890
1.847930
1.843980
1.840040
1.836120
1.832200
1.828300
1.824420
1.820540
1.816680
1.812820
1.808980
1.805160
1.801340
1.797540
1.793750
1.789970
1.786200
1.782440
1.778690
1.774960
1.771240
1.767530
1.763830
1.760150
1.756470
1.752800
1.749150
1.745500
1.741870
1.738250
1.734640
1.731040
1.727460
1.723880
1.720310
1.716750
1.713210
1.709670
1.706150
1.702640
1.699130
1.695640
1.692150
1.688680
1.685220
1.681780
1.678330
1.674900
1.671480
1.668070
1.664670
1.661280
1.657900
1.654530
1.651170
1.647820
1.644480
1.641150
1.637820
1.634510
1.631210
1.627910
1.624630
1.621360
1.618100
1.614840
1.611600
1.608360
1.605130
1.601920
1.598710
1.595510
1.592320
1.589140
1.585970
1.582800
1.579650
1.576510
1.573380
1.570250
1.567130
1.564020
1.560920
1.557830
1.554750
1.551680
1.548610
1.545550
1.542500
1.539470
1.536430
1.533410
1.530400
1.527390
1.524400
1.521410
1.518430
1.515460
1.512490
1.509540
1.506590
1.503650
1.500720
1.497800
1.494890
1.491980
1.489080
1.486190
1.483310
1.480430
1.477560
1.474700
1.471860
1.469010
1.466170
1.463350
1.460520
1.457710
1.454910
1.452110
1.449320
1.446540
1.443770
1.441000
1.438240
1.435480
1.432740
1.430000
1.427280
1.424550
1.421840
1.419130
1.416430
1.413730
1.411050
1.408370
1.405700
1.403030
1.400370
1.397720
1.395080
1.392440
1.389820
1.387190
1.384580
1.381970
1.379370
1.376770
1.374190
1.371610
1.369030
1.366460
1.363900
1.361350
1.358800
1.356260
1.353730
1.351200
1.348680
1.346160
1.343650
1.341160
1.338660
1.336180
1.333690
1.331220
1.328750
1.326290
1.323830
1.321380
1.318940
1.316500
1.314070
1.311650
1.309230
1.306820
1.304410
1.302020
1.299620
1.297230
1.294850
1.292480
1.290110
1.287750
1.285390
1.283040
1.280700
1.278360
1.276030
1.273700
1.271380
1.269060
1.266760
1.264450
1.262160
1.259860
1.257580
1.255300
1.253020
1.250760
1.248490
1.246240
1.243990
1.241740
1.239500
1.237270
1.235040
1.232820
1.230600
1.228390
1.226180
1.223980
1.221780
1.219600
1.217420
1.215230
1.213060
1.210890
1.208730
1.206580
1.204430
1.202280
1.200140
1.198000
1.195870
1.193750
1.191630
1.189520
1.187410
1.185300
1.183200
1.181110
1.179020
1.176940
1.174860
1.172790
1.170720
1.168660
1.166600
1.164550
1.162500
1.160460
1.158420
1.156380
1.154360
1.152340
1.150320
1.148310
1.146300
1.144290
1.142300
1.140300
1.138310
1.136330
1.134350
1.132380
1.130410
1.128440
1.126490
1.124530
1.122580
1.120640
1.118690
1.116760
1.114830
1.112900
1.110980
1.109060
1.107160
1.105250
1.103340
1.101440
1.099550
1.097660
1.095780
1.093890
1.092020
1.090150
1.088280
1.086420
1.084560
1.082700
1.080860
1.079010
1.077170
1.075340
1.073510
1.071680
1.069860
1.068040
1.066220
1.064410
1.062610
1.060810
1.059010
1.057220
1.055430
1.053650
1.051860
1.050090
1.048320
1.046550
1.044790
1.043030
1.041270
1.039530
1.037780
1.036040
1.034300
1.032570
1.030840
1.029110
1.027390
1.025670
1.023960
1.022240
1.020540
1.018840
1.017160
1.015550
1.014940
1.016130
1.019400
1.025380
1.035340
1.052010
1.080320
1.126770
1.198120
1.299970
1.435720
1.606360
1.810550
2.045360
2.306830
2.590650
2.892610
3.208820
3.535760
3.870240
4.209320
4.550350
4.891010
5.229430
5.564090
5.893950
6.218220
6.536330
6.847900
7.152810
7.450890
7.742130
8.026530
8.304040
8.574890
8.839080
9.096730
9.347900
9.592830
9.831510
10.064100
10.290800
10.511500
10.726600
10.936000
11.139900
11.338300
11.531400
11.719200
11.902000
12.079600
12.252300
12.420100
12.583100
12.741400
12.895000
13.044000
13.188600
13.328600
13.464400
13.595900
13.723100
13.846300
13.965300
14.080300
14.191200
14.298300
14.401500
14.501000
14.596700
14.688800
14.777300
14.862200
14.943600
15.021600
15.096200
15.167500
15.235500
15.300300
15.361900
15.420300
15.475800
15.528100
15.577500
15.623900
15.667500
15.708200
15.746100
15.781300
15.813800
15.843600
15.870900
15.895600
15.917700
15.937400
15.954700
15.969500
15.982100
15.992300
16.000300
16.006000
16.009500
16.011000
16.010300
16.007600
16.002800
15.996100
15.987400
15.976800
15.964400
15.950000
15.934000
15.916200
15.896600
15.875400
15.852400
15.827900
15.801800
15.774200
15.745100
15.714400
15.682400
15.648900
15.614100
15.577900
15.540300
15.501600
15.461500
15.420200
15.377700
15.334100
15.289400
15.243500
15.196600
15.148600
15.099600
15.049600
14.998700
14.946800
14.894000
14.840400
14.785900
14.730600
14.674400
14.617600
14.559900
14.501600
14.442500
14.382800
14.322400
14.261400
14.199800
14.137600
14.074800
14.011600
13.947800
13.883500
13.818800
13.753600
13.688000
13.622000
13.555600
13.488900
13.421700
13.354300
13.286600
13.218600
13.150400
13.081900
13.013100
12.944200
12.875100
12.805700
12.736200
12.666700
12.596900
12.527100
12.457200
12.387200
12.317200
12.247100
12.177000
12.106900
12.036800
11.966700
11.896600
11.826600
11.756700
11.686800
11.617100
11.547400
11.477800
11.408400
11.339100
11.270000
11.201000
11.132200
11.063600
10.995200
10.927000
10.859000
10.791300
10.723800
10.656500
10.589500
10.522800
10.456300
10.390200
10.324300
10.258800
10.193500
10.128600
10.064000
9.999690
9.935790
9.872180
9.808980
9.746090
9.683600
9.621420
9.559710
9.498300
9.437310
9.376730
9.316510
9.256700
9.197310
9.138340
9.079720
9.021580
8.963800
8.906490
8.849540
8.793060
8.737000
8.681360
8.626190
8.571380
8.517040
8.463120
8.409620
8.356590
8.303980
8.251780
8.200060
8.148760
8.097870
8.047400
7.997400
7.947820
7.898660
7.849970
7.801700
7.753840
7.706400
7.659380
7.612770
7.566580
7.520860
7.475500
7.430560
7.386090
7.341980
7.298280
7.255000
7.212080
7.169640
7.127550
7.085810
7.044560
7.003600
6.963110
6.922920
6.883150
6.843800
6.804740
6.766100
6.727810
6.689890
6.652310
6.615160
6.578300
6.541800
6.505650
6.469810
6.434370
6.399240
6.364400
6.329980
6.295800
6.261970
6.228500
6.195330
6.162460
6.129880
6.097660
6.065670
6.034050
6.002660
5.971630
5.940860
5.910380
5.880180
5.850270
5.820630
5.791260
5.762160
5.733340
5.704780
5.676480
5.648440
5.620650
5.593120
5.565830
5.538800
5.512010
5.485460
5.459150
5.433070
5.407230
5.381610
5.356230
5.331070
5.306130
5.281410
5.256900
5.232610
5.208540
5.184670
5.161000
5.137540
5.114290
5.091230
5.068370
5.045700
5.023220
5.000940
4.978840
4.956930
4.935200
4.913650
4.892280
4.871090
4.850070
4.829230
4.808550
4.788040
4.767710
4.747530
4.727520
4.707660
4.687970
4.668430
4.649050
4.629830
4.610750
4.591820
4.573040
4.554410
4.535920
4.517570
4.499370
4.481310
4.463380
4.445590
4.427930
4.410410
4.393020
4.375770
4.358630
4.341630
4.324750
4.308000
4.291370
4.274860
4.258470
4.242210
4.226060
4.210020
4.194100
4.178300
4.162610
4.147030
4.131550
4.116190
4.100930
4.085790
4.070750
4.055810
4.040970
4.026240
4.011610
3.997080
3.982640
3.968310
3.954070
3.939930
3.925880
3.911930
3.898070
3.884300
3.870620
3.857030
3.843530
3.830120
3.816790
3.803560
3.790400
3.777340
3.764350
3.751450
3.738630
3.725900
3.713230
3.700650
3.688160
3.675730
3.663390
3.651120
3.638930
3.626810
3.614770
3.602800
3.590900
3.579080
3.567320
3.555640
3.544020
3.532490
3.521010
3.509600
3.498260
3.486990
3.475780
3.464640
3.453560
3.442550
3.431600
3.420720
3.409900
3.399140
3.388440
3.377790
3.367220
3.356700
3.346240
3.335840
3.325490
3.315210
3.304980
3.294810
3.284690
3.274630
3.264630
3.254680
3.244780
3.234930
3.225150
3.215410
3.205720
3.196090
3.186510
3.176980
3.167490
3.158070
3.148680
3.139350
3.130070
3.120830
3.111650
3.102500
3.093420
3.084370
3.075370
3.066410
3.057510
3.048640
3.039830
3.031050
3.022330
3.013640
3.005000
2.996400
2.987840
2.979330
2.970860
2.962430
2.954040
2.945690
2.937380
2.929120
2.920890
2.912700
2.904550
2.896440
2.888380
2.880340
2.872350
2.864390
2.856480
2.848600
2.840760
2.832950
2.825180
2.817450
2.809750
2.802090
2.794470
2.786870
2.779320
2.771790
2.764310
2.756850
2.749430
2.742050
2.734700
2.727380
2.720090
2.712840
2.705610
2.698430
2.691270
2.684150
2.677050
2.669990
2.662960
2.655960
2.648990
2.642040
2.635140
2.628260
2.621400
2.614590
2.607800
2.601040
2.594300
2.587600
2.580920
2.574270
2.567660
2.561060
2.554500
2.547970
2.541460
2.534980
2.528520
2.522090
2.515700
2.509320
2.502980
2.496650
2.490360
2.484090
2.477840
2.471620
2.465430
2.459260
2.453120
2.447010
2.440910
2.434840
2.428800
2.422770
2.416780
2.410810
2.404860
2.398930
2.393030
2.387150
2.381300
2.375460
2.369650
2.363870
2.358100
2.352360
2.346640
2.340940
2.335270
2.329610
2.323980
2.318370
2.312780
2.307210
2.301670
2.296140
2.290640
2.285160
2.279690
2.274250
2.268830
2.263430
2.258050
2.252690
2.247350
2.242030
2.236720
2.231440
2.226180
2.220930
2.215710
2.210510
2.205320
2.200160
2.195010
2.189880
2.184770
2.179680
2.174610
2.169550
2.164520
2.159500
2.154500
2.149520
2.144550
2.139610
2.134670
2.129760
2.124870
2.120000
2.115130
2.110290
2.105470
2.100660
2.095870
2.091090
2.086340
2.081590
2.076870
2.072160
2.067470
2.062790
2.058130
2.053480
2.048860
2.044250
2.039650
2.035070
2.030510
2.025950
2.021420
2.016910
2.012400
2.007910
2.003440
1.998980
1.994540
1.990110
1.985700
1.981300
1.976920
1.972550
1.968190
1.963850
1.959530
1.955220
1.950920
1.946640
1.942370
1.938120
1.933880
1.929650
1.925440
1.921240
1.917060
1.912880
1.908730
1.904580
1.900450
1.896330
1.892230
1.888130
1.884060
1.879990
1.875940
1.871900
1.867870
1.863860
1.859870
1.855880
1.851900
1.847940
1.843990
1.840050
1.836130
1.832220
1.828320
1.824430
1.820550
1.816690
1.812840
1.809000
1.805170
1.801350
1.797550
1.793760
1.789980
1.786210
1.782450
1.778710
1.774970
1.771250
1.767540
1.763840
1.760150
1.756470
1.752810
1.749150
1.745510
1.741880
1.738260
1.734650
1.731050
1.727460
1.723880
1.720320
1.716760
1.713220
1.709680
1.706150
1.702640
1.699140
1.695650
1.692170
1.688690
1.685230
1.681780
1.678340
1.674910
1.671490
1.668080
1.664680
1.661290
1.657910
1.654540
1.651180
1.647820
1.644480
1.641150
1.637830
1.634520
1.631220
1.627930
1.624640
1.621370
1.618110
1.614850
1.611600
1.608370
1.605140
1.601920
1.598720
1.595520
1.592330
1.589150
1.585980
1.582820
1.579660
1.576520
1.573380
1.570260
1.567140
1.564030
1.560930
1.557840
1.554760
1.551680
1.548620
1.545560
1.542510
1.539470
1.536440
1.533420
1.530410
1.527400
1.524400
1.521420
1.518430
1.515470
1.512500
1.509550
1.506600
1.503660
1.500730
1.497800
1.494890
1.491980
1.489080
1.486190
1.483310
1.480440
1.477570
1.474710
1.471860
1.469010
1.466180
1.463350
1.460530
1.457720
1.454920
1.452120
1.449330
1.446550
1.443770
1.441010
1.438240
1.435490
1.432750
1.430010
1.427280
1.424560
1.421840
1.419140
1.416440
1.413740
1.411060
1.408380
1.405710
1.403040
1.400380
1.397730
1.395090
1.392450
1.389820
1.387200
1.384580
1.381980
1.379380
1.376780
1.374190
1.371610
1.369040
1.366470
1.363910
1.361350
1.358810
1.356270
1.353730
1.351200
1.348680
1.346170
1.343670
1.341160
1.338670
1.336180
1.333700
1.331220
1.328760
1.326300
1.323840
1.321390
1.318950
1.316510
1.314080
1.311650
1.309230
1.306830
1.304420
1.302020
1.299630
1.297240
1.294860
1.292490
1.290110
1.287750
1.285390
1.283050
1.280700
1.278360
1.276030
1.273710
1.271380
1.269070
1.266760
1.264460
1.262160
1.259870
1.257580
1.255310
1.253030
1.250770
1.248500
1.246240
1.243990
1.241750
1.239510
1.237280
1.235050
1.232820
1.230610
1.228400
1.226190
1.223990
1.221790
1.219600
1.217420
1.215240
1.213070
1.210900
1.208740
1.206580
1.204430
1.202290
1.200150
1.198010
1.195880
1.193750
1.191630
1.189520
1.187410
1.185310
1.183210
1.181120
1.179020
1.176940
1.174860
1.172790
1.170720
1.168660
1.166600
1.164550
1.162500
1.160460
1.158420
1.156390
1.154360
1.152340
1.150320
1.148310
1.146300
1.144300
1.142300
1.140310
1.138320
1.136340
1.134360
1.132390
1.130420
1.128450
1.126490
1.124540
1.122590
1.120640
1.118700
1.116770
1.114840
1.112910
1.110990
1.109070
1.107160
1.105250
1.103340
1.101450
1.099550
1.097660
1.095780
1.093900
1.092030
1.090150
1.088290
1.086420
1.084560
1.082710
1.080860
1.079020
1.077180
1.075340
1.073510
1.071680
1.069860
1.068040
1.066220
1.064420
1.062610
1.060810
1.059010
1.057220
1.055440
1.053650
1.051870
1.050100
1.048320
1.046550
1.044790
1.043030
1.041280
1.039530
1.037780
1.036040
1.034300
1.032570
1.030840
1.029110
1.027390
1.025680
1.023960
1.022250
1.020540
1.018850
1.017170
1.015560
1.014940
1.016130
1.019400
1.025380
1.035340
1.052000
1.080320
1.126770
1.198120
1.299950
1.435700
1.606330
1.810530
2.045330
2.306790
2.590600
2.892560
3.208760
3.535700
3.870170
4.209250
4.550280
4.890940
5.229340
5.564020
5.893870
6.218100
6.536210
6.847840
7.152750
7.450830
7.742070
8.026410
8.303980
8.574830
8.839020
9.096610
9.347840
9.592710
9.831450
10.064000
10.290700
10.511500
10.726500
10.935900
11.139800
11.338200
11.531300
11.719200
11.901900
12.079600
12.252200
12.420000
12.583000
12.741300
12.894900
13.043900
13.188500
13.328600
13.464400
13.595900
13.723100
13.846200
13.965200
14.080200
14.191200
14.298300
14.401500
14.500900
14.596600
14.688700
14.777200
14.862100
14.943600
15.021600
15.096200
15.167500
15.235500
15.300200
15.361800
15.420300
15.475600
15.528000
15.577400
15.623800
15.667400
15.708100
15.746100
15.781300
15.813700
15.843600
15.870800
15.895500
15.917600
15.937400
15.954600
15.969500
15.982000
15.992200
16.000200
16.005900
16.009500
16.010900
16.010300
16.007500
16.002800
15.996000
15.987300
15.976700
15.964300
15.950000
15.933900
15.916100
15.896500
15.875300
15.852400
15.827900
15.801800
15.774200
15.745100
15.714400
15.682300
15.648900
15.614000
15.577800
15.540300
15.501500
15.461400
15.420200
15.377700
15.334100
15.289300
15.243400
15.196500
15.148500
15.099600
15.049600
14.998700
14.946800
14.894000
14.840400
14.785900
14.730600
14.674400
14.617600
14.559900
14.501600
14.442500
14.382700
14.322400
14.261400
14.199700
14.137600
14.074800
14.011600
13.947800
13.883500
13.818800
13.753600
13.688000
13.622000
13.555600
13.488900
13.421700
13.354300
13.286600
13.218600
13.150400
13.081800
13.013100
12.944100
12.875000
12.805700
12.736200
12.666600
12.596900
12.527100
12.457200
12.387200
12.317200
12.247100
12.177000
12.106900
12.036800
11.966700
11.896600
11.826600
11.756700
11.686800
11.617100
11.547400
11.477800
11.408400
11.339100
11.269900
11.201000
11.132200
11.063600
10.995200
10.927000
10.859000
10.791300
10.723800
10.656500
10.589500
10.522800
10.456300
10.390200
10.324300
10.258800
10.193500
10.128600
10.064000
9.999690
9.935730
9.872180
9.808920
9.746090
9.683550
9.621420
9.559650
9.498300
9.437310
9.376730
9.316510
9.256700
9.197310
9.138280
9.079720
9.021580
8.963800
8.906490
8.849540
8.793060
8.737000
8.681360
8.626130
8.571380
8.517040
8.463120
8.409620
8.356590
8.303980
8.251780
8.200060
8.148760
8.097870
8.047400
7.997400
7.947820
7.898660
7.849970
7.801700
7.753780
7.706340
7.659380
7.612770
7.566580
7.520860
7.475500
7.430560
7.386090
7.341980
7.298280
7.255000
7.212080
7.169640
7.127550
7.085810
7.044560
7.003600
6.963110
6.922920
6.883150
6.843800
6.804740
6.766100
6.727810
6.689890
6.652310
6.615160
6.578300
6.541800
6.505650
6.469810
6.434370
6.399240
6.364400
6.329920
6.295800
6.261970
6.228500
6.195330
6.162460
6.129880
6.097660
6.065670
6.034050
6.002660
5.971630
5.940850
5.910380
5.880180
5.850260
5.820620
5.791250
5.762160
5.733330
5.704770
5.676470
5.648430
5.620650
5.593120
5.565830
5.538800
5.512000
5.485450
5.459140
5.433070
5.407230
5.381610
5.356220
5.331070
5.306120
5.281400
5.256900
5.232610
5.208530
5.184660
5.161000
5.137540
5.114280
5.091230
5.068360
5.045690
5.023220
5.000930
4.978840
4.956920
4.935200
4.913650
4.892280
4.871090
4.850070
4.829220
4.808550
4.788040
4.767700
4.747530
4.727510
4.707660
4.687970
4.668430
4.649050
4.629820
4.610740
4.591820
4.573040
4.554410
4.535920
4.517570
4.499370
4.481310
4.463380
4.445590
4.427930
4.410410
4.393020
4.375770
4.358630
4.341630
4.324750
4.308000
4.291370
4.274860
4.258470
4.242210
4.226060
4.210020
4.194100
4.178300
4.162610
4.147030
4.131550
4.116190
4.100930
4.085790
4.070750
4.055810
4.040970
4.026240
4.011610
3.997080
3.982640
3.968310
3.954070
3.939930
3.925880
3.911930
3.898070
3.884300
3.870620
3.857030
3.843530
3.830120
3.816800
3.803560
3.790400
3.777340
3.764350
3.751450
3.738630
3.725900
3.713230
3.700650
3.688160
3.675730
3.663390
3.651120
3.638930
3.626810
3.614770
3.602800
3.590900
3.579080
3.567320
3.555640
3.544030
3.532490
3.521010
3.509600
3.498260
3.486990
3.475780
3.464640
3.453570
3.442550
3.431600
3.420720
3.409900
3.399140
3.388440
3.377790
3.367220
3.356700
3.346240
3.335840
3.325500
3.315210
3.304980
3.294810
3.284690
3.274630
3.264630
3.254680
3.244780
3.234930
3.225150
3.215410
3.205730
3.196090
3.186510
3.176980
3.167490
3.158070
3.148680
3.139350
3.130070
3.120830
3.111650
3.102500
3.093420
3.084370
3.075370
3.066410
3.057510
3.048640
3.039830
3.031050
3.022330
3.013640
3.005000
2.996400
2.987840
2.979330
2.970860
2.962430
2.954040
2.945690
2.937380
2.929120
2.920890
2.912700
2.904550
2.896440
2.888380
2.880340
2.872350
2.864400
2.856480
2.848600
2.840760
2.832950
2.825180
2.817450
2.809750
2.802090
2.794470
2.786870
2.779320
2.771790
2.764310
2.756850
2.749430
2.742050
2.734700
2.727380
2.720090
2.712840
2.705620
2.698430
2.691270
2.684150
2.677050
2.669990
2.662960
2.655960
2.648990
2.642040
2.635140
2.628260
2.621410
2.614590
2.607800
2.601040
2.594300
2.587600
2.580930
2.574270
2.567660
2.561060
2.554500
2.547970
2.541460
2.534980
2.528520
2.522090
2.515700
2.509330
2.502980
2.496650
2.490360
2.484090
2.477850
2.471620
2.465430
2.459260
2.453120
2.447010
2.440910
2.434840
2.428800
2.422770
2.416780
2.410810
2.404860
2.398930
2.393030
2.387150
2.381300
2.375460
2.369650
2.363870
2.358100
2.352360
2.346640
2.340940
2.335270
2.329610
2.323980
2.318370
2.312780
2.307220
2.301670
2.296140
2.290640
2.285160
2.279690
2.274250
2.268830
2.263430
2.258050
2.252690
2.247350
2.242030
2.236720
2.231440
2.226180
2.220940
2.215710
2.210510
2.205320
2.200160
2.195010
2.189880
2.184770
2.179680
2.174610
2.169550
2.164520
2.159500
2.154500
2.149520
2.144550
2.139610
2.134680
2.129760
2.124870
2.120000
2.115130
2.110290
2.105470
2.100660
2.095870
2.091090
2.086340
2.081590
2.076870
2.072160
2.067470
2.062790
2.058130
2.053480
2.048860
2.044250
2.039650
2.035070
2.030510
2.025950
2.021420
2.016910
2.012400
2.007910
2.003440
1.998980
1.994540
1.990110
1.985700
1.981300
1.976920
1.972550
1.968200
1.963860
1.959530
1.955220
1.950920
1.946640
1.942370
1.938120
1.933880
1.929650
1.925440
1.921240
1.917060
1.912880
1.908730
1.904580
1.900450
1.896330
1.892230
1.888140
1.884060
1.879990
1.875940
1.871900
1.867880
1.863870
1.859870
1.855880
1.851900
1.847940
1.843990
1.840050
1.836130
1.832220
1.828320
1.824430
1.820550
1.816690
1.812840
1.809000
1.805170
1.801360
1.797550
1.793760
1.789980
1.786210
1.782450
1.778710
1.774970
1.771250
1.767540
1.763840
1.760150
1.756480
1.752810
1.749150
1.745520
1.741880
1.738260
1.734650
1.731050
1.727460
1.723880
1.720320
1.716760
1.713220
1.709680
1.706160
1.702650
1.699140
1.695650
1.692170
1.688690
1.685230
1.681780
1.678340
1.674910
1.671490
1.668080
1.664680
1.661290
1.657910
1.654540
1.651180
1.647820
1.644480
1.641150
1.637830
1.634520
1.631220
1.627930
1.624640
1.621370
1.618110
1.614850
1.611610
1.608370
1.605150
1.601930
1.598720
1.595520
1.592330
1.589150
1.585980
1.582820
1.579670
1.576520
1.573380
1.570260
1.567140
1.564030
1.560930
1.557840
1.554760
1.551680
1.548620
1.545560
1.542520
1.539470
1.536450
1.533420
1.530410
1.527400
1.524410
1.521420
1.518440
1.515470
1.512500
1.509550
1.506600
1.503660
1.500730
1.497800
1.494890
1.491980
1.489090
1.486190
1.483310
1.480440
1.477570
1.474720
1.471860
1.469020
1.466180
1.463350
1.460540
1.457720
1.454920
1.452120
1.449330
1.446550
1.443770
1.441010
1.438250
1.435500
1.432750
1.430020
1.427280
1.424560
1.421850
1.419140
1.416440
1.413740
1.411060
1.408380
1.405710
1.403040
1.400390
1.397730
1.395090
1.392460
1.389820
1.387200
1.384580
1.381980
1.379380
1.376780
1.374190
1.371610
1.369040
1.366470
1.363910
1.361360
1.358810
1.356270
1.353740
1.351200
1.348680
1.346180
1.343670
1.341160
1.338670
1.336180
1.333700
1.331220
1.328760
1.326300
1.323840
1.321390
1.318950
1.316510
1.314080
1.311650
1.309240
1.306830
1.304420
1.302020
1.299630
1.297240
1.294860
1.292490
1.290110
1.287750
1.285400
1.283050
1.280700
1.278370
1.276030
1.273710
1.271390
1.269070
1.266760
1.264460
1.262160
1.259870
1.257580
1.255310
1.253030
1.250770
1.248500
1.246250
1.243990
1.241750
1.239510
1.237280
1.235050
1.232820
1.230610
1.228400
1.226190
1.223990
1.221800
1.219600
1.217420
1.215250
1.213070
1.210900
1.208740
1.206580
1.204430
1.202290
1.200150
1.198010
1.195880
1.193750
1.191630
1.189520
1.187410
1.185310
1.183210
1.181120
1.179030
1.176940
1.174870
1.172790
1.170720
1.168660
1.166600
1.164550
1.162500
1.160460
1.158420
1.156390
1.154360
1.152340
1.150320
1.148310
1.146300
1.144300
1.142300
1.140310
1.138320
1.136340
1.134360
1.132390
1.130420
1.128450
1.126490
1.124540
1.122590
1.120640
1.118700
1.116770
1.114840
1.112910
1.110990
1.109070
1.107160
1.105250
1.103350
1.101450
1.099560
1.097670
1.095780
1.093900
1.092030
1.090150
1.088290
1.086430
1.084560
1.082710
1.080860
1.079020
1.077180
1.075340
1.073510
1.071680
1.069860
1.068040
1.066230
1.064420
1.062620
1.060820
1.059010
1.057220
1.055440
1.053650
1.051870
1.050100
1.048320
1.046560
1.044790
1.043030
1.041280
1.039530
1.037780
1.036040
1.034300
1.032570
1.030840
1.029100
1.027390
1.025670
