7.505880
7.505860
7.505840
7.505820
7.505800
7.505860
7.508940
7.509640
7.509640
7.509580
7.509520
7.509460
7.509400
7.509340
7.509290
7.509240
7.509200
7.509150
7.509110
7.509070
7.509030
7.509000
7.508970
7.508940
7.508920
7.508900
7.508880
7.508870
7.508860
7.508850
7.508850
7.508850
7.508860
7.508870
7.508890
7.508910
7.508930
7.508960
7.508990
7.509020
7.509050
7.509080
7.509120
7.509160
7.509200
7.509240
7.509280
7.509320
7.509370
7.509410
7.509460
7.509500
7.509550
7.509600
7.509650
7.509700
7.509750
7.509800
7.509850
7.509900
7.509950
7.510010
7.510060
7.510110
7.510160
7.510220
7.510270
7.510320
7.510380
7.510430
7.510480
7.510540
7.510590
7.510640
7.510690
7.510750
7.510800
7.510850
7.510900
7.510950
7.511000
7.511050
7.511100
7.511150
7.511200
7.511250
7.511300
7.511350
7.511400
7.511440
7.511490
7.511540
7.511580
7.511630
7.511670
7.511710
7.511760
7.511800
7.511840
7.511890
7.511930
7.511970
7.512010
7.512050
7.512090
7.512130
7.512170
7.512200
7.512240
7.512280
7.512320
7.512350
7.512390
7.512420
7.512460
7.512490
7.512520
7.512560
7.512590
7.512620
7.512650
7.512690
7.512720
7.512750
7.512780
7.512810
7.512840
7.512860
7.512890
7.512920
7.512950
7.512970
7.513000
7.513030
7.513050
7.513080
7.513100
7.513130
7.513150
7.513180
7.513200
7.513220
7.513250
7.513270
7.513290
7.513310
7.513330
7.513350
7.513380
7.513400
7.513420
7.513440
7.513450
7.513470
7.513490
7.513510
7.513530
7.513550
7.513560
7.513580
7.513600
7.513610
7.513630
7.513650
7.513660
7.513680
7.513690
7.513710
7.513720
7.513740
7.513750
7.513770
7.513780
7.513790
7.513810
7.513820
7.513830
7.513840
7.513850
7.513870
7.513880
7.513890
7.513900
7.513910
7.513920
7.513930
7.513940
7.513950
7.513960
7.513970
7.513980
7.513990
7.514000
7.514010
7.514020
7.514030
7.514030
7.514040
7.514050
7.514060
7.514070
7.514070
7.514080
7.514090
7.514090
7.514100
7.514110
7.514110
7.514120
7.514120
7.514130
7.514140
7.514140
7.514150
7.514150
7.514160
7.514160
7.514170
7.514170
7.514170
7.514180
7.514180
7.514190
7.514190
7.514190
7.514200
7.514200
7.514200
7.514210
7.514210
7.514210
7.514210
7.514220
7.514220
7.514220
7.514220
7.514230
7.514230
7.514230
7.514230
7.514230
7.514230
7.514230
7.514240
7.514240
7.514240
7.514240
7.514240
7.514240
7.514240
7.514240
7.514240
7.514240
7.514240
7.514240
7.514240
7.514240
7.514240
7.514240
7.514240
7.514240
7.514240
7.514230
7.514230
7.514230
7.514230
7.514230
7.514230
7.514230
7.514220
7.514220
7.514220
7.514220
7.514220
7.514220
7.514210
7.514210
7.514210
7.514210
7.514200
7.514200
7.514200
7.514200
7.514190
7.514190
7.514190
7.514180
7.514180
7.514180
7.514170
7.514170
7.514170
7.514160
7.514160
7.514160
7.514150
7.514150
7.514140
7.514140
7.514140
7.514130
7.514130
7.514120
7.514120
7.514120
7.514110
7.514110
7.514100
7.514100
7.514090
7.514090
7.514080
7.514080
7.514070
7.514070
7.514060
7.514060
7.514050
7.514050
7.514040
7.514040
7.514030
7.514020
7.514020
7.514010
7.514010
7.514000
7.514000
7.513990
7.513980
7.513980
7.513970
7.513970
7.513960
7.513950
7.513950
7.513940
7.513940
7.513930
7.513920
7.513920
7.513910
7.513900
7.513900
7.513890
7.513880
7.513880
7.513870
7.513860
7.513860
7.513850
7.513840
7.513830
7.513830
7.513820
7.513810
7.513810
7.513800
7.513790
7.513780
7.513780
7.513770
7.513760
7.513750
7.513750
7.513740
7.513730
7.513720
7.513720
7.513710
7.513700
7.513690
7.513680
7.513680
7.513670
7.513660
7.513650
7.513640
7.513640
7.513630
7.513620
7.513610
7.513600
7.513600
7.513590
7.513580
7.513570
7.513560
7.513550
7.513540
7.513540
7.513530
7.513520
7.513510
7.513500
7.513490
7.513480
7.513480
7.513470
7.513460
7.513450
7.513440
7.513430
7.513420
7.513410
7.513400
7.513390
7.513390
7.513380
7.513370
7.513360
7.513350
7.513340
7.513330
7.513320
7.513310
7.513300
7.513290
7.513280
7.513270
7.513260
7.513260
7.513250
7.513240
7.513230
7.513220
7.513210
7.513200
7.513190
7.513180
7.513170
7.513160
7.513150
7.513140
7.513130
7.513120
7.513110
7.513100
7.513090
7.513080
7.513070
7.513060
7.513050
7.513040
7.513030
7.513020
7.513010
7.513000
7.512990
7.512980
7.512970
7.512960
7.512950
7.512940
7.512930
7.512920
7.512910
7.512900
7.512890
7.512880
7.512860
7.512850
7.512840
7.512830
7.512820
7.512810
7.512800
7.512790
7.512780
7.512770
7.512760
7.512750
7.512740
7.512730
7.512720
7.512710
7.512690
7.512680
7.512670
7.512660
7.512650
7.512640
7.512630
7.512620
7.512610
7.512600
7.512590
7.512580
7.512560
7.512550
7.512540
7.512530
7.512520
7.512510
7.512500
7.512490
7.512480
7.512460
7.512450
7.512440
7.512430
7.512420
7.512410
7.512400
7.512390
7.512370
7.512360
7.512350
7.512340
7.512330
7.512320
7.512310
7.512300
7.512280
7.512270
7.512260
7.512250
7.512240
7.512230
7.512220
7.512200
7.512190
7.512180
7.512170
7.512160
7.512150
7.512130
7.512120
7.512110
7.512100
7.512090
7.512080
7.512060
7.512050
7.512040
7.512030
7.512020
7.512010
7.511990
7.511980
7.511970
7.511960
7.511950
7.511940
7.511920
7.511910
7.511900
7.511890
7.511880
7.511860
7.511850
7.511840
7.511830
7.511820
7.511800
7.511790
7.511780
7.511770
7.511760
7.511740
7.511730
7.511720
7.511710
7.511700
7.511680
7.511670
7.511660
7.511650
7.511640
7.511620
7.511610
7.511600
7.511590
7.511580
7.511560
7.511550
7.511540
7.511530
7.511510
7.511500
7.511490
7.511480
7.511470
7.511450
7.511440
7.511430
7.511420
7.511400
7.511390
7.511380
7.511370
7.511350
7.511340
7.511330
7.511320
7.511310
7.511290
7.511280
7.511270
7.511260
7.511240
7.511230
7.511220
7.511210
7.511190
7.511180
7.511170
7.511160
7.511140
7.511130
7.511120
7.511110
7.511090
7.511080
7.511070
7.511060
7.511040
7.511030
7.511020
7.511010
7.510990
7.510980
7.510970
7.510950
7.510940
7.510930
7.510920
7.510900
7.510890
7.510880
7.510870
7.510850
7.510840
7.510830
7.510820
7.510800
7.510790
7.510780
7.510760
7.510750
7.510740
7.510730
7.510710
7.510700
7.510690
7.510680
7.510660
7.510650
7.510640
7.510620
7.510610
7.510600
7.510590
7.510570
7.510560
7.510550
7.510530
7.510520
7.510510
7.510500
7.510480
7.510470
7.510460
7.510440
7.510430
7.510420
7.510400
7.510390
7.510380
7.510370
7.510350
7.510340
7.510330
7.510310
7.510300
7.510290
7.510280
7.510260
7.510250
7.510240
7.510220
7.510210
7.510200
7.510180
7.510170
7.510160
7.510150
7.510130
7.510120
7.510110
7.510090
7.510080
7.510070
7.510050
7.510040
7.510030
7.510010
7.510000
7.509990
7.509970
7.509960
7.509950
7.509940
7.509920
7.509910
7.509900
7.509880
7.509870
7.509860
7.509840
7.509830
7.509820
7.509800
7.509790
7.509780
7.509760
7.509750
7.509740
7.509720
7.509710
7.509700
7.509680
7.509670
7.509660
7.509650
7.509630
7.509620
7.509610
7.509590
7.509580
7.509570
7.509550
7.509540
7.509530
7.509510
7.509500
7.509490
7.509470
7.509460
7.509450
7.509430
7.509420
7.509410
7.509390
7.509380
7.509370
7.509350
7.509340
7.509330
7.509310
7.509300
7.509290
7.509270
7.509260
7.509250
7.509230
7.509220
7.509210
7.509190
7.509180
7.509170
7.509150
7.509140
7.509130
7.509110
7.509100
7.509090
7.509070
7.509060
7.509040
7.509030
7.509020
7.509000
7.508990
7.508980
7.508960
7.508950
7.508940
7.508920
7.508910
7.508900
7.508880
7.508870
7.508860
7.508840
7.508830
7.508820
7.508800
7.508790
7.508780
7.508760
7.508750
7.508740
7.508720
7.508710
7.508690
7.508680
7.508670
7.508650
7.508640
7.508630
7.508610
7.508600
7.508590
7.508570
7.508560
7.508550
7.508530
7.508520
7.508510
7.508490
7.508480
7.508460
7.508450
7.508440
7.508420
7.508410
7.508400
7.508380
7.508370
7.508360
7.508340
7.508330
7.508320
7.508300
7.508290
7.508270
7.508260
7.508250
7.508230
7.508220
7.508210
7.508190
7.508180
7.508170
7.508150
7.508140
7.508120
7.508110
7.508100
7.508080
7.508070
7.508060
7.508040
7.508030
7.508020
7.508000
7.507990
7.507970
7.507960
7.507950
7.507930
7.507920
7.507910
7.507890
7.507880
7.507870
7.507850
7.507840
7.507820
7.507810
7.507800
7.507780
7.507770
7.507760
7.507740
7.507730
7.507710
7.507700
7.507690
7.507670
7.507660
7.507650
7.507630
7.507620
7.507600
7.507590
7.507580
7.507560
7.507550
7.507540
7.507520
7.507510
7.507500
7.507480
7.507470
7.507450
7.507440
7.507430
7.507410
7.507400
7.507390
7.507370
7.507360
7.507340
7.507330
7.507320
7.507300
7.507290
7.507280
7.507260
7.507250
7.507230
7.507220
7.507210
7.507190
7.507180
7.507160
7.507150
7.507140
7.507120
7.507110
7.507100
7.507080
7.507070
7.507050
7.507040
7.507030
7.507010
7.507000
7.506990
7.506970
7.506960
7.506940
7.506930
7.506920
7.506900
7.506890
7.506880
7.506860
7.506850
7.506830
7.506820
7.506810
7.506790
7.506780
7.506760
7.506750
7.506740
7.506720
7.506710
7.506700
7.506680
7.506670
7.506650
7.506640
7.506630
7.506610
7.506600
7.506580
7.506570
7.506560
7.506540
7.506530
7.506520
7.506500
7.506490
7.506470
7.506460
7.506450
7.506430
7.506420
7.506400
7.506390
7.506380
7.506360
7.506350
7.506340
7.506320
7.506310
7.506290
7.506280
7.506270
7.506250
7.506240
7.506220
7.506210
7.506200
7.506180
7.506170
7.506160
7.506140
7.506130
7.506110
7.506100
7.506090
7.506070
7.506060
7.506040
7.506030
7.506020
7.506000
7.505990
7.505970
7.505960
7.505950
7.505930
7.505920
7.505910
7.505890
7.505880
7.505860
7.505840
7.505820
7.505800
7.505860
7.508940
7.509640
7.509640
7.509580
7.509520
7.509460
7.509400
7.509340
7.509290
7.509240
7.509200
7.509150
7.509110
7.509070
7.509030
7.509000
7.508970
7.508940
7.508920
7.508900
7.508880
7.508860
7.508860
7.508850
7.508850
7.508850
7.508860
7.508870
7.508890
7.508910
7.508930
7.508960
7.508990
7.509020
7.509050
7.509080
7.509120
7.509160
7.509200
7.509240
7.509280
7.509320
7.509370
7.509410
7.509460
7.509500
7.509550
7.509600
7.509650
7.509700
7.509750
7.509800
7.509850
7.509900
7.509950
7.510010
7.510060
7.510110
7.510160
7.510220
7.510270
7.510320
7.510380
7.510430
7.510480
7.510540
7.510590
7.510640
7.510690
7.510750
7.510800
7.510850
7.510900
7.510950
7.511000
7.511050
7.511100
7.511150
7.511200
7.511250
7.511300
7.511350
7.511400
7.511440
7.511490
7.511540
7.511580
7.511630
7.511670
7.511710
7.511760
7.511800
7.511840
7.511890
7.511930
7.511970
7.512010
7.512050
7.512090
7.512130
7.512170
7.512200
7.512240
7.512280
7.512320
7.512350
7.512390
7.512420
7.512460
7.512490
7.512520
7.512560
7.512590
7.512620
7.512650
7.512690
7.512720
7.512750
7.512780
7.512810
7.512840
7.512860
7.512890
7.512920
7.512950
7.512970
7.513000
7.513030
7.513050
7.513080
7.513100
7.513130
7.513150
7.513180
7.513200
7.513220
7.513250
7.513270
7.513290
7.513310
7.513330
7.513350
7.513380
7.513400
7.513420
7.513440
7.513450
7.513470
7.513490
7.513510
7.513530
7.513550
7.513560
7.513580
7.513600
7.513610
7.513630
7.513650
7.513660
7.513680
7.513690
7.513710
7.513720
7.513740
7.513750
7.513770
7.513780
7.513790
7.513810
7.513820
7.513830
7.513840
7.513850
7.513870
7.513880
7.513890
7.513900
7.513910
7.513920
7.513930
7.513940
7.513950
7.513960
7.513970
7.513980
7.513990
7.514000
7.514010
7.514020
7.514030
7.514030
7.514040
7.514050
7.514060
7.514070
7.514070
7.514080
7.514090
7.514090
7.514100
7.514110
7.514110
7.514120
7.514120
7.514130
7.514140
7.514140
7.514150
7.514150
7.514160
7.514160
7.514170
7.514170
7.514170
7.514180
7.514180
7.514190
7.514190
7.514190
7.514200
7.514200
7.514200
7.514210
7.514210
7.514210
7.514210
7.514220
7.514220
7.514220
7.514220
7.514230
7.514230
7.514230
7.514230
7.514230
7.514230
7.514230
7.514240
7.514240
7.514240
7.514240
7.514240
7.514240
7.514240
7.514240
7.514240
7.514240
7.514240
7.514240
7.514240
7.514240
7.514240
7.514240
7.514240
7.514240
7.514240
7.514230
7.514230
7.514230
7.514230
7.514230
7.514230
7.514230
7.514220
7.514220
7.514220
7.514220
7.514220
7.514220
7.514210
7.514210
7.514210
7.514210
7.514200
7.514200
7.514200
7.514200
7.514190
7.514190
7.514190
7.514180
7.514180
7.514180
7.514170
7.514170
7.514170
7.514160
7.514160
7.514160
7.514150
7.514150
7.514140
7.514140
7.514140
7.514130
7.514130
7.514120
7.514120
7.514120
7.514110
7.514110
7.514100
7.514100
7.514090
7.514090
7.514080
7.514080
7.514070
7.514070
7.514060
7.514060
7.514050
7.514050
7.514040
7.514040
7.514030
7.514020
7.514020
7.514010
7.514010
7.514000
7.514000
7.513990
7.513980
7.513980
7.513970
7.513970
7.513960
7.513950
7.513950
7.513940
7.513940
7.513930
7.513920
7.513920
7.513910
7.513900
7.513900
7.513890
7.513880
7.513880
7.513870
7.513860
7.513860
7.513850
7.513840
7.513830
7.513830
7.513820
7.513810
7.513810
7.513800
7.513790
7.513780
7.513780
7.513770
7.513760
7.513750
7.513750
7.513740
7.513730
7.513720
7.513720
7.513710
7.513700
7.513690
7.513680
7.513680
7.513670
7.513660
7.513650
7.513640
7.513640
7.513630
7.513620
7.513610
7.513600
7.513600
7.513590
7.513580
7.513570
7.513560
7.513550
7.513540
7.513540
7.513530
7.513520
7.513510
7.513500
7.513490
7.513480
7.513480
7.513470
7.513460
7.513450
7.513440
7.513430
7.513420
7.513410
7.513400
7.513390
7.513390
7.513380
7.513370
7.513360
7.513350
7.513340
7.513330
7.513320
7.513310
7.513300
7.513290
7.513280
7.513270
7.513260
7.513260
7.513250
7.513240
7.513230
7.513220
7.513210
7.513200
7.513190
7.513180
7.513170
7.513160
7.513150
7.513140
7.513130
7.513120
7.513110
7.513100
7.513090
7.513080
7.513070
7.513060
7.513050
7.513040
7.513030
7.513020
7.513010
7.513000
7.512990
7.512980
7.512970
7.512960
7.512950
7.512940
7.512930
7.512920
7.512910
7.512900
7.512890
7.512880
7.512860
7.512850
7.512840
7.512830
7.512820
7.512810
7.512800
7.512790
7.512780
7.512770
7.512760
7.512750
7.512740
7.512730
7.512720
7.512710
7.512690
7.512680
7.512670
7.512660
7.512650
7.512640
7.512630
7.512620
7.512610
7.512600
7.512590
7.512580
7.512560
7.512550
7.512540
7.512530
7.512520
7.512510
7.512500
7.512490
7.512480
7.512460
7.512450
7.512440
7.512430
7.512420
7.512410
7.512400
7.512390
7.512370
7.512360
7.512350
7.512340
7.512330
7.512320
7.512310
7.512300
7.512280
7.512270
7.512260
7.512250
7.512240
7.512230
7.512220
7.512200
7.512190
7.512180
7.512170
7.512160
7.512150
7.512130
7.512120
7.512110
7.512100
7.512090
7.512080
7.512060
7.512050
7.512040
7.512030
7.512020
7.512010
7.511990
7.511980
7.511970
7.511960
7.511950
7.511940
7.511920
7.511910
7.511900
7.511890
7.511880
7.511860
7.511850
7.511840
7.511830
7.511820
7.511800
7.511790
7.511780
7.511770
7.511760
7.511740
7.511730
7.511720
7.511710
7.511700
7.511680
7.511670
7.511660
7.511650
7.511640
7.511620
7.511610
7.511600
7.511590
7.511580
7.511560
7.511550
7.511540
7.511530
7.511510
7.511500
7.511490
7.511480
7.511470
7.511450
7.511440
7.511430
7.511420
7.511400
7.511390
7.511380
7.511370
7.511350
7.511340
7.511330
7.511320
7.511310
7.511290
7.511280
7.511270
7.511260
7.511240
7.511230
7.511220
7.511210
7.511190
7.511180
7.511170
7.511160
7.511140
7.511130
7.511120
7.511110
7.511090
7.511080
7.511070
7.511060
7.511040
7.511030
7.511020
7.511010
7.510990
7.510980
7.510970
7.510950
7.510940
7.510930
7.510920
7.510900
7.510890
7.510880
7.510870
7.510850
7.510840
7.510830
7.510820
7.510800
7.510790
7.510780
7.510760
7.510750
7.510740
7.510730
7.510710
7.510700
7.510690
7.510680
7.510660
7.510650
7.510640
7.510620
7.510610
7.510600
7.510590
7.510570
7.510560
7.510550
7.510530
7.510520
7.510510
7.510500
7.510480
7.510470
7.510460
7.510440
7.510430
7.510420
7.510400
7.510390
7.510380
7.510370
7.510350
7.510340
7.510330
7.510310
7.510300
7.510290
7.510280
7.510260
7.510250
7.510240
7.510220
7.510210
7.510200
7.510180
7.510170
7.510160
7.510150
7.510130
7.510120
7.510110
7.510090
7.510080
7.510070
7.510050
7.510040
7.510030
7.510010
7.510000
7.509990
7.509970
7.509960
7.509950
7.509940
7.509920
7.509910
7.509900
7.509880
7.509870
7.509860
7.509840
7.509830
7.509820
7.509800
7.509790
7.509780
7.509760
7.509750
7.509740
7.509720
7.509710
7.509700
7.509690
7.509670
7.509660
7.509650
7.509630
7.509620
7.509610
7.509590
7.509580
7.509570
7.509550
7.509540
7.509530
7.509510
7.509500
7.509490
7.509470
7.509460
7.509450
7.509430
7.509420
7.509410
7.509390
7.509380
7.509370
7.509350
7.509340
7.509330
7.509310
7.509300
7.509290
7.509270
7.509260
7.509250
7.509230
7.509220
7.509210
7.509190
7.509180
7.509170
7.509150
7.509140
7.509130
7.509110
7.509100
7.509090
7.509070
7.509060
7.509040
7.509030
7.509020
7.509000
7.508990
7.508980
7.508960
7.508950
7.508940
7.508920
7.508910
7.508900
7.508880
7.508870
7.508860
7.508840
7.508830
7.508820
7.508800
7.508790
7.508780
7.508760
7.508750
7.508740
7.508720
7.508710
7.508690
7.508680
7.508670
7.508650
7.508640
7.508630
7.508610
7.508600
7.508590
7.508570
7.508560
7.508550
7.508530
7.508520
7.508510
7.508490
7.508480
7.508460
7.508450
7.508440
7.508420
7.508410
7.508400
7.508380
7.508370
7.508360
7.508340
7.508330
7.508320
7.508300
7.508290
7.508270
7.508260
7.508250
7.508230
7.508220
7.508210
7.508190
7.508180
7.508170
7.508150
7.508140
7.508120
7.508110
7.508100
7.508080
7.508070
7.508060
7.508040
7.508030
7.508020
7.508000
7.507990
7.507970
7.507960
7.507950
7.507930
7.507920
7.507910
7.507890
7.507880
7.507870
7.507850
7.507840
7.507820
7.507810
7.507800
7.507780
7.507770
7.507760
7.507740
7.507730
7.507710
7.507700
7.507690
7.507670
7.507660
7.507650
7.507630
7.507620
7.507600
7.507590
7.507580
7.507560
7.507550
7.507540
7.507520
7.507510
7.507500
7.507480
7.507470
7.507450
7.507440
7.507430
7.507410
7.507400
7.507390
7.507370
7.507360
7.507340
7.507330
7.507320
7.507300
7.507290
7.507280
7.507260
7.507250
7.507230
7.507220
7.507210
7.507190
7.507180
7.507160
7.507150
7.507140
7.507120
7.507110
7.507100
7.507080
7.507070
7.507050
7.507040
7.507030
7.507010
7.507000
7.506990
7.506970
7.506960
7.506940
7.506930
7.506920
7.506900
7.506890
7.506880
7.506860
7.506850
7.506830
7.506820
7.506810
7.506790
7.506780
7.506760
7.506750
7.506740
7.506720
7.506710
7.506700
7.506680
7.506670
7.506650
7.506640
7.506630
7.506610
7.506600
7.506580
7.506570
7.506560
7.506540
7.506530
7.506520
7.506500
7.506490
7.506470
7.506460
7.506450
7.506430
7.506420
7.506400
7.506390
7.506380
7.506360
7.506350
7.506340
7.506320
7.506310
7.506290
7.506280
7.506270
7.506250
7.506240
7.506220
7.506210
7.506200
7.506180
7.506170
7.506160
7.506140
7.506130
7.506110
7.506100
7.506090
7.506070
7.506060
7.506040
7.506030
7.506020
7.506000
7.505990
7.505970
7.505960
7.505950
7.505930
7.505920
7.505910
7.505890
7.505880
7.505860
7.505840
7.505820
7.505800
7.505860
7.508940
7.509640
7.509640
7.509580
7.509520
7.509460
7.509400
7.509340
7.509290
7.509240
7.509200
7.509150
7.509110
7.509070
7.509030
7.509000
7.508970
7.508940
7.508920
7.508900
7.508880
7.508860
7.508860
7.508850
7.508850
7.508850
7.508860
7.508870
7.508890
7.508910
7.508930
7.508960
7.508990
7.509020
7.509050
7.509080
7.509120
7.509160
7.509200
7.509240
7.509280
7.509320
7.509370
7.509410
7.509460
7.509500
7.509550
7.509600
7.509650
7.509700
7.509750
7.509800
7.509850
7.509900
7.509950
7.510010
7.510060
7.510110
7.510160
7.510220
7.510270
7.510320
7.510380
7.510430
7.510480
7.510540
7.510590
7.510640
7.510690
7.510750
7.510800
7.510850
7.510900
7.510950
7.511000
7.511050
7.511100
7.511150
7.511200
7.511250
7.511300
7.511350
7.511400
7.511440
7.511490
7.511540
7.511580
7.511630
7.511670
7.511710
7.511760
7.511800
7.511840
7.511890
7.511930
7.511970
7.512010
7.512050
7.512090
7.512130
7.512170
7.512200
7.512240
7.512280
7.512320
7.512350
7.512390
7.512420
7.512460
7.512490
7.512520
7.512560
7.512590
7.512620
7.512650
7.512690
7.512720
7.512750
7.512780
7.512810
7.512840
7.512860
7.512890
7.512920
7.512950
7.512970
7.513000
7.513030
7.513050
7.513080
7.513100
7.513130
7.513150
7.513180
7.513200
7.513220
7.513250
7.513270
7.513290
7.513310
7.513330
7.513350
7.513380
7.513400
7.513420
7.513440
7.513450
7.513470
7.513490
7.513510
7.513530
7.513550
7.513560
7.513580
7.513600
7.513610
7.513630
7.513650
7.513660
7.513680
7.513690
7.513710
7.513720
7.513740
7.513750
7.513770
7.513780
7.513790
7.513810
7.513820
7.513830
7.513840
7.513860
7.513870
7.513880
7.513890
7.513900
7.513910
7.513920
7.513930
7.513940
7.513950
7.513960
7.513970
7.513980
7.513990
7.514000
7.514010
7.514020
7.514030
7.514030
7.514040
7.514050
7.514060
7.514070
7.514070
7.514080
7.514090
7.514090
7.514100
7.514110
7.514110
7.514120
7.514120
7.514130
7.514140
7.514140
7.514150
7.514150
7.514160
7.514160
7.514170
7.514170
7.514170
7.514180
7.514180
7.514190
7.514190
7.514190
7.514200
7.514200
7.514200
7.514210
7.514210
7.514210
7.514210
7.514220
7.514220
7.514220
7.514220
7.514230
7.514230
7.514230
7.514230
7.514230
7.514230
7.514230
7.514240
7.514240
7.514240
7.514240
7.514240
7.514240
7.514240
7.514240
7.514240
7.514240
7.514240
7.514240
7.514240
7.514240
7.514240
7.514240
7.514240
7.514240
7.514240
7.514230
7.514230
7.514230
7.514230
7.514230
7.514230
7.514230
7.514220
7.514220
7.514220
7.514220
7.514220
7.514220
7.514210
7.514210
7.514210
7.514210
7.514200
7.514200
7.514200
7.514200
7.514190
7.514190
7.514190
7.514180
7.514180
7.514180
7.514170
7.514170
7.514170
7.514160
7.514160
7.514160
7.514150
7.514150
7.514140
7.514140
7.514140
7.514130
7.514130
7.514120
7.514120
7.514120
7.514110
7.514110
7.514100
7.514100
7.514090
7.514090
7.514080
7.514080
7.514070
7.514070
7.514060
7.514060
7.514050
7.514050
7.514040
7.514040
7.514030
7.514030
7.514020
7.514010
7.514010
7.514000
7.514000
7.513990
7.513980
7.513980
7.513970
7.513970
7.513960
7.513950
7.513950
7.513940
7.513940
7.513930
7.513920
7.513920
7.513910
7.513900
7.513900
7.513890
7.513880
7.513880
7.513870
7.513860
7.513860
7.513850
7.513840
7.513830
7.513830
7.513820
7.513810
7.513810
7.513800
7.513790
7.513780
7.513780
7.513770
7.513760
7.513750
7.513750
7.513740
7.513730
7.513720
7.513720
7.513710
7.513700
7.513690
7.513680
7.513680
7.513670
7.513660
7.513650
7.513640
7.513640
7.513630
7.513620
7.513610
7.513600
7.513600
7.513590
7.513580
7.513570
7.513560
7.513550
7.513540
7.513540
7.513530
7.513520
7.513510
7.513500
7.513490
7.513480
7.513480
7.513470
7.513460
7.513450
7.513440
7.513430
7.513420
7.513410
7.513400
7.513390
7.513390
7.513380
7.513370
7.513360
7.513350
7.513340
7.513330
7.513320
7.513310
7.513300
7.513290
7.513280
7.513270
7.513260
7.513260
7.513250
7.513240
7.513230
7.513220
7.513210
7.513200
7.513190
7.513180
7.513170
7.513160
7.513150
7.513140
7.513130
7.513120
7.513110
7.513100
7.513090
7.513080
7.513070
7.513060
7.513050
7.513040
7.513030
7.513020
7.513010
7.513000
7.512990
7.512980
7.512970
7.512960
7.512950
7.512940
7.512930
7.512920
7.512910
7.512900
7.512890
7.512880
7.512860
7.512850
7.512840
7.512830
7.512820
7.512810
7.512800
7.512790
7.512780
7.512770
7.512760
7.512750
7.512740
7.512730
7.512720
7.512710
7.512690
7.512680
7.512670
7.512660
7.512650
7.512640
7.512630
7.512620
7.512610
7.512600
7.512590
7.512580
7.512560
7.512550
7.512540
7.512530
7.512520
7.512510
7.512500
7.512490
7.512480
7.512460
7.512450
7.512440
7.512430
7.512420
7.512410
7.512400
7.512390
7.512370
7.512360
7.512350
7.512340
7.512330
7.512320
7.512310
7.512300
7.512280
7.512270
7.512260
7.512250
7.512240
7.512230
7.512220
7.512200
7.512190
7.512180
7.512170
7.512160
7.512150
7.512130
7.512120
7.512110
7.512100
7.512090
7.512080
7.512060
7.512050
7.512040
7.512030
7.512020
7.512010
7.511990
7.511980
7.511970
7.511960
7.511950
7.511940
7.511920
7.511910
7.511900
7.511890
7.511880
7.511860
7.511850
7.511840
7.511830
7.511820
7.511800
7.511790
7.511780
7.511770
7.511760
7.511740
7.511730
7.511720
7.511710
7.511700
7.511680
7.511670
7.511660
7.511650
7.511640
7.511620
7.511610
7.511600
7.511590
7.511580
7.511560
7.511550
7.511540
7.511530
7.511510
7.511500
7.511490
7.511480
7.511470
7.511450
7.511440
7.511430
7.511420
7.511400
7.511390
7.511380
7.511370
7.511350
7.511340
7.511330
7.511320
7.511310
7.511290
7.511280
7.511270
7.511260
7.511240
7.511230
7.511220
7.511210
7.511190
7.511180
7.511170
7.511160
7.511140
7.511130
7.511120
7.511110
7.511090
7.511080
7.511070
7.511060
7.511040
7.511030
7.511020
7.511010
7.510990
7.510980
7.510970
7.510950
7.510940
7.510930
7.510920
7.510900
7.510890
7.510880
7.510870
7.510850
7.510840
7.510830
7.510820
7.510800
7.510790
7.510780
7.510760
7.510750
7.510740
7.510730
7.510710
7.510700
7.510690
7.510680
7.510660
7.510650
7.510640
7.510620
7.510610
7.510600
7.510590
7.510570
7.510560
7.510550
7.510530
7.510520
7.510510
7.510500
7.510480
7.510470
7.510460
7.510440
7.510430
7.510420
7.510410
7.510390
7.510380
7.510370
7.510350
7.510340
7.510330
7.510310
7.510300
7.510290
7.510280
7.510260
7.510250
7.510240
7.510220
7.510210
7.510200
7.510180
7.510170
7.510160
7.510150
7.510130
7.510120
7.510110
7.510090
7.510080
7.510070
7.510050
7.510040
7.510030
7.510010
7.510000
7.509990
7.509980
7.509960
7.509950
7.509940
7.509920
7.509910
7.509900
7.509880
7.509870
7.509860
7.509840
7.509830
7.509820
7.509800
7.509790
7.509780
7.509760
7.509750
7.509740
7.509720
7.509710
7.509700
7.509690
7.509670
7.509660
7.509650
7.509630
7.509620
7.509610
7.509590
7.509580
7.509570
7.509550
7.509540
7.509530
7.509510
7.509500
7.509490
7.509470
7.509460
7.509450
7.509430
7.509420
7.509410
7.509390
7.509380
7.509370
7.509350
7.509340
7.509330
7.509310
7.509300
7.509290
7.509270
7.509260
7.509250
7.509230
7.509220
7.509210
7.509190
7.509180
7.509170
7.509150
7.509140
7.509130
7.509110
7.509100
7.509090
7.509070
7.509060
7.509050
7.509030
7.509020
7.509000
7.508990
7.508980
7.508960
7.508950
7.508940
7.508920
7.508910
7.508900
7.508880
7.508870
7.508860
7.508840
7.508830
7.508820
7.508800
7.508790
7.508780
7.508760
7.508750
7.508740
7.508720
7.508710
7.508690
7.508680
7.508670
7.508650
7.508640
7.508630
7.508610
7.508600
7.508590
7.508570
7.508560
7.508550
7.508530
7.508520
7.508510
7.508490
7.508480
7.508460
7.508450
7.508440
7.508420
7.508410
7.508400
7.508380
7.508370
7.508360
7.508340
7.508330
7.508320
7.508300
7.508290
7.508270
7.508260
7.508250
7.508230
7.508220
7.508210
7.508190
7.508180
7.508170
7.508150
7.508140
7.508120
7.508110
7.508100
7.508080
7.508070
7.508060
7.508040
7.508030
7.508020
7.508000
7.507990
7.507970
7.507960
7.507950
7.507930
7.507920
7.507910
7.507890
7.507880
7.507870
7.507850
7.507840
7.507820
7.507810
7.507800
7.507780
7.507770
7.507760
7.507740
7.507730
7.507710
7.507700
7.507690
7.507670
7.507660
7.507650
7.507630
7.507620
7.507600
7.507590
7.507580
7.507560
7.507550
7.507540
7.507520
7.507510
7.507500
7.507480
7.507470
7.507450
7.507440
7.507430
7.507410
7.507400
7.507390
7.507370
7.507360
7.507340
7.507330
7.507320
7.507300
7.507290
7.507280
7.507260
7.507250
7.507230
7.507220
7.507210
7.507190
7.507180
7.507170
7.507150
7.507140
7.507120
7.507110
7.507100
7.507080
7.507070
7.507050
7.507040
7.507030
7.507010
7.507000
7.506990
7.506970
7.506960
7.506940
7.506930
7.506920
7.506900
7.506890
7.506880
7.506860
7.506850
7.506830
7.506820
7.506810
7.506790
7.506780
7.506760
7.506750
7.506740
7.506720
7.506710
7.506700
7.506680
7.506670
7.506650
7.506640
7.506630
7.506610
7.506600
7.506590
7.506570
7.506560
7.506540
7.506530
7.506520
7.506500
7.506490
7.506470
7.506460
7.506450
7.506430
7.506420
7.506410
7.506390
7.506380
7.506360
7.506350
7.506340
7.506320
7.506310
7.506290
7.506280
7.506270
7.506250
7.506240
7.506220
7.506210
7.506200
7.506180
7.506170
7.506160
7.506140
7.506130
7.506110
7.506100
7.506090
7.506070
7.506060
7.506040
7.506030
7.506020
7.506000
7.505990
7.505970
7.505960
7.505950
7.505930
7.505920
7.505910
7.505890
7.505880
