0.100134
0.100215
0.100594
0.101505
0.103481
0.108834
0.376558
0.345888
0.320648
0.310583
0.309732
0.322523
0.353044
0.395519
0.444230
0.495041
0.545693
0.595271
0.643572
0.690653
0.736601
0.781432
0.825066
0.867337
0.908006
0.946789
0.983380
1.017470
1.048780
1.077090
1.102250
1.124220
1.143060
1.158950
1.172180
1.183070
1.192020
1.199380
1.205500
1.210670
1.215110
1.218980
1.222380
1.225370
1.227960
1.230120
1.231810
1.232980
1.233590
1.233630
1.233090
1.232010
1.230440
1.228430
1.226050
1.223340
1.220360
1.217140
1.213700
1.210090
1.206300
1.202360
1.198280
1.194070
1.189730
1.185270
1.180700
1.176030
1.171260
1.166390
1.161440
1.156410
1.151300
1.146130
1.140890
1.135600
1.130250
1.124860
1.119430
1.113960
1.108450
1.102920
1.097360
1.091780
1.086180
1.080570
1.074940
1.069300
1.063660
1.058010
1.052350
1.046700
1.041040
1.035380
1.029730
1.024090
1.018450
1.012820
1.007190
1.001580
0.995977
0.990386
0.984808
0.979244
0.973694
0.968159
0.962641
0.957138
0.951653
0.946186
0.940737
0.935306
0.929895
0.924504
0.919132
0.913781
0.908451
0.903142
0.897855
0.892589
0.887345
0.882124
0.876925
0.871749
0.866596
0.861465
0.856359
0.851275
0.846216
0.841180
0.836168
0.831180
0.826217
0.821277
0.816362
0.811472
0.806606
0.801765
0.796948
0.792157
0.787390
0.782648
0.777932
0.773240
0.768574
0.763932
0.759316
0.754725
0.750160
0.745619
0.741104
0.736614
0.732150
0.727711
0.723298
0.718910
0.714547
0.710210
0.705898
0.701612
0.697351
0.693115
0.688905
0.684720
0.680561
0.676427
0.672318
0.668235
0.664176
0.660143
0.656136
0.652153
0.648196
0.644264
0.640357
0.636475
0.632618
0.628786
0.624979
0.621196
0.617439
0.613706
0.609998
0.606315
0.602656
0.599021
0.595411
0.591826
0.588265
0.584728
0.581215
0.577727
0.574262
0.570821
0.567405
0.564012
0.560643
0.557297
0.553975
0.550677
0.547401
0.544149
0.540921
0.537715
0.534532
0.531373
0.528236
0.525122
0.522030
0.518961
0.515914
0.512890
0.509888
0.506908
0.503950
0.501013
0.498099
0.495206
0.492335
0.489485
0.486657
0.483850
0.481064
0.478299
0.475554
0.472831
0.470128
0.467445
0.464783
0.462142
0.459520
0.456919
0.454337
0.451775
0.449233
0.446710
0.444207
0.441723
0.439258
0.436813
0.434386
0.431978
0.429588
0.427217
0.424865
0.422531
0.420215
0.417917
0.415637
0.413375
0.411130
0.408903
0.406694
0.404501
0.402326
0.400168
0.398027
0.395902
0.393795
0.391703
0.389628
0.387570
0.385527
0.383501
0.381490
0.379496
0.377516
0.375553
0.373605
0.371672
0.369754
0.367851
0.365964
0.364091
0.362232
0.360389
0.358559
0.356744
0.354944
0.353157
0.351384
0.349626
0.347881
0.346149
0.344431
0.342727
0.341035
0.339357
0.337692
0.336040
0.334401
0.332775
0.331161
0.329559
0.327970
0.326394
0.324829
0.323277
0.321737
0.320208
0.318691
0.317186
0.315693
0.314211
0.312740
0.311281
0.309833
0.308396
0.306970
0.305554
0.304150
0.302756
0.301373
0.300001
0.298639
0.297287
0.295945
0.294614
0.293293
0.291981
0.290680
0.289388
0.288106
0.286834
0.285571
0.284318
0.283074
0.281840
0.280615
0.279398
0.278191
0.276993
0.275804
0.274624
0.273453
0.272290
0.271136
0.269990
0.268853
0.267725
0.266604
0.265492
0.264389
0.263293
0.262205
0.261126
0.260054
0.258991
0.257935
0.256886
0.255846
0.254813
0.253788
0.252770
0.251760
0.250757
0.249761
0.248773
0.247792
0.246818
0.245851
0.244891
0.243938
0.242992
0.242053
0.241121
0.240195
0.239276
0.238364
0.237459
0.236560
0.235667
0.234781
0.233901
0.233028
0.232161
0.231300
0.230446
0.229597
0.228755
0.227919
0.227088
0.226264
0.225446
0.224633
0.223827
0.223026
0.222231
0.221441
0.220657
0.219879
0.219106
0.218339
0.217578
0.216821
0.216070
0.215325
0.214585
0.213850
0.213120
0.212395
0.211676
0.210962
0.210252
0.209548
0.208849
0.208155
0.207465
0.206781
0.206101
0.205426
0.204756
0.204090
0.203430
0.202774
0.202122
0.201475
0.200833
0.200195
0.199561
0.198932
0.198308
0.197687
0.197071
0.196460
0.195852
0.195249
0.194650
0.194055
0.193465
0.192878
0.192296
0.191717
0.191143
0.190572
0.190005
0.189443
0.188884
0.188329
0.187778
0.187230
0.186687
0.186147
0.185610
0.185078
0.184549
0.184024
0.183502
0.182984
0.182469
0.181958
0.181450
0.180946
0.180445
0.179948
0.179454
0.178963
0.178475
0.177991
0.177510
0.177033
0.176558
0.176087
0.175619
0.175154
0.174692
0.174233
0.173777
0.173325
0.172875
0.172428
0.171985
0.171544
0.171106
0.170671
0.170239
0.169810
0.169383
0.168960
0.168539
0.168121
0.167705
0.167293
0.166883
0.166476
0.166071
0.165669
0.165270
0.164873
0.164479
0.164088
0.163698
0.163312
0.162928
0.162546
0.162167
0.161791
0.161417
0.161045
0.160675
0.160308
0.159944
0.159581
0.159221
0.158864
0.158508
0.158155
0.157804
0.157456
0.157109
0.156765
0.156423
0.156083
0.155745
0.155409
0.155076
0.154744
0.154415
0.154088
0.153763
0.153439
0.153118
0.152799
0.152482
0.152167
0.151854
0.151542
0.151233
0.150926
0.150620
0.150316
0.150015
0.149715
0.149417
0.149121
0.148826
0.148534
0.148243
0.147954
0.147667
0.147381
0.147098
0.146816
0.146536
0.146257
0.145980
0.145705
0.145432
0.145160
0.144890
0.144621
0.144354
0.144089
0.143825
0.143563
0.143303
0.143044
0.142786
0.142531
0.142276
0.142023
0.141772
0.141522
0.141274
0.141027
0.140782
0.140538
0.140296
0.140055
0.139815
0.139577
0.139340
0.139105
0.138871
0.138639
0.138407
0.138178
0.137949
0.137722
0.137496
0.137272
0.137049
0.136827
0.136606
0.136387
0.136169
0.135952
0.135737
0.135523
0.135310
0.135098
0.134888
0.134678
0.134470
0.134263
0.134058
0.133853
0.133650
0.133448
0.133247
0.133047
0.132848
0.132651
0.132454
0.132259
0.132065
0.131872
0.131680
0.131489
0.131300
0.131111
0.130923
0.130737
0.130551
0.130367
0.130183
0.130001
0.129820
0.129640
0.129460
0.129282
0.129105
0.128929
0.128753
0.128579
0.128406
0.128233
0.128062
0.127892
0.127722
0.127554
0.127386
0.127219
0.127054
0.126889
0.126725
0.126562
0.126400
0.126239
0.126079
0.125919
0.125761
0.125603
0.125447
0.125291
0.125136
0.124982
0.124828
0.124676
0.124524
0.124374
0.124224
0.124074
0.123926
0.123779
0.123632
0.123486
0.123341
0.123197
0.123053
0.122910
0.122768
0.122627
0.122487
0.122347
0.122208
0.122070
0.121933
0.121796
0.121660
0.121525
0.121391
0.121257
0.121124
0.120992
0.120860
0.120729
0.120599
0.120470
0.120341
0.120213
0.120085
0.119959
0.119833
0.119707
0.119583
0.119459
0.119335
0.119213
0.119091
0.118969
0.118849
0.118729
0.118609
0.118490
0.118372
0.118255
0.118138
0.118021
0.117906
0.117791
0.117676
0.117562
0.117449
0.117336
0.117224
0.117113
0.117002
0.116892
0.116782
0.116673
0.116564
0.116456
0.116349
0.116242
0.116135
0.116030
0.115924
0.115820
0.115716
0.115612
0.115509
0.115407
0.115305
0.115203
0.115102
0.115002
0.114902
0.114803
0.114704
0.114606
0.114508
0.114411
0.114314
0.114218
0.114122
0.114027
0.113932
0.113838
0.113744
0.113651
0.113558
0.113465
0.113374
0.113282
0.113191
0.113101
0.113011
0.112921
0.112832
0.112744
0.112655
0.112568
0.112480
0.112394
0.112307
0.112221
0.112136
0.112051
0.111966
0.111882
0.111798
0.111715
0.111632
0.111550
0.111468
0.111386
0.111305
0.111224
0.111144
0.111064
0.110984
0.110905
0.110826
0.110748
0.110670
0.110592
0.110515
0.110438
0.110362
0.110286
0.110210
0.110135
0.110060
0.109986
0.109912
0.109838
0.109764
0.109691
0.109619
0.109547
0.109475
0.109403
0.109332
0.109261
0.109191
0.109121
0.109051
0.108981
0.108912
0.108844
0.108775
0.108707
0.108640
0.108572
0.108505
0.108439
0.108372
0.108306
0.108241
0.108175
0.108110
0.108046
0.107981
0.107917
0.107854
0.107790
0.107727
0.107664
0.107602
0.107540
0.107478
0.107416
0.107355
0.107294
0.107234
0.107173
0.107113
0.107054
0.106994
0.106935
0.106876
0.106818
0.106759
0.106702
0.106644
0.106586
0.106529
0.106473
0.106416
0.106360
0.106304
0.106248
0.106193
0.106138
0.106083
0.106028
0.105974
0.105920
0.105866
0.105812
0.105759
0.105706
0.105653
0.105601
0.105549
0.105497
0.105445
0.105393
0.105342
0.105291
0.105241
0.105190
0.105140
0.105090
0.105040
0.104991
0.104941
0.104892
0.104844
0.104795
0.104747
0.104699
0.104651
0.104604
0.104556
0.104509
0.104462
0.104416
0.104369
0.104323
0.104277
0.104231
0.104186
0.104141
0.104095
0.104051
0.104006
0.103962
0.103917
0.103873
0.103830
0.103786
0.103743
0.103700
0.103657
0.103614
0.103572
0.103529
0.103487
0.103445
0.103404
0.103362
0.103321
0.103280
0.103239
0.103198
0.103158
0.103118
0.103078
0.103038
0.102998
0.102958
0.102919
0.102880
0.102841
0.102802
0.102764
0.102725
0.102687
0.102649
0.102612
0.102574
0.102536
0.102499
0.102462
0.102425
0.102389
0.102352
0.102316
0.102279
0.102243
0.102208
0.102172
0.102136
0.102101
0.102066
0.102031
0.101996
0.101962
0.101927
0.101893
0.101859
0.101825
0.101791
0.101757
0.101724
0.101691
0.101657
0.101624
0.101592
0.101559
0.101526
0.101494
0.101462
0.101430
0.101398
0.101366
0.101334
0.101303
0.101272
0.101241
0.101210
0.101179
0.101148
0.101118
0.101087
0.101057
0.101027
0.100997
0.100967
0.100937
0.100908
0.100879
0.100849
0.100820
0.100791
0.100762
0.100734
0.100705
0.100677
0.100649
0.100620
0.100592
0.100565
0.100537
0.100509
0.100482
0.100455
0.100427
0.100400
0.100373
0.100347
0.100320
0.100293
0.100267
0.100241
0.100214
0.100188
0.100163
0.100137
0.100218
0.100597
0.101507
0.103484
0.108835
0.376560
0.345903
0.320660
0.310592
0.309739
0.322527
0.353044
0.395515
0.444225
0.495035
0.545686
0.595263
0.643562
0.690641
0.736588
0.781418
0.825051
0.867321
0.907989
0.946773
0.983363
1.017450
1.048770
1.077080
1.102240
1.124210
1.143050
1.158940
1.172170
1.183070
1.192010
1.199380
1.205500
1.210670
1.215110
1.218980
1.222380
1.225370
1.227960
1.230120
1.231820
1.232990
1.233600
1.233630
1.233100
1.232020
1.230450
1.228440
1.226060
1.223350
1.220370
1.217150
1.213720
1.210100
1.206310
1.202380
1.198290
1.194080
1.189740
1.185290
1.180720
1.176040
1.171270
1.166400
1.161450
1.156420
1.151320
1.146140
1.140910
1.135610
1.130270
1.124880
1.119440
1.113970
1.108470
1.102940
1.097380
1.091800
1.086200
1.080590
1.074960
1.069320
1.063680
1.058020
1.052370
1.046710
1.041060
1.035400
1.029750
1.024110
1.018470
1.012840
1.007210
1.001600
0.995998
0.990407
0.984829
0.979265
0.973716
0.968181
0.962662
0.957160
0.951675
0.946208
0.940759
0.935329
0.929918
0.924526
0.919155
0.913804
0.908474
0.903165
0.897878
0.892612
0.887369
0.882148
0.876949
0.871773
0.866620
0.861490
0.856383
0.851300
0.846240
0.841205
0.836193
0.831205
0.826242
0.821302
0.816388
0.811497
0.806631
0.801790
0.796974
0.792183
0.787416
0.782674
0.777958
0.773266
0.768600
0.763958
0.759342
0.754752
0.750186
0.745646
0.741131
0.736641
0.732177
0.727738
0.723325
0.718937
0.714574
0.710237
0.705925
0.701639
0.697378
0.693142
0.688932
0.684748
0.680588
0.676454
0.672346
0.668262
0.664204
0.660171
0.656163
0.652181
0.648224
0.644292
0.640385
0.636503
0.632646
0.628814
0.625006
0.621224
0.617467
0.613734
0.610026
0.606342
0.602684
0.599049
0.595439
0.591854
0.588293
0.584756
0.581243
0.577755
0.574290
0.570849
0.567433
0.564040
0.560670
0.557325
0.554003
0.550704
0.547429
0.544177
0.540948
0.537743
0.534560
0.531400
0.528263
0.525149
0.522057
0.518988
0.515942
0.512917
0.509915
0.506935
0.503977
0.501041
0.498126
0.495233
0.492362
0.489512
0.486684
0.483876
0.481090
0.478325
0.475581
0.472857
0.470154
0.467472
0.464810
0.462168
0.459546
0.456945
0.454363
0.451801
0.449259
0.446736
0.444233
0.441749
0.439284
0.436838
0.434411
0.432003
0.429614
0.427243
0.424890
0.422556
0.420240
0.417942
0.415662
0.413400
0.411155
0.408928
0.406718
0.404526
0.402351
0.400192
0.398051
0.395927
0.393819
0.391727
0.389652
0.387594
0.385551
0.383525
0.381514
0.379519
0.377540
0.375576
0.373628
0.371695
0.369777
0.367874
0.365987
0.364114
0.362255
0.360411
0.358582
0.356767
0.354966
0.353179
0.351407
0.349648
0.347903
0.346171
0.344453
0.342748
0.341057
0.339379
0.337714
0.336062
0.334422
0.332796
0.331182
0.329580
0.327991
0.326415
0.324850
0.323298
0.321757
0.320229
0.318712
0.317207
0.315713
0.314231
0.312760
0.311301
0.309853
0.308416
0.306990
0.305574
0.304170
0.302776
0.301393
0.300020
0.298658
0.297306
0.295964
0.294633
0.293312
0.292000
0.290699
0.289407
0.288125
0.286853
0.285590
0.284337
0.283093
0.281858
0.280633
0.279417
0.278210
0.277012
0.275822
0.274642
0.273471
0.272308
0.271154
0.270008
0.268871
0.267742
0.266622
0.265510
0.264406
0.263310
0.262223
0.261143
0.260071
0.259007
0.257951
0.256903
0.255863
0.254830
0.253804
0.252787
0.251776
0.250773
0.249777
0.248789
0.247808
0.246834
0.245867
0.244907
0.243954
0.243008
0.242069
0.241136
0.240211
0.239292
0.238380
0.237474
0.236575
0.235682
0.234796
0.233916
0.233043
0.232176
0.231315
0.230460
0.229612
0.228770
0.227933
0.227103
0.226279
0.225460
0.224648
0.223841
0.223040
0.222245
0.221455
0.220671
0.219893
0.219120
0.218353
0.217591
0.216835
0.216084
0.215338
0.214598
0.213863
0.213133
0.212409
0.211689
0.210975
0.210266
0.209561
0.208862
0.208168
0.207478
0.206794
0.206114
0.205439
0.204769
0.204103
0.203442
0.202786
0.202135
0.201488
0.200845
0.200207
0.199574
0.198944
0.198320
0.197699
0.197083
0.196472
0.195864
0.195261
0.194662
0.194067
0.193476
0.192890
0.192307
0.191729
0.191154
0.190583
0.190017
0.189454
0.188895
0.188340
0.187789
0.187241
0.186698
0.186158
0.185622
0.185089
0.184560
0.184035
0.183513
0.182995
0.182480
0.181969
0.181461
0.180957
0.180456
0.179958
0.179464
0.178973
0.178486
0.178002
0.177521
0.177043
0.176568
0.176097
0.175629
0.175164
0.174702
0.174243
0.173787
0.173335
0.172885
0.172438
0.171994
0.171554
0.171116
0.170681
0.170249
0.169819
0.169393
0.168969
0.168548
0.168130
0.167715
0.167302
0.166892
0.166485
0.166080
0.165678
0.165279
0.164882
0.164488
0.164097
0.163708
0.163321
0.162937
0.162555
0.162176
0.161800
0.161426
0.161054
0.160684
0.160317
0.159953
0.159590
0.159230
0.158872
0.158517
0.158164
0.157813
0.157464
0.157118
0.156773
0.156431
0.156091
0.155753
0.155418
0.155084
0.154753
0.154423
0.154096
0.153771
0.153448
0.153126
0.152807
0.152490
0.152175
0.151862
0.151550
0.151241
0.150933
0.150628
0.150324
0.150023
0.149723
0.149425
0.149128
0.148834
0.148541
0.148251
0.147962
0.147675
0.147389
0.147105
0.146823
0.146543
0.146265
0.145988
0.145713
0.145439
0.145167
0.144897
0.144629
0.144362
0.144096
0.143833
0.143571
0.143310
0.143051
0.142794
0.142538
0.142283
0.142031
0.141779
0.141530
0.141281
0.141034
0.140789
0.140545
0.140303
0.140062
0.139822
0.139584
0.139347
0.139112
0.138878
0.138645
0.138414
0.138184
0.137956
0.137729
0.137503
0.137278
0.137055
0.136833
0.136613
0.136394
0.136176
0.135959
0.135743
0.135529
0.135316
0.135104
0.134894
0.134685
0.134477
0.134270
0.134064
0.133860
0.133656
0.133454
0.133253
0.133053
0.132855
0.132657
0.132461
0.132265
0.132071
0.131878
0.131686
0.131495
0.131306
0.131117
0.130929
0.130743
0.130557
0.130373
0.130189
0.130007
0.129826
0.129645
0.129466
0.129288
0.129111
0.128934
0.128759
0.128585
0.128412
0.128239
0.128068
0.127897
0.127728
0.127559
0.127392
0.127225
0.127059
0.126895
0.126731
0.126568
0.126406
0.126245
0.126084
0.125925
0.125767
0.125609
0.125452
0.125296
0.125141
0.124987
0.124834
0.124681
0.124530
0.124379
0.124229
0.124080
0.123932
0.123784
0.123637
0.123491
0.123346
0.123202
0.123058
0.122916
0.122774
0.122633
0.122492
0.122352
0.122214
0.122075
0.121938
0.121801
0.121665
0.121530
0.121396
0.121262
0.121129
0.120997
0.120865
0.120734
0.120604
0.120475
0.120346
0.120218
0.120090
0.119964
0.119838
0.119712
0.119588
0.119464
0.119340
0.119218
0.119096
0.118974
0.118853
0.118733
0.118614
0.118495
0.118377
0.118259
0.118142
0.118026
0.117910
0.117795
0.117681
0.117567
0.117454
0.117341
0.117229
0.117117
0.117007
0.116896
0.116786
0.116677
0.116569
0.116461
0.116353
0.116246
0.116140
0.116034
0.115929
0.115824
0.115720
0.115617
0.115514
0.115411
0.115309
0.115208
0.115107
0.115007
0.114907
0.114807
0.114709
0.114610
0.114513
0.114415
0.114318
0.114222
0.114126
0.114031
0.113936
0.113842
0.113748
0.113655
0.113562
0.113470
0.113378
0.113286
0.113196
0.113105
0.113015
0.112926
0.112836
0.112748
0.112660
0.112572
0.112485
0.112398
0.112312
0.112226
0.112140
0.112055
0.111970
0.111886
0.111802
0.111719
0.111636
0.111554
0.111472
0.111390
0.111309
0.111228
0.111148
0.111068
0.110988
0.110909
0.110830
0.110752
0.110674
0.110596
0.110519
0.110442
0.110366
0.110290
0.110214
0.110139
0.110064
0.109990
0.109916
0.109842
0.109768
0.109695
0.109623
0.109551
0.109479
0.109407
0.109336
0.109265
0.109195
0.109125
0.109055
0.108985
0.108916
0.108848
0.108779
0.108711
0.108644
0.108576
0.108509
0.108443
0.108376
0.108310
0.108245
0.108179
0.108114
0.108050
0.107985
0.107921
0.107857
0.107794
0.107731
0.107668
0.107606
0.107543
0.107482
0.107420
0.107359
0.107298
0.107237
0.107177
0.107117
0.107057
0.106998
0.106939
0.106880
0.106821
0.106763
0.106705
0.106647
0.106590
0.106533
0.106476
0.106420
0.106363
0.106307
0.106252
0.106196
0.106141
0.106086
0.106032
0.105977
0.105923
0.105869
0.105816
0.105763
0.105710
0.105657
0.105604
0.105552
0.105500
0.105448
0.105397
0.105346
0.105295
0.105244
0.105194
0.105143
0.105093
0.105044
0.104994
0.104945
0.104896
0.104847
0.104799
0.104750
0.104702
0.104655
0.104607
0.104560
0.104513
0.104466
0.104419
0.104373
0.104326
0.104280
0.104235
0.104189
0.104144
0.104099
0.104054
0.104009
0.103965
0.103921
0.103877
0.103833
0.103789
0.103746
0.103703
0.103660
0.103617
0.103575
0.103533
0.103490
0.103449
0.103407
0.103365
0.103324
0.103283
0.103242
0.103202
0.103161
0.103121
0.103081
0.103041
0.103001
0.102962
0.102922
0.102883
0.102844
0.102806
0.102767
0.102729
0.102691
0.102653
0.102615
0.102577
0.102540
0.102502
0.102465
0.102428
0.102392
0.102355
0.102319
0.102283
0.102247
0.102211
0.102175
0.102140
0.102104
0.102069
0.102034
0.101999
0.101965
0.101930
0.101896
0.101862
0.101828
0.101794
0.101760
0.101727
0.101694
0.101660
0.101627
0.101595
0.101562
0.101529
0.101497
0.101465
0.101433
0.101401
0.101369
0.101337
0.101306
0.101275
0.101244
0.101213
0.101182
0.101151
0.101121
0.101090
0.101060
0.101030
0.101000
0.100970
0.100940
0.100911
0.100882
0.100852
0.100823
0.100794
0.100765
0.100737
0.100708
0.100680
0.100652
0.100623
0.100595
0.100568
0.100540
0.100512
0.100485
0.100457
0.100430
0.100403
0.100376
0.100349
0.100323
0.100296
0.100270
0.100244
0.100217
0.100191
0.100165
0.100140
0.100221
0.100600
0.101511
0.103487
0.108839
0.376553
0.345885
0.320647
0.310581
0.309731
0.322520
0.353038
0.395510
0.444218
0.495027
0.545674
0.595249
0.643546
0.690624
0.736569
0.781398
0.825031
0.867300
0.907968
0.946752
0.983343
1.017440
1.048750
1.077060
1.102220
1.124200
1.143040
1.158940
1.172170
1.183070
1.192020
1.199380
1.205510
1.210680
1.215120
1.218990
1.222390
1.225390
1.227970
1.230140
1.231830
1.233000
1.233610
1.233650
1.233110
1.232040
1.230470
1.228460
1.226080
1.223380
1.220390
1.217170
1.213740
1.210120
1.206340
1.202400
1.198320
1.194110
1.189770
1.185310
1.180740
1.176070
1.171300
1.166430
1.161480
1.156450
1.151350
1.146170
1.140940
1.135640
1.130300
1.124910
1.119470
1.114000
1.108500
1.102970
1.097410
1.091830
1.086230
1.080620
1.074990
1.069350
1.063710
1.058060
1.052400
1.046750
1.041090
1.035440
1.029790
1.024140
1.018500
1.012870
1.007250
1.001630
0.996032
0.990442
0.984864
0.979300
0.973750
0.968216
0.962697
0.957195
0.951710
0.946243
0.940794
0.935364
0.929953
0.924562
0.919191
0.913840
0.908510
0.903201
0.897914
0.892649
0.887405
0.882184
0.876985
0.871809
0.866656
0.861526
0.856420
0.851337
0.846277
0.841242
0.836230
0.831242
0.826279
0.821339
0.816425
0.811534
0.806669
0.801828
0.797011
0.792220
0.787453
0.782712
0.777995
0.773304
0.768637
0.763996
0.759380
0.754789
0.750224
0.745683
0.741168
0.736679
0.732215
0.727776
0.723362
0.718974
0.714612
0.710275
0.705963
0.701677
0.697416
0.693180
0.688970
0.684785
0.680626
0.676492
0.672383
0.668300
0.664241
0.660209
0.656201
0.652218
0.648261
0.644329
0.640422
0.636540
0.632683
0.628851
0.625043
0.621261
0.617504
0.613771
0.610063
0.606379
0.602720
0.599086
0.595476
0.591891
0.588329
0.584792
0.581280
0.577791
0.574326
0.570886
0.567469
0.564076
0.560707
0.557361
0.554039
0.550740
0.547465
0.544213
0.540984
0.537778
0.534595
0.531435
0.528298
0.525184
0.522092
0.519023
0.515976
0.512952
0.509950
0.506969
0.504011
0.501075
0.498160
0.495268
0.492396
0.489546
0.486718
0.483910
0.481124
0.478359
0.475614
0.472891
0.470188
0.467505
0.464843
0.462201
0.459579
0.456977
0.454396
0.451834
0.449291
0.446768
0.444265
0.441781
0.439316
0.436870
0.434443
0.432035
0.429645
0.427274
0.424922
0.422587
0.420271
0.417973
0.415693
0.413431
0.411186
0.408959
0.406749
0.404556
0.402381
0.400223
0.398081
0.395956
0.393848
0.391757
0.389682
0.387623
0.385580
0.383554
0.381543
0.379548
0.377569
0.375605
0.373656
0.371723
0.369805
0.367903
0.366015
0.364141
0.362283
0.360439
0.358610
0.356794
0.354993
0.353207
0.351434
0.349675
0.347929
0.346198
0.344480
0.342775
0.341084
0.339405
0.337740
0.336088
0.334448
0.332822
0.331208
0.329606
0.328017
0.326440
0.324876
0.323323
0.321782
0.320254
0.318737
0.317232
0.315738
0.314256
0.312785
0.311325
0.309877
0.308440
0.307014
0.305598
0.304194
0.302800
0.301416
0.300044
0.298681
0.297329
0.295988
0.294656
0.293335
0.292023
0.290721
0.289430
0.288148
0.286875
0.285612
0.284359
0.283115
0.281880
0.280655
0.279438
0.278231
0.277033
0.275844
0.274663
0.273492
0.272329
0.271175
0.270029
0.268892
0.267763
0.266643
0.265530
0.264426
0.263331
0.262243
0.261163
0.260091
0.259028
0.257972
0.256923
0.255883
0.254850
0.253824
0.252806
0.251796
0.250793
0.249797
0.248808
0.247827
0.246853
0.245886
0.244926
0.243973
0.243027
0.242087
0.241155
0.240229
0.239310
0.238398
0.237492
0.236593
0.235700
0.234814
0.233934
0.233061
0.232194
0.231333
0.230478
0.229629
0.228787
0.227951
0.227120
0.226296
0.225477
0.224665
0.223858
0.223057
0.222261
0.221472
0.220688
0.219910
0.219137
0.218369
0.217608
0.216851
0.216100
0.215355
0.214614
0.213879
0.213149
0.212425
0.211705
0.210991
0.210281
0.209577
0.208877
0.208183
0.207494
0.206809
0.206129
0.205454
0.204784
0.204118
0.203457
0.202801
0.202149
0.201502
0.200860
0.200222
0.199588
0.198959
0.198334
0.197714
0.197098
0.196486
0.195878
0.195275
0.194676
0.194081
0.193490
0.192904
0.192321
0.191742
0.191168
0.190597
0.190030
0.189467
0.188909
0.188353
0.187802
0.187255
0.186711
0.186171
0.185635
0.185102
0.184573
0.184047
0.183526
0.183007
0.182493
0.181981
0.181473
0.180969
0.180468
0.179971
0.179476
0.178986
0.178498
0.178014
0.177533
0.177055
0.176581
0.176109
0.175641
0.175176
0.174714
0.174255
0.173799
0.173346
0.172897
0.172450
0.172006
0.171565
0.171127
0.170692
0.170260
0.169830
0.169404
0.168980
0.168559
0.168141
0.167726
0.167313
0.166903
0.166496
0.166091
0.165689
0.165290
0.164893
0.164499
0.164107
0.163718
0.163332
0.162947
0.162566
0.162187
0.161810
0.161436
0.161064
0.160695
0.160327
0.159963
0.159600
0.159240
0.158882
0.158527
0.158174
0.157823
0.157474
0.157127
0.156783
0.156441
0.156101
0.155763
0.155427
0.155094
0.154762
0.154433
0.154105
0.153780
0.153457
0.153136
0.152817
0.152499
0.152184
0.151871
0.151559
0.151250
0.150943
0.150637
0.150333
0.150032
0.149732
0.149434
0.149137
0.148843
0.148550
0.148259
0.147970
0.147683
0.147398
0.147114
0.146832
0.146552
0.146273
0.145996
0.145721
0.145448
0.145176
0.144906
0.144637
0.144370
0.144105
0.143841
0.143579
0.143318
0.143059
0.142802
0.142546
0.142292
0.142039
0.141787
0.141538
0.141289
0.141042
0.140797
0.140553
0.140311
0.140070
0.139830
0.139592
0.139355
0.139120
0.138886
0.138653
0.138422
0.138192
0.137963
0.137736
0.137510
0.137286
0.137063
0.136841
0.136620
0.136401
0.136183
0.135966
0.135751
0.135536
0.135323
0.135112
0.134901
0.134692
0.134484
0.134277
0.134071
0.133867
0.133663
0.133461
0.133260
0.133060
0.132862
0.132664
0.132468
0.132272
0.132078
0.131885
0.131693
0.131502
0.131312
0.131124
0.130936
0.130750
0.130564
0.130380
0.130196
0.130014
0.129832
0.129652
0.129473
0.129294
0.129117
0.128941
0.128766
0.128591
0.128418
0.128246
0.128074
0.127904
0.127734
0.127566
0.127398
0.127232
0.127066
0.126901
0.126737
0.126574
0.126412
0.126251
0.126091
0.125931
0.125773
0.125615
0.125458
0.125302
0.125147
0.124993
0.124840
0.124687
0.124536
0.124385
0.124235
0.124086
0.123937
0.123790
0.123643
0.123497
0.123352
0.123208
0.123064
0.122921
0.122780
0.122638
0.122498
0.122358
0.122219
0.122081
0.121944
0.121807
0.121671
0.121536
0.121401
0.121268
0.121135
0.121002
0.120871
0.120740
0.120610
0.120480
0.120351
0.120223
0.120096
0.119969
0.119843
0.119718
0.119593
0.119469
0.119346
0.119223
0.119101
0.118980
0.118859
0.118739
0.118619
0.118500
0.118382
0.118265
0.118148
0.118031
0.117916
0.117801
0.117686
0.117572
0.117459
0.117346
0.117234
0.117123
0.117012
0.116901
0.116792
0.116682
0.116574
0.116466
0.116358
0.116251
0.116145
0.116039
0.115934
0.115829
0.115725
0.115622
0.115519
0.115416
0.115314
0.115213
0.115112
0.115011
0.114912
0.114812
0.114713
0.114615
0.114517
0.114420
0.114323
0.114227
0.114131
0.114036
0.113941
0.113847
0.113753
0.113660
0.113567
0.113474
0.113383
0.113291
0.113200
0.113110
0.113020
0.112930
0.112841
0.112752
0.112664
0.112577
0.112489
0.112402
0.112316
0.112230
0.112145
0.112060
0.111975
0.111891
0.111807
0.111724
0.111641
0.111558
0.111476
0.111395
0.111313
0.111233
0.111152
0.111072
0.110993
0.110913
0.110835
0.110756
0.110678
0.110601
0.110523
0.110447
0.110370
0.110294
0.110219
0.110143
0.110068
0.109994
0.109920
0.109846
0.109773
0.109700
0.109627
0.109555
0.109483
0.109411
0.109340
0.109269
0.109199
0.109129
0.109059
0.108990
0.108920
0.108852
0.108783
0.108715
0.108648
0.108580
0.108513
0.108447
0.108380
0.108314
0.108249
0.108183
0.108118
0.108054
0.107989
0.107925
0.107861
0.107798
0.107735
0.107672
0.107610
0.107547
0.107486
0.107424
0.107363
0.107302
0.107241
0.107181
0.107121
0.107061
0.107002
0.106943
0.106884
0.106825
0.106767
0.106709
0.106651
0.106594
0.106537
0.106480
0.106423
0.106367
0.106311
0.106255
0.106200
0.106145
0.106090
0.106035
0.105981
0.105927
0.105873
0.105820
0.105766
0.105713
0.105660
0.105608
0.105556
0.105504
0.105452
0.105401
0.105349
0.105298
0.105248
0.105197
0.105147
0.105097
0.105047
0.104998
0.104949
0.104900
0.104851
0.104802
0.104754
0.104706
0.104658
0.104611
0.104563
0.104516
0.104469
0.104423
0.104376
0.104330
0.104284
0.104238
0.104193
0.104147
0.104102
0.104057
0.104013
0.103968
0.103924
0.103880
0.103836
0.103793
0.103750
0.103706
0.103664
0.103621
0.103578
0.103536
0.103494
0.103452
0.103410
0.103369
0.103328
0.103287
0.103246
0.103205
0.103164
0.103124
0.103084
0.103044
0.103005
0.102965
0.102926
0.102887
0.102848
0.102809
0.102770
0.102732
0.102694
0.102656
0.102618
0.102580
0.102543
0.102506
0.102469
0.102432
0.102395
0.102358
0.102322
0.102286
0.102250
0.102214
0.102178
0.102143
0.102108
0.102072
0.102037
0.102003
0.101968
0.101933
0.101899
0.101865
0.101831
0.101797
0.101764
0.101730
0.101697
0.101664
0.101631
0.101598
0.101565
0.101533
0.101500
0.101468
0.101436
0.101404
0.101372
0.101341
0.101309
0.101278
0.101247
0.101216
0.101185
0.101154
0.101124
0.101093
0.101063
0.101033
0.101003
0.100973
0.100943
0.100914
0.100885
0.100855
0.100826
0.100797
0.100768
0.100740
0.100711
0.100683
0.100655
0.100626
0.100598
0.100571
0.100543
0.100515
0.100488
0.100460
0.100433
0.100406
0.100379
0.100352
0.100326
0.100299
0.100273
0.100246
0.100220
0.100194
0.100168
0.100143
