10.547600
10.547600
10.547500
10.547500
10.547500
10.547600
10.550400
10.550800
10.550800
10.550700
10.550600
10.550500
10.550500
10.550400
10.550400
10.550300
10.550200
10.550200
10.550100
10.550100
10.550000
10.550000
10.549900
10.549900
10.549800
10.549800
10.549800
10.549700
10.549700
10.549700
10.549600
10.549600
10.549600
10.549600
10.549600
10.549600
10.549500
10.549500
10.549500
10.549500
10.549500
10.549600
10.549600
10.549600
10.549600
10.549600
10.549600
10.549700
10.549700
10.549700
10.549800
10.549800
10.549800
10.549800
10.549900
10.549900
10.550000
10.550000
10.550000
10.550100
10.550100
10.550200
10.550200
10.550300
10.550300
10.550300
10.550400
10.550400
10.550500
10.550500
10.550600
10.550600
10.550700
10.550700
10.550800
10.550800
10.550900
10.550900
10.551000
10.551000
10.551100
10.551100
10.551200
10.551200
10.551300
10.551300
10.551400
10.551400
10.551500
10.551500
10.551600
10.551600
10.551700
10.551700
10.551800
10.551800
10.551900
10.551900
10.552000
10.552000
10.552100
10.552100
10.552100
10.552200
10.552200
10.552300
10.552300
10.552400
10.552400
10.552400
10.552500
10.552500
10.552600
10.552600
10.552700
10.552700
10.552700
10.552800
10.552800
10.552800
10.552900
10.552900
10.553000
10.553000
10.553000
10.553100
10.553100
10.553100
10.553200
10.553200
10.553200
10.553300
10.553300
10.553300
10.553400
10.553400
10.553400
10.553500
10.553500
10.553500
10.553600
10.553600
10.553600
10.553600
10.553700
10.553700
10.553700
10.553800
10.553800
10.553800
10.553800
10.553900
10.553900
10.553900
10.553900
10.554000
10.554000
10.554000
10.554000
10.554100
10.554100
10.554100
10.554100
10.554200
10.554200
10.554200
10.554200
10.554200
10.554300
10.554300
10.554300
10.554300
10.554300
10.554400
10.554400
10.554400
10.554400
10.554400
10.554500
10.554500
10.554500
10.554500
10.554500
10.554500
10.554600
10.554600
10.554600
10.554600
10.554600
10.554600
10.554700
10.554700
10.554700
10.554700
10.554700
10.554700
10.554800
10.554800
10.554800
10.554800
10.554800
10.554800
10.554800
10.554900
10.554900
10.554900
10.554900
10.554900
10.554900
10.554900
10.554900
10.554900
10.555000
10.555000
10.555000
10.555000
10.555000
10.555000
10.555000
10.555000
10.555000
10.555100
10.555100
10.555100
10.555100
10.555100
10.555100
10.555100
10.555100
10.555100
10.555100
10.555100
10.555100
10.555200
10.555200
10.555200
10.555200
10.555200
10.555200
10.555200
10.555200
10.555200
10.555200
10.555200
10.555200
10.555200
10.555200
10.555200
10.555300
10.555300
10.555300
10.555300
10.555300
10.555300
10.555300
10.555300
10.555300
10.555300
10.555300
10.555300
10.555300
10.555300
10.555300
10.555300
10.555300
10.555300
10.555300
10.555300
10.555300
10.555300
10.555300
10.555300
10.555300
10.555300
10.555400
10.555400
10.555400
10.555400
10.555400
10.555400
10.555400
10.555400
10.555400
10.555400
10.555400
10.555400
10.555400
10.555400
10.555400
10.555400
10.555400
10.555400
10.555400
10.555400
10.555400
10.555400
10.555400
10.555400
10.555400
10.555400
10.555400
10.555400
10.555400
10.555400
10.555400
10.555400
10.555400
10.555400
10.555400
10.555400
10.555400
10.555400
10.555400
10.555400
10.555400
10.555400
10.555400
10.555400
10.555300
10.555300
10.555300
10.555300
10.555300
10.555300
10.555300
10.555300
10.555300
10.555300
10.555300
10.555300
10.555300
10.555300
10.555300
10.555300
10.555300
10.555300
10.555300
10.555300
10.555300
10.555300
10.555300
10.555300
10.555300
10.555300
10.555300
10.555300
10.555300
10.555300
10.555300
10.555300
10.555200
10.555200
10.555200
10.555200
10.555200
10.555200
10.555200
10.555200
10.555200
10.555200
10.555200
10.555200
10.555200
10.555200
10.555200
10.555200
10.555200
10.555200
10.555200
10.555200
10.555200
10.555100
10.555100
10.555100
10.555100
10.555100
10.555100
10.555100
10.555100
10.555100
10.555100
10.555100
10.555100
10.555100
10.555100
10.555100
10.555100
10.555100
10.555000
10.555000
10.555000
10.555000
10.555000
10.555000
10.555000
10.555000
10.555000
10.555000
10.555000
10.555000
10.555000
10.555000
10.555000
10.554900
10.554900
10.554900
10.554900
10.554900
10.554900
10.554900
10.554900
10.554900
10.554900
10.554900
10.554900
10.554900
10.554900
10.554800
10.554800
10.554800
10.554800
10.554800
10.554800
10.554800
10.554800
10.554800
10.554800
10.554800
10.554800
10.554800
10.554700
10.554700
10.554700
10.554700
10.554700
10.554700
10.554700
10.554700
10.554700
10.554700
10.554700
10.554700
10.554600
10.554600
10.554600
10.554600
10.554600
10.554600
10.554600
10.554600
10.554600
10.554600
10.554600
10.554600
10.554500
10.554500
10.554500
10.554500
10.554500
10.554500
10.554500
10.554500
10.554500
10.554500
10.554500
10.554400
10.554400
10.554400
10.554400
10.554400
10.554400
10.554400
10.554400
10.554400
10.554400
10.554400
10.554300
10.554300
10.554300
10.554300
10.554300
10.554300
10.554300
10.554300
10.554300
10.554300
10.554200
10.554200
10.554200
10.554200
10.554200
10.554200
10.554200
10.554200
10.554200
10.554200
10.554100
10.554100
10.554100
10.554100
10.554100
10.554100
10.554100
10.554100
10.554100
10.554100
10.554000
10.554000
10.554000
10.554000
10.554000
10.554000
10.554000
10.554000
10.554000
10.554000
10.553900
10.553900
10.553900
10.553900
10.553900
10.553900
10.553900
10.553900
10.553900
10.553800
10.553800
10.553800
10.553800
10.553800
10.553800
10.553800
10.553800
10.553800
10.553800
10.553700
10.553700
10.553700
10.553700
10.553700
10.553700
10.553700
10.553700
10.553700
10.553600
10.553600
10.553600
10.553600
10.553600
10.553600
10.553600
10.553600
10.553600
10.553500
10.553500
10.553500
10.553500
10.553500
10.553500
10.553500
10.553500
10.553500
10.553400
10.553400
10.553400
10.553400
10.553400
10.553400
10.553400
10.553400
10.553400
10.553300
10.553300
10.553300
10.553300
10.553300
10.553300
10.553300
10.553300
10.553300
10.553200
10.553200
10.553200
10.553200
10.553200
10.553200
10.553200
10.553200
10.553100
10.553100
10.553100
10.553100
10.553100
10.553100
10.553100
10.553100
10.553100
10.553000
10.553000
10.553000
10.553000
10.553000
10.553000
10.553000
10.553000
10.552900
10.552900
10.552900
10.552900
10.552900
10.552900
10.552900
10.552900
10.552800
10.552800
10.552800
10.552800
10.552800
10.552800
10.552800
10.552800
10.552800
10.552700
10.552700
10.552700
10.552700
10.552700
10.552700
10.552700
10.552700
10.552600
10.552600
10.552600
10.552600
10.552600
10.552600
10.552600
10.552600
10.552500
10.552500
10.552500
10.552500
10.552500
10.552500
10.552500
10.552500
10.552400
10.552400
10.552400
10.552400
10.552400
10.552400
10.552400
10.552400
10.552300
10.552300
10.552300
10.552300
10.552300
10.552300
10.552300
10.552300
10.552200
10.552200
10.552200
10.552200
10.552200
10.552200
10.552200
10.552200
10.552100
10.552100
10.552100
10.552100
10.552100
10.552100
10.552100
10.552100
10.552000
10.552000
10.552000
10.552000
10.552000
10.552000
10.552000
10.552000
10.551900
10.551900
10.551900
10.551900
10.551900
10.551900
10.551900
10.551900
10.551800
10.551800
10.551800
10.551800
10.551800
10.551800
10.551800
10.551800
10.551700
10.551700
10.551700
10.551700
10.551700
10.551700
10.551700
10.551600
10.551600
10.551600
10.551600
10.551600
10.551600
10.551600
10.551600
10.551500
10.551500
10.551500
10.551500
10.551500
10.551500
10.551500
10.551500
10.551400
10.551400
10.551400
10.551400
10.551400
10.551400
10.551400
10.551300
10.551300
10.551300
10.551300
10.551300
10.551300
10.551300
10.551300
10.551200
10.551200
10.551200
10.551200
10.551200
10.551200
10.551200
10.551100
10.551100
10.551100
10.551100
10.551100
10.551100
10.551100
10.551100
10.551000
10.551000
10.551000
10.551000
10.551000
10.551000
10.551000
10.551000
10.550900
10.550900
10.550900
10.550900
10.550900
10.550900
10.550900
10.550800
10.550800
10.550800
10.550800
10.550800
10.550800
10.550800
10.550700
10.550700
10.550700
10.550700
10.550700
10.550700
10.550700
10.550700
10.550600
10.550600
10.550600
10.550600
10.550600
10.550600
10.550600
10.550500
10.550500
10.550500
10.550500
10.550500
10.550500
10.550500
10.550500
10.550400
10.550400
10.550400
10.550400
10.550400
10.550400
10.550400
10.550300
10.550300
10.550300
10.550300
10.550300
10.550300
10.550300
10.550200
10.550200
10.550200
10.550200
10.550200
10.550200
10.550200
10.550200
10.550100
10.550100
10.550100
10.550100
10.550100
10.550100
10.550100
10.550000
10.550000
10.550000
10.550000
10.550000
10.550000
10.550000
10.549900
10.549900
10.549900
10.549900
10.549900
10.549900
10.549900
10.549900
10.549800
10.549800
10.549800
10.549800
10.549800
10.549800
10.549800
10.549700
10.549700
10.549700
10.549700
10.549700
10.549700
10.549700
10.549600
10.549600
10.549600
10.549600
10.549600
10.549600
10.549600
10.549500
10.549500
10.549500
10.549500
10.549500
10.549500
10.549500
10.549500
10.549400
10.549400
10.549400
10.549400
10.549400
10.549400
10.549400
10.549300
10.549300
10.549300
10.549300
10.549300
10.549300
10.549300
10.549200
10.549200
10.549200
10.549200
10.549200
10.549200
10.549200
10.549100
10.549100
10.549100
10.549100
10.549100
10.549100
10.549100
10.549000
10.549000
10.549000
10.549000
10.549000
10.549000
10.549000
10.549000
10.548900
10.548900
10.548900
10.548900
10.548900
10.548900
10.548900
10.548800
10.548800
10.548800
10.548800
10.548800
10.548800
10.548800
10.548700
10.548700
10.548700
10.548700
10.548700
10.548700
10.548700
10.548600
10.548600
10.548600
10.548600
10.548600
10.548600
10.548600
10.548500
10.548500
10.548500
10.548500
10.548500
10.548500
10.548500
10.548400
10.548400
10.548400
10.548400
10.548400
10.548400
10.548400
10.548300
10.548300
10.548300
10.548300
10.548300
10.548300
10.548300
10.548200
10.548200
10.548200
10.548200
10.548200
10.548200
10.548200
10.548100
10.548100
10.548100
10.548100
10.548100
10.548100
10.548100
10.548000
10.548000
10.548000
10.548000
10.548000
10.548000
10.548000
10.548000
10.547900
10.547900
10.547900
10.547900
10.547900
10.547900
10.547900
10.547800
10.547800
10.547800
10.547800
10.547800
10.547800
10.547800
10.547700
10.547700
10.547700
10.547700
10.547700
10.547700
10.547700
10.547600
10.547600
10.547600
10.547600
10.547700
10.550500
10.550900
10.550800
10.550800
10.550700
10.550600
10.550600
10.550500
10.550400
10.550400
10.550300
10.550300
10.550200
10.550100
10.550100
10.550000
10.550000
10.550000
10.549900
10.549900
10.549800
10.549800
10.549800
10.549700
10.549700
10.549700
10.549700
10.549700
10.549600
10.549600
10.549600
10.549600
10.549600
10.549600
10.549600
10.549600
10.549600
10.549700
10.549700
10.549700
10.549700
10.549700
10.549800
10.549800
10.549800
10.549900
10.549900
10.549900
10.550000
10.550000
10.550000
10.550100
10.550100
10.550200
10.550200
10.550200
10.550300
10.550300
10.550400
10.550400
10.550500
10.550500
10.550600
10.550600
10.550700
10.550700
10.550800
10.550800
10.550900
10.550900
10.551000
10.551000
10.551100
10.551100
10.551200
10.551200
10.551300
10.551300
10.551400
10.551400
10.551500
10.551500
10.551600
10.551600
10.551700
10.551700
10.551800
10.551800
10.551900
10.551900
10.552000
10.552000
10.552000
10.552100
10.552100
10.552200
10.552200
10.552300
10.552300
10.552400
10.552400
10.552400
10.552500
10.552500
10.552600
10.552600
10.552600
10.552700
10.552700
10.552800
10.552800
10.552800
10.552900
10.552900
10.553000
10.553000
10.553000
10.553100
10.553100
10.553100
10.553200
10.553200
10.553200
10.553300
10.553300
10.553300
10.553400
10.553400
10.553400
10.553500
10.553500
10.553500
10.553600
10.553600
10.553600
10.553700
10.553700
10.553700
10.553700
10.553800
10.553800
10.553800
10.553900
10.553900
10.553900
10.553900
10.554000
10.554000
10.554000
10.554000
10.554100
10.554100
10.554100
10.554100
10.554200
10.554200
10.554200
10.554200
10.554300
10.554300
10.554300
10.554300
10.554300
10.554400
10.554400
10.554400
10.554400
10.554400
10.554500
10.554500
10.554500
10.554500
10.554500
10.554600
10.554600
10.554600
10.554600
10.554600
10.554600
10.554700
10.554700
10.554700
10.554700
10.554700
10.554700
10.554800
10.554800
10.554800
10.554800
10.554800
10.554800
10.554800
10.554900
10.554900
10.554900
10.554900
10.554900
10.554900
10.554900
10.555000
10.555000
10.555000
10.555000
10.555000
10.555000
10.555000
10.555000
10.555000
10.555100
10.555100
10.555100
10.555100
10.555100
10.555100
10.555100
10.555100
10.555100
10.555200
10.555200
10.555200
10.555200
10.555200
10.555200
10.555200
10.555200
10.555200
10.555200
10.555200
10.555200
10.555200
10.555300
10.555300
10.555300
10.555300
10.555300
10.555300
10.555300
10.555300
10.555300
10.555300
10.555300
10.555300
10.555300
10.555300
10.555300
10.555300
10.555400
10.555400
10.555400
10.555400
10.555400
10.555400
10.555400
10.555400
10.555400
10.555400
10.555400
10.555400
10.555400
10.555400
10.555400
10.555400
10.555400
10.555400
10.555400
10.555400
10.555400
10.555400
10.555400
10.555400
10.555400
10.555400
10.555400
10.555400
10.555400
10.555400
10.555400
10.555400
10.555400
10.555400
10.555400
10.555400
10.555400
10.555400
10.555400
10.555400
10.555400
10.555400
10.555400
10.555400
10.555400
10.555400
10.555400
10.555400
10.555400
10.555400
10.555400
10.555400
10.555400
10.555400
10.555400
10.555400
10.555400
10.555400
10.555400
10.555400
10.555400
10.555400
10.555400
10.555400
10.555400
10.555400
10.555400
10.555400
10.555400
10.555400
10.555400
10.555400
10.555400
10.555400
10.555400
10.555400
10.555400
10.555400
10.555400
10.555400
10.555400
10.555400
10.555400
10.555400
10.555400
10.555400
10.555400
10.555400
10.555400
10.555400
10.555400
10.555400
10.555300
10.555300
10.555300
10.555300
10.555300
10.555300
10.555300
10.555300
10.555300
10.555300
10.555300
10.555300
10.555300
10.555300
10.555300
10.555300
10.555300
10.555300
10.555300
10.555300
10.555300
10.555300
10.555300
10.555200
10.555200
10.555200
10.555200
10.555200
10.555200
10.555200
10.555200
10.555200
10.555200
10.555200
10.555200
10.555200
10.555200
10.555200
10.555200
10.555200
10.555100
10.555100
10.555100
10.555100
10.555100
10.555100
10.555100
10.555100
10.555100
10.555100
10.555100
10.555100
10.555100
10.555100
10.555100
10.555100
10.555000
10.555000
10.555000
10.555000
10.555000
10.555000
10.555000
10.555000
10.555000
10.555000
10.555000
10.555000
10.555000
10.555000
10.554900
10.554900
10.554900
10.554900
10.554900
10.554900
10.554900
10.554900
10.554900
10.554900
10.554900
10.554900
10.554900
10.554800
10.554800
10.554800
10.554800
10.554800
10.554800
10.554800
10.554800
10.554800
10.554800
10.554800
10.554800
10.554700
10.554700
10.554700
10.554700
10.554700
10.554700
10.554700
10.554700
10.554700
10.554700
10.554700
10.554700
10.554600
10.554600
10.554600
10.554600
10.554600
10.554600
10.554600
10.554600
10.554600
10.554600
10.554600
10.554500
10.554500
10.554500
10.554500
10.554500
10.554500
10.554500
10.554500
10.554500
10.554500
10.554500
10.554400
10.554400
10.554400
10.554400
10.554400
10.554400
10.554400
10.554400
10.554400
10.554400
10.554400
10.554300
10.554300
10.554300
10.554300
10.554300
10.554300
10.554300
10.554300
10.554300
10.554300
10.554200
10.554200
10.554200
10.554200
10.554200
10.554200
10.554200
10.554200
10.554200
10.554200
10.554100
10.554100
10.554100
10.554100
10.554100
10.554100
10.554100
10.554100
10.554100
10.554100
10.554000
10.554000
10.554000
10.554000
10.554000
10.554000
10.554000
10.554000
10.554000
10.553900
10.553900
10.553900
10.553900
10.553900
10.553900
10.553900
10.553900
10.553900
10.553900
10.553800
10.553800
10.553800
10.553800
10.553800
10.553800
10.553800
10.553800
10.553800
10.553700
10.553700
10.553700
10.553700
10.553700
10.553700
10.553700
10.553700
10.553700
10.553600
10.553600
10.553600
10.553600
10.553600
10.553600
10.553600
10.553600
10.553600
10.553500
10.553500
10.553500
10.553500
10.553500
10.553500
10.553500
10.553500
10.553500
10.553400
10.553400
10.553400
10.553400
10.553400
10.553400
10.553400
10.553400
10.553400
10.553300
10.553300
10.553300
10.553300
10.553300
10.553300
10.553300
10.553300
10.553200
10.553200
10.553200
10.553200
10.553200
10.553200
10.553200
10.553200
10.553200
10.553100
10.553100
10.553100
10.553100
10.553100
10.553100
10.553100
10.553100
10.553000
10.553000
10.553000
10.553000
10.553000
10.553000
10.553000
10.553000
10.553000
10.552900
10.552900
10.552900
10.552900
10.552900
10.552900
10.552900
10.552900
10.552800
10.552800
10.552800
10.552800
10.552800
10.552800
10.552800
10.552800
10.552700
10.552700
10.552700
10.552700
10.552700
10.552700
10.552700
10.552700
10.552600
10.552600
10.552600
10.552600
10.552600
10.552600
10.552600
10.552600
10.552500
10.552500
10.552500
10.552500
10.552500
10.552500
10.552500
10.552500
10.552500
10.552400
10.552400
10.552400
10.552400
10.552400
10.552400
10.552400
10.552400
10.552300
10.552300
10.552300
10.552300
10.552300
10.552300
10.552300
10.552200
10.552200
10.552200
10.552200
10.552200
10.552200
10.552200
10.552200
10.552100
10.552100
10.552100
10.552100
10.552100
10.552100
10.552100
10.552100
10.552000
10.552000
10.552000
10.552000
10.552000
10.552000
10.552000
10.552000
10.551900
10.551900
10.551900
10.551900
10.551900
10.551900
10.551900
10.551900
10.551800
10.551800
10.551800
10.551800
10.551800
10.551800
10.551800
10.551800
10.551700
10.551700
10.551700
10.551700
10.551700
10.551700
10.551700
10.551600
10.551600
10.551600
10.551600
10.551600
10.551600
10.551600
10.551600
10.551500
10.551500
10.551500
10.551500
10.551500
10.551500
10.551500
10.551500
10.551400
10.551400
10.551400
10.551400
10.551400
10.551400
10.551400
10.551300
10.551300
10.551300
10.551300
10.551300
10.551300
10.551300
10.551300
10.551200
10.551200
10.551200
10.551200
10.551200
10.551200
10.551200
10.551100
10.551100
10.551100
10.551100
10.551100
10.551100
10.551100
10.551100
10.551000
10.551000
10.551000
10.551000
10.551000
10.551000
10.551000
10.550900
10.550900
10.550900
10.550900
10.550900
10.550900
10.550900
10.550900
10.550800
10.550800
10.550800
10.550800
10.550800
10.550800
10.550800
10.550700
10.550700
10.550700
10.550700
10.550700
10.550700
10.550700
10.550700
10.550600
10.550600
10.550600
10.550600
10.550600
10.550600
10.550600
10.550500
10.550500
10.550500
10.550500
10.550500
10.550500
10.550500
10.550400
10.550400
10.550400
10.550400
10.550400
10.550400
10.550400
10.550400
10.550300
10.550300
10.550300
10.550300
10.550300
10.550300
10.550300
10.550200
10.550200
10.550200
10.550200
10.550200
10.550200
10.550200
10.550100
10.550100
10.550100
10.550100
10.550100
10.550100
10.550100
10.550100
10.550000
10.550000
10.550000
10.550000
10.550000
10.550000
10.550000
10.549900
10.549900
10.549900
10.549900
10.549900
10.549900
10.549900
10.549800
10.549800
10.549800
10.549800
10.549800
10.549800
10.549800
10.549800
10.549700
10.549700
10.549700
10.549700
10.549700
10.549700
10.549700
10.549600
10.549600
10.549600
10.549600
10.549600
10.549600
10.549600
10.549500
10.549500
10.549500
10.549500
10.549500
10.549500
10.549500
10.549400
10.549400
10.549400
10.549400
10.549400
10.549400
10.549400
10.549300
10.549300
10.549300
10.549300
10.549300
10.549300
10.549300
10.549300
10.549200
10.549200
10.549200
10.549200
10.549200
10.549200
10.549200
10.549100
10.549100
10.549100
10.549100
10.549100
10.549100
10.549100
10.549000
10.549000
10.549000
10.549000
10.549000
10.549000
10.549000
10.548900
10.548900
10.548900
10.548900
10.548900
10.548900
10.548900
10.548800
10.548800
10.548800
10.548800
10.548800
10.548800
10.548800
10.548700
10.548700
10.548700
10.548700
10.548700
10.548700
10.548700
10.548600
10.548600
10.548600
10.548600
10.548600
10.548600
10.548600
10.548600
10.548500
10.548500
10.548500
10.548500
10.548500
10.548500
10.548500
10.548400
10.548400
10.548400
10.548400
10.548400
10.548400
10.548400
10.548300
10.548300
10.548300
10.548300
10.548300
10.548300
10.548300
10.548200
10.548200
10.548200
10.548200
10.548200
10.548200
10.548200
10.548100
10.548100
10.548100
10.548100
10.548100
10.548100
10.548100
10.548000
10.548000
10.548000
10.548000
10.548000
10.548000
10.548000
10.547900
10.547900
10.547900
10.547900
10.547900
10.547900
10.547900
10.547800
10.547800
10.547800
10.547800
10.547800
10.547800
10.547800
10.547700
10.547700
10.547700
10.547700
10.547700
10.547700
10.547700
10.550600
10.551000
10.550900
10.550900
10.550800
10.550700
10.550600
10.550600
10.550500
10.550400
10.550400
10.550300
10.550300
10.550200
10.550200
10.550100
10.550100
10.550000
10.550000
10.550000
10.549900
10.549900
10.549900
10.549800
10.549800
10.549800
10.549800
10.549700
10.549700
10.549700
10.549700
10.549700
10.549700
10.549700
10.549700
10.549700
10.549700
10.549700
10.549800
10.549800
10.549800
10.549800
10.549800
10.549900
10.549900
10.549900
10.550000
10.550000
10.550000
10.550100
10.550100
10.550200
10.550200
10.550200
10.550300
10.550300
10.550400
10.550400
10.550500
10.550500
10.550500
10.550600
10.550600
10.550700
10.550700
10.550800
10.550800
10.550900
10.550900
10.551000
10.551000
10.551100
10.551100
10.551200
10.551200
10.551300
10.551300
10.551400
10.551400
10.551500
10.551500
10.551600
10.551600
10.551700
10.551700
10.551800
10.551800
10.551900
10.551900
10.552000
10.552000
10.552100
10.552100
10.552200
10.552200
10.552300
10.552300
10.552300
10.552400
10.552400
10.552500
10.552500
10.552600
10.552600
10.552600
10.552700
10.552700
10.552800
10.552800
10.552800
10.552900
10.552900
10.553000
10.553000
10.553000
10.553100
10.553100
10.553100
10.553200
10.553200
10.553300
10.553300
10.553300
10.553400
10.553400
10.553400
10.553500
10.553500
10.553500
10.553600
10.553600
10.553600
10.553600
10.553700
10.553700
10.553700
10.553800
10.553800
10.553800
10.553900
10.553900
10.553900
10.553900
10.554000
10.554000
10.554000
10.554000
10.554100
10.554100
10.554100
10.554100
10.554200
10.554200
10.554200
10.554200
10.554300
10.554300
10.554300
10.554300
10.554400
10.554400
10.554400
10.554400
10.554400
10.554500
10.554500
10.554500
10.554500
10.554500
10.554600
10.554600
10.554600
10.554600
10.554600
10.554700
10.554700
10.554700
10.554700
10.554700
10.554700
10.554800
10.554800
10.554800
10.554800
10.554800
10.554800
10.554900
10.554900
10.554900
10.554900
10.554900
10.554900
10.554900
10.555000
10.555000
10.555000
10.555000
10.555000
10.555000
10.555000
10.555000
10.555100
10.555100
10.555100
10.555100
10.555100
10.555100
10.555100
10.555100
10.555100
10.555200
10.555200
10.555200
10.555200
10.555200
10.555200
10.555200
10.555200
10.555200
10.555200
10.555300
10.555300
10.555300
10.555300
10.555300
10.555300
10.555300
10.555300
10.555300
10.555300
10.555300
10.555300
10.555300
10.555400
10.555400
10.555400
10.555400
10.555400
10.555400
10.555400
10.555400
10.555400
10.555400
10.555400
10.555400
10.555400
10.555400
10.555400
10.555400
10.555400
10.555400
10.555500
10.555500
10.555500
10.555500
10.555500
10.555500
10.555500
10.555500
10.555500
10.555500
10.555500
10.555500
10.555500
10.555500
10.555500
10.555500
10.555500
10.555500
10.555500
10.555500
10.555500
10.555500
10.555500
10.555500
10.555500
10.555500
10.555500
10.555500
10.555500
10.555500
10.555500
10.555500
10.555500
10.555500
10.555500
10.555500
10.555500
10.555500
10.555500
10.555500
10.555500
10.555500
10.555500
10.555500
10.555500
10.555500
10.555500
10.555500
10.555500
10.555500
10.555500
10.555500
10.555500
10.555500
10.555500
10.555500
10.555500
10.555500
10.555500
10.555500
10.555500
10.555500
10.555500
10.555500
10.555500
10.555500
10.555500
10.555500
10.555500
10.555500
10.555500
10.555500
10.555500
10.555500
10.555500
10.555500
10.555500
10.555500
10.555500
10.555500
10.555500
10.555400
10.555400
10.555400
10.555400
10.555400
10.555400
10.555400
10.555400
10.555400
10.555400
10.555400
10.555400
10.555400
10.555400
10.555400
10.555400
10.555400
10.555400
10.555400
10.555400
10.555400
10.555400
10.555400
10.555400
10.555300
10.555300
10.555300
10.555300
10.555300
10.555300
10.555300
10.555300
10.555300
10.555300
10.555300
10.555300
10.555300
10.555300
10.555300
10.555300
10.555300
10.555300
10.555300
10.555200
10.555200
10.555200
10.555200
10.555200
10.555200
10.555200
10.555200
10.555200
10.555200
10.555200
10.555200
10.555200
10.555200
10.555200
10.555100
10.555100
10.555100
10.555100
10.555100
10.555100
10.555100
10.555100
10.555100
10.555100
10.555100
10.555100
10.555100
10.555100
10.555100
10.555000
10.555000
10.555000
10.555000
10.555000
10.555000
10.555000
10.555000
10.555000
10.555000
10.555000
10.555000
10.555000
10.554900
10.554900
10.554900
10.554900
10.554900
10.554900
10.554900
10.554900
10.554900
10.554900
10.554900
10.554900
10.554900
10.554800
10.554800
10.554800
10.554800
10.554800
10.554800
10.554800
10.554800
10.554800
10.554800
10.554800
10.554700
10.554700
10.554700
10.554700
10.554700
10.554700
10.554700
10.554700
10.554700
10.554700
10.554700
10.554700
10.554600
10.554600
10.554600
10.554600
10.554600
10.554600
10.554600
10.554600
10.554600
10.554600
10.554600
10.554500
10.554500
10.554500
10.554500
10.554500
10.554500
10.554500
10.554500
10.554500
10.554500
10.554400
10.554400
10.554400
10.554400
10.554400
10.554400
10.554400
10.554400
10.554400
10.554400
10.554400
10.554300
10.554300
10.554300
10.554300
10.554300
10.554300
10.554300
10.554300
10.554300
10.554300
10.554200
10.554200
10.554200
10.554200
10.554200
10.554200
10.554200
10.554200
10.554200
10.554200
10.554100
10.554100
10.554100
10.554100
10.554100
10.554100
10.554100
10.554100
10.554100
10.554000
10.554000
10.554000
10.554000
10.554000
10.554000
10.554000
10.554000
10.554000
10.554000
10.553900
10.553900
10.553900
10.553900
10.553900
10.553900
10.553900
10.553900
10.553900
10.553800
10.553800
10.553800
10.553800
10.553800
10.553800
10.553800
10.553800
10.553800
10.553700
10.553700
10.553700
10.553700
10.553700
10.553700
10.553700
10.553700
10.553700
10.553600
10.553600
10.553600
10.553600
10.553600
10.553600
10.553600
10.553600
10.553600
10.553500
10.553500
10.553500
10.553500
10.553500
10.553500
10.553500
10.553500
10.553500
10.553400
10.553400
10.553400
10.553400
10.553400
10.553400
10.553400
10.553400
10.553300
10.553300
10.553300
10.553300
10.553300
10.553300
10.553300
10.553300
10.553300
10.553200
10.553200
10.553200
10.553200
10.553200
10.553200
10.553200
10.553200
10.553100
10.553100
10.553100
10.553100
10.553100
10.553100
10.553100
10.553100
10.553100
10.553000
10.553000
10.553000
10.553000
10.553000
10.553000
10.553000
10.553000
10.552900
10.552900
10.552900
10.552900
10.552900
10.552900
10.552900
10.552900
10.552800
10.552800
10.552800
10.552800
10.552800
10.552800
10.552800
10.552800
10.552800
10.552700
10.552700
10.552700
10.552700
10.552700
10.552700
10.552700
10.552700
10.552600
10.552600
10.552600
10.552600
10.552600
10.552600
10.552600
10.552600
10.552500
10.552500
10.552500
10.552500
10.552500
10.552500
10.552500
10.552500
10.552400
10.552400
10.552400
10.552400
10.552400
10.552400
10.552400
10.552400
10.552300
10.552300
10.552300
10.552300
10.552300
10.552300
10.552300
10.552300
10.552200
10.552200
10.552200
10.552200
10.552200
10.552200
10.552200
10.552100
10.552100
10.552100
10.552100
10.552100
10.552100
10.552100
10.552100
10.552000
10.552000
10.552000
10.552000
10.552000
10.552000
10.552000
10.552000
10.551900
10.551900
10.551900
10.551900
10.551900
10.551900
10.551900
10.551900
10.551800
10.551800
10.551800
10.551800
10.551800
10.551800
10.551800
10.551800
10.551700
10.551700
10.551700
10.551700
10.551700
10.551700
10.551700
10.551600
10.551600
10.551600
10.551600
10.551600
10.551600
10.551600
10.551600
10.551500
10.551500
10.551500
10.551500
10.551500
10.551500
10.551500
10.551400
10.551400
10.551400
10.551400
10.551400
10.551400
10.551400
10.551400
10.551300
10.551300
10.551300
10.551300
10.551300
10.551300
10.551300
10.551300
10.551200
10.551200
10.551200
10.551200
10.551200
10.551200
10.551200
10.551100
10.551100
10.551100
10.551100
10.551100
10.551100
10.551100
10.551100
10.551000
10.551000
10.551000
10.551000
10.551000
10.551000
10.551000
10.550900
10.550900
10.550900
10.550900
10.550900
10.550900
10.550900
10.550900
10.550800
10.550800
10.550800
10.550800
10.550800
10.550800
10.550800
10.550700
10.550700
10.550700
10.550700
10.550700
10.550700
10.550700
10.550600
10.550600
10.550600
10.550600
10.550600
10.550600
10.550600
10.550600
10.550500
10.550500
10.550500
10.550500
10.550500
10.550500
10.550500
10.550400
10.550400
10.550400
10.550400
10.550400
10.550400
10.550400
10.550300
10.550300
10.550300
10.550300
10.550300
10.550300
10.550300
10.550300
10.550200
10.550200
10.550200
10.550200
10.550200
10.550200
10.550200
10.550100
10.550100
10.550100
10.550100
10.550100
10.550100
10.550100
10.550000
10.550000
10.550000
10.550000
10.550000
10.550000
10.550000
10.550000
10.549900
10.549900
10.549900
10.549900
10.549900
10.549900
10.549900
10.549800
10.549800
10.549800
10.549800
10.549800
10.549800
10.549800
10.549700
10.549700
10.549700
10.549700
10.549700
10.549700
10.549700
10.549600
10.549600
10.549600
10.549600
10.549600
10.549600
10.549600
10.549600
10.549500
10.549500
10.549500
10.549500
10.549500
10.549500
10.549500
10.549400
10.549400
10.549400
10.549400
10.549400
10.549400
10.549400
10.549300
10.549300
10.549300
10.549300
10.549300
10.549300
10.549300
10.549200
10.549200
10.549200
10.549200
10.549200
10.549200
10.549200
10.549100
10.549100
10.549100
10.549100
10.549100
10.549100
10.549100
10.549000
10.549000
10.549000
10.549000
10.549000
10.549000
10.549000
10.549000
10.548900
10.548900
10.548900
10.548900
10.548900
10.548900
10.548900
10.548800
10.548800
10.548800
10.548800
10.548800
10.548800
10.548800
10.548700
10.548700
10.548700
10.548700
10.548700
10.548700
10.548700
10.548600
10.548600
10.548600
10.548600
10.548600
10.548600
10.548600
10.548500
10.548500
10.548500
10.548500
10.548500
10.548500
10.548500
10.548400
10.548400
10.548400
10.548400
10.548400
10.548400
10.548400
10.548300
10.548300
10.548300
10.548300
10.548300
10.548300
10.548300
10.548200
10.548200
10.548200
10.548200
10.548200
10.548200
10.548200
10.548100
10.548100
10.548100
10.548100
10.548100
10.548100
10.548100
10.548000
10.548000
10.548000
10.548000
10.548000
10.548000
10.548000
10.547900
10.547900
10.547900
10.547900
10.547900
10.547900
10.547900
10.547900
10.547800
10.547800
10.547800
