11.327300
11.327300
11.327300
11.327300
11.327300
11.327300
11.330000
11.330600
11.330600
11.330500
11.330400
11.330300
11.330200
11.330100
11.330100
11.330000
11.329900
11.329900
11.329800
11.329800
11.329700
11.329700
11.329600
11.329600
11.329600
11.329600
11.329500
11.329500
11.329500
11.329500
11.329500
11.329600
11.329600
11.329600
11.329600
11.329700
11.329700
11.329700
11.329800
11.329800
11.329800
11.329900
11.329900
11.330000
11.330000
11.330100
11.330100
11.330200
11.330200
11.330300
11.330300
11.330400
11.330400
11.330500
11.330600
11.330600
11.330700
11.330700
11.330800
11.330900
11.330900
11.331000
11.331000
11.331100
11.331200
11.331200
11.331300
11.331400
11.331400
11.331500
11.331500
11.331600
11.331700
11.331700
11.331800
11.331800
11.331900
11.332000
11.332000
11.332100
11.332100
11.332200
11.332300
11.332300
11.332400
11.332400
11.332500
11.332500
11.332600
11.332600
11.332700
11.332700
11.332800
11.332900
11.332900
11.333000
11.333000
11.333100
11.333100
11.333200
11.333200
11.333300
11.333300
11.333300
11.333400
11.333400
11.333500
11.333500
11.333600
11.333600
11.333700
11.333700
11.333700
11.333800
11.333800
11.333900
11.333900
11.333900
11.334000
11.334000
11.334100
11.334100
11.334100
11.334200
11.334200
11.334200
11.334300
11.334300
11.334300
11.334400
11.334400
11.334400
11.334500
11.334500
11.334500
11.334600
11.334600
11.334600
11.334700
11.334700
11.334700
11.334700
11.334800
11.334800
11.334800
11.334900
11.334900
11.334900
11.334900
11.335000
11.335000
11.335000
11.335000
11.335100
11.335100
11.335100
11.335100
11.335100
11.335200
11.335200
11.335200
11.335200
11.335200
11.335300
11.335300
11.335300
11.335300
11.335300
11.335400
11.335400
11.335400
11.335400
11.335400
11.335400
11.335500
11.335500
11.335500
11.335500
11.335500
11.335500
11.335600
11.335600
11.335600
11.335600
11.335600
11.335600
11.335600
11.335700
11.335700
11.335700
11.335700
11.335700
11.335700
11.335700
11.335700
11.335800
11.335800
11.335800
11.335800
11.335800
11.335800
11.335800
11.335800
11.335800
11.335800
11.335900
11.335900
11.335900
11.335900
11.335900
11.335900
11.335900
11.335900
11.335900
11.335900
11.335900
11.335900
11.335900
11.336000
11.336000
11.336000
11.336000
11.336000
11.336000
11.336000
11.336000
11.336000
11.336000
11.336000
11.336000
11.336000
11.336000
11.336000
11.336000
11.336000
11.336000
11.336000
11.336000
11.336000
11.336100
11.336100
11.336100
11.336100
11.336100
11.336100
11.336100
11.336100
11.336100
11.336100
11.336100
11.336100
11.336100
11.336100
11.336100
11.336100
11.336100
11.336100
11.336100
11.336100
11.336100
11.336100
11.336100
11.336100
11.336100
11.336100
11.336100
11.336100
11.336100
11.336100
11.336100
11.336100
11.336100
11.336100
11.336100
11.336100
11.336100
11.336100
11.336100
11.336100
11.336100
11.336100
11.336100
11.336100
11.336100
11.336100
11.336100
11.336100
11.336100
11.336100
11.336000
11.336000
11.336000
11.336000
11.336000
11.336000
11.336000
11.336000
11.336000
11.336000
11.336000
11.336000
11.336000
11.336000
11.336000
11.336000
11.336000
11.336000
11.336000
11.336000
11.336000
11.336000
11.336000
11.336000
11.336000
11.336000
11.335900
11.335900
11.335900
11.335900
11.335900
11.335900
11.335900
11.335900
11.335900
11.335900
11.335900
11.335900
11.335900
11.335900
11.335900
11.335900
11.335900
11.335900
11.335900
11.335800
11.335800
11.335800
11.335800
11.335800
11.335800
11.335800
11.335800
11.335800
11.335800
11.335800
11.335800
11.335800
11.335800
11.335800
11.335700
11.335700
11.335700
11.335700
11.335700
11.335700
11.335700
11.335700
11.335700
11.335700
11.335700
11.335700
11.335700
11.335700
11.335600
11.335600
11.335600
11.335600
11.335600
11.335600
11.335600
11.335600
11.335600
11.335600
11.335600
11.335600
11.335600
11.335500
11.335500
11.335500
11.335500
11.335500
11.335500
11.335500
11.335500
11.335500
11.335500
11.335500
11.335400
11.335400
11.335400
11.335400
11.335400
11.335400
11.335400
11.335400
11.335400
11.335400
11.335400
11.335400
11.335300
11.335300
11.335300
11.335300
11.335300
11.335300
11.335300
11.335300
11.335300
11.335300
11.335200
11.335200
11.335200
11.335200
11.335200
11.335200
11.335200
11.335200
11.335200
11.335200
11.335200
11.335100
11.335100
11.335100
11.335100
11.335100
11.335100
11.335100
11.335100
11.335100
11.335100
11.335000
11.335000
11.335000
11.335000
11.335000
11.335000
11.335000
11.335000
11.335000
11.334900
11.334900
11.334900
11.334900
11.334900
11.334900
11.334900
11.334900
11.334900
11.334900
11.334800
11.334800
11.334800
11.334800
11.334800
11.334800
11.334800
11.334800
11.334800
11.334700
11.334700
11.334700
11.334700
11.334700
11.334700
11.334700
11.334700
11.334700
11.334600
11.334600
11.334600
11.334600
11.334600
11.334600
11.334600
11.334600
11.334600
11.334500
11.334500
11.334500
11.334500
11.334500
11.334500
11.334500
11.334500
11.334500
11.334400
11.334400
11.334400
11.334400
11.334400
11.334400
11.334400
11.334400
11.334400
11.334300
11.334300
11.334300
11.334300
11.334300
11.334300
11.334300
11.334300
11.334200
11.334200
11.334200
11.334200
11.334200
11.334200
11.334200
11.334200
11.334100
11.334100
11.334100
11.334100
11.334100
11.334100
11.334100
11.334100
11.334100
11.334000
11.334000
11.334000
11.334000
11.334000
11.334000
11.334000
11.334000
11.333900
11.333900
11.333900
11.333900
11.333900
11.333900
11.333900
11.333900
11.333800
11.333800
11.333800
11.333800
11.333800
11.333800
11.333800
11.333800
11.333700
11.333700
11.333700
11.333700
11.333700
11.333700
11.333700
11.333700
11.333600
11.333600
11.333600
11.333600
11.333600
11.333600
11.333600
11.333600
11.333500
11.333500
11.333500
11.333500
11.333500
11.333500
11.333500
11.333500
11.333400
11.333400
11.333400
11.333400
11.333400
11.333400
11.333400
11.333400
11.333300
11.333300
11.333300
11.333300
11.333300
11.333300
11.333300
11.333300
11.333200
11.333200
11.333200
11.333200
11.333200
11.333200
11.333200
11.333100
11.333100
11.333100
11.333100
11.333100
11.333100
11.333100
11.333100
11.333000
11.333000
11.333000
11.333000
11.333000
11.333000
11.333000
11.332900
11.332900
11.332900
11.332900
11.332900
11.332900
11.332900
11.332900
11.332800
11.332800
11.332800
11.332800
11.332800
11.332800
11.332800
11.332800
11.332700
11.332700
11.332700
11.332700
11.332700
11.332700
11.332700
11.332600
11.332600
11.332600
11.332600
11.332600
11.332600
11.332600
11.332500
11.332500
11.332500
11.332500
11.332500
11.332500
11.332500
11.332500
11.332400
11.332400
11.332400
11.332400
11.332400
11.332400
11.332400
11.332300
11.332300
11.332300
11.332300
11.332300
11.332300
11.332300
11.332300
11.332200
11.332200
11.332200
11.332200
11.332200
11.332200
11.332200
11.332100
11.332100
11.332100
11.332100
11.332100
11.332100
11.332100
11.332000
11.332000
11.332000
11.332000
11.332000
11.332000
11.332000
11.332000
11.331900
11.331900
11.331900
11.331900
11.331900
11.331900
11.331900
11.331800
11.331800
11.331800
11.331800
11.331800
11.331800
11.331800
11.331700
11.331700
11.331700
11.331700
11.331700
11.331700
11.331700
11.331600
11.331600
11.331600
11.331600
11.331600
11.331600
11.331600
11.331500
11.331500
11.331500
11.331500
11.331500
11.331500
11.331500
11.331500
11.331400
11.331400
11.331400
11.331400
11.331400
11.331400
11.331400
11.331300
11.331300
11.331300
11.331300
11.331300
11.331300
11.331300
11.331200
11.331200
11.331200
11.331200
11.331200
11.331200
11.331200
11.331100
11.331100
11.331100
11.331100
11.331100
11.331100
11.331100
11.331000
11.331000
11.331000
11.331000
11.331000
11.331000
11.331000
11.330900
11.330900
11.330900
11.330900
11.330900
11.330900
11.330900
11.330800
11.330800
11.330800
11.330800
11.330800
11.330800
11.330800
11.330700
11.330700
11.330700
11.330700
11.330700
11.330700
11.330700
11.330600
11.330600
11.330600
11.330600
11.330600
11.330600
11.330600
11.330500
11.330500
11.330500
11.330500
11.330500
11.330500
11.330500
11.330500
11.330400
11.330400
11.330400
11.330400
11.330400
11.330400
11.330400
11.330300
11.330300
11.330300
11.330300
11.330300
11.330300
11.330300
11.330200
11.330200
11.330200
11.330200
11.330200
11.330200
11.330200
11.330100
11.330100
11.330100
11.330100
11.330100
11.330100
11.330100
11.330000
11.330000
11.330000
11.330000
11.330000
11.330000
11.329900
11.329900
11.329900
11.329900
11.329900
11.329900
11.329900
11.329800
11.329800
11.329800
11.329800
11.329800
11.329800
11.329800
11.329700
11.329700
11.329700
11.329700
11.329700
11.329700
11.329700
11.329600
11.329600
11.329600
11.329600
11.329600
11.329600
11.329600
11.329500
11.329500
11.329500
11.329500
11.329500
11.329500
11.329500
11.329400
11.329400
11.329400
11.329400
11.329400
11.329400
11.329400
11.329300
11.329300
11.329300
11.329300
11.329300
11.329300
11.329300
11.329200
11.329200
11.329200
11.329200
11.329200
11.329200
11.329200
11.329100
11.329100
11.329100
11.329100
11.329100
11.329100
11.329100
11.329000
11.329000
11.329000
11.329000
11.329000
11.329000
11.329000
11.328900
11.328900
11.328900
11.328900
11.328900
11.328900
11.328900
11.328800
11.328800
11.328800
11.328800
11.328800
11.328800
11.328800
11.328700
11.328700
11.328700
11.328700
11.328700
11.328700
11.328600
11.328600
11.328600
11.328600
11.328600
11.328600
11.328600
11.328500
11.328500
11.328500
11.328500
11.328500
11.328500
11.328500
11.328400
11.328400
11.328400
11.328400
11.328400
11.328400
11.328400
11.328300
11.328300
11.328300
11.328300
11.328300
11.328300
11.328300
11.328200
11.328200
11.328200
11.328200
11.328200
11.328200
11.328200
11.328100
11.328100
11.328100
11.328100
11.328100
11.328100
11.328100
11.328000
11.328000
11.328000
11.328000
11.328000
11.328000
11.328000
11.327900
11.327900
11.327900
11.327900
11.327900
11.327900
11.327800
11.327800
11.327800
11.327800
11.327800
11.327800
11.327800
11.327700
11.327700
11.327700
11.327700
11.327700
11.327700
11.327700
11.327600
11.327600
11.327600
11.327600
11.327600
11.327600
11.327600
11.327500
11.327500
11.327500
11.327500
11.327500
11.327500
11.327500
11.327400
11.327400
11.327400
11.327400
11.327400
11.327400
11.327400
11.327300
11.327300
11.327300
11.327300
11.327300
11.330000
11.330600
11.330600
11.330500
11.330400
11.330300
11.330200
11.330100
11.330100
11.330000
11.329900
11.329900
11.329800
11.329800
11.329700
11.329700
11.329600
11.329600
11.329600
11.329600
11.329500
11.329500
11.329500
11.329500
11.329500
11.329600
11.329600
11.329600
11.329600
11.329700
11.329700
11.329700
11.329800
11.329800
11.329800
11.329900
11.329900
11.330000
11.330000
11.330100
11.330100
11.330200
11.330200
11.330300
11.330300
11.330400
11.330400
11.330500
11.330600
11.330600
11.330700
11.330700
11.330800
11.330900
11.330900
11.331000
11.331000
11.331100
11.331200
11.331200
11.331300
11.331400
11.331400
11.331500
11.331500
11.331600
11.331700
11.331700
11.331800
11.331800
11.331900
11.332000
11.332000
11.332100
11.332100
11.332200
11.332300
11.332300
11.332400
11.332400
11.332500
11.332500
11.332600
11.332600
11.332700
11.332800
11.332800
11.332900
11.332900
11.333000
11.333000
11.333100
11.333100
11.333200
11.333200
11.333300
11.333300
11.333300
11.333400
11.333400
11.333500
11.333500
11.333600
11.333600
11.333700
11.333700
11.333700
11.333800
11.333800
11.333900
11.333900
11.333900
11.334000
11.334000
11.334100
11.334100
11.334100
11.334200
11.334200
11.334200
11.334300
11.334300
11.334300
11.334400
11.334400
11.334400
11.334500
11.334500
11.334500
11.334600
11.334600
11.334600
11.334700
11.334700
11.334700
11.334700
11.334800
11.334800
11.334800
11.334900
11.334900
11.334900
11.334900
11.335000
11.335000
11.335000
11.335000
11.335100
11.335100
11.335100
11.335100
11.335100
11.335200
11.335200
11.335200
11.335200
11.335200
11.335300
11.335300
11.335300
11.335300
11.335300
11.335400
11.335400
11.335400
11.335400
11.335400
11.335500
11.335500
11.335500
11.335500
11.335500
11.335500
11.335500
11.335600
11.335600
11.335600
11.335600
11.335600
11.335600
11.335600
11.335700
11.335700
11.335700
11.335700
11.335700
11.335700
11.335700
11.335700
11.335800
11.335800
11.335800
11.335800
11.335800
11.335800
11.335800
11.335800
11.335800
11.335800
11.335900
11.335900
11.335900
11.335900
11.335900
11.335900
11.335900
11.335900
11.335900
11.335900
11.335900
11.335900
11.335900
11.336000
11.336000
11.336000
11.336000
11.336000
11.336000
11.336000
11.336000
11.336000
11.336000
11.336000
11.336000
11.336000
11.336000
11.336000
11.336000
11.336000
11.336000
11.336000
11.336000
11.336100
11.336100
11.336100
11.336100
11.336100
11.336100
11.336100
11.336100
11.336100
11.336100
11.336100
11.336100
11.336100
11.336100
11.336100
11.336100
11.336100
11.336100
11.336100
11.336100
11.336100
11.336100
11.336100
11.336100
11.336100
11.336100
11.336100
11.336100
11.336100
11.336100
11.336100
11.336100
11.336100
11.336100
11.336100
11.336100
11.336100
11.336100
11.336100
11.336100
11.336100
11.336100
11.336100
11.336100
11.336100
11.336100
11.336100
11.336100
11.336100
11.336100
11.336100
11.336000
11.336000
11.336000
11.336000
11.336000
11.336000
11.336000
11.336000
11.336000
11.336000
11.336000
11.336000
11.336000
11.336000
11.336000
11.336000
11.336000
11.336000
11.336000
11.336000
11.336000
11.336000
11.336000
11.336000
11.336000
11.336000
11.336000
11.335900
11.335900
11.335900
11.335900
11.335900
11.335900
11.335900
11.335900
11.335900
11.335900
11.335900
11.335900
11.335900
11.335900
11.335900
11.335900
11.335900
11.335900
11.335800
11.335800
11.335800
11.335800
11.335800
11.335800
11.335800
11.335800
11.335800
11.335800
11.335800
11.335800
11.335800
11.335800
11.335800
11.335700
11.335700
11.335700
11.335700
11.335700
11.335700
11.335700
11.335700
11.335700
11.335700
11.335700
11.335700
11.335700
11.335700
11.335600
11.335600
11.335600
11.335600
11.335600
11.335600
11.335600
11.335600
11.335600
11.335600
11.335600
11.335600
11.335600
11.335500
11.335500
11.335500
11.335500
11.335500
11.335500
11.335500
11.335500
11.335500
11.335500
11.335500
11.335500
11.335400
11.335400
11.335400
11.335400
11.335400
11.335400
11.335400
11.335400
11.335400
11.335400
11.335400
11.335300
11.335300
11.335300
11.335300
11.335300
11.335300
11.335300
11.335300
11.335300
11.335300
11.335200
11.335200
11.335200
11.335200
11.335200
11.335200
11.335200
11.335200
11.335200
11.335200
11.335200
11.335100
11.335100
11.335100
11.335100
11.335100
11.335100
11.335100
11.335100
11.335100
11.335100
11.335000
11.335000
11.335000
11.335000
11.335000
11.335000
11.335000
11.335000
11.335000
11.335000
11.334900
11.334900
11.334900
11.334900
11.334900
11.334900
11.334900
11.334900
11.334900
11.334800
11.334800
11.334800
11.334800
11.334800
11.334800
11.334800
11.334800
11.334800
11.334700
11.334700
11.334700
11.334700
11.334700
11.334700
11.334700
11.334700
11.334700
11.334600
11.334600
11.334600
11.334600
11.334600
11.334600
11.334600
11.334600
11.334600
11.334500
11.334500
11.334500
11.334500
11.334500
11.334500
11.334500
11.334500
11.334500
11.334400
11.334400
11.334400
11.334400
11.334400
11.334400
11.334400
11.334400
11.334400
11.334300
11.334300
11.334300
11.334300
11.334300
11.334300
11.334300
11.334300
11.334200
11.334200
11.334200
11.334200
11.334200
11.334200
11.334200
11.334200
11.334200
11.334100
11.334100
11.334100
11.334100
11.334100
11.334100
11.334100
11.334100
11.334000
11.334000
11.334000
11.334000
11.334000
11.334000
11.334000
11.334000
11.333900
11.333900
11.333900
11.333900
11.333900
11.333900
11.333900
11.333900
11.333800
11.333800
11.333800
11.333800
11.333800
11.333800
11.333800
11.333800
11.333700
11.333700
11.333700
11.333700
11.333700
11.333700
11.333700
11.333700
11.333600
11.333600
11.333600
11.333600
11.333600
11.333600
11.333600
11.333600
11.333500
11.333500
11.333500
11.333500
11.333500
11.333500
11.333500
11.333500
11.333400
11.333400
11.333400
11.333400
11.333400
11.333400
11.333400
11.333400
11.333300
11.333300
11.333300
11.333300
11.333300
11.333300
11.333300
11.333300
11.333200
11.333200
11.333200
11.333200
11.333200
11.333200
11.333200
11.333100
11.333100
11.333100
11.333100
11.333100
11.333100
11.333100
11.333100
11.333000
11.333000
11.333000
11.333000
11.333000
11.333000
11.333000
11.333000
11.332900
11.332900
11.332900
11.332900
11.332900
11.332900
11.332900
11.332800
11.332800
11.332800
11.332800
11.332800
11.332800
11.332800
11.332800
11.332700
11.332700
11.332700
11.332700
11.332700
11.332700
11.332700
11.332600
11.332600
11.332600
11.332600
11.332600
11.332600
11.332600
11.332600
11.332500
11.332500
11.332500
11.332500
11.332500
11.332500
11.332500
11.332400
11.332400
11.332400
11.332400
11.332400
11.332400
11.332400
11.332300
11.332300
11.332300
11.332300
11.332300
11.332300
11.332300
11.332300
11.332200
11.332200
11.332200
11.332200
11.332200
11.332200
11.332200
11.332100
11.332100
11.332100
11.332100
11.332100
11.332100
11.332100
11.332000
11.332000
11.332000
11.332000
11.332000
11.332000
11.332000
11.332000
11.331900
11.331900
11.331900
11.331900
11.331900
11.331900
11.331900
11.331800
11.331800
11.331800
11.331800
11.331800
11.331800
11.331800
11.331700
11.331700
11.331700
11.331700
11.331700
11.331700
11.331700
11.331600
11.331600
11.331600
11.331600
11.331600
11.331600
11.331600
11.331600
11.331500
11.331500
11.331500
11.331500
11.331500
11.331500
11.331500
11.331400
11.331400
11.331400
11.331400
11.331400
11.331400
11.331400
11.331300
11.331300
11.331300
11.331300
11.331300
11.331300
11.331300
11.331200
11.331200
11.331200
11.331200
11.331200
11.331200
11.331200
11.331100
11.331100
11.331100
11.331100
11.331100
11.331100
11.331100
11.331000
11.331000
11.331000
11.331000
11.331000
11.331000
11.331000
11.330900
11.330900
11.330900
11.330900
11.330900
11.330900
11.330900
11.330800
11.330800
11.330800
11.330800
11.330800
11.330800
11.330800
11.330800
11.330700
11.330700
11.330700
11.330700
11.330700
11.330700
11.330700
11.330600
11.330600
11.330600
11.330600
11.330600
11.330600
11.330600
11.330500
11.330500
11.330500
11.330500
11.330500
11.330500
11.330500
11.330400
11.330400
11.330400
11.330400
11.330400
11.330400
11.330400
11.330300
11.330300
11.330300
11.330300
11.330300
11.330300
11.330300
11.330200
11.330200
11.330200
11.330200
11.330200
11.330200
11.330200
11.330100
11.330100
11.330100
11.330100
11.330100
11.330100
11.330100
11.330000
11.330000
11.330000
11.330000
11.330000
11.330000
11.330000
11.329900
11.329900
11.329900
11.329900
11.329900
11.329900
11.329900
11.329800
11.329800
11.329800
11.329800
11.329800
11.329800
11.329800
11.329700
11.329700
11.329700
11.329700
11.329700
11.329700
11.329600
11.329600
11.329600
11.329600
11.329600
11.329600
11.329600
11.329500
11.329500
11.329500
11.329500
11.329500
11.329500
11.329500
11.329400
11.329400
11.329400
11.329400
11.329400
11.329400
11.329400
11.329300
11.329300
11.329300
11.329300
11.329300
11.329300
11.329300
11.329200
11.329200
11.329200
11.329200
11.329200
11.329200
11.329200
11.329100
11.329100
11.329100
11.329100
11.329100
11.329100
11.329100
11.329000
11.329000
11.329000
11.329000
11.329000
11.329000
11.329000
11.328900
11.328900
11.328900
11.328900
11.328900
11.328900
11.328900
11.328800
11.328800
11.328800
11.328800
11.328800
11.328800
11.328800
11.328700
11.328700
11.328700
11.328700
11.328700
11.328700
11.328700
11.328600
11.328600
11.328600
11.328600
11.328600
11.328600
11.328500
11.328500
11.328500
11.328500
11.328500
11.328500
11.328500
11.328400
11.328400
11.328400
11.328400
11.328400
11.328400
11.328400
11.328300
11.328300
11.328300
11.328300
11.328300
11.328300
11.328300
11.328200
11.328200
11.328200
11.328200
11.328200
11.328200
11.328200
11.328100
11.328100
11.328100
11.328100
11.328100
11.328100
11.328100
11.328000
11.328000
11.328000
11.328000
11.328000
11.328000
11.328000
11.327900
11.327900
11.327900
11.327900
11.327900
11.327900
11.327800
11.327800
11.327800
11.327800
11.327800
11.327800
11.327800
11.327700
11.327700
11.327700
11.327700
11.327700
11.327700
11.327700
11.327600
11.327600
11.327600
11.327600
11.327600
11.327600
11.327600
11.327500
11.327500
11.327500
11.327500
11.327500
11.327500
11.327500
11.327400
11.327400
11.327400
11.327400
11.327400
11.327400
11.327400
11.327300
11.327300
11.327300
11.327300
11.327300
11.330000
11.330600
11.330600
11.330500
11.330400
11.330300
11.330200
11.330100
11.330100
11.330000
11.329900
11.329900
11.329800
11.329800
11.329700
11.329700
11.329600
11.329600
11.329600
11.329600
11.329500
11.329500
11.329500
11.329500
11.329500
11.329600
11.329600
11.329600
11.329600
11.329700
11.329700
11.329700
11.329800
11.329800
11.329800
11.329900
11.329900
11.330000
11.330000
11.330100
11.330100
11.330200
11.330200
11.330300
11.330300
11.330400
11.330400
11.330500
11.330600
11.330600
11.330700
11.330700
11.330800
11.330900
11.330900
11.331000
11.331000
11.331100
11.331200
11.331200
11.331300
11.331400
11.331400
11.331500
11.331500
11.331600
11.331700
11.331700
11.331800
11.331800
11.331900
11.332000
11.332000
11.332100
11.332100
11.332200
11.332300
11.332300
11.332400
11.332400
11.332500
11.332500
11.332600
11.332600
11.332700
11.332800
11.332800
11.332900
11.332900
11.333000
11.333000
11.333100
11.333100
11.333200
11.333200
11.333300
11.333300
11.333300
11.333400
11.333400
11.333500
11.333500
11.333600
11.333600
11.333700
11.333700
11.333700
11.333800
11.333800
11.333900
11.333900
11.333900
11.334000
11.334000
11.334100
11.334100
11.334100
11.334200
11.334200
11.334200
11.334300
11.334300
11.334300
11.334400
11.334400
11.334400
11.334500
11.334500
11.334500
11.334600
11.334600
11.334600
11.334700
11.334700
11.334700
11.334700
11.334800
11.334800
11.334800
11.334900
11.334900
11.334900
11.334900
11.335000
11.335000
11.335000
11.335000
11.335100
11.335100
11.335100
11.335100
11.335100
11.335200
11.335200
11.335200
11.335200
11.335200
11.335300
11.335300
11.335300
11.335300
11.335300
11.335400
11.335400
11.335400
11.335400
11.335400
11.335500
11.335500
11.335500
11.335500
11.335500
11.335500
11.335500
11.335600
11.335600
11.335600
11.335600
11.335600
11.335600
11.335600
11.335700
11.335700
11.335700
11.335700
11.335700
11.335700
11.335700
11.335700
11.335800
11.335800
11.335800
11.335800
11.335800
11.335800
11.335800
11.335800
11.335800
11.335800
11.335900
11.335900
11.335900
11.335900
11.335900
11.335900
11.335900
11.335900
11.335900
11.335900
11.335900
11.335900
11.336000
11.336000
11.336000
11.336000
11.336000
11.336000
11.336000
11.336000
11.336000
11.336000
11.336000
11.336000
11.336000
11.336000
11.336000
11.336000
11.336000
11.336000
11.336000
11.336000
11.336000
11.336100
11.336100
11.336100
11.336100
11.336100
11.336100
11.336100
11.336100
11.336100
11.336100
11.336100
11.336100
11.336100
11.336100
11.336100
11.336100
11.336100
11.336100
11.336100
11.336100
11.336100
11.336100
11.336100
11.336100
11.336100
11.336100
11.336100
11.336100
11.336100
11.336100
11.336100
11.336100
11.336100
11.336100
11.336100
11.336100
11.336100
11.336100
11.336100
11.336100
11.336100
11.336100
11.336100
11.336100
11.336100
11.336100
11.336100
11.336100
11.336100
11.336100
11.336100
11.336100
11.336000
11.336000
11.336000
11.336000
11.336000
11.336000
11.336000
11.336000
11.336000
11.336000
11.336000
11.336000
11.336000
11.336000
11.336000
11.336000
11.336000
11.336000
11.336000
11.336000
11.336000
11.336000
11.336000
11.336000
11.336000
11.336000
11.335900
11.335900
11.335900
11.335900
11.335900
11.335900
11.335900
11.335900
11.335900
11.335900
11.335900
11.335900
11.335900
11.335900
11.335900
11.335900
11.335900
11.335900
11.335800
11.335800
11.335800
11.335800
11.335800
11.335800
11.335800
11.335800
11.335800
11.335800
11.335800
11.335800
11.335800
11.335800
11.335800
11.335800
11.335700
11.335700
11.335700
11.335700
11.335700
11.335700
11.335700
11.335700
11.335700
11.335700
11.335700
11.335700
11.335700
11.335600
11.335600
11.335600
11.335600
11.335600
11.335600
11.335600
11.335600
11.335600
11.335600
11.335600
11.335600
11.335600
11.335500
11.335500
11.335500
11.335500
11.335500
11.335500
11.335500
11.335500
11.335500
11.335500
11.335500
11.335500
11.335400
11.335400
11.335400
11.335400
11.335400
11.335400
11.335400
11.335400
11.335400
11.335400
11.335400
11.335300
11.335300
11.335300
11.335300
11.335300
11.335300
11.335300
11.335300
11.335300
11.335300
11.335300
11.335200
11.335200
11.335200
11.335200
11.335200
11.335200
11.335200
11.335200
11.335200
11.335200
11.335100
11.335100
11.335100
11.335100
11.335100
11.335100
11.335100
11.335100
11.335100
11.335100
11.335000
11.335000
11.335000
11.335000
11.335000
11.335000
11.335000
11.335000
11.335000
11.335000
11.334900
11.334900
11.334900
11.334900
11.334900
11.334900
11.334900
11.334900
11.334900
11.334800
11.334800
11.334800
11.334800
11.334800
11.334800
11.334800
11.334800
11.334800
11.334700
11.334700
11.334700
11.334700
11.334700
11.334700
11.334700
11.334700
11.334700
11.334700
11.334600
11.334600
11.334600
11.334600
11.334600
11.334600
11.334600
11.334600
11.334500
11.334500
11.334500
11.334500
11.334500
11.334500
11.334500
11.334500
11.334500
11.334400
11.334400
11.334400
11.334400
11.334400
11.334400
11.334400
11.334400
11.334400
11.334300
11.334300
11.334300
11.334300
11.334300
11.334300
11.334300
11.334300
11.334200
11.334200
11.334200
11.334200
11.334200
11.334200
11.334200
11.334200
11.334200
11.334100
11.334100
11.334100
11.334100
11.334100
11.334100
11.334100
11.334100
11.334000
11.334000
11.334000
11.334000
11.334000
11.334000
11.334000
11.334000
11.333900
11.333900
11.333900
11.333900
11.333900
11.333900
11.333900
11.333900
11.333800
11.333800
11.333800
11.333800
11.333800
11.333800
11.333800
11.333800
11.333700
11.333700
11.333700
11.333700
11.333700
11.333700
11.333700
11.333700
11.333600
11.333600
11.333600
11.333600
11.333600
11.333600
11.333600
11.333600
11.333500
11.333500
11.333500
11.333500
11.333500
11.333500
11.333500
11.333500
11.333400
11.333400
11.333400
11.333400
11.333400
11.333400
11.333400
11.333400
11.333300
11.333300
11.333300
11.333300
11.333300
11.333300
11.333300
11.333300
11.333200
11.333200
11.333200
11.333200
11.333200
11.333200
11.333200
11.333100
11.333100
11.333100
11.333100
11.333100
11.333100
11.333100
11.333100
11.333000
11.333000
11.333000
11.333000
11.333000
11.333000
11.333000
11.333000
11.332900
11.332900
11.332900
11.332900
11.332900
11.332900
11.332900
11.332800
11.332800
11.332800
11.332800
11.332800
11.332800
11.332800
11.332800
11.332700
11.332700
11.332700
11.332700
11.332700
11.332700
11.332700
11.332600
11.332600
11.332600
11.332600
11.332600
11.332600
11.332600
11.332600
11.332500
11.332500
11.332500
11.332500
11.332500
11.332500
11.332500
11.332400
11.332400
11.332400
11.332400
11.332400
11.332400
11.332400
11.332400
11.332300
11.332300
11.332300
11.332300
11.332300
11.332300
11.332300
11.332200
11.332200
11.332200
11.332200
11.332200
11.332200
11.332200
11.332100
11.332100
11.332100
11.332100
11.332100
11.332100
11.332100
11.332100
11.332000
11.332000
11.332000
11.332000
11.332000
11.332000
11.332000
11.331900
11.331900
11.331900
11.331900
11.331900
11.331900
11.331900
11.331800
11.331800
11.331800
11.331800
11.331800
11.331800
11.331800
11.331700
11.331700
11.331700
11.331700
11.331700
11.331700
11.331700
11.331600
11.331600
11.331600
11.331600
11.331600
11.331600
11.331600
11.331600
11.331500
11.331500
11.331500
11.331500
11.331500
11.331500
11.331500
11.331400
11.331400
11.331400
11.331400
11.331400
11.331400
11.331400
11.331300
11.331300
11.331300
11.331300
11.331300
11.331300
11.331300
11.331200
11.331200
11.331200
11.331200
11.331200
11.331200
11.331200
11.331100
11.331100
11.331100
11.331100
11.331100
11.331100
11.331100
11.331000
11.331000
11.331000
11.331000
11.331000
11.331000
11.331000
11.330900
11.330900
11.330900
11.330900
11.330900
11.330900
11.330900
11.330900
11.330800
11.330800
11.330800
11.330800
11.330800
11.330800
11.330800
11.330700
11.330700
11.330700
11.330700
11.330700
11.330700
11.330700
11.330600
11.330600
11.330600
11.330600
11.330600
11.330600
11.330600
11.330500
11.330500
11.330500
11.330500
11.330500
11.330500
11.330500
11.330400
11.330400
11.330400
11.330400
11.330400
11.330400
11.330400
11.330300
11.330300
11.330300
11.330300
11.330300
11.330300
11.330300
11.330200
11.330200
11.330200
11.330200
11.330200
11.330200
11.330200
11.330100
11.330100
11.330100
11.330100
11.330100
11.330100
11.330100
11.330000
11.330000
11.330000
11.330000
11.330000
11.330000
11.330000
11.329900
11.329900
11.329900
11.329900
11.329900
11.329900
11.329900
11.329800
11.329800
11.329800
11.329800
11.329800
11.329800
11.329800
11.329700
11.329700
11.329700
11.329700
11.329700
11.329700
11.329700
11.329600
11.329600
11.329600
11.329600
11.329600
11.329600
11.329600
11.329500
11.329500
11.329500
11.329500
11.329500
11.329500
11.329400
11.329400
11.329400
11.329400
11.329400
11.329400
11.329400
11.329300
11.329300
11.329300
11.329300
11.329300
11.329300
11.329300
11.329200
11.329200
11.329200
11.329200
11.329200
11.329200
11.329200
11.329100
11.329100
11.329100
11.329100
11.329100
11.329100
11.329100
11.329000
11.329000
11.329000
11.329000
11.329000
11.329000
11.329000
11.328900
11.328900
11.328900
11.328900
11.328900
11.328900
11.328900
11.328800
11.328800
11.328800
11.328800
11.328800
11.328800
11.328800
11.328700
11.328700
11.328700
11.328700
11.328700
11.328700
11.328700
11.328600
11.328600
11.328600
11.328600
11.328600
11.328600
11.328600
11.328500
11.328500
11.328500
11.328500
11.328500
11.328500
11.328400
11.328400
11.328400
11.328400
11.328400
11.328400
11.328400
11.328300
11.328300
11.328300
11.328300
11.328300
11.328300
11.328300
11.328200
11.328200
11.328200
11.328200
11.328200
11.328200
11.328200
11.328100
11.328100
11.328100
11.328100
11.328100
11.328100
11.328100
11.328000
11.328000
11.328000
11.328000
11.328000
11.328000
11.328000
11.327900
11.327900
11.327900
11.327900
11.327900
11.327900
11.327900
11.327800
11.327800
11.327800
11.327800
11.327800
11.327800
11.327700
11.327700
11.327700
11.327700
11.327700
11.327700
11.327700
11.327600
11.327600
11.327600
11.327600
11.327600
11.327600
11.327600
11.327500
11.327500
11.327500
11.327500
11.327500
11.327500
11.327500
11.327400
11.327400
11.327400
11.327400
11.327400
11.327400
11.327400
