0.971137
0.969495
0.967860
0.966230
0.964607
0.962996
0.961439
0.960729
0.961607
0.964343
0.969501
0.978285
0.993322
1.019360
1.062770
1.130250
1.227440
1.357870
1.522610
1.720510
1.948720
2.203380
2.480250
2.775130
3.084140
3.403730
3.730670
4.061970
4.394900
4.727110
5.056670
5.382080
5.702270
6.016440
6.324090
6.624830
6.918420
7.204850
7.484010
7.755950
8.020680
8.278250
8.528850
8.772470
9.009360
9.239510
9.463170
9.680340
9.891260
10.096000
10.294600
10.487400
10.674300
10.855500
11.031100
11.201200
11.366000
11.525400
11.679800
11.828900
11.973200
12.112500
12.247100
12.376900
12.502100
12.622800
12.739000
12.850900
12.958400
13.061700
13.160900
13.256000
13.347100
13.434200
13.517500
13.597100
13.672900
13.745200
13.813800
13.878900
13.940600
13.998900
14.053900
14.105700
14.154200
14.199600
14.242000
14.281300
14.317700
14.351100
14.381700
14.409500
14.434600
14.457000
14.476800
14.494000
14.508700
14.520900
14.530700
14.538200
14.543300
14.546100
14.546800
14.545200
14.541600
14.535800
14.528100
14.518300
14.506600
14.493000
14.477600
14.460300
14.441300
14.420600
14.398200
14.374100
14.348400
14.321200
14.292500
14.262200
14.230600
14.197500
14.163100
14.127400
14.090300
14.052000
14.012500
13.971800
13.929900
13.887000
13.842900
13.797800
13.751800
13.704600
13.656700
13.607600
13.557900
13.507100
13.455700
13.403300
13.350300
13.296400
13.241900
13.186700
13.130900
13.074300
13.017300
12.959600
12.901400
12.842700
12.783500
12.723800
12.663600
12.603100
12.542100
12.480800
12.419100
12.357100
12.294800
12.232200
12.169300
12.106200
12.042900
11.979300
11.915600
11.851700
11.787600
11.723500
11.659200
11.594900
11.530400
11.465900
11.401400
11.336800
11.272300
11.207700
11.143200
11.078700
11.014300
10.949900
10.885700
10.821500
10.757500
10.693500
10.629700
10.566100
10.502600
10.439300
10.376200
10.313200
10.250500
10.188000
10.125700
10.063700
10.001900
9.940380
9.879110
9.818090
9.757360
9.696940
9.636810
9.576990
9.517530
9.458300
9.399440
9.340940
9.282740
9.224900
9.167360
9.110250
9.053430
8.997030
8.940940
8.885260
8.829950
8.774990
8.720400
8.666230
8.612480
8.559030
8.506060
8.453450
8.401200
8.349370
8.297910
8.246920
8.196300
8.146040
8.096190
8.046770
7.997770
7.949130
7.900910
7.853050
7.805610
7.758600
7.712000
7.665760
7.619890
7.574440
7.529400
7.484790
7.440480
7.396650
7.353180
7.310070
7.267320
7.224990
7.183090
7.141480
7.100300
7.059470
7.019010
6.978910
6.939220
6.899840
6.860880
6.822220
6.783920
6.745990
6.708410
6.671190
6.634270
6.597720
6.561520
6.525630
6.490100
6.454860
6.419990
6.385420
6.351150
6.317240
6.283630
6.250320
6.217310
6.184610
6.152200
6.120090
6.088290
6.056780
6.025520
5.994610
5.963950
5.933570
5.903470
5.873640
5.844090
5.814800
5.785780
5.757020
5.728520
5.700270
5.672280
5.644540
5.617040
5.589790
5.562780
5.536020
5.509480
5.483190
5.457120
5.431290
5.405670
5.380280
5.355120
5.330170
5.305440
5.280920
5.256610
5.232500
5.208610
5.184920
5.161430
5.138130
5.115040
5.092140
5.069430
5.046910
5.024580
5.002430
4.980470
4.958690
4.937080
4.915660
4.894400
4.873320
4.852420
4.831680
4.811100
4.790690
4.770450
4.750360
4.730440
4.710680
4.691060
4.671610
4.652300
4.633150
4.614130
4.595280
4.576560
4.557990
4.539560
4.521270
4.503120
4.485110
4.467230
4.449490
4.431880
4.414400
4.397050
4.379830
4.362730
4.345760
4.328920
4.312200
4.295600
4.279120
4.262750
4.246510
4.230370
4.214360
4.198460
4.182670
4.166990
4.151430
4.135970
4.120620
4.105370
4.090230
4.075190
4.060270
4.045430
4.030700
4.016070
4.001540
3.987110
3.972770
3.958530
3.944380
3.930330
3.916370
3.902500
3.888730
3.875030
3.861430
3.847920
3.834510
3.821160
3.807910
3.794750
3.781660
3.768660
3.755740
3.742910
3.730150
3.717470
3.704880
3.692350
3.679910
3.667550
3.655260
3.643040
3.630900
3.618830
3.606840
3.594920
3.583070
3.571290
3.559580
3.547940
3.536370
3.524870
3.513430
3.502060
3.490760
3.479520
3.468350
3.457240
3.446200
3.435220
3.424300
3.413450
3.402650
3.391920
3.381250
3.370640
3.360080
3.349590
3.339150
3.328780
3.318460
3.308200
3.297990
3.287830
3.277740
3.267700
3.257710
3.247780
3.237900
3.228070
3.218290
3.208570
3.198900
3.189280
3.179710
3.170190
3.160720
3.151310
3.141940
3.132620
3.123340
3.114120
3.104940
3.095800
3.086720
3.077680
3.068690
3.059740
3.050840
3.041980
3.033170
3.024400
3.015670
3.006990
2.998350
2.989750
2.981200
2.972690
2.964210
2.955790
2.947390
2.939050
2.930740
2.922470
2.914250
2.906060
2.897900
2.889790
2.881720
2.873690
2.865690
2.857730
2.849810
2.841920
2.834080
2.826270
2.818490
2.810750
2.803050
2.795380
2.787740
2.780150
2.772590
2.765050
2.757560
2.750100
2.742680
2.735280
2.727910
2.720590
2.713290
2.706030
2.698800
2.691600
2.684430
2.677300
2.670200
2.663120
2.656080
2.649070
2.642090
2.635130
2.628210
2.621320
2.614460
2.607620
2.600820
2.594050
2.587300
2.580590
2.573900
2.567240
2.560610
2.554000
2.547420
2.540870
2.534350
2.527860
2.521390
2.514940
2.508530
2.502140
2.495780
2.489440
2.483130
2.476850
2.470590
2.464350
2.458140
2.451960
2.445800
2.439670
2.433560
2.427470
2.421410
2.415370
2.409360
2.403370
2.397410
2.391460
2.385540
2.379650
2.373770
2.367930
2.362100
2.356290
2.350510
2.344750
2.339010
2.333300
2.327600
2.321930
2.316280
2.310650
2.305050
2.299460
2.293900
2.288350
2.282830
2.277330
2.271850
2.266380
2.260940
2.255530
2.250130
2.244750
2.239390
2.234040
2.228720
2.223430
2.218140
2.212880
2.207640
2.202410
2.197210
2.192020
2.186860
2.181710
2.176580
2.171470
2.166370
2.161300
2.156240
2.151200
2.146180
2.141180
2.136200
2.131230
2.126280
2.121350
2.116430
2.111540
2.106660
2.101790
2.096950
2.092120
2.087310
2.082510
2.077740
2.072970
2.068230
2.063500
2.058790
2.054090
2.049410
2.044740
2.040100
2.035470
2.030850
2.026240
2.021660
2.017090
2.012530
2.007990
2.003470
1.998960
1.994470
1.989990
1.985530
1.981080
1.976650
1.972230
1.967820
1.963430
1.959050
1.954690
1.950350
1.946020
1.941700
1.937400
1.933100
1.928830
1.924570
1.920320
1.916090
1.911870
1.907660
1.903470
1.899290
1.895120
1.890970
1.886830
1.882710
1.878600
1.874500
1.870410
1.866340
1.862280
1.858230
1.854190
1.850180
1.846160
1.842170
1.838190
1.834210
1.830260
1.826310
1.822370
1.818450
1.814550
1.810650
1.806760
1.802890
1.799030
1.795180
1.791340
1.787520
1.783700
1.779900
1.776110
1.772330
1.768570
1.764810
1.761070
1.757340
1.753620
1.749910
1.746210
1.742520
1.738850
1.735180
1.731530
1.727890
1.724260
1.720640
1.717020
1.713430
1.709840
1.706260
1.702700
1.699140
1.695600
1.692060
1.688540
1.685020
1.681520
1.678030
1.674550
1.671070
1.667610
1.664160
1.660720
1.657280
1.653860
1.650450
1.647050
1.643660
1.640280
1.636900
1.633540
1.630190
1.626850
1.623520
1.620190
1.616880
1.613570
1.610280
1.607000
1.603720
1.600460
1.597200
1.593950
1.590720
1.587490
1.584260
1.581050
1.577860
1.574660
1.571480
1.568300
1.565140
1.561980
1.558840
1.555700
1.552570
1.549450
1.546340
1.543240
1.540140
1.537050
1.533980
1.530910
1.527850
1.524800
1.521750
1.518720
1.515690
1.512670
1.509670
1.506670
1.503670
1.500690
1.497720
1.494750
1.491790
1.488840
1.485900
1.482960
1.480030
1.477110
1.474200
1.471300
1.468410
1.465520
1.462640
1.459770
1.456900
1.454050
1.451200
1.448360
1.445530
1.442700
1.439880
1.437070
1.434270
1.431480
1.428690
1.425910
1.423140
1.420380
1.417620
1.414870
1.412130
1.409390
1.406660
1.403950
1.401230
1.398520
1.395820
1.393140
1.390450
1.387770
1.385100
1.382440
1.379780
1.377140
1.374490
1.371860
1.369230
1.366610
1.363990
1.361380
1.358790
1.356190
1.353600
1.351020
1.348450
1.345880
1.343320
1.340770
1.338220
1.335690
1.333150
1.330620
1.328110
1.325590
1.323090
1.320580
1.318090
1.315600
1.313120
1.310650
1.308170
1.305720
1.303260
1.300810
1.298370
1.295930
1.293500
1.291080
1.288660
1.286240
1.283840
1.281440
1.279040
1.276660
1.274280
1.271900
1.269530
1.267170
1.264810
1.262460
1.260120
1.257780
1.255450
1.253110
1.250790
1.248480
1.246170
1.243870
1.241570
1.239270
1.236990
1.234710
1.232430
1.230160
1.227900
1.225640
1.223390
1.221140
1.218900
1.216670
1.214430
1.212210
1.209990
1.207780
1.205570
1.203370
1.201170
1.198980
1.196790
1.194610
1.192440
1.190270
1.188110
1.185950
1.183800
1.181640
1.179500
1.177360
1.175230
1.173110
1.170980
1.168870
1.166760
1.164650
1.162550
1.160460
1.158360
1.156280
1.154200
1.152120
1.150050
1.147990
1.145920
1.143870
1.141820
1.139770
1.137730
1.135700
1.133670
1.131640
1.129620
1.127610
1.125600
1.123590
1.121590
1.119600
1.117600
1.115620
1.113640
1.111660
1.109690
1.107720
1.105760
1.103800
1.101850
1.099900
1.097960
1.096010
1.094080
1.092150
1.090230
1.088310
1.086390
1.084480
1.082580
1.080670
1.078780
1.076880
1.075000
1.073110
1.071230
1.069360
1.067490
1.065620
1.063760
1.061900
1.060050
1.058200
1.056360
1.054520
1.052680
1.050850
1.049030
1.047210
1.045380
1.043570
1.041760
1.039960
1.038160
1.036360
1.034570
1.032780
1.031000
1.029220
1.027440
1.025670
1.023910
1.022140
1.020380
1.018630
1.016880
1.015140
1.013390
1.011650
1.009920
1.008190
1.006470
1.004740
1.003020
1.001310
0.999599
0.997892
0.996190
0.994495
0.992799
0.991110
0.989426
0.987743
0.986065
0.984388
0.982723
0.981051
0.979392
0.977732
0.976079
0.974425
0.972778
0.971137
0.969495
0.967860
0.966230
0.964607
0.962996
0.961439
0.960729
0.961607
0.964343
0.969507
0.978291
0.993322
1.019360
1.062770
1.130260
1.227450
1.357880
1.522640
1.720540
1.948750
2.203420
2.480300
2.775200
3.084220
3.403820
3.730760
4.062060
4.394990
4.727210
5.056770
5.382200
5.702390
6.016560
6.324210
6.624960
6.918600
7.205030
7.484190
7.756130
8.020860
8.278430
8.529030
8.772650
9.009540
9.239690
9.463350
9.680580
9.891440
10.096200
10.294900
10.487600
10.674500
10.855700
11.031300
11.201500
11.366200
11.525700
11.680000
11.829200
11.973500
12.112800
12.247300
12.377200
12.502400
12.623100
12.739300
12.851200
12.958700
13.062000
13.161200
13.256300
13.347400
13.434600
13.517800
13.597400
13.673200
13.745500
13.814100
13.879300
13.941000
13.999300
14.054300
14.106000
14.154500
14.200000
14.242300
14.281600
14.318000
14.351400
14.382000
14.409900
14.435000
14.457400
14.477200
14.494400
14.509100
14.521300
14.531200
14.538600
14.543700
14.546500
14.547200
14.545600
14.542000
14.536300
14.528400
14.518700
14.507000
14.493400
14.478000
14.460700
14.441700
14.420900
14.398600
14.374500
14.348900
14.321600
14.292900
14.262600
14.231000
14.197900
14.163500
14.127800
14.090700
14.052400
14.012900
13.972200
13.930300
13.887400
13.843300
13.798200
13.752100
13.705000
13.657000
13.608100
13.558200
13.507500
13.456000
13.403700
13.350600
13.296800
13.242300
13.187100
13.131200
13.074800
13.017700
12.960000
12.901800
12.843100
12.783900
12.724200
12.664100
12.603500
12.542600
12.481200
12.419500
12.357500
12.295200
12.232600
12.169700
12.106600
12.043200
11.979700
11.915900
11.852100
11.788100
11.723800
11.659600
11.595200
11.530800
11.466300
11.401800
11.337200
11.272600
11.208100
11.143600
11.079100
11.014700
10.950300
10.886000
10.821900
10.757800
10.693900
10.630100
10.566400
10.502900
10.439600
10.376500
10.313600
10.250800
10.188300
10.126000
10.064000
10.002200
9.940680
9.879410
9.818390
9.757660
9.697240
9.637110
9.577290
9.517830
9.458600
9.399740
9.341180
9.283040
9.225140
9.167660
9.110490
9.053730
8.997270
8.941240
8.885500
8.830190
8.775230
8.720700
8.666530
8.612720
8.559330
8.506300
8.453690
8.401440
8.349620
8.298150
8.247160
8.196480
8.146280
8.096430
8.047010
7.997950
7.949310
7.901090
7.853290
7.805850
7.758840
7.712180
7.665940
7.620130
7.574680
7.529640
7.484970
7.440720
7.396830
7.353360
7.310250
7.267560
7.225170
7.183270
7.141660
7.100480
7.059650
7.019190
6.979090
6.939400
6.900020
6.861000
6.822400
6.784100
6.746170
6.708590
6.671370
6.634450
6.597900
6.561700
6.525810
6.490280
6.455040
6.420110
6.385540
6.351330
6.317360
6.283750
6.250440
6.217430
6.184730
6.152320
6.120210
6.088410
6.056900
6.025700
5.994730
5.964080
5.933700
5.903600
5.873770
5.844210
5.814930
5.785900
5.757140
5.728640
5.700390
5.672400
5.644650
5.617150
5.589910
5.562900
5.536130
5.509590
5.483290
5.457230
5.431390
5.405780
5.380390
5.355220
5.330270
5.305540
5.281010
5.256700
5.232600
5.208710
5.185010
5.161520
5.138230
5.115140
5.092240
5.069530
5.047000
5.024670
5.002520
4.980560
4.958780
4.937180
4.915750
4.894490
4.873410
4.852500
4.831760
4.811190
4.790780
4.770540
4.750450
4.730520
4.710750
4.691140
4.671690
4.652380
4.633220
4.614210
4.595350
4.576640
4.558070
4.539630
4.521350
4.503200
4.485190
4.467310
4.449560
4.431950
4.414470
4.397120
4.379900
4.362800
4.345840
4.328990
4.312260
4.295660
4.279180
4.262820
4.246570
4.230440
4.214430
4.198530
4.182740
4.167060
4.151490
4.136030
4.120680
4.105430
4.090290
4.075250
4.060330
4.045490
4.030760
4.016130
4.001600
3.987170
3.972830
3.958580
3.944440
3.930390
3.916420
3.902550
3.888780
3.875090
3.861490
3.847980
3.834560
3.821220
3.807970
3.794800
3.781720
3.768720
3.755800
3.742960
3.730200
3.717530
3.704930
3.692410
3.679960
3.667590
3.655310
3.643090
3.630950
3.618880
3.606890
3.594960
3.583110
3.571340
3.559620
3.547980
3.536410
3.524910
3.513470
3.502100
3.490800
3.479560
3.468390
3.457290
3.446240
3.435260
3.424340
3.413490
3.402690
3.391960
3.381290
3.370680
3.360130
3.349630
3.339200
3.328820
3.318500
3.308230
3.298030
3.287870
3.277780
3.267740
3.257750
3.247810
3.237940
3.228110
3.218340
3.208610
3.198940
3.189320
3.179750
3.170230
3.160760
3.151350
3.141970
3.132650
3.123380
3.114150
3.104970
3.095840
3.086750
3.077720
3.068720
3.059780
3.050870
3.042020
3.033200
3.024430
3.015710
3.007020
2.998380
2.989790
2.981230
2.972720
2.964240
2.955820
2.947430
2.939080
2.930770
2.922500
2.914280
2.906090
2.897930
2.889820
2.881750
2.873720
2.865720
2.857760
2.849840
2.841950
2.834110
2.826300
2.818520
2.810780
2.803080
2.795410
2.787770
2.780170
2.772610
2.765080
2.757590
2.750130
2.742700
2.735300
2.727950
2.720620
2.713320
2.706060
2.698830
2.691630
2.684460
2.677330
2.670220
2.663150
2.656100
2.649090
2.642110
2.635160
2.628240
2.621340
2.614480
2.607650
2.600850
2.594070
2.587330
2.580610
2.573930
2.567260
2.560630
2.554020
2.547450
2.540900
2.534380
2.527880
2.521410
2.514970
2.508550
2.502170
2.495810
2.489470
2.483160
2.476870
2.470610
2.464380
2.458170
2.451980
2.445820
2.439690
2.433580
2.427490
2.421430
2.415400
2.409380
2.403400
2.397420
2.391480
2.385570
2.379670
2.373800
2.367950
2.362120
2.356320
2.350530
2.344770
2.339040
2.333320
2.327630
2.321960
2.316310
2.310680
2.305070
2.299480
2.293920
2.288370
2.282850
2.277350
2.271870
2.266410
2.260970
2.255540
2.250140
2.244760
2.239410
2.234070
2.228750
2.223440
2.218160
2.212900
2.207660
2.202440
2.197230
2.192040
2.186880
2.181730
2.176590
2.171480
2.166390
2.161320
2.156260
2.151220
2.146200
2.141200
2.136220
2.131250
2.126300
2.121370
2.116450
2.111560
2.106680
2.101810
2.096970
2.092140
2.087330
2.082530
2.077750
2.072990
2.068250
2.063520
2.058810
2.054100
2.049430
2.044760
2.040110
2.035480
2.030870
2.026260
2.021680
2.017100
2.012550
2.008010
2.003490
1.998980
1.994490
1.990010
1.985540
1.981100
1.976660
1.972250
1.967840
1.963450
1.959070
1.954710
1.950370
1.946030
1.941710
1.937410
1.933120
1.928850
1.924580
1.920340
1.916100
1.911880
1.907680
1.903480
1.899300
1.895140
1.890990
1.886840
1.882720
1.878610
1.874510
1.870420
1.866350
1.862290
1.858240
1.854210
1.850190
1.846180
1.842180
1.838200
1.834230
1.830270
1.826320
1.822390
1.818470
1.814560
1.810660
1.806780
1.802910
1.799040
1.795190
1.791360
1.787530
1.783720
1.779920
1.776130
1.772350
1.768580
1.764830
1.761080
1.757350
1.753630
1.749920
1.746230
1.742530
1.738860
1.735200
1.731540
1.727900
1.724270
1.720650
1.717040
1.713440
1.709850
1.706270
1.702710
1.699160
1.695610
1.692070
1.688550
1.685040
1.681530
1.678040
1.674560
1.671080
1.667620
1.664170
1.660730
1.657300
1.653880
1.650470
1.647060
1.643670
1.640290
1.636920
1.633550
1.630210
1.626860
1.623530
1.620210
1.616890
1.613590
1.610290
1.607010
1.603730
1.600470
1.597210
1.593960
1.590730
1.587500
1.584280
1.581070
1.577870
1.574670
1.571490
1.568310
1.565150
1.561990
1.558850
1.555710
1.552580
1.549460
1.546350
1.543250
1.540150
1.537070
1.533990
1.530920
1.527860
1.524810
1.521770
1.518730
1.515700
1.512690
1.509680
1.506680
1.503690
1.500700
1.497730
1.494760
1.491800
1.488850
1.485910
1.482970
1.480050
1.477120
1.474210
1.471310
1.468420
1.465530
1.462650
1.459780
1.456920
1.454060
1.451210
1.448370
1.445540
1.442710
1.439890
1.437090
1.434280
1.431490
1.428700
1.425920
1.423150
1.420380
1.417630
1.414880
1.412130
1.409400
1.406680
1.403950
1.401240
1.398530
1.395840
1.393140
1.390460
1.387780
1.385110
1.382450
1.379790
1.377140
1.374500
1.371860
1.369240
1.366610
1.364010
1.361400
1.358790
1.356200
1.353620
1.351040
1.348460
1.345900
1.343330
1.340780
1.338240
1.335690
1.333160
1.330640
1.328110
1.325600
1.323090
1.320590
1.318100
1.315610
1.313130
1.310650
1.308190
1.305720
1.303270
1.300820
1.298370
1.295940
1.293510
1.291080
1.288660
1.286250
1.283850
1.281450
1.279060
1.276670
1.274280
1.271910
1.269540
1.267180
1.264820
1.262470
1.260120
1.257780
1.255450
1.253120
1.250800
1.248490
1.246170
1.243870
1.241570
1.239280
1.236990
1.234710
1.232440
1.230170
1.227910
1.225650
1.223400
1.221150
1.218910
1.216670
1.214440
1.212220
1.210000
1.207790
1.205580
1.203380
1.201180
1.198990
1.196800
1.194620
1.192450
1.190280
1.188110
1.185950
1.183800
1.181660
1.179510
1.177370
1.175240
1.173110
1.170990
1.168870
1.166760
1.164660
1.162550
1.160460
1.158370
1.156280
1.154200
1.152130
1.150060
1.147990
1.145940
1.143880
1.141830
1.139780
1.137740
1.135710
1.133680
1.131650
1.129630
1.127620
1.125610
1.123600
1.121600
1.119600
1.117610
1.115630
1.113640
1.111660
1.109690
1.107730
1.105770
1.103810
1.101850
1.099900
1.097960
1.096030
1.094090
1.092160
1.090240
1.088310
1.086400
1.084490
1.082580
1.080680
1.078780
1.076890
1.075000
1.073120
1.071240
1.069360
1.067490
1.065630
1.063760
1.061910
1.060050
1.058210
1.056360
1.054520
1.052690
1.050860
1.049030
1.047210
1.045390
1.043580
1.041770
1.039970
1.038160
1.036370
1.034570
1.032790
1.031000
1.029220
1.027450
1.025680
1.023910
1.022150
1.020390
1.018630
1.016890
1.015140
1.013400
1.011660
1.009920
1.008200
1.006470
1.004750
1.003030
1.001320
0.999605
0.997898
0.996196
0.994501
0.992805
0.991116
0.989432
0.987749
0.986071
0.984394
0.982729
0.981057
0.979398
0.977738
0.976085
0.974431
0.972784
0.971143
0.969501
0.967866
0.966237
0.964613
0.963002
0.961445
0.960735
0.961613
0.964349
0.969507
0.978297
0.993328
1.019360
1.062770
1.130260
1.227450
1.357870
1.522620
1.720520
1.948730
2.203390
2.480260
2.775150
3.084160
3.403760
3.730710
4.062010
4.394940
4.727150
5.056710
5.382140
5.702320
6.016500
6.324150
6.624830
6.918480
7.204910
7.484070
7.755950
8.020680
8.278310
8.528850
8.772530
9.009360
9.239510
9.463170
9.680340
9.891260
10.096000
10.294600
10.487400
10.674300
10.855500
11.031100
11.201200
11.366000
11.525400
11.679700
11.828900
11.973200
12.112500
12.247000
12.376900
12.502100
12.622800
12.739000
12.850800
12.958400
13.061700
13.160800
13.255900
13.347000
13.434200
13.517500
13.597100
13.672900
13.745200
13.813800
13.878900
13.940600
13.998900
14.053900
14.105600
14.154200
14.199600
14.241900
14.281200
14.317600
14.351000
14.381600
14.409500
14.434500
14.457000
14.476700
14.493900
14.508700
14.520900
14.530700
14.538100
14.543200
14.546100
14.546700
14.545200
14.541500
14.535800
14.528000
14.518200
14.506600
14.492900
14.477500
14.460300
14.441200
14.420500
14.398000
14.374000
14.348300
14.321100
14.292400
14.262200
14.230500
14.197500
14.163000
14.127200
14.090200
14.051900
14.012400
13.971700
13.929900
13.886900
13.842900
13.797800
13.751600
13.704600
13.656500
13.607600
13.557700
13.507100
13.455500
13.403200
13.350100
13.296300
13.241800
13.186600
13.130700
13.074300
13.017200
12.959500
12.901300
12.842600
12.783400
12.723700
12.663600
12.603000
12.542100
12.480700
12.419100
12.357000
12.294700
12.232100
12.169200
12.106100
12.042800
11.979200
11.915500
11.851600
11.787600
11.723400
11.659100
11.594800
11.530300
11.465800
11.401300
11.336800
11.272200
11.207700
11.143100
11.078600
11.014200
10.949900
10.885600
10.821400
10.757300
10.693400
10.629600
10.566000
10.502500
10.439200
10.376100
10.313100
10.250400
10.187900
10.125600
10.063600
10.001800
9.940260
9.878990
9.818030
9.757300
9.696880
9.636750
9.576930
9.517410
9.458240
9.399380
9.340880
9.282680
9.224780
9.167300
9.110190
9.053370
8.996910
8.940880
8.885200
8.829890
8.774930
8.720340
8.666170
8.612420
8.558970
8.506000
8.453390
8.401140
8.349310
8.297850
8.246860
8.196240
8.145970
8.096130
8.046710
7.997710
7.949070
7.900850
7.852990
7.805550
7.758540
7.711940
7.665700
7.619830
7.574440
7.529340
7.484730
7.440480
7.396590
7.353120
7.310010
7.267320
7.224990
7.183030
7.141420
7.100240
7.059410
7.018950
6.978910
6.939160
6.899780
6.860820
6.822160
6.783860
6.745990
6.708410
6.671130
6.634270
6.597720
6.561460
6.525630
6.490040
6.454860
6.419930
6.385360
6.351150
6.317180
6.283570
6.250260
6.217250
6.184550
6.152140
6.120030
6.088230
6.056720
6.025520
5.994570
5.963910
5.933540
5.903440
5.873610
5.844060
5.814770
5.785750
5.756990
5.728490
5.700240
5.672250
5.644510
5.617010
5.589760
5.562750
5.535990
5.509460
5.483160
5.457090
5.431260
5.405640
5.380260
5.355090
5.330140
5.305410
5.280890
5.256580
5.232480
5.208580
5.184890
5.161400
5.138110
5.115020
5.092120
5.069410
5.046880
5.024550
5.002410
4.980450
4.958660
4.937060
4.915630
4.894380
4.873300
4.852390
4.831650
4.811080
4.790670
4.770430
4.750350
4.730420
4.710650
4.691040
4.671580
4.652280
4.633120
4.614120
4.595260
4.576540
4.557970
4.539540
4.521250
4.503100
4.485090
4.467220
4.449470
4.431860
4.414380
4.397030
4.379810
4.362710
4.345750
4.328900
4.312180
4.295580
4.279100
4.262730
4.246490
4.230360
4.214350
4.198440
4.182650
4.166980
4.151410
4.135950
4.120600
4.105360
4.090210
4.075180
4.060250
4.045410
4.030690
4.016060
4.001520
3.987090
3.972750
3.958520
3.944370
3.930310
3.916360
3.902490
3.888710
3.875020
3.861420
3.847910
3.834490
3.821150
3.807900
3.794730
3.781650
3.768650
3.755730
3.742890
3.730140
3.717460
3.704870
3.692350
3.679900
3.667530
3.655250
3.643030
3.630890
3.618820
3.606830
3.594900
3.583050
3.571280
3.559570
3.547930
3.536360
3.524850
3.513420
3.502050
3.490750
3.479510
3.468340
3.457230
3.446190
3.435210
3.424290
3.413440
3.402650
3.391910
3.381240
3.370630
3.360080
3.349580
3.339150
3.328770
3.318450
3.308180
3.297980
3.287830
3.277730
3.267690
3.257700
3.247770
3.237890
3.228060
3.218290
3.208570
3.198890
3.189270
3.179710
3.170190
3.160720
3.151300
3.141930
3.132600
3.123330
3.114100
3.104930
3.095800
3.086710
3.077670
3.068680
3.059730
3.050830
3.041970
3.033160
3.024390
3.015660
3.006980
2.998340
2.989740
2.981190
2.972670
2.964200
2.955770
2.947390
2.939040
2.930730
2.922460
2.914230
2.906040
2.897900
2.889790
2.881710
2.873680
2.865680
2.857720
2.849800
2.841920
2.834070
2.826260
2.818490
2.810740
2.803040
2.795370
2.787740
2.780140
2.772580
2.765050
2.757560
2.750090
2.742660
2.735270
2.727910
2.720580
2.713290
2.706020
2.698790
2.691590
2.684430
2.677290
2.670190
2.663110
2.656070
2.649060
2.642080
2.635130
2.628210
2.621310
2.614450
2.607620
2.600820
2.594040
2.587300
2.580580
2.573890
2.567230
2.560600
2.553990
2.547420
2.540870
2.534350
2.527850
2.521380
2.514940
2.508520
2.502140
2.495780
2.489440
2.483130
2.476840
2.470580
2.464350
2.458140
2.451960
2.445790
2.439660
2.433550
2.427470
2.421400
2.415370
2.409350
2.403370
2.397400
2.391450
2.385540
2.379640
2.373770
2.367920
2.362090
2.356290
2.350500
2.344740
2.339010
2.333300
2.327600
2.321930
2.316280
2.310650
2.305040
2.299460
2.293890
2.288350
2.282830
2.277320
2.271840
2.266380
2.260940
2.255520
2.250120
2.244740
2.239380
2.234040
2.228720
2.223420
2.218140
2.212870
2.207630
2.202410
2.197210
2.192020
2.186850
2.181710
2.176580
2.171460
2.166370
2.161290
2.156240
2.151200
2.146180
2.141180
2.136190
2.131230
2.126280
2.121350
2.116430
2.111530
2.106650
2.101790
2.096950
2.092120
2.087300
2.082510
2.077730
2.072970
2.068220
2.063500
2.058780
2.054090
2.049400
2.044740
2.040090
2.035460
2.030840
2.026240
2.021660
2.017090
2.012530
2.007990
2.003470
1.998960
1.994470
1.989990
1.985520
1.981080
1.976640
1.972220
1.967820
1.963430
1.959050
1.954690
1.950350
1.946010
1.941700
1.937390
1.933100
1.928830
1.924570
1.920320
1.916080
1.911860
1.907660
1.903460
1.899280
1.895120
1.890970
1.886830
1.882700
1.878590
1.874490
1.870410
1.866330
1.862270
1.858230
1.854190
1.850170
1.846160
1.842170
1.838180
1.834210
1.830250
1.826310
1.822370
1.818450
1.814540
1.810640
1.806760
1.802890
1.799030
1.795170
1.791340
1.787510
1.783700
1.779900
1.776110
1.772330
1.768570
1.764810
1.761070
1.757340
1.753620
1.749910
1.746210
1.742520
1.738840
1.735180
1.731530
1.727880
1.724250
1.720630
1.717020
1.713420
1.709840
1.706260
1.702690
1.699140
1.695590
1.692060
1.688530
1.685020
1.681510
1.678020
1.674540
1.671070
1.667610
1.664160
1.660710
1.657280
1.653860
1.650450
1.647050
1.643650
1.640280
1.636900
1.633540
1.630190
1.626840
1.623510
1.620190
1.616880
1.613570
1.610280
1.606990
1.603720
1.600450
1.597200
1.593950
1.590710
1.587480
1.584260
1.581050
1.577850
1.574660
1.571480
1.568300
1.565140
1.561980
1.558830
1.555690
1.552570
1.549450
1.546330
1.543230
1.540140
1.537050
1.533980
1.530900
1.527840
1.524800
1.521750
1.518720
1.515690
1.512670
1.509670
1.506670
1.503670
1.500690
1.497720
1.494750
1.491790
1.488840
1.485890
1.482960
1.480030
1.477110
1.474200
1.471300
1.468410
1.465510
1.462630
1.459770
1.456900
1.454050
1.451200
1.448360
1.445520
1.442700
1.439880
1.437070
1.434270
1.431480
1.428690
1.425910
1.423140
1.420370
1.417620
1.414860
1.412120
1.409390
1.406660
1.403940
1.401230
1.398520
1.395820
1.393130
1.390450
1.387770
1.385100
1.382430
1.379780
1.377130
1.374490
1.371850
1.369220
1.366600
1.363990
1.361380
1.358780
1.356190
1.353600
1.351020
1.348450
1.345880
1.343320
1.340770
1.338220
1.335680
1.333150
1.330620
1.328100
1.325590
1.323080
1.320580
1.318090
1.315600
1.313120
1.310650
1.308170
1.305720
1.303260
1.300810
1.298360
1.295930
1.293500
1.291080
1.288650
1.286240
1.283840
1.281440
1.279040
1.276660
1.274280
1.271900
1.269530
1.267170
1.264810
1.262460
1.260110
1.257770
1.255440
1.253110
1.250790
1.248480
1.246170
1.243870
1.241560
1.239270
1.236990
1.234700
1.232430
1.230160
1.227900
1.225640
1.223390
1.221140
1.218900
1.216670
1.214430
1.212210
1.209990
1.207780
1.205570
1.203370
1.201170
1.198980
1.196790
1.194610
1.192440
1.190270
1.188110
1.185950
1.183790
1.181640
1.179500
1.177360
1.175230
1.173110
1.170980
1.168870
1.166760
1.164650
1.162550
1.160450
1.158360
1.156280
1.154200
1.152120
1.150050
1.147990
1.145920
1.143870
1.141820
1.139770
1.137730
1.135700
1.133670
1.131640
1.129620
1.127610
1.125600
1.123590
1.121590
1.119600
1.117600
1.115610
1.113640
1.111660
1.109690
1.107720
1.105750
1.103800
1.101850
1.099900
1.097960
1.096010
1.094080
1.092150
1.090220
1.088310
1.086390
1.084480
1.082570
1.080670
1.078780
1.076880
1.075000
1.073110
1.071230
1.069360
1.067490
1.065620
1.063760
1.061900
1.060050
1.058200
1.056360
1.054520
1.052680
1.050850
1.049020
1.047200
1.045380
1.043570
1.041760
1.039950
1.038160
1.036360
1.034570
1.032780
1.031000
1.029220
1.027440
1.025670
1.023900
1.022140
1.020380
1.018630
1.016880
1.015130
1.013390
1.011650
1.009920
1.008190
1.006460
1.004740
1.003020
1.001310
0.999599
0.997892
0.996190
0.994495
0.992799
0.991110
0.989426
0.987743
0.986065
0.984388
0.982717
0.981051
0.979392
0.977732
0.976079
0.974425
0.972778
0.971137
