0.088104
0.088182
0.088496
0.089221
0.090743
0.094358
0.314910
0.307727
0.302164
0.328171
0.375948
0.460720
0.580276
0.703445
0.815804
0.913459
0.996162
1.064380
1.118770
1.160520
1.191470
1.214010
1.230530
1.242880
1.252010
1.258070
1.260860
1.260530
1.257790
1.253560
1.248600
1.243350
1.238010
1.232640
1.227230
1.221760
1.216220
1.210590
1.204860
1.199040
1.193110
1.187100
1.180990
1.174790
1.168500
1.162130
1.155680
1.149160
1.142570
1.135910
1.129180
1.122400
1.115570
1.108680
1.101750
1.094780
1.087770
1.080720
1.073640
1.066530
1.059400
1.052240
1.045060
1.037860
1.030650
1.023420
1.016190
1.008950
1.001700
0.994442
0.987186
0.979931
0.972678
0.965429
0.958186
0.950950
0.943724
0.936509
0.929307
0.922119
0.914947
0.907792
0.900656
0.893539
0.886444
0.879372
0.872324
0.865301
0.858304
0.851334
0.844393
0.837481
0.830600
0.823751
0.816934
0.810150
0.803401
0.796686
0.790008
0.783367
0.776763
0.770197
0.763670
0.757182
0.750735
0.744329
0.737964
0.731641
0.725361
0.719124
0.712930
0.706780
0.700675
0.694615
0.688600
0.682630
0.676707
0.670829
0.664998
0.659214
0.653477
0.647788
0.642146
0.636551
0.631005
0.625506
0.620056
0.614654
0.609300
0.603994
0.598737
0.593529
0.588368
0.583257
0.578193
0.573179
0.568212
0.563294
0.558424
0.553602
0.548828
0.544102
0.539423
0.534792
0.530209
0.525672
0.521183
0.516740
0.512344
0.507994
0.503690
0.499432
0.495219
0.491052
0.486930
0.482853
0.478820
0.474831
0.470885
0.466984
0.463125
0.459310
0.455536
0.451805
0.448116
0.444468
0.440862
0.437296
0.433770
0.430285
0.426839
0.423432
0.420065
0.416735
0.413445
0.410191
0.406975
0.403796
0.400654
0.397548
0.394478
0.391443
0.388444
0.385479
0.382548
0.379652
0.376789
0.373959
0.371162
0.368397
0.365664
0.362963
0.360294
0.357655
0.355047
0.352469
0.349921
0.347402
0.344913
0.342452
0.340019
0.337615
0.335238
0.332889
0.330567
0.328271
0.326002
0.323758
0.321541
0.319349
0.317181
0.315039
0.312921
0.310827
0.308756
0.306709
0.304686
0.302685
0.300706
0.298750
0.296816
0.294904
0.293013
0.291143
0.289294
0.287466
0.285658
0.283870
0.282102
0.280353
0.278624
0.276913
0.275222
0.273549
0.271894
0.270257
0.268638
0.267037
0.265453
0.263886
0.262337
0.260803
0.259287
0.257786
0.256302
0.254833
0.253380
0.251943
0.250521
0.249114
0.247721
0.246344
0.244981
0.243632
0.242297
0.240976
0.239669
0.238376
0.237096
0.235829
0.234576
0.233335
0.232107
0.230892
0.229689
0.228498
0.227320
0.226153
0.224999
0.223856
0.222725
0.221605
0.220496
0.219398
0.218312
0.217236
0.216171
0.215117
0.214073
0.213040
0.212016
0.211003
0.210000
0.209007
0.208023
0.207049
0.206085
0.205130
0.204184
0.203248
0.202320
0.201402
0.200492
0.199591
0.198699
0.197816
0.196941
0.196074
0.195215
0.194365
0.193523
0.192688
0.191862
0.191043
0.190233
0.189429
0.188634
0.187845
0.187064
0.186291
0.185524
0.184765
0.184013
0.183268
0.182529
0.181798
0.181073
0.180355
0.179643
0.178938
0.178239
0.177547
0.176861
0.176181
0.175508
0.174840
0.174179
0.173523
0.172873
0.172230
0.171591
0.170959
0.170332
0.169711
0.169096
0.168485
0.167881
0.167281
0.166687
0.166098
0.165514
0.164936
0.164362
0.163794
0.163230
0.162671
0.162118
0.161568
0.161024
0.160485
0.159950
0.159419
0.158893
0.158372
0.157855
0.157343
0.156835
0.156331
0.155832
0.155336
0.154845
0.154358
0.153876
0.153397
0.152922
0.152452
0.151985
0.151522
0.151063
0.150608
0.150156
0.149708
0.149265
0.148824
0.148387
0.147954
0.147525
0.147099
0.146676
0.146257
0.145842
0.145429
0.145020
0.144615
0.144213
0.143813
0.143418
0.143025
0.142636
0.142249
0.141866
0.141486
0.141109
0.140734
0.140363
0.139995
0.139630
0.139267
0.138908
0.138551
0.138197
0.137846
0.137498
0.137152
0.136810
0.136469
0.136132
0.135797
0.135465
0.135135
0.134808
0.134483
0.134161
0.133841
0.133524
0.133210
0.132897
0.132587
0.132280
0.131975
0.131672
0.131371
0.131073
0.130777
0.130483
0.130192
0.129903
0.129615
0.129331
0.129048
0.128767
0.128489
0.128212
0.127938
0.127665
0.127395
0.127127
0.126860
0.126596
0.126334
0.126073
0.125815
0.125558
0.125304
0.125051
0.124800
0.124551
0.124304
0.124058
0.123815
0.123573
0.123333
0.123094
0.122858
0.122623
0.122390
0.122158
0.121929
0.121700
0.121474
0.121249
0.121026
0.120804
0.120584
0.120366
0.120149
0.119934
0.119720
0.119508
0.119297
0.119088
0.118880
0.118674
0.118469
0.118265
0.118063
0.117863
0.117664
0.117466
0.117270
0.117075
0.116882
0.116690
0.116499
0.116309
0.116121
0.115934
0.115749
0.115565
0.115382
0.115200
0.115020
0.114840
0.114662
0.114486
0.114310
0.114136
0.113963
0.113791
0.113621
0.113451
0.113283
0.113116
0.112950
0.112785
0.112621
0.112458
0.112297
0.112137
0.111977
0.111819
0.111662
0.111506
0.111351
0.111197
0.111044
0.110892
0.110741
0.110591
0.110443
0.110295
0.110148
0.110002
0.109857
0.109713
0.109570
0.109428
0.109287
0.109147
0.109008
0.108870
0.108733
0.108596
0.108461
0.108327
0.108193
0.108060
0.107928
0.107797
0.107667
0.107538
0.107409
0.107282
0.107155
0.107029
0.106904
0.106780
0.106657
0.106534
0.106412
0.106291
0.106171
0.106052
0.105933
0.105815
0.105698
0.105582
0.105466
0.105351
0.105237
0.105124
0.105011
0.104900
0.104789
0.104678
0.104568
0.104459
0.104351
0.104244
0.104137
0.104031
0.103925
0.103820
0.103716
0.103613
0.103510
0.103408
0.103306
0.103206
0.103105
0.103006
0.102907
0.102809
0.102711
0.102614
0.102518
0.102422
0.102327
0.102232
0.102138
0.102045
0.101952
0.101860
0.101769
0.101678
0.101587
0.101497
0.101408
0.101320
0.101231
0.101144
0.101057
0.100970
0.100884
0.100799
0.100714
0.100630
0.100546
0.100463
0.100380
0.100298
0.100216
0.100135
0.100055
0.099974
0.099895
0.099816
0.099737
0.099659
0.099581
0.099504
0.099427
0.099351
0.099275
0.099200
0.099125
0.099051
0.098977
0.098904
0.098831
0.098758
0.098686
0.098615
0.098544
0.098473
0.098403
0.098333
0.098263
0.098194
0.098126
0.098058
0.097990
0.097923
0.097856
0.097790
0.097723
0.097658
0.097593
0.097528
0.097464
0.097399
0.097336
0.097273
0.097210
0.097147
0.097085
0.097024
0.096962
0.096901
0.096841
0.096781
0.096721
0.096661
0.096602
0.096544
0.096485
0.096427
0.096370
0.096312
0.096255
0.096199
0.096142
0.096087
0.096031
0.095976
0.095921
0.095866
0.095812
0.095758
0.095705
0.095652
0.095599
0.095546
0.095494
0.095442
0.095390
0.095339
0.095288
0.095237
0.095187
0.095137
0.095087
0.095037
0.094988
0.094939
0.094891
0.094843
0.094795
0.094747
0.094700
0.094652
0.094605
0.094559
0.094513
0.094467
0.094421
0.094376
0.094330
0.094286
0.094241
0.094197
0.094152
0.094109
0.094065
0.094022
0.093979
0.093936
0.093893
0.093851
0.093809
0.093767
0.093726
0.093685
0.093644
0.093603
0.093562
0.093522
0.093482
0.093442
0.093403
0.093363
0.093324
0.093286
0.093247
0.093208
0.093170
0.093132
0.093095
0.093057
0.093020
0.092983
0.092946
0.092910
0.092873
0.092837
0.092801
0.092766
0.092730
0.092695
0.092660
0.092625
0.092590
0.092556
0.092521
0.092487
0.092454
0.092420
0.092386
0.092353
0.092320
0.092287
0.092255
0.092222
0.092190
0.092158
0.092126
0.092094
0.092063
0.092032
0.092001
0.091970
0.091939
0.091908
0.091878
0.091848
0.091818
0.091788
0.091758
0.091729
0.091699
0.091670
0.091641
0.091612
0.091584
0.091555
0.091527
0.091499
0.091471
0.091443
0.091416
0.091388
0.091361
0.091334
0.091307
0.091280
0.091253
0.091227
0.091201
0.091174
0.091148
0.091122
0.091097
0.091071
0.091046
0.091021
0.090995
0.090970
0.090946
0.090921
0.090896
0.090872
0.090848
0.090824
0.090800
0.090776
0.090752
0.090729
0.090705
0.090682
0.090659
0.090636
0.090613
0.090591
0.090568
0.090546
0.090523
0.090501
0.090479
0.090457
0.090435
0.090414
0.090392
0.090371
0.090350
0.090328
0.090307
0.090286
0.090266
0.090245
0.090224
0.090204
0.090184
0.090164
0.090144
0.090124
0.090104
0.090084
0.090065
0.090045
0.090026
0.090007
0.089987
0.089968
0.089950
0.089931
0.089912
0.089894
0.089875
0.089857
0.089839
0.089820
0.089802
0.089785
0.089767
0.089749
0.089731
0.089714
0.089696
0.089679
0.089662
0.089645
0.089628
0.089611
0.089594
0.089578
0.089561
0.089545
0.089528
0.089512
0.089496
0.089480
0.089464
0.089448
0.089432
0.089416
0.089401
0.089385
0.089370
0.089354
0.089339
0.089324
0.089309
0.089294
0.089279
0.089264
0.089249
0.089235
0.089220
0.089206
0.089191
0.089177
0.089163
0.089149
0.089135
0.089121
0.089107
0.089093
0.089079
0.089066
0.089052
0.089039
0.089025
0.089012
0.088999
0.088986
0.088973
0.088960
0.088947
0.088934
0.088921
0.088908
0.088896
0.088883
0.088871
0.088858
0.088846
0.088834
0.088822
0.088809
0.088798
0.088786
0.088774
0.088762
0.088750
0.088738
0.088727
0.088715
0.088704
0.088692
0.088681
0.088670
0.088659
0.088648
0.088636
0.088625
0.088614
0.088604
0.088593
0.088582
0.088571
0.088561
0.088550
0.088540
0.088529
0.088519
0.088509
0.088498
0.088488
0.088478
0.088468
0.088458
0.088448
0.088438
0.088428
0.088419
0.088409
0.088399
0.088390
0.088380
0.088371
0.088361
0.088352
0.088343
0.088334
0.088324
0.088315
0.088306
0.088297
0.088288
0.088279
0.088270
0.088261
0.088253
0.088244
0.088235
0.088227
0.088218
0.088210
0.088201
0.088193
0.088185
0.088176
0.088168
0.088160
0.088152
0.088144
0.088136
0.088128
0.088120
0.088112
0.088104
0.088182
0.088496
0.089221
0.090743
0.094358
0.314974
0.307810
0.302239
0.328244
0.376015
0.460777
0.580320
0.703490
0.815848
0.913501
0.996201
1.064410
1.118800
1.160540
1.191490
1.214030
1.230550
1.242890
1.252020
1.258080
1.260870
1.260540
1.257800
1.253560
1.248600
1.243350
1.238010
1.232640
1.227230
1.221760
1.216220
1.210590
1.204860
1.199040
1.193120
1.187100
1.180990
1.174790
1.168500
1.162130
1.155690
1.149160
1.142570
1.135910
1.129190
1.122410
1.115570
1.108690
1.101760
1.094780
1.087770
1.080720
1.073640
1.066540
1.059400
1.052240
1.045060
1.037870
1.030650
1.023430
1.016190
1.008950
1.001700
0.994445
0.987190
0.979935
0.972682
0.965433
0.958189
0.950954
0.943728
0.936513
0.929311
0.922123
0.914951
0.907796
0.900659
0.893543
0.886448
0.879376
0.872328
0.865304
0.858307
0.851338
0.844397
0.837485
0.830604
0.823754
0.816937
0.810154
0.803404
0.796690
0.790012
0.783370
0.776766
0.770200
0.763673
0.757186
0.750739
0.744332
0.737968
0.731645
0.725364
0.719127
0.712933
0.706784
0.700678
0.694618
0.688603
0.682633
0.676710
0.670832
0.665001
0.659217
0.653480
0.647791
0.642149
0.636554
0.631008
0.625509
0.620059
0.614656
0.609302
0.603997
0.598740
0.593531
0.588371
0.583259
0.578196
0.573181
0.568215
0.563296
0.558426
0.553604
0.548830
0.544104
0.539425
0.534794
0.530211
0.525674
0.521185
0.516742
0.512346
0.507996
0.503692
0.499434
0.495221
0.491054
0.486932
0.482854
0.478821
0.474832
0.470887
0.466986
0.463127
0.459311
0.455538
0.451807
0.448118
0.444470
0.440863
0.437297
0.433772
0.430286
0.426841
0.423434
0.420066
0.416737
0.413446
0.410193
0.406977
0.403798
0.400656
0.397550
0.394479
0.391445
0.388445
0.385480
0.382550
0.379653
0.376790
0.373960
0.371163
0.368398
0.365666
0.362965
0.360295
0.357656
0.355048
0.352470
0.349922
0.347404
0.344914
0.342453
0.340021
0.337616
0.335240
0.332890
0.330568
0.328272
0.326003
0.323760
0.321542
0.319350
0.317183
0.315040
0.312922
0.310828
0.308758
0.306711
0.304687
0.302686
0.300708
0.298752
0.296818
0.294905
0.293014
0.291145
0.289296
0.287467
0.285659
0.283871
0.282103
0.280354
0.278625
0.276915
0.275223
0.273550
0.271895
0.270259
0.268640
0.267038
0.265454
0.263888
0.262338
0.260805
0.259288
0.257787
0.256303
0.254834
0.253382
0.251944
0.250522
0.249115
0.247723
0.246345
0.244982
0.243633
0.242298
0.240978
0.239671
0.238377
0.237097
0.235830
0.234577
0.233336
0.232108
0.230893
0.229690
0.228499
0.227321
0.226154
0.225000
0.223857
0.222726
0.221606
0.220497
0.219399
0.218313
0.217237
0.216172
0.215118
0.214074
0.213041
0.212017
0.211004
0.210001
0.209008
0.208024
0.207050
0.206086
0.205131
0.204185
0.203248
0.202321
0.201403
0.200493
0.199592
0.198700
0.197816
0.196941
0.196074
0.195216
0.194366
0.193523
0.192689
0.191863
0.191044
0.190233
0.189430
0.188634
0.187846
0.187065
0.186291
0.185525
0.184766
0.184014
0.183268
0.182530
0.181798
0.181073
0.180355
0.179644
0.178939
0.178240
0.177548
0.176862
0.176182
0.175508
0.174841
0.174179
0.173524
0.172874
0.172230
0.171592
0.170960
0.170333
0.169712
0.169096
0.168486
0.167881
0.167282
0.166688
0.166099
0.165515
0.164936
0.164363
0.163794
0.163231
0.162672
0.162118
0.161569
0.161025
0.160485
0.159950
0.159420
0.158894
0.158373
0.157856
0.157343
0.156835
0.156332
0.155832
0.155337
0.154846
0.154359
0.153876
0.153397
0.152923
0.152452
0.151985
0.151522
0.151063
0.150608
0.150157
0.149709
0.149265
0.148825
0.148388
0.147955
0.147525
0.147099
0.146677
0.146258
0.145842
0.145430
0.145021
0.144615
0.144213
0.143814
0.143418
0.143025
0.142636
0.142249
0.141866
0.141486
0.141109
0.140735
0.140364
0.139995
0.139630
0.139268
0.138908
0.138552
0.138198
0.137847
0.137498
0.137153
0.136810
0.136470
0.136132
0.135797
0.135465
0.135135
0.134808
0.134483
0.134161
0.133842
0.133524
0.133210
0.132897
0.132588
0.132280
0.131975
0.131672
0.131372
0.131073
0.130777
0.130484
0.130192
0.129903
0.129616
0.129331
0.129048
0.128767
0.128489
0.128212
0.127938
0.127666
0.127395
0.127127
0.126861
0.126596
0.126334
0.126074
0.125815
0.125559
0.125304
0.125051
0.124800
0.124551
0.124304
0.124058
0.123815
0.123573
0.123333
0.123095
0.122858
0.122623
0.122390
0.122158
0.121929
0.121701
0.121474
0.121249
0.121026
0.120804
0.120584
0.120366
0.120149
0.119934
0.119720
0.119508
0.119297
0.119088
0.118880
0.118674
0.118469
0.118266
0.118064
0.117863
0.117664
0.117466
0.117270
0.117075
0.116882
0.116690
0.116499
0.116309
0.116121
0.115934
0.115749
0.115565
0.115382
0.115200
0.115020
0.114841
0.114663
0.114486
0.114310
0.114136
0.113963
0.113791
0.113621
0.113451
0.113283
0.113116
0.112950
0.112785
0.112621
0.112459
0.112297
0.112137
0.111977
0.111819
0.111662
0.111506
0.111351
0.111197
0.111044
0.110892
0.110741
0.110591
0.110443
0.110295
0.110148
0.110002
0.109857
0.109713
0.109571
0.109429
0.109288
0.109147
0.109008
0.108870
0.108733
0.108597
0.108461
0.108327
0.108193
0.108060
0.107928
0.107797
0.107667
0.107538
0.107410
0.107282
0.107155
0.107029
0.106904
0.106780
0.106657
0.106534
0.106412
0.106291
0.106171
0.106052
0.105933
0.105815
0.105698
0.105582
0.105466
0.105351
0.105237
0.105124
0.105012
0.104900
0.104789
0.104678
0.104569
0.104460
0.104351
0.104244
0.104137
0.104031
0.103925
0.103820
0.103716
0.103613
0.103510
0.103408
0.103307
0.103206
0.103106
0.103006
0.102907
0.102809
0.102711
0.102614
0.102518
0.102422
0.102327
0.102232
0.102139
0.102045
0.101952
0.101860
0.101769
0.101678
0.101587
0.101498
0.101408
0.101320
0.101231
0.101144
0.101057
0.100970
0.100885
0.100799
0.100714
0.100630
0.100546
0.100463
0.100380
0.100298
0.100216
0.100135
0.100055
0.099974
0.099895
0.099816
0.099737
0.099659
0.099581
0.099504
0.099427
0.099351
0.099275
0.099200
0.099125
0.099051
0.098977
0.098904
0.098831
0.098758
0.098686
0.098615
0.098544
0.098473
0.098403
0.098333
0.098263
0.098194
0.098126
0.098058
0.097990
0.097923
0.097856
0.097790
0.097723
0.097658
0.097593
0.097528
0.097464
0.097399
0.097336
0.097273
0.097210
0.097147
0.097085
0.097024
0.096962
0.096901
0.096841
0.096781
0.096721
0.096661
0.096602
0.096544
0.096485
0.096427
0.096370
0.096312
0.096255
0.096199
0.096142
0.096087
0.096031
0.095976
0.095921
0.095866
0.095812
0.095758
0.095705
0.095652
0.095599
0.095546
0.095494
0.095442
0.095390
0.095339
0.095288
0.095237
0.095187
0.095137
0.095087
0.095037
0.094988
0.094939
0.094891
0.094843
0.094795
0.094747
0.094700
0.094652
0.094605
0.094559
0.094513
0.094467
0.094421
0.094376
0.094330
0.094286
0.094241
0.094197
0.094152
0.094109
0.094065
0.094022
0.093979
0.093936
0.093893
0.093851
0.093809
0.093767
0.093726
0.093685
0.093644
0.093603
0.093562
0.093522
0.093482
0.093442
0.093403
0.093363
0.093324
0.093286
0.093247
0.093208
0.093170
0.093132
0.093095
0.093057
0.093020
0.092983
0.092946
0.092910
0.092873
0.092837
0.092801
0.092766
0.092730
0.092695
0.092660
0.092625
0.092590
0.092556
0.092521
0.092487
0.092454
0.092420
0.092386
0.092353
0.092320
0.092287
0.092255
0.092222
0.092190
0.092158
0.092126
0.092094
0.092063
0.092032
0.092001
0.091970
0.091939
0.091908
0.091878
0.091848
0.091818
0.091788
0.091758
0.091729
0.091699
0.091670
0.091641
0.091612
0.091584
0.091555
0.091527
0.091499
0.091471
0.091443
0.091416
0.091388
0.091361
0.091334
0.091307
0.091280
0.091253
0.091227
0.091201
0.091174
0.091148
0.091122
0.091097
0.091071
0.091046
0.091021
0.090995
0.090970
0.090946
0.090921
0.090896
0.090872
0.090848
0.090824
0.090800
0.090776
0.090752
0.090729
0.090705
0.090682
0.090659
0.090636
0.090613
0.090591
0.090568
0.090546
0.090523
0.090501
0.090479
0.090457
0.090435
0.090414
0.090392
0.090371
0.090349
0.090328
0.090307
0.090286
0.090266
0.090245
0.090224
0.090204
0.090184
0.090164
0.090144
0.090124
0.090104
0.090084
0.090065
0.090045
0.090026
0.090007
0.089987
0.089968
0.089950
0.089931
0.089912
0.089894
0.089875
0.089857
0.089839
0.089820
0.089802
0.089785
0.089767
0.089749
0.089731
0.089714
0.089696
0.089679
0.089662
0.089645
0.089628
0.089611
0.089594
0.089578
0.089561
0.089545
0.089528
0.089512
0.089496
0.089480
0.089464
0.089448
0.089432
0.089416
0.089401
0.089385
0.089370
0.089354
0.089339
0.089324
0.089309
0.089294
0.089279
0.089264
0.089249
0.089235
0.089220
0.089206
0.089191
0.089177
0.089163
0.089149
0.089135
0.089121
0.089107
0.089093
0.089079
0.089066
0.089052
0.089039
0.089025
0.089012
0.088999
0.088986
0.088972
0.088959
0.088947
0.088934
0.088921
0.088908
0.088896
0.088883
0.088871
0.088858
0.088846
0.088834
0.088822
0.088809
0.088797
0.088786
0.088774
0.088762
0.088750
0.088738
0.088727
0.088715
0.088704
0.088692
0.088681
0.088670
0.088659
0.088647
0.088636
0.088625
0.088614
0.088604
0.088593
0.088582
0.088571
0.088561
0.088550
0.088540
0.088529
0.088519
0.088509
0.088498
0.088488
0.088478
0.088468
0.088458
0.088448
0.088438
0.088428
0.088419
0.088409
0.088399
0.088390
0.088380
0.088371
0.088361
0.088352
0.088343
0.088334
0.088324
0.088315
0.088306
0.088297
0.088288
0.088279
0.088270
0.088261
0.088253
0.088244
0.088235
0.088227
0.088218
0.088210
0.088201
0.088193
0.088185
0.088176
0.088168
0.088160
0.088152
0.088144
0.088136
0.088128
0.088120
0.088112
0.088104
0.088182
0.088496
0.089221
0.090742
0.094357
0.314957
0.307795
0.302224
0.328228
0.376000
0.460755
0.580313
0.703488
0.815846
0.913499
0.996200
1.064410
1.118800
1.160540
1.191490
1.214030
1.230550
1.242900
1.252030
1.258090
1.260880
1.260550
1.257800
1.253570
1.248610
1.243360
1.238020
1.232650
1.227240
1.221780
1.216230
1.210600
1.204870
1.199050
1.193130
1.187110
1.181000
1.174800
1.168520
1.162150
1.155700
1.149180
1.142580
1.135920
1.129200
1.122420
1.115580
1.108700
1.101770
1.094800
1.087780
1.080740
1.073660
1.066550
1.059410
1.052250
1.045080
1.037880
1.030670
1.023440
1.016210
1.008960
1.001710
0.994458
0.987202
0.979947
0.972694
0.965445
0.958202
0.950966
0.943740
0.936525
0.929323
0.922135
0.914963
0.907808
0.900671
0.893555
0.886460
0.879388
0.872340
0.865316
0.858319
0.851350
0.844408
0.837497
0.830616
0.823766
0.816949
0.810165
0.803416
0.796701
0.790023
0.783381
0.776777
0.770211
0.763684
0.757197
0.750750
0.744343
0.737978
0.731656
0.725375
0.719138
0.712944
0.706794
0.700689
0.694629
0.688613
0.682644
0.676720
0.670843
0.665012
0.659227
0.653490
0.647801
0.642159
0.636564
0.631017
0.625519
0.620068
0.614666
0.609312
0.604006
0.598749
0.593540
0.588380
0.583268
0.578205
0.573190
0.568223
0.563305
0.558435
0.553613
0.548839
0.544112
0.539434
0.534803
0.530219
0.525682
0.521193
0.516750
0.512354
0.508004
0.503700
0.499441
0.495229
0.491062
0.486939
0.482862
0.478829
0.474839
0.470894
0.466993
0.463134
0.459318
0.455545
0.451814
0.448124
0.444477
0.440870
0.437304
0.433778
0.430293
0.426847
0.423440
0.420072
0.416743
0.413452
0.410199
0.406983
0.403804
0.400661
0.397555
0.394485
0.391450
0.388451
0.385486
0.382555
0.379659
0.376795
0.373966
0.371168
0.368404
0.365671
0.362970
0.360300
0.357662
0.355053
0.352475
0.349927
0.347408
0.344919
0.342458
0.340025
0.337621
0.335244
0.332895
0.330572
0.328277
0.326007
0.323764
0.321546
0.319354
0.317187
0.315044
0.312926
0.310832
0.308761
0.306714
0.304691
0.302690
0.300712
0.298755
0.296821
0.294909
0.293018
0.291148
0.289299
0.287471
0.285663
0.283875
0.282106
0.280358
0.278628
0.276918
0.275226
0.273553
0.271898
0.270262
0.268643
0.267041
0.265457
0.263891
0.262341
0.260807
0.259291
0.257790
0.256306
0.254837
0.253384
0.251947
0.250525
0.249117
0.247725
0.246347
0.244984
0.243635
0.242301
0.240980
0.239673
0.238380
0.237100
0.235833
0.234579
0.233338
0.232110
0.230895
0.229692
0.228502
0.227323
0.226157
0.225002
0.223859
0.222728
0.221608
0.220499
0.219402
0.218315
0.217239
0.216174
0.215120
0.214076
0.213043
0.212019
0.211006
0.210003
0.209010
0.208026
0.207052
0.206088
0.205133
0.204187
0.203250
0.202323
0.201404
0.200495
0.199594
0.198702
0.197818
0.196943
0.196076
0.195218
0.194367
0.193525
0.192691
0.191864
0.191046
0.190235
0.189432
0.188636
0.187848
0.187067
0.186293
0.185527
0.184767
0.184015
0.183270
0.182531
0.181800
0.181075
0.180357
0.179645
0.178940
0.178241
0.177549
0.176863
0.176183
0.175510
0.174842
0.174181
0.173525
0.172875
0.172231
0.171593
0.170961
0.170334
0.169713
0.169097
0.168487
0.167882
0.167283
0.166689
0.166100
0.165516
0.164938
0.164364
0.163795
0.163232
0.162673
0.162119
0.161570
0.161026
0.160486
0.159951
0.159421
0.158895
0.158374
0.157857
0.157344
0.156836
0.156333
0.155833
0.155338
0.154847
0.154360
0.153877
0.153398
0.152924
0.152453
0.151986
0.151523
0.151064
0.150609
0.150158
0.149710
0.149266
0.148826
0.148389
0.147956
0.147526
0.147100
0.146678
0.146259
0.145843
0.145431
0.145022
0.144616
0.144214
0.143815
0.143419
0.143026
0.142637
0.142250
0.141867
0.141487
0.141110
0.140736
0.140364
0.139996
0.139631
0.139269
0.138909
0.138552
0.138199
0.137847
0.137499
0.137154
0.136811
0.136470
0.136133
0.135798
0.135466
0.135136
0.134809
0.134484
0.134162
0.133842
0.133525
0.133211
0.132898
0.132588
0.132281
0.131976
0.131673
0.131372
0.131074
0.130778
0.130484
0.130193
0.129903
0.129616
0.129331
0.129049
0.128768
0.128489
0.128213
0.127939
0.127666
0.127396
0.127128
0.126861
0.126597
0.126335
0.126074
0.125816
0.125559
0.125305
0.125052
0.124801
0.124552
0.124305
0.124059
0.123815
0.123574
0.123334
0.123095
0.122859
0.122624
0.122391
0.122159
0.121929
0.121701
0.121475
0.121250
0.121027
0.120805
0.120585
0.120366
0.120150
0.119934
0.119720
0.119508
0.119297
0.119088
0.118880
0.118674
0.118469
0.118266
0.118064
0.117864
0.117665
0.117467
0.117271
0.117076
0.116882
0.116690
0.116499
0.116310
0.116122
0.115935
0.115749
0.115565
0.115382
0.115201
0.115020
0.114841
0.114663
0.114486
0.114311
0.114137
0.113964
0.113792
0.113621
0.113452
0.113283
0.113116
0.112950
0.112785
0.112622
0.112459
0.112297
0.112137
0.111978
0.111820
0.111662
0.111506
0.111351
0.111197
0.111044
0.110893
0.110742
0.110592
0.110443
0.110295
0.110148
0.110003
0.109858
0.109714
0.109571
0.109429
0.109288
0.109148
0.109009
0.108871
0.108733
0.108597
0.108461
0.108327
0.108193
0.108061
0.107929
0.107798
0.107668
0.107538
0.107410
0.107282
0.107156
0.107030
0.106905
0.106780
0.106657
0.106534
0.106413
0.106292
0.106171
0.106052
0.105933
0.105815
0.105698
0.105582
0.105467
0.105352
0.105238
0.105124
0.105012
0.104900
0.104789
0.104678
0.104569
0.104460
0.104352
0.104244
0.104137
0.104031
0.103926
0.103821
0.103717
0.103613
0.103510
0.103408
0.103307
0.103206
0.103106
0.103006
0.102907
0.102809
0.102711
0.102615
0.102518
0.102422
0.102327
0.102233
0.102139
0.102045
0.101953
0.101861
0.101769
0.101678
0.101588
0.101498
0.101408
0.101320
0.101232
0.101144
0.101057
0.100971
0.100885
0.100799
0.100714
0.100630
0.100546
0.100463
0.100380
0.100298
0.100217
0.100135
0.100055
0.099975
0.099895
0.099816
0.099737
0.099659
0.099581
0.099504
0.099428
0.099351
0.099276
0.099200
0.099126
0.099051
0.098977
0.098904
0.098831
0.098758
0.098687
0.098615
0.098544
0.098473
0.098403
0.098333
0.098264
0.098195
0.098126
0.098058
0.097990
0.097923
0.097856
0.097790
0.097724
0.097658
0.097593
0.097528
0.097464
0.097400
0.097336
0.097273
0.097210
0.097148
0.097086
0.097024
0.096963
0.096902
0.096841
0.096781
0.096721
0.096662
0.096603
0.096544
0.096485
0.096427
0.096370
0.096313
0.096256
0.096199
0.096143
0.096087
0.096031
0.095976
0.095921
0.095867
0.095812
0.095758
0.095705
0.095652
0.095599
0.095546
0.095494
0.095442
0.095390
0.095339
0.095288
0.095237
0.095187
0.095137
0.095087
0.095038
0.094989
0.094940
0.094891
0.094843
0.094795
0.094747
0.094700
0.094653
0.094606
0.094559
0.094513
0.094467
0.094421
0.094376
0.094330
0.094286
0.094241
0.094197
0.094153
0.094109
0.094065
0.094022
0.093979
0.093936
0.093894
0.093851
0.093809
0.093768
0.093726
0.093685
0.093644
0.093603
0.093563
0.093522
0.093482
0.093442
0.093403
0.093364
0.093324
0.093286
0.093247
0.093209
0.093171
0.093133
0.093095
0.093057
0.093020
0.092983
0.092946
0.092910
0.092873
0.092837
0.092801
0.092766
0.092730
0.092695
0.092660
0.092625
0.092590
0.092556
0.092522
0.092488
0.092454
0.092420
0.092387
0.092353
0.092320
0.092287
0.092255
0.092222
0.092190
0.092158
0.092126
0.092095
0.092063
0.092032
0.092001
0.091970
0.091939
0.091908
0.091878
0.091848
0.091818
0.091788
0.091758
0.091729
0.091700
0.091670
0.091641
0.091613
0.091584
0.091555
0.091527
0.091499
0.091471
0.091443
0.091416
0.091388
0.091361
0.091334
0.091307
0.091280
0.091253
0.091227
0.091201
0.091174
0.091148
0.091122
0.091097
0.091071
0.091046
0.091021
0.090995
0.090970
0.090946
0.090921
0.090896
0.090872
0.090848
0.090824
0.090800
0.090776
0.090752
0.090729
0.090705
0.090682
0.090659
0.090636
0.090613
0.090591
0.090568
0.090546
0.090523
0.090501
0.090479
0.090457
0.090435
0.090414
0.090392
0.090371
0.090350
0.090328
0.090307
0.090287
0.090266
0.090245
0.090224
0.090204
0.090184
0.090164
0.090144
0.090124
0.090104
0.090084
0.090065
0.090045
0.090026
0.090007
0.089987
0.089968
0.089950
0.089931
0.089912
0.089894
0.089875
0.089857
0.089839
0.089820
0.089802
0.089785
0.089767
0.089749
0.089731
0.089714
0.089697
0.089679
0.089662
0.089645
0.089628
0.089611
0.089594
0.089578
0.089561
0.089545
0.089528
0.089512
0.089496
0.089480
0.089464
0.089448
0.089432
0.089416
0.089401
0.089385
0.089370
0.089354
0.089339
0.089324
0.089309
0.089294
0.089279
0.089264
0.089249
0.089235
0.089220
0.089206
0.089191
0.089177
0.089163
0.089149
0.089135
0.089121
0.089107
0.089093
0.089079
0.089066
0.089052
0.089039
0.089025
0.089012
0.088999
0.088986
0.088973
0.088960
0.088947
0.088934
0.088921
0.088908
0.088896
0.088883
0.088871
0.088858
0.088846
0.088834
0.088822
0.088809
0.088798
0.088786
0.088774
0.088762
0.088750
0.088738
0.088727
0.088715
0.088704
0.088692
0.088681
0.088670
0.088659
0.088648
0.088636
0.088625
0.088614
0.088604
0.088593
0.088582
0.088571
0.088561
0.088550
0.088540
0.088529
0.088519
0.088509
0.088498
0.088488
0.088478
0.088468
0.088458
0.088448
0.088438
0.088428
0.088419
0.088409
0.088399
0.088390
0.088380
0.088371
0.088361
0.088352
0.088343
0.088334
0.088324
0.088315
0.088306
0.088297
0.088288
0.088279
0.088270
0.088261
0.088253
0.088244
0.088235
0.088227
0.088218
0.088210
0.088201
0.088193
0.088185
0.088176
0.088168
0.088160
0.088152
0.088144
0.088136
0.088128
0.088120
0.088112
0.088104
