1.051220
1.049470
1.047730
1.045990
1.044270
1.042560
1.040890
1.040010
1.040510
1.042590
1.046690
1.053730
1.065790
1.086730
1.122000
1.177940
1.260700
1.375210
1.524390
1.708890
1.927220
2.176260
2.451910
2.749740
3.065460
3.395130
3.735140
4.082190
4.433300
4.785830
5.137600
5.486890
5.832410
6.173230
6.508610
6.838220
7.161650
7.478820
7.789560
8.093870
8.391750
8.683260
8.968450
9.247400
9.520210
9.786960
10.047800
10.302700
10.551800
10.795300
11.033200
11.265600
11.492600
11.714300
11.930700
12.141900
12.348100
12.549200
12.745400
12.936700
13.123200
13.305000
13.482000
13.654500
13.822300
13.985600
14.144400
14.298800
14.448900
14.594700
14.736200
14.873600
15.006700
15.135700
15.260700
15.381600
15.498600
15.611800
15.721000
15.826500
15.928100
16.026100
16.120400
16.211100
16.298200
16.381700
16.461800
16.538400
16.611600
16.681500
16.748000
16.811300
16.871400
16.928300
16.982000
17.032700
17.080300
17.124900
17.166500
17.205300
17.241100
17.274100
17.304400
17.331800
17.356600
17.378800
17.398200
17.415100
17.429600
17.441500
17.450900
17.457900
17.462600
17.464900
17.464900
17.462700
17.458300
17.451700
17.443000
17.432100
17.419300
17.404400
17.387600
17.368700
17.348000
17.325500
17.301100
17.274900
17.247000
17.217300
17.186000
17.153100
17.118500
17.082400
17.044700
17.005500
16.964900
16.922800
16.879400
16.834500
16.788400
16.740900
16.692100
16.642200
16.591000
16.538700
16.485200
16.430600
16.374900
16.318200
16.260500
16.201700
16.142100
16.081400
16.019900
15.957500
15.894300
15.830200
15.765300
15.699700
15.633300
15.566300
15.498500
15.430100
15.360900
15.291300
15.221000
15.150200
15.078800
15.006900
14.934500
14.861700
14.788300
14.714600
14.640500
14.565900
14.491000
14.415900
14.340300
14.264500
14.188300
14.112000
14.035300
13.958500
13.881500
13.804200
13.726900
13.649300
13.571700
13.493900
13.416000
13.338100
13.260100
13.182100
13.104000
13.026000
12.947900
12.869900
12.791900
12.714000
12.636100
12.558300
12.480600
12.403100
12.325600
12.248300
12.171100
12.094100
12.017300
11.940700
11.864300
11.788100
11.712100
11.636400
11.560900
11.485700
11.410700
11.336100
11.261700
11.187600
11.113900
11.040500
10.967400
10.894600
10.822300
10.750200
10.678600
10.607200
10.536300
10.465800
10.395600
10.325900
10.256600
10.187700
10.119300
10.051200
9.983620
9.916420
9.849710
9.783470
9.717660
9.652260
9.587410
9.522980
9.459030
9.395560
9.332510
9.270000
9.207910
9.146360
9.085300
9.024710
8.964610
8.904980
8.845840
8.787240
8.729120
8.671420
8.614320
8.557640
8.501440
8.445780
8.390610
8.335910
8.281700
8.228020
8.174770
8.122060
8.069830
8.018020
7.966750
7.915960
7.865590
7.815770
7.766360
7.717500
7.669050
7.621030
7.573540
7.526480
7.479900
7.433740
7.388060
7.342800
7.297970
7.253610
7.209670
7.166160
7.123120
7.080450
7.038250
6.996420
6.955070
6.914080
6.873510
6.833360
6.793570
6.754200
6.715190
6.676600
6.638380
6.600570
6.563130
6.526040
6.489320
6.452950
6.416950
6.381310
6.346030
6.311110
6.276490
6.242230
6.208330
6.174730
6.141490
6.108550
6.075980
6.043640
6.011670
5.980030
5.948660
5.917610
5.886850
5.856390
5.826210
5.796330
5.766740
5.737420
5.708380
5.679620
5.651130
5.622910
5.594950
5.567250
5.539810
5.512630
5.485700
5.459020
5.432580
5.406380
5.380430
5.354710
5.329230
5.303970
5.278950
5.254140
5.229570
5.205210
5.181070
5.157140
5.133420
5.109920
5.086610
5.063520
5.040620
5.017920
4.995420
4.973110
4.950990
4.929060
4.907320
4.885770
4.864390
4.843200
4.822180
4.801340
4.780670
4.760170
4.739850
4.719690
4.699690
4.679860
4.660180
4.640670
4.621320
4.602120
4.583070
4.564180
4.545430
4.526830
4.508380
4.490080
4.471920
4.453890
4.436010
4.418270
4.400660
4.383180
4.365840
4.348640
4.331560
4.314610
4.297790
4.281090
4.264510
4.248060
4.231730
4.215530
4.199430
4.183460
4.167610
4.151860
4.136230
4.120710
4.105310
4.090010
4.074820
4.059740
4.044770
4.029900
4.015130
4.000470
3.985910
3.971440
3.957080
3.942810
3.928640
3.914570
3.900600
3.886710
3.872930
3.859230
3.845620
3.832110
3.818680
3.805340
3.792090
3.778920
3.765840
3.752850
3.739940
3.727110
3.714370
3.701710
3.689120
3.676620
3.664190
3.651840
3.639570
3.627380
3.615260
3.603220
3.591250
3.579360
3.567530
3.555780
3.544100
3.532490
3.520950
3.509490
3.498080
3.486750
3.475490
3.464290
3.453160
3.442090
3.431090
3.420150
3.409270
3.398460
3.387710
3.377030
3.366400
3.355830
3.345330
3.334880
3.324500
3.314170
3.303900
3.293690
3.283530
3.273430
3.263390
3.253400
3.243460
3.233590
3.223760
3.213990
3.204270
3.194600
3.184990
3.175430
3.165920
3.156460
3.147040
3.137680
3.128370
3.119110
3.109900
3.100730
3.091610
3.082540
3.073520
3.064540
3.055620
3.046730
3.037890
3.029100
3.020350
3.011640
3.002980
2.994360
2.985790
2.977250
2.968770
2.960320
2.951910
2.943550
2.935230
2.926950
2.918710
2.910500
2.902340
2.894220
2.886140
2.878090
2.870090
2.862120
2.854190
2.846300
2.838450
2.830630
2.822860
2.815110
2.807410
2.799740
2.792100
2.784500
2.776940
2.769410
2.761920
2.754460
2.747030
2.739640
2.732280
2.724960
2.717670
2.710410
2.703190
2.695990
2.688840
2.681710
2.674610
2.667540
2.660510
2.653510
2.646530
2.639590
2.632680
2.625800
2.618950
2.612130
2.605340
2.598580
2.591840
2.585140
2.578460
2.571820
2.565200
2.558610
2.552050
2.545520
2.539010
2.532530
2.526080
2.519660
2.513260
2.506890
2.500550
2.494220
2.487940
2.481670
2.475430
2.469210
2.463020
2.456860
2.450720
2.444610
2.438520
2.432460
2.426420
2.420400
2.414410
2.408450
2.402500
2.396580
2.390690
2.384810
2.378970
2.373140
2.367340
2.361560
2.355800
2.350070
2.344350
2.338670
2.333000
2.327350
2.321730
2.316130
2.310540
2.304980
2.299450
2.293930
2.288440
2.282960
2.277510
2.272080
2.266670
2.261270
2.255900
2.250550
2.245220
2.239910
2.234620
2.229350
2.224090
2.218860
2.213650
2.208450
2.203280
2.198120
2.192990
2.187870
2.182770
2.177690
2.172630
2.167590
2.162560
2.157560
2.152570
2.147600
2.142650
2.137710
2.132800
2.127900
2.123010
2.118150
2.113300
2.108470
2.103660
2.098860
2.094080
2.089320
2.084570
2.079850
2.075140
2.070440
2.065760
2.061100
2.056450
2.051820
2.047210
2.042610
2.038030
2.033460
2.028910
2.024370
2.019850
2.015350
2.010860
2.006390
2.001930
1.997480
1.993060
1.988640
1.984250
1.979860
1.975500
1.971140
1.966800
1.962480
1.958160
1.953870
1.949580
1.945320
1.941070
1.936820
1.932600
1.928390
1.924190
1.920010
1.915840
1.911670
1.907530
1.903400
1.899280
1.895180
1.891090
1.887020
1.882950
1.878910
1.874870
1.870850
1.866840
1.862840
1.858860
1.854880
1.850920
1.846980
1.843040
1.839120
1.835220
1.831320
1.827430
1.823560
1.819710
1.815860
1.812020
1.808200
1.804390
1.800590
1.796810
1.793030
1.789260
1.785510
1.781770
1.778050
1.774330
1.770620
1.766930
1.763250
1.759580
1.755920
1.752270
1.748630
1.745010
1.741390
1.737780
1.734190
1.730610
1.727040
1.723480
1.719930
1.716390
1.712860
1.709350
1.705840
1.702350
1.698860
1.695390
1.691920
1.688470
1.685020
1.681590
1.678170
1.674750
1.671350
1.667950
1.664580
1.661200
1.657840
1.654480
1.651140
1.647810
1.644490
1.641180
1.637870
1.634580
1.631300
1.628020
1.624760
1.621500
1.618250
1.615010
1.611790
1.608570
1.605360
1.602160
1.598970
1.595790
1.592630
1.589460
1.586310
1.583160
1.580030
1.576900
1.573790
1.570680
1.567580
1.564490
1.561410
1.558340
1.555270
1.552220
1.549170
1.546130
1.543110
1.540080
1.537070
1.534070
1.531070
1.528090
1.525110
1.522130
1.519180
1.516220
1.513280
1.510340
1.507420
1.504490
1.501580
1.498680
1.495780
1.492890
1.490020
1.487140
1.484280
1.481420
1.478570
1.475730
1.472900
1.470080
1.467260
1.464450
1.461650
1.458860
1.456070
1.453290
1.450520
1.447760
1.445000
1.442260
1.439520
1.436780
1.434060
1.431340
1.428620
1.425930
1.423230
1.420540
1.417850
1.415190
1.412520
1.409850
1.407200
1.404560
1.401920
1.399290
1.396660
1.394050
1.391440
1.388830
1.386240
1.383650
1.381060
1.378490
1.375920
1.373360
1.370800
1.368260
1.365710
1.363180
1.360650
1.358130
1.355620
1.353110
1.350600
1.348110
1.345620
1.343140
1.340670
1.338200
1.335730
1.333280
1.330830
1.328390
1.325950
1.323520
1.321100
1.318680
1.316270
1.313860
1.311460
1.309070
1.306680
1.304300
1.301930
1.299560
1.297210
1.294850
1.292500
1.290160
1.287820
1.285490
1.283160
1.280850
1.278530
1.276220
1.273920
1.271630
1.269340
1.267050
1.264770
1.262500
1.260240
1.257980
1.255720
1.253470
1.251230
1.249000
1.246760
1.244540
1.242320
1.240100
1.237900
1.235690
1.233490
1.231300
1.229110
1.226930
1.224760
1.222590
1.220420
1.218260
1.216110
1.213960
1.211820
1.209680
1.207550
1.205420
1.203300
1.201180
1.199070
1.196960
1.194870
1.192770
1.190680
1.188600
1.186520
1.184440
1.182370
1.180310
1.178250
1.176200
1.174150
1.172110
1.170070
1.168030
1.166000
1.163980
1.161960
1.159950
1.157940
1.155940
1.153940
1.151950
1.149960
1.147970
1.146000
1.144020
1.142050
1.140090
1.138130
1.136180
1.134220
1.132280
1.130340
1.128400
1.126470
1.124540
1.122620
1.120700
1.118790
1.116890
1.114980
1.113090
1.111200
1.109300
1.107420
1.105540
1.103660
1.101800
1.099930
1.098070
1.096210
1.094360
1.092510
1.090660
1.088830
1.086990
1.085160
1.083340
1.081520
1.079700
1.077890
1.076080
1.074270
1.072480
1.070680
1.068890
1.067100
1.065320
1.063540
1.061770
1.060000
1.058230
1.056470
1.054720
1.052960
1.051210
1.049470
1.047730
1.045990
1.044270
1.042560
1.040890
1.040010
1.040510
1.042590
1.046690
1.053740
1.065810
1.086760
1.122040
1.178000
1.260780
1.375300
1.524490
1.709010
1.927360
2.176410
2.452070
2.749910
3.065660
3.395330
3.735350
4.082400
4.433520
4.786060
5.137830
5.487130
5.832640
6.173470
6.508850
6.838410
7.161890
7.479000
7.789800
8.094110
8.391990
8.683500
8.968690
9.247640
9.520390
9.787200
10.047900
10.302900
10.552000
10.795500
11.033400
11.265800
11.492800
11.714500
11.930900
12.142200
12.348300
12.549500
12.745700
12.937000
13.123500
13.305200
13.482300
13.654600
13.822500
13.985800
14.144700
14.299100
14.449200
14.594900
14.736500
14.873800
15.006900
15.136000
15.260900
15.381900
15.498900
15.612000
15.721300
15.826700
15.928400
16.026400
16.120700
16.211300
16.298400
16.381900
16.462000
16.538600
16.611800
16.681700
16.748300
16.811600
16.871600
16.928500
16.982300
17.032900
17.080500
17.125100
17.166800
17.205500
17.241400
17.274400
17.304600
17.332100
17.356900
17.379000
17.398500
17.415400
17.429800
17.441700
17.451100
17.458200
17.462900
17.465100
17.465200
17.463000
17.458500
17.452000
17.443200
17.432400
17.419500
17.404700
17.387800
17.369000
17.348300
17.325800
17.301400
17.275200
17.247300
17.217600
17.186300
17.153300
17.118800
17.082600
17.045000
17.005800
16.965200
16.923100
16.879600
16.834800
16.788600
16.741200
16.692400
16.642400
16.591300
16.538900
16.485400
16.430900
16.375200
16.318500
16.260800
16.202000
16.142300
16.081700
16.020200
15.957800
15.894600
15.830500
15.765600
15.700000
15.633600
15.566500
15.498800
15.430300
15.361200
15.291500
15.221300
15.150500
15.079100
15.007200
14.934700
14.861900
14.788600
14.714900
14.640700
14.566200
14.491300
14.416100
14.340500
14.264700
14.188600
14.112200
14.035600
13.958800
13.881700
13.804500
13.727100
13.649600
13.571900
13.494200
13.416300
13.338400
13.260300
13.182300
13.104300
13.026200
12.948200
12.870100
12.792100
12.714200
12.636300
12.558600
12.480800
12.403300
12.325800
12.248500
12.171400
12.094400
12.017600
11.940900
11.864500
11.788300
11.712400
11.636600
11.561100
11.485900
11.411000
11.336300
11.261900
11.187900
11.114100
11.040700
10.967600
10.894900
10.822400
10.750400
10.678700
10.607400
10.536500
10.466000
10.395900
10.326200
10.256800
10.187900
10.119500
10.051400
9.983800
9.916600
9.849890
9.783650
9.717840
9.652440
9.587590
9.523160
9.459210
9.395680
9.332690
9.270180
9.208090
9.146540
9.085480
9.024830
8.964730
8.905160
8.846020
8.787360
8.729240
8.671600
8.614440
8.557760
8.501620
8.445960
8.390730
8.336090
8.281880
8.228140
8.174950
8.122180
8.069950
8.018200
7.966870
7.916080
7.865770
7.815890
7.766540
7.717620
7.669170
7.621150
7.573670
7.526600
7.480020
7.433860
7.388120
7.342920
7.298090
7.253730
7.209790
7.166280
7.123240
7.080570
7.038370
6.996540
6.955130
6.914200
6.873570
6.833420
6.793630
6.754260
6.715310
6.676720
6.638500
6.600630
6.563190
6.526100
6.489380
6.453010
6.417010
6.381370
6.346090
6.311170
6.276610
6.242350
6.208390
6.174850
6.141550
6.108610
6.076040
6.043760
6.011790
5.980090
5.948740
5.917670
5.886920
5.856450
5.826290
5.796400
5.766810
5.737490
5.708450
5.679680
5.651190
5.622970
5.595010
5.567310
5.539870
5.512690
5.485760
5.459080
5.432640
5.406440
5.380490
5.354770
5.329290
5.304030
5.279000
5.254200
5.229620
5.205260
5.181120
5.157190
5.133480
5.109960
5.086660
5.063560
5.040670
5.017970
4.995460
4.973160
4.951040
4.929110
4.907370
4.885820
4.864440
4.843240
4.822230
4.801380
4.780720
4.760220
4.739890
4.719730
4.699730
4.679900
4.660230
4.640720
4.621360
4.602160
4.583110
4.564210
4.545470
4.526870
4.508420
4.490120
4.471950
4.453930
4.436050
4.418300
4.400700
4.383220
4.365880
4.348670
4.331600
4.314640
4.297820
4.281120
4.264550
4.248100
4.231770
4.215560
4.199470
4.183490
4.167640
4.151900
4.136260
4.120750
4.105340
4.090040
4.074850
4.059770
4.044800
4.029930
4.015160
4.000500
3.985940
3.971470
3.957110
3.942850
3.928670
3.914600
3.900630
3.886740
3.872960
3.859260
3.845650
3.832130
3.818710
3.805370
3.792120
3.778950
3.765870
3.752880
3.739970
3.727140
3.714390
3.701730
3.689140
3.676640
3.664220
3.651870
3.639600
3.627400
3.615290
3.603240
3.591280
3.579380
3.567560
3.555810
3.544120
3.532520
3.520980
3.509510
3.498110
3.486780
3.475510
3.464310
3.453180
3.442110
3.431110
3.420170
3.409300
3.398480
3.387740
3.377050
3.366420
3.355860
3.345350
3.334910
3.324520
3.314190
3.303920
3.293700
3.283550
3.273450
3.263410
3.253420
3.243490
3.233610
3.223780
3.214010
3.204290
3.194620
3.185010
3.175450
3.165930
3.156470
3.147060
3.137700
3.128390
3.119130
3.109920
3.100750
3.091630
3.082560
3.073540
3.064560
3.055630
3.046750
3.037910
3.029110
3.020370
3.011660
3.003000
2.994380
2.985810
2.977270
2.968780
2.960330
2.951930
2.943560
2.935250
2.926960
2.918720
2.910520
2.902360
2.894240
2.886150
2.878110
2.870100
2.862140
2.854210
2.846320
2.838470
2.830650
2.822870
2.815130
2.807420
2.799750
2.792120
2.784520
2.776950
2.769430
2.761930
2.754480
2.747050
2.739650
2.732300
2.724980
2.717690
2.710420
2.703200
2.696010
2.688850
2.681720
2.674620
2.667560
2.660520
2.653520
2.646550
2.639600
2.632700
2.625820
2.618960
2.612140
2.605350
2.598590
2.591860
2.585150
2.578480
2.571830
2.565210
2.558620
2.552060
2.545530
2.539020
2.532540
2.526090
2.519660
2.513270
2.506900
2.500560
2.494230
2.487950
2.481680
2.475440
2.469220
2.463030
2.456870
2.450740
2.444620
2.438530
2.432460
2.426430
2.420410
2.414420
2.408450
2.402510
2.396590
2.390700
2.384830
2.378980
2.373150
2.367350
2.361570
2.355810
2.350080
2.344360
2.338680
2.333010
2.327360
2.321740
2.316140
2.310550
2.304990
2.299460
2.293940
2.288450
2.282970
2.277520
2.272090
2.266670
2.261280
2.255910
2.250560
2.245230
2.239920
2.234620
2.229350
2.224100
2.218870
2.213660
2.208470
2.203290
2.198130
2.193000
2.187880
2.182780
2.177700
2.172640
2.167600
2.162570
2.157560
2.152580
2.147600
2.142650
2.137720
2.132800
2.127900
2.123020
2.118150
2.113310
2.108480
2.103670
2.098870
2.094090
2.089330
2.084590
2.079850
2.075140
2.070450
2.065770
2.061110
2.056460
2.051830
2.047210
2.042610
2.038030
2.033470
2.028920
2.024380
2.019860
2.015360
2.010870
2.006390
2.001940
1.997490
1.993060
1.988650
1.984250
1.979870
1.975500
1.971140
1.966800
1.962480
1.958170
1.953880
1.949590
1.945320
1.941070
1.936820
1.932590
1.928390
1.924180
1.920000
1.915840
1.911680
1.907540
1.903410
1.899290
1.895190
1.891100
1.887020
1.882960
1.878910
1.874870
1.870850
1.866840
1.862850
1.858860
1.854890
1.850930
1.846990
1.843050
1.839130
1.835220
1.831330
1.827440
1.823570
1.819710
1.815860
1.812030
1.808210
1.804400
1.800600
1.796810
1.793040
1.789270
1.785520
1.781780
1.778050
1.774330
1.770630
1.766930
1.763260
1.759580
1.755920
1.752270
1.748640
1.745010
1.741400
1.737790
1.734200
1.730620
1.727050
1.723480
1.719940
1.716400
1.712870
1.709350
1.705840
1.702350
1.698870
1.695390
1.691920
1.688470
1.685030
1.681590
1.678170
1.674760
1.671360
1.667960
1.664580
1.661210
1.657840
1.654490
1.651150
1.647820
1.644500
1.641180
1.637880
1.634580
1.631300
1.628030
1.624760
1.621510
1.618260
1.615020
1.611790
1.608580
1.605370
1.602170
1.598980
1.595800
1.592630
1.589460
1.586310
1.583170
1.580030
1.576910
1.573790
1.570680
1.567590
1.564500
1.561410
1.558340
1.555280
1.552220
1.549180
1.546130
1.543110
1.540090
1.537080
1.534070
1.531080
1.528090
1.525110
1.522140
1.519180
1.516230
1.513280
1.510350
1.507420
1.504500
1.501590
1.498680
1.495790
1.492900
1.490020
1.487150
1.484280
1.481430
1.478580
1.475740
1.472900
1.470080
1.467270
1.464450
1.461650
1.458860
1.456070
1.453300
1.450530
1.447760
1.445010
1.442260
1.439520
1.436790
1.434060
1.431340
1.428630
1.425930
1.423230
1.420540
1.417860
1.415190
1.412520
1.409860
1.407210
1.404560
1.401920
1.399290
1.396670
1.394050
1.391440
1.388840
1.386240
1.383650
1.381070
1.378490
1.375930
1.373360
1.370810
1.368260
1.365720
1.363180
1.360650
1.358130
1.355620
1.353110
1.350610
1.348110
1.345630
1.343140
1.340670
1.338200
1.335740
1.333280
1.330830
1.328390
1.325950
1.323530
1.321100
1.318680
1.316270
1.313870
1.311470
1.309080
1.306690
1.304310
1.301940
1.299570
1.297210
1.294850
1.292500
1.290160
1.287820
1.285490
1.283170
1.280850
1.278530
1.276220
1.273930
1.271630
1.269340
1.267060
1.264780
1.262510
1.260240
1.257980
1.255730
1.253480
1.251230
1.249000
1.246770
1.244540
1.242320
1.240110
1.237900
1.235700
1.233500
1.231300
1.229110
1.226930
1.224760
1.222590
1.220420
1.218270
1.216110
1.213960
1.211820
1.209680
1.207550
1.205420
1.203300
1.201180
1.199070
1.196970
1.194870
1.192780
1.190680
1.188600
1.186520
1.184440
1.182380
1.180310
1.178250
1.176200
1.174150
1.172110
1.170070
1.168040
1.166000
1.163990
1.161970
1.159950
1.157940
1.155940
1.153940
1.151950
1.149960
1.147970
1.146000
1.144020
1.142050
1.140090
1.138130
1.136180
1.134230
1.132280
1.130340
1.128400
1.126470
1.124540
1.122630
1.120710
1.118800
1.116890
1.114990
1.113090
1.111200
1.109310
1.107420
1.105550
1.103670
1.101800
1.099930
1.098070
1.096210
1.094360
1.092520
1.090670
1.088830
1.087000
1.085160
1.083340
1.081520
1.079700
1.077890
1.076080
1.074270
1.072480
1.070680
1.068890
1.067100
1.065320
1.063550
1.061770
1.060000
1.058240
1.056480
1.054720
1.052970
1.051220
1.049470
1.047730
1.045990
1.044270
1.042560
1.040890
1.040010
1.040510
1.042590
1.046690
1.053740
1.065810
1.086750
1.122030
1.177990
1.260770
1.375290
1.524480
1.709000
1.927350
2.176410
2.452060
2.749910
3.065660
3.395330
3.735350
4.082420
4.433530
4.786080
5.137860
5.487160
5.832670
6.173470
6.508910
6.838470
7.161950
7.479060
7.789800
8.094170
8.392050
8.683560
8.968750
9.247700
9.520510
9.787260
10.048100
10.303000
10.552200
10.795600
11.033500
11.266000
11.492900
11.714600
11.931000
12.142300
12.348500
12.549600
12.745800
12.937200
13.123700
13.305400
13.482400
13.654800
13.822700
13.986000
14.144800
14.299300
14.449300
14.595100
14.736700
14.874000
15.007200
15.136200
15.261200
15.382100
15.499100
15.612200
15.721400
15.826900
15.928600
16.026600
16.120900
16.211500
16.298600
16.382200
16.462300
16.538900
16.612100
16.682000
16.748600
16.811900
16.871900
16.928800
16.982600
17.033200
17.080800
17.125400
17.167100
17.205800
17.241700
17.274700
17.304900
17.332400
17.357200
17.379300
17.398800
17.415700
17.430200
17.442100
17.451500
17.458500
17.463200
17.465500
17.465600
17.463300
17.458900
17.452300
17.443600
17.432700
17.419900
17.405000
17.388200
17.369300
17.348700
17.326100
17.301700
17.275600
17.247600
17.218000
17.186700
17.153700
17.119200
17.083100
17.045400
17.006200
16.965600
16.923500
16.880000
16.835200
16.789000
16.741500
16.692900
16.642900
16.591700
16.539400
16.485900
16.431300
16.375600
16.318900
16.261100
16.202400
16.142700
16.082100
16.020600
15.958200
15.894900
15.830800
15.766000
15.700400
15.634000
15.566900
15.499100
15.430700
15.361700
15.291900
15.221700
15.150800
15.079500
15.007600
14.935200
14.862300
14.789000
14.715200
14.641100
14.566600
14.491700
14.416500
14.341000
14.265100
14.189000
14.112600
14.036000
13.959100
13.882100
13.804900
13.727500
13.649900
13.572300
13.494500
13.416700
13.338700
13.260800
13.182700
13.104700
13.026600
12.948500
12.870500
12.792500
12.714600
12.636700
12.558900
12.481200
12.403600
12.326200
12.248900
12.171700
12.094700
12.017900
11.941300
11.864800
11.788700
11.712700
11.637000
11.561500
11.486200
11.411300
11.336600
11.262300
11.188200
11.114400
11.041000
10.967900
10.895200
10.822700
10.750700
10.679000
10.607700
10.536800
10.466300
10.396200
10.326500
10.257100
10.188200
10.119800
10.051700
9.984100
9.916900
9.850190
9.783890
9.718080
9.652740
9.587830
9.523400
9.459450
9.395980
9.332930
9.270420
9.208330
9.146780
9.085720
9.025130
8.965030
8.905400
8.846260
8.787600
8.729480
8.671840
8.614680
8.558000
8.501860
8.446140
8.390970
8.336270
8.282060
8.228380
8.175130
8.122420
8.070130
8.018380
7.967110
7.916260
7.865950
7.816130
7.766720
7.717800
7.669350
7.621390
7.573850
7.526780
7.480200
7.434040
7.388360
7.343100
7.298270
7.253910
7.209970
7.166460
7.123420
7.080750
7.038490
6.996720
6.955310
6.914320
6.873750
6.833600
6.793810
6.754440
6.715430
6.676840
6.638620
6.600810
6.563370
6.526280
6.489560
6.453190
6.417190
6.381550
6.346270
6.311290
6.276730
6.242470
6.208570
6.174970
6.141730
6.108790
6.076160
6.043880
6.011910
5.980230
5.948860
5.917800
5.887040
5.856580
5.826410
5.796520
5.766930
5.737610
5.708560
5.679800
5.651310
5.623080
5.595120
5.567430
5.539980
5.512800
5.485860
5.459180
5.432740
5.406540
5.380590
5.354870
5.329390
5.304130
5.279100
5.254300
5.229720
5.205360
5.181220
5.157290
5.133570
5.110060
5.086760
5.063660
5.040760
5.018060
4.995550
4.973250
4.951130
4.929200
4.907460
4.885900
4.864530
4.843330
4.822310
4.801460
4.780800
4.760300
4.739970
4.719810
4.699810
4.679980
4.660300
4.640790
4.621430
4.602240
4.583190
4.564290
4.545550
4.526950
4.508500
4.490200
4.472030
4.454010
4.436120
4.418380
4.400770
4.383290
4.365950
4.348740
4.331660
4.314710
4.297890
4.281190
4.264620
4.248170
4.231840
4.215630
4.199540
4.183560
4.167700
4.151960
4.136330
4.120810
4.105410
4.090110
4.074920
4.059830
4.044860
4.029990
4.015220
4.000560
3.986000
3.971530
3.957170
3.942900
3.928730
3.914660
3.900680
3.886800
3.873010
3.859310
3.845710
3.832190
3.818760
3.805420
3.792170
3.779010
3.765930
3.752930
3.740020
3.727190
3.714450
3.701780
3.689200
3.676690
3.664270
3.651920
3.639650
3.627450
3.615340
3.603290
3.591320
3.579430
3.567610
3.555860
3.544170
3.532570
3.521030
3.509560
3.498160
3.486820
3.475560
3.464360
3.453220
3.442160
3.431150
3.420220
3.409340
3.398530
3.387780
3.377090
3.366470
3.355900
3.345390
3.334950
3.324560
3.314230
3.303960
3.293750
3.283590
3.273490
3.263450
3.253460
3.243520
3.233650
3.223820
3.214050
3.204330
3.194660
3.185050
3.175480
3.165980
3.156520
3.147100
3.137740
3.128430
3.119170
3.109950
3.100790
3.091670
3.082600
3.073580
3.064600
3.055670
3.046780
3.037940
3.029150
3.020400
3.011690
3.003030
2.994410
2.985840
2.977310
2.968810
2.960370
2.951970
2.943600
2.935280
2.926990
2.918750
2.910560
2.902390
2.894270
2.886190
2.878140
2.870140
2.862170
2.854240
2.846350
2.838500
2.830680
2.822900
2.815160
2.807450
2.799780
2.792150
2.784550
2.776980
2.769460
2.761960
2.754510
2.747080
2.739680
2.732330
2.725010
2.717720
2.710450
2.703230
2.696040
2.688880
2.681750
2.674650
2.667580
2.660550
2.653550
2.646580
2.639630
2.632720
2.625840
2.618990
2.612170
2.605380
2.598620
2.591890
2.585180
2.578510
2.571860
2.565240
2.558650
2.552090
2.545560
2.539050
2.532570
2.526120
2.519690
2.513290
2.506920
2.500580
2.494260
2.487970
2.481700
2.475460
2.469250
2.463060
2.456900
2.450760
2.444640
2.438550
2.432490
2.426450
2.420440
2.414450
2.408480
2.402540
2.396620
2.390720
2.384850
2.379000
2.373170
2.367370
2.361590
2.355830
2.350100
2.344390
2.338700
2.333030
2.327380
2.321760
2.316160
2.310580
2.305020
2.299480
2.293970
2.288470
2.283000
2.277540
2.272110
2.266700
2.261300
2.255930
2.250580
2.245250
2.239940
2.234650
2.229380
2.224120
2.218890
2.213680
2.208480
2.203310
2.198150
2.193020
2.187900
2.182800
2.177720
2.172660
2.167610
2.162590
2.157580
2.152590
2.147620
2.142670
2.137740
2.132830
2.127930
2.123040
2.118180
2.113330
2.108500
2.103690
2.098890
2.094110
2.089350
2.084600
2.079880
2.075170
2.070470
2.065790
2.061130
2.056480
2.051850
2.047240
2.042640
2.038050
2.033490
2.028930
2.024400
2.019880
2.015370
2.010880
2.006410
2.001950
1.997510
1.993080
1.988670
1.984270
1.979890
1.975520
1.971170
1.966830
1.962500
1.958180
1.953880
1.949600
1.945340
1.941080
1.936840
1.932620
1.928400
1.924210
1.920030
1.915850
1.911690
1.907550
1.903420
1.899310
1.895210
1.891120
1.887040
1.882980
1.878930
1.874890
1.870870
1.866860
1.862870
1.858880
1.854910
1.850950
1.847000
1.843070
1.839150
1.835240
1.831340
1.827460
1.823590
1.819730
1.815880
1.812050
1.808230
1.804410
1.800620
1.796830
1.793050
1.789290
1.785540
1.781800
1.778070
1.774350
1.770650
1.766950
1.763270
1.759600
1.755940
1.752290
1.748660
1.745030
1.741410
1.737810
1.734210
1.730630
1.727060
1.723500
1.719950
1.716420
1.712890
1.709370
1.705860
1.702360
1.698880
1.695400
1.691940
1.688490
1.685040
1.681610
1.678180
1.674780
1.671370
1.667980
1.664590
1.661220
1.657860
1.654510
1.651170
1.647830
1.644510
1.641200
1.637890
1.634600
1.631310
1.628040
1.624770
1.621520
1.618270
1.615040
1.611810
1.608590
1.605390
1.602180
1.599000
1.595820
1.592640
1.589480
1.586330
1.583180
1.580050
1.576920
1.573810
1.570700
1.567600
1.564510
1.561420
1.558350
1.555290
1.552240
1.549190
1.546150
1.543120
1.540100
1.537090
1.534080
1.531090
1.528100
1.525130
1.522150
1.519200
1.516240
1.513290
1.510360
1.507430
1.504510
1.501600
1.498690
1.495800
1.492910
1.490030
1.487160
1.484290
1.481440
1.478590
1.475750
1.472920
1.470090
1.467280
1.464460
1.461660
1.458880
1.456090
1.453310
1.450540
1.447770
1.445020
1.442270
1.439530
1.436800
1.434070
1.431350
1.428640
1.425940
1.423250
1.420550
1.417870
1.415200
1.412530
1.409870
1.407220
1.404570
1.401930
1.399310
1.396680
1.394060
1.391450
1.388850
1.386250
1.383660
1.381080
1.378500
1.375940
1.373380
1.370820
1.368270
1.365730
1.363200
1.360660
1.358150
1.355630
1.353120
1.350620
1.348130
1.345640
1.343160
1.340680
1.338210
1.335750
1.333290
1.330850
1.328400
1.325970
1.323530
1.321110
1.318690
1.316280
1.313880
1.311480
1.309090
1.306700
1.304320
1.301950
1.299580
1.297220
1.294860
1.292510
1.290170
1.287830
1.285500
1.283180
1.280860
1.278540
1.276240
1.273930
1.271640
1.269350
1.267070
1.264790
1.262520
1.260250
1.257990
1.255730
1.253490
1.251240
1.249010
1.246780
1.244550
1.242330
1.240110
1.237910
1.235700
1.233500
1.231310
1.229130
1.226940
1.224770
1.222600
1.220440
1.218270
1.216120
1.213970
1.211830
1.209690
1.207560
1.205430
1.203310
1.201200
1.199090
1.196980
1.194880
1.192780
1.190690
1.188610
1.186530
1.184460
1.182380
1.180320
1.178260
1.176210
1.174160
1.172120
1.170080
1.168040
1.166020
1.163990
1.161970
1.159960
1.157950
1.155950
1.153950
1.151960
1.149970
1.147990
1.146010
1.144030
1.142070
1.140100
1.138140
1.136180
1.134230
1.132290
1.130350
1.128420
1.126480
1.124560
1.122630
1.120720
1.118810
1.116900
1.114990
1.113100
1.111200
1.109310
1.107430
1.105550
1.103680
1.101810
1.099940
1.098080
1.096220
1.094370
1.092520
1.090680
1.088840
1.087000
1.085170
1.083350
1.081530
1.079710
1.077900
1.076090
1.074290
1.072480
1.070690
1.068900
1.067110
1.065330
1.063550
1.061780
1.060010
1.058240
1.056480
1.054720
1.052970
1.051220
