0.090234
0.090313
0.090682
0.091569
0.093493
0.098684
0.359063
0.336751
0.331890
0.355978
0.398127
0.472798
0.578295
0.686008
0.783021
0.866720
0.938181
0.999027
1.050560
1.093770
1.129550
1.158830
1.182620
1.201930
1.217680
1.230590
1.241150
1.249520
1.255640
1.259370
1.260660
1.259740
1.257070
1.253190
1.248570
1.243520
1.238230
1.232800
1.227280
1.221680
1.216010
1.210280
1.204490
1.198630
1.192720
1.186750
1.180730
1.174670
1.168570
1.162430
1.156250
1.150040
1.143810
1.137550
1.131270
1.124970
1.118660
1.112340
1.106010
1.099680
1.093340
1.087010
1.080680
1.074350
1.068030
1.061720
1.055410
1.049120
1.042840
1.036580
1.030330
1.024100
1.017890
1.011700
1.005530
0.999373
0.993242
0.987134
0.981049
0.974988
0.968951
0.962939
0.956952
0.950991
0.945057
0.939149
0.933269
0.927416
0.921590
0.915793
0.910024
0.904284
0.898573
0.892890
0.887237
0.881613
0.876019
0.870454
0.864919
0.859414
0.853939
0.848493
0.843078
0.837693
0.832339
0.827014
0.821720
0.816457
0.811223
0.806020
0.800848
0.795706
0.790594
0.785513
0.780463
0.775442
0.770452
0.765493
0.760564
0.755665
0.750797
0.745959
0.741151
0.736374
0.731627
0.726909
0.722222
0.717565
0.712939
0.708342
0.703775
0.699238
0.694730
0.690253
0.685805
0.681386
0.676998
0.672638
0.668309
0.664008
0.659737
0.655495
0.651282
0.647098
0.642943
0.638817
0.634720
0.630652
0.626612
0.622600
0.618617
0.614663
0.610736
0.606838
0.602968
0.599126
0.595312
0.591525
0.587766
0.584034
0.580330
0.576653
0.573004
0.569381
0.565786
0.562217
0.558675
0.555159
0.551670
0.548208
0.544771
0.541361
0.537977
0.534618
0.531285
0.527978
0.524697
0.521440
0.518209
0.515003
0.511822
0.508666
0.505534
0.502427
0.499344
0.496285
0.493251
0.490240
0.487253
0.484290
0.481350
0.478434
0.475541
0.472671
0.469824
0.467000
0.464198
0.461419
0.458662
0.455927
0.453215
0.450524
0.447855
0.445208
0.442582
0.439977
0.437394
0.434831
0.432290
0.429769
0.427268
0.424788
0.422328
0.419888
0.417468
0.415068
0.412688
0.410327
0.407985
0.405662
0.403359
0.401074
0.398808
0.396561
0.394332
0.392121
0.389929
0.387754
0.385598
0.383459
0.381337
0.379233
0.377146
0.375077
0.373024
0.370988
0.368969
0.366966
0.364980
0.363010
0.361056
0.359118
0.357196
0.355289
0.353399
0.351523
0.349663
0.347818
0.345988
0.344173
0.342373
0.340588
0.338817
0.337060
0.335318
0.333589
0.331875
0.330175
0.328488
0.326815
0.325155
0.323509
0.321876
0.320257
0.318650
0.317056
0.315475
0.313907
0.312351
0.310808
0.309277
0.307759
0.306252
0.304758
0.303275
0.301804
0.300345
0.298898
0.297462
0.296037
0.294624
0.293221
0.291830
0.290450
0.289081
0.287723
0.286375
0.285038
0.283711
0.282395
0.281089
0.279793
0.278507
0.277232
0.275966
0.274711
0.273465
0.272229
0.271002
0.269785
0.268577
0.267379
0.266190
0.265010
0.263840
0.262678
0.261525
0.260381
0.259246
0.258120
0.257003
0.255894
0.254793
0.253701
0.252617
0.251542
0.250475
0.249416
0.248365
0.247322
0.246287
0.245260
0.244240
0.243229
0.242225
0.241228
0.240240
0.239258
0.238284
0.237318
0.236359
0.235407
0.234462
0.233524
0.232593
0.231670
0.230753
0.229843
0.228940
0.228044
0.227154
0.226271
0.225394
0.224525
0.223661
0.222804
0.221954
0.221109
0.220271
0.219439
0.218614
0.217794
0.216980
0.216173
0.215371
0.214576
0.213786
0.213002
0.212223
0.211451
0.210684
0.209922
0.209167
0.208416
0.207672
0.206932
0.206198
0.205470
0.204746
0.204028
0.203315
0.202607
0.201905
0.201207
0.200514
0.199827
0.199144
0.198466
0.197793
0.197125
0.196462
0.195803
0.195149
0.194500
0.193855
0.193215
0.192580
0.191949
0.191322
0.190700
0.190082
0.189469
0.188860
0.188255
0.187655
0.187058
0.186466
0.185878
0.185294
0.184715
0.184139
0.183567
0.182999
0.182435
0.181875
0.181319
0.180767
0.180219
0.179674
0.179133
0.178596
0.178063
0.177533
0.177006
0.176484
0.175965
0.175449
0.174937
0.174429
0.173924
0.173422
0.172924
0.172429
0.171937
0.171449
0.170964
0.170482
0.170004
0.169529
0.169057
0.168588
0.168122
0.167659
0.167199
0.166743
0.166289
0.165839
0.165391
0.164947
0.164505
0.164066
0.163630
0.163197
0.162767
0.162340
0.161915
0.161493
0.161074
0.160658
0.160244
0.159833
0.159425
0.159019
0.158616
0.158216
0.157818
0.157423
0.157030
0.156640
0.156252
0.155867
0.155484
0.155104
0.154726
0.154350
0.153977
0.153607
0.153238
0.152872
0.152508
0.152147
0.151788
0.151431
0.151076
0.150724
0.150373
0.150025
0.149679
0.149336
0.148994
0.148655
0.148317
0.147982
0.147649
0.147318
0.146989
0.146662
0.146336
0.146013
0.145692
0.145373
0.145056
0.144741
0.144428
0.144116
0.143807
0.143499
0.143194
0.142890
0.142588
0.142287
0.141989
0.141692
0.141398
0.141105
0.140813
0.140524
0.140236
0.139950
0.139666
0.139383
0.139102
0.138823
0.138545
0.138269
0.137995
0.137722
0.137451
0.137182
0.136914
0.136647
0.136383
0.136119
0.135858
0.135598
0.135339
0.135082
0.134826
0.134572
0.134320
0.134068
0.133819
0.133571
0.133324
0.133078
0.132834
0.132592
0.132351
0.132111
0.131873
0.131636
0.131400
0.131166
0.130933
0.130701
0.130471
0.130242
0.130014
0.129788
0.129563
0.129339
0.129116
0.128895
0.128675
0.128456
0.128239
0.128022
0.127807
0.127593
0.127381
0.127169
0.126959
0.126750
0.126542
0.126335
0.126129
0.125925
0.125721
0.125519
0.125318
0.125118
0.124919
0.124721
0.124524
0.124329
0.124134
0.123941
0.123748
0.123557
0.123367
0.123178
0.122989
0.122802
0.122616
0.122431
0.122247
0.122064
0.121882
0.121700
0.121520
0.121341
0.121163
0.120986
0.120809
0.120634
0.120460
0.120286
0.120114
0.119942
0.119772
0.119602
0.119433
0.119265
0.119098
0.118932
0.118767
0.118603
0.118439
0.118277
0.118115
0.117954
0.117794
0.117635
0.117476
0.117319
0.117162
0.117007
0.116852
0.116697
0.116544
0.116392
0.116240
0.116089
0.115939
0.115789
0.115641
0.115493
0.115346
0.115200
0.115054
0.114909
0.114765
0.114622
0.114480
0.114338
0.114197
0.114057
0.113917
0.113778
0.113640
0.113503
0.113366
0.113230
0.113095
0.112961
0.112827
0.112693
0.112561
0.112429
0.112298
0.112168
0.112038
0.111909
0.111780
0.111652
0.111525
0.111399
0.111273
0.111148
0.111023
0.110899
0.110776
0.110653
0.110531
0.110410
0.110289
0.110169
0.110049
0.109930
0.109812
0.109694
0.109577
0.109460
0.109344
0.109229
0.109114
0.108999
0.108886
0.108773
0.108660
0.108548
0.108437
0.108326
0.108215
0.108106
0.107996
0.107888
0.107779
0.107672
0.107565
0.107458
0.107352
0.107247
0.107142
0.107037
0.106933
0.106830
0.106727
0.106625
0.106523
0.106422
0.106321
0.106220
0.106120
0.106021
0.105922
0.105824
0.105726
0.105628
0.105531
0.105435
0.105339
0.105243
0.105148
0.105054
0.104960
0.104866
0.104773
0.104680
0.104588
0.104496
0.104404
0.104313
0.104223
0.104133
0.104043
0.103954
0.103865
0.103777
0.103689
0.103601
0.103514
0.103428
0.103341
0.103256
0.103170
0.103085
0.103001
0.102916
0.102833
0.102749
0.102666
0.102584
0.102502
0.102420
0.102339
0.102258
0.102177
0.102097
0.102017
0.101938
0.101858
0.101780
0.101702
0.101624
0.101546
0.101469
0.101392
0.101316
0.101240
0.101164
0.101088
0.101013
0.100939
0.100865
0.100791
0.100717
0.100644
0.100571
0.100498
0.100426
0.100354
0.100283
0.100212
0.100141
0.100070
0.100000
0.099930
0.099861
0.099792
0.099723
0.099654
0.099586
0.099518
0.099451
0.099383
0.099317
0.099250
0.099184
0.099118
0.099052
0.098987
0.098922
0.098857
0.098792
0.098728
0.098664
0.098601
0.098538
0.098475
0.098412
0.098350
0.098288
0.098226
0.098164
0.098103
0.098042
0.097982
0.097921
0.097861
0.097801
0.097742
0.097683
0.097624
0.097565
0.097507
0.097448
0.097390
0.097333
0.097276
0.097219
0.097162
0.097105
0.097049
0.096993
0.096937
0.096882
0.096826
0.096771
0.096717
0.096662
0.096608
0.096554
0.096500
0.096447
0.096394
0.096341
0.096288
0.096235
0.096183
0.096131
0.096079
0.096028
0.095976
0.095925
0.095875
0.095824
0.095774
0.095724
0.095674
0.095624
0.095575
0.095525
0.095476
0.095428
0.095379
0.095331
0.095283
0.095235
0.095187
0.095140
0.095092
0.095046
0.094999
0.094952
0.094906
0.094860
0.094814
0.094768
0.094723
0.094677
0.094632
0.094587
0.094543
0.094498
0.094454
0.094410
0.094366
0.094322
0.094279
0.094235
0.094192
0.094149
0.094107
0.094064
0.094022
0.093980
0.093938
0.093896
0.093854
0.093813
0.093772
0.093731
0.093690
0.093650
0.093609
0.093569
0.093529
0.093489
0.093449
0.093410
0.093370
0.093331
0.093292
0.093253
0.093215
0.093176
0.093138
0.093100
0.093062
0.093024
0.092987
0.092949
0.092912
0.092875
0.092838
0.092801
0.092765
0.092728
0.092692
0.092656
0.092620
0.092584
0.092549
0.092513
0.092478
0.092443
0.092408
0.092373
0.092338
0.092304
0.092270
0.092235
0.092201
0.092167
0.092134
0.092100
0.092067
0.092033
0.092000
0.091967
0.091935
0.091902
0.091869
0.091837
0.091805
0.091772
0.091741
0.091709
0.091677
0.091646
0.091614
0.091583
0.091552
0.091521
0.091490
0.091459
0.091429
0.091399
0.091368
0.091338
0.091308
0.091278
0.091248
0.091219
0.091189
0.091160
0.091131
0.091102
0.091073
0.091044
0.091015
0.090987
0.090958
0.090930
0.090902
0.090874
0.090846
0.090818
0.090790
0.090763
0.090735
0.090708
0.090681
0.090654
0.090627
0.090600
0.090574
0.090547
0.090521
0.090494
0.090468
0.090442
0.090416
0.090390
0.090364
0.090339
0.090313
0.090288
0.090262
0.090237
0.090316
0.090685
0.091572
0.093495
0.098683
0.359062
0.336767
0.331896
0.355975
0.398115
0.472781
0.578281
0.685999
0.783013
0.866710
0.938170
0.999018
1.050550
1.093760
1.129550
1.158830
1.182620
1.201930
1.217680
1.230600
1.241160
1.249530
1.255660
1.259390
1.260680
1.259760
1.257090
1.253220
1.248590
1.243540
1.238250
1.232830
1.227310
1.221710
1.216040
1.210310
1.204520
1.198660
1.192750
1.186780
1.180770
1.174700
1.168600
1.162460
1.156280
1.150070
1.143840
1.137580
1.131300
1.125000
1.118690
1.112370
1.106040
1.099710
1.093380
1.087040
1.080710
1.074380
1.068060
1.061750
1.055450
1.049160
1.042880
1.036620
1.030370
1.024140
1.017930
1.011730
1.005560
0.999408
0.993278
0.987170
0.981085
0.975024
0.968987
0.962975
0.956988
0.951028
0.945093
0.939186
0.933305
0.927452
0.921627
0.915830
0.910061
0.904321
0.898610
0.892927
0.887274
0.881650
0.876056
0.870491
0.864956
0.859451
0.853976
0.848531
0.843116
0.837731
0.832377
0.827052
0.821758
0.816495
0.811261
0.806058
0.800886
0.795744
0.790633
0.785551
0.780501
0.775481
0.770491
0.765531
0.760602
0.755704
0.750835
0.745997
0.741190
0.736412
0.731665
0.726948
0.722261
0.717604
0.712977
0.708380
0.703813
0.699275
0.694768
0.690291
0.685843
0.681424
0.677036
0.672676
0.668346
0.664046
0.659775
0.655533
0.651320
0.647136
0.642981
0.638855
0.634758
0.630689
0.626649
0.622638
0.618655
0.614700
0.610774
0.606876
0.603006
0.599163
0.595349
0.591562
0.587803
0.584071
0.580367
0.576690
0.573041
0.569418
0.565822
0.562253
0.558711
0.555196
0.551707
0.548244
0.544808
0.541397
0.538013
0.534654
0.531321
0.528014
0.524732
0.521476
0.518245
0.515039
0.511857
0.508701
0.505569
0.502462
0.499379
0.496320
0.493285
0.490274
0.487288
0.484324
0.481385
0.478468
0.475575
0.472705
0.469858
0.467033
0.464232
0.461452
0.458695
0.455961
0.453248
0.450557
0.447888
0.445241
0.442615
0.440010
0.437426
0.434864
0.432322
0.429801
0.427300
0.424820
0.422360
0.419920
0.417500
0.415100
0.412719
0.410358
0.408016
0.405693
0.403390
0.401105
0.398839
0.396591
0.394362
0.392152
0.389959
0.387784
0.385627
0.383488
0.381367
0.379262
0.377176
0.375106
0.373053
0.371017
0.368997
0.366995
0.365008
0.363038
0.361084
0.359146
0.357224
0.355317
0.353426
0.351551
0.349691
0.347846
0.346016
0.344201
0.342400
0.340614
0.338843
0.337087
0.335344
0.333616
0.331901
0.330201
0.328514
0.326841
0.325181
0.323535
0.321902
0.320282
0.318675
0.317081
0.315500
0.313932
0.312376
0.310833
0.309302
0.307783
0.306276
0.304782
0.303299
0.301828
0.300369
0.298921
0.297485
0.296060
0.294647
0.293245
0.291853
0.290473
0.289104
0.287745
0.286397
0.285060
0.283733
0.282417
0.281111
0.279815
0.278530
0.277254
0.275988
0.274732
0.273486
0.272250
0.271023
0.269806
0.268599
0.267400
0.266211
0.265031
0.263860
0.262699
0.261546
0.260402
0.259267
0.258141
0.257023
0.255914
0.254813
0.253721
0.252637
0.251562
0.250494
0.249435
0.248384
0.247341
0.246306
0.245279
0.244259
0.243248
0.242244
0.241247
0.240258
0.239277
0.238303
0.237336
0.236377
0.235425
0.234480
0.233542
0.232611
0.231688
0.230771
0.229861
0.228958
0.228061
0.227171
0.226288
0.225412
0.224542
0.223678
0.222821
0.221971
0.221126
0.220288
0.219456
0.218630
0.217811
0.216997
0.216189
0.215388
0.214592
0.213802
0.213018
0.212240
0.211467
0.210700
0.209938
0.209183
0.208432
0.207687
0.206948
0.206214
0.205485
0.204762
0.204043
0.203330
0.202622
0.201920
0.201222
0.200529
0.199842
0.199159
0.198481
0.197808
0.197140
0.196476
0.195818
0.195164
0.194514
0.193870
0.193230
0.192594
0.191963
0.191336
0.190714
0.190096
0.189483
0.188874
0.188269
0.187668
0.187072
0.186480
0.185892
0.185308
0.184728
0.184152
0.183580
0.183013
0.182449
0.181889
0.181332
0.180780
0.180232
0.179687
0.179146
0.178609
0.178075
0.177545
0.177019
0.176496
0.175977
0.175462
0.174950
0.174441
0.173936
0.173434
0.172936
0.172441
0.171949
0.171461
0.170976
0.170494
0.170016
0.169540
0.169068
0.168599
0.168133
0.167671
0.167211
0.166754
0.166301
0.165850
0.165403
0.164958
0.164516
0.164077
0.163641
0.163208
0.162778
0.162351
0.161926
0.161504
0.161085
0.160669
0.160255
0.159844
0.159436
0.159030
0.158627
0.158227
0.157829
0.157433
0.157041
0.156650
0.156263
0.155877
0.155495
0.155114
0.154736
0.154361
0.153988
0.153617
0.153248
0.152882
0.152518
0.152157
0.151798
0.151441
0.151086
0.150733
0.150383
0.150035
0.149689
0.149345
0.149004
0.148664
0.148327
0.147991
0.147658
0.147327
0.146998
0.146671
0.146346
0.146023
0.145702
0.145382
0.145065
0.144750
0.144437
0.144125
0.143816
0.143508
0.143202
0.142899
0.142597
0.142296
0.141998
0.141701
0.141406
0.141113
0.140822
0.140533
0.140245
0.139959
0.139674
0.139392
0.139111
0.138831
0.138554
0.138278
0.138003
0.137731
0.137459
0.137190
0.136922
0.136656
0.136391
0.136128
0.135866
0.135606
0.135347
0.135090
0.134834
0.134580
0.134328
0.134076
0.133827
0.133578
0.133332
0.133086
0.132842
0.132600
0.132358
0.132119
0.131880
0.131643
0.131408
0.131173
0.130940
0.130709
0.130478
0.130249
0.130022
0.129795
0.129570
0.129346
0.129124
0.128902
0.128682
0.128463
0.128246
0.128030
0.127814
0.127600
0.127388
0.127176
0.126966
0.126757
0.126549
0.126342
0.126136
0.125932
0.125728
0.125526
0.125325
0.125125
0.124926
0.124728
0.124531
0.124336
0.124141
0.123948
0.123755
0.123564
0.123374
0.123184
0.122996
0.122809
0.122623
0.122438
0.122253
0.122070
0.121888
0.121707
0.121527
0.121348
0.121169
0.120992
0.120816
0.120641
0.120466
0.120293
0.120120
0.119949
0.119778
0.119608
0.119439
0.119272
0.119105
0.118938
0.118773
0.118609
0.118445
0.118283
0.118121
0.117960
0.117800
0.117641
0.117483
0.117325
0.117168
0.117013
0.116858
0.116703
0.116550
0.116397
0.116246
0.116095
0.115945
0.115795
0.115647
0.115499
0.115352
0.115206
0.115060
0.114915
0.114771
0.114628
0.114486
0.114344
0.114203
0.114063
0.113923
0.113784
0.113646
0.113509
0.113372
0.113236
0.113101
0.112966
0.112832
0.112699
0.112567
0.112435
0.112304
0.112173
0.112043
0.111914
0.111786
0.111658
0.111531
0.111404
0.111278
0.111153
0.111028
0.110905
0.110781
0.110659
0.110536
0.110415
0.110294
0.110174
0.110054
0.109935
0.109817
0.109699
0.109582
0.109465
0.109349
0.109234
0.109119
0.109005
0.108891
0.108778
0.108665
0.108553
0.108442
0.108331
0.108220
0.108111
0.108001
0.107893
0.107784
0.107677
0.107570
0.107463
0.107357
0.107252
0.107147
0.107042
0.106938
0.106835
0.106732
0.106630
0.106528
0.106426
0.106326
0.106225
0.106125
0.106026
0.105927
0.105829
0.105731
0.105633
0.105536
0.105440
0.105344
0.105248
0.105153
0.105058
0.104964
0.104871
0.104777
0.104685
0.104592
0.104500
0.104409
0.104318
0.104227
0.104137
0.104048
0.103958
0.103870
0.103781
0.103693
0.103606
0.103519
0.103432
0.103346
0.103260
0.103175
0.103090
0.103005
0.102921
0.102837
0.102754
0.102671
0.102588
0.102506
0.102424
0.102343
0.102262
0.102181
0.102101
0.102021
0.101942
0.101863
0.101784
0.101706
0.101628
0.101550
0.101473
0.101396
0.101320
0.101244
0.101168
0.101093
0.101018
0.100943
0.100869
0.100795
0.100721
0.100648
0.100575
0.100503
0.100430
0.100359
0.100287
0.100216
0.100145
0.100075
0.100004
0.099935
0.099865
0.099796
0.099727
0.099658
0.099590
0.099522
0.099455
0.099387
0.099321
0.099254
0.099188
0.099122
0.099056
0.098991
0.098926
0.098861
0.098796
0.098732
0.098668
0.098605
0.098542
0.098479
0.098416
0.098354
0.098292
0.098230
0.098168
0.098107
0.098046
0.097986
0.097925
0.097865
0.097805
0.097746
0.097686
0.097628
0.097569
0.097510
0.097452
0.097394
0.097337
0.097279
0.097222
0.097166
0.097109
0.097053
0.096997
0.096941
0.096885
0.096830
0.096775
0.096721
0.096666
0.096612
0.096558
0.096504
0.096451
0.096397
0.096344
0.096292
0.096239
0.096187
0.096135
0.096083
0.096031
0.095980
0.095929
0.095878
0.095828
0.095777
0.095727
0.095677
0.095628
0.095578
0.095529
0.095480
0.095431
0.095383
0.095334
0.095286
0.095238
0.095191
0.095143
0.095096
0.095049
0.095002
0.094956
0.094909
0.094863
0.094817
0.094771
0.094726
0.094681
0.094636
0.094591
0.094546
0.094502
0.094457
0.094413
0.094369
0.094325
0.094282
0.094239
0.094196
0.094153
0.094110
0.094067
0.094025
0.093983
0.093941
0.093899
0.093858
0.093817
0.093775
0.093734
0.093694
0.093653
0.093613
0.093572
0.093532
0.093492
0.093453
0.093413
0.093374
0.093335
0.093296
0.093257
0.093218
0.093180
0.093141
0.093103
0.093065
0.093028
0.092990
0.092953
0.092915
0.092878
0.092841
0.092804
0.092768
0.092731
0.092695
0.092659
0.092623
0.092587
0.092552
0.092516
0.092481
0.092446
0.092411
0.092376
0.092341
0.092307
0.092273
0.092239
0.092204
0.092171
0.092137
0.092103
0.092070
0.092037
0.092003
0.091970
0.091938
0.091905
0.091872
0.091840
0.091808
0.091776
0.091744
0.091712
0.091680
0.091649
0.091617
0.091586
0.091555
0.091524
0.091493
0.091462
0.091432
0.091402
0.091371
0.091341
0.091311
0.091281
0.091252
0.091222
0.091192
0.091163
0.091134
0.091105
0.091076
0.091047
0.091018
0.090990
0.090961
0.090933
0.090905
0.090877
0.090849
0.090821
0.090793
0.090766
0.090739
0.090711
0.090684
0.090657
0.090630
0.090603
0.090577
0.090550
0.090523
0.090497
0.090471
0.090445
0.090419
0.090393
0.090367
0.090342
0.090316
0.090291
0.090265
0.090240
0.090319
0.090688
0.091575
0.093498
0.098688
0.359034
0.336743
0.331879
0.355959
0.398104
0.472763
0.578263
0.685978
0.782990
0.866685
0.938144
0.998992
1.050530
1.093740
1.129520
1.158810
1.182600
1.201910
1.217660
1.230580
1.241140
1.249510
1.255640
1.259380
1.260670
1.259750
1.257090
1.253210
1.248590
1.243540
1.238250
1.232820
1.227300
1.221700
1.216040
1.210310
1.204510
1.198660
1.192750
1.186780
1.180760
1.174700
1.168600
1.162460
1.156280
1.150070
1.143840
1.137580
1.131300
1.125000
1.118690
1.112370
1.106040
1.099710
1.093380
1.087040
1.080710
1.074390
1.068060
1.061750
1.055450
1.049160
1.042880
1.036620
1.030370
1.024140
1.017930
1.011740
1.005570
0.999415
0.993284
0.987176
0.981092
0.975031
0.968994
0.962982
0.956996
0.951035
0.945101
0.939194
0.933314
0.927461
0.921636
0.915839
0.910071
0.904331
0.898620
0.892937
0.887284
0.881661
0.876067
0.870502
0.864967
0.859463
0.853988
0.848543
0.843128
0.837743
0.832389
0.827065
0.821771
0.816507
0.811274
0.806072
0.800899
0.795758
0.790646
0.785565
0.780515
0.775495
0.770505
0.765546
0.760617
0.755718
0.750850
0.746012
0.741205
0.736427
0.731680
0.726963
0.722276
0.717619
0.712993
0.708396
0.703829
0.699292
0.694784
0.690307
0.685859
0.681441
0.677052
0.672693
0.668363
0.664063
0.659792
0.655550
0.651337
0.647153
0.642999
0.638873
0.634775
0.630707
0.626667
0.622656
0.618673
0.614718
0.610792
0.606894
0.603024
0.599182
0.595367
0.591580
0.587821
0.584090
0.580386
0.576709
0.573059
0.569437
0.565841
0.562272
0.558730
0.555215
0.551726
0.548263
0.544827
0.541416
0.538032
0.534673
0.531341
0.528033
0.524752
0.521495
0.518264
0.515058
0.511877
0.508720
0.505588
0.502481
0.499398
0.496339
0.493304
0.490294
0.487307
0.484344
0.481404
0.478487
0.475594
0.472724
0.469877
0.467053
0.464251
0.461472
0.458715
0.455980
0.453267
0.450576
0.447907
0.445260
0.442634
0.440029
0.437445
0.434883
0.432341
0.429820
0.427319
0.424839
0.422379
0.419939
0.417519
0.415118
0.412738
0.410376
0.408035
0.405712
0.403408
0.401123
0.398857
0.396610
0.394381
0.392170
0.389977
0.387803
0.385646
0.383506
0.381385
0.379281
0.377194
0.375124
0.373071
0.371035
0.369015
0.367013
0.365026
0.363056
0.361102
0.359164
0.357242
0.355335
0.353444
0.351569
0.349708
0.347863
0.346033
0.344218
0.342418
0.340632
0.338861
0.337104
0.335361
0.333633
0.331918
0.330218
0.328531
0.326858
0.325198
0.323552
0.321919
0.320299
0.318692
0.317098
0.315517
0.313949
0.312393
0.310849
0.309318
0.307799
0.306293
0.304798
0.303315
0.301844
0.300385
0.298937
0.297501
0.296076
0.294663
0.293260
0.291869
0.290489
0.289119
0.287761
0.286413
0.285076
0.283749
0.282432
0.281126
0.279830
0.278545
0.277269
0.276003
0.274747
0.273501
0.272265
0.271038
0.269821
0.268613
0.267415
0.266226
0.265046
0.263875
0.262713
0.261560
0.260416
0.259281
0.258155
0.257037
0.255928
0.254827
0.253735
0.252651
0.251576
0.250508
0.249449
0.248398
0.247355
0.246320
0.245292
0.244273
0.243261
0.242257
0.241261
0.240272
0.239290
0.238316
0.237350
0.236390
0.235438
0.234493
0.233555
0.232624
0.231701
0.230784
0.229874
0.228970
0.228074
0.227184
0.226301
0.225424
0.224554
0.223691
0.222834
0.221983
0.221138
0.220300
0.219468
0.218642
0.217823
0.217009
0.216201
0.215400
0.214604
0.213814
0.213030
0.212251
0.211479
0.210711
0.209950
0.209194
0.208444
0.207699
0.206959
0.206225
0.205496
0.204773
0.204055
0.203341
0.202634
0.201931
0.201233
0.200540
0.199853
0.199170
0.198492
0.197819
0.197151
0.196487
0.195828
0.195174
0.194525
0.193880
0.193240
0.192605
0.191973
0.191347
0.190725
0.190107
0.189493
0.188884
0.188279
0.187679
0.187082
0.186490
0.185902
0.185318
0.184738
0.184162
0.183590
0.183022
0.182458
0.181898
0.181342
0.180790
0.180241
0.179697
0.179156
0.178618
0.178085
0.177555
0.177028
0.176506
0.175987
0.175471
0.174959
0.174450
0.173945
0.173443
0.172945
0.172450
0.171958
0.171470
0.170985
0.170503
0.170025
0.169549
0.169077
0.168608
0.168142
0.167679
0.167220
0.166763
0.166309
0.165859
0.165411
0.164967
0.164525
0.164086
0.163650
0.163217
0.162787
0.162359
0.161934
0.161513
0.161093
0.160677
0.160263
0.159852
0.159444
0.159038
0.158635
0.158235
0.157837
0.157442
0.157049
0.156658
0.156271
0.155885
0.155502
0.155122
0.154744
0.154369
0.153995
0.153625
0.153256
0.152890
0.152526
0.152165
0.151805
0.151448
0.151094
0.150741
0.150391
0.150043
0.149697
0.149353
0.149011
0.148672
0.148334
0.147999
0.147666
0.147334
0.147005
0.146678
0.146353
0.146030
0.145709
0.145390
0.145072
0.144757
0.144444
0.144132
0.143823
0.143515
0.143210
0.142906
0.142604
0.142303
0.142005
0.141708
0.141413
0.141120
0.140829
0.140539
0.140252
0.139966
0.139681
0.139398
0.139117
0.138838
0.138560
0.138284
0.138010
0.137737
0.137466
0.137197
0.136929
0.136662
0.136397
0.136134
0.135872
0.135612
0.135354
0.135096
0.134841
0.134587
0.134334
0.134083
0.133833
0.133585
0.133338
0.133093
0.132849
0.132606
0.132365
0.132125
0.131887
0.131649
0.131414
0.131179
0.130946
0.130715
0.130484
0.130255
0.130028
0.129801
0.129576
0.129352
0.129130
0.128908
0.128688
0.128469
0.128252
0.128035
0.127820
0.127606
0.127394
0.127182
0.126972
0.126763
0.126555
0.126348
0.126142
0.125937
0.125734
0.125532
0.125331
0.125131
0.124932
0.124734
0.124537
0.124341
0.124147
0.123953
0.123761
0.123570
0.123379
0.123190
0.123002
0.122814
0.122628
0.122443
0.122259
0.122076
0.121894
0.121713
0.121532
0.121353
0.121175
0.120998
0.120821
0.120646
0.120472
0.120298
0.120126
0.119954
0.119783
0.119614
0.119445
0.119277
0.119110
0.118944
0.118778
0.118614
0.118451
0.118288
0.118126
0.117965
0.117805
0.117646
0.117488
0.117330
0.117174
0.117018
0.116863
0.116709
0.116555
0.116403
0.116251
0.116100
0.115950
0.115800
0.115652
0.115504
0.115357
0.115210
0.115065
0.114920
0.114776
0.114633
0.114490
0.114349
0.114208
0.114067
0.113928
0.113789
0.113651
0.113513
0.113377
0.113241
0.113106
0.112971
0.112837
0.112704
0.112571
0.112439
0.112308
0.112178
0.112048
0.111919
0.111790
0.111663
0.111535
0.111409
0.111283
0.111158
0.111033
0.110909
0.110786
0.110663
0.110541
0.110420
0.110299
0.110178
0.110059
0.109940
0.109821
0.109704
0.109586
0.109470
0.109354
0.109238
0.109123
0.109009
0.108895
0.108782
0.108670
0.108558
0.108446
0.108335
0.108225
0.108115
0.108006
0.107897
0.107789
0.107681
0.107574
0.107468
0.107362
0.107256
0.107151
0.107047
0.106943
0.106839
0.106736
0.106634
0.106532
0.106431
0.106330
0.106229
0.106130
0.106030
0.105931
0.105833
0.105735
0.105637
0.105540
0.105444
0.105348
0.105252
0.105157
0.105063
0.104968
0.104875
0.104782
0.104689
0.104596
0.104504
0.104413
0.104322
0.104232
0.104141
0.104052
0.103963
0.103874
0.103785
0.103697
0.103610
0.103523
0.103436
0.103350
0.103264
0.103179
0.103094
0.103009
0.102925
0.102841
0.102758
0.102675
0.102592
0.102510
0.102428
0.102347
0.102266
0.102185
0.102105
0.102025
0.101946
0.101867
0.101788
0.101710
0.101632
0.101554
0.101477
0.101400
0.101324
0.101248
0.101172
0.101097
0.101022
0.100947
0.100873
0.100799
0.100725
0.100652
0.100579
0.100506
0.100434
0.100362
0.100291
0.100220
0.100149
0.100078
0.100008
0.099938
0.099869
0.099799
0.099731
0.099662
0.099594
0.099526
0.099458
0.099391
0.099324
0.099258
0.099191
0.099125
0.099060
0.098994
0.098929
0.098865
0.098800
0.098736
0.098672
0.098608
0.098545
0.098482
0.098420
0.098357
0.098295
0.098233
0.098172
0.098111
0.098050
0.097989
0.097929
0.097869
0.097809
0.097749
0.097690
0.097631
0.097572
0.097514
0.097456
0.097398
0.097340
0.097283
0.097226
0.097169
0.097112
0.097056
0.097000
0.096944
0.096889
0.096834
0.096779
0.096724
0.096669
0.096615
0.096561
0.096507
0.096454
0.096401
0.096348
0.096295
0.096242
0.096190
0.096138
0.096086
0.096035
0.095984
0.095932
0.095882
0.095831
0.095781
0.095731
0.095681
0.095631
0.095581
0.095532
0.095483
0.095435
0.095386
0.095338
0.095290
0.095242
0.095194
0.095147
0.095099
0.095052
0.095005
0.094959
0.094913
0.094866
0.094821
0.094775
0.094729
0.094684
0.094639
0.094594
0.094549
0.094505
0.094460
0.094416
0.094372
0.094329
0.094285
0.094242
0.094199
0.094156
0.094113
0.094071
0.094028
0.093986
0.093944
0.093903
0.093861
0.093820
0.093779
0.093738
0.093697
0.093656
0.093616
0.093575
0.093535
0.093495
0.093456
0.093416
0.093377
0.093338
0.093299
0.093260
0.093221
0.093183
0.093144
0.093106
0.093068
0.093031
0.092993
0.092956
0.092918
0.092881
0.092844
0.092808
0.092771
0.092735
0.092698
0.092662
0.092626
0.092591
0.092555
0.092519
0.092484
0.092449
0.092414
0.092379
0.092345
0.092310
0.092276
0.092241
0.092207
0.092174
0.092140
0.092106
0.092073
0.092040
0.092006
0.091973
0.091941
0.091908
0.091875
0.091843
0.091811
0.091779
0.091747
0.091715
0.091683
0.091652
0.091620
0.091589
0.091558
0.091527
0.091496
0.091466
0.091435
0.091404
0.091374
0.091344
0.091314
0.091284
0.091255
0.091225
0.091195
0.091166
0.091137
0.091108
0.091079
0.091050
0.091021
0.090993
0.090964
0.090936
0.090908
0.090880
0.090852
0.090824
0.090796
0.090769
0.090741
0.090714
0.090687
0.090660
0.090633
0.090606
0.090579
0.090553
0.090526
0.090500
0.090474
0.090448
0.090422
0.090396
0.090370
0.090344
0.090319
0.090293
0.090268
0.090243
