10.983700
10.983700
10.983700
10.983600
10.983600
10.983800
10.986500
10.986800
10.986700
10.986700
10.986600
10.986500
10.986400
10.986400
10.986300
10.986200
10.986200
10.986100
10.986000
10.986000
10.985900
10.985900
10.985900
10.985800
10.985800
10.985700
10.985700
10.985700
10.985700
10.985600
10.985600
10.985600
10.985600
10.985600
10.985600
10.985600
10.985600
10.985600
10.985600
10.985700
10.985700
10.985700
10.985700
10.985700
10.985800
10.985800
10.985800
10.985900
10.985900
10.986000
10.986000
10.986000
10.986100
10.986100
10.986200
10.986200
10.986300
10.986300
10.986300
10.986400
10.986400
10.986500
10.986500
10.986600
10.986700
10.986700
10.986800
10.986800
10.986900
10.986900
10.987000
10.987000
10.987100
10.987100
10.987200
10.987300
10.987300
10.987400
10.987400
10.987500
10.987500
10.987600
10.987600
10.987700
10.987800
10.987800
10.987900
10.987900
10.988000
10.988000
10.988100
10.988100
10.988200
10.988200
10.988300
10.988300
10.988400
10.988500
10.988500
10.988600
10.988600
10.988700
10.988700
10.988800
10.988800
10.988800
10.988900
10.988900
10.989000
10.989000
10.989100
10.989100
10.989200
10.989200
10.989300
10.989300
10.989400
10.989400
10.989400
10.989500
10.989500
10.989600
10.989600
10.989700
10.989700
10.989700
10.989800
10.989800
10.989900
10.989900
10.989900
10.990000
10.990000
10.990000
10.990100
10.990100
10.990200
10.990200
10.990200
10.990300
10.990300
10.990300
10.990400
10.990400
10.990400
10.990500
10.990500
10.990500
10.990600
10.990600
10.990600
10.990700
10.990700
10.990700
10.990800
10.990800
10.990800
10.990800
10.990900
10.990900
10.990900
10.991000
10.991000
10.991000
10.991000
10.991100
10.991100
10.991100
10.991100
10.991200
10.991200
10.991200
10.991200
10.991300
10.991300
10.991300
10.991300
10.991400
10.991400
10.991400
10.991400
10.991500
10.991500
10.991500
10.991500
10.991500
10.991600
10.991600
10.991600
10.991600
10.991600
10.991700
10.991700
10.991700
10.991700
10.991700
10.991800
10.991800
10.991800
10.991800
10.991800
10.991800
10.991900
10.991900
10.991900
10.991900
10.991900
10.991900
10.992000
10.992000
10.992000
10.992000
10.992000
10.992000
10.992100
10.992100
10.992100
10.992100
10.992100
10.992100
10.992100
10.992100
10.992200
10.992200
10.992200
10.992200
10.992200
10.992200
10.992200
10.992200
10.992200
10.992300
10.992300
10.992300
10.992300
10.992300
10.992300
10.992300
10.992300
10.992300
10.992300
10.992400
10.992400
10.992400
10.992400
10.992400
10.992400
10.992400
10.992400
10.992400
10.992400
10.992400
10.992400
10.992400
10.992500
10.992500
10.992500
10.992500
10.992500
10.992500
10.992500
10.992500
10.992500
10.992500
10.992500
10.992500
10.992500
10.992500
10.992500
10.992500
10.992500
10.992500
10.992500
10.992600
10.992600
10.992600
10.992600
10.992600
10.992600
10.992600
10.992600
10.992600
10.992600
10.992600
10.992600
10.992600
10.992600
10.992600
10.992600
10.992600
10.992600
10.992600
10.992600
10.992600
10.992600
10.992600
10.992600
10.992600
10.992600
10.992600
10.992600
10.992600
10.992600
10.992600
10.992600
10.992600
10.992600
10.992600
10.992600
10.992600
10.992600
10.992600
10.992600
10.992600
10.992600
10.992600
10.992600
10.992600
10.992600
10.992600
10.992600
10.992600
10.992600
10.992600
10.992600
10.992600
10.992600
10.992600
10.992600
10.992600
10.992600
10.992600
10.992600
10.992600
10.992600
10.992600
10.992600
10.992600
10.992600
10.992500
10.992500
10.992500
10.992500
10.992500
10.992500
10.992500
10.992500
10.992500
10.992500
10.992500
10.992500
10.992500
10.992500
10.992500
10.992500
10.992500
10.992500
10.992500
10.992500
10.992500
10.992500
10.992500
10.992500
10.992400
10.992400
10.992400
10.992400
10.992400
10.992400
10.992400
10.992400
10.992400
10.992400
10.992400
10.992400
10.992400
10.992400
10.992400
10.992400
10.992400
10.992300
10.992300
10.992300
10.992300
10.992300
10.992300
10.992300
10.992300
10.992300
10.992300
10.992300
10.992300
10.992300
10.992300
10.992300
10.992200
10.992200
10.992200
10.992200
10.992200
10.992200
10.992200
10.992200
10.992200
10.992200
10.992200
10.992200
10.992200
10.992100
10.992100
10.992100
10.992100
10.992100
10.992100
10.992100
10.992100
10.992100
10.992100
10.992100
10.992100
10.992100
10.992000
10.992000
10.992000
10.992000
10.992000
10.992000
10.992000
10.992000
10.992000
10.992000
10.992000
10.991900
10.991900
10.991900
10.991900
10.991900
10.991900
10.991900
10.991900
10.991900
10.991900
10.991900
10.991800
10.991800
10.991800
10.991800
10.991800
10.991800
10.991800
10.991800
10.991800
10.991800
10.991700
10.991700
10.991700
10.991700
10.991700
10.991700
10.991700
10.991700
10.991700
10.991700
10.991600
10.991600
10.991600
10.991600
10.991600
10.991600
10.991600
10.991600
10.991600
10.991600
10.991500
10.991500
10.991500
10.991500
10.991500
10.991500
10.991500
10.991500
10.991500
10.991400
10.991400
10.991400
10.991400
10.991400
10.991400
10.991400
10.991400
10.991400
10.991300
10.991300
10.991300
10.991300
10.991300
10.991300
10.991300
10.991300
10.991300
10.991200
10.991200
10.991200
10.991200
10.991200
10.991200
10.991200
10.991200
10.991100
10.991100
10.991100
10.991100
10.991100
10.991100
10.991100
10.991100
10.991100
10.991000
10.991000
10.991000
10.991000
10.991000
10.991000
10.991000
10.991000
10.990900
10.990900
10.990900
10.990900
10.990900
10.990900
10.990900
10.990900
10.990800
10.990800
10.990800
10.990800
10.990800
10.990800
10.990800
10.990800
10.990700
10.990700
10.990700
10.990700
10.990700
10.990700
10.990700
10.990700
10.990600
10.990600
10.990600
10.990600
10.990600
10.990600
10.990600
10.990600
10.990500
10.990500
10.990500
10.990500
10.990500
10.990500
10.990500
10.990500
10.990400
10.990400
10.990400
10.990400
10.990400
10.990400
10.990400
10.990400
10.990300
10.990300
10.990300
10.990300
10.990300
10.990300
10.990300
10.990200
10.990200
10.990200
10.990200
10.990200
10.990200
10.990200
10.990200
10.990100
10.990100
10.990100
10.990100
10.990100
10.990100
10.990100
10.990000
10.990000
10.990000
10.990000
10.990000
10.990000
10.990000
10.989900
10.989900
10.989900
10.989900
10.989900
10.989900
10.989900
10.989900
10.989800
10.989800
10.989800
10.989800
10.989800
10.989800
10.989800
10.989700
10.989700
10.989700
10.989700
10.989700
10.989700
10.989700
10.989600
10.989600
10.989600
10.989600
10.989600
10.989600
10.989600
10.989500
10.989500
10.989500
10.989500
10.989500
10.989500
10.989500
10.989400
10.989400
10.989400
10.989400
10.989400
10.989400
10.989400
10.989300
10.989300
10.989300
10.989300
10.989300
10.989300
10.989300
10.989200
10.989200
10.989200
10.989200
10.989200
10.989200
10.989200
10.989100
10.989100
10.989100
10.989100
10.989100
10.989100
10.989100
10.989000
10.989000
10.989000
10.989000
10.989000
10.989000
10.989000
10.988900
10.988900
10.988900
10.988900
10.988900
10.988900
10.988900
10.988800
10.988800
10.988800
10.988800
10.988800
10.988800
10.988800
10.988700
10.988700
10.988700
10.988700
10.988700
10.988700
10.988600
10.988600
10.988600
10.988600
10.988600
10.988600
10.988600
10.988500
10.988500
10.988500
10.988500
10.988500
10.988500
10.988500
10.988400
10.988400
10.988400
10.988400
10.988400
10.988400
10.988300
10.988300
10.988300
10.988300
10.988300
10.988300
10.988300
10.988200
10.988200
10.988200
10.988200
10.988200
10.988200
10.988200
10.988100
10.988100
10.988100
10.988100
10.988100
10.988100
10.988000
10.988000
10.988000
10.988000
10.988000
10.988000
10.988000
10.987900
10.987900
10.987900
10.987900
10.987900
10.987900
10.987800
10.987800
10.987800
10.987800
10.987800
10.987800
10.987800
10.987700
10.987700
10.987700
10.987700
10.987700
10.987700
10.987600
10.987600
10.987600
10.987600
10.987600
10.987600
10.987600
10.987500
10.987500
10.987500
10.987500
10.987500
10.987500
10.987400
10.987400
10.987400
10.987400
10.987400
10.987400
10.987400
10.987300
10.987300
10.987300
10.987300
10.987300
10.987300
10.987200
10.987200
10.987200
10.987200
10.987200
10.987200
10.987200
10.987100
10.987100
10.987100
10.987100
10.987100
10.987100
10.987000
10.987000
10.987000
10.987000
10.987000
10.987000
10.986900
10.986900
10.986900
10.986900
10.986900
10.986900
10.986900
10.986800
10.986800
10.986800
10.986800
10.986800
10.986800
10.986700
10.986700
10.986700
10.986700
10.986700
10.986700
10.986700
10.986600
10.986600
10.986600
10.986600
10.986600
10.986600
10.986500
10.986500
10.986500
10.986500
10.986500
10.986500
10.986400
10.986400
10.986400
10.986400
10.986400
10.986400
10.986300
10.986300
10.986300
10.986300
10.986300
10.986300
10.986300
10.986200
10.986200
10.986200
10.986200
10.986200
10.986200
10.986100
10.986100
10.986100
10.986100
10.986100
10.986100
10.986000
10.986000
10.986000
10.986000
10.986000
10.986000
10.986000
10.985900
10.985900
10.985900
10.985900
10.985900
10.985900
10.985800
10.985800
10.985800
10.985800
10.985800
10.985800
10.985700
10.985700
10.985700
10.985700
10.985700
10.985700
10.985600
10.985600
10.985600
10.985600
10.985600
10.985600
10.985500
10.985500
10.985500
10.985500
10.985500
10.985500
10.985500
10.985400
10.985400
10.985400
10.985400
10.985400
10.985400
10.985300
10.985300
10.985300
10.985300
10.985300
10.985300
10.985200
10.985200
10.985200
10.985200
10.985200
10.985200
10.985100
10.985100
10.985100
10.985100
10.985100
10.985100
10.985000
10.985000
10.985000
10.985000
10.985000
10.985000
10.984900
10.984900
10.984900
10.984900
10.984900
10.984900
10.984900
10.984800
10.984800
10.984800
10.984800
10.984800
10.984800
10.984700
10.984700
10.984700
10.984700
10.984700
10.984700
10.984600
10.984600
10.984600
10.984600
10.984600
10.984600
10.984500
10.984500
10.984500
10.984500
10.984500
10.984500
10.984400
10.984400
10.984400
10.984400
10.984400
10.984400
10.984300
10.984300
10.984300
10.984300
10.984300
10.984300
10.984200
10.984200
10.984200
10.984200
10.984200
10.984200
10.984200
10.984100
10.984100
10.984100
10.984100
10.984100
10.984100
10.984000
10.984000
10.984000
10.984000
10.984000
10.984000
10.983900
10.983900
10.983900
10.983900
10.983900
10.983900
10.983800
10.983800
10.983800
10.983800
10.983800
10.983700
10.983700
10.983700
10.983800
10.986600
10.986900
10.986800
10.986700
10.986700
10.986600
10.986500
10.986400
10.986400
10.986300
10.986200
10.986200
10.986100
10.986100
10.986000
10.986000
10.985900
10.985900
10.985900
10.985800
10.985800
10.985800
10.985700
10.985700
10.985700
10.985700
10.985700
10.985700
10.985700
10.985700
10.985700
10.985700
10.985700
10.985700
10.985800
10.985800
10.985800
10.985800
10.985900
10.985900
10.985900
10.986000
10.986000
10.986000
10.986100
10.986100
10.986200
10.986200
10.986200
10.986300
10.986300
10.986400
10.986400
10.986500
10.986500
10.986600
10.986600
10.986700
10.986700
10.986800
10.986800
10.986900
10.986900
10.987000
10.987100
10.987100
10.987200
10.987200
10.987300
10.987300
10.987400
10.987400
10.987500
10.987600
10.987600
10.987700
10.987700
10.987800
10.987800
10.987900
10.987900
10.988000
10.988100
10.988100
10.988200
10.988200
10.988300
10.988300
10.988400
10.988400
10.988500
10.988500
10.988600
10.988600
10.988700
10.988700
10.988800
10.988800
10.988900
10.988900
10.989000
10.989000
10.989100
10.989100
10.989200
10.989200
10.989300
10.989300
10.989300
10.989400
10.989400
10.989500
10.989500
10.989600
10.989600
10.989700
10.989700
10.989700
10.989800
10.989800
10.989900
10.989900
10.989900
10.990000
10.990000
10.990100
10.990100
10.990100
10.990200
10.990200
10.990200
10.990300
10.990300
10.990300
10.990400
10.990400
10.990500
10.990500
10.990500
10.990600
10.990600
10.990600
10.990600
10.990700
10.990700
10.990700
10.990800
10.990800
10.990800
10.990900
10.990900
10.990900
10.991000
10.991000
10.991000
10.991000
10.991100
10.991100
10.991100
10.991100
10.991200
10.991200
10.991200
10.991300
10.991300
10.991300
10.991300
10.991400
10.991400
10.991400
10.991400
10.991400
10.991500
10.991500
10.991500
10.991500
10.991600
10.991600
10.991600
10.991600
10.991600
10.991700
10.991700
10.991700
10.991700
10.991700
10.991800
10.991800
10.991800
10.991800
10.991800
10.991900
10.991900
10.991900
10.991900
10.991900
10.991900
10.992000
10.992000
10.992000
10.992000
10.992000
10.992000
10.992100
10.992100
10.992100
10.992100
10.992100
10.992100
10.992100
10.992200
10.992200
10.992200
10.992200
10.992200
10.992200
10.992200
10.992200
10.992300
10.992300
10.992300
10.992300
10.992300
10.992300
10.992300
10.992300
10.992300
10.992400
10.992400
10.992400
10.992400
10.992400
10.992400
10.992400
10.992400
10.992400
10.992400
10.992500
10.992500
10.992500
10.992500
10.992500
10.992500
10.992500
10.992500
10.992500
10.992500
10.992500
10.992500
10.992500
10.992500
10.992600
10.992600
10.992600
10.992600
10.992600
10.992600
10.992600
10.992600
10.992600
10.992600
10.992600
10.992600
10.992600
10.992600
10.992600
10.992600
10.992600
10.992600
10.992600
10.992600
10.992600
10.992700
10.992700
10.992700
10.992700
10.992700
10.992700
10.992700
10.992700
10.992700
10.992700
10.992700
10.992700
10.992700
10.992700
10.992700
10.992700
10.992700
10.992700
10.992700
10.992700
10.992700
10.992700
10.992700
10.992700
10.992700
10.992700
10.992700
10.992700
10.992700
10.992700
10.992700
10.992700
10.992700
10.992700
10.992700
10.992700
10.992700
10.992700
10.992700
10.992700
10.992700
10.992700
10.992700
10.992700
10.992700
10.992700
10.992700
10.992700
10.992700
10.992700
10.992700
10.992700
10.992700
10.992700
10.992700
10.992600
10.992600
10.992600
10.992600
10.992600
10.992600
10.992600
10.992600
10.992600
10.992600
10.992600
10.992600
10.992600
10.992600
10.992600
10.992600
10.992600
10.992600
10.992600
10.992600
10.992600
10.992600
10.992600
10.992600
10.992600
10.992600
10.992500
10.992500
10.992500
10.992500
10.992500
10.992500
10.992500
10.992500
10.992500
10.992500
10.992500
10.992500
10.992500
10.992500
10.992500
10.992500
10.992500
10.992500
10.992400
10.992400
10.992400
10.992400
10.992400
10.992400
10.992400
10.992400
10.992400
10.992400
10.992400
10.992400
10.992400
10.992400
10.992400
10.992300
10.992300
10.992300
10.992300
10.992300
10.992300
10.992300
10.992300
10.992300
10.992300
10.992300
10.992300
10.992300
10.992300
10.992200
10.992200
10.992200
10.992200
10.992200
10.992200
10.992200
10.992200
10.992200
10.992200
10.992200
10.992200
10.992100
10.992100
10.992100
10.992100
10.992100
10.992100
10.992100
10.992100
10.992100
10.992100
10.992100
10.992100
10.992000
10.992000
10.992000
10.992000
10.992000
10.992000
10.992000
10.992000
10.992000
10.992000
10.992000
10.991900
10.991900
10.991900
10.991900
10.991900
10.991900
10.991900
10.991900
10.991900
10.991900
10.991800
10.991800
10.991800
10.991800
10.991800
10.991800
10.991800
10.991800
10.991800
10.991800
10.991700
10.991700
10.991700
10.991700
10.991700
10.991700
10.991700
10.991700
10.991700
10.991700
10.991600
10.991600
10.991600
10.991600
10.991600
10.991600
10.991600
10.991600
10.991600
10.991500
10.991500
10.991500
10.991500
10.991500
10.991500
10.991500
10.991500
10.991500
10.991400
10.991400
10.991400
10.991400
10.991400
10.991400
10.991400
10.991400
10.991400
10.991300
10.991300
10.991300
10.991300
10.991300
10.991300
10.991300
10.991300
10.991300
10.991200
10.991200
10.991200
10.991200
10.991200
10.991200
10.991200
10.991200
10.991100
10.991100
10.991100
10.991100
10.991100
10.991100
10.991100
10.991100
10.991100
10.991000
10.991000
10.991000
10.991000
10.991000
10.991000
10.991000
10.991000
10.990900
10.990900
10.990900
10.990900
10.990900
10.990900
10.990900
10.990900
10.990800
10.990800
10.990800
10.990800
10.990800
10.990800
10.990800
10.990800
10.990700
10.990700
10.990700
10.990700
10.990700
10.990700
10.990700
10.990700
10.990600
10.990600
10.990600
10.990600
10.990600
10.990600
10.990600
10.990500
10.990500
10.990500
10.990500
10.990500
10.990500
10.990500
10.990500
10.990400
10.990400
10.990400
10.990400
10.990400
10.990400
10.990400
10.990400
10.990300
10.990300
10.990300
10.990300
10.990300
10.990300
10.990300
10.990200
10.990200
10.990200
10.990200
10.990200
10.990200
10.990200
10.990200
10.990100
10.990100
10.990100
10.990100
10.990100
10.990100
10.990100
10.990000
10.990000
10.990000
10.990000
10.990000
10.990000
10.990000
10.989900
10.989900
10.989900
10.989900
10.989900
10.989900
10.989900
10.989900
10.989800
10.989800
10.989800
10.989800
10.989800
10.989800
10.989800
10.989700
10.989700
10.989700
10.989700
10.989700
10.989700
10.989700
10.989600
10.989600
10.989600
10.989600
10.989600
10.989600
10.989600
10.989500
10.989500
10.989500
10.989500
10.989500
10.989500
10.989500
10.989400
10.989400
10.989400
10.989400
10.989400
10.989400
10.989400
10.989300
10.989300
10.989300
10.989300
10.989300
10.989300
10.989300
10.989200
10.989200
10.989200
10.989200
10.989200
10.989200
10.989200
10.989100
10.989100
10.989100
10.989100
10.989100
10.989100
10.989100
10.989000
10.989000
10.989000
10.989000
10.989000
10.989000
10.989000
10.988900
10.988900
10.988900
10.988900
10.988900
10.988900
10.988800
10.988800
10.988800
10.988800
10.988800
10.988800
10.988800
10.988700
10.988700
10.988700
10.988700
10.988700
10.988700
10.988700
10.988600
10.988600
10.988600
10.988600
10.988600
10.988600
10.988600
10.988500
10.988500
10.988500
10.988500
10.988500
10.988500
10.988400
10.988400
10.988400
10.988400
10.988400
10.988400
10.988400
10.988300
10.988300
10.988300
10.988300
10.988300
10.988300
10.988200
10.988200
10.988200
10.988200
10.988200
10.988200
10.988200
10.988100
10.988100
10.988100
10.988100
10.988100
10.988100
10.988100
10.988000
10.988000
10.988000
10.988000
10.988000
10.988000
10.987900
10.987900
10.987900
10.987900
10.987900
10.987900
10.987900
10.987800
10.987800
10.987800
10.987800
10.987800
10.987800
10.987700
10.987700
10.987700
10.987700
10.987700
10.987700
10.987700
10.987600
10.987600
10.987600
10.987600
10.987600
10.987600
10.987500
10.987500
10.987500
10.987500
10.987500
10.987500
10.987500
10.987400
10.987400
10.987400
10.987400
10.987400
10.987400
10.987300
10.987300
10.987300
10.987300
10.987300
10.987300
10.987200
10.987200
10.987200
10.987200
10.987200
10.987200
10.987200
10.987100
10.987100
10.987100
10.987100
10.987100
10.987100
10.987000
10.987000
10.987000
10.987000
10.987000
10.987000
10.987000
10.986900
10.986900
10.986900
10.986900
10.986900
10.986900
10.986800
10.986800
10.986800
10.986800
10.986800
10.986800
10.986700
10.986700
10.986700
10.986700
10.986700
10.986700
10.986700
10.986600
10.986600
10.986600
10.986600
10.986600
10.986600
10.986500
10.986500
10.986500
10.986500
10.986500
10.986500
10.986400
10.986400
10.986400
10.986400
10.986400
10.986400
10.986400
10.986300
10.986300
10.986300
10.986300
10.986300
10.986300
10.986200
10.986200
10.986200
10.986200
10.986200
10.986200
10.986100
10.986100
10.986100
10.986100
10.986100
10.986100
10.986000
10.986000
10.986000
10.986000
10.986000
10.986000
10.986000
10.985900
10.985900
10.985900
10.985900
10.985900
10.985900
10.985800
10.985800
10.985800
10.985800
10.985800
10.985800
10.985700
10.985700
10.985700
10.985700
10.985700
10.985700
10.985600
10.985600
10.985600
10.985600
10.985600
10.985600
10.985500
10.985500
10.985500
10.985500
10.985500
10.985500
10.985500
10.985400
10.985400
10.985400
10.985400
10.985400
10.985400
10.985300
10.985300
10.985300
10.985300
10.985300
10.985300
10.985200
10.985200
10.985200
10.985200
10.985200
10.985200
10.985100
10.985100
10.985100
10.985100
10.985100
10.985100
10.985000
10.985000
10.985000
10.985000
10.985000
10.985000
10.984900
10.984900
10.984900
10.984900
10.984900
10.984900
10.984900
10.984800
10.984800
10.984800
10.984800
10.984800
10.984800
10.984700
10.984700
10.984700
10.984700
10.984700
10.984700
10.984600
10.984600
10.984600
10.984600
10.984600
10.984600
10.984500
10.984500
10.984500
10.984500
10.984500
10.984500
10.984400
10.984400
10.984400
10.984400
10.984400
10.984400
10.984300
10.984300
10.984300
10.984300
10.984300
10.984300
10.984200
10.984200
10.984200
10.984200
10.984200
10.984200
10.984100
10.984100
10.984100
10.984100
10.984100
10.984100
10.984100
10.984000
10.984000
10.984000
10.984000
10.984000
10.984000
10.983900
10.983900
10.983900
10.983900
10.983900
10.983900
10.983800
10.983800
10.983800
10.983900
10.986700
10.987000
10.986900
10.986800
10.986700
10.986700
10.986600
10.986500
10.986500
10.986400
10.986300
10.986300
10.986200
10.986200
10.986100
10.986100
10.986000
10.986000
10.985900
10.985900
10.985900
10.985800
10.985800
10.985800
10.985800
10.985800
10.985800
10.985800
10.985800
10.985800
10.985800
10.985800
10.985800
10.985800
10.985800
10.985900
10.985900
10.985900
10.985900
10.986000
10.986000
10.986000
10.986100
10.986100
10.986200
10.986200
10.986200
10.986300
10.986300
10.986400
10.986400
10.986500
10.986500
10.986600
10.986600
10.986700
10.986700
10.986800
10.986800
10.986900
10.986900
10.987000
10.987000
10.987100
10.987100
10.987200
10.987300
10.987300
10.987400
10.987400
10.987500
10.987500
10.987600
10.987600
10.987700
10.987800
10.987800
10.987900
10.987900
10.988000
10.988000
10.988100
10.988100
10.988200
10.988200
10.988300
10.988400
10.988400
10.988500
10.988500
10.988600
10.988600
10.988700
10.988700
10.988800
10.988800
10.988900
10.988900
10.989000
10.989000
10.989100
10.989100
10.989200
10.989200
10.989200
10.989300
10.989300
10.989400
10.989400
10.989500
10.989500
10.989600
10.989600
10.989600
10.989700
10.989700
10.989800
10.989800
10.989900
10.989900
10.989900
10.990000
10.990000
10.990100
10.990100
10.990100
10.990200
10.990200
10.990200
10.990300
10.990300
10.990400
10.990400
10.990400
10.990500
10.990500
10.990500
10.990600
10.990600
10.990600
10.990700
10.990700
10.990700
10.990800
10.990800
10.990800
10.990900
10.990900
10.990900
10.990900
10.991000
10.991000
10.991000
10.991100
10.991100
10.991100
10.991100
10.991200
10.991200
10.991200
10.991300
10.991300
10.991300
10.991300
10.991400
10.991400
10.991400
10.991400
10.991500
10.991500
10.991500
10.991500
10.991600
10.991600
10.991600
10.991600
10.991600
10.991700
10.991700
10.991700
10.991700
10.991700
10.991800
10.991800
10.991800
10.991800
10.991800
10.991900
10.991900
10.991900
10.991900
10.991900
10.992000
10.992000
10.992000
10.992000
10.992000
10.992000
10.992100
10.992100
10.992100
10.992100
10.992100
10.992100
10.992200
10.992200
10.992200
10.992200
10.992200
10.992200
10.992200
10.992300
10.992300
10.992300
10.992300
10.992300
10.992300
10.992300
10.992300
10.992400
10.992400
10.992400
10.992400
10.992400
10.992400
10.992400
10.992400
10.992400
10.992500
10.992500
10.992500
10.992500
10.992500
10.992500
10.992500
10.992500
10.992500
10.992500
10.992500
10.992600
10.992600
10.992600
10.992600
10.992600
10.992600
10.992600
10.992600
10.992600
10.992600
10.992600
10.992600
10.992600
10.992600
10.992600
10.992700
10.992700
10.992700
10.992700
10.992700
10.992700
10.992700
10.992700
10.992700
10.992700
10.992700
10.992700
10.992700
10.992700
10.992700
10.992700
10.992700
10.992700
10.992700
10.992700
10.992700
10.992700
10.992700
10.992700
10.992700
10.992800
10.992800
10.992800
10.992800
10.992800
10.992800
10.992800
10.992800
10.992800
10.992800
10.992800
10.992800
10.992800
10.992800
10.992800
10.992800
10.992800
10.992800
10.992800
10.992800
10.992800
10.992800
10.992800
10.992800
10.992800
10.992800
10.992800
10.992800
10.992800
10.992800
10.992800
10.992800
10.992800
10.992800
10.992800
10.992800
10.992800
10.992800
10.992800
10.992800
10.992700
10.992700
10.992700
10.992700
10.992700
10.992700
10.992700
10.992700
10.992700
10.992700
10.992700
10.992700
10.992700
10.992700
10.992700
10.992700
10.992700
10.992700
10.992700
10.992700
10.992700
10.992700
10.992700
10.992700
10.992700
10.992700
10.992700
10.992700
10.992700
10.992700
10.992600
10.992600
10.992600
10.992600
10.992600
10.992600
10.992600
10.992600
10.992600
10.992600
10.992600
10.992600
10.992600
10.992600
10.992600
10.992600
10.992600
10.992600
10.992600
10.992500
10.992500
10.992500
10.992500
10.992500
10.992500
10.992500
10.992500
10.992500
10.992500
10.992500
10.992500
10.992500
10.992500
10.992500
10.992500
10.992400
10.992400
10.992400
10.992400
10.992400
10.992400
10.992400
10.992400
10.992400
10.992400
10.992400
10.992400
10.992400
10.992300
10.992300
10.992300
10.992300
10.992300
10.992300
10.992300
10.992300
10.992300
10.992300
10.992300
10.992300
10.992300
10.992200
10.992200
10.992200
10.992200
10.992200
10.992200
10.992200
10.992200
10.992200
10.992200
10.992200
10.992200
10.992100
10.992100
10.992100
10.992100
10.992100
10.992100
10.992100
10.992100
10.992100
10.992100
10.992100
10.992000
10.992000
10.992000
10.992000
10.992000
10.992000
10.992000
10.992000
10.992000
10.992000
10.991900
10.991900
10.991900
10.991900
10.991900
10.991900
10.991900
10.991900
10.991900
10.991900
10.991800
10.991800
10.991800
10.991800
10.991800
10.991800
10.991800
10.991800
10.991800
10.991800
10.991700
10.991700
10.991700
10.991700
10.991700
10.991700
10.991700
10.991700
10.991700
10.991600
10.991600
10.991600
10.991600
10.991600
10.991600
10.991600
10.991600
10.991600
10.991500
10.991500
10.991500
10.991500
10.991500
10.991500
10.991500
10.991500
10.991500
10.991400
10.991400
10.991400
10.991400
10.991400
10.991400
10.991400
10.991400
10.991400
10.991300
10.991300
10.991300
10.991300
10.991300
10.991300
10.991300
10.991300
10.991300
10.991200
10.991200
10.991200
10.991200
10.991200
10.991200
10.991200
10.991200
10.991100
10.991100
10.991100
10.991100
10.991100
10.991100
10.991100
10.991100
10.991000
10.991000
10.991000
10.991000
10.991000
10.991000
10.991000
10.991000
10.990900
10.990900
10.990900
10.990900
10.990900
10.990900
10.990900
10.990900
10.990800
10.990800
10.990800
10.990800
10.990800
10.990800
10.990800
10.990800
10.990700
10.990700
10.990700
10.990700
10.990700
10.990700
10.990700
10.990700
10.990600
10.990600
10.990600
10.990600
10.990600
10.990600
10.990600
10.990600
10.990500
10.990500
10.990500
10.990500
10.990500
10.990500
10.990500
10.990400
10.990400
10.990400
10.990400
10.990400
10.990400
10.990400
10.990400
10.990300
10.990300
10.990300
10.990300
10.990300
10.990300
10.990300
10.990200
10.990200
10.990200
10.990200
10.990200
10.990200
10.990200
10.990200
10.990100
10.990100
10.990100
10.990100
10.990100
10.990100
10.990100
10.990000
10.990000
10.990000
10.990000
10.990000
10.990000
10.990000
10.989900
10.989900
10.989900
10.989900
10.989900
10.989900
10.989900
10.989800
10.989800
10.989800
10.989800
10.989800
10.989800
10.989800
10.989700
10.989700
10.989700
10.989700
10.989700
10.989700
10.989700
10.989700
10.989600
10.989600
10.989600
10.989600
10.989600
10.989600
10.989600
10.989500
10.989500
10.989500
10.989500
10.989500
10.989500
10.989500
10.989400
10.989400
10.989400
10.989400
10.989400
10.989400
10.989400
10.989300
10.989300
10.989300
10.989300
10.989300
10.989300
10.989200
10.989200
10.989200
10.989200
10.989200
10.989200
10.989200
10.989100
10.989100
10.989100
10.989100
10.989100
10.989100
10.989100
10.989000
10.989000
10.989000
10.989000
10.989000
10.989000
10.989000
10.988900
10.988900
10.988900
10.988900
10.988900
10.988900
10.988900
10.988800
10.988800
10.988800
10.988800
10.988800
10.988800
10.988800
10.988700
10.988700
10.988700
10.988700
10.988700
10.988700
10.988600
10.988600
10.988600
10.988600
10.988600
10.988600
10.988600
10.988500
10.988500
10.988500
10.988500
10.988500
10.988500
10.988500
10.988400
10.988400
10.988400
10.988400
10.988400
10.988400
10.988300
10.988300
10.988300
10.988300
10.988300
10.988300
10.988300
10.988200
10.988200
10.988200
10.988200
10.988200
10.988200
10.988100
10.988100
10.988100
10.988100
10.988100
10.988100
10.988100
10.988000
10.988000
10.988000
10.988000
10.988000
10.988000
10.987900
10.987900
10.987900
10.987900
10.987900
10.987900
10.987900
10.987800
10.987800
10.987800
10.987800
10.987800
10.987800
10.987700
10.987700
10.987700
10.987700
10.987700
10.987700
10.987700
10.987600
10.987600
10.987600
10.987600
10.987600
10.987600
10.987500
10.987500
10.987500
10.987500
10.987500
10.987500
10.987500
10.987400
10.987400
10.987400
10.987400
10.987400
10.987400
10.987300
10.987300
10.987300
10.987300
10.987300
10.987300
10.987300
10.987200
10.987200
10.987200
10.987200
10.987200
10.987200
10.987100
10.987100
10.987100
10.987100
10.987100
10.987100
10.987000
10.987000
10.987000
10.987000
10.987000
10.987000
10.987000
10.986900
10.986900
10.986900
10.986900
10.986900
10.986900
10.986800
10.986800
10.986800
10.986800
10.986800
10.986800
10.986700
10.986700
10.986700
10.986700
10.986700
10.986700
10.986700
10.986600
10.986600
10.986600
10.986600
10.986600
10.986600
10.986500
10.986500
10.986500
10.986500
10.986500
10.986500
10.986400
10.986400
10.986400
10.986400
10.986400
10.986400
10.986400
10.986300
10.986300
10.986300
10.986300
10.986300
10.986300
10.986200
10.986200
10.986200
10.986200
10.986200
10.986200
10.986100
10.986100
10.986100
10.986100
10.986100
10.986100
10.986000
10.986000
10.986000
10.986000
10.986000
10.986000
10.986000
10.985900
10.985900
10.985900
10.985900
10.985900
10.985900
10.985800
10.985800
10.985800
10.985800
10.985800
10.985800
10.985700
10.985700
10.985700
10.985700
10.985700
10.985700
10.985600
10.985600
10.985600
10.985600
10.985600
10.985600
10.985500
10.985500
10.985500
10.985500
10.985500
10.985500
10.985500
10.985400
10.985400
10.985400
10.985400
10.985400
10.985400
10.985300
10.985300
10.985300
10.985300
10.985300
10.985300
10.985200
10.985200
10.985200
10.985200
10.985200
10.985200
10.985100
10.985100
10.985100
10.985100
10.985100
10.985100
10.985000
10.985000
10.985000
10.985000
10.985000
10.985000
10.984900
10.984900
10.984900
10.984900
10.984900
10.984900
10.984900
10.984800
10.984800
10.984800
10.984800
10.984800
10.984800
10.984700
10.984700
10.984700
10.984700
10.984700
10.984700
10.984600
10.984600
10.984600
10.984600
10.984600
10.984600
10.984500
10.984500
10.984500
10.984500
10.984500
10.984500
10.984400
10.984400
10.984400
10.984400
10.984400
10.984400
10.984300
10.984300
10.984300
10.984300
10.984300
10.984300
10.984200
10.984200
10.984200
10.984200
10.984200
10.984200
10.984100
10.984100
10.984100
10.984100
10.984100
10.984100
10.984000
10.984000
10.984000
10.984000
10.984000
10.984000
10.984000
