0.095361
0.095447
0.095826
0.096728
0.098674
0.103920
0.365779
0.343004
0.338127
0.362422
0.404868
0.479972
0.585930
0.693917
0.790972
0.874530
0.945714
1.006190
1.057270
1.099990
1.135250
1.164010
1.187270
1.206050
1.221290
1.233700
1.243740
1.251590
1.257190
1.260380
1.261140
1.259690
1.256510
1.252140
1.247020
1.241490
1.235720
1.229810
1.223810
1.217740
1.211600
1.205410
1.199150
1.192830
1.186470
1.180050
1.173590
1.167090
1.160560
1.153980
1.147380
1.140760
1.134110
1.127440
1.120750
1.114060
1.107350
1.100640
1.093930
1.087220
1.080510
1.073810
1.067110
1.060430
1.053750
1.047090
1.040450
1.033820
1.027210
1.020620
1.014050
1.007500
1.000980
0.994477
0.988001
0.981552
0.975129
0.968734
0.962367
0.956029
0.949720
0.943441
0.937193
0.930975
0.924788
0.918632
0.912509
0.906418
0.900360
0.894334
0.888341
0.882382
0.876456
0.870563
0.864705
0.858880
0.853089
0.847333
0.841610
0.835922
0.830269
0.824649
0.819065
0.813514
0.807999
0.802517
0.797071
0.791659
0.786281
0.780938
0.775630
0.770356
0.765117
0.759912
0.754742
0.749606
0.744505
0.739437
0.734404
0.729406
0.724441
0.719511
0.714614
0.709752
0.704923
0.700129
0.695368
0.690640
0.685947
0.681287
0.676660
0.672067
0.667506
0.662979
0.658486
0.654025
0.649597
0.645201
0.640839
0.636508
0.632211
0.627945
0.623712
0.619511
0.615342
0.611205
0.607099
0.603025
0.598983
0.594972
0.590992
0.587043
0.583125
0.579238
0.575381
0.571555
0.567760
0.563994
0.560259
0.556554
0.552878
0.549232
0.545616
0.542029
0.538471
0.534942
0.531442
0.527971
0.524528
0.521114
0.517727
0.514369
0.511039
0.507736
0.504461
0.501214
0.497993
0.494800
0.491633
0.488493
0.485380
0.482293
0.479232
0.476197
0.473188
0.470205
0.467247
0.464314
0.461406
0.458523
0.455665
0.452832
0.450023
0.447238
0.444477
0.441740
0.439027
0.436337
0.433670
0.431026
0.428406
0.425808
0.423232
0.420679
0.418149
0.415640
0.413153
0.410687
0.408244
0.405821
0.403420
0.401039
0.398680
0.396340
0.394022
0.391723
0.389445
0.387186
0.384947
0.382728
0.380528
0.378347
0.376186
0.374043
0.371919
0.369813
0.367726
0.365656
0.363605
0.361572
0.359556
0.357558
0.355577
0.353614
0.351667
0.349738
0.347825
0.345928
0.344048
0.342185
0.340337
0.338506
0.336690
0.334890
0.333105
0.331336
0.329581
0.327842
0.326118
0.324409
0.322714
0.321034
0.319368
0.317717
0.316079
0.314455
0.312846
0.311249
0.309667
0.308098
0.306542
0.305000
0.303470
0.301953
0.300449
0.298958
0.297479
0.296013
0.294559
0.293117
0.291688
0.290270
0.288864
0.287470
0.286087
0.284716
0.283357
0.282009
0.280671
0.279345
0.278030
0.276726
0.275433
0.274150
0.272878
0.271616
0.270365
0.269124
0.267893
0.266672
0.265461
0.264260
0.263069
0.261888
0.260716
0.259554
0.258401
0.257258
0.256124
0.254999
0.253883
0.252776
0.251678
0.250589
0.249509
0.248437
0.247374
0.246320
0.245274
0.244236
0.243207
0.242186
0.241173
0.240168
0.239171
0.238182
0.237201
0.236228
0.235263
0.234305
0.233355
0.232412
0.231477
0.230549
0.229628
0.228715
0.227808
0.226909
0.226017
0.225132
0.224254
0.223383
0.222519
0.221661
0.220810
0.219966
0.219128
0.218297
0.217472
0.216654
0.215842
0.215036
0.214236
0.213443
0.212655
0.211874
0.211099
0.210330
0.209566
0.208809
0.208057
0.207311
0.206571
0.205836
0.205107
0.204384
0.203666
0.202953
0.202246
0.201544
0.200848
0.200156
0.199470
0.198790
0.198114
0.197443
0.196777
0.196117
0.195461
0.194810
0.194164
0.193523
0.192887
0.192255
0.191628
0.191006
0.190388
0.189775
0.189166
0.188562
0.187963
0.187367
0.186776
0.186190
0.185608
0.185030
0.184456
0.183886
0.183321
0.182759
0.182202
0.181649
0.181100
0.180554
0.180013
0.179476
0.178942
0.178413
0.177887
0.177365
0.176846
0.176331
0.175820
0.175313
0.174809
0.174309
0.173813
0.173320
0.172830
0.172344
0.171861
0.171382
0.170906
0.170433
0.169964
0.169498
0.169036
0.168576
0.168120
0.167667
0.167217
0.166770
0.166326
0.165886
0.165448
0.165014
0.164582
0.164154
0.163728
0.163305
0.162885
0.162469
0.162055
0.161643
0.161235
0.160829
0.160426
0.160026
0.159629
0.159234
0.158842
0.158453
0.158066
0.157682
0.157300
0.156921
0.156545
0.156171
0.155799
0.155430
0.155064
0.154700
0.154338
0.153979
0.153622
0.153268
0.152915
0.152566
0.152218
0.151873
0.151530
0.151189
0.150851
0.150515
0.150181
0.149849
0.149519
0.149192
0.148866
0.148543
0.148222
0.147903
0.147586
0.147271
0.146958
0.146647
0.146338
0.146031
0.145726
0.145423
0.145122
0.144823
0.144526
0.144230
0.143937
0.143646
0.143356
0.143068
0.142782
0.142498
0.142215
0.141935
0.141656
0.141379
0.141103
0.140830
0.140558
0.140288
0.140019
0.139752
0.139487
0.139223
0.138962
0.138701
0.138443
0.138186
0.137930
0.137676
0.137424
0.137173
0.136924
0.136677
0.136431
0.136186
0.135943
0.135701
0.135461
0.135223
0.134985
0.134750
0.134515
0.134283
0.134051
0.133821
0.133592
0.133365
0.133139
0.132915
0.132692
0.132470
0.132249
0.132030
0.131812
0.131596
0.131381
0.131167
0.130954
0.130743
0.130533
0.130324
0.130116
0.129910
0.129705
0.129501
0.129298
0.129096
0.128896
0.128697
0.128499
0.128302
0.128107
0.127912
0.127719
0.127527
0.127336
0.127146
0.126957
0.126769
0.126583
0.126397
0.126213
0.126029
0.125847
0.125666
0.125486
0.125307
0.125129
0.124951
0.124775
0.124600
0.124426
0.124253
0.124081
0.123910
0.123740
0.123571
0.123403
0.123236
0.123070
0.122905
0.122741
0.122577
0.122415
0.122254
0.122093
0.121934
0.121775
0.121617
0.121460
0.121304
0.121149
0.120995
0.120842
0.120689
0.120537
0.120387
0.120237
0.120088
0.119939
0.119792
0.119646
0.119500
0.119355
0.119211
0.119067
0.118925
0.118783
0.118642
0.118502
0.118363
0.118224
0.118087
0.117950
0.117813
0.117678
0.117543
0.117409
0.117276
0.117143
0.117012
0.116880
0.116750
0.116621
0.116492
0.116364
0.116236
0.116109
0.115983
0.115858
0.115733
0.115609
0.115486
0.115363
0.115241
0.115120
0.114999
0.114879
0.114760
0.114641
0.114523
0.114406
0.114289
0.114173
0.114058
0.113943
0.113829
0.113715
0.113602
0.113490
0.113378
0.113267
0.113156
0.113046
0.112937
0.112828
0.112720
0.112612
0.112505
0.112399
0.112293
0.112188
0.112083
0.111979
0.111875
0.111772
0.111670
0.111568
0.111466
0.111365
0.111265
0.111165
0.111066
0.110967
0.110869
0.110771
0.110674
0.110577
0.110481
0.110386
0.110291
0.110196
0.110102
0.110008
0.109915
0.109823
0.109730
0.109639
0.109548
0.109457
0.109367
0.109277
0.109188
0.109099
0.109011
0.108923
0.108836
0.108749
0.108662
0.108576
0.108491
0.108406
0.108321
0.108237
0.108153
0.108070
0.107987
0.107904
0.107822
0.107741
0.107659
0.107579
0.107498
0.107419
0.107339
0.107260
0.107181
0.107103
0.107025
0.106948
0.106871
0.106794
0.106718
0.106642
0.106567
0.106491
0.106417
0.106343
0.106269
0.106195
0.106122
0.106049
0.105977
0.105905
0.105833
0.105762
0.105691
0.105621
0.105550
0.105481
0.105411
0.105342
0.105273
0.105205
0.105137
0.105069
0.105002
0.104935
0.104868
0.104802
0.104736
0.104670
0.104605
0.104540
0.104476
0.104411
0.104347
0.104284
0.104220
0.104157
0.104095
0.104032
0.103970
0.103909
0.103847
0.103786
0.103726
0.103665
0.103605
0.103545
0.103486
0.103426
0.103367
0.103309
0.103250
0.103192
0.103135
0.103077
0.103020
0.102963
0.102907
0.102850
0.102794
0.102739
0.102683
0.102628
0.102573
0.102519
0.102464
0.102410
0.102356
0.102303
0.102250
0.102197
0.102144
0.102092
0.102039
0.101988
0.101936
0.101885
0.101833
0.101783
0.101732
0.101682
0.101631
0.101582
0.101532
0.101483
0.101434
0.101385
0.101336
0.101288
0.101240
0.101192
0.101144
0.101097
0.101050
0.101003
0.100956
0.100910
0.100863
0.100817
0.100772
0.100726
0.100681
0.100636
0.100591
0.100546
0.100502
0.100458
0.100414
0.100370
0.100326
0.100283
0.100240
0.100197
0.100154
0.100112
0.100070
0.100028
0.099986
0.099944
0.099903
0.099862
0.099821
0.099780
0.099739
0.099699
0.099659
0.099619
0.099579
0.099540
0.099500
0.099461
0.099422
0.099383
0.099345
0.099306
0.099268
0.099230
0.099192
0.099155
0.099117
0.099080
0.099043
0.099006
0.098969
0.098933
0.098896
0.098860
0.098824
0.098788
0.098753
0.098717
0.098682
0.098647
0.098612
0.098577
0.098542
0.098508
0.098474
0.098440
0.098406
0.098372
0.098338
0.098305
0.098272
0.098239
0.098206
0.098173
0.098140
0.098108
0.098076
0.098044
0.098012
0.097980
0.097948
0.097917
0.097885
0.097854
0.097823
0.097792
0.097762
0.097731
0.097700
0.097670
0.097640
0.097610
0.097580
0.097551
0.097521
0.097492
0.097463
0.097433
0.097405
0.097376
0.097347
0.097319
0.097290
0.097262
0.097234
0.097206
0.097178
0.097150
0.097123
0.097095
0.097068
0.097041
0.097014
0.096987
0.096960
0.096934
0.096907
0.096881
0.096855
0.096829
0.096803
0.096777
0.096751
0.096726
0.096700
0.096675
0.096650
0.096625
0.096600
0.096575
0.096550
0.096526
0.096501
0.096477
0.096452
0.096428
0.096404
0.096381
0.096357
0.096333
0.096310
0.096286
0.096263
0.096240
0.096217
0.096194
0.096171
0.096148
0.096126
0.096103
0.096081
0.096058
0.096036
0.096014
0.095992
0.095970
0.095949
0.095927
0.095906
0.095884
0.095863
0.095842
0.095820
0.095800
0.095779
0.095758
0.095737
0.095717
0.095696
0.095676
0.095656
0.095635
0.095615
0.095595
0.095575
0.095556
0.095536
0.095516
0.095497
0.095477
0.095458
0.095439
0.095420
0.095401
0.095382
0.095363
0.095450
0.095829
0.096731
0.098676
0.103923
0.365804
0.343018
0.338138
0.362433
0.404877
0.479980
0.585940
0.693918
0.790969
0.874525
0.945711
1.006180
1.057270
1.099990
1.135260
1.164010
1.187270
1.206060
1.221300
1.233710
1.243760
1.251610
1.257210
1.260400
1.261160
1.259720
1.256540
1.252170
1.247050
1.241520
1.235750
1.229840
1.223840
1.217770
1.211640
1.205440
1.199180
1.192870
1.186500
1.180090
1.173630
1.167130
1.160590
1.154020
1.147420
1.140790
1.134140
1.127470
1.120790
1.114090
1.107390
1.100680
1.093970
1.087260
1.080550
1.073840
1.067150
1.060460
1.053790
1.047130
1.040480
1.033850
1.027240
1.020650
1.014080
1.007540
1.001010
0.994513
0.988038
0.981588
0.975166
0.968771
0.962404
0.956066
0.949757
0.943478
0.937229
0.931011
0.924825
0.918669
0.912546
0.906455
0.900397
0.894371
0.888378
0.882419
0.876493
0.870601
0.864742
0.858917
0.853127
0.847370
0.841648
0.835960
0.830306
0.824687
0.819102
0.813552
0.808036
0.802555
0.797108
0.791696
0.786319
0.780976
0.775668
0.770394
0.765154
0.759950
0.754779
0.749643
0.744542
0.739475
0.734442
0.729443
0.724478
0.719548
0.714651
0.709789
0.704960
0.700166
0.695405
0.690677
0.685984
0.681324
0.676697
0.672103
0.667543
0.663016
0.658522
0.654061
0.649633
0.645238
0.640875
0.636545
0.632247
0.627982
0.623748
0.619547
0.615378
0.611241
0.607135
0.603061
0.599018
0.595007
0.591027
0.587078
0.583160
0.579273
0.575416
0.571590
0.567794
0.564029
0.560294
0.556588
0.552913
0.549267
0.545650
0.542063
0.538505
0.534976
0.531476
0.528004
0.524561
0.521147
0.517761
0.514402
0.511072
0.507769
0.504494
0.501247
0.498026
0.494832
0.491666
0.488526
0.485412
0.482325
0.479264
0.476229
0.473220
0.470236
0.467278
0.464345
0.461438
0.458555
0.455697
0.452863
0.450054
0.447269
0.444508
0.441770
0.439057
0.436367
0.433700
0.431056
0.428436
0.425837
0.423262
0.420709
0.418178
0.415669
0.413182
0.410717
0.408273
0.405850
0.403448
0.401068
0.398708
0.396369
0.394050
0.391751
0.389473
0.387214
0.384975
0.382756
0.380556
0.378375
0.376213
0.374070
0.371945
0.369840
0.367752
0.365683
0.363632
0.361598
0.359582
0.357584
0.355603
0.353640
0.351693
0.349763
0.347850
0.345954
0.344074
0.342210
0.340362
0.338530
0.336714
0.334914
0.333129
0.331360
0.329606
0.327866
0.326142
0.324433
0.322738
0.321058
0.319392
0.317740
0.316102
0.314478
0.312869
0.311272
0.309690
0.308121
0.306565
0.305022
0.303492
0.301975
0.300471
0.298980
0.297501
0.296035
0.294581
0.293139
0.291709
0.290291
0.288885
0.287491
0.286108
0.284737
0.283378
0.282029
0.280692
0.279366
0.278051
0.276746
0.275453
0.274170
0.272898
0.271636
0.270385
0.269143
0.267912
0.266691
0.265481
0.264280
0.263088
0.261907
0.260735
0.259573
0.258420
0.257276
0.256142
0.255017
0.253901
0.252794
0.251696
0.250607
0.249527
0.248455
0.247392
0.246337
0.245291
0.244254
0.243224
0.242203
0.241190
0.240185
0.239188
0.238199
0.237218
0.236245
0.235279
0.234321
0.233371
0.232428
0.231493
0.230565
0.229644
0.228731
0.227824
0.226925
0.226033
0.225148
0.224270
0.223399
0.222534
0.221677
0.220825
0.219981
0.219143
0.218312
0.217487
0.216669
0.215856
0.215050
0.214251
0.213457
0.212670
0.211889
0.211113
0.210344
0.209581
0.208823
0.208071
0.207325
0.206585
0.205850
0.205121
0.204397
0.203679
0.202967
0.202260
0.201558
0.200861
0.200170
0.199484
0.198803
0.198127
0.197456
0.196790
0.196130
0.195474
0.194823
0.194177
0.193536
0.192899
0.192268
0.191641
0.191018
0.190401
0.189787
0.189179
0.188575
0.187975
0.187380
0.186789
0.186202
0.185620
0.185042
0.184468
0.183898
0.183333
0.182771
0.182214
0.181661
0.181111
0.180566
0.180025
0.179487
0.178954
0.178424
0.177898
0.177376
0.176857
0.176343
0.175832
0.175324
0.174820
0.174320
0.173824
0.173330
0.172841
0.172355
0.171872
0.171392
0.170917
0.170444
0.169975
0.169509
0.169046
0.168586
0.168130
0.167677
0.167227
0.166780
0.166337
0.165896
0.165458
0.165024
0.164592
0.164164
0.163738
0.163315
0.162895
0.162478
0.162064
0.161653
0.161245
0.160839
0.160436
0.160036
0.159638
0.159244
0.158851
0.158462
0.158075
0.157691
0.157309
0.156930
0.156554
0.156180
0.155808
0.155439
0.155073
0.154709
0.154347
0.153988
0.153631
0.153276
0.152924
0.152574
0.152227
0.151882
0.151539
0.151198
0.150860
0.150523
0.150189
0.149857
0.149528
0.149200
0.148875
0.148551
0.148230
0.147911
0.147594
0.147279
0.146966
0.146655
0.146346
0.146039
0.145734
0.145431
0.145130
0.144831
0.144534
0.144238
0.143945
0.143653
0.143364
0.143076
0.142790
0.142505
0.142223
0.141942
0.141663
0.141386
0.141111
0.140837
0.140565
0.140295
0.140026
0.139760
0.139494
0.139231
0.138969
0.138709
0.138450
0.138193
0.137937
0.137684
0.137431
0.137181
0.136931
0.136684
0.136438
0.136193
0.135950
0.135708
0.135468
0.135230
0.134992
0.134757
0.134522
0.134289
0.134058
0.133828
0.133599
0.133372
0.133146
0.132921
0.132698
0.132476
0.132256
0.132037
0.131819
0.131602
0.131387
0.131173
0.130961
0.130749
0.130539
0.130330
0.130123
0.129916
0.129711
0.129507
0.129304
0.129103
0.128902
0.128703
0.128505
0.128309
0.128113
0.127918
0.127725
0.127533
0.127342
0.127152
0.126963
0.126775
0.126589
0.126403
0.126219
0.126035
0.125853
0.125672
0.125492
0.125312
0.125134
0.124957
0.124781
0.124606
0.124432
0.124259
0.124087
0.123916
0.123746
0.123577
0.123409
0.123242
0.123076
0.122911
0.122746
0.122583
0.122421
0.122259
0.122099
0.121939
0.121780
0.121623
0.121466
0.121310
0.121155
0.121000
0.120847
0.120694
0.120543
0.120392
0.120242
0.120093
0.119945
0.119797
0.119651
0.119505
0.119360
0.119216
0.119073
0.118930
0.118788
0.118648
0.118507
0.118368
0.118229
0.118092
0.117955
0.117818
0.117683
0.117548
0.117414
0.117281
0.117148
0.117017
0.116885
0.116755
0.116626
0.116497
0.116368
0.116241
0.116114
0.115988
0.115863
0.115738
0.115614
0.115491
0.115368
0.115246
0.115125
0.115004
0.114884
0.114765
0.114646
0.114528
0.114411
0.114294
0.114178
0.114062
0.113947
0.113833
0.113720
0.113607
0.113494
0.113382
0.113271
0.113161
0.113051
0.112941
0.112833
0.112724
0.112617
0.112510
0.112403
0.112297
0.112192
0.112087
0.111983
0.111880
0.111776
0.111674
0.111572
0.111471
0.111370
0.111269
0.111170
0.111070
0.110971
0.110873
0.110776
0.110678
0.110582
0.110486
0.110390
0.110295
0.110200
0.110106
0.110013
0.109919
0.109827
0.109735
0.109643
0.109552
0.109461
0.109371
0.109281
0.109192
0.109103
0.109015
0.108927
0.108840
0.108753
0.108666
0.108580
0.108495
0.108410
0.108325
0.108241
0.108157
0.108074
0.107991
0.107908
0.107826
0.107745
0.107663
0.107583
0.107502
0.107422
0.107343
0.107264
0.107185
0.107107
0.107029
0.106952
0.106875
0.106798
0.106722
0.106646
0.106570
0.106495
0.106421
0.106346
0.106272
0.106199
0.106126
0.106053
0.105981
0.105909
0.105837
0.105766
0.105695
0.105624
0.105554
0.105484
0.105415
0.105346
0.105277
0.105209
0.105141
0.105073
0.105006
0.104939
0.104872
0.104806
0.104740
0.104674
0.104609
0.104544
0.104479
0.104415
0.104351
0.104287
0.104224
0.104161
0.104098
0.104036
0.103974
0.103912
0.103851
0.103790
0.103729
0.103669
0.103608
0.103549
0.103489
0.103430
0.103371
0.103312
0.103254
0.103196
0.103138
0.103081
0.103024
0.102967
0.102910
0.102854
0.102798
0.102742
0.102687
0.102631
0.102577
0.102522
0.102468
0.102414
0.102360
0.102306
0.102253
0.102200
0.102147
0.102095
0.102043
0.101991
0.101939
0.101888
0.101837
0.101786
0.101735
0.101685
0.101635
0.101585
0.101535
0.101486
0.101437
0.101388
0.101339
0.101291
0.101243
0.101195
0.101147
0.101100
0.101053
0.101006
0.100959
0.100913
0.100867
0.100821
0.100775
0.100729
0.100684
0.100639
0.100594
0.100549
0.100505
0.100461
0.100417
0.100373
0.100330
0.100286
0.100243
0.100200
0.100158
0.100115
0.100073
0.100031
0.099989
0.099948
0.099906
0.099865
0.099824
0.099783
0.099742
0.099702
0.099662
0.099622
0.099582
0.099543
0.099503
0.099464
0.099425
0.099386
0.099348
0.099309
0.099271
0.099233
0.099195
0.099157
0.099120
0.099083
0.099046
0.099009
0.098972
0.098935
0.098899
0.098863
0.098827
0.098791
0.098755
0.098720
0.098685
0.098650
0.098615
0.098580
0.098545
0.098511
0.098477
0.098443
0.098409
0.098375
0.098341
0.098308
0.098275
0.098242
0.098209
0.098176
0.098143
0.098111
0.098078
0.098046
0.098014
0.097983
0.097951
0.097919
0.097888
0.097857
0.097826
0.097795
0.097764
0.097734
0.097703
0.097673
0.097643
0.097613
0.097583
0.097554
0.097524
0.097495
0.097465
0.097436
0.097407
0.097378
0.097350
0.097321
0.097293
0.097265
0.097237
0.097209
0.097181
0.097153
0.097126
0.097098
0.097071
0.097044
0.097017
0.096990
0.096963
0.096937
0.096910
0.096884
0.096857
0.096831
0.096805
0.096780
0.096754
0.096728
0.096703
0.096677
0.096652
0.096627
0.096602
0.096577
0.096553
0.096528
0.096504
0.096479
0.096455
0.096431
0.096407
0.096383
0.096359
0.096336
0.096312
0.096289
0.096265
0.096242
0.096219
0.096196
0.096173
0.096151
0.096128
0.096106
0.096083
0.096061
0.096039
0.096017
0.095995
0.095973
0.095951
0.095930
0.095908
0.095887
0.095865
0.095844
0.095823
0.095802
0.095781
0.095760
0.095740
0.095719
0.095699
0.095678
0.095658
0.095638
0.095618
0.095598
0.095578
0.095558
0.095538
0.095519
0.095499
0.095480
0.095461
0.095441
0.095422
0.095403
0.095384
0.095366
0.095452
0.095831
0.096733
0.098679
0.103924
0.365819
0.343045
0.338159
0.362447
0.404884
0.479990
0.585934
0.693904
0.790954
0.874509
0.945694
1.006170
1.057260
1.099980
1.135250
1.164000
1.187270
1.206060
1.221300
1.233710
1.243760
1.251610
1.257210
1.260410
1.261170
1.259730
1.256560
1.252180
1.247070
1.241540
1.235770
1.229860
1.223870
1.217800
1.211660
1.205460
1.199200
1.192890
1.186530
1.180110
1.173650
1.167150
1.160610
1.154040
1.147440
1.140820
1.134170
1.127500
1.120810
1.114120
1.107410
1.100710
1.093990
1.087280
1.080570
1.073870
1.067180
1.060490
1.053820
1.047160
1.040510
1.033880
1.027270
1.020680
1.014110
1.007570
1.001040
0.994541
0.988066
0.981617
0.975195
0.968800
0.962433
0.956095
0.949786
0.943507
0.937259
0.931041
0.924854
0.918699
0.912576
0.906485
0.900426
0.894401
0.888408
0.882449
0.876523
0.870630
0.864772
0.858947
0.853157
0.847400
0.841678
0.835990
0.830336
0.824717
0.819132
0.813582
0.808066
0.802585
0.797139
0.791727
0.786349
0.781006
0.775698
0.770424
0.765185
0.759980
0.754810
0.749674
0.744572
0.739505
0.734472
0.729473
0.724509
0.719578
0.714682
0.709820
0.704991
0.700196
0.695435
0.690708
0.686014
0.681354
0.676727
0.672134
0.667574
0.663047
0.658553
0.654092
0.649664
0.645268
0.640905
0.636575
0.632277
0.628012
0.623779
0.619577
0.615408
0.611271
0.607165
0.603091
0.599048
0.595037
0.591057
0.587108
0.583190
0.579303
0.575446
0.571620
0.567824
0.564059
0.560323
0.556618
0.552942
0.549296
0.545679
0.542092
0.538534
0.535005
0.531505
0.528033
0.524590
0.521176
0.517789
0.514431
0.511101
0.507798
0.504523
0.501275
0.498054
0.494860
0.491694
0.488554
0.485440
0.482353
0.479292
0.476257
0.473247
0.470264
0.467305
0.464372
0.461465
0.458582
0.455724
0.452890
0.450080
0.447295
0.444534
0.441797
0.439083
0.436393
0.433726
0.431082
0.428462
0.425863
0.423288
0.420735
0.418204
0.415695
0.413207
0.410742
0.408298
0.405875
0.403473
0.401093
0.398733
0.396393
0.394074
0.391776
0.389497
0.387238
0.384999
0.382780
0.380580
0.378399
0.376237
0.374094
0.371969
0.369863
0.367776
0.365706
0.363655
0.361621
0.359605
0.357607
0.355626
0.353662
0.351716
0.349786
0.347872
0.345976
0.344096
0.342232
0.340384
0.338552
0.336736
0.334936
0.333151
0.331381
0.329627
0.327888
0.326163
0.324454
0.322759
0.321078
0.319412
0.317761
0.316123
0.314499
0.312889
0.311293
0.309710
0.308141
0.306585
0.305042
0.303512
0.301995
0.300491
0.299000
0.297521
0.296054
0.294600
0.293158
0.291728
0.290310
0.288904
0.287510
0.286127
0.284756
0.283396
0.282048
0.280710
0.279384
0.278069
0.276764
0.275471
0.274188
0.272916
0.271654
0.270402
0.269161
0.267930
0.266709
0.265498
0.264297
0.263106
0.261924
0.260752
0.259590
0.258437
0.257293
0.256159
0.255034
0.253918
0.252811
0.251713
0.250623
0.249543
0.248471
0.247408
0.246353
0.245307
0.244270
0.243240
0.242219
0.241206
0.240201
0.239204
0.238215
0.237234
0.236260
0.235295
0.234337
0.233386
0.232443
0.231508
0.230580
0.229659
0.228745
0.227839
0.226940
0.226048
0.225163
0.224284
0.223413
0.222548
0.221691
0.220840
0.219995
0.219157
0.218326
0.217501
0.216682
0.215870
0.215064
0.214264
0.213471
0.212683
0.211902
0.211127
0.210357
0.209594
0.208836
0.208084
0.207338
0.206598
0.205863
0.205134
0.204410
0.203692
0.202979
0.202272
0.201570
0.200873
0.200182
0.199496
0.198815
0.198139
0.197468
0.196802
0.196142
0.195486
0.194835
0.194189
0.193548
0.192911
0.192279
0.191652
0.191030
0.190412
0.189799
0.189190
0.188586
0.187986
0.187391
0.186800
0.186213
0.185631
0.185053
0.184479
0.183909
0.183343
0.182782
0.182225
0.181671
0.181122
0.180577
0.180035
0.179498
0.178964
0.178434
0.177908
0.177386
0.176868
0.176353
0.175842
0.175334
0.174830
0.174330
0.173834
0.173340
0.172851
0.172364
0.171882
0.171402
0.170926
0.170454
0.169984
0.169518
0.169055
0.168596
0.168140
0.167686
0.167236
0.166790
0.166346
0.165905
0.165467
0.165033
0.164601
0.164173
0.163747
0.163324
0.162904
0.162487
0.162073
0.161662
0.161253
0.160848
0.160445
0.160044
0.159647
0.159252
0.158860
0.158471
0.158084
0.157699
0.157318
0.156939
0.156562
0.156188
0.155817
0.155448
0.155081
0.154717
0.154355
0.153996
0.153639
0.153284
0.152932
0.152582
0.152235
0.151890
0.151547
0.151206
0.150867
0.150531
0.150197
0.149865
0.149535
0.149208
0.148882
0.148559
0.148238
0.147919
0.147602
0.147286
0.146973
0.146663
0.146354
0.146047
0.145742
0.145439
0.145137
0.144838
0.144541
0.144246
0.143952
0.143660
0.143371
0.143083
0.142797
0.142512
0.142230
0.141949
0.141670
0.141393
0.141118
0.140844
0.140572
0.140302
0.140033
0.139766
0.139501
0.139238
0.138976
0.138715
0.138457
0.138200
0.137944
0.137690
0.137438
0.137187
0.136938
0.136690
0.136444
0.136199
0.135956
0.135715
0.135475
0.135236
0.134999
0.134763
0.134529
0.134296
0.134064
0.133834
0.133605
0.133378
0.133152
0.132928
0.132704
0.132483
0.132262
0.132043
0.131825
0.131608
0.131393
0.131179
0.130966
0.130755
0.130545
0.130336
0.130128
0.129922
0.129717
0.129513
0.129310
0.129109
0.128908
0.128709
0.128511
0.128314
0.128119
0.127924
0.127731
0.127539
0.127347
0.127157
0.126969
0.126781
0.126594
0.126409
0.126224
0.126041
0.125859
0.125677
0.125497
0.125318
0.125140
0.124963
0.124787
0.124612
0.124438
0.124265
0.124093
0.123922
0.123751
0.123582
0.123414
0.123247
0.123081
0.122916
0.122752
0.122588
0.122426
0.122264
0.122104
0.121944
0.121785
0.121628
0.121471
0.121315
0.121160
0.121005
0.120852
0.120699
0.120548
0.120397
0.120247
0.120098
0.119950
0.119802
0.119656
0.119510
0.119365
0.119221
0.119078
0.118935
0.118793
0.118652
0.118512
0.118373
0.118234
0.118096
0.117959
0.117823
0.117688
0.117553
0.117419
0.117286
0.117153
0.117021
0.116890
0.116760
0.116630
0.116501
0.116373
0.116246
0.116119
0.115993
0.115867
0.115743
0.115619
0.115495
0.115372
0.115250
0.115129
0.115009
0.114889
0.114769
0.114650
0.114532
0.114415
0.114298
0.114182
0.114067
0.113952
0.113838
0.113724
0.113611
0.113499
0.113387
0.113276
0.113165
0.113055
0.112946
0.112837
0.112729
0.112621
0.112514
0.112407
0.112302
0.112196
0.112091
0.111987
0.111884
0.111781
0.111678
0.111576
0.111475
0.111374
0.111273
0.111174
0.111074
0.110976
0.110877
0.110780
0.110682
0.110586
0.110490
0.110394
0.110299
0.110204
0.110110
0.110017
0.109923
0.109831
0.109739
0.109647
0.109556
0.109465
0.109375
0.109285
0.109196
0.109107
0.109019
0.108931
0.108844
0.108757
0.108670
0.108584
0.108499
0.108413
0.108329
0.108245
0.108161
0.108077
0.107995
0.107912
0.107830
0.107748
0.107667
0.107586
0.107506
0.107426
0.107347
0.107268
0.107189
0.107111
0.107033
0.106955
0.106878
0.106802
0.106725
0.106649
0.106574
0.106499
0.106424
0.106350
0.106276
0.106203
0.106129
0.106057
0.105984
0.105912
0.105841
0.105769
0.105698
0.105628
0.105558
0.105488
0.105418
0.105349
0.105281
0.105212
0.105144
0.105076
0.105009
0.104942
0.104875
0.104809
0.104743
0.104677
0.104612
0.104547
0.104483
0.104418
0.104354
0.104291
0.104227
0.104164
0.104102
0.104039
0.103977
0.103916
0.103854
0.103793
0.103732
0.103672
0.103612
0.103552
0.103492
0.103433
0.103374
0.103316
0.103257
0.103199
0.103141
0.103084
0.103027
0.102970
0.102913
0.102857
0.102801
0.102745
0.102690
0.102635
0.102580
0.102525
0.102471
0.102417
0.102363
0.102309
0.102256
0.102203
0.102151
0.102098
0.102046
0.101994
0.101942
0.101891
0.101840
0.101789
0.101738
0.101688
0.101638
0.101588
0.101538
0.101489
0.101440
0.101391
0.101342
0.101294
0.101246
0.101198
0.101150
0.101103
0.101056
0.101009
0.100962
0.100916
0.100870
0.100824
0.100778
0.100732
0.100687
0.100642
0.100597
0.100552
0.100508
0.100464
0.100420
0.100376
0.100333
0.100289
0.100246
0.100203
0.100161
0.100118
0.100076
0.100034
0.099992
0.099950
0.099909
0.099868
0.099827
0.099786
0.099745
0.099705
0.099665
0.099625
0.099585
0.099546
0.099506
0.099467
0.099428
0.099389
0.099351
0.099312
0.099274
0.099236
0.099198
0.099160
0.099123
0.099086
0.099048
0.099012
0.098975
0.098938
0.098902
0.098866
0.098830
0.098794
0.098758
0.098723
0.098688
0.098652
0.098617
0.098583
0.098548
0.098514
0.098479
0.098445
0.098411
0.098378
0.098344
0.098311
0.098277
0.098244
0.098211
0.098179
0.098146
0.098113
0.098081
0.098049
0.098017
0.097985
0.097954
0.097922
0.097891
0.097860
0.097829
0.097798
0.097767
0.097736
0.097706
0.097676
0.097646
0.097616
0.097586
0.097556
0.097527
0.097497
0.097468
0.097439
0.097410
0.097381
0.097352
0.097324
0.097296
0.097267
0.097239
0.097211
0.097184
0.097156
0.097128
0.097101
0.097074
0.097046
0.097019
0.096993
0.096966
0.096939
0.096913
0.096886
0.096860
0.096834
0.096808
0.096782
0.096756
0.096731
0.096705
0.096680
0.096655
0.096630
0.096605
0.096580
0.096555
0.096531
0.096506
0.096482
0.096458
0.096433
0.096409
0.096386
0.096362
0.096338
0.096315
0.096291
0.096268
0.096245
0.096222
0.096199
0.096176
0.096153
0.096131
0.096108
0.096086
0.096063
0.096041
0.096019
0.095997
0.095975
0.095954
0.095932
0.095911
0.095889
0.095868
0.095847
0.095826
0.095805
0.095784
0.095763
0.095742
0.095722
0.095701
0.095681
0.095660
0.095640
0.095620
0.095600
0.095580
0.095561
0.095541
0.095521
0.095502
0.095482
0.095463
0.095444
0.095425
0.095406
0.095387
0.095368
