9.19279e-08
9.19279e-08
9.19279e-08
9.19281e-08
9.19281e-08
9.19276e-08
9.19223e-08
9.19223e-08
9.19227e-08
9.19232e-08
9.19235e-08
9.1924e-08
9.19244e-08
9.19247e-08
9.19249e-08
9.19254e-08
9.19257e-08
9.19259e-08
9.19262e-08
9.19264e-08
9.19266e-08
9.19269e-08
9.19271e-08
9.19271e-08
9.19274e-08
9.19274e-08
9.19274e-08
9.19276e-08
9.19276e-08
9.19276e-08
9.19276e-08
9.19276e-08
9.19276e-08
9.19276e-08
9.19274e-08
9.19274e-08
9.19274e-08
9.19274e-08
9.19271e-08
9.19271e-08
9.19271e-08
9.19269e-08
9.19269e-08
9.19266e-08
9.19266e-08
9.19264e-08
9.19264e-08
9.19264e-08
9.19262e-08
9.19262e-08
9.19259e-08
9.19257e-08
9.19257e-08
9.19254e-08
9.19254e-08
9.19252e-08
9.19252e-08
9.19249e-08
9.19203e-08
9.19203e-08
9.19201e-08
9.19201e-08
9.19198e-08
9.19196e-08
9.19196e-08
9.19193e-08
9.19191e-08
9.19191e-08
9.19188e-08
9.19186e-08
9.19186e-08
9.19183e-08
9.19181e-08
9.19181e-08
9.19179e-08
9.19176e-08
9.19176e-08
9.19174e-08
9.19171e-08
9.19171e-08
9.19169e-08
9.19166e-08
9.19166e-08
9.19164e-08
9.19162e-08
9.19162e-08
9.19159e-08
9.19157e-08
9.19157e-08
9.19154e-08
9.19152e-08
9.19152e-08
9.19149e-08
9.19147e-08
9.19147e-08
9.19145e-08
9.19142e-08
9.19142e-08
9.1914e-08
9.19137e-08
9.19137e-08
9.19135e-08
9.19135e-08
9.19132e-08
9.1913e-08
9.1913e-08
9.19128e-08
9.19125e-08
9.19125e-08
9.19123e-08
9.1912e-08
9.1912e-08
9.19118e-08
9.19118e-08
9.19115e-08
9.19113e-08
9.19113e-08
9.19111e-08
9.19111e-08
9.19108e-08
9.19106e-08
9.19106e-08
9.19103e-08
9.19103e-08
9.19101e-08
9.19098e-08
9.19098e-08
9.19096e-08
9.19096e-08
9.19094e-08
9.19094e-08
9.19091e-08
9.19091e-08
9.19089e-08
9.19086e-08
9.19086e-08
9.19084e-08
9.19084e-08
9.19081e-08
9.19081e-08
9.19079e-08
9.19079e-08
9.19077e-08
9.19077e-08
9.19074e-08
9.19074e-08
9.19072e-08
9.19072e-08
9.19069e-08
9.19069e-08
9.19067e-08
9.19067e-08
9.19064e-08
9.19064e-08
9.19062e-08
9.19062e-08
9.1906e-08
9.1906e-08
9.19057e-08
9.19057e-08
9.19055e-08
9.19055e-08
9.19055e-08
9.19052e-08
9.19052e-08
9.1905e-08
9.1905e-08
9.19047e-08
9.19047e-08
9.19047e-08
9.19045e-08
9.19045e-08
9.19043e-08
9.19043e-08
9.1904e-08
9.1904e-08
9.1904e-08
9.19038e-08
9.19038e-08
9.19035e-08
9.19035e-08
9.19035e-08
9.19033e-08
9.19033e-08
9.19033e-08
9.1903e-08
9.1903e-08
9.1903e-08
9.19028e-08
9.19028e-08
9.19025e-08
9.19025e-08
9.19025e-08
9.19023e-08
9.19023e-08
9.19023e-08
9.19021e-08
9.19021e-08
9.19021e-08
9.19018e-08
9.19018e-08
9.19018e-08
9.19016e-08
9.19016e-08
9.19016e-08
9.19016e-08
9.19013e-08
9.19013e-08
9.19013e-08
9.19011e-08
9.19011e-08
9.19011e-08
9.19011e-08
9.19008e-08
9.19008e-08
9.19008e-08
9.19006e-08
9.19006e-08
9.19006e-08
9.19006e-08
9.19004e-08
9.19004e-08
9.19004e-08
9.19004e-08
9.19001e-08
9.19001e-08
9.19001e-08
9.19001e-08
9.19001e-08
9.18999e-08
9.18999e-08
9.18999e-08
9.18999e-08
9.18996e-08
9.18996e-08
9.18996e-08
9.18996e-08
9.18996e-08
9.18994e-08
9.18994e-08
9.18994e-08
9.18994e-08
9.18994e-08
9.18991e-08
9.18991e-08
9.18991e-08
9.18991e-08
9.18991e-08
9.18989e-08
9.18989e-08
9.18989e-08
9.18989e-08
9.18989e-08
9.18989e-08
9.18989e-08
9.18987e-08
9.18987e-08
9.18987e-08
9.18987e-08
9.18987e-08
9.18987e-08
9.18984e-08
9.18984e-08
9.18984e-08
9.18984e-08
9.18984e-08
9.18984e-08
9.18984e-08
9.18984e-08
9.18982e-08
9.18982e-08
9.18982e-08
9.18982e-08
9.18982e-08
9.18982e-08
9.18982e-08
9.18982e-08
9.18979e-08
9.18979e-08
9.18979e-08
9.18979e-08
9.18979e-08
9.18979e-08
9.18979e-08
9.18979e-08
9.18979e-08
9.18979e-08
9.18979e-08
9.18977e-08
9.18977e-08
9.18977e-08
9.18977e-08
9.18977e-08
9.18977e-08
9.18977e-08
9.18977e-08
9.18977e-08
9.18977e-08
9.18977e-08
9.18977e-08
9.18977e-08
9.18977e-08
9.18977e-08
9.18974e-08
9.18974e-08
9.18974e-08
9.18974e-08
9.18974e-08
9.18974e-08
9.18974e-08
9.18974e-08
9.18974e-08
9.18974e-08
9.18974e-08
9.18974e-08
9.18974e-08
9.18974e-08
9.18974e-08
9.18974e-08
9.18974e-08
9.18974e-08
9.18974e-08
9.18974e-08
9.18974e-08
9.18974e-08
9.18974e-08
9.18974e-08
9.18974e-08
9.18974e-08
9.18974e-08
9.18974e-08
9.18974e-08
9.18974e-08
9.18974e-08
9.18974e-08
9.18974e-08
9.18974e-08
9.18974e-08
9.18974e-08
9.18974e-08
9.18974e-08
9.18974e-08
9.18974e-08
9.18974e-08
9.18974e-08
9.18974e-08
9.18974e-08
9.18974e-08
9.18974e-08
9.18974e-08
9.18974e-08
9.18974e-08
9.18974e-08
9.18974e-08
9.18974e-08
9.18974e-08
9.18974e-08
9.18974e-08
9.18974e-08
9.18974e-08
9.18974e-08
9.18974e-08
9.18974e-08
9.18974e-08
9.18974e-08
9.18974e-08
9.18974e-08
9.18974e-08
9.18974e-08
9.18974e-08
9.18974e-08
9.18974e-08
9.18977e-08
9.18977e-08
9.18977e-08
9.18977e-08
9.18977e-08
9.18977e-08
9.18977e-08
9.18977e-08
9.18977e-08
9.18977e-08
9.18977e-08
9.18977e-08
9.18977e-08
9.18977e-08
9.18977e-08
9.18977e-08
9.18977e-08
9.18977e-08
9.18977e-08
9.18979e-08
9.18979e-08
9.18979e-08
9.18979e-08
9.18979e-08
9.18979e-08
9.18979e-08
9.18979e-08
9.19023e-08
9.19023e-08
9.19023e-08
9.19023e-08
9.19023e-08
9.19023e-08
9.19026e-08
9.19026e-08
9.19026e-08
9.19026e-08
9.19026e-08
9.19026e-08
9.19026e-08
9.19026e-08
9.19026e-08
9.19026e-08
9.19026e-08
9.19026e-08
9.19028e-08
9.19028e-08
9.19028e-08
9.19028e-08
9.19028e-08
9.19028e-08
9.19028e-08
9.19028e-08
9.19028e-08
9.19028e-08
9.19028e-08
9.19031e-08
9.19031e-08
9.19031e-08
9.19031e-08
9.19031e-08
9.19031e-08
9.19031e-08
9.19031e-08
9.19031e-08
9.19031e-08
9.19033e-08
9.19033e-08
9.19033e-08
9.19033e-08
9.19033e-08
9.19033e-08
9.19033e-08
9.19033e-08
9.19033e-08
9.19033e-08
9.19035e-08
9.19035e-08
9.19035e-08
9.19035e-08
9.19035e-08
9.19035e-08
9.19035e-08
9.19035e-08
9.19035e-08
9.19038e-08
9.19038e-08
9.19038e-08
9.19038e-08
9.19038e-08
9.19038e-08
9.19038e-08
9.19038e-08
9.1904e-08
9.1904e-08
9.1904e-08
9.1904e-08
9.1904e-08
9.1904e-08
9.1904e-08
9.1904e-08
9.19043e-08
9.19043e-08
9.19043e-08
9.19043e-08
9.19043e-08
9.19043e-08
9.19043e-08
9.19043e-08
9.19045e-08
9.19045e-08
9.19045e-08
9.19045e-08
9.19045e-08
9.19045e-08
9.19045e-08
9.19045e-08
9.19048e-08
9.19048e-08
9.19048e-08
9.19048e-08
9.19048e-08
9.19048e-08
9.19048e-08
9.1905e-08
9.1905e-08
9.1905e-08
9.1905e-08
9.1905e-08
9.1905e-08
9.1905e-08
9.1905e-08
9.19052e-08
9.19052e-08
9.19052e-08
9.19052e-08
9.19052e-08
9.19052e-08
9.19052e-08
9.19055e-08
9.19055e-08
9.19055e-08
9.19055e-08
9.19055e-08
9.19055e-08
9.19055e-08
9.19057e-08
9.19057e-08
9.19057e-08
9.19057e-08
9.19057e-08
9.19057e-08
9.19057e-08
9.1906e-08
9.1906e-08
9.1906e-08
9.1906e-08
9.1906e-08
9.1906e-08
9.19062e-08
9.19062e-08
9.19062e-08
9.19062e-08
9.19062e-08
9.19062e-08
9.19062e-08
9.19065e-08
9.19065e-08
9.19065e-08
9.19065e-08
9.19065e-08
9.19065e-08
9.19067e-08
9.19067e-08
9.19067e-08
9.19067e-08
9.19067e-08
9.19067e-08
9.19067e-08
9.19069e-08
9.19069e-08
9.19069e-08
9.19069e-08
9.19069e-08
9.19069e-08
9.19072e-08
9.19072e-08
9.19072e-08
9.19072e-08
9.19072e-08
9.19072e-08
9.19074e-08
9.19074e-08
9.19074e-08
9.19074e-08
9.19074e-08
9.19074e-08
9.19077e-08
9.19077e-08
9.19077e-08
9.19077e-08
9.19077e-08
9.19077e-08
9.19077e-08
9.19079e-08
9.19079e-08
9.19079e-08
9.19079e-08
9.19079e-08
9.19079e-08
9.19082e-08
9.19082e-08
9.19082e-08
9.19082e-08
9.19082e-08
9.19082e-08
9.19084e-08
9.19084e-08
9.19084e-08
9.19084e-08
9.19084e-08
9.19086e-08
9.19086e-08
9.19086e-08
9.19086e-08
9.19086e-08
9.19086e-08
9.19089e-08
9.19089e-08
9.19089e-08
9.19089e-08
9.19089e-08
9.19089e-08
9.19091e-08
9.19091e-08
9.19091e-08
9.19091e-08
9.19091e-08
9.19091e-08
9.19094e-08
9.19094e-08
9.19094e-08
9.19094e-08
9.19094e-08
9.19094e-08
9.19096e-08
9.19096e-08
9.19096e-08
9.19096e-08
9.19096e-08
9.19099e-08
9.19099e-08
9.19099e-08
9.19099e-08
9.19099e-08
9.19099e-08
9.19101e-08
9.19101e-08
9.19101e-08
9.19101e-08
9.19101e-08
9.19101e-08
9.19103e-08
9.19103e-08
9.19103e-08
9.19103e-08
9.19103e-08
9.19106e-08
9.19106e-08
9.19106e-08
9.19106e-08
9.19106e-08
9.19106e-08
9.19108e-08
9.19108e-08
9.19108e-08
9.19108e-08
9.19108e-08
9.19111e-08
9.19111e-08
9.19111e-08
9.19111e-08
9.19111e-08
9.19111e-08
9.19113e-08
9.19113e-08
9.19113e-08
9.19113e-08
9.19113e-08
9.19116e-08
9.19116e-08
9.19116e-08
9.19116e-08
9.19116e-08
9.19116e-08
9.19118e-08
9.19118e-08
9.19118e-08
9.19118e-08
9.19118e-08
9.19121e-08
9.19121e-08
9.19121e-08
9.19121e-08
9.19121e-08
9.19121e-08
9.19123e-08
9.19123e-08
9.19123e-08
9.19123e-08
9.19123e-08
9.19125e-08
9.19125e-08
9.19125e-08
9.19125e-08
9.19125e-08
9.19125e-08
9.19128e-08
9.19128e-08
9.19128e-08
9.19128e-08
9.19128e-08
9.1913e-08
9.1913e-08
9.1913e-08
9.1913e-08
9.1913e-08
9.19133e-08
9.19133e-08
9.19133e-08
9.19133e-08
9.19133e-08
9.19133e-08
9.19135e-08
9.19135e-08
9.19135e-08
9.19135e-08
9.19135e-08
9.19138e-08
9.19138e-08
9.19138e-08
9.19138e-08
9.19138e-08
9.1914e-08
9.1914e-08
9.1914e-08
9.1914e-08
9.1914e-08
9.19142e-08
9.19142e-08
9.19142e-08
9.19142e-08
9.19142e-08
9.19142e-08
9.19145e-08
9.19145e-08
9.19145e-08
9.19145e-08
9.19145e-08
9.19147e-08
9.19147e-08
9.19147e-08
9.19147e-08
9.19147e-08
9.1915e-08
9.1915e-08
9.1915e-08
9.1915e-08
9.1915e-08
9.19152e-08
9.19152e-08
9.19152e-08
9.19152e-08
9.19152e-08
9.19155e-08
9.19155e-08
9.19155e-08
9.19155e-08
9.19155e-08
9.19155e-08
9.19157e-08
9.19157e-08
9.19157e-08
9.19157e-08
9.19157e-08
9.19159e-08
9.19159e-08
9.19159e-08
9.19159e-08
9.19159e-08
9.19162e-08
9.19162e-08
9.19162e-08
9.19162e-08
9.19162e-08
9.19164e-08
9.19164e-08
9.19164e-08
9.19164e-08
9.19164e-08
9.19167e-08
9.19167e-08
9.19167e-08
9.19167e-08
9.19167e-08
9.19169e-08
9.19169e-08
9.19169e-08
9.19169e-08
9.19169e-08
9.19172e-08
9.19172e-08
9.19172e-08
9.19172e-08
9.19172e-08
9.19172e-08
9.19174e-08
9.19174e-08
9.19174e-08
9.19174e-08
9.19174e-08
9.19176e-08
9.19176e-08
9.19176e-08
9.19176e-08
9.19176e-08
9.19179e-08
9.19179e-08
9.19179e-08
9.19179e-08
9.19179e-08
9.19181e-08
9.19181e-08
9.19181e-08
9.19181e-08
9.19181e-08
9.19184e-08
9.19184e-08
9.19184e-08
9.19184e-08
9.19184e-08
9.19186e-08
9.19186e-08
9.19186e-08
9.19186e-08
9.19186e-08
9.19189e-08
9.19189e-08
9.19189e-08
9.19189e-08
9.19189e-08
9.19191e-08
9.19191e-08
9.19191e-08
9.19191e-08
9.19191e-08
9.19193e-08
9.19193e-08
9.19193e-08
9.19193e-08
9.19193e-08
9.19196e-08
9.19196e-08
9.19196e-08
9.19196e-08
9.19196e-08
9.19198e-08
9.19198e-08
9.19198e-08
9.19198e-08
9.19198e-08
9.19201e-08
9.19201e-08
9.19201e-08
9.19201e-08
9.19201e-08
9.19203e-08
9.19203e-08
9.19203e-08
9.19203e-08
9.19203e-08
9.19206e-08
9.19206e-08
9.19206e-08
9.19206e-08
9.19206e-08
9.19208e-08
9.19208e-08
9.19208e-08
9.19208e-08
9.19208e-08
9.1921e-08
9.1921e-08
9.1921e-08
9.1921e-08
9.1921e-08
9.19213e-08
9.19213e-08
9.19213e-08
9.19213e-08
9.19213e-08
9.19215e-08
9.19215e-08
9.19215e-08
9.19215e-08
9.19215e-08
9.19218e-08
9.19218e-08
9.19218e-08
9.19218e-08
9.19218e-08
9.1922e-08
9.1922e-08
9.1922e-08
9.1922e-08
9.1922e-08
9.19223e-08
9.19223e-08
9.19223e-08
9.19223e-08
9.19223e-08
9.19225e-08
9.19225e-08
9.19225e-08
9.19225e-08
9.19225e-08
9.19227e-08
9.19227e-08
9.19227e-08
9.19227e-08
9.19227e-08
9.1923e-08
9.1923e-08
9.1923e-08
9.1923e-08
9.1923e-08
9.19232e-08
9.19232e-08
9.19232e-08
9.19232e-08
9.19232e-08
9.19235e-08
9.19235e-08
9.19235e-08
9.19235e-08
9.19235e-08
9.19237e-08
9.19237e-08
9.19237e-08
9.19237e-08
9.19237e-08
9.1924e-08
9.1924e-08
9.1924e-08
9.1924e-08
9.1924e-08
9.19242e-08
9.19242e-08
9.19242e-08
9.19242e-08
9.19244e-08
9.19244e-08
9.19244e-08
9.19244e-08
9.19244e-08
9.19247e-08
9.19247e-08
9.19247e-08
9.19247e-08
9.19247e-08
9.19249e-08
9.19249e-08
9.19249e-08
9.19249e-08
9.19249e-08
9.19252e-08
9.19252e-08
9.19252e-08
9.19252e-08
9.19252e-08
9.19254e-08
9.19254e-08
9.19254e-08
9.19254e-08
9.19254e-08
9.19257e-08
9.19257e-08
9.19257e-08
9.19257e-08
9.19257e-08
9.19259e-08
9.19259e-08
9.19259e-08
9.19259e-08
9.19259e-08
9.19262e-08
9.19262e-08
9.19262e-08
9.19262e-08
9.19262e-08
9.19264e-08
9.19264e-08
9.19264e-08
9.19264e-08
9.19264e-08
9.19266e-08
9.19266e-08
9.19266e-08
9.19266e-08
9.19266e-08
9.19269e-08
9.19269e-08
9.19269e-08
9.19269e-08
9.19271e-08
9.19271e-08
9.19271e-08
9.19271e-08
9.19271e-08
9.19274e-08
9.19274e-08
9.19274e-08
9.19274e-08
9.19274e-08
9.19276e-08
9.19276e-08
9.19276e-08
9.19276e-08
9.19276e-08
9.19279e-08
9.19279e-08
9.19279e-08
9.19281e-08
9.19274e-08
9.1922e-08
9.19223e-08
9.19225e-08
9.1923e-08
9.19235e-08
9.1924e-08
9.19242e-08
9.19247e-08
9.19249e-08
9.19254e-08
9.19257e-08
9.19259e-08
9.19262e-08
9.19264e-08
9.19266e-08
9.19269e-08
9.19269e-08
9.19271e-08
9.19271e-08
9.19274e-08
9.19274e-08
9.19274e-08
9.19274e-08
9.19274e-08
9.19274e-08
9.19274e-08
9.19274e-08
9.19274e-08
9.19274e-08
9.19274e-08
9.19274e-08
9.19271e-08
9.19271e-08
9.19271e-08
9.19269e-08
9.19269e-08
9.19269e-08
9.19266e-08
9.19266e-08
9.19264e-08
9.19264e-08
9.19262e-08
9.19262e-08
9.19259e-08
9.19259e-08
9.19257e-08
9.19257e-08
9.19254e-08
9.19254e-08
9.19252e-08
9.19249e-08
9.19249e-08
9.19247e-08
9.19247e-08
9.19244e-08
9.19242e-08
9.19242e-08
9.1924e-08
9.19237e-08
9.19237e-08
9.19235e-08
9.19232e-08
9.19232e-08
9.1923e-08
9.19227e-08
9.19227e-08
9.19225e-08
9.19223e-08
9.19223e-08
9.1922e-08
9.19218e-08
9.19218e-08
9.19215e-08
9.19213e-08
9.19213e-08
9.1921e-08
9.19208e-08
9.19208e-08
9.19206e-08
9.19203e-08
9.19203e-08
9.19201e-08
9.19198e-08
9.19198e-08
9.19196e-08
9.19193e-08
9.19193e-08
9.19191e-08
9.19189e-08
9.19189e-08
9.19186e-08
9.19184e-08
9.19184e-08
9.19181e-08
9.19137e-08
9.19135e-08
9.19132e-08
9.19132e-08
9.1913e-08
9.19128e-08
9.19128e-08
9.19125e-08
9.19123e-08
9.19123e-08
9.1912e-08
9.1912e-08
9.19118e-08
9.19115e-08
9.19115e-08
9.19113e-08
9.19113e-08
9.19111e-08
9.19108e-08
9.19108e-08
9.19106e-08
9.19106e-08
9.19103e-08
9.19101e-08
9.19101e-08
9.19098e-08
9.19098e-08
9.19096e-08
9.19094e-08
9.19094e-08
9.19091e-08
9.19091e-08
9.19089e-08
9.19089e-08
9.19086e-08
9.19086e-08
9.19084e-08
9.19084e-08
9.19081e-08
9.19079e-08
9.19079e-08
9.19077e-08
9.19077e-08
9.19074e-08
9.19074e-08
9.19072e-08
9.19072e-08
9.19069e-08
9.19069e-08
9.19067e-08
9.19067e-08
9.19064e-08
9.19064e-08
9.19062e-08
9.19062e-08
9.19062e-08
9.1906e-08
9.1906e-08
9.19057e-08
9.19057e-08
9.19055e-08
9.19055e-08
9.19052e-08
9.19052e-08
9.1905e-08
9.1905e-08
9.1905e-08
9.19047e-08
9.19047e-08
9.19045e-08
9.19045e-08
9.19043e-08
9.19043e-08
9.19043e-08
9.1904e-08
9.1904e-08
9.19038e-08
9.19038e-08
9.19038e-08
9.19035e-08
9.19035e-08
9.19033e-08
9.19033e-08
9.19033e-08
9.1903e-08
9.1903e-08
9.1903e-08
9.19028e-08
9.19028e-08
9.19028e-08
9.19025e-08
9.19025e-08
9.19023e-08
9.19023e-08
9.19023e-08
9.19021e-08
9.19021e-08
9.19021e-08
9.19018e-08
9.19018e-08
9.19018e-08
9.19018e-08
9.19016e-08
9.19016e-08
9.19016e-08
9.19013e-08
9.19013e-08
9.19013e-08
9.19011e-08
9.19011e-08
9.19011e-08
9.19011e-08
9.19008e-08
9.19008e-08
9.19008e-08
9.19006e-08
9.19006e-08
9.19006e-08
9.19006e-08
9.19004e-08
9.19004e-08
9.19004e-08
9.19004e-08
9.19001e-08
9.19001e-08
9.19001e-08
9.19001e-08
9.18999e-08
9.18999e-08
9.18999e-08
9.18999e-08
9.18999e-08
9.18996e-08
9.18996e-08
9.18996e-08
9.18996e-08
9.18994e-08
9.18994e-08
9.18994e-08
9.18994e-08
9.18994e-08
9.18991e-08
9.18991e-08
9.18991e-08
9.18991e-08
9.18991e-08
9.18991e-08
9.18989e-08
9.18989e-08
9.18989e-08
9.18989e-08
9.18989e-08
9.18989e-08
9.18987e-08
9.18987e-08
9.18987e-08
9.18987e-08
9.18987e-08
9.18987e-08
9.18984e-08
9.18984e-08
9.18984e-08
9.18984e-08
9.18984e-08
9.18984e-08
9.18984e-08
9.18982e-08
9.18982e-08
9.18982e-08
9.18982e-08
9.18982e-08
9.18982e-08
9.18982e-08
9.18982e-08
9.18982e-08
9.18979e-08
9.18979e-08
9.18979e-08
9.18979e-08
9.18979e-08
9.18979e-08
9.18979e-08
9.18979e-08
9.18979e-08
9.18979e-08
9.18977e-08
9.18977e-08
9.18977e-08
9.18977e-08
9.18977e-08
9.18977e-08
9.18977e-08
9.18977e-08
9.18977e-08
9.18977e-08
9.18977e-08
9.18977e-08
9.18977e-08
9.18974e-08
9.18974e-08
9.18974e-08
9.18974e-08
9.18974e-08
9.18974e-08
9.18974e-08
9.18974e-08
9.18974e-08
9.18974e-08
9.19018e-08
9.19018e-08
9.19018e-08
9.19018e-08
9.19018e-08
9.19018e-08
9.19018e-08
9.19018e-08
9.19018e-08
9.19018e-08
9.19018e-08
9.19018e-08
9.19018e-08
9.19018e-08
9.19016e-08
9.19016e-08
9.19016e-08
9.19016e-08
9.19016e-08
9.19016e-08
9.19016e-08
9.19016e-08
9.19016e-08
9.19016e-08
9.19016e-08
9.19016e-08
9.19016e-08
9.19016e-08
9.19016e-08
9.19016e-08
9.19016e-08
9.19016e-08
9.19016e-08
9.19016e-08
9.19016e-08
9.19016e-08
9.19016e-08
9.19016e-08
9.19016e-08
9.19016e-08
9.19016e-08
9.19016e-08
9.19016e-08
9.19018e-08
9.19018e-08
9.19018e-08
9.19018e-08
9.19018e-08
9.19018e-08
9.19018e-08
9.19018e-08
9.19018e-08
9.19018e-08
9.19018e-08
9.19018e-08
9.19018e-08
9.19018e-08
9.19018e-08
9.19018e-08
9.19018e-08
9.19018e-08
9.19018e-08
9.19018e-08
9.19018e-08
9.19018e-08
9.19018e-08
9.19018e-08
9.19018e-08
9.19018e-08
9.19018e-08
9.19021e-08
9.19021e-08
9.19021e-08
9.19021e-08
9.19021e-08
9.19021e-08
9.19021e-08
9.19021e-08
9.19021e-08
9.19021e-08
9.19021e-08
9.19021e-08
9.19021e-08
9.19021e-08
9.19021e-08
9.19021e-08
9.19021e-08
9.19023e-08
9.19023e-08
9.19023e-08
9.19023e-08
9.19023e-08
9.19023e-08
9.19023e-08
9.19023e-08
9.19023e-08
9.19023e-08
9.19023e-08
9.19023e-08
9.19023e-08
9.19023e-08
9.19026e-08
9.19026e-08
9.19026e-08
9.19026e-08
9.19026e-08
9.19026e-08
9.19026e-08
9.19026e-08
9.19026e-08
9.19026e-08
9.19026e-08
9.19028e-08
9.19028e-08
9.19028e-08
9.19028e-08
9.19028e-08
9.19028e-08
9.19028e-08
9.19028e-08
9.19028e-08
9.19028e-08
9.19028e-08
9.19031e-08
9.19031e-08
9.19031e-08
9.19031e-08
9.19031e-08
9.19031e-08
9.19031e-08
9.19031e-08
9.19031e-08
9.19031e-08
9.19033e-08
9.19033e-08
9.19033e-08
9.19033e-08
9.19033e-08
9.19033e-08
9.19033e-08
9.19033e-08
9.19033e-08
9.19035e-08
9.19035e-08
9.19035e-08
9.19035e-08
9.19035e-08
9.19035e-08
9.19035e-08
9.19035e-08
9.19035e-08
9.19038e-08
9.19038e-08
9.19038e-08
9.19038e-08
9.19038e-08
9.19038e-08
9.19038e-08
9.19038e-08
9.19038e-08
9.1904e-08
9.1904e-08
9.1904e-08
9.1904e-08
9.1904e-08
9.1904e-08
9.1904e-08
9.1904e-08
9.19043e-08
9.19043e-08
9.19043e-08
9.19043e-08
9.19043e-08
9.19043e-08
9.19043e-08
9.19043e-08
9.19045e-08
9.19045e-08
9.19045e-08
9.19045e-08
9.19045e-08
9.19045e-08
9.19045e-08
9.19048e-08
9.19048e-08
9.19048e-08
9.19048e-08
9.19048e-08
9.19048e-08
9.19048e-08
9.19048e-08
9.1905e-08
9.1905e-08
9.1905e-08
9.1905e-08
9.1905e-08
9.1905e-08
9.1905e-08
9.19052e-08
9.19052e-08
9.19052e-08
9.19052e-08
9.19052e-08
9.19052e-08
9.19052e-08
9.19055e-08
9.19055e-08
9.19055e-08
9.19055e-08
9.19055e-08
9.19055e-08
9.19055e-08
9.19057e-08
9.19057e-08
9.19057e-08
9.19057e-08
9.19057e-08
9.19057e-08
9.1906e-08
9.1906e-08
9.1906e-08
9.1906e-08
9.1906e-08
9.1906e-08
9.1906e-08
9.19062e-08
9.19062e-08
9.19062e-08
9.19062e-08
9.19062e-08
9.19062e-08
9.19062e-08
9.19065e-08
9.19065e-08
9.19065e-08
9.19065e-08
9.19065e-08
9.19065e-08
9.19067e-08
9.19067e-08
9.19067e-08
9.19067e-08
9.19067e-08
9.19067e-08
9.19067e-08
9.19069e-08
9.19069e-08
9.19069e-08
9.19069e-08
9.19069e-08
9.19069e-08
9.19072e-08
9.19072e-08
9.19072e-08
9.19072e-08
9.19072e-08
9.19072e-08
9.19074e-08
9.19074e-08
9.19074e-08
9.19074e-08
9.19074e-08
9.19074e-08
9.19077e-08
9.19077e-08
9.19077e-08
9.19077e-08
9.19077e-08
9.19077e-08
9.19079e-08
9.19079e-08
9.19079e-08
9.19079e-08
9.19079e-08
9.19079e-08
9.19082e-08
9.19082e-08
9.19082e-08
9.19082e-08
9.19082e-08
9.19082e-08
9.19084e-08
9.19084e-08
9.19084e-08
9.19084e-08
9.19084e-08
9.19084e-08
9.19086e-08
9.19086e-08
9.19086e-08
9.19086e-08
9.19086e-08
9.19086e-08
9.19089e-08
9.19089e-08
9.19089e-08
9.19089e-08
9.19089e-08
9.19089e-08
9.19091e-08
9.19091e-08
9.19091e-08
9.19091e-08
9.19091e-08
9.19091e-08
9.19094e-08
9.19094e-08
9.19094e-08
9.19094e-08
9.19094e-08
9.19096e-08
9.19096e-08
9.19096e-08
9.19096e-08
9.19096e-08
9.19096e-08
9.19099e-08
9.19099e-08
9.19099e-08
9.19099e-08
9.19099e-08
9.19099e-08
9.19101e-08
9.19101e-08
9.19101e-08
9.19101e-08
9.19101e-08
9.19103e-08
9.19103e-08
9.19103e-08
9.19103e-08
9.19103e-08
9.19103e-08
9.19106e-08
9.19106e-08
9.19106e-08
9.19106e-08
9.19106e-08
9.19106e-08
9.19108e-08
9.19108e-08
9.19108e-08
9.19108e-08
9.19108e-08
9.19111e-08
9.19111e-08
9.19111e-08
9.19111e-08
9.19111e-08
9.19111e-08
9.19113e-08
9.19113e-08
9.19113e-08
9.19113e-08
9.19113e-08
9.19116e-08
9.19116e-08
9.19116e-08
9.19116e-08
9.19116e-08
9.19118e-08
9.19118e-08
9.19118e-08
9.19118e-08
9.19118e-08
9.19118e-08
9.19121e-08
9.19121e-08
9.19121e-08
9.19121e-08
9.19121e-08
9.19123e-08
9.19123e-08
9.19123e-08
9.19123e-08
9.19123e-08
9.19123e-08
9.19125e-08
9.19125e-08
9.19125e-08
9.19125e-08
9.19125e-08
9.19128e-08
9.19128e-08
9.19128e-08
9.19128e-08
9.19128e-08
9.1913e-08
9.1913e-08
9.1913e-08
9.1913e-08
9.1913e-08
9.1913e-08
9.19133e-08
9.19133e-08
9.19133e-08
9.19133e-08
9.19133e-08
9.19135e-08
9.19135e-08
9.19135e-08
9.19135e-08
9.19135e-08
9.19138e-08
9.19138e-08
9.19138e-08
9.19138e-08
9.19138e-08
9.19138e-08
9.1914e-08
9.1914e-08
9.1914e-08
9.1914e-08
9.1914e-08
9.19142e-08
9.19142e-08
9.19142e-08
9.19142e-08
9.19142e-08
9.19145e-08
9.19145e-08
9.19145e-08
9.19145e-08
9.19145e-08
9.19147e-08
9.19147e-08
9.19147e-08
9.19147e-08
9.19147e-08
9.19147e-08
9.1915e-08
9.1915e-08
9.1915e-08
9.1915e-08
9.1915e-08
9.19152e-08
9.19152e-08
9.19152e-08
9.19152e-08
9.19152e-08
9.19155e-08
9.19155e-08
9.19155e-08
9.19155e-08
9.19155e-08
9.19157e-08
9.19157e-08
9.19157e-08
9.19157e-08
9.19157e-08
9.19159e-08
9.19159e-08
9.19159e-08
9.19159e-08
9.19159e-08
9.19162e-08
9.19162e-08
9.19162e-08
9.19162e-08
9.19162e-08
9.19162e-08
9.19164e-08
9.19164e-08
9.19164e-08
9.19164e-08
9.19164e-08
9.19167e-08
9.19167e-08
9.19167e-08
9.19167e-08
9.19167e-08
9.19169e-08
9.19169e-08
9.19169e-08
9.19169e-08
9.19169e-08
9.19172e-08
9.19172e-08
9.19172e-08
9.19172e-08
9.19172e-08
9.19174e-08
9.19174e-08
9.19174e-08
9.19174e-08
9.19174e-08
9.19176e-08
9.19176e-08
9.19176e-08
9.19176e-08
9.19176e-08
9.19179e-08
9.19179e-08
9.19179e-08
9.19179e-08
9.19179e-08
9.19181e-08
9.19181e-08
9.19181e-08
9.19181e-08
9.19181e-08
9.19184e-08
9.19184e-08
9.19184e-08
9.19184e-08
9.19184e-08
9.19186e-08
9.19186e-08
9.19186e-08
9.19186e-08
9.19186e-08
9.19189e-08
9.19189e-08
9.19189e-08
9.19189e-08
9.19189e-08
9.19191e-08
9.19191e-08
9.19191e-08
9.19191e-08
9.19191e-08
9.19193e-08
9.19193e-08
9.19193e-08
9.19193e-08
9.19193e-08
9.19196e-08
9.19196e-08
9.19196e-08
9.19196e-08
9.19196e-08
9.19198e-08
9.19198e-08
9.19198e-08
9.19198e-08
9.19198e-08
9.19198e-08
9.19201e-08
9.19201e-08
9.19201e-08
9.19201e-08
9.19201e-08
9.19203e-08
9.19203e-08
9.19203e-08
9.19203e-08
9.19203e-08
9.19206e-08
9.19206e-08
9.19206e-08
9.19206e-08
9.19206e-08
9.19208e-08
9.19208e-08
9.19208e-08
9.19208e-08
9.19208e-08
9.1921e-08
9.1921e-08
9.1921e-08
9.1921e-08
9.19213e-08
9.19213e-08
9.19213e-08
9.19213e-08
9.19213e-08
9.19215e-08
9.19215e-08
9.19215e-08
9.19215e-08
9.19215e-08
9.19218e-08
9.19218e-08
9.19218e-08
9.19218e-08
9.19218e-08
9.1922e-08
9.1922e-08
9.1922e-08
9.1922e-08
9.1922e-08
9.19223e-08
9.19223e-08
9.19223e-08
9.19223e-08
9.19223e-08
9.19225e-08
9.19225e-08
9.19225e-08
9.19225e-08
9.19225e-08
9.19227e-08
9.19227e-08
9.19227e-08
9.19227e-08
9.19227e-08
9.1923e-08
9.1923e-08
9.1923e-08
9.1923e-08
9.1923e-08
9.19232e-08
9.19232e-08
9.19232e-08
9.19232e-08
9.19232e-08
9.19235e-08
9.19235e-08
9.19235e-08
9.19235e-08
9.19235e-08
9.19237e-08
9.19237e-08
9.19237e-08
9.19237e-08
9.19237e-08
9.1924e-08
9.1924e-08
9.1924e-08
9.1924e-08
9.1924e-08
9.19242e-08
9.19242e-08
9.19242e-08
9.19242e-08
9.19242e-08
9.19244e-08
9.19244e-08
9.19244e-08
9.19244e-08
9.19244e-08
9.19247e-08
9.19247e-08
9.19247e-08
9.19247e-08
9.19247e-08
9.19249e-08
9.19249e-08
9.19249e-08
9.19249e-08
9.19249e-08
9.19252e-08
9.19252e-08
9.19252e-08
9.19252e-08
9.19252e-08
9.19254e-08
9.19254e-08
9.19254e-08
9.19254e-08
9.19257e-08
9.19257e-08
9.19257e-08
9.19257e-08
9.19257e-08
9.19259e-08
9.19259e-08
9.19259e-08
9.19259e-08
9.19259e-08
9.19262e-08
9.19262e-08
9.19262e-08
9.19262e-08
9.19262e-08
9.19264e-08
9.19264e-08
9.19264e-08
9.19264e-08
9.19264e-08
9.19266e-08
9.19266e-08
9.19266e-08
9.19266e-08
9.19266e-08
9.19269e-08
9.19269e-08
9.19269e-08
9.19269e-08
9.19269e-08
9.19271e-08
9.19271e-08
9.19271e-08
9.19271e-08
9.19271e-08
9.19274e-08
9.19274e-08
9.19274e-08
9.19274e-08
9.19274e-08
9.19276e-08
9.19276e-08
9.19276e-08
9.19276e-08
9.19279e-08
9.19279e-08
9.19279e-08
9.19274e-08
9.1922e-08
9.1922e-08
9.19225e-08
9.1923e-08
9.19235e-08
9.19237e-08
9.19242e-08
9.19247e-08
9.19249e-08
9.19252e-08
9.19254e-08
9.19259e-08
9.19262e-08
9.19264e-08
9.19264e-08
9.19266e-08
9.19269e-08
9.19271e-08
9.19271e-08
9.19271e-08
9.19274e-08
9.19274e-08
9.19274e-08
9.19274e-08
9.19274e-08
9.19274e-08
9.19274e-08
9.19274e-08
9.19274e-08
9.19274e-08
9.19271e-08
9.19271e-08
9.19271e-08
9.19269e-08
9.19269e-08
9.19269e-08
9.19266e-08
9.19266e-08
9.19264e-08
9.19264e-08
9.19262e-08
9.19262e-08
9.19259e-08
9.19259e-08
9.19257e-08
9.19257e-08
9.19254e-08
9.19254e-08
9.19252e-08
9.19252e-08
9.19249e-08
9.19247e-08
9.19247e-08
9.19244e-08
9.19244e-08
9.19242e-08
9.1924e-08
9.1924e-08
9.19237e-08
9.19235e-08
9.19235e-08
9.19232e-08
9.19232e-08
9.1923e-08
9.19227e-08
9.19227e-08
9.19225e-08
9.19223e-08
9.19223e-08
9.1922e-08
9.19218e-08
9.19218e-08
9.19215e-08
9.19213e-08
9.1921e-08
9.1921e-08
9.19208e-08
9.19206e-08
9.19206e-08
9.19203e-08
9.19201e-08
9.19201e-08
9.19198e-08
9.19196e-08
9.19196e-08
9.19193e-08
9.19191e-08
9.19191e-08
9.19189e-08
9.19186e-08
9.19186e-08
9.19184e-08
9.19184e-08
9.19181e-08
9.19179e-08
9.19179e-08
9.19176e-08
9.19174e-08
9.19174e-08
9.19172e-08
9.19169e-08
9.19169e-08
9.19167e-08
9.19167e-08
9.19164e-08
9.19162e-08
9.19162e-08
9.19159e-08
9.19157e-08
9.19157e-08
9.19155e-08
9.19155e-08
9.19152e-08
9.1915e-08
9.1915e-08
9.19147e-08
9.19147e-08
9.19145e-08
9.19142e-08
9.19142e-08
9.1914e-08
9.1914e-08
9.19138e-08
9.19138e-08
9.19135e-08
9.19135e-08
9.19133e-08
9.1913e-08
9.1913e-08
9.19128e-08
9.19128e-08
9.19125e-08
9.19125e-08
9.19123e-08
9.19123e-08
9.19121e-08
9.19121e-08
9.19118e-08
9.19118e-08
9.19116e-08
9.19116e-08
9.19113e-08
9.19113e-08
9.19111e-08
9.19111e-08
9.19108e-08
9.19108e-08
9.19106e-08
9.19106e-08
9.19103e-08
9.19103e-08
9.19101e-08
9.19101e-08
9.19099e-08
9.19099e-08
9.19096e-08
9.19096e-08
9.19096e-08
9.19094e-08
9.19094e-08
9.19091e-08
9.19091e-08
9.19089e-08
9.19089e-08
9.19089e-08
9.19086e-08
9.19086e-08
9.19084e-08
9.19084e-08
9.19084e-08
9.19082e-08
9.19082e-08
9.19079e-08
9.19079e-08
9.19079e-08
9.19077e-08
9.19077e-08
9.19074e-08
9.19074e-08
9.19074e-08
9.19072e-08
9.19072e-08
9.19072e-08
9.19069e-08
9.19069e-08
9.19069e-08
9.19067e-08
9.19067e-08
9.19067e-08
9.19065e-08
9.19065e-08
9.19065e-08
9.19062e-08
9.19062e-08
9.19062e-08
9.1906e-08
9.1906e-08
9.1906e-08
9.19057e-08
9.19057e-08
9.19057e-08
9.19055e-08
9.19055e-08
9.19055e-08
9.19055e-08
9.19052e-08
9.19052e-08
9.19052e-08
9.1905e-08
9.1905e-08
9.1905e-08
9.1905e-08
9.19048e-08
9.19048e-08
9.19048e-08
9.19048e-08
9.19045e-08
9.19045e-08
9.19045e-08
9.19045e-08
9.19043e-08
9.19043e-08
9.19043e-08
9.19043e-08
9.1904e-08
9.1904e-08
9.1904e-08
9.1904e-08
9.1904e-08
9.19038e-08
9.19038e-08
9.19038e-08
9.19038e-08
9.19038e-08
9.19035e-08
9.19035e-08
9.19035e-08
9.19035e-08
9.19035e-08
9.19033e-08
9.19033e-08
9.19033e-08
9.19033e-08
9.19033e-08
9.19033e-08
9.19031e-08
9.19031e-08
9.19031e-08
9.19031e-08
9.19031e-08
9.19031e-08
9.19028e-08
9.19028e-08
9.19028e-08
9.19028e-08
9.19028e-08
9.19028e-08
9.19028e-08
9.19026e-08
9.19026e-08
9.19026e-08
9.19026e-08
9.19026e-08
9.19026e-08
9.19026e-08
9.19026e-08
9.19023e-08
9.19023e-08
9.19023e-08
9.19023e-08
9.19023e-08
9.19023e-08
9.19023e-08
9.19023e-08
9.19023e-08
9.19023e-08
9.19021e-08
9.19021e-08
9.19021e-08
9.19021e-08
9.19021e-08
9.19021e-08
9.19021e-08
9.19021e-08
9.19021e-08
9.19021e-08
9.19021e-08
9.19021e-08
9.19018e-08
9.19018e-08
9.19018e-08
9.19018e-08
9.19018e-08
9.19018e-08
9.19018e-08
9.19018e-08
9.19018e-08
9.19018e-08
9.19018e-08
9.19018e-08
9.19018e-08
9.19018e-08
9.19018e-08
9.19018e-08
9.19018e-08
9.19018e-08
9.19018e-08
9.19016e-08
9.19016e-08
9.19016e-08
9.19016e-08
9.19016e-08
9.19016e-08
9.19016e-08
9.19016e-08
9.19016e-08
9.19016e-08
9.19016e-08
9.19016e-08
9.19016e-08
9.19016e-08
9.19016e-08
9.19016e-08
9.19016e-08
9.19016e-08
9.19016e-08
9.19016e-08
9.19016e-08
9.19016e-08
9.19016e-08
9.19016e-08
9.19016e-08
9.19016e-08
9.19016e-08
9.19016e-08
9.19016e-08
9.19016e-08
9.19016e-08
9.19016e-08
9.19016e-08
9.19016e-08
9.19016e-08
9.19016e-08
9.19016e-08
9.19016e-08
9.19016e-08
9.19016e-08
9.19016e-08
9.19016e-08
9.19016e-08
9.19016e-08
9.19016e-08
9.19016e-08
9.19016e-08
9.19016e-08
9.19018e-08
9.19018e-08
9.19018e-08
9.19018e-08
9.19018e-08
9.19018e-08
9.19018e-08
9.19018e-08
9.19018e-08
9.19018e-08
9.19018e-08
9.19018e-08
9.19018e-08
9.19018e-08
9.19018e-08
9.19018e-08
9.19018e-08
9.19018e-08
9.19018e-08
9.19018e-08
9.19018e-08
9.19018e-08
9.19018e-08
9.19021e-08
9.19021e-08
9.19021e-08
9.19021e-08
9.19021e-08
9.19021e-08
9.19021e-08
9.19021e-08
9.19021e-08
9.19021e-08
9.19021e-08
9.19021e-08
9.19021e-08
9.19021e-08
9.19021e-08
9.19023e-08
9.19023e-08
9.19023e-08
9.19023e-08
9.19023e-08
9.19023e-08
9.19023e-08
9.19023e-08
9.19023e-08
9.19023e-08
9.19023e-08
9.19023e-08
9.19023e-08
9.19026e-08
9.19026e-08
9.19026e-08
9.19026e-08
9.19026e-08
9.19026e-08
9.19026e-08
9.19026e-08
9.19026e-08
9.19026e-08
9.19026e-08
9.19026e-08
9.19028e-08
9.19028e-08
9.19028e-08
9.19028e-08
9.19028e-08
9.19028e-08
9.19028e-08
9.19028e-08
9.19028e-08
9.19028e-08
9.19031e-08
9.19031e-08
9.19031e-08
9.19031e-08
9.19031e-08
9.19031e-08
9.19031e-08
9.19031e-08
9.19031e-08
9.19031e-08
9.19033e-08
9.19033e-08
9.19033e-08
9.19033e-08
9.19033e-08
9.19033e-08
9.19033e-08
9.19033e-08
9.19033e-08
9.19035e-08
9.19035e-08
9.19035e-08
9.19035e-08
9.19035e-08
9.19035e-08
9.19035e-08
9.19035e-08
9.19035e-08
9.19038e-08
9.19038e-08
9.19038e-08
9.19038e-08
9.19038e-08
9.19038e-08
9.19038e-08
9.19038e-08
9.1904e-08
9.1904e-08
9.1904e-08
9.1904e-08
9.1904e-08
9.1904e-08
9.1904e-08
9.1904e-08
9.19043e-08
9.19043e-08
9.19043e-08
9.19043e-08
9.19043e-08
9.19043e-08
9.19043e-08
9.19043e-08
9.19045e-08
9.19045e-08
9.19045e-08
9.19045e-08
9.19045e-08
9.19045e-08
9.19045e-08
9.19048e-08
9.19048e-08
9.19048e-08
9.19048e-08
9.19048e-08
9.19048e-08
9.19048e-08
9.19048e-08
9.1905e-08
9.1905e-08
9.1905e-08
9.1905e-08
9.1905e-08
9.1905e-08
9.1905e-08
9.19052e-08
9.19052e-08
9.19052e-08
9.19052e-08
9.19052e-08
9.19052e-08
9.19052e-08
9.19055e-08
9.19055e-08
9.19055e-08
9.19055e-08
9.19055e-08
9.19055e-08
9.19055e-08
9.19057e-08
9.19057e-08
9.19057e-08
9.19057e-08
9.19057e-08
9.19057e-08
9.1906e-08
9.1906e-08
9.1906e-08
9.1906e-08
9.1906e-08
9.1906e-08
9.1906e-08
9.19062e-08
9.19062e-08
9.19062e-08
9.19062e-08
9.19062e-08
9.19062e-08
9.19062e-08
9.19065e-08
9.19065e-08
9.19065e-08
9.19065e-08
9.19065e-08
9.19065e-08
9.19067e-08
9.19067e-08
9.19067e-08
9.19067e-08
9.19067e-08
9.19067e-08
9.19069e-08
9.19069e-08
9.19069e-08
9.19069e-08
9.19069e-08
9.19069e-08
9.19069e-08
9.19072e-08
9.19072e-08
9.19072e-08
9.19072e-08
9.19072e-08
9.19072e-08
9.19074e-08
9.19074e-08
9.19074e-08
9.19074e-08
9.19074e-08
9.19074e-08
9.19077e-08
9.19077e-08
9.19077e-08
9.19077e-08
9.19077e-08
9.19077e-08
9.19079e-08
9.19079e-08
9.19079e-08
9.19079e-08
9.19079e-08
9.19079e-08
9.19082e-08
9.19082e-08
9.19082e-08
9.19082e-08
9.19082e-08
9.19082e-08
9.19084e-08
9.19084e-08
9.19084e-08
9.19084e-08
9.19084e-08
9.19084e-08
9.19086e-08
9.19086e-08
9.19086e-08
9.19086e-08
9.19086e-08
9.19086e-08
9.19089e-08
9.19089e-08
9.19089e-08
9.19089e-08
9.19089e-08
9.19089e-08
9.19091e-08
9.19091e-08
9.19091e-08
9.19091e-08
9.19091e-08
9.19094e-08
9.19094e-08
9.19094e-08
9.19094e-08
9.19094e-08
9.19094e-08
9.19096e-08
9.19096e-08
9.19096e-08
9.19096e-08
9.19096e-08
9.19096e-08
9.19099e-08
9.19099e-08
9.19099e-08
9.19099e-08
9.19099e-08
9.19101e-08
9.19101e-08
9.19101e-08
9.19101e-08
9.19101e-08
9.19101e-08
9.19103e-08
9.19103e-08
9.19103e-08
9.19103e-08
9.19103e-08
9.19103e-08
9.19106e-08
9.19106e-08
9.19106e-08
9.19106e-08
9.19106e-08
9.19108e-08
9.19108e-08
9.19108e-08
9.19108e-08
9.19108e-08
9.19108e-08
9.19111e-08
9.19111e-08
9.19111e-08
9.19111e-08
9.19111e-08
9.19113e-08
9.19113e-08
9.19113e-08
9.19113e-08
9.19113e-08
9.19113e-08
9.19116e-08
9.19116e-08
9.19116e-08
9.19116e-08
9.19116e-08
9.19118e-08
9.19118e-08
9.19118e-08
9.19118e-08
9.19118e-08
9.19121e-08
9.19121e-08
9.19121e-08
9.19121e-08
9.19121e-08
9.19121e-08
9.19123e-08
9.19123e-08
9.19123e-08
9.19123e-08
9.19123e-08
9.19125e-08
9.19125e-08
9.19125e-08
9.19125e-08
9.19125e-08
9.19125e-08
9.19128e-08
9.19128e-08
9.19128e-08
9.19128e-08
9.19128e-08
9.1913e-08
9.1913e-08
9.1913e-08
9.1913e-08
9.1913e-08
9.19133e-08
9.19133e-08
9.19133e-08
9.19133e-08
9.19133e-08
9.19133e-08
9.19135e-08
9.19135e-08
9.19135e-08
9.19135e-08
9.19135e-08
9.19138e-08
9.19138e-08
9.19138e-08
9.19138e-08
9.19138e-08
9.1914e-08
9.1914e-08
9.1914e-08
9.1914e-08
9.1914e-08
9.19142e-08
9.19142e-08
9.19142e-08
9.19142e-08
9.19142e-08
9.19142e-08
9.19145e-08
9.19145e-08
9.19145e-08
9.19145e-08
9.19145e-08
9.19147e-08
9.19147e-08
9.19147e-08
9.19147e-08
9.19147e-08
9.1915e-08
9.1915e-08
9.1915e-08
9.1915e-08
9.1915e-08
9.19152e-08
9.19152e-08
9.19152e-08
9.19152e-08
9.19152e-08
9.19155e-08
9.19155e-08
9.19155e-08
9.19155e-08
9.19155e-08
9.19155e-08
9.19157e-08
9.19157e-08
9.19157e-08
9.19157e-08
9.19157e-08
9.19159e-08
9.19159e-08
9.19159e-08
9.19159e-08
9.19159e-08
9.19162e-08
9.19162e-08
9.19162e-08
9.19162e-08
9.19162e-08
9.19164e-08
9.19164e-08
9.19164e-08
9.19164e-08
9.19164e-08
9.19167e-08
9.19167e-08
9.19167e-08
9.19167e-08
9.19167e-08
9.19169e-08
9.19169e-08
9.19169e-08
9.19169e-08
9.19169e-08
9.19172e-08
9.19172e-08
9.19172e-08
9.19172e-08
9.19172e-08
9.19174e-08
9.19174e-08
9.19174e-08
9.19174e-08
9.19174e-08
9.19174e-08
9.19176e-08
9.19176e-08
9.19176e-08
9.19176e-08
9.19176e-08
9.19179e-08
9.19179e-08
9.19179e-08
9.19179e-08
9.19179e-08
9.19181e-08
9.19181e-08
9.19181e-08
9.19181e-08
9.19181e-08
9.19184e-08
9.19184e-08
9.19184e-08
9.19184e-08
9.19184e-08
9.19186e-08
9.19186e-08
9.19186e-08
9.19186e-08
9.19186e-08
9.19189e-08
9.19189e-08
9.19189e-08
9.19189e-08
9.19189e-08
9.19191e-08
9.19191e-08
9.19191e-08
9.19191e-08
9.19191e-08
9.19193e-08
9.19193e-08
9.19193e-08
9.19193e-08
9.19193e-08
9.19196e-08
9.19196e-08
9.19196e-08
9.19196e-08
9.19196e-08
9.19198e-08
9.19198e-08
9.19198e-08
9.19198e-08
9.19198e-08
9.19201e-08
9.19201e-08
9.19201e-08
9.19201e-08
9.19201e-08
9.19203e-08
9.19203e-08
9.19203e-08
9.19203e-08
9.19203e-08
9.19206e-08
9.19206e-08
9.19206e-08
9.19206e-08
9.19206e-08
9.19208e-08
9.19208e-08
9.19208e-08
9.19208e-08
9.19208e-08
9.1921e-08
9.1921e-08
9.1921e-08
9.1921e-08
9.1921e-08
9.19213e-08
9.19213e-08
9.19213e-08
9.19213e-08
9.19213e-08
9.19215e-08
9.19215e-08
9.19215e-08
9.19215e-08
9.19215e-08
9.19218e-08
9.19218e-08
9.19218e-08
9.19218e-08
9.19218e-08
9.1922e-08
9.1922e-08
9.1922e-08
9.1922e-08
9.1922e-08
9.19223e-08
9.19223e-08
9.19223e-08
9.19223e-08
9.19223e-08
9.19225e-08
9.19225e-08
9.19225e-08
9.19225e-08
9.19225e-08
9.19227e-08
9.19227e-08
9.19227e-08
9.19227e-08
9.19227e-08
9.1923e-08
9.1923e-08
9.1923e-08
9.1923e-08
9.1923e-08
9.19232e-08
9.19232e-08
9.19232e-08
9.19232e-08
9.19232e-08
9.19235e-08
9.19235e-08
9.19235e-08
9.19235e-08
9.19237e-08
9.19237e-08
9.19237e-08
9.19237e-08
9.19237e-08
9.1924e-08
9.1924e-08
9.1924e-08
9.1924e-08
9.1924e-08
9.19242e-08
9.19242e-08
9.19242e-08
9.19242e-08
9.19242e-08
9.19244e-08
9.19244e-08
9.19244e-08
9.19244e-08
9.19244e-08
9.19247e-08
9.19247e-08
9.19247e-08
9.19247e-08
9.19247e-08
9.19249e-08
9.19249e-08
9.19249e-08
9.19249e-08
9.19249e-08
9.19252e-08
9.19252e-08
9.19252e-08
9.19252e-08
9.19252e-08
9.19254e-08
9.19254e-08
9.19254e-08
9.19254e-08
9.19254e-08
9.19257e-08
9.19257e-08
9.19257e-08
9.19257e-08
9.19257e-08
9.19259e-08
9.19259e-08
9.19259e-08
9.19259e-08
9.19259e-08
9.19262e-08
9.19262e-08
9.19262e-08
9.19262e-08
9.19262e-08
9.19264e-08
9.19264e-08
9.19264e-08
9.19264e-08
9.19266e-08
9.19266e-08
9.19266e-08
9.19266e-08
9.19266e-08
9.19269e-08
9.19269e-08
9.19269e-08
9.19269e-08
9.19269e-08
9.19271e-08
9.19271e-08
9.19271e-08
9.19271e-08
9.19271e-08
9.19274e-08
9.19274e-08
9.19274e-08
9.19274e-08
9.19274e-08
9.19276e-08
9.19276e-08
