0.086391
0.086489
0.086885
0.087811
0.089791
0.094690
0.442755
0.438045
0.442986
0.498897
0.584782
0.718757
0.877654
1.008420
1.100360
1.160370
1.197860
1.220480
1.233920
1.242150
1.247700
1.251930
1.255250
1.257430
1.257960
1.256420
1.252890
1.247860
1.241950
1.235590
1.229050
1.222430
1.215760
1.209050
1.202280
1.195460
1.188570
1.181610
1.174600
1.167520
1.160390
1.153210
1.145970
1.138690
1.131360
1.123990
1.116590
1.109150
1.101680
1.094190
1.086670
1.079130
1.071580
1.064020
1.056450
1.048870
1.041290
1.033710
1.026140
1.018570
1.011000
1.003450
0.995906
0.988377
0.980863
0.973368
0.965891
0.958435
0.951002
0.943592
0.936207
0.928850
0.921520
0.914219
0.906948
0.899709
0.892501
0.885327
0.878188
0.871083
0.864015
0.856983
0.849989
0.843033
0.836117
0.829240
0.822403
0.815607
0.808852
0.802140
0.795470
0.788842
0.782259
0.775718
0.769223
0.762771
0.756365
0.750003
0.743687
0.737417
0.731193
0.725015
0.718884
0.712799
0.706761
0.700770
0.694827
0.688931
0.683082
0.677280
0.671527
0.665821
0.660163
0.654553
0.648990
0.643476
0.638009
0.632591
0.627220
0.621897
0.616621
0.611394
0.606214
0.601082
0.595997
0.590960
0.585970
0.581027
0.576131
0.571282
0.566480
0.561724
0.557015
0.552352
0.547735
0.543164
0.538638
0.534158
0.529723
0.525333
0.520987
0.516686
0.512429
0.508217
0.504047
0.499922
0.495839
0.491799
0.487802
0.483846
0.479933
0.476062
0.472231
0.468442
0.464694
0.460985
0.457317
0.453689
0.450100
0.446549
0.443038
0.439565
0.436130
0.432733
0.429373
0.426050
0.422763
0.419513
0.416299
0.413120
0.409977
0.406868
0.403794
0.400755
0.397749
0.394776
0.391837
0.388930
0.386056
0.383213
0.380403
0.377624
0.374876
0.372158
0.369471
0.366814
0.364187
0.361589
0.359019
0.356479
0.353967
0.351482
0.349026
0.346596
0.344194
0.341819
0.339469
0.337146
0.334849
0.332577
0.330330
0.328108
0.325910
0.323737
0.321588
0.319462
0.317359
0.315280
0.313223
0.311189
0.309177
0.307187
0.305219
0.303272
0.301346
0.299441
0.297557
0.295693
0.293849
0.292025
0.290221
0.288436
0.286670
0.284922
0.283194
0.281484
0.279792
0.278118
0.276462
0.274823
0.273201
0.271597
0.270010
0.268439
0.266884
0.265346
0.263824
0.262317
0.260827
0.259351
0.257891
0.256446
0.255016
0.253601
0.252200
0.250813
0.249441
0.248082
0.246738
0.245407
0.244089
0.242785
0.241494
0.240216
0.238951
0.237699
0.236459
0.235231
0.234016
0.232813
0.231621
0.230442
0.229274
0.228118
0.226973
0.225839
0.224717
0.223605
0.222504
0.221414
0.220335
0.219266
0.218207
0.217159
0.216121
0.215093
0.214074
0.213066
0.212067
0.211078
0.210098
0.209127
0.208166
0.207213
0.206270
0.205336
0.204410
0.203493
0.202585
0.201685
0.200794
0.199911
0.199036
0.198169
0.197310
0.196460
0.195617
0.194782
0.193954
0.193134
0.192322
0.191517
0.190720
0.189929
0.189146
0.188370
0.187601
0.186839
0.186084
0.185336
0.184594
0.183859
0.183130
0.182409
0.181693
0.180984
0.180281
0.179584
0.178894
0.178210
0.177531
0.176859
0.176192
0.175532
0.174877
0.174228
0.173584
0.172946
0.172314
0.171687
0.171065
0.170449
0.169838
0.169233
0.168632
0.168037
0.167447
0.166862
0.166282
0.165706
0.165136
0.164570
0.164009
0.163453
0.162902
0.162355
0.161813
0.161275
0.160742
0.160213
0.159689
0.159169
0.158653
0.158142
0.157635
0.157132
0.156633
0.156138
0.155647
0.155160
0.154678
0.154199
0.153724
0.153253
0.152785
0.152322
0.151862
0.151406
0.150954
0.150505
0.150060
0.149618
0.149180
0.148745
0.148314
0.147886
0.147462
0.147041
0.146623
0.146209
0.145798
0.145390
0.144985
0.144584
0.144185
0.143790
0.143398
0.143008
0.142622
0.142239
0.141859
0.141482
0.141107
0.140736
0.140367
0.140001
0.139638
0.139278
0.138921
0.138566
0.138214
0.137864
0.137518
0.137174
0.136832
0.136493
0.136157
0.135823
0.135491
0.135162
0.134836
0.134512
0.134190
0.133871
0.133554
0.133240
0.132928
0.132618
0.132310
0.132005
0.131702
0.131401
0.131103
0.130806
0.130512
0.130220
0.129930
0.129642
0.129356
0.129073
0.128791
0.128511
0.128234
0.127958
0.127685
0.127413
0.127144
0.126876
0.126610
0.126346
0.126084
0.125824
0.125566
0.125309
0.125054
0.124802
0.124551
0.124301
0.124054
0.123808
0.123564
0.123322
0.123081
0.122842
0.122605
0.122369
0.122135
0.121903
0.121672
0.121443
0.121216
0.120990
0.120765
0.120542
0.120321
0.120101
0.119883
0.119667
0.119451
0.119238
0.119025
0.118814
0.118605
0.118397
0.118190
0.117985
0.117782
0.117579
0.117378
0.117179
0.116980
0.116783
0.116588
0.116394
0.116201
0.116009
0.115819
0.115629
0.115442
0.115255
0.115070
0.114886
0.114703
0.114521
0.114341
0.114162
0.113984
0.113807
0.113631
0.113457
0.113283
0.113111
0.112940
0.112770
0.112601
0.112433
0.112267
0.112101
0.111937
0.111774
0.111611
0.111450
0.111290
0.111131
0.110973
0.110816
0.110660
0.110505
0.110351
0.110198
0.110046
0.109895
0.109745
0.109596
0.109447
0.109300
0.109154
0.109009
0.108864
0.108721
0.108579
0.108437
0.108296
0.108157
0.108018
0.107880
0.107743
0.107606
0.107471
0.107336
0.107203
0.107070
0.106938
0.106807
0.106677
0.106547
0.106419
0.106291
0.106164
0.106038
0.105912
0.105788
0.105664
0.105541
0.105418
0.105297
0.105176
0.105056
0.104937
0.104818
0.104701
0.104583
0.104467
0.104352
0.104237
0.104123
0.104009
0.103896
0.103784
0.103673
0.103563
0.103453
0.103343
0.103235
0.103127
0.103020
0.102913
0.102807
0.102702
0.102597
0.102493
0.102390
0.102287
0.102185
0.102084
0.101983
0.101883
0.101783
0.101684
0.101586
0.101488
0.101391
0.101294
0.101198
0.101103
0.101008
0.100914
0.100820
0.100727
0.100634
0.100542
0.100451
0.100360
0.100270
0.100180
0.100091
0.100002
0.099914
0.099826
0.099739
0.099653
0.099567
0.099481
0.099396
0.099312
0.099227
0.099144
0.099061
0.098979
0.098897
0.098815
0.098734
0.098654
0.098574
0.098494
0.098415
0.098336
0.098258
0.098181
0.098103
0.098027
0.097950
0.097875
0.097799
0.097724
0.097650
0.097576
0.097502
0.097429
0.097356
0.097284
0.097212
0.097141
0.097070
0.096999
0.096929
0.096859
0.096790
0.096721
0.096652
0.096584
0.096516
0.096449
0.096382
0.096316
0.096250
0.096184
0.096118
0.096053
0.095989
0.095925
0.095861
0.095797
0.095734
0.095671
0.095609
0.095547
0.095486
0.095424
0.095363
0.095303
0.095243
0.095183
0.095123
0.095064
0.095005
0.094947
0.094889
0.094831
0.094774
0.094717
0.094660
0.094603
0.094547
0.094491
0.094436
0.094381
0.094326
0.094272
0.094218
0.094164
0.094110
0.094057
0.094004
0.093951
0.093899
0.093847
0.093795
0.093744
0.093693
0.093642
0.093591
0.093541
0.093491
0.093442
0.093392
0.093343
0.093294
0.093246
0.093198
0.093150
0.093102
0.093055
0.093008
0.092961
0.092914
0.092868
0.092822
0.092776
0.092730
0.092685
0.092640
0.092595
0.092551
0.092507
0.092463
0.092419
0.092376
0.092332
0.092290
0.092247
0.092204
0.092162
0.092120
0.092078
0.092037
0.091996
0.091955
0.091914
0.091873
0.091833
0.091793
0.091753
0.091713
0.091674
0.091635
0.091596
0.091557
0.091519
0.091480
0.091442
0.091404
0.091367
0.091329
0.091292
0.091255
0.091218
0.091182
0.091145
0.091109
0.091073
0.091037
0.091002
0.090967
0.090931
0.090897
0.090862
0.090827
0.090793
0.090759
0.090725
0.090691
0.090657
0.090624
0.090591
0.090558
0.090525
0.090492
0.090460
0.090428
0.090396
0.090364
0.090332
0.090301
0.090269
0.090238
0.090207
0.090176
0.090146
0.090115
0.090085
0.090055
0.090025
0.089995
0.089965
0.089936
0.089907
0.089878
0.089849
0.089820
0.089791
0.089763
0.089735
0.089706
0.089678
0.089651
0.089623
0.089596
0.089568
0.089541
0.089514
0.089487
0.089460
0.089434
0.089407
0.089381
0.089355
0.089329
0.089303
0.089278
0.089252
0.089227
0.089201
0.089176
0.089151
0.089126
0.089102
0.089077
0.089053
0.089029
0.089005
0.088981
0.088957
0.088933
0.088910
0.088886
0.088863
0.088840
0.088817
0.088794
0.088771
0.088748
0.088726
0.088703
0.088681
0.088659
0.088637
0.088615
0.088593
0.088571
0.088550
0.088529
0.088507
0.088486
0.088465
0.088444
0.088423
0.088403
0.088382
0.088362
0.088341
0.088321
0.088301
0.088281
0.088261
0.088242
0.088222
0.088202
0.088183
0.088163
0.088144
0.088125
0.088106
0.088087
0.088069
0.088050
0.088031
0.088013
0.087995
0.087976
0.087958
0.087940
0.087922
0.087904
0.087887
0.087869
0.087851
0.087834
0.087817
0.087800
0.087782
0.087765
0.087748
0.087732
0.087715
0.087698
0.087682
0.087665
0.087649
0.087633
0.087616
0.087600
0.087584
0.087568
0.087553
0.087537
0.087521
0.087506
0.087490
0.087475
0.087460
0.087444
0.087429
0.087414
0.087399
0.087384
0.087370
0.087355
0.087341
0.087326
0.087312
0.087297
0.087283
0.087269
0.087255
0.087241
0.087227
0.087213
0.087199
0.087185
0.087172
0.087158
0.087145
0.087131
0.087118
0.087105
0.087092
0.087079
0.087066
0.087053
0.087040
0.087027
0.087014
0.087002
0.086989
0.086977
0.086964
0.086952
0.086940
0.086927
0.086915
0.086903
0.086891
0.086879
0.086867
0.086856
0.086844
0.086832
0.086821
0.086809
0.086798
0.086786
0.086775
0.086764
0.086753
0.086741
0.086730
0.086719
0.086709
0.086698
0.086687
0.086676
0.086665
0.086655
0.086644
0.086634
0.086623
0.086613
0.086603
0.086592
0.086582
0.086572
0.086562
0.086552
0.086542
0.086532
0.086522
0.086512
0.086503
0.086493
0.086484
0.086474
0.086464
0.086455
0.086446
0.086436
0.086427
0.086418
0.086409
0.086400
0.086390
0.086489
0.086885
0.087811
0.089790
0.094689
0.442810
0.438085
0.443022
0.498931
0.584810
0.718781
0.877669
1.008440
1.100370
1.160390
1.197880
1.220500
1.233940
1.242170
1.247730
1.251950
1.255270
1.257460
1.257990
1.256450
1.252920
1.247890
1.241980
1.235620
1.229080
1.222460
1.215790
1.209080
1.202310
1.195490
1.188600
1.181640
1.174630
1.167560
1.160420
1.153240
1.146010
1.138720
1.131400
1.124030
1.116620
1.109180
1.101710
1.094220
1.086700
1.079170
1.071620
1.064050
1.056480
1.048910
1.041330
1.033750
1.026170
1.018600
1.011030
1.003480
0.995937
0.988408
0.980895
0.973399
0.965922
0.958466
0.951032
0.943623
0.936238
0.928880
0.921550
0.914249
0.906978
0.899739
0.892531
0.885357
0.878217
0.871113
0.864044
0.857012
0.850018
0.843062
0.836145
0.829268
0.822431
0.815635
0.808881
0.802168
0.795498
0.788870
0.782286
0.775746
0.769250
0.762798
0.756391
0.750030
0.743714
0.737444
0.731219
0.725041
0.718910
0.712825
0.706787
0.700796
0.694852
0.688956
0.683107
0.677305
0.671551
0.665845
0.660187
0.654577
0.649014
0.643500
0.638033
0.632614
0.627243
0.621920
0.616644
0.611416
0.606237
0.601104
0.596019
0.590982
0.585992
0.581049
0.576153
0.571304
0.566501
0.561745
0.557036
0.552373
0.547755
0.543184
0.538658
0.534178
0.529742
0.525352
0.521007
0.516705
0.512448
0.508235
0.504066
0.499940
0.495857
0.491817
0.487820
0.483864
0.479951
0.476079
0.472249
0.468459
0.464711
0.461002
0.457334
0.453705
0.450116
0.446566
0.443054
0.439581
0.436146
0.432748
0.429388
0.426065
0.422778
0.419528
0.416314
0.413135
0.409991
0.406883
0.403809
0.400769
0.397763
0.394790
0.391850
0.388944
0.386069
0.383227
0.380416
0.377637
0.374889
0.372171
0.369484
0.366826
0.364199
0.361601
0.359031
0.356491
0.353978
0.351494
0.349037
0.346608
0.344205
0.341830
0.339480
0.337157
0.334860
0.332587
0.330340
0.328118
0.325921
0.323747
0.321598
0.319472
0.317369
0.315290
0.313233
0.311199
0.309187
0.307197
0.305228
0.303281
0.301355
0.299450
0.297566
0.295702
0.293858
0.292034
0.290229
0.288444
0.286678
0.284931
0.283202
0.281492
0.279800
0.278126
0.276470
0.274831
0.273209
0.271605
0.270017
0.268446
0.266892
0.265353
0.263831
0.262325
0.260834
0.259359
0.257898
0.256453
0.255023
0.253608
0.252207
0.250820
0.249448
0.248089
0.246745
0.245414
0.244096
0.242792
0.241501
0.240223
0.238958
0.237705
0.236465
0.235237
0.234022
0.232819
0.231628
0.230448
0.229280
0.228124
0.226979
0.225845
0.224722
0.223611
0.222510
0.221420
0.220341
0.219272
0.218213
0.217165
0.216126
0.215098
0.214080
0.213071
0.212072
0.211083
0.210103
0.209132
0.208171
0.207218
0.206275
0.205341
0.204415
0.203498
0.202590
0.201690
0.200799
0.199915
0.199041
0.198174
0.197315
0.196464
0.195621
0.194786
0.193959
0.193139
0.192326
0.191522
0.190724
0.189934
0.189150
0.188374
0.187605
0.186843
0.186088
0.185340
0.184598
0.183863
0.183134
0.182412
0.181697
0.180988
0.180285
0.179588
0.178898
0.178213
0.177535
0.176863
0.176196
0.175535
0.174880
0.174231
0.173588
0.172950
0.172317
0.171690
0.171069
0.170453
0.169842
0.169236
0.168636
0.168040
0.167450
0.166865
0.166285
0.165709
0.165139
0.164573
0.164013
0.163456
0.162905
0.162358
0.161816
0.161278
0.160745
0.160216
0.159692
0.159172
0.158656
0.158145
0.157637
0.157134
0.156635
0.156141
0.155650
0.155163
0.154680
0.154201
0.153726
0.153255
0.152788
0.152324
0.151865
0.151408
0.150956
0.150507
0.150062
0.149620
0.149182
0.148748
0.148316
0.147889
0.147464
0.147043
0.146626
0.146211
0.145800
0.145392
0.144987
0.144586
0.144187
0.143792
0.143400
0.143011
0.142624
0.142241
0.141861
0.141484
0.141109
0.140738
0.140369
0.140003
0.139640
0.139280
0.138923
0.138568
0.138216
0.137866
0.137520
0.137175
0.136834
0.136495
0.136159
0.135825
0.135493
0.135164
0.134838
0.134514
0.134192
0.133873
0.133556
0.133242
0.132930
0.132620
0.132312
0.132007
0.131704
0.131403
0.131104
0.130808
0.130514
0.130222
0.129932
0.129644
0.129358
0.129074
0.128793
0.128513
0.128235
0.127960
0.127686
0.127415
0.127145
0.126877
0.126611
0.126347
0.126085
0.125825
0.125567
0.125310
0.125056
0.124803
0.124552
0.124303
0.124055
0.123809
0.123565
0.123323
0.123082
0.122843
0.122606
0.122370
0.122137
0.121904
0.121673
0.121444
0.121217
0.120991
0.120767
0.120544
0.120322
0.120103
0.119884
0.119668
0.119452
0.119239
0.119026
0.118816
0.118606
0.118398
0.118192
0.117986
0.117783
0.117580
0.117379
0.117180
0.116981
0.116785
0.116589
0.116395
0.116202
0.116010
0.115820
0.115631
0.115443
0.115256
0.115071
0.114887
0.114704
0.114522
0.114342
0.114163
0.113985
0.113808
0.113632
0.113458
0.113284
0.113112
0.112941
0.112771
0.112602
0.112434
0.112268
0.112102
0.111938
0.111774
0.111612
0.111451
0.111291
0.111132
0.110974
0.110817
0.110661
0.110506
0.110352
0.110199
0.110047
0.109895
0.109745
0.109596
0.109448
0.109301
0.109155
0.109010
0.108865
0.108722
0.108579
0.108438
0.108297
0.108157
0.108018
0.107880
0.107743
0.107607
0.107472
0.107337
0.107204
0.107071
0.106939
0.106808
0.106677
0.106548
0.106419
0.106292
0.106164
0.106038
0.105913
0.105788
0.105664
0.105541
0.105419
0.105297
0.105177
0.105057
0.104937
0.104819
0.104701
0.104584
0.104468
0.104352
0.104237
0.104123
0.104010
0.103897
0.103785
0.103674
0.103563
0.103453
0.103344
0.103235
0.103127
0.103020
0.102914
0.102808
0.102702
0.102598
0.102494
0.102390
0.102288
0.102186
0.102084
0.101983
0.101883
0.101783
0.101685
0.101586
0.101488
0.101391
0.101295
0.101199
0.101103
0.101008
0.100914
0.100820
0.100727
0.100635
0.100543
0.100451
0.100360
0.100270
0.100180
0.100091
0.100002
0.099914
0.099827
0.099740
0.099653
0.099567
0.099482
0.099396
0.099312
0.099228
0.099145
0.099062
0.098979
0.098897
0.098816
0.098735
0.098654
0.098574
0.098494
0.098415
0.098337
0.098259
0.098181
0.098104
0.098027
0.097951
0.097875
0.097800
0.097725
0.097650
0.097576
0.097502
0.097429
0.097357
0.097284
0.097212
0.097141
0.097070
0.096999
0.096929
0.096860
0.096790
0.096721
0.096653
0.096585
0.096517
0.096450
0.096383
0.096316
0.096250
0.096184
0.096119
0.096054
0.095989
0.095925
0.095861
0.095798
0.095735
0.095672
0.095610
0.095548
0.095486
0.095425
0.095364
0.095303
0.095243
0.095183
0.095124
0.095065
0.095006
0.094947
0.094889
0.094831
0.094774
0.094717
0.094660
0.094604
0.094548
0.094492
0.094436
0.094381
0.094326
0.094272
0.094218
0.094164
0.094110
0.094057
0.094004
0.093952
0.093899
0.093847
0.093796
0.093744
0.093693
0.093642
0.093592
0.093541
0.093492
0.093442
0.093393
0.093343
0.093295
0.093246
0.093198
0.093150
0.093102
0.093055
0.093008
0.092961
0.092914
0.092868
0.092822
0.092776
0.092731
0.092686
0.092641
0.092596
0.092551
0.092507
0.092463
0.092419
0.092376
0.092333
0.092290
0.092247
0.092205
0.092162
0.092120
0.092079
0.092037
0.091996
0.091955
0.091914
0.091873
0.091833
0.091793
0.091753
0.091714
0.091674
0.091635
0.091596
0.091557
0.091519
0.091481
0.091442
0.091405
0.091367
0.091329
0.091292
0.091255
0.091218
0.091182
0.091146
0.091109
0.091073
0.091038
0.091002
0.090967
0.090932
0.090897
0.090862
0.090827
0.090793
0.090759
0.090725
0.090691
0.090658
0.090624
0.090591
0.090558
0.090525
0.090493
0.090460
0.090428
0.090396
0.090364
0.090332
0.090301
0.090269
0.090238
0.090207
0.090177
0.090146
0.090115
0.090085
0.090055
0.090025
0.089995
0.089966
0.089936
0.089907
0.089878
0.089849
0.089820
0.089791
0.089763
0.089735
0.089707
0.089679
0.089651
0.089623
0.089596
0.089568
0.089541
0.089514
0.089487
0.089461
0.089434
0.089408
0.089381
0.089355
0.089329
0.089303
0.089278
0.089252
0.089227
0.089202
0.089176
0.089151
0.089127
0.089102
0.089077
0.089053
0.089029
0.089005
0.088981
0.088957
0.088933
0.088910
0.088886
0.088863
0.088840
0.088817
0.088794
0.088771
0.088748
0.088726
0.088703
0.088681
0.088659
0.088637
0.088615
0.088593
0.088572
0.088550
0.088529
0.088507
0.088486
0.088465
0.088444
0.088424
0.088403
0.088382
0.088362
0.088341
0.088321
0.088301
0.088281
0.088261
0.088242
0.088222
0.088202
0.088183
0.088164
0.088144
0.088125
0.088106
0.088088
0.088069
0.088050
0.088032
0.088013
0.087995
0.087976
0.087958
0.087940
0.087922
0.087904
0.087887
0.087869
0.087852
0.087834
0.087817
0.087800
0.087782
0.087766
0.087748
0.087732
0.087715
0.087698
0.087682
0.087665
0.087649
0.087633
0.087616
0.087600
0.087584
0.087568
0.087553
0.087537
0.087521
0.087506
0.087490
0.087475
0.087460
0.087445
0.087429
0.087414
0.087399
0.087385
0.087370
0.087355
0.087341
0.087326
0.087312
0.087297
0.087283
0.087269
0.087255
0.087241
0.087227
0.087213
0.087199
0.087185
0.087172
0.087158
0.087145
0.087132
0.087118
0.087105
0.087092
0.087079
0.087066
0.087053
0.087040
0.087027
0.087014
0.087002
0.086989
0.086977
0.086964
0.086952
0.086940
0.086927
0.086915
0.086903
0.086891
0.086879
0.086868
0.086856
0.086844
0.086832
0.086821
0.086809
0.086798
0.086786
0.086775
0.086764
0.086753
0.086741
0.086731
0.086720
0.086709
0.086698
0.086687
0.086676
0.086666
0.086655
0.086644
0.086634
0.086623
0.086613
0.086603
0.086592
0.086582
0.086572
0.086562
0.086552
0.086542
0.086532
0.086522
0.086513
0.086503
0.086493
0.086484
0.086474
0.086464
0.086455
0.086446
0.086436
0.086427
0.086418
0.086409
0.086400
0.086390
0.086489
0.086885
0.087811
0.089790
0.094690
0.442771
0.438055
0.442999
0.498908
0.584788
0.718767
0.877669
1.008430
1.100350
1.160380
1.197870
1.220490
1.233920
1.242150
1.247700
1.251930
1.255250
1.257440
1.257970
1.256430
1.252900
1.247880
1.241960
1.235610
1.229070
1.222450
1.215780
1.209070
1.202300
1.195470
1.188580
1.181630
1.174610
1.167540
1.160410
1.153230
1.145990
1.138710
1.131380
1.124010
1.116610
1.109170
1.101700
1.094200
1.086690
1.079150
1.071600
1.064040
1.056470
1.048890
1.041310
1.033730
1.026160
1.018580
1.011020
1.003470
0.995923
0.988395
0.980881
0.973385
0.965909
0.958453
0.951019
0.943610
0.936225
0.928867
0.921537
0.914236
0.906965
0.899726
0.892519
0.885345
0.878205
0.871100
0.864032
0.857000
0.850006
0.843050
0.836133
0.829256
0.822419
0.815623
0.808869
0.802156
0.795486
0.788859
0.782275
0.775734
0.769238
0.762787
0.756380
0.750019
0.743703
0.737433
0.731208
0.725030
0.718899
0.712814
0.706776
0.700785
0.694842
0.688945
0.683096
0.677295
0.671541
0.665835
0.660177
0.654567
0.649004
0.643490
0.638023
0.632604
0.627233
0.621910
0.616635
0.611407
0.606227
0.601095
0.596010
0.590973
0.585983
0.581040
0.576144
0.571295
0.566492
0.561737
0.557027
0.552364
0.547747
0.543176
0.538650
0.534170
0.529734
0.525344
0.520999
0.516698
0.512441
0.508228
0.504058
0.499933
0.495850
0.491810
0.487812
0.483857
0.479944
0.476072
0.472242
0.468453
0.464704
0.460996
0.457327
0.453699
0.450110
0.446559
0.443048
0.439575
0.436140
0.432742
0.429382
0.426059
0.422773
0.419522
0.416308
0.413129
0.409986
0.406877
0.403803
0.400763
0.397757
0.394785
0.391845
0.388938
0.386064
0.383221
0.380411
0.377632
0.374883
0.372166
0.369479
0.366822
0.364194
0.361596
0.359026
0.356486
0.353973
0.351489
0.349032
0.346603
0.344201
0.341825
0.339476
0.337152
0.334855
0.332583
0.330336
0.328114
0.325916
0.323743
0.321593
0.319468
0.317365
0.315286
0.313229
0.311195
0.309183
0.307193
0.305224
0.303277
0.301351
0.299446
0.297562
0.295698
0.293854
0.292030
0.290226
0.288440
0.286674
0.284927
0.283199
0.281489
0.279797
0.278123
0.276466
0.274827
0.273206
0.271602
0.270014
0.268443
0.266888
0.265350
0.263828
0.262321
0.260831
0.259355
0.257895
0.256450
0.255020
0.253605
0.252204
0.250817
0.249445
0.248086
0.246742
0.245411
0.244093
0.242789
0.241498
0.240220
0.238955
0.237702
0.236462
0.235235
0.234019
0.232816
0.231625
0.230445
0.229277
0.228121
0.226976
0.225842
0.224720
0.223608
0.222508
0.221418
0.220338
0.219269
0.218211
0.217162
0.216124
0.215096
0.214077
0.213069
0.212070
0.211080
0.210101
0.209130
0.208168
0.207216
0.206273
0.205338
0.204413
0.203496
0.202588
0.201688
0.200796
0.199913
0.199038
0.198172
0.197313
0.196462
0.195619
0.194784
0.193957
0.193137
0.192325
0.191520
0.190722
0.189932
0.189149
0.188372
0.187603
0.186841
0.186086
0.185338
0.184596
0.183861
0.183133
0.182411
0.181695
0.180986
0.180283
0.179587
0.178896
0.178212
0.177533
0.176861
0.176194
0.175534
0.174879
0.174230
0.173586
0.172948
0.172316
0.171689
0.171067
0.170451
0.169840
0.169235
0.168634
0.168039
0.167449
0.166863
0.166283
0.165708
0.165138
0.164572
0.164011
0.163455
0.162904
0.162357
0.161815
0.161277
0.160744
0.160215
0.159691
0.159171
0.158655
0.158143
0.157636
0.157133
0.156634
0.156139
0.155649
0.155162
0.154679
0.154200
0.153725
0.153254
0.152787
0.152323
0.151863
0.151407
0.150955
0.150506
0.150061
0.149619
0.149181
0.148746
0.148315
0.147888
0.147463
0.147042
0.146624
0.146210
0.145799
0.145391
0.144986
0.144585
0.144186
0.143791
0.143399
0.143010
0.142623
0.142240
0.141860
0.141483
0.141108
0.140737
0.140368
0.140002
0.139639
0.139279
0.138922
0.138567
0.138215
0.137865
0.137519
0.137175
0.136833
0.136494
0.136158
0.135824
0.135492
0.135163
0.134837
0.134513
0.134191
0.133872
0.133555
0.133241
0.132929
0.132619
0.132311
0.132006
0.131703
0.131402
0.131104
0.130807
0.130513
0.130221
0.129931
0.129643
0.129357
0.129074
0.128792
0.128512
0.128235
0.127959
0.127686
0.127414
0.127144
0.126877
0.126611
0.126347
0.126085
0.125825
0.125566
0.125310
0.125055
0.124802
0.124551
0.124302
0.124054
0.123809
0.123565
0.123322
0.123082
0.122843
0.122605
0.122370
0.122136
0.121904
0.121673
0.121444
0.121216
0.120990
0.120766
0.120543
0.120322
0.120102
0.119884
0.119667
0.119452
0.119238
0.119026
0.118815
0.118606
0.118398
0.118191
0.117986
0.117782
0.117580
0.117379
0.117179
0.116981
0.116784
0.116588
0.116394
0.116201
0.116010
0.115819
0.115630
0.115442
0.115256
0.115070
0.114886
0.114703
0.114522
0.114341
0.114162
0.113984
0.113807
0.113632
0.113457
0.113284
0.113111
0.112940
0.112770
0.112602
0.112434
0.112267
0.112102
0.111937
0.111774
0.111612
0.111451
0.111290
0.111131
0.110973
0.110816
0.110660
0.110505
0.110351
0.110198
0.110046
0.109895
0.109745
0.109596
0.109448
0.109301
0.109154
0.109009
0.108865
0.108721
0.108579
0.108437
0.108297
0.108157
0.108018
0.107880
0.107743
0.107607
0.107471
0.107337
0.107203
0.107070
0.106938
0.106807
0.106677
0.106548
0.106419
0.106291
0.106164
0.106038
0.105913
0.105788
0.105664
0.105541
0.105419
0.105297
0.105176
0.105056
0.104937
0.104819
0.104701
0.104584
0.104468
0.104352
0.104237
0.104123
0.104010
0.103897
0.103785
0.103673
0.103563
0.103453
0.103344
0.103235
0.103127
0.103020
0.102913
0.102807
0.102702
0.102597
0.102493
0.102390
0.102287
0.102185
0.102084
0.101983
0.101883
0.101783
0.101684
0.101586
0.101488
0.101391
0.101294
0.101198
0.101103
0.101008
0.100914
0.100820
0.100727
0.100634
0.100543
0.100451
0.100360
0.100270
0.100180
0.100091
0.100002
0.099914
0.099826
0.099739
0.099653
0.099567
0.099481
0.099396
0.099312
0.099228
0.099144
0.099061
0.098979
0.098897
0.098815
0.098734
0.098654
0.098574
0.098494
0.098415
0.098337
0.098258
0.098181
0.098104
0.098027
0.097951
0.097875
0.097799
0.097724
0.097650
0.097576
0.097502
0.097429
0.097356
0.097284
0.097212
0.097141
0.097070
0.096999
0.096929
0.096859
0.096790
0.096721
0.096653
0.096584
0.096517
0.096449
0.096382
0.096316
0.096250
0.096184
0.096119
0.096054
0.095989
0.095925
0.095861
0.095797
0.095734
0.095672
0.095609
0.095547
0.095486
0.095424
0.095364
0.095303
0.095243
0.095183
0.095123
0.095064
0.095006
0.094947
0.094889
0.094831
0.094774
0.094717
0.094660
0.094604
0.094547
0.094492
0.094436
0.094381
0.094326
0.094272
0.094218
0.094164
0.094110
0.094057
0.094004
0.093952
0.093899
0.093847
0.093795
0.093744
0.093693
0.093642
0.093592
0.093541
0.093491
0.093442
0.093392
0.093343
0.093295
0.093246
0.093198
0.093150
0.093102
0.093055
0.093008
0.092961
0.092914
0.092868
0.092822
0.092776
0.092731
0.092685
0.092640
0.092596
0.092551
0.092507
0.092463
0.092419
0.092376
0.092333
0.092290
0.092247
0.092204
0.092162
0.092120
0.092079
0.092037
0.091996
0.091955
0.091914
0.091873
0.091833
0.091793
0.091753
0.091714
0.091674
0.091635
0.091596
0.091557
0.091519
0.091480
0.091442
0.091404
0.091367
0.091329
0.091292
0.091255
0.091218
0.091182
0.091145
0.091109
0.091073
0.091038
0.091002
0.090967
0.090931
0.090897
0.090862
0.090827
0.090793
0.090759
0.090725
0.090691
0.090658
0.090624
0.090591
0.090558
0.090525
0.090492
0.090460
0.090428
0.090396
0.090364
0.090332
0.090301
0.090269
0.090238
0.090207
0.090176
0.090146
0.090115
0.090085
0.090055
0.090025
0.089995
0.089966
0.089936
0.089907
0.089878
0.089849
0.089820
0.089791
0.089763
0.089735
0.089707
0.089679
0.089651
0.089623
0.089596
0.089568
0.089541
0.089514
0.089487
0.089460
0.089434
0.089408
0.089381
0.089355
0.089329
0.089303
0.089278
0.089252
0.089227
0.089202
0.089176
0.089151
0.089127
0.089102
0.089077
0.089053
0.089029
0.089005
0.088981
0.088957
0.088933
0.088910
0.088886
0.088863
0.088840
0.088817
0.088794
0.088771
0.088748
0.088726
0.088703
0.088681
0.088659
0.088637
0.088615
0.088593
0.088572
0.088550
0.088529
0.088507
0.088486
0.088465
0.088444
0.088424
0.088403
0.088382
0.088362
0.088341
0.088321
0.088301
0.088281
0.088261
0.088242
0.088222
0.088202
0.088183
0.088164
0.088144
0.088125
0.088106
0.088087
0.088069
0.088050
0.088031
0.088013
0.087995
0.087976
0.087958
0.087940
0.087922
0.087904
0.087887
0.087869
0.087852
0.087834
0.087817
0.087800
0.087782
0.087765
0.087748
0.087732
0.087715
0.087698
0.087682
0.087665
0.087649
0.087633
0.087616
0.087600
0.087584
0.087568
0.087553
0.087537
0.087521
0.087506
0.087490
0.087475
0.087460
0.087445
0.087429
0.087414
0.087399
0.087385
0.087370
0.087355
0.087341
0.087326
0.087312
0.087297
0.087283
0.087269
0.087255
0.087241
0.087227
0.087213
0.087199
0.087185
0.087172
0.087158
0.087145
0.087131
0.087118
0.087105
0.087092
0.087079
0.087066
0.087053
0.087040
0.087027
0.087014
0.087002
0.086989
0.086977
0.086964
0.086952
0.086940
0.086927
0.086915
0.086903
0.086891
0.086879
0.086868
0.086856
0.086844
0.086832
0.086821
0.086809
0.086798
0.086786
0.086775
0.086764
0.086753
0.086741
0.086730
0.086719
0.086709
0.086698
0.086687
0.086676
0.086665
0.086655
0.086644
0.086634
0.086623
0.086613
0.086603
0.086592
0.086582
0.086572
0.086562
0.086552
0.086542
0.086532
0.086522
0.086513
0.086503
0.086493
0.086484
0.086474
0.086464
0.086455
0.086446
0.086436
0.086427
0.086418
0.086409
0.086400
0.086390
