0.110824
0.110921
0.111354
0.112394
0.114664
0.121304
0.421087
0.398734
0.396955
0.426115
0.473862
0.556681
0.671902
0.787861
0.890715
0.977814
1.050440
1.110510
1.159720
1.199590
1.231600
1.257260
1.278000
1.295000
1.309130
1.320820
1.330140
1.336950
1.341130
1.342850
1.342580
1.340920
1.338390
1.335350
1.332040
1.328540
1.324910
1.321170
1.317330
1.313380
1.309330
1.305190
1.300950
1.296620
1.292210
1.287710
1.283130
1.278470
1.273750
1.268950
1.264100
1.259180
1.254200
1.249170
1.244090
1.238970
1.233800
1.228590
1.223340
1.218070
1.212760
1.207420
1.202060
1.196670
1.191270
1.185840
1.180400
1.174940
1.169470
1.163990
1.158500
1.153000
1.147500
1.141990
1.136480
1.130960
1.125440
1.119920
1.114410
1.108890
1.103380
1.097870
1.092370
1.086870
1.081380
1.075890
1.070420
1.064950
1.059490
1.054040
1.048600
1.043170
1.037760
1.032350
1.026960
1.021580
1.016210
1.010860
1.005520
1.000200
0.994891
0.989598
0.984321
0.979059
0.973813
0.968584
0.963372
0.958177
0.952999
0.947838
0.942696
0.937571
0.932464
0.927376
0.922306
0.917255
0.912223
0.907210
0.902217
0.897243
0.892288
0.887353
0.882438
0.877543
0.872668
0.867813
0.862979
0.858165
0.853372
0.848599
0.843848
0.839117
0.834407
0.829718
0.825051
0.820404
0.815779
0.811176
0.806593
0.802033
0.797494
0.792977
0.788481
0.784007
0.779555
0.775126
0.770718
0.766332
0.761968
0.757626
0.753306
0.749008
0.744733
0.740480
0.736249
0.732040
0.727854
0.723690
0.719548
0.715429
0.711332
0.707258
0.703206
0.699176
0.695169
0.691184
0.687221
0.683281
0.679364
0.675468
0.671596
0.667745
0.663917
0.660111
0.656328
0.652567
0.648828
0.645112
0.641417
0.637746
0.634096
0.630468
0.626863
0.623280
0.619718
0.616179
0.612662
0.609167
0.605693
0.602242
0.598812
0.595405
0.592019
0.588654
0.585311
0.581990
0.578691
0.575412
0.572156
0.568920
0.565706
0.562513
0.559341
0.556191
0.553061
0.549952
0.546864
0.543797
0.540751
0.537725
0.534720
0.531736
0.528772
0.525828
0.522904
0.520001
0.517118
0.514254
0.511411
0.508587
0.505784
0.503000
0.500235
0.497490
0.494764
0.492058
0.489371
0.486703
0.484054
0.481424
0.478813
0.476220
0.473647
0.471091
0.468554
0.466036
0.463536
0.461053
0.458589
0.456143
0.453715
0.451304
0.448911
0.446536
0.444178
0.441837
0.439514
0.437207
0.434918
0.432646
0.430390
0.428151
0.425929
0.423723
0.421533
0.419360
0.417203
0.415061
0.412936
0.410827
0.408733
0.406655
0.404593
0.402546
0.400514
0.398497
0.396496
0.394509
0.392538
0.390581
0.388639
0.386711
0.384798
0.382899
0.381014
0.379144
0.377288
0.375445
0.373616
0.371801
0.370000
0.368212
0.366438
0.364676
0.362928
0.361194
0.359472
0.357763
0.356066
0.354383
0.352712
0.351054
0.349408
0.347774
0.346152
0.344543
0.342946
0.341360
0.339786
0.338224
0.336674
0.335135
0.333608
0.332092
0.330587
0.329093
0.327611
0.326139
0.324678
0.323228
0.321789
0.320361
0.318942
0.317535
0.316137
0.314750
0.313373
0.312007
0.310650
0.309303
0.307966
0.306639
0.305321
0.304013
0.302715
0.301426
0.300146
0.298876
0.297614
0.296362
0.295119
0.293885
0.292660
0.291444
0.290236
0.289037
0.287847
0.286665
0.285492
0.284327
0.283171
0.282023
0.280883
0.279751
0.278627
0.277511
0.276403
0.275303
0.274211
0.273126
0.272049
0.270980
0.269919
0.268864
0.267818
0.266778
0.265746
0.264722
0.263704
0.262694
0.261690
0.260694
0.259705
0.258723
0.257747
0.256779
0.255817
0.254862
0.253913
0.252971
0.252036
0.251107
0.250185
0.249269
0.248360
0.247457
0.246560
0.245669
0.244785
0.243907
0.243034
0.242168
0.241308
0.240454
0.239606
0.238764
0.237927
0.237096
0.236272
0.235452
0.234639
0.233831
0.233029
0.232232
0.231440
0.230655
0.229874
0.229099
0.228330
0.227565
0.226806
0.226053
0.225304
0.224561
0.223822
0.223089
0.222361
0.221638
0.220920
0.220206
0.219498
0.218795
0.218096
0.217402
0.216713
0.216029
0.215350
0.214675
0.214004
0.213339
0.212678
0.212021
0.211369
0.210722
0.210078
0.209440
0.208805
0.208175
0.207550
0.206928
0.206311
0.205698
0.205090
0.204485
0.203884
0.203288
0.202696
0.202108
0.201523
0.200943
0.200367
0.199794
0.199226
0.198661
0.198101
0.197544
0.196990
0.196441
0.195895
0.195353
0.194815
0.194280
0.193749
0.193222
0.192698
0.192177
0.191660
0.191147
0.190637
0.190131
0.189627
0.189128
0.188631
0.188138
0.187649
0.187162
0.186679
0.186199
0.185722
0.185249
0.184778
0.184311
0.183847
0.183386
0.182928
0.182473
0.182021
0.181573
0.181127
0.180684
0.180244
0.179807
0.179372
0.178941
0.178513
0.178087
0.177664
0.177244
0.176827
0.176412
0.176001
0.175591
0.175185
0.174781
0.174380
0.173982
0.173586
0.173193
0.172802
0.172414
0.172028
0.171645
0.171264
0.170886
0.170510
0.170137
0.169766
0.169398
0.169032
0.168668
0.168307
0.167948
0.167591
0.167237
0.166884
0.166535
0.166187
0.165842
0.165498
0.165157
0.164819
0.164482
0.164148
0.163815
0.163485
0.163157
0.162831
0.162507
0.162185
0.161865
0.161547
0.161232
0.160918
0.160606
0.160296
0.159988
0.159682
0.159378
0.159076
0.158776
0.158478
0.158181
0.157887
0.157594
0.157303
0.157014
0.156727
0.156441
0.156157
0.155875
0.155595
0.155317
0.155040
0.154765
0.154492
0.154220
0.153950
0.153682
0.153415
0.153150
0.152887
0.152625
0.152365
0.152107
0.151850
0.151595
0.151341
0.151089
0.150838
0.150589
0.150341
0.150095
0.149851
0.149607
0.149366
0.149126
0.148887
0.148650
0.148414
0.148180
0.147947
0.147715
0.147485
0.147256
0.147029
0.146803
0.146578
0.146355
0.146133
0.145913
0.145693
0.145475
0.145259
0.145043
0.144829
0.144617
0.144405
0.144195
0.143986
0.143778
0.143572
0.143366
0.143162
0.142959
0.142758
0.142557
0.142358
0.142160
0.141963
0.141767
0.141573
0.141379
0.141187
0.140996
0.140806
0.140617
0.140429
0.140243
0.140057
0.139873
0.139689
0.139507
0.139326
0.139145
0.138966
0.138788
0.138611
0.138435
0.138260
0.138086
0.137913
0.137741
0.137570
0.137400
0.137231
0.137063
0.136896
0.136730
0.136565
0.136401
0.136237
0.136075
0.135914
0.135753
0.135594
0.135435
0.135278
0.135121
0.134965
0.134810
0.134656
0.134503
0.134351
0.134199
0.134049
0.133899
0.133750
0.133602
0.133455
0.133309
0.133163
0.133019
0.132875
0.132732
0.132590
0.132448
0.132308
0.132168
0.132029
0.131891
0.131753
0.131617
0.131481
0.131346
0.131211
0.131078
0.130945
0.130813
0.130681
0.130551
0.130421
0.130292
0.130164
0.130036
0.129909
0.129783
0.129657
0.129532
0.129408
0.129285
0.129162
0.129040
0.128919
0.128798
0.128678
0.128558
0.128440
0.128322
0.128204
0.128088
0.127972
0.127856
0.127741
0.127627
0.127514
0.127401
0.127289
0.127177
0.127066
0.126956
0.126846
0.126737
0.126628
0.126520
0.126413
0.126306
0.126200
0.126094
0.125989
0.125885
0.125781
0.125678
0.125575
0.125473
0.125371
0.125270
0.125170
0.125070
0.124971
0.124872
0.124773
0.124676
0.124578
0.124482
0.124386
0.124290
0.124195
0.124100
0.124006
0.123913
0.123820
0.123727
0.123635
0.123544
0.123453
0.123362
0.123272
0.123183
0.123093
0.123005
0.122917
0.122829
0.122742
0.122655
0.122569
0.122484
0.122398
0.122314
0.122229
0.122145
0.122062
0.121979
0.121896
0.121814
0.121733
0.121652
0.121571
0.121491
0.121411
0.121331
0.121252
0.121174
0.121096
0.121018
0.120940
0.120864
0.120787
0.120711
0.120635
0.120560
0.120485
0.120411
0.120337
0.120263
0.120190
0.120117
0.120045
0.119973
0.119901
0.119830
0.119759
0.119688
0.119618
0.119548
0.119479
0.119410
0.119341
0.119273
0.119205
0.119137
0.119070
0.119003
0.118937
0.118871
0.118805
0.118739
0.118674
0.118610
0.118545
0.118481
0.118418
0.118354
0.118291
0.118228
0.118166
0.118104
0.118042
0.117981
0.117920
0.117859
0.117799
0.117739
0.117679
0.117620
0.117561
0.117502
0.117443
0.117385
0.117327
0.117270
0.117213
0.117156
0.117099
0.117043
0.116987
0.116931
0.116876
0.116821
0.116766
0.116711
0.116657
0.116603
0.116549
0.116496
0.116443
0.116390
0.116337
0.116285
0.116233
0.116181
0.116130
0.116079
0.116028
0.115977
0.115927
0.115877
0.115827
0.115777
0.115728
0.115679
0.115630
0.115582
0.115534
0.115486
0.115438
0.115390
0.115343
0.115296
0.115249
0.115203
0.115157
0.115111
0.115065
0.115019
0.114974
0.114929
0.114884
0.114840
0.114795
0.114751
0.114707
0.114664
0.114620
0.114577
0.114534
0.114491
0.114449
0.114407
0.114365
0.114323
0.114281
0.114240
0.114199
0.114158
0.114117
0.114077
0.114036
0.113996
0.113956
0.113917
0.113877
0.113838
0.113799
0.113760
0.113722
0.113683
0.113645
0.113607
0.113569
0.113532
0.113494
0.113457
0.113420
0.113383
0.113346
0.113310
0.113274
0.113238
0.113202
0.113166
0.113131
0.113096
0.113060
0.113026
0.112991
0.112956
0.112922
0.112888
0.112854
0.112820
0.112786
0.112753
0.112720
0.112686
0.112654
0.112621
0.112588
0.112556
0.112524
0.112491
0.112460
0.112428
0.112396
0.112365
0.112334
0.112303
0.112272
0.112241
0.112210
0.112180
0.112150
0.112120
0.112090
0.112060
0.112030
0.112001
0.111972
0.111943
0.111914
0.111885
0.111856
0.111828
0.111799
0.111771
0.111743
0.111715
0.111687
0.111660
0.111632
0.111605
0.111578
0.111551
0.111524
0.111497
0.111470
0.111444
0.111418
0.111392
0.111365
0.111340
0.111314
0.111288
0.111263
0.111237
0.111212
0.111187
0.111162
0.111137
0.111113
0.111088
0.111064
0.111039
0.111015
0.110991
0.110967
0.110944
0.110920
0.110896
0.110873
0.110850
0.110827
0.110924
0.111357
0.112396
0.114666
0.121301
0.421076
0.398737
0.396942
0.426085
0.473828
0.556642
0.671865
0.787829
0.890687
0.977788
1.050420
1.110490
1.159700
1.199570
1.231590
1.257250
1.277990
1.295000
1.309130
1.320820
1.330150
1.336950
1.341140
1.342860
1.342590
1.340930
1.338400
1.335360
1.332040
1.328540
1.324920
1.321180
1.317340
1.313390
1.309340
1.305200
1.300960
1.296630
1.292210
1.287710
1.283140
1.278480
1.273760
1.268960
1.264110
1.259190
1.254210
1.249180
1.244100
1.238980
1.233810
1.228600
1.223360
1.218080
1.212770
1.207430
1.202070
1.196680
1.191280
1.185850
1.180410
1.174960
1.169490
1.164010
1.158520
1.153020
1.147510
1.142000
1.136490
1.130970
1.125460
1.119940
1.114420
1.108910
1.103390
1.097880
1.092380
1.086880
1.081390
1.075910
1.070430
1.064960
1.059500
1.054050
1.048620
1.043190
1.037770
1.032370
1.026970
1.021600
1.016230
1.010880
1.005540
1.000220
0.994908
0.989615
0.984338
0.979076
0.973831
0.968602
0.963390
0.958195
0.953017
0.947857
0.942714
0.937589
0.932483
0.927395
0.922325
0.917275
0.912243
0.907230
0.902236
0.897262
0.892308
0.887373
0.882458
0.877563
0.872688
0.867834
0.863000
0.858186
0.853393
0.848620
0.843869
0.839138
0.834428
0.829740
0.825072
0.820426
0.815801
0.811198
0.806615
0.802055
0.797516
0.792999
0.788504
0.784030
0.779578
0.775148
0.770740
0.766355
0.761991
0.757649
0.753329
0.749032
0.744757
0.740504
0.736273
0.732064
0.727878
0.723714
0.719573
0.715453
0.711356
0.707282
0.703230
0.699200
0.695193
0.691208
0.687246
0.683306
0.679388
0.675493
0.671621
0.667770
0.663942
0.660136
0.656353
0.652592
0.648853
0.645137
0.641443
0.637771
0.634121
0.630494
0.626888
0.623305
0.619744
0.616205
0.612687
0.609192
0.605719
0.602268
0.598838
0.595430
0.592044
0.588680
0.585337
0.582016
0.578716
0.575438
0.572181
0.568946
0.565732
0.562539
0.559367
0.556216
0.553087
0.549978
0.546890
0.543823
0.540776
0.537751
0.534746
0.531761
0.528797
0.525853
0.522930
0.520026
0.517143
0.514280
0.511436
0.508613
0.505809
0.503025
0.500260
0.497515
0.494790
0.492083
0.489396
0.486728
0.484079
0.481449
0.478838
0.476245
0.473671
0.471116
0.468579
0.466061
0.463560
0.461078
0.458614
0.456168
0.453739
0.451329
0.448936
0.446560
0.444202
0.441861
0.439538
0.437231
0.434942
0.432669
0.430414
0.428175
0.425952
0.423746
0.421557
0.419383
0.417226
0.415085
0.412960
0.410850
0.408756
0.406678
0.404616
0.402569
0.400537
0.398520
0.396519
0.394532
0.392561
0.390604
0.388661
0.386734
0.384820
0.382921
0.381037
0.379166
0.377310
0.375467
0.373638
0.371823
0.370022
0.368234
0.366459
0.364698
0.362950
0.361215
0.359493
0.357784
0.356088
0.354404
0.352733
0.351075
0.349429
0.347795
0.346173
0.344564
0.342966
0.341381
0.339807
0.338245
0.336695
0.335156
0.333628
0.332112
0.330607
0.329113
0.327631
0.326159
0.324698
0.323248
0.321809
0.320380
0.318962
0.317554
0.316157
0.314770
0.313393
0.312026
0.310669
0.309322
0.307985
0.306658
0.305340
0.304032
0.302733
0.301444
0.300164
0.298894
0.297633
0.296381
0.295138
0.293903
0.292678
0.291462
0.290254
0.289055
0.287865
0.286683
0.285510
0.284345
0.283189
0.282040
0.280900
0.279768
0.278644
0.277528
0.276420
0.275320
0.274228
0.273143
0.272066
0.270997
0.269935
0.268881
0.267834
0.266795
0.265763
0.264738
0.263721
0.262710
0.261707
0.260710
0.259721
0.258739
0.257763
0.256795
0.255833
0.254878
0.253929
0.252987
0.252052
0.251123
0.250201
0.249285
0.248375
0.247472
0.246575
0.245685
0.244800
0.243922
0.243050
0.242183
0.241323
0.240469
0.239621
0.238778
0.237942
0.237111
0.236286
0.235467
0.234653
0.233845
0.233043
0.232246
0.231455
0.230669
0.229889
0.229113
0.228344
0.227579
0.226820
0.226066
0.225318
0.224574
0.223836
0.223103
0.222375
0.221651
0.220933
0.220220
0.219512
0.218808
0.218109
0.217416
0.216727
0.216042
0.215363
0.214688
0.214017
0.213352
0.212691
0.212034
0.211382
0.210734
0.210091
0.209452
0.208818
0.208188
0.207562
0.206941
0.206324
0.205711
0.205102
0.204497
0.203897
0.203300
0.202708
0.202120
0.201535
0.200955
0.200379
0.199806
0.199238
0.198673
0.198112
0.197555
0.197002
0.196453
0.195907
0.195365
0.194826
0.194292
0.193760
0.193233
0.192709
0.192188
0.191672
0.191158
0.190648
0.190142
0.189638
0.189139
0.188642
0.188149
0.187659
0.187173
0.186690
0.186210
0.185733
0.185259
0.184789
0.184322
0.183858
0.183397
0.182939
0.182484
0.182032
0.181583
0.181137
0.180694
0.180254
0.179817
0.179383
0.178951
0.178523
0.178097
0.177674
0.177254
0.176837
0.176422
0.176010
0.175601
0.175195
0.174791
0.174390
0.173991
0.173595
0.173202
0.172811
0.172423
0.172037
0.171654
0.171274
0.170895
0.170520
0.170146
0.169775
0.169407
0.169041
0.168677
0.168316
0.167957
0.167600
0.167246
0.166893
0.166544
0.166196
0.165850
0.165507
0.165166
0.164827
0.164491
0.164156
0.163824
0.163494
0.163166
0.162840
0.162516
0.162194
0.161874
0.161556
0.161240
0.160926
0.160614
0.160305
0.159997
0.159691
0.159387
0.159084
0.158784
0.158486
0.158189
0.157895
0.157602
0.157311
0.157022
0.156735
0.156449
0.156165
0.155883
0.155603
0.155325
0.155048
0.154773
0.154499
0.154228
0.153958
0.153690
0.153423
0.153158
0.152895
0.152633
0.152373
0.152114
0.151857
0.151602
0.151348
0.151096
0.150845
0.150596
0.150349
0.150102
0.149858
0.149615
0.149373
0.149133
0.148894
0.148657
0.148421
0.148187
0.147954
0.147722
0.147492
0.147263
0.147036
0.146810
0.146585
0.146362
0.146140
0.145920
0.145700
0.145482
0.145266
0.145050
0.144836
0.144623
0.144412
0.144202
0.143993
0.143785
0.143578
0.143373
0.143169
0.142966
0.142764
0.142564
0.142365
0.142167
0.141970
0.141774
0.141579
0.141386
0.141194
0.141002
0.140812
0.140624
0.140436
0.140249
0.140063
0.139879
0.139695
0.139513
0.139332
0.139152
0.138972
0.138794
0.138617
0.138441
0.138266
0.138092
0.137919
0.137747
0.137576
0.137406
0.137237
0.137069
0.136902
0.136736
0.136571
0.136407
0.136243
0.136081
0.135920
0.135759
0.135600
0.135441
0.135283
0.135127
0.134971
0.134816
0.134662
0.134509
0.134356
0.134205
0.134054
0.133905
0.133756
0.133608
0.133461
0.133314
0.133169
0.133024
0.132880
0.132737
0.132595
0.132454
0.132313
0.132173
0.132034
0.131896
0.131759
0.131622
0.131486
0.131351
0.131217
0.131083
0.130950
0.130818
0.130687
0.130556
0.130426
0.130297
0.130169
0.130041
0.129914
0.129788
0.129662
0.129538
0.129413
0.129290
0.129167
0.129045
0.128924
0.128803
0.128683
0.128564
0.128445
0.128327
0.128210
0.128093
0.127977
0.127861
0.127747
0.127632
0.127519
0.127406
0.127294
0.127182
0.127071
0.126961
0.126851
0.126742
0.126633
0.126525
0.126418
0.126311
0.126205
0.126099
0.125994
0.125890
0.125786
0.125683
0.125580
0.125478
0.125376
0.125275
0.125175
0.125075
0.124975
0.124876
0.124778
0.124680
0.124583
0.124486
0.124390
0.124295
0.124200
0.124105
0.124011
0.123917
0.123824
0.123732
0.123640
0.123548
0.123457
0.123367
0.123277
0.123187
0.123098
0.123009
0.122921
0.122834
0.122747
0.122660
0.122574
0.122488
0.122403
0.122318
0.122234
0.122150
0.122066
0.121983
0.121901
0.121819
0.121737
0.121656
0.121575
0.121495
0.121415
0.121336
0.121257
0.121178
0.121100
0.121022
0.120945
0.120868
0.120791
0.120715
0.120640
0.120564
0.120490
0.120415
0.120341
0.120267
0.120194
0.120121
0.120049
0.119977
0.119905
0.119834
0.119763
0.119692
0.119622
0.119552
0.119483
0.119414
0.119345
0.119277
0.119209
0.119141
0.119074
0.119007
0.118941
0.118875
0.118809
0.118744
0.118678
0.118614
0.118549
0.118485
0.118422
0.118358
0.118295
0.118233
0.118170
0.118108
0.118046
0.117985
0.117924
0.117863
0.117803
0.117743
0.117683
0.117624
0.117565
0.117506
0.117447
0.117389
0.117331
0.117274
0.117217
0.117160
0.117103
0.117047
0.116991
0.116935
0.116880
0.116824
0.116770
0.116715
0.116661
0.116607
0.116553
0.116500
0.116447
0.116394
0.116341
0.116289
0.116237
0.116185
0.116134
0.116083
0.116032
0.115981
0.115931
0.115881
0.115831
0.115781
0.115732
0.115683
0.115634
0.115586
0.115537
0.115489
0.115441
0.115394
0.115347
0.115300
0.115253
0.115206
0.115160
0.115114
0.115068
0.115023
0.114978
0.114933
0.114888
0.114843
0.114799
0.114755
0.114711
0.114667
0.114624
0.114581
0.114538
0.114495
0.114453
0.114410
0.114368
0.114326
0.114285
0.114243
0.114202
0.114161
0.114121
0.114080
0.114040
0.114000
0.113960
0.113920
0.113881
0.113842
0.113802
0.113764
0.113725
0.113687
0.113648
0.113610
0.113573
0.113535
0.113498
0.113460
0.113423
0.113387
0.113350
0.113313
0.113277
0.113241
0.113205
0.113170
0.113134
0.113099
0.113064
0.113029
0.112994
0.112960
0.112925
0.112891
0.112857
0.112823
0.112790
0.112756
0.112723
0.112690
0.112657
0.112624
0.112592
0.112559
0.112527
0.112495
0.112463
0.112431
0.112400
0.112368
0.112337
0.112306
0.112275
0.112244
0.112214
0.112183
0.112153
0.112123
0.112093
0.112063
0.112034
0.112004
0.111975
0.111946
0.111917
0.111888
0.111859
0.111831
0.111803
0.111774
0.111746
0.111718
0.111691
0.111663
0.111635
0.111608
0.111581
0.111554
0.111527
0.111500
0.111474
0.111447
0.111421
0.111395
0.111369
0.111343
0.111317
0.111291
0.111266
0.111241
0.111215
0.111190
0.111165
0.111141
0.111116
0.111091
0.111067
0.111043
0.111018
0.110994
0.110970
0.110947
0.110923
0.110900
0.110876
0.110853
0.110830
0.110927
0.111360
0.112400
0.114669
0.121306
0.421091
0.398744
0.396954
0.426100
0.473839
0.556648
0.671869
0.787826
0.890678
0.977776
1.050400
1.110480
1.159700
1.199570
1.231590
1.257260
1.278000
1.295000
1.309130
1.320830
1.330160
1.336970
1.341150
1.342880
1.342610
1.340950
1.338420
1.335380
1.332060
1.328570
1.324940
1.321200
1.317360
1.313410
1.309370
1.305220
1.300980
1.296660
1.292240
1.287740
1.283160
1.278510
1.273780
1.268990
1.264130
1.259210
1.254240
1.249210
1.244130
1.239000
1.233840
1.228630
1.223380
1.218110
1.212800
1.207460
1.202100
1.196710
1.191310
1.185880
1.180440
1.174990
1.169520
1.164040
1.158550
1.153050
1.147540
1.142030
1.136520
1.131000
1.125490
1.119970
1.114450
1.108940
1.103430
1.097920
1.092410
1.086920
1.081420
1.075940
1.070460
1.064990
1.059540
1.054090
1.048650
1.043220
1.037800
1.032400
1.027010
1.021630
1.016260
1.010910
1.005570
1.000250
0.994943
0.989650
0.984372
0.979111
0.973866
0.968637
0.963425
0.958230
0.953052
0.947892
0.942750
0.937625
0.932519
0.927431
0.922361
0.917310
0.912279
0.907266
0.902273
0.897299
0.892344
0.887410
0.882495
0.877600
0.872725
0.867871
0.863036
0.858223
0.853430
0.848657
0.843906
0.839175
0.834466
0.829777
0.825110
0.820463
0.815839
0.811235
0.806653
0.802093
0.797554
0.793037
0.788541
0.784068
0.779616
0.775186
0.770779
0.766393
0.762029
0.757687
0.753368
0.749070
0.744795
0.740542
0.736311
0.732102
0.727916
0.723752
0.719611
0.715492
0.711395
0.707320
0.703268
0.699239
0.695231
0.691247
0.687284
0.683344
0.679427
0.675532
0.671659
0.667808
0.663980
0.660175
0.656391
0.652630
0.648892
0.645175
0.641481
0.637809
0.634159
0.630532
0.626926
0.623343
0.619782
0.616243
0.612725
0.609230
0.605757
0.602305
0.598876
0.595468
0.592082
0.588718
0.585375
0.582054
0.578754
0.575476
0.572219
0.568983
0.565769
0.562576
0.559404
0.556253
0.553124
0.550015
0.546927
0.543860
0.540813
0.537787
0.534782
0.531798
0.528833
0.525889
0.522966
0.520062
0.517179
0.514316
0.511472
0.508648
0.505845
0.503060
0.500296
0.497551
0.494825
0.492119
0.489431
0.486763
0.484114
0.481484
0.478873
0.476280
0.473706
0.471151
0.468614
0.466095
0.463594
0.461112
0.458648
0.456202
0.453773
0.451363
0.448969
0.446594
0.444236
0.441895
0.439571
0.437265
0.434975
0.432702
0.430447
0.428207
0.425985
0.423779
0.421589
0.419416
0.417258
0.415117
0.412992
0.410882
0.408788
0.406710
0.404648
0.402600
0.400568
0.398552
0.396550
0.394563
0.392591
0.390634
0.388692
0.386764
0.384851
0.382952
0.381067
0.379196
0.377340
0.375497
0.373668
0.371853
0.370051
0.368263
0.366489
0.364727
0.362979
0.361244
0.359522
0.357813
0.356117
0.354433
0.352762
0.351103
0.349457
0.347823
0.346201
0.344592
0.342994
0.341408
0.339835
0.338272
0.336722
0.335183
0.333655
0.332139
0.330634
0.329140
0.327657
0.326186
0.324725
0.323275
0.321835
0.320406
0.318988
0.317580
0.316183
0.314795
0.313418
0.312051
0.310694
0.309347
0.308010
0.306683
0.305365
0.304057
0.302758
0.301469
0.300189
0.298919
0.297657
0.296405
0.295162
0.293928
0.292702
0.291486
0.290278
0.289079
0.287889
0.286707
0.285533
0.284368
0.283212
0.282063
0.280923
0.279791
0.278667
0.277551
0.276443
0.275343
0.274250
0.273166
0.272089
0.271019
0.269957
0.268903
0.267856
0.266817
0.265785
0.264760
0.263742
0.262731
0.261728
0.260732
0.259742
0.258760
0.257784
0.256815
0.255853
0.254898
0.253950
0.253008
0.252072
0.251143
0.250221
0.249305
0.248395
0.247492
0.246595
0.245704
0.244820
0.243941
0.243069
0.242203
0.241343
0.240488
0.239640
0.238798
0.237961
0.237130
0.236305
0.235486
0.234672
0.233864
0.233061
0.232265
0.231473
0.230687
0.229907
0.229132
0.228362
0.227597
0.226838
0.226084
0.225336
0.224592
0.223854
0.223120
0.222392
0.221669
0.220950
0.220237
0.219529
0.218825
0.218126
0.217432
0.216743
0.216059
0.215379
0.214704
0.214034
0.213368
0.212707
0.212050
0.211398
0.210750
0.210107
0.209468
0.208834
0.208204
0.207578
0.206956
0.206339
0.205726
0.205117
0.204513
0.203912
0.203316
0.202723
0.202135
0.201550
0.200970
0.200394
0.199821
0.199253
0.198688
0.198127
0.197570
0.197017
0.196467
0.195921
0.195379
0.194841
0.194306
0.193775
0.193247
0.192723
0.192202
0.191685
0.191172
0.190662
0.190155
0.189652
0.189152
0.188656
0.188163
0.187673
0.187186
0.186703
0.186223
0.185746
0.185273
0.184802
0.184335
0.183871
0.183410
0.182951
0.182496
0.182045
0.181596
0.181150
0.180707
0.180266
0.179829
0.179395
0.178964
0.178535
0.178109
0.177686
0.177266
0.176849
0.176434
0.176022
0.175613
0.175207
0.174803
0.174402
0.174003
0.173607
0.173214
0.172823
0.172435
0.172049
0.171666
0.171285
0.170907
0.170531
0.170158
0.169787
0.169418
0.169052
0.168688
0.168327
0.167968
0.167611
0.167257
0.166904
0.166554
0.166207
0.165861
0.165518
0.165177
0.164838
0.164501
0.164167
0.163834
0.163504
0.163176
0.162850
0.162526
0.162204
0.161884
0.161566
0.161250
0.160936
0.160624
0.160315
0.160007
0.159701
0.159396
0.159094
0.158794
0.158496
0.158199
0.157904
0.157612
0.157321
0.157031
0.156744
0.156459
0.156175
0.155893
0.155612
0.155334
0.155057
0.154782
0.154509
0.154237
0.153967
0.153699
0.153432
0.153167
0.152904
0.152642
0.152382
0.152123
0.151866
0.151611
0.151357
0.151105
0.150854
0.150605
0.150357
0.150111
0.149867
0.149623
0.149382
0.149142
0.148903
0.148666
0.148430
0.148195
0.147962
0.147731
0.147501
0.147272
0.147044
0.146818
0.146594
0.146370
0.146148
0.145928
0.145708
0.145490
0.145274
0.145058
0.144844
0.144631
0.144420
0.144210
0.144001
0.143793
0.143586
0.143381
0.143177
0.142974
0.142772
0.142572
0.142372
0.142174
0.141977
0.141782
0.141587
0.141394
0.141201
0.141010
0.140820
0.140631
0.140443
0.140256
0.140071
0.139886
0.139703
0.139520
0.139339
0.139159
0.138980
0.138801
0.138624
0.138448
0.138273
0.138099
0.137926
0.137754
0.137583
0.137413
0.137244
0.137076
0.136909
0.136743
0.136578
0.136413
0.136250
0.136088
0.135927
0.135766
0.135607
0.135448
0.135290
0.135133
0.134978
0.134823
0.134669
0.134515
0.134363
0.134212
0.134061
0.133911
0.133762
0.133614
0.133467
0.133321
0.133175
0.133031
0.132887
0.132744
0.132602
0.132460
0.132319
0.132180
0.132041
0.131902
0.131765
0.131628
0.131492
0.131357
0.131223
0.131089
0.130956
0.130824
0.130693
0.130562
0.130433
0.130303
0.130175
0.130047
0.129920
0.129794
0.129668
0.129544
0.129419
0.129296
0.129173
0.129051
0.128930
0.128809
0.128689
0.128570
0.128451
0.128333
0.128215
0.128099
0.127983
0.127867
0.127752
0.127638
0.127525
0.127412
0.127299
0.127188
0.127077
0.126966
0.126857
0.126747
0.126639
0.126531
0.126423
0.126317
0.126210
0.126105
0.126000
0.125895
0.125791
0.125688
0.125585
0.125483
0.125382
0.125281
0.125180
0.125080
0.124981
0.124882
0.124784
0.124686
0.124589
0.124492
0.124396
0.124300
0.124205
0.124110
0.124016
0.123923
0.123830
0.123737
0.123645
0.123553
0.123462
0.123372
0.123282
0.123192
0.123103
0.123015
0.122927
0.122839
0.122752
0.122665
0.122579
0.122493
0.122408
0.122323
0.122239
0.122155
0.122071
0.121988
0.121906
0.121824
0.121742
0.121661
0.121580
0.121500
0.121420
0.121341
0.121261
0.121183
0.121105
0.121027
0.120950
0.120873
0.120796
0.120720
0.120644
0.120569
0.120494
0.120420
0.120346
0.120272
0.120199
0.120126
0.120054
0.119981
0.119910
0.119838
0.119767
0.119697
0.119627
0.119557
0.119488
0.119418
0.119350
0.119282
0.119214
0.119146
0.119079
0.119012
0.118945
0.118879
0.118813
0.118748
0.118683
0.118618
0.118554
0.118490
0.118426
0.118363
0.118300
0.118237
0.118175
0.118113
0.118051
0.117990
0.117928
0.117868
0.117807
0.117747
0.117688
0.117628
0.117569
0.117510
0.117452
0.117394
0.117336
0.117278
0.117221
0.117164
0.117107
0.117051
0.116995
0.116939
0.116884
0.116829
0.116774
0.116719
0.116665
0.116611
0.116557
0.116504
0.116451
0.116398
0.116345
0.116293
0.116241
0.116189
0.116138
0.116087
0.116036
0.115985
0.115935
0.115885
0.115835
0.115785
0.115736
0.115687
0.115638
0.115590
0.115541
0.115493
0.115446
0.115398
0.115351
0.115304
0.115257
0.115210
0.115164
0.115118
0.115072
0.115027
0.114982
0.114937
0.114892
0.114847
0.114803
0.114759
0.114715
0.114671
0.114628
0.114585
0.114542
0.114499
0.114456
0.114414
0.114372
0.114330
0.114289
0.114247
0.114206
0.114165
0.114124
0.114084
0.114044
0.114004
0.113964
0.113924
0.113885
0.113845
0.113806
0.113767
0.113729
0.113690
0.113652
0.113614
0.113576
0.113539
0.113501
0.113464
0.113427
0.113390
0.113354
0.113317
0.113281
0.113245
0.113209
0.113173
0.113138
0.113103
0.113068
0.113033
0.112998
0.112963
0.112929
0.112895
0.112861
0.112827
0.112793
0.112760
0.112727
0.112693
0.112661
0.112628
0.112595
0.112563
0.112530
0.112498
0.112467
0.112435
0.112403
0.112372
0.112341
0.112310
0.112279
0.112248
0.112217
0.112187
0.112157
0.112127
0.112097
0.112067
0.112037
0.112008
0.111979
0.111949
0.111920
0.111892
0.111863
0.111834
0.111806
0.111778
0.111750
0.111722
0.111694
0.111666
0.111639
0.111612
0.111584
0.111557
0.111530
0.111504
0.111477
0.111451
0.111424
0.111398
0.111372
0.111346
0.111320
0.111295
0.111269
0.111244
0.111219
0.111194
0.111169
0.111144
0.111119
0.111095
0.111070
0.111046
0.111022
0.110998
0.110974
0.110950
0.110926
0.110903
0.110879
0.110856
0.110833
