11.663600
11.663600
11.663600
11.663500
11.663500
11.663700
11.666300
11.666500
11.666400
11.666300
11.666200
11.666200
11.666100
11.666000
11.665900
11.665800
11.665800
11.665700
11.665700
11.665600
11.665500
11.665500
11.665400
11.665400
11.665400
11.665300
11.665300
11.665300
11.665200
11.665200
11.665200
11.665200
11.665200
11.665200
11.665200
11.665200
11.665200
11.665200
11.665300
11.665300
11.665300
11.665300
11.665400
11.665400
11.665400
11.665500
11.665500
11.665500
11.665600
11.665600
11.665700
11.665700
11.665800
11.665800
11.665800
11.665900
11.665900
11.666000
11.666100
11.666100
11.666200
11.666200
11.666300
11.666300
11.666400
11.666400
11.666500
11.666600
11.666600
11.666700
11.666700
11.666800
11.666800
11.666900
11.667000
11.667000
11.667100
11.667100
11.667200
11.667300
11.667300
11.667400
11.667500
11.667500
11.667600
11.667600
11.667700
11.667700
11.667800
11.667900
11.667900
11.668000
11.668000
11.668100
11.668200
11.668200
11.668300
11.668300
11.668400
11.668400
11.668500
11.668600
11.668600
11.668700
11.668700
11.668800
11.668800
11.668900
11.668900
11.669000
11.669000
11.669100
11.669100
11.669200
11.669200
11.669300
11.669300
11.669400
11.669400
11.669500
11.669500
11.669600
11.669600
11.669700
11.669700
11.669800
11.669800
11.669900
11.669900
11.670000
11.670000
11.670100
11.670100
11.670100
11.670200
11.670200
11.670300
11.670300
11.670400
11.670400
11.670400
11.670500
11.670500
11.670600
11.670600
11.670600
11.670700
11.670700
11.670800
11.670800
11.670800
11.670900
11.670900
11.671000
11.671000
11.671000
11.671100
11.671100
11.671100
11.671200
11.671200
11.671200
11.671300
11.671300
11.671300
11.671400
11.671400
11.671400
11.671500
11.671500
11.671500
11.671600
11.671600
11.671600
11.671700
11.671700
11.671700
11.671700
11.671800
11.671800
11.671800
11.671900
11.671900
11.671900
11.671900
11.672000
11.672000
11.672000
11.672000
11.672100
11.672100
11.672100
11.672100
11.672200
11.672200
11.672200
11.672200
11.672300
11.672300
11.672300
11.672300
11.672400
11.672400
11.672400
11.672400
11.672400
11.672500
11.672500
11.672500
11.672500
11.672500
11.672600
11.672600
11.672600
11.672600
11.672600
11.672700
11.672700
11.672700
11.672700
11.672700
11.672800
11.672800
11.672800
11.672800
11.672800
11.672800
11.672900
11.672900
11.672900
11.672900
11.672900
11.672900
11.672900
11.673000
11.673000
11.673000
11.673000
11.673000
11.673000
11.673000
11.673000
11.673100
11.673100
11.673100
11.673100
11.673100
11.673100
11.673100
11.673100
11.673200
11.673200
11.673200
11.673200
11.673200
11.673200
11.673200
11.673200
11.673200
11.673200
11.673300
11.673300
11.673300
11.673300
11.673300
11.673300
11.673300
11.673300
11.673300
11.673300
11.673300
11.673300
11.673300
11.673400
11.673400
11.673400
11.673400
11.673400
11.673400
11.673400
11.673400
11.673400
11.673400
11.673400
11.673400
11.673400
11.673400
11.673400
11.673400
11.673400
11.673400
11.673400
11.673400
11.673500
11.673500
11.673500
11.673500
11.673500
11.673500
11.673500
11.673500
11.673500
11.673500
11.673500
11.673500
11.673500
11.673500
11.673500
11.673500
11.673500
11.673500
11.673500
11.673500
11.673500
11.673500
11.673500
11.673500
11.673500
11.673500
11.673500
11.673500
11.673500
11.673500
11.673500
11.673500
11.673500
11.673500
11.673500
11.673500
11.673500
11.673500
11.673500
11.673500
11.673500
11.673500
11.673500
11.673500
11.673500
11.673500
11.673500
11.673500
11.673500
11.673500
11.673500
11.673500
11.673500
11.673500
11.673400
11.673400
11.673400
11.673400
11.673400
11.673400
11.673400
11.673400
11.673400
11.673400
11.673400
11.673400
11.673400
11.673400
11.673400
11.673400
11.673400
11.673400
11.673400
11.673400
11.673400
11.673400
11.673400
11.673400
11.673300
11.673300
11.673300
11.673300
11.673300
11.673300
11.673300
11.673300
11.673300
11.673300
11.673300
11.673300
11.673300
11.673300
11.673300
11.673300
11.673300
11.673200
11.673200
11.673200
11.673200
11.673200
11.673200
11.673200
11.673200
11.673200
11.673200
11.673200
11.673200
11.673200
11.673100
11.673100
11.673100
11.673100
11.673100
11.673100
11.673100
11.673100
11.673100
11.673100
11.673100
11.673100
11.673100
11.673000
11.673000
11.673000
11.673000
11.673000
11.673000
11.673000
11.673000
11.673000
11.673000
11.673000
11.672900
11.672900
11.672900
11.672900
11.672900
11.672900
11.672900
11.672900
11.672900
11.672900
11.672900
11.672800
11.672800
11.672800
11.672800
11.672800
11.672800
11.672800
11.672800
11.672800
11.672700
11.672700
11.672700
11.672700
11.672700
11.672700
11.672700
11.672700
11.672700
11.672700
11.672600
11.672600
11.672600
11.672600
11.672600
11.672600
11.672600
11.672600
11.672600
11.672500
11.672500
11.672500
11.672500
11.672500
11.672500
11.672500
11.672500
11.672500
11.672400
11.672400
11.672400
11.672400
11.672400
11.672400
11.672400
11.672400
11.672300
11.672300
11.672300
11.672300
11.672300
11.672300
11.672300
11.672300
11.672200
11.672200
11.672200
11.672200
11.672200
11.672200
11.672200
11.672200
11.672100
11.672100
11.672100
11.672100
11.672100
11.672100
11.672100
11.672100
11.672000
11.672000
11.672000
11.672000
11.672000
11.672000
11.672000
11.672000
11.671900
11.671900
11.671900
11.671900
11.671900
11.671900
11.671900
11.671800
11.671800
11.671800
11.671800
11.671800
11.671800
11.671800
11.671800
11.671700
11.671700
11.671700
11.671700
11.671700
11.671700
11.671700
11.671600
11.671600
11.671600
11.671600
11.671600
11.671600
11.671600
11.671500
11.671500
11.671500
11.671500
11.671500
11.671500
11.671500
11.671400
11.671400
11.671400
11.671400
11.671400
11.671400
11.671400
11.671300
11.671300
11.671300
11.671300
11.671300
11.671300
11.671300
11.671200
11.671200
11.671200
11.671200
11.671200
11.671200
11.671200
11.671100
11.671100
11.671100
11.671100
11.671100
11.671100
11.671100
11.671000
11.671000
11.671000
11.671000
11.671000
11.671000
11.670900
11.670900
11.670900
11.670900
11.670900
11.670900
11.670900
11.670800
11.670800
11.670800
11.670800
11.670800
11.670800
11.670700
11.670700
11.670700
11.670700
11.670700
11.670700
11.670700
11.670600
11.670600
11.670600
11.670600
11.670600
11.670600
11.670500
11.670500
11.670500
11.670500
11.670500
11.670500
11.670500
11.670400
11.670400
11.670400
11.670400
11.670400
11.670400
11.670300
11.670300
11.670300
11.670300
11.670300
11.670300
11.670200
11.670200
11.670200
11.670200
11.670200
11.670200
11.670200
11.670100
11.670100
11.670100
11.670100
11.670100
11.670100
11.670000
11.670000
11.670000
11.670000
11.670000
11.670000
11.669900
11.669900
11.669900
11.669900
11.669900
11.669900
11.669800
11.669800
11.669800
11.669800
11.669800
11.669800
11.669700
11.669700
11.669700
11.669700
11.669700
11.669700
11.669600
11.669600
11.669600
11.669600
11.669600
11.669600
11.669500
11.669500
11.669500
11.669500
11.669500
11.669500
11.669400
11.669400
11.669400
11.669400
11.669400
11.669400
11.669300
11.669300
11.669300
11.669300
11.669300
11.669300
11.669200
11.669200
11.669200
11.669200
11.669200
11.669200
11.669100
11.669100
11.669100
11.669100
11.669100
11.669100
11.669000
11.669000
11.669000
11.669000
11.669000
11.669000
11.668900
11.668900
11.668900
11.668900
11.668900
11.668900
11.668800
11.668800
11.668800
11.668800
11.668800
11.668800
11.668700
11.668700
11.668700
11.668700
11.668700
11.668700
11.668600
11.668600
11.668600
11.668600
11.668600
11.668600
11.668500
11.668500
11.668500
11.668500
11.668500
11.668400
11.668400
11.668400
11.668400
11.668400
11.668400
11.668300
11.668300
11.668300
11.668300
11.668300
11.668300
11.668200
11.668200
11.668200
11.668200
11.668200
11.668200
11.668100
11.668100
11.668100
11.668100
11.668100
11.668000
11.668000
11.668000
11.668000
11.668000
11.668000
11.667900
11.667900
11.667900
11.667900
11.667900
11.667900
11.667800
11.667800
11.667800
11.667800
11.667800
11.667700
11.667700
11.667700
11.667700
11.667700
11.667700
11.667600
11.667600
11.667600
11.667600
11.667600
11.667600
11.667500
11.667500
11.667500
11.667500
11.667500
11.667400
11.667400
11.667400
11.667400
11.667400
11.667400
11.667300
11.667300
11.667300
11.667300
11.667300
11.667300
11.667200
11.667200
11.667200
11.667200
11.667200
11.667100
11.667100
11.667100
11.667100
11.667100
11.667100
11.667000
11.667000
11.667000
11.667000
11.667000
11.667000
11.666900
11.666900
11.666900
11.666900
11.666900
11.666800
11.666800
11.666800
11.666800
11.666800
11.666800
11.666700
11.666700
11.666700
11.666700
11.666700
11.666600
11.666600
11.666600
11.666600
11.666600
11.666600
11.666500
11.666500
11.666500
11.666500
11.666500
11.666400
11.666400
11.666400
11.666400
11.666400
11.666400
11.666300
11.666300
11.666300
11.666300
11.666300
11.666300
11.666200
11.666200
11.666200
11.666200
11.666200
11.666100
11.666100
11.666100
11.666100
11.666100
11.666100
11.666000
11.666000
11.666000
11.666000
11.666000
11.665900
11.665900
11.665900
11.665900
11.665900
11.665900
11.665800
11.665800
11.665800
11.665800
11.665800
11.665700
11.665700
11.665700
11.665700
11.665700
11.665700
11.665600
11.665600
11.665600
11.665600
11.665600
11.665500
11.665500
11.665500
11.665500
11.665500
11.665500
11.665400
11.665400
11.665400
11.665400
11.665400
11.665300
11.665300
11.665300
11.665300
11.665300
11.665300
11.665200
11.665200
11.665200
11.665200
11.665200
11.665100
11.665100
11.665100
11.665100
11.665100
11.665000
11.665000
11.665000
11.665000
11.665000
11.665000
11.664900
11.664900
11.664900
11.664900
11.664900
11.664800
11.664800
11.664800
11.664800
11.664800
11.664800
11.664700
11.664700
11.664700
11.664700
11.664700
11.664600
11.664600
11.664600
11.664600
11.664600
11.664600
11.664500
11.664500
11.664500
11.664500
11.664500
11.664400
11.664400
11.664400
11.664400
11.664400
11.664400
11.664300
11.664300
11.664300
11.664300
11.664300
11.664200
11.664200
11.664200
11.664200
11.664200
11.664100
11.664100
11.664100
11.664100
11.664100
11.664100
11.664000
11.664000
11.664000
11.664000
11.664000
11.663900
11.663900
11.663900
11.663900
11.663900
11.663900
11.663800
11.663800
11.663800
11.663800
11.663800
11.663700
11.663700
11.663700
11.663700
11.663700
11.663600
11.663600
11.663600
11.663800
11.666400
11.666600
11.666500
11.666400
11.666300
11.666200
11.666200
11.666100
11.666000
11.665900
11.665900
11.665800
11.665700
11.665700
11.665600
11.665600
11.665500
11.665500
11.665400
11.665400
11.665400
11.665300
11.665300
11.665300
11.665300
11.665300
11.665300
11.665300
11.665300
11.665300
11.665300
11.665300
11.665300
11.665400
11.665400
11.665400
11.665400
11.665500
11.665500
11.665500
11.665600
11.665600
11.665700
11.665700
11.665700
11.665800
11.665800
11.665900
11.665900
11.666000
11.666000
11.666100
11.666100
11.666200
11.666200
11.666300
11.666400
11.666400
11.666500
11.666500
11.666600
11.666600
11.666700
11.666800
11.666800
11.666900
11.666900
11.667000
11.667100
11.667100
11.667200
11.667200
11.667300
11.667400
11.667400
11.667500
11.667500
11.667600
11.667700
11.667700
11.667800
11.667800
11.667900
11.667900
11.668000
11.668100
11.668100
11.668200
11.668200
11.668300
11.668400
11.668400
11.668500
11.668500
11.668600
11.668600
11.668700
11.668700
11.668800
11.668900
11.668900
11.669000
11.669000
11.669100
11.669100
11.669200
11.669200
11.669300
11.669300
11.669400
11.669400
11.669500
11.669500
11.669600
11.669600
11.669700
11.669700
11.669800
11.669800
11.669900
11.669900
11.670000
11.670000
11.670100
11.670100
11.670100
11.670200
11.670200
11.670300
11.670300
11.670400
11.670400
11.670400
11.670500
11.670500
11.670600
11.670600
11.670700
11.670700
11.670700
11.670800
11.670800
11.670800
11.670900
11.670900
11.671000
11.671000
11.671000
11.671100
11.671100
11.671100
11.671200
11.671200
11.671300
11.671300
11.671300
11.671400
11.671400
11.671400
11.671500
11.671500
11.671500
11.671600
11.671600
11.671600
11.671600
11.671700
11.671700
11.671700
11.671800
11.671800
11.671800
11.671900
11.671900
11.671900
11.671900
11.672000
11.672000
11.672000
11.672100
11.672100
11.672100
11.672100
11.672200
11.672200
11.672200
11.672200
11.672300
11.672300
11.672300
11.672300
11.672400
11.672400
11.672400
11.672400
11.672400
11.672500
11.672500
11.672500
11.672500
11.672600
11.672600
11.672600
11.672600
11.672600
11.672700
11.672700
11.672700
11.672700
11.672700
11.672700
11.672800
11.672800
11.672800
11.672800
11.672800
11.672900
11.672900
11.672900
11.672900
11.672900
11.672900
11.673000
11.673000
11.673000
11.673000
11.673000
11.673000
11.673000
11.673100
11.673100
11.673100
11.673100
11.673100
11.673100
11.673100
11.673100
11.673200
11.673200
11.673200
11.673200
11.673200
11.673200
11.673200
11.673200
11.673200
11.673300
11.673300
11.673300
11.673300
11.673300
11.673300
11.673300
11.673300
11.673300
11.673300
11.673400
11.673400
11.673400
11.673400
11.673400
11.673400
11.673400
11.673400
11.673400
11.673400
11.673400
11.673400
11.673400
11.673500
11.673500
11.673500
11.673500
11.673500
11.673500
11.673500
11.673500
11.673500
11.673500
11.673500
11.673500
11.673500
11.673500
11.673500
11.673500
11.673500
11.673500
11.673500
11.673500
11.673500
11.673500
11.673500
11.673600
11.673600
11.673600
11.673600
11.673600
11.673600
11.673600
11.673600
11.673600
11.673600
11.673600
11.673600
11.673600
11.673600
11.673600
11.673600
11.673600
11.673600
11.673600
11.673600
11.673600
11.673600
11.673600
11.673600
11.673600
11.673600
11.673600
11.673600
11.673600
11.673600
11.673600
11.673600
11.673600
11.673600
11.673600
11.673600
11.673600
11.673600
11.673600
11.673600
11.673600
11.673600
11.673600
11.673600
11.673500
11.673500
11.673500
11.673500
11.673500
11.673500
11.673500
11.673500
11.673500
11.673500
11.673500
11.673500
11.673500
11.673500
11.673500
11.673500
11.673500
11.673500
11.673500
11.673500
11.673500
11.673500
11.673500
11.673500
11.673500
11.673500
11.673400
11.673400
11.673400
11.673400
11.673400
11.673400
11.673400
11.673400
11.673400
11.673400
11.673400
11.673400
11.673400
11.673400
11.673400
11.673400
11.673400
11.673300
11.673300
11.673300
11.673300
11.673300
11.673300
11.673300
11.673300
11.673300
11.673300
11.673300
11.673300
11.673300
11.673300
11.673200
11.673200
11.673200
11.673200
11.673200
11.673200
11.673200
11.673200
11.673200
11.673200
11.673200
11.673200
11.673200
11.673100
11.673100
11.673100
11.673100
11.673100
11.673100
11.673100
11.673100
11.673100
11.673100
11.673100
11.673000
11.673000
11.673000
11.673000
11.673000
11.673000
11.673000
11.673000
11.673000
11.673000
11.673000
11.672900
11.672900
11.672900
11.672900
11.672900
11.672900
11.672900
11.672900
11.672900
11.672900
11.672800
11.672800
11.672800
11.672800
11.672800
11.672800
11.672800
11.672800
11.672800
11.672700
11.672700
11.672700
11.672700
11.672700
11.672700
11.672700
11.672700
11.672700
11.672600
11.672600
11.672600
11.672600
11.672600
11.672600
11.672600
11.672600
11.672600
11.672500
11.672500
11.672500
11.672500
11.672500
11.672500
11.672500
11.672500
11.672500
11.672400
11.672400
11.672400
11.672400
11.672400
11.672400
11.672400
11.672400
11.672300
11.672300
11.672300
11.672300
11.672300
11.672300
11.672300
11.672300
11.672200
11.672200
11.672200
11.672200
11.672200
11.672200
11.672200
11.672200
11.672100
11.672100
11.672100
11.672100
11.672100
11.672100
11.672100
11.672100
11.672000
11.672000
11.672000
11.672000
11.672000
11.672000
11.672000
11.671900
11.671900
11.671900
11.671900
11.671900
11.671900
11.671900
11.671900
11.671800
11.671800
11.671800
11.671800
11.671800
11.671800
11.671800
11.671700
11.671700
11.671700
11.671700
11.671700
11.671700
11.671700
11.671600
11.671600
11.671600
11.671600
11.671600
11.671600
11.671600
11.671500
11.671500
11.671500
11.671500
11.671500
11.671500
11.671500
11.671400
11.671400
11.671400
11.671400
11.671400
11.671400
11.671400
11.671300
11.671300
11.671300
11.671300
11.671300
11.671300
11.671300
11.671200
11.671200
11.671200
11.671200
11.671200
11.671200
11.671200
11.671100
11.671100
11.671100
11.671100
11.671100
11.671100
11.671000
11.671000
11.671000
11.671000
11.671000
11.671000
11.671000
11.670900
11.670900
11.670900
11.670900
11.670900
11.670900
11.670800
11.670800
11.670800
11.670800
11.670800
11.670800
11.670800
11.670700
11.670700
11.670700
11.670700
11.670700
11.670700
11.670600
11.670600
11.670600
11.670600
11.670600
11.670600
11.670600
11.670500
11.670500
11.670500
11.670500
11.670500
11.670500
11.670400
11.670400
11.670400
11.670400
11.670400
11.670400
11.670300
11.670300
11.670300
11.670300
11.670300
11.670300
11.670300
11.670200
11.670200
11.670200
11.670200
11.670200
11.670200
11.670100
11.670100
11.670100
11.670100
11.670100
11.670100
11.670000
11.670000
11.670000
11.670000
11.670000
11.670000
11.669900
11.669900
11.669900
11.669900
11.669900
11.669900
11.669800
11.669800
11.669800
11.669800
11.669800
11.669800
11.669700
11.669700
11.669700
11.669700
11.669700
11.669700
11.669600
11.669600
11.669600
11.669600
11.669600
11.669600
11.669500
11.669500
11.669500
11.669500
11.669500
11.669500
11.669400
11.669400
11.669400
11.669400
11.669400
11.669400
11.669300
11.669300
11.669300
11.669300
11.669300
11.669300
11.669200
11.669200
11.669200
11.669200
11.669200
11.669200
11.669100
11.669100
11.669100
11.669100
11.669100
11.669100
11.669000
11.669000
11.669000
11.669000
11.669000
11.669000
11.668900
11.668900
11.668900
11.668900
11.668900
11.668900
11.668800
11.668800
11.668800
11.668800
11.668800
11.668800
11.668700
11.668700
11.668700
11.668700
11.668700
11.668700
11.668600
11.668600
11.668600
11.668600
11.668600
11.668500
11.668500
11.668500
11.668500
11.668500
11.668500
11.668400
11.668400
11.668400
11.668400
11.668400
11.668400
11.668300
11.668300
11.668300
11.668300
11.668300
11.668300
11.668200
11.668200
11.668200
11.668200
11.668200
11.668100
11.668100
11.668100
11.668100
11.668100
11.668100
11.668000
11.668000
11.668000
11.668000
11.668000
11.668000
11.667900
11.667900
11.667900
11.667900
11.667900
11.667900
11.667800
11.667800
11.667800
11.667800
11.667800
11.667700
11.667700
11.667700
11.667700
11.667700
11.667700
11.667600
11.667600
11.667600
11.667600
11.667600
11.667600
11.667500
11.667500
11.667500
11.667500
11.667500
11.667400
11.667400
11.667400
11.667400
11.667400
11.667400
11.667300
11.667300
11.667300
11.667300
11.667300
11.667200
11.667200
11.667200
11.667200
11.667200
11.667200
11.667100
11.667100
11.667100
11.667100
11.667100
11.667100
11.667000
11.667000
11.667000
11.667000
11.667000
11.666900
11.666900
11.666900
11.666900
11.666900
11.666900
11.666800
11.666800
11.666800
11.666800
11.666800
11.666700
11.666700
11.666700
11.666700
11.666700
11.666700
11.666600
11.666600
11.666600
11.666600
11.666600
11.666600
11.666500
11.666500
11.666500
11.666500
11.666500
11.666400
11.666400
11.666400
11.666400
11.666400
11.666400
11.666300
11.666300
11.666300
11.666300
11.666300
11.666200
11.666200
11.666200
11.666200
11.666200
11.666200
11.666100
11.666100
11.666100
11.666100
11.666100
11.666000
11.666000
11.666000
11.666000
11.666000
11.666000
11.665900
11.665900
11.665900
11.665900
11.665900
11.665800
11.665800
11.665800
11.665800
11.665800
11.665800
11.665700
11.665700
11.665700
11.665700
11.665700
11.665600
11.665600
11.665600
11.665600
11.665600
11.665600
11.665500
11.665500
11.665500
11.665500
11.665500
11.665400
11.665400
11.665400
11.665400
11.665400
11.665400
11.665300
11.665300
11.665300
11.665300
11.665300
11.665200
11.665200
11.665200
11.665200
11.665200
11.665200
11.665100
11.665100
11.665100
11.665100
11.665100
11.665000
11.665000
11.665000
11.665000
11.665000
11.664900
11.664900
11.664900
11.664900
11.664900
11.664900
11.664800
11.664800
11.664800
11.664800
11.664800
11.664700
11.664700
11.664700
11.664700
11.664700
11.664700
11.664600
11.664600
11.664600
11.664600
11.664600
11.664500
11.664500
11.664500
11.664500
11.664500
11.664500
11.664400
11.664400
11.664400
11.664400
11.664400
11.664300
11.664300
11.664300
11.664300
11.664300
11.664200
11.664200
11.664200
11.664200
11.664200
11.664200
11.664100
11.664100
11.664100
11.664100
11.664100
11.664000
11.664000
11.664000
11.664000
11.664000
11.664000
11.663900
11.663900
11.663900
11.663900
11.663900
11.663800
11.663800
11.663800
11.663800
11.663800
11.663700
11.663700
11.663700
11.663700
11.663800
11.666500
11.666700
11.666600
11.666500
11.666400
11.666300
11.666200
11.666200
11.666100
11.666000
11.665900
11.665900
11.665800
11.665800
11.665700
11.665700
11.665600
11.665600
11.665500
11.665500
11.665500
11.665400
11.665400
11.665400
11.665400
11.665400
11.665400
11.665400
11.665400
11.665400
11.665400
11.665400
11.665400
11.665400
11.665500
11.665500
11.665500
11.665600
11.665600
11.665600
11.665700
11.665700
11.665700
11.665800
11.665800
11.665900
11.665900
11.666000
11.666000
11.666100
11.666100
11.666200
11.666200
11.666300
11.666300
11.666400
11.666400
11.666500
11.666500
11.666600
11.666700
11.666700
11.666800
11.666800
11.666900
11.667000
11.667000
11.667100
11.667100
11.667200
11.667300
11.667300
11.667400
11.667400
11.667500
11.667600
11.667600
11.667700
11.667700
11.667800
11.667900
11.667900
11.668000
11.668000
11.668100
11.668200
11.668200
11.668300
11.668300
11.668400
11.668400
11.668500
11.668600
11.668600
11.668700
11.668700
11.668800
11.668800
11.668900
11.668900
11.669000
11.669000
11.669100
11.669200
11.669200
11.669300
11.669300
11.669400
11.669400
11.669500
11.669500
11.669600
11.669600
11.669700
11.669700
11.669800
11.669800
11.669900
11.669900
11.669900
11.670000
11.670000
11.670100
11.670100
11.670200
11.670200
11.670300
11.670300
11.670400
11.670400
11.670400
11.670500
11.670500
11.670600
11.670600
11.670700
11.670700
11.670700
11.670800
11.670800
11.670900
11.670900
11.670900
11.671000
11.671000
11.671000
11.671100
11.671100
11.671200
11.671200
11.671200
11.671300
11.671300
11.671300
11.671400
11.671400
11.671400
11.671500
11.671500
11.671500
11.671600
11.671600
11.671600
11.671700
11.671700
11.671700
11.671800
11.671800
11.671800
11.671900
11.671900
11.671900
11.671900
11.672000
11.672000
11.672000
11.672100
11.672100
11.672100
11.672100
11.672200
11.672200
11.672200
11.672200
11.672300
11.672300
11.672300
11.672300
11.672400
11.672400
11.672400
11.672400
11.672500
11.672500
11.672500
11.672500
11.672500
11.672600
11.672600
11.672600
11.672600
11.672700
11.672700
11.672700
11.672700
11.672700
11.672800
11.672800
11.672800
11.672800
11.672800
11.672800
11.672900
11.672900
11.672900
11.672900
11.672900
11.673000
11.673000
11.673000
11.673000
11.673000
11.673000
11.673000
11.673100
11.673100
11.673100
11.673100
11.673100
11.673100
11.673200
11.673200
11.673200
11.673200
11.673200
11.673200
11.673200
11.673200
11.673300
11.673300
11.673300
11.673300
11.673300
11.673300
11.673300
11.673300
11.673300
11.673400
11.673400
11.673400
11.673400
11.673400
11.673400
11.673400
11.673400
11.673400
11.673400
11.673400
11.673500
11.673500
11.673500
11.673500
11.673500
11.673500
11.673500
11.673500
11.673500
11.673500
11.673500
11.673500
11.673500
11.673500
11.673600
11.673600
11.673600
11.673600
11.673600
11.673600
11.673600
11.673600
11.673600
11.673600
11.673600
11.673600
11.673600
11.673600
11.673600
11.673600
11.673600
11.673600
11.673600
11.673600
11.673600
11.673600
11.673600
11.673600
11.673600
11.673600
11.673600
11.673700
11.673700
11.673700
11.673700
11.673700
11.673700
11.673700
11.673700
11.673700
11.673700
11.673700
11.673700
11.673700
11.673700
11.673700
11.673700
11.673700
11.673700
11.673700
11.673700
11.673700
11.673700
11.673700
11.673700
11.673700
11.673700
11.673700
11.673700
11.673700
11.673600
11.673600
11.673600
11.673600
11.673600
11.673600
11.673600
11.673600
11.673600
11.673600
11.673600
11.673600
11.673600
11.673600
11.673600
11.673600
11.673600
11.673600
11.673600
11.673600
11.673600
11.673600
11.673600
11.673600
11.673600
11.673600
11.673600
11.673600
11.673600
11.673600
11.673600
11.673500
11.673500
11.673500
11.673500
11.673500
11.673500
11.673500
11.673500
11.673500
11.673500
11.673500
11.673500
11.673500
11.673500
11.673500
11.673500
11.673500
11.673500
11.673400
11.673400
11.673400
11.673400
11.673400
11.673400
11.673400
11.673400
11.673400
11.673400
11.673400
11.673400
11.673400
11.673400
11.673300
11.673300
11.673300
11.673300
11.673300
11.673300
11.673300
11.673300
11.673300
11.673300
11.673300
11.673300
11.673300
11.673200
11.673200
11.673200
11.673200
11.673200
11.673200
11.673200
11.673200
11.673200
11.673200
11.673200
11.673100
11.673100
11.673100
11.673100
11.673100
11.673100
11.673100
11.673100
11.673100
11.673100
11.673100
11.673000
11.673000
11.673000
11.673000
11.673000
11.673000
11.673000
11.673000
11.673000
11.673000
11.672900
11.672900
11.672900
11.672900
11.672900
11.672900
11.672900
11.672900
11.672900
11.672900
11.672800
11.672800
11.672800
11.672800
11.672800
11.672800
11.672800
11.672800
11.672800
11.672700
11.672700
11.672700
11.672700
11.672700
11.672700
11.672700
11.672700
11.672700
11.672600
11.672600
11.672600
11.672600
11.672600
11.672600
11.672600
11.672600
11.672500
11.672500
11.672500
11.672500
11.672500
11.672500
11.672500
11.672500
11.672500
11.672400
11.672400
11.672400
11.672400
11.672400
11.672400
11.672400
11.672400
11.672300
11.672300
11.672300
11.672300
11.672300
11.672300
11.672300
11.672300
11.672200
11.672200
11.672200
11.672200
11.672200
11.672200
11.672200
11.672100
11.672100
11.672100
11.672100
11.672100
11.672100
11.672100
11.672100
11.672000
11.672000
11.672000
11.672000
11.672000
11.672000
11.672000
11.671900
11.671900
11.671900
11.671900
11.671900
11.671900
11.671900
11.671900
11.671800
11.671800
11.671800
11.671800
11.671800
11.671800
11.671800
11.671700
11.671700
11.671700
11.671700
11.671700
11.671700
11.671700
11.671600
11.671600
11.671600
11.671600
11.671600
11.671600
11.671600
11.671500
11.671500
11.671500
11.671500
11.671500
11.671500
11.671500
11.671400
11.671400
11.671400
11.671400
11.671400
11.671400
11.671400
11.671300
11.671300
11.671300
11.671300
11.671300
11.671300
11.671200
11.671200
11.671200
11.671200
11.671200
11.671200
11.671200
11.671100
11.671100
11.671100
11.671100
11.671100
11.671100
11.671100
11.671000
11.671000
11.671000
11.671000
11.671000
11.671000
11.670900
11.670900
11.670900
11.670900
11.670900
11.670900
11.670900
11.670800
11.670800
11.670800
11.670800
11.670800
11.670800
11.670700
11.670700
11.670700
11.670700
11.670700
11.670700
11.670700
11.670600
11.670600
11.670600
11.670600
11.670600
11.670600
11.670500
11.670500
11.670500
11.670500
11.670500
11.670500
11.670400
11.670400
11.670400
11.670400
11.670400
11.670400
11.670400
11.670300
11.670300
11.670300
11.670300
11.670300
11.670300
11.670200
11.670200
11.670200
11.670200
11.670200
11.670200
11.670100
11.670100
11.670100
11.670100
11.670100
11.670100
11.670000
11.670000
11.670000
11.670000
11.670000
11.670000
11.669900
11.669900
11.669900
11.669900
11.669900
11.669900
11.669800
11.669800
11.669800
11.669800
11.669800
11.669800
11.669700
11.669700
11.669700
11.669700
11.669700
11.669700
11.669600
11.669600
11.669600
11.669600
11.669600
11.669600
11.669500
11.669500
11.669500
11.669500
11.669500
11.669500
11.669400
11.669400
11.669400
11.669400
11.669400
11.669400
11.669300
11.669300
11.669300
11.669300
11.669300
11.669300
11.669200
11.669200
11.669200
11.669200
11.669200
11.669200
11.669100
11.669100
11.669100
11.669100
11.669100
11.669100
11.669000
11.669000
11.669000
11.669000
11.669000
11.669000
11.668900
11.668900
11.668900
11.668900
11.668900
11.668900
11.668800
11.668800
11.668800
11.668800
11.668800
11.668800
11.668700
11.668700
11.668700
11.668700
11.668700
11.668600
11.668600
11.668600
11.668600
11.668600
11.668600
11.668500
11.668500
11.668500
11.668500
11.668500
11.668500
11.668400
11.668400
11.668400
11.668400
11.668400
11.668400
11.668300
11.668300
11.668300
11.668300
11.668300
11.668300
11.668200
11.668200
11.668200
11.668200
11.668200
11.668100
11.668100
11.668100
11.668100
11.668100
11.668100
11.668000
11.668000
11.668000
11.668000
11.668000
11.668000
11.667900
11.667900
11.667900
11.667900
11.667900
11.667800
11.667800
11.667800
11.667800
11.667800
11.667800
11.667700
11.667700
11.667700
11.667700
11.667700
11.667700
11.667600
11.667600
11.667600
11.667600
11.667600
11.667500
11.667500
11.667500
11.667500
11.667500
11.667500
11.667400
11.667400
11.667400
11.667400
11.667400
11.667400
11.667300
11.667300
11.667300
11.667300
11.667300
11.667200
11.667200
11.667200
11.667200
11.667200
11.667200
11.667100
11.667100
11.667100
11.667100
11.667100
11.667000
11.667000
11.667000
11.667000
11.667000
11.667000
11.666900
11.666900
11.666900
11.666900
11.666900
11.666900
11.666800
11.666800
11.666800
11.666800
11.666800
11.666700
11.666700
11.666700
11.666700
11.666700
11.666700
11.666600
11.666600
11.666600
11.666600
11.666600
11.666500
11.666500
11.666500
11.666500
11.666500
11.666500
11.666400
11.666400
11.666400
11.666400
11.666400
11.666300
11.666300
11.666300
11.666300
11.666300
11.666300
11.666200
11.666200
11.666200
11.666200
11.666200
11.666100
11.666100
11.666100
11.666100
11.666100
11.666100
11.666000
11.666000
11.666000
11.666000
11.666000
11.665900
11.665900
11.665900
11.665900
11.665900
11.665900
11.665800
11.665800
11.665800
11.665800
11.665800
11.665700
11.665700
11.665700
11.665700
11.665700
11.665700
11.665600
11.665600
11.665600
11.665600
11.665600
11.665500
11.665500
11.665500
11.665500
11.665500
11.665500
11.665400
11.665400
11.665400
11.665400
11.665400
11.665300
11.665300
11.665300
11.665300
11.665300
11.665300
11.665200
11.665200
11.665200
11.665200
11.665200
11.665100
11.665100
11.665100
11.665100
11.665100
11.665100
11.665000
11.665000
11.665000
11.665000
11.665000
11.664900
11.664900
11.664900
11.664900
11.664900
11.664800
11.664800
11.664800
11.664800
11.664800
11.664800
11.664700
11.664700
11.664700
11.664700
11.664700
11.664600
11.664600
11.664600
11.664600
11.664600
11.664600
11.664500
11.664500
11.664500
11.664500
11.664500
11.664400
11.664400
11.664400
11.664400
11.664400
11.664400
11.664300
11.664300
11.664300
11.664300
11.664300
11.664200
11.664200
11.664200
11.664200
11.664200
11.664100
11.664100
11.664100
11.664100
11.664100
11.664100
11.664000
11.664000
11.664000
11.664000
11.664000
11.663900
11.663900
11.663900
11.663900
11.663900
11.663900
