0.084358
0.084442
0.084765
0.085473
0.086855
0.089619
0.102352
0.351185
0.327379
0.342472
0.391012
0.488364
0.627205
0.765133
0.882850
0.977104
1.050370
1.106100
1.147510
1.177640
1.199320
1.215000
1.226460
1.234580
1.239380
1.240530
1.238070
1.232800
1.225850
1.218170
1.210310
1.202480
1.194730
1.187040
1.179350
1.171650
1.163900
1.156100
1.148250
1.140340
1.132380
1.124370
1.116310
1.108220
1.100090
1.091940
1.083770
1.075580
1.067390
1.059190
1.050990
1.042800
1.034620
1.026460
1.018310
1.010190
1.002080
0.994005
0.985956
0.977938
0.969953
0.962001
0.954086
0.946207
0.938367
0.930567
0.922808
0.915090
0.907416
0.899784
0.892197
0.884655
0.877159
0.869709
0.862306
0.854949
0.847641
0.840381
0.833169
0.826006
0.818893
0.811829
0.804815
0.797852
0.790938
0.784076
0.777264
0.770503
0.763794
0.757136
0.750530
0.743976
0.737473
0.731023
0.724625
0.718279
0.711985
0.705744
0.699555
0.693418
0.687334
0.681303
0.675324
0.669397
0.663523
0.657702
0.651933
0.646216
0.640551
0.634939
0.629379
0.623871
0.618414
0.613010
0.607657
0.602356
0.597106
0.591907
0.586759
0.581662
0.576615
0.571620
0.566674
0.561778
0.556932
0.552136
0.547389
0.542691
0.538041
0.533440
0.528888
0.524383
0.519926
0.515516
0.511154
0.506838
0.502568
0.498345
0.494167
0.490035
0.485947
0.481905
0.477907
0.473953
0.470042
0.466175
0.462351
0.458569
0.454829
0.451132
0.447476
0.443860
0.440286
0.436752
0.433257
0.429803
0.426387
0.423010
0.419672
0.416371
0.413109
0.409883
0.406694
0.403542
0.400425
0.397345
0.394299
0.391289
0.388313
0.385371
0.382463
0.379588
0.376746
0.373936
0.371159
0.368414
0.365700
0.363017
0.360365
0.357744
0.355152
0.352590
0.350057
0.347553
0.345078
0.342631
0.340212
0.337820
0.335456
0.333119
0.330808
0.328523
0.326264
0.324031
0.321823
0.319639
0.317481
0.315346
0.313236
0.311149
0.309086
0.307046
0.305028
0.303033
0.301061
0.299110
0.297181
0.295273
0.293386
0.291520
0.289675
0.287850
0.286045
0.284260
0.282494
0.280748
0.279020
0.277312
0.275622
0.273950
0.272296
0.270661
0.269042
0.267442
0.265858
0.264291
0.262741
0.261208
0.259691
0.258190
0.256704
0.255235
0.253781
0.252342
0.250919
0.249510
0.248117
0.246737
0.245372
0.244022
0.242685
0.241362
0.240053
0.238757
0.237474
0.236205
0.234949
0.233705
0.232475
0.231256
0.230051
0.228857
0.227675
0.226506
0.225348
0.224201
0.223067
0.221943
0.220831
0.219730
0.218639
0.217560
0.216491
0.215433
0.214385
0.213348
0.212320
0.211303
0.210296
0.209298
0.208310
0.207332
0.206363
0.205404
0.204453
0.203512
0.202580
0.201657
0.200743
0.199837
0.198940
0.198052
0.197172
0.196300
0.195436
0.194581
0.193733
0.192894
0.192062
0.191239
0.190422
0.189614
0.188813
0.188019
0.187233
0.186453
0.185682
0.184917
0.184159
0.183408
0.182664
0.181926
0.181195
0.180471
0.179754
0.179043
0.178338
0.177640
0.176948
0.176262
0.175582
0.174908
0.174240
0.173578
0.172922
0.172272
0.171627
0.170989
0.170355
0.169728
0.169105
0.168489
0.167877
0.167271
0.166670
0.166074
0.165484
0.164898
0.164318
0.163742
0.163172
0.162606
0.162045
0.161489
0.160937
0.160391
0.159848
0.159311
0.158778
0.158249
0.157725
0.157205
0.156690
0.156179
0.155672
0.155169
0.154670
0.154176
0.153686
0.153199
0.152717
0.152239
0.151764
0.151294
0.150827
0.150364
0.149905
0.149449
0.148997
0.148549
0.148105
0.147664
0.147226
0.146792
0.146362
0.145935
0.145511
0.145091
0.144674
0.144260
0.143850
0.143443
0.143039
0.142638
0.142240
0.141846
0.141454
0.141066
0.140681
0.140298
0.139919
0.139542
0.139169
0.138798
0.138430
0.138065
0.137703
0.137344
0.136987
0.136633
0.136282
0.135933
0.135587
0.135244
0.134903
0.134565
0.134230
0.133897
0.133566
0.133238
0.132912
0.132589
0.132269
0.131950
0.131634
0.131320
0.131009
0.130700
0.130393
0.130089
0.129787
0.129487
0.129189
0.128893
0.128600
0.128308
0.128019
0.127732
0.127447
0.127164
0.126883
0.126605
0.126328
0.126053
0.125780
0.125509
0.125240
0.124973
0.124708
0.124445
0.124184
0.123924
0.123666
0.123411
0.123157
0.122905
0.122654
0.122406
0.122159
0.121914
0.121670
0.121429
0.121189
0.120950
0.120714
0.120479
0.120245
0.120014
0.119784
0.119555
0.119328
0.119103
0.118879
0.118657
0.118436
0.118217
0.117999
0.117783
0.117568
0.117355
0.117143
0.116933
0.116724
0.116517
0.116311
0.116106
0.115903
0.115701
0.115501
0.115301
0.115104
0.114907
0.114712
0.114518
0.114326
0.114135
0.113945
0.113756
0.113569
0.113382
0.113198
0.113014
0.112831
0.112650
0.112470
0.112291
0.112114
0.111937
0.111762
0.111588
0.111415
0.111243
0.111072
0.110903
0.110734
0.110567
0.110401
0.110235
0.110071
0.109908
0.109746
0.109585
0.109426
0.109267
0.109109
0.108952
0.108797
0.108642
0.108488
0.108335
0.108184
0.108033
0.107883
0.107734
0.107586
0.107439
0.107293
0.107148
0.107004
0.106861
0.106719
0.106577
0.106437
0.106297
0.106159
0.106021
0.105884
0.105748
0.105613
0.105478
0.105345
0.105212
0.105080
0.104950
0.104819
0.104690
0.104562
0.104434
0.104307
0.104181
0.104056
0.103931
0.103807
0.103684
0.103562
0.103441
0.103320
0.103200
0.103081
0.102963
0.102845
0.102728
0.102612
0.102496
0.102382
0.102267
0.102154
0.102041
0.101929
0.101818
0.101708
0.101598
0.101489
0.101380
0.101272
0.101165
0.101058
0.100952
0.100847
0.100743
0.100639
0.100535
0.100432
0.100330
0.100229
0.100128
0.100028
0.099928
0.099829
0.099731
0.099633
0.099536
0.099439
0.099343
0.099248
0.099153
0.099059
0.098965
0.098872
0.098779
0.098687
0.098596
0.098505
0.098415
0.098325
0.098235
0.098147
0.098058
0.097971
0.097884
0.097797
0.097711
0.097625
0.097540
0.097456
0.097371
0.097288
0.097205
0.097122
0.097040
0.096959
0.096877
0.096797
0.096717
0.096637
0.096558
0.096479
0.096401
0.096323
0.096246
0.096169
0.096092
0.096017
0.095941
0.095866
0.095791
0.095717
0.095644
0.095570
0.095497
0.095425
0.095353
0.095281
0.095210
0.095139
0.095069
0.094999
0.094930
0.094861
0.094792
0.094724
0.094656
0.094588
0.094521
0.094454
0.094388
0.094322
0.094257
0.094192
0.094127
0.094062
0.093998
0.093935
0.093872
0.093809
0.093746
0.093684
0.093622
0.093561
0.093500
0.093439
0.093378
0.093318
0.093259
0.093199
0.093140
0.093082
0.093023
0.092965
0.092908
0.092851
0.092794
0.092737
0.092681
0.092625
0.092569
0.092514
0.092459
0.092404
0.092350
0.092296
0.092242
0.092188
0.092135
0.092082
0.092030
0.091978
0.091926
0.091874
0.091823
0.091772
0.091721
0.091671
0.091620
0.091570
0.091521
0.091472
0.091423
0.091374
0.091325
0.091277
0.091229
0.091182
0.091134
0.091087
0.091041
0.090994
0.090948
0.090902
0.090856
0.090810
0.090765
0.090720
0.090676
0.090631
0.090587
0.090543
0.090499
0.090456
0.090412
0.090369
0.090327
0.090284
0.090242
0.090200
0.090158
0.090117
0.090076
0.090034
0.089994
0.089953
0.089913
0.089873
0.089833
0.089793
0.089754
0.089715
0.089676
0.089637
0.089598
0.089560
0.089522
0.089484
0.089446
0.089409
0.089372
0.089334
0.089298
0.089261
0.089225
0.089188
0.089152
0.089117
0.089081
0.089045
0.089010
0.088975
0.088941
0.088906
0.088872
0.088837
0.088803
0.088770
0.088736
0.088702
0.088669
0.088636
0.088603
0.088570
0.088538
0.088506
0.088473
0.088441
0.088410
0.088378
0.088347
0.088315
0.088284
0.088253
0.088223
0.088192
0.088162
0.088132
0.088102
0.088072
0.088042
0.088013
0.087983
0.087954
0.087925
0.087896
0.087867
0.087839
0.087810
0.087782
0.087754
0.087726
0.087698
0.087671
0.087643
0.087616
0.087589
0.087562
0.087535
0.087508
0.087482
0.087456
0.087429
0.087403
0.087377
0.087351
0.087326
0.087300
0.087275
0.087250
0.087225
0.087200
0.087175
0.087150
0.087126
0.087101
0.087077
0.087053
0.087029
0.087005
0.086982
0.086958
0.086935
0.086911
0.086888
0.086865
0.086842
0.086819
0.086797
0.086774
0.086752
0.086730
0.086707
0.086685
0.086663
0.086642
0.086620
0.086598
0.086577
0.086556
0.086535
0.086513
0.086493
0.086472
0.086451
0.086431
0.086410
0.086390
0.086369
0.086349
0.086329
0.086309
0.086290
0.086270
0.086250
0.086231
0.086211
0.086192
0.086173
0.086154
0.086135
0.086116
0.086098
0.086079
0.086061
0.086042
0.086024
0.086006
0.085988
0.085970
0.085952
0.085934
0.085916
0.085899
0.085881
0.085864
0.085847
0.085830
0.085812
0.085795
0.085778
0.085762
0.085745
0.085728
0.085712
0.085696
0.085679
0.085663
0.085647
0.085631
0.085615
0.085599
0.085583
0.085567
0.085552
0.085536
0.085521
0.085505
0.085490
0.085475
0.085460
0.085445
0.085430
0.085415
0.085400
0.085386
0.085371
0.085357
0.085342
0.085328
0.085314
0.085300
0.085286
0.085272
0.085258
0.085244
0.085230
0.085216
0.085203
0.085189
0.085176
0.085162
0.085149
0.085136
0.085123
0.085109
0.085096
0.085084
0.085071
0.085058
0.085045
0.085032
0.085020
0.085007
0.084995
0.084983
0.084970
0.084958
0.084946
0.084934
0.084922
0.084910
0.084898
0.084886
0.084875
0.084863
0.084851
0.084840
0.084828
0.084817
0.084806
0.084794
0.084783
0.084772
0.084761
0.084750
0.084739
0.084728
0.084717
0.084706
0.084696
0.084685
0.084674
0.084664
0.084653
0.084643
0.084633
0.084623
0.084612
0.084602
0.084592
0.084582
0.084572
0.084562
0.084552
0.084542
0.084533
0.084523
0.084513
0.084504
0.084494
0.084485
0.084475
0.084466
0.084457
0.084447
0.084438
0.084429
0.084420
0.084411
0.084402
0.084393
0.084384
0.084375
0.084366
0.084358
0.084442
0.084765
0.085473
0.086855
0.089620
0.102377
0.351146
0.327359
0.342471
0.391020
0.488380
0.627225
0.765154
0.882862
0.977109
1.050370
1.106100
1.147510
1.177630
1.199300
1.214980
1.226440
1.234550
1.239350
1.240500
1.238040
1.232770
1.225820
1.218140
1.210280
1.202450
1.194700
1.187010
1.179320
1.171620
1.163870
1.156070
1.148220
1.140310
1.132350
1.124340
1.116280
1.108190
1.100060
1.091910
1.083740
1.075550
1.067360
1.059160
1.050960
1.042770
1.034600
1.026430
1.018280
1.010160
1.002050
0.993977
0.985929
0.977911
0.969925
0.961974
0.954059
0.946181
0.938341
0.930541
0.922782
0.915064
0.907390
0.899758
0.892172
0.884630
0.877134
0.869684
0.862280
0.854925
0.847616
0.840356
0.833145
0.825982
0.818869
0.811805
0.804792
0.797828
0.790915
0.784053
0.777241
0.770481
0.763772
0.757114
0.750508
0.743954
0.737452
0.731002
0.724604
0.718258
0.711964
0.705723
0.699534
0.693398
0.687314
0.681283
0.675304
0.669378
0.663504
0.657682
0.651913
0.646197
0.640532
0.634920
0.629360
0.623852
0.618396
0.612992
0.607639
0.602338
0.597088
0.591889
0.586741
0.581645
0.576598
0.571603
0.566657
0.561762
0.556916
0.552119
0.547372
0.542675
0.538025
0.533425
0.528872
0.524368
0.519911
0.515501
0.511139
0.506823
0.502554
0.498330
0.494153
0.490020
0.485933
0.481891
0.477893
0.473939
0.470029
0.466161
0.462337
0.458556
0.454817
0.451119
0.447463
0.443848
0.440274
0.436740
0.433245
0.429791
0.426375
0.422999
0.419660
0.416360
0.413097
0.409872
0.406683
0.403531
0.400415
0.397334
0.394289
0.391278
0.388302
0.385360
0.382452
0.379577
0.376736
0.373926
0.371149
0.368404
0.365690
0.363008
0.360356
0.357734
0.355143
0.352581
0.350048
0.347544
0.345069
0.342622
0.340203
0.337812
0.335448
0.333110
0.330799
0.328515
0.326256
0.324022
0.321814
0.319631
0.317473
0.315339
0.313228
0.311142
0.309079
0.307038
0.305021
0.303026
0.301054
0.299103
0.297174
0.295266
0.293379
0.291514
0.289668
0.287843
0.286038
0.284253
0.282488
0.280741
0.279014
0.277306
0.275616
0.273944
0.272290
0.270655
0.269036
0.267436
0.265852
0.264285
0.262735
0.261202
0.259685
0.258184
0.256699
0.255230
0.253776
0.252337
0.250914
0.249505
0.248111
0.246732
0.245367
0.244016
0.242680
0.241357
0.240048
0.238752
0.237470
0.236200
0.234944
0.233701
0.232470
0.231252
0.230046
0.228852
0.227671
0.226501
0.225343
0.224197
0.223062
0.221939
0.220826
0.219725
0.218635
0.217556
0.216487
0.215429
0.214381
0.213344
0.212316
0.211299
0.210292
0.209294
0.208306
0.207328
0.206359
0.205400
0.204450
0.203509
0.202577
0.201654
0.200739
0.199834
0.198937
0.198048
0.197168
0.196296
0.195433
0.194578
0.193730
0.192891
0.192059
0.191235
0.190419
0.189611
0.188810
0.188016
0.187230
0.186450
0.185679
0.184914
0.184156
0.183405
0.182661
0.181923
0.181193
0.180469
0.179751
0.179040
0.178335
0.177637
0.176945
0.176259
0.175579
0.174905
0.174238
0.173576
0.172920
0.172269
0.171625
0.170986
0.170353
0.169725
0.169103
0.168486
0.167875
0.167269
0.166668
0.166072
0.165481
0.164896
0.164315
0.163740
0.163169
0.162604
0.162043
0.161487
0.160935
0.160388
0.159846
0.159309
0.158776
0.158247
0.157723
0.157203
0.156688
0.156177
0.155670
0.155167
0.154668
0.154174
0.153684
0.153197
0.152715
0.152237
0.151762
0.151292
0.150825
0.150362
0.149903
0.149447
0.148996
0.148547
0.148103
0.147662
0.147224
0.146791
0.146360
0.145933
0.145509
0.145089
0.144672
0.144259
0.143848
0.143441
0.143037
0.142636
0.142239
0.141844
0.141453
0.141064
0.140679
0.140297
0.139917
0.139541
0.139167
0.138797
0.138429
0.138064
0.137702
0.137342
0.136986
0.136632
0.136281
0.135932
0.135586
0.135243
0.134902
0.134564
0.134228
0.133895
0.133565
0.133237
0.132911
0.132588
0.132267
0.131949
0.131633
0.131319
0.131008
0.130699
0.130392
0.130088
0.129785
0.129485
0.129188
0.128892
0.128599
0.128307
0.128018
0.127731
0.127446
0.127163
0.126882
0.126603
0.126327
0.126052
0.125779
0.125508
0.125239
0.124972
0.124707
0.124444
0.124183
0.123923
0.123665
0.123410
0.123156
0.122904
0.122653
0.122405
0.122158
0.121913
0.121669
0.121428
0.121188
0.120949
0.120713
0.120478
0.120244
0.120013
0.119783
0.119554
0.119327
0.119102
0.118878
0.118656
0.118435
0.118216
0.117998
0.117782
0.117568
0.117354
0.117143
0.116932
0.116723
0.116516
0.116310
0.116105
0.115902
0.115700
0.115500
0.115301
0.115103
0.114906
0.114711
0.114518
0.114325
0.114134
0.113944
0.113755
0.113568
0.113382
0.113197
0.113013
0.112831
0.112650
0.112470
0.112291
0.112113
0.111937
0.111761
0.111587
0.111414
0.111242
0.111072
0.110902
0.110734
0.110566
0.110400
0.110235
0.110071
0.109908
0.109746
0.109585
0.109425
0.109266
0.109108
0.108952
0.108796
0.108641
0.108487
0.108335
0.108183
0.108032
0.107882
0.107734
0.107586
0.107439
0.107293
0.107148
0.107004
0.106860
0.106718
0.106577
0.106436
0.106297
0.106158
0.106020
0.105883
0.105747
0.105612
0.105478
0.105344
0.105212
0.105080
0.104949
0.104819
0.104690
0.104561
0.104433
0.104307
0.104180
0.104055
0.103931
0.103807
0.103684
0.103562
0.103440
0.103320
0.103200
0.103081
0.102962
0.102845
0.102728
0.102611
0.102496
0.102381
0.102267
0.102154
0.102041
0.101929
0.101818
0.101707
0.101597
0.101488
0.101380
0.101272
0.101164
0.101058
0.100952
0.100847
0.100742
0.100638
0.100535
0.100432
0.100330
0.100229
0.100128
0.100028
0.099928
0.099829
0.099731
0.099633
0.099536
0.099439
0.099343
0.099248
0.099153
0.099058
0.098965
0.098872
0.098779
0.098687
0.098595
0.098504
0.098414
0.098324
0.098235
0.098146
0.098058
0.097970
0.097883
0.097797
0.097711
0.097625
0.097540
0.097455
0.097371
0.097288
0.097204
0.097122
0.097040
0.096958
0.096877
0.096797
0.096716
0.096637
0.096558
0.096479
0.096401
0.096323
0.096246
0.096169
0.096092
0.096016
0.095941
0.095866
0.095791
0.095717
0.095643
0.095570
0.095497
0.095425
0.095353
0.095281
0.095210
0.095139
0.095069
0.094999
0.094929
0.094860
0.094792
0.094723
0.094656
0.094588
0.094521
0.094454
0.094388
0.094322
0.094256
0.094191
0.094127
0.094062
0.093998
0.093935
0.093871
0.093808
0.093746
0.093684
0.093622
0.093561
0.093499
0.093439
0.093378
0.093318
0.093259
0.093199
0.093140
0.093082
0.093023
0.092965
0.092908
0.092850
0.092794
0.092737
0.092680
0.092624
0.092569
0.092513
0.092458
0.092404
0.092350
0.092295
0.092242
0.092188
0.092135
0.092082
0.092030
0.091978
0.091926
0.091874
0.091823
0.091772
0.091721
0.091670
0.091620
0.091570
0.091521
0.091471
0.091423
0.091374
0.091325
0.091277
0.091229
0.091182
0.091134
0.091087
0.091040
0.090994
0.090948
0.090901
0.090856
0.090810
0.090765
0.090720
0.090675
0.090631
0.090587
0.090543
0.090499
0.090456
0.090412
0.090369
0.090327
0.090284
0.090242
0.090200
0.090158
0.090117
0.090076
0.090034
0.089994
0.089953
0.089913
0.089873
0.089833
0.089793
0.089754
0.089714
0.089675
0.089637
0.089598
0.089560
0.089522
0.089484
0.089446
0.089409
0.089371
0.089334
0.089298
0.089261
0.089225
0.089188
0.089152
0.089116
0.089081
0.089045
0.089010
0.088975
0.088941
0.088906
0.088871
0.088837
0.088803
0.088769
0.088736
0.088702
0.088669
0.088636
0.088603
0.088570
0.088538
0.088506
0.088473
0.088441
0.088410
0.088378
0.088347
0.088315
0.088284
0.088253
0.088223
0.088192
0.088162
0.088132
0.088101
0.088072
0.088042
0.088012
0.087983
0.087954
0.087925
0.087896
0.087867
0.087839
0.087810
0.087782
0.087754
0.087726
0.087698
0.087671
0.087643
0.087616
0.087589
0.087562
0.087535
0.087508
0.087482
0.087456
0.087429
0.087403
0.087377
0.087351
0.087326
0.087300
0.087275
0.087250
0.087225
0.087200
0.087175
0.087150
0.087126
0.087101
0.087077
0.087053
0.087029
0.087005
0.086981
0.086958
0.086934
0.086911
0.086888
0.086865
0.086842
0.086819
0.086797
0.086774
0.086752
0.086730
0.086707
0.086685
0.086663
0.086642
0.086620
0.086598
0.086577
0.086556
0.086535
0.086513
0.086492
0.086472
0.086451
0.086430
0.086410
0.086390
0.086369
0.086349
0.086329
0.086309
0.086290
0.086270
0.086250
0.086231
0.086211
0.086192
0.086173
0.086154
0.086135
0.086116
0.086098
0.086079
0.086061
0.086042
0.086024
0.086006
0.085988
0.085970
0.085952
0.085934
0.085916
0.085899
0.085881
0.085864
0.085847
0.085830
0.085812
0.085795
0.085778
0.085762
0.085745
0.085728
0.085712
0.085696
0.085679
0.085663
0.085647
0.085631
0.085615
0.085599
0.085583
0.085567
0.085552
0.085536
0.085521
0.085505
0.085490
0.085475
0.085460
0.085445
0.085430
0.085415
0.085400
0.085386
0.085371
0.085357
0.085342
0.085328
0.085314
0.085300
0.085286
0.085272
0.085258
0.085244
0.085230
0.085216
0.085203
0.085189
0.085176
0.085162
0.085149
0.085136
0.085123
0.085109
0.085096
0.085084
0.085071
0.085058
0.085045
0.085033
0.085020
0.085007
0.084995
0.084983
0.084970
0.084958
0.084946
0.084934
0.084922
0.084910
0.084898
0.084886
0.084875
0.084863
0.084851
0.084840
0.084828
0.084817
0.084806
0.084794
0.084783
0.084772
0.084761
0.084750
0.084739
0.084728
0.084717
0.084706
0.084696
0.084685
0.084674
0.084664
0.084653
0.084643
0.084633
0.084623
0.084612
0.084602
0.084592
0.084582
0.084572
0.084562
0.084552
0.084542
0.084533
0.084523
0.084513
0.084504
0.084494
0.084485
0.084475
0.084466
0.084457
0.084447
0.084438
0.084429
0.084420
0.084411
0.084402
0.084393
0.084384
0.084375
0.084366
0.084358
0.084442
0.084765
0.085473
0.086855
0.089620
0.102372
0.351178
0.327381
0.342484
0.391032
0.488392
0.627223
0.765145
0.882856
0.977105
1.050370
1.106100
1.147510
1.177640
1.199320
1.215000
1.226460
1.234570
1.239380
1.240530
1.238070
1.232800
1.225850
1.218180
1.210320
1.202490
1.194740
1.187040
1.179360
1.171650
1.163910
1.156110
1.148260
1.140350
1.132390
1.124380
1.116320
1.108230
1.100100
1.091950
1.083780
1.075590
1.067390
1.059200
1.051000
1.042810
1.034630
1.026470
1.018320
1.010190
1.002090
0.994014
0.985965
0.977947
0.969961
0.962010
0.954094
0.946216
0.938376
0.930575
0.922816
0.915098
0.907424
0.899792
0.892205
0.884663
0.877167
0.869717
0.862313
0.854957
0.847649
0.840388
0.833177
0.826014
0.818901
0.811837
0.804823
0.797859
0.790946
0.784083
0.777271
0.770511
0.763801
0.757144
0.750538
0.743983
0.737481
0.731030
0.724632
0.718286
0.711992
0.705751
0.699562
0.693425
0.687341
0.681310
0.675331
0.669404
0.663530
0.657709
0.651939
0.646223
0.640558
0.634946
0.629385
0.623877
0.618421
0.613016
0.607663
0.602362
0.597112
0.591913
0.586765
0.581668
0.576621
0.571625
0.566680
0.561784
0.556938
0.552141
0.547394
0.542696
0.538047
0.533446
0.528893
0.524388
0.519931
0.515522
0.511159
0.506843
0.502573
0.498350
0.494172
0.490040
0.485952
0.481910
0.477911
0.473957
0.470047
0.466179
0.462355
0.458573
0.454834
0.451136
0.447480
0.443865
0.440290
0.436756
0.433262
0.429807
0.426391
0.423014
0.419676
0.416376
0.413113
0.409887
0.406698
0.403546
0.400429
0.397348
0.394303
0.391292
0.388316
0.385374
0.382466
0.379591
0.376749
0.373940
0.371162
0.368417
0.365703
0.363020
0.360368
0.357747
0.355155
0.352593
0.350060
0.347556
0.345081
0.342634
0.340215
0.337823
0.335459
0.333121
0.330810
0.328526
0.326267
0.324033
0.321825
0.319642
0.317483
0.315349
0.313238
0.311152
0.309088
0.307048
0.305031
0.303036
0.301063
0.299112
0.297183
0.295275
0.293389
0.291523
0.289677
0.287852
0.286047
0.284262
0.282496
0.280750
0.279023
0.277314
0.275624
0.273952
0.272298
0.270663
0.269044
0.267444
0.265860
0.264293
0.262743
0.261210
0.259693
0.258191
0.256706
0.255237
0.253783
0.252344
0.250921
0.249512
0.248118
0.246739
0.245374
0.244023
0.242686
0.241363
0.240054
0.238758
0.237476
0.236207
0.234950
0.233707
0.232476
0.231258
0.230052
0.228858
0.227677
0.226507
0.225349
0.224203
0.223068
0.221944
0.220832
0.219731
0.218641
0.217561
0.216492
0.215434
0.214386
0.213349
0.212322
0.211304
0.210297
0.209299
0.208311
0.207333
0.206364
0.205405
0.204455
0.203513
0.202581
0.201658
0.200744
0.199838
0.198941
0.198053
0.197173
0.196301
0.195437
0.194582
0.193735
0.192895
0.192064
0.191240
0.190424
0.189615
0.188814
0.188020
0.187234
0.186455
0.185683
0.184918
0.184160
0.183409
0.182665
0.181927
0.181196
0.180472
0.179755
0.179044
0.178339
0.177641
0.176948
0.176263
0.175583
0.174909
0.174241
0.173579
0.172923
0.172273
0.171628
0.170989
0.170356
0.169728
0.169106
0.168489
0.167878
0.167272
0.166671
0.166075
0.165485
0.164899
0.164318
0.163743
0.163172
0.162607
0.162046
0.161490
0.160938
0.160391
0.159849
0.159312
0.158778
0.158250
0.157726
0.157206
0.156690
0.156179
0.155672
0.155170
0.154671
0.154177
0.153686
0.153200
0.152718
0.152239
0.151765
0.151294
0.150828
0.150365
0.149905
0.149450
0.148998
0.148550
0.148105
0.147664
0.147227
0.146793
0.146362
0.145935
0.145512
0.145091
0.144674
0.144261
0.143850
0.143443
0.143039
0.142639
0.142241
0.141846
0.141455
0.141067
0.140681
0.140299
0.139919
0.139543
0.139169
0.138799
0.138431
0.138066
0.137704
0.137344
0.136988
0.136634
0.136283
0.135934
0.135588
0.135245
0.134904
0.134566
0.134230
0.133897
0.133567
0.133239
0.132913
0.132590
0.132269
0.131951
0.131635
0.131321
0.131010
0.130701
0.130394
0.130089
0.129787
0.129487
0.129189
0.128894
0.128600
0.128309
0.128020
0.127733
0.127448
0.127165
0.126884
0.126605
0.126328
0.126053
0.125780
0.125510
0.125241
0.124974
0.124709
0.124445
0.124184
0.123925
0.123667
0.123411
0.123157
0.122905
0.122655
0.122406
0.122159
0.121914
0.121671
0.121429
0.121189
0.120951
0.120714
0.120479
0.120246
0.120014
0.119784
0.119555
0.119329
0.119103
0.118879
0.118657
0.118436
0.118217
0.118000
0.117783
0.117569
0.117356
0.117144
0.116934
0.116725
0.116517
0.116311
0.116107
0.115903
0.115701
0.115501
0.115302
0.115104
0.114908
0.114712
0.114519
0.114326
0.114135
0.113945
0.113756
0.113569
0.113383
0.113198
0.113014
0.112832
0.112651
0.112471
0.112292
0.112114
0.111938
0.111762
0.111588
0.111415
0.111243
0.111073
0.110903
0.110735
0.110567
0.110401
0.110236
0.110072
0.109909
0.109747
0.109586
0.109426
0.109267
0.109109
0.108953
0.108797
0.108642
0.108488
0.108336
0.108184
0.108033
0.107883
0.107734
0.107587
0.107440
0.107294
0.107149
0.107004
0.106861
0.106719
0.106578
0.106437
0.106298
0.106159
0.106021
0.105884
0.105748
0.105613
0.105479
0.105345
0.105213
0.105081
0.104950
0.104820
0.104690
0.104562
0.104434
0.104307
0.104181
0.104056
0.103931
0.103808
0.103685
0.103562
0.103441
0.103320
0.103200
0.103081
0.102963
0.102845
0.102728
0.102612
0.102497
0.102382
0.102268
0.102154
0.102042
0.101930
0.101818
0.101708
0.101598
0.101489
0.101380
0.101272
0.101165
0.101058
0.100953
0.100847
0.100743
0.100639
0.100535
0.100433
0.100331
0.100229
0.100128
0.100028
0.099929
0.099830
0.099731
0.099633
0.099536
0.099440
0.099344
0.099248
0.099153
0.099059
0.098965
0.098872
0.098779
0.098687
0.098596
0.098505
0.098415
0.098325
0.098236
0.098147
0.098058
0.097971
0.097884
0.097797
0.097711
0.097625
0.097540
0.097456
0.097372
0.097288
0.097205
0.097122
0.097040
0.096959
0.096878
0.096797
0.096717
0.096637
0.096558
0.096479
0.096401
0.096323
0.096246
0.096169
0.096093
0.096017
0.095941
0.095866
0.095792
0.095717
0.095644
0.095570
0.095497
0.095425
0.095353
0.095282
0.095210
0.095140
0.095069
0.094999
0.094930
0.094861
0.094792
0.094724
0.094656
0.094588
0.094521
0.094455
0.094388
0.094322
0.094257
0.094192
0.094127
0.094063
0.093998
0.093935
0.093872
0.093809
0.093746
0.093684
0.093622
0.093561
0.093500
0.093439
0.093379
0.093319
0.093259
0.093199
0.093141
0.093082
0.093024
0.092966
0.092908
0.092851
0.092794
0.092737
0.092681
0.092625
0.092569
0.092514
0.092459
0.092404
0.092350
0.092296
0.092242
0.092189
0.092135
0.092082
0.092030
0.091978
0.091926
0.091874
0.091823
0.091772
0.091721
0.091671
0.091621
0.091571
0.091521
0.091472
0.091423
0.091374
0.091326
0.091277
0.091229
0.091182
0.091134
0.091087
0.091041
0.090994
0.090948
0.090902
0.090856
0.090811
0.090765
0.090720
0.090676
0.090631
0.090587
0.090543
0.090499
0.090456
0.090413
0.090370
0.090327
0.090284
0.090242
0.090200
0.090158
0.090117
0.090076
0.090035
0.089994
0.089953
0.089913
0.089873
0.089833
0.089793
0.089754
0.089715
0.089676
0.089637
0.089598
0.089560
0.089522
0.089484
0.089446
0.089409
0.089372
0.089334
0.089298
0.089261
0.089225
0.089188
0.089152
0.089117
0.089081
0.089046
0.089010
0.088975
0.088941
0.088906
0.088872
0.088837
0.088803
0.088770
0.088736
0.088703
0.088669
0.088636
0.088603
0.088570
0.088538
0.088506
0.088474
0.088442
0.088410
0.088378
0.088347
0.088316
0.088284
0.088253
0.088223
0.088192
0.088162
0.088132
0.088102
0.088072
0.088042
0.088013
0.087983
0.087954
0.087925
0.087896
0.087867
0.087839
0.087810
0.087782
0.087754
0.087726
0.087698
0.087671
0.087643
0.087616
0.087589
0.087562
0.087535
0.087509
0.087482
0.087456
0.087429
0.087403
0.087377
0.087351
0.087326
0.087300
0.087275
0.087250
0.087225
0.087200
0.087175
0.087150
0.087126
0.087101
0.087077
0.087053
0.087029
0.087005
0.086982
0.086958
0.086935
0.086911
0.086888
0.086865
0.086842
0.086819
0.086797
0.086774
0.086752
0.086730
0.086707
0.086685
0.086664
0.086642
0.086620
0.086598
0.086577
0.086556
0.086535
0.086514
0.086493
0.086472
0.086451
0.086431
0.086410
0.086390
0.086369
0.086349
0.086329
0.086309
0.086290
0.086270
0.086250
0.086231
0.086212
0.086192
0.086173
0.086154
0.086135
0.086116
0.086098
0.086079
0.086061
0.086042
0.086024
0.086006
0.085988
0.085970
0.085952
0.085934
0.085917
0.085899
0.085881
0.085864
0.085847
0.085830
0.085812
0.085795
0.085779
0.085762
0.085745
0.085728
0.085712
0.085696
0.085679
0.085663
0.085647
0.085631
0.085615
0.085599
0.085583
0.085567
0.085552
0.085536
0.085521
0.085506
0.085490
0.085475
0.085460
0.085445
0.085430
0.085415
0.085401
0.085386
0.085371
0.085357
0.085342
0.085328
0.085314
0.085300
0.085286
0.085272
0.085258
0.085244
0.085230
0.085216
0.085203
0.085189
0.085176
0.085162
0.085149
0.085136
0.085123
0.085109
0.085096
0.085084
0.085071
0.085058
0.085045
0.085033
0.085020
0.085007
0.084995
0.084983
0.084970
0.084958
0.084946
0.084934
0.084922
0.084910
0.084898
0.084886
0.084875
0.084863
0.084851
0.084840
0.084828
0.084817
0.084806
0.084794
0.084783
0.084772
0.084761
0.084750
0.084739
0.084728
0.084717
0.084706
0.084696
0.084685
0.084674
0.084664
0.084653
0.084643
0.084633
0.084623
0.084612
0.084602
0.084592
0.084582
0.084572
0.084562
0.084552
0.084542
0.084533
0.084523
0.084513
0.084504
0.084494
0.084485
0.084475
0.084466
0.084457
0.084447
0.084438
0.084429
0.084420
0.084411
0.084402
0.084393
0.084384
0.084375
0.084366
0.084358
