0.085894
0.085997
0.086413
0.087383
0.089437
0.094373
0.391848
0.375374
0.367055
0.402086
0.466103
0.575795
0.720442
0.854476
0.961134
1.040800
1.098840
1.140560
1.170300
1.191430
1.206580
1.217590
1.225510
1.230620
1.232680
1.231470
1.227280
1.220910
1.213300
1.205150
1.196850
1.188560
1.180330
1.172140
1.163980
1.155830
1.147680
1.139520
1.131350
1.123170
1.114970
1.106770
1.098560
1.090350
1.082130
1.073920
1.065720
1.057520
1.049330
1.041160
1.033000
1.024870
1.016760
1.008670
1.000610
0.992582
0.984585
0.976622
0.968694
0.960804
0.952951
0.945139
0.937368
0.929639
0.921953
0.914312
0.906715
0.899165
0.891661
0.884205
0.876797
0.869438
0.862128
0.854868
0.847658
0.840498
0.833389
0.826331
0.819325
0.812370
0.805467
0.798617
0.791818
0.785072
0.778379
0.771739
0.765151
0.758616
0.752134
0.745705
0.739328
0.733005
0.726734
0.720517
0.714352
0.708240
0.702180
0.696173
0.690219
0.684316
0.678466
0.672668
0.666922
0.661228
0.655586
0.649995
0.644456
0.638967
0.633530
0.628144
0.622808
0.617522
0.612287
0.607102
0.601966
0.596880
0.591844
0.586856
0.581918
0.577027
0.572186
0.567392
0.562646
0.557948
0.553297
0.548693
0.544135
0.539625
0.535160
0.530741
0.526367
0.522039
0.517756
0.513517
0.509322
0.505172
0.501065
0.497001
0.492980
0.489002
0.485067
0.481173
0.477320
0.473509
0.469739
0.466010
0.462321
0.458671
0.455062
0.451491
0.447959
0.444466
0.441010
0.437593
0.434213
0.430869
0.427563
0.424293
0.421058
0.417860
0.414696
0.411568
0.408474
0.405414
0.402388
0.399395
0.396436
0.393509
0.390614
0.387752
0.384921
0.382122
0.379353
0.376616
0.373908
0.371231
0.368583
0.365965
0.363375
0.360814
0.358281
0.355777
0.353300
0.350850
0.348428
0.346032
0.343662
0.341318
0.339001
0.336708
0.334441
0.332199
0.329981
0.327787
0.325618
0.323472
0.321349
0.319250
0.317173
0.315119
0.313087
0.311077
0.309089
0.307122
0.305177
0.303252
0.301349
0.299465
0.297602
0.295758
0.293935
0.292131
0.290346
0.288579
0.286832
0.285103
0.283393
0.281700
0.280025
0.278368
0.276729
0.275106
0.273500
0.271912
0.270339
0.268783
0.267244
0.265720
0.264212
0.262719
0.261242
0.259780
0.258333
0.256901
0.255483
0.254080
0.252692
0.251317
0.249956
0.248609
0.247276
0.245956
0.244649
0.243356
0.242075
0.240807
0.239552
0.238310
0.237079
0.235861
0.234655
0.233461
0.232279
0.231108
0.229949
0.228801
0.227665
0.226539
0.225425
0.224321
0.223228
0.222145
0.221074
0.220012
0.218960
0.217919
0.216888
0.215866
0.214855
0.213852
0.212860
0.211877
0.210903
0.209938
0.208983
0.208036
0.207098
0.206169
0.205249
0.204337
0.203434
0.202539
0.201653
0.200775
0.199905
0.199042
0.198188
0.197342
0.196503
0.195672
0.194849
0.194033
0.193224
0.192423
0.191629
0.190842
0.190063
0.189290
0.188524
0.187765
0.187013
0.186268
0.185529
0.184797
0.184071
0.183352
0.182639
0.181932
0.181232
0.180537
0.179849
0.179167
0.178490
0.177820
0.177155
0.176496
0.175843
0.175196
0.174554
0.173917
0.173286
0.172661
0.172040
0.171425
0.170816
0.170211
0.169612
0.169017
0.168428
0.167843
0.167264
0.166689
0.166119
0.165554
0.164994
0.164438
0.163887
0.163340
0.162798
0.162261
0.161728
0.161199
0.160675
0.160154
0.159639
0.159127
0.158619
0.158116
0.157617
0.157121
0.156630
0.156143
0.155659
0.155180
0.154704
0.154232
0.153764
0.153300
0.152839
0.152382
0.151929
0.151479
0.151033
0.150590
0.150151
0.149715
0.149282
0.148853
0.148428
0.148005
0.147586
0.147171
0.146758
0.146348
0.145942
0.145539
0.145139
0.144742
0.144348
0.143957
0.143569
0.143184
0.142802
0.142423
0.142047
0.141674
0.141303
0.140935
0.140570
0.140208
0.139848
0.139492
0.139137
0.138786
0.138437
0.138090
0.137747
0.137405
0.137067
0.136731
0.136397
0.136066
0.135737
0.135410
0.135086
0.134765
0.134445
0.134129
0.133814
0.133502
0.133191
0.132884
0.132578
0.132274
0.131973
0.131674
0.131377
0.131083
0.130790
0.130499
0.130211
0.129924
0.129640
0.129358
0.129077
0.128799
0.128522
0.128248
0.127975
0.127705
0.127436
0.127169
0.126904
0.126641
0.126380
0.126121
0.125863
0.125607
0.125353
0.125101
0.124850
0.124601
0.124354
0.124109
0.123865
0.123623
0.123383
0.123144
0.122907
0.122672
0.122438
0.122206
0.121975
0.121746
0.121519
0.121293
0.121068
0.120845
0.120624
0.120404
0.120186
0.119969
0.119753
0.119539
0.119327
0.119115
0.118906
0.118697
0.118490
0.118285
0.118081
0.117878
0.117676
0.117476
0.117277
0.117080
0.116883
0.116689
0.116495
0.116303
0.116111
0.115922
0.115733
0.115546
0.115360
0.115175
0.114991
0.114808
0.114627
0.114447
0.114268
0.114090
0.113914
0.113738
0.113564
0.113390
0.113218
0.113047
0.112877
0.112709
0.112541
0.112374
0.112209
0.112044
0.111881
0.111718
0.111557
0.111397
0.111237
0.111079
0.110922
0.110765
0.110610
0.110456
0.110302
0.110150
0.109999
0.109848
0.109699
0.109550
0.109403
0.109256
0.109110
0.108965
0.108821
0.108678
0.108536
0.108395
0.108254
0.108115
0.107976
0.107839
0.107702
0.107566
0.107430
0.107296
0.107163
0.107030
0.106898
0.106767
0.106637
0.106507
0.106379
0.106251
0.106124
0.105997
0.105872
0.105747
0.105623
0.105500
0.105377
0.105256
0.105135
0.105015
0.104895
0.104776
0.104658
0.104541
0.104424
0.104309
0.104193
0.104079
0.103965
0.103852
0.103740
0.103628
0.103517
0.103406
0.103297
0.103188
0.103079
0.102972
0.102864
0.102758
0.102652
0.102547
0.102443
0.102339
0.102235
0.102133
0.102031
0.101929
0.101828
0.101728
0.101628
0.101529
0.101431
0.101333
0.101236
0.101139
0.101043
0.100947
0.100852
0.100758
0.100664
0.100571
0.100478
0.100386
0.100294
0.100203
0.100113
0.100023
0.099933
0.099844
0.099756
0.099668
0.099580
0.099493
0.099407
0.099321
0.099236
0.099151
0.099067
0.098983
0.098899
0.098816
0.098734
0.098652
0.098570
0.098490
0.098409
0.098329
0.098249
0.098170
0.098092
0.098014
0.097936
0.097859
0.097782
0.097705
0.097629
0.097554
0.097479
0.097404
0.097330
0.097256
0.097183
0.097110
0.097037
0.096965
0.096894
0.096822
0.096752
0.096681
0.096611
0.096542
0.096472
0.096404
0.096335
0.096267
0.096199
0.096132
0.096065
0.095999
0.095933
0.095867
0.095802
0.095737
0.095672
0.095608
0.095544
0.095481
0.095418
0.095355
0.095292
0.095230
0.095169
0.095107
0.095046
0.094986
0.094925
0.094865
0.094806
0.094746
0.094688
0.094629
0.094571
0.094513
0.094455
0.094398
0.094341
0.094284
0.094228
0.094172
0.094116
0.094061
0.094006
0.093951
0.093897
0.093843
0.093789
0.093735
0.093682
0.093629
0.093577
0.093524
0.093472
0.093421
0.093369
0.093318
0.093267
0.093217
0.093166
0.093117
0.093067
0.093017
0.092968
0.092919
0.092871
0.092822
0.092774
0.092727
0.092679
0.092632
0.092585
0.092538
0.092492
0.092446
0.092400
0.092354
0.092309
0.092263
0.092218
0.092174
0.092129
0.092085
0.092041
0.091998
0.091954
0.091911
0.091868
0.091826
0.091783
0.091741
0.091699
0.091657
0.091616
0.091574
0.091533
0.091492
0.091452
0.091411
0.091371
0.091331
0.091292
0.091252
0.091213
0.091174
0.091135
0.091097
0.091058
0.091020
0.090982
0.090944
0.090907
0.090869
0.090832
0.090795
0.090759
0.090722
0.090686
0.090650
0.090614
0.090578
0.090542
0.090507
0.090472
0.090437
0.090402
0.090368
0.090334
0.090300
0.090265
0.090232
0.090198
0.090165
0.090132
0.090099
0.090066
0.090033
0.090001
0.089968
0.089936
0.089904
0.089873
0.089841
0.089810
0.089778
0.089747
0.089716
0.089686
0.089655
0.089625
0.089594
0.089564
0.089534
0.089505
0.089475
0.089446
0.089417
0.089388
0.089359
0.089330
0.089301
0.089273
0.089245
0.089217
0.089189
0.089161
0.089133
0.089106
0.089078
0.089051
0.089024
0.088997
0.088971
0.088944
0.088917
0.088891
0.088865
0.088839
0.088813
0.088787
0.088762
0.088736
0.088711
0.088686
0.088661
0.088636
0.088611
0.088587
0.088562
0.088538
0.088514
0.088490
0.088466
0.088442
0.088418
0.088395
0.088371
0.088348
0.088325
0.088302
0.088279
0.088256
0.088234
0.088211
0.088189
0.088167
0.088144
0.088122
0.088100
0.088079
0.088057
0.088036
0.088014
0.087993
0.087972
0.087951
0.087930
0.087909
0.087888
0.087868
0.087847
0.087827
0.087806
0.087786
0.087766
0.087746
0.087726
0.087707
0.087687
0.087668
0.087648
0.087629
0.087610
0.087591
0.087572
0.087553
0.087534
0.087516
0.087497
0.087479
0.087460
0.087442
0.087424
0.087406
0.087388
0.087370
0.087353
0.087335
0.087317
0.087300
0.087283
0.087266
0.087248
0.087231
0.087214
0.087198
0.087181
0.087164
0.087148
0.087131
0.087115
0.087098
0.087082
0.087066
0.087050
0.087034
0.087018
0.087002
0.086987
0.086971
0.086956
0.086940
0.086925
0.086910
0.086895
0.086879
0.086865
0.086850
0.086835
0.086820
0.086806
0.086791
0.086776
0.086762
0.086748
0.086733
0.086719
0.086705
0.086691
0.086677
0.086663
0.086650
0.086636
0.086622
0.086609
0.086595
0.086582
0.086569
0.086555
0.086542
0.086529
0.086516
0.086503
0.086490
0.086477
0.086465
0.086452
0.086440
0.086427
0.086415
0.086402
0.086390
0.086378
0.086366
0.086353
0.086341
0.086330
0.086318
0.086306
0.086294
0.086282
0.086271
0.086259
0.086248
0.086236
0.086225
0.086214
0.086202
0.086191
0.086180
0.086169
0.086158
0.086147
0.086136
0.086126
0.086115
0.086104
0.086094
0.086083
0.086073
0.086062
0.086052
0.086041
0.086031
0.086021
0.086011
0.086001
0.085991
0.085981
0.085971
0.085961
0.085951
0.085942
0.085932
0.085922
0.085913
0.085903
0.085894
0.085997
0.086413
0.087383
0.089437
0.094374
0.391869
0.375390
0.367072
0.402105
0.466116
0.575826
0.720465
0.854494
0.961148
1.040820
1.098840
1.140570
1.170300
1.191430
1.206580
1.217590
1.225520
1.230620
1.232680
1.231470
1.227280
1.220920
1.213310
1.205160
1.196860
1.188570
1.180340
1.172150
1.163990
1.155840
1.147690
1.139530
1.131360
1.123170
1.114980
1.106780
1.098570
1.090360
1.082140
1.073930
1.065730
1.057530
1.049340
1.041170
1.033010
1.024880
1.016760
1.008680
1.000620
0.992590
0.984593
0.976630
0.968702
0.960811
0.952959
0.945146
0.937375
0.929646
0.921960
0.914319
0.906722
0.899172
0.891668
0.884212
0.876804
0.869445
0.862135
0.854875
0.847664
0.840504
0.833395
0.826337
0.819331
0.812376
0.805473
0.798623
0.791824
0.785078
0.778385
0.771745
0.765157
0.758622
0.752140
0.745710
0.739334
0.733011
0.726740
0.720522
0.714357
0.708245
0.702186
0.696179
0.690224
0.684322
0.678472
0.672674
0.666928
0.661234
0.655591
0.650000
0.644461
0.638972
0.633535
0.628148
0.622812
0.617527
0.612292
0.607106
0.601971
0.596885
0.591848
0.586861
0.581922
0.577032
0.572190
0.567396
0.562651
0.557952
0.553301
0.548697
0.544140
0.539629
0.535164
0.530745
0.526371
0.522043
0.517760
0.513521
0.509326
0.505176
0.501069
0.497005
0.492984
0.489006
0.485070
0.481176
0.477324
0.473513
0.469743
0.466014
0.462324
0.458675
0.455065
0.451494
0.447963
0.444469
0.441014
0.437596
0.434216
0.430873
0.427566
0.424296
0.421062
0.417863
0.414700
0.411571
0.408477
0.405417
0.402391
0.399398
0.396438
0.393512
0.390617
0.387755
0.384924
0.382125
0.379356
0.376618
0.373911
0.371234
0.368586
0.365967
0.363378
0.360817
0.358284
0.355779
0.353302
0.350853
0.348430
0.346034
0.343664
0.341321
0.339003
0.336710
0.334443
0.332201
0.329983
0.327789
0.325620
0.323474
0.321351
0.319252
0.317175
0.315121
0.313089
0.311079
0.309091
0.307124
0.305179
0.303254
0.301350
0.299467
0.297604
0.295760
0.293937
0.292132
0.290347
0.288581
0.286834
0.285105
0.283394
0.281702
0.280027
0.278370
0.276730
0.275108
0.273502
0.271913
0.270341
0.268785
0.267245
0.265721
0.264213
0.262721
0.261244
0.259782
0.258335
0.256902
0.255485
0.254082
0.252693
0.251318
0.249958
0.248611
0.247277
0.245957
0.244651
0.243357
0.242077
0.240809
0.239554
0.238311
0.237081
0.235863
0.234657
0.233463
0.232280
0.231110
0.229950
0.228803
0.227666
0.226540
0.225426
0.224322
0.223229
0.222147
0.221075
0.220013
0.218962
0.217920
0.216889
0.215867
0.214856
0.213854
0.212861
0.211878
0.210904
0.209939
0.208984
0.208037
0.207099
0.206170
0.205250
0.204339
0.203435
0.202541
0.201654
0.200776
0.199906
0.199043
0.198189
0.197343
0.196504
0.195673
0.194850
0.194034
0.193225
0.192424
0.191630
0.190843
0.190064
0.189291
0.188525
0.187766
0.187014
0.186269
0.185530
0.184798
0.184072
0.183353
0.182640
0.181933
0.181232
0.180538
0.179850
0.179167
0.178491
0.177821
0.177156
0.176497
0.175844
0.175196
0.174554
0.173918
0.173287
0.172661
0.172041
0.171426
0.170816
0.170212
0.169612
0.169018
0.168428
0.167844
0.167264
0.166690
0.166120
0.165555
0.164994
0.164439
0.163888
0.163341
0.162799
0.162261
0.161728
0.161200
0.160675
0.160155
0.159639
0.159127
0.158620
0.158117
0.157617
0.157122
0.156631
0.156143
0.155660
0.155180
0.154705
0.154233
0.153765
0.153300
0.152840
0.152383
0.151929
0.151479
0.151033
0.150590
0.150151
0.149715
0.149283
0.148854
0.148428
0.148006
0.147587
0.147171
0.146758
0.146349
0.145943
0.145540
0.145139
0.144743
0.144349
0.143958
0.143570
0.143185
0.142803
0.142424
0.142047
0.141674
0.141303
0.140936
0.140571
0.140208
0.139849
0.139492
0.139138
0.138786
0.138437
0.138091
0.137747
0.137406
0.137067
0.136731
0.136397
0.136066
0.135737
0.135411
0.135087
0.134765
0.134446
0.134129
0.133814
0.133502
0.133192
0.132884
0.132578
0.132275
0.131974
0.131675
0.131378
0.131083
0.130790
0.130500
0.130211
0.129925
0.129640
0.129358
0.129077
0.128799
0.128523
0.128248
0.127976
0.127705
0.127436
0.127170
0.126905
0.126641
0.126380
0.126121
0.125863
0.125607
0.125353
0.125101
0.124851
0.124602
0.124355
0.124109
0.123866
0.123624
0.123383
0.123145
0.122908
0.122672
0.122438
0.122206
0.121976
0.121746
0.121519
0.121293
0.121069
0.120846
0.120624
0.120404
0.120186
0.119969
0.119754
0.119539
0.119327
0.119116
0.118906
0.118698
0.118491
0.118285
0.118081
0.117878
0.117676
0.117476
0.117277
0.117080
0.116884
0.116689
0.116495
0.116303
0.116112
0.115922
0.115733
0.115546
0.115360
0.115175
0.114991
0.114809
0.114627
0.114447
0.114268
0.114090
0.113914
0.113738
0.113564
0.113391
0.113219
0.113048
0.112878
0.112709
0.112541
0.112374
0.112209
0.112044
0.111881
0.111719
0.111557
0.111397
0.111237
0.111079
0.110922
0.110766
0.110610
0.110456
0.110303
0.110150
0.109999
0.109848
0.109699
0.109550
0.109403
0.109256
0.109110
0.108965
0.108821
0.108678
0.108536
0.108395
0.108255
0.108115
0.107976
0.107839
0.107702
0.107566
0.107431
0.107296
0.107163
0.107030
0.106898
0.106767
0.106637
0.106507
0.106379
0.106251
0.106124
0.105997
0.105872
0.105747
0.105623
0.105500
0.105378
0.105256
0.105135
0.105015
0.104895
0.104776
0.104658
0.104541
0.104425
0.104309
0.104193
0.104079
0.103965
0.103852
0.103740
0.103628
0.103517
0.103407
0.103297
0.103188
0.103079
0.102972
0.102865
0.102758
0.102652
0.102547
0.102443
0.102339
0.102235
0.102133
0.102031
0.101929
0.101828
0.101728
0.101629
0.101530
0.101431
0.101333
0.101236
0.101139
0.101043
0.100948
0.100853
0.100758
0.100664
0.100571
0.100478
0.100386
0.100294
0.100203
0.100113
0.100023
0.099933
0.099844
0.099756
0.099668
0.099580
0.099493
0.099407
0.099321
0.099236
0.099151
0.099067
0.098983
0.098899
0.098816
0.098734
0.098652
0.098571
0.098490
0.098409
0.098329
0.098249
0.098170
0.098092
0.098014
0.097936
0.097859
0.097782
0.097705
0.097629
0.097554
0.097479
0.097404
0.097330
0.097256
0.097183
0.097110
0.097037
0.096965
0.096894
0.096822
0.096752
0.096681
0.096611
0.096542
0.096472
0.096404
0.096335
0.096267
0.096199
0.096132
0.096065
0.095999
0.095933
0.095867
0.095802
0.095737
0.095672
0.095608
0.095544
0.095481
0.095418
0.095355
0.095292
0.095230
0.095169
0.095107
0.095046
0.094986
0.094925
0.094866
0.094806
0.094747
0.094688
0.094629
0.094571
0.094513
0.094455
0.094398
0.094341
0.094284
0.094228
0.094172
0.094116
0.094061
0.094006
0.093951
0.093897
0.093843
0.093789
0.093735
0.093682
0.093629
0.093577
0.093524
0.093473
0.093421
0.093369
0.093318
0.093267
0.093217
0.093167
0.093117
0.093067
0.093018
0.092968
0.092919
0.092871
0.092822
0.092774
0.092727
0.092679
0.092632
0.092585
0.092538
0.092492
0.092446
0.092400
0.092354
0.092309
0.092263
0.092218
0.092174
0.092130
0.092085
0.092041
0.091998
0.091954
0.091911
0.091868
0.091826
0.091783
0.091741
0.091699
0.091657
0.091616
0.091574
0.091533
0.091492
0.091452
0.091411
0.091371
0.091331
0.091292
0.091252
0.091213
0.091174
0.091135
0.091097
0.091058
0.091020
0.090982
0.090944
0.090907
0.090869
0.090832
0.090795
0.090759
0.090722
0.090686
0.090650
0.090614
0.090578
0.090543
0.090507
0.090472
0.090437
0.090402
0.090368
0.090334
0.090300
0.090266
0.090232
0.090198
0.090165
0.090132
0.090099
0.090066
0.090033
0.090001
0.089968
0.089936
0.089904
0.089873
0.089841
0.089810
0.089778
0.089747
0.089716
0.089686
0.089655
0.089625
0.089595
0.089564
0.089534
0.089505
0.089475
0.089446
0.089417
0.089388
0.089359
0.089330
0.089301
0.089273
0.089245
0.089217
0.089189
0.089161
0.089133
0.089106
0.089078
0.089051
0.089024
0.088997
0.088971
0.088944
0.088917
0.088891
0.088865
0.088839
0.088813
0.088787
0.088762
0.088737
0.088711
0.088686
0.088661
0.088636
0.088611
0.088587
0.088562
0.088538
0.088514
0.088490
0.088466
0.088442
0.088418
0.088395
0.088371
0.088348
0.088325
0.088302
0.088279
0.088256
0.088234
0.088211
0.088189
0.088167
0.088144
0.088122
0.088100
0.088079
0.088057
0.088036
0.088014
0.087993
0.087972
0.087951
0.087930
0.087909
0.087888
0.087868
0.087847
0.087827
0.087806
0.087786
0.087766
0.087746
0.087726
0.087707
0.087687
0.087668
0.087648
0.087629
0.087610
0.087591
0.087572
0.087553
0.087534
0.087516
0.087497
0.087479
0.087460
0.087442
0.087424
0.087406
0.087388
0.087370
0.087353
0.087335
0.087317
0.087300
0.087283
0.087266
0.087248
0.087231
0.087214
0.087198
0.087181
0.087164
0.087148
0.087131
0.087115
0.087098
0.087082
0.087066
0.087050
0.087034
0.087018
0.087002
0.086987
0.086971
0.086956
0.086940
0.086925
0.086910
0.086895
0.086879
0.086864
0.086850
0.086835
0.086820
0.086806
0.086791
0.086776
0.086762
0.086748
0.086733
0.086719
0.086705
0.086691
0.086677
0.086663
0.086650
0.086636
0.086622
0.086609
0.086595
0.086582
0.086569
0.086555
0.086542
0.086529
0.086516
0.086503
0.086490
0.086477
0.086465
0.086452
0.086440
0.086427
0.086415
0.086402
0.086390
0.086378
0.086365
0.086353
0.086341
0.086330
0.086318
0.086306
0.086294
0.086282
0.086271
0.086259
0.086248
0.086236
0.086225
0.086214
0.086202
0.086191
0.086180
0.086169
0.086158
0.086147
0.086136
0.086126
0.086115
0.086104
0.086094
0.086083
0.086073
0.086062
0.086052
0.086041
0.086031
0.086021
0.086011
0.086001
0.085991
0.085981
0.085971
0.085961
0.085951
0.085942
0.085932
0.085922
0.085913
0.085903
0.085894
0.085997
0.086413
0.087383
0.089436
0.094372
0.391809
0.375395
0.367069
0.402095
0.466104
0.575817
0.720456
0.854486
0.961140
1.040810
1.098850
1.140570
1.170300
1.191430
1.206580
1.217600
1.225520
1.230630
1.232690
1.231480
1.227290
1.220930
1.213320
1.205170
1.196870
1.188580
1.180340
1.172160
1.164000
1.155850
1.147700
1.139540
1.131360
1.123180
1.114990
1.106780
1.098570
1.090360
1.082150
1.073940
1.065730
1.057530
1.049340
1.041170
1.033020
1.024880
1.016770
1.008680
1.000620
0.992594
0.984597
0.976634
0.968706
0.960815
0.952963
0.945150
0.937379
0.929650
0.921964
0.914323
0.906726
0.899176
0.891672
0.884216
0.876808
0.869449
0.862139
0.854878
0.847668
0.840508
0.833399
0.826341
0.819334
0.812379
0.805476
0.798626
0.791827
0.785081
0.778388
0.771748
0.765160
0.758625
0.752142
0.745713
0.739337
0.733013
0.726743
0.720525
0.714360
0.708248
0.702188
0.696181
0.690226
0.684324
0.678474
0.672676
0.666930
0.661236
0.655593
0.650003
0.644463
0.638975
0.633537
0.628151
0.622815
0.617529
0.612294
0.607109
0.601973
0.596887
0.591850
0.586863
0.581924
0.577034
0.572192
0.567398
0.562652
0.557954
0.553303
0.548699
0.544141
0.539630
0.535166
0.530746
0.526373
0.522045
0.517761
0.513522
0.509328
0.505177
0.501070
0.497006
0.492986
0.489008
0.485072
0.481178
0.477325
0.473514
0.469744
0.466015
0.462326
0.458676
0.455066
0.451496
0.447964
0.444470
0.441015
0.437597
0.434217
0.430874
0.427567
0.424297
0.421063
0.417864
0.414700
0.411572
0.408478
0.405418
0.402392
0.399399
0.396439
0.393512
0.390618
0.387755
0.384925
0.382125
0.379357
0.376619
0.373912
0.371234
0.368586
0.365968
0.363378
0.360817
0.358285
0.355780
0.353303
0.350853
0.348431
0.346035
0.343665
0.341321
0.339003
0.336711
0.334444
0.332201
0.329984
0.327790
0.325620
0.323474
0.321352
0.319252
0.317176
0.315121
0.313089
0.311080
0.309091
0.307125
0.305179
0.303255
0.301351
0.299467
0.297604
0.295761
0.293937
0.292133
0.290348
0.288581
0.286834
0.285105
0.283395
0.281702
0.280027
0.278370
0.276730
0.275108
0.273502
0.271913
0.270341
0.268785
0.267245
0.265722
0.264213
0.262721
0.261244
0.259782
0.258335
0.256903
0.255485
0.254082
0.252693
0.251318
0.249958
0.248611
0.247277
0.245957
0.244651
0.243357
0.242077
0.240809
0.239554
0.238311
0.237081
0.235863
0.234657
0.233463
0.232280
0.231110
0.229950
0.228803
0.227666
0.226541
0.225426
0.224322
0.223229
0.222147
0.221075
0.220013
0.218962
0.217920
0.216889
0.215867
0.214856
0.213854
0.212861
0.211878
0.210904
0.209939
0.208984
0.208037
0.207099
0.206170
0.205250
0.204338
0.203435
0.202541
0.201654
0.200776
0.199906
0.199043
0.198189
0.197343
0.196504
0.195673
0.194850
0.194034
0.193225
0.192424
0.191630
0.190843
0.190064
0.189291
0.188525
0.187766
0.187014
0.186269
0.185530
0.184798
0.184072
0.183353
0.182640
0.181933
0.181232
0.180538
0.179850
0.179167
0.178491
0.177821
0.177156
0.176497
0.175844
0.175196
0.174554
0.173918
0.173287
0.172661
0.172041
0.171426
0.170816
0.170212
0.169612
0.169018
0.168428
0.167844
0.167264
0.166690
0.166120
0.165555
0.164994
0.164439
0.163888
0.163341
0.162799
0.162261
0.161728
0.161200
0.160675
0.160155
0.159639
0.159127
0.158620
0.158116
0.157617
0.157122
0.156631
0.156143
0.155660
0.155180
0.154705
0.154233
0.153765
0.153300
0.152840
0.152383
0.151929
0.151479
0.151033
0.150590
0.150151
0.149715
0.149283
0.148854
0.148428
0.148006
0.147587
0.147171
0.146758
0.146349
0.145943
0.145539
0.145139
0.144742
0.144349
0.143958
0.143570
0.143185
0.142803
0.142424
0.142047
0.141674
0.141303
0.140936
0.140571
0.140208
0.139849
0.139492
0.139138
0.138786
0.138437
0.138091
0.137747
0.137406
0.137067
0.136731
0.136397
0.136066
0.135737
0.135411
0.135087
0.134765
0.134446
0.134129
0.133814
0.133502
0.133192
0.132884
0.132578
0.132275
0.131974
0.131674
0.131378
0.131083
0.130790
0.130500
0.130211
0.129925
0.129640
0.129358
0.129077
0.128799
0.128523
0.128248
0.127976
0.127705
0.127436
0.127169
0.126905
0.126641
0.126380
0.126121
0.125863
0.125607
0.125353
0.125101
0.124850
0.124602
0.124355
0.124109
0.123866
0.123624
0.123383
0.123145
0.122908
0.122672
0.122438
0.122206
0.121975
0.121746
0.121519
0.121293
0.121068
0.120846
0.120624
0.120404
0.120186
0.119969
0.119753
0.119539
0.119327
0.119116
0.118906
0.118698
0.118491
0.118285
0.118081
0.117878
0.117676
0.117476
0.117277
0.117080
0.116884
0.116689
0.116495
0.116303
0.116112
0.115922
0.115733
0.115546
0.115360
0.115175
0.114991
0.114809
0.114627
0.114447
0.114268
0.114090
0.113914
0.113738
0.113564
0.113391
0.113218
0.113047
0.112878
0.112709
0.112541
0.112374
0.112209
0.112044
0.111881
0.111718
0.111557
0.111397
0.111237
0.111079
0.110922
0.110765
0.110610
0.110456
0.110303
0.110150
0.109999
0.109848
0.109699
0.109550
0.109403
0.109256
0.109110
0.108965
0.108821
0.108678
0.108536
0.108395
0.108255
0.108115
0.107976
0.107839
0.107702
0.107566
0.107430
0.107296
0.107163
0.107030
0.106898
0.106767
0.106637
0.106507
0.106379
0.106251
0.106124
0.105997
0.105872
0.105747
0.105623
0.105500
0.105378
0.105256
0.105135
0.105015
0.104895
0.104776
0.104658
0.104541
0.104424
0.104309
0.104193
0.104079
0.103965
0.103852
0.103740
0.103628
0.103517
0.103406
0.103297
0.103188
0.103079
0.102972
0.102864
0.102758
0.102652
0.102547
0.102443
0.102339
0.102235
0.102133
0.102031
0.101929
0.101828
0.101728
0.101628
0.101529
0.101431
0.101333
0.101236
0.101139
0.101043
0.100947
0.100852
0.100758
0.100664
0.100571
0.100478
0.100386
0.100294
0.100203
0.100113
0.100023
0.099933
0.099844
0.099756
0.099668
0.099580
0.099493
0.099407
0.099321
0.099236
0.099151
0.099067
0.098983
0.098899
0.098816
0.098734
0.098652
0.098570
0.098490
0.098409
0.098329
0.098249
0.098170
0.098092
0.098013
0.097936
0.097858
0.097782
0.097705
0.097629
0.097554
0.097479
0.097404
0.097330
0.097256
0.097183
0.097110
0.097037
0.096965
0.096894
0.096822
0.096752
0.096681
0.096611
0.096542
0.096472
0.096404
0.096335
0.096267
0.096199
0.096132
0.096065
0.095999
0.095933
0.095867
0.095802
0.095737
0.095672
0.095608
0.095544
0.095481
0.095418
0.095355
0.095292
0.095230
0.095169
0.095107
0.095046
0.094986
0.094925
0.094865
0.094806
0.094746
0.094688
0.094629
0.094571
0.094513
0.094455
0.094398
0.094341
0.094284
0.094228
0.094172
0.094116
0.094061
0.094006
0.093951
0.093897
0.093843
0.093789
0.093735
0.093682
0.093629
0.093577
0.093524
0.093472
0.093421
0.093369
0.093318
0.093267
0.093217
0.093166
0.093117
0.093067
0.093017
0.092968
0.092919
0.092871
0.092822
0.092774
0.092727
0.092679
0.092632
0.092585
0.092538
0.092492
0.092445
0.092400
0.092354
0.092309
0.092263
0.092218
0.092174
0.092129
0.092085
0.092041
0.091998
0.091954
0.091911
0.091868
0.091825
0.091783
0.091741
0.091699
0.091657
0.091616
0.091574
0.091533
0.091492
0.091452
0.091411
0.091371
0.091331
0.091292
0.091252
0.091213
0.091174
0.091135
0.091096
0.091058
0.091020
0.090982
0.090944
0.090907
0.090869
0.090832
0.090795
0.090758
0.090722
0.090686
0.090650
0.090614
0.090578
0.090542
0.090507
0.090472
0.090437
0.090402
0.090368
0.090334
0.090299
0.090265
0.090232
0.090198
0.090165
0.090132
0.090098
0.090066
0.090033
0.090000
0.089968
0.089936
0.089904
0.089872
0.089841
0.089809
0.089778
0.089747
0.089716
0.089686
0.089655
0.089625
0.089594
0.089564
0.089534
0.089505
0.089475
0.089446
0.089417
0.089387
0.089359
0.089330
0.089301
0.089273
0.089245
0.089217
0.089188
0.089161
0.089133
0.089106
0.089078
0.089051
0.089024
0.088997
0.088970
0.088944
0.088917
0.088891
0.088865
0.088839
0.088813
0.088787
0.088762
0.088736
0.088711
0.088686
0.088661
0.088636
0.088611
0.088587
0.088562
0.088538
0.088514
0.088490
0.088466
0.088442
0.088418
0.088395
0.088371
0.088348
0.088325
0.088302
0.088279
0.088256
0.088234
0.088211
0.088189
0.088166
0.088144
0.088122
0.088100
0.088079
0.088057
0.088035
0.088014
0.087993
0.087971
0.087951
0.087929
0.087909
0.087888
0.087867
0.087847
0.087827
0.087806
0.087786
0.087766
0.087746
0.087726
0.087707
0.087687
0.087668
0.087648
0.087629
0.087610
0.087591
0.087572
0.087553
0.087534
0.087516
0.087497
0.087479
0.087460
0.087442
0.087424
0.087406
0.087388
0.087370
0.087352
0.087335
0.087317
0.087300
0.087283
0.087265
0.087248
0.087231
0.087214
0.087197
0.087181
0.087164
0.087147
0.087131
0.087114
0.087098
0.087082
0.087066
0.087050
0.087034
0.087018
0.087002
0.086987
0.086971
0.086956
0.086940
0.086925
0.086910
0.086894
0.086879
0.086864
0.086849
0.086835
0.086820
0.086805
0.086791
0.086776
0.086762
0.086748
0.086733
0.086719
0.086705
0.086691
0.086677
0.086663
0.086650
0.086636
0.086622
0.086609
0.086595
0.086582
0.086568
0.086555
0.086542
0.086529
0.086516
0.086503
0.086490
0.086477
0.086465
0.086452
0.086439
0.086427
0.086414
0.086402
0.086390
0.086378
0.086365
0.086353
0.086341
0.086329
0.086318
0.086306
0.086294
0.086282
0.086271
0.086259
0.086248
0.086236
0.086225
0.086213
0.086202
0.086191
0.086180
0.086169
0.086158
0.086147
0.086136
0.086125
0.086115
0.086104
0.086094
0.086083
0.086072
0.086062
0.086052
0.086041
0.086031
0.086021
0.086011
0.086001
0.085991
0.085981
0.085971
0.085961
0.085951
0.085942
0.085932
0.085922
0.085913
0.085903
0.085894
