1.52188e-07
1.52188e-07
1.52189e-07
1.52189e-07
1.52189e-07
1.52188e-07
1.52178e-07
1.52178e-07
1.52179e-07
1.5218e-07
1.52181e-07
1.52181e-07
1.52182e-07
1.52183e-07
1.52176e-07
1.52177e-07
1.52178e-07
1.52178e-07
1.52179e-07
1.52179e-07
1.5218e-07
1.5218e-07
1.5218e-07
1.52181e-07
1.52181e-07
1.52181e-07
1.52181e-07
1.52181e-07
1.52181e-07
1.52181e-07
1.52181e-07
1.52181e-07
1.52181e-07
1.52181e-07
1.52181e-07
1.52181e-07
1.52181e-07
1.52181e-07
1.52181e-07
1.52181e-07
1.5218e-07
1.5218e-07
1.5218e-07
1.5218e-07
1.5218e-07
1.52179e-07
1.52179e-07
1.52179e-07
1.52179e-07
1.52178e-07
1.52178e-07
1.52178e-07
1.52177e-07
1.52177e-07
1.52177e-07
1.52176e-07
1.52176e-07
1.52176e-07
1.52176e-07
1.52176e-07
1.52175e-07
1.52175e-07
1.52175e-07
1.52174e-07
1.52174e-07
1.52174e-07
1.52173e-07
1.52173e-07
1.52172e-07
1.52172e-07
1.52172e-07
1.52172e-07
1.52171e-07
1.52171e-07
1.52171e-07
1.5217e-07
1.5217e-07
1.5217e-07
1.52169e-07
1.52169e-07
1.52169e-07
1.52168e-07
1.52168e-07
1.52167e-07
1.52167e-07
1.52167e-07
1.52167e-07
1.52166e-07
1.52166e-07
1.52166e-07
1.52165e-07
1.52165e-07
1.52165e-07
1.52164e-07
1.52164e-07
1.52164e-07
1.52163e-07
1.52163e-07
1.52162e-07
1.52162e-07
1.52162e-07
1.52162e-07
1.52162e-07
1.52161e-07
1.52161e-07
1.5216e-07
1.5216e-07
1.5216e-07
1.52159e-07
1.52159e-07
1.52159e-07
1.52158e-07
1.52158e-07
1.52158e-07
1.52158e-07
1.52158e-07
1.52157e-07
1.52157e-07
1.52157e-07
1.52156e-07
1.52156e-07
1.52156e-07
1.52155e-07
1.52155e-07
1.52155e-07
1.52154e-07
1.52154e-07
1.52154e-07
1.52153e-07
1.52153e-07
1.52153e-07
1.52153e-07
1.52153e-07
1.52152e-07
1.52152e-07
1.52152e-07
1.52151e-07
1.52151e-07
1.52151e-07
1.5215e-07
1.5215e-07
1.5215e-07
1.5215e-07
1.52149e-07
1.52149e-07
1.52149e-07
1.52149e-07
1.52149e-07
1.52148e-07
1.52148e-07
1.52148e-07
1.52147e-07
1.52147e-07
1.52147e-07
1.52147e-07
1.52146e-07
1.52146e-07
1.52146e-07
1.52146e-07
1.52145e-07
1.52145e-07
1.52145e-07
1.52145e-07
1.52144e-07
1.52144e-07
1.52144e-07
1.52144e-07
1.52144e-07
1.52144e-07
1.52143e-07
1.52143e-07
1.52143e-07
1.52143e-07
1.52142e-07
1.52142e-07
1.52142e-07
1.52142e-07
1.52141e-07
1.52141e-07
1.52141e-07
1.52141e-07
1.5214e-07
1.5214e-07
1.5214e-07
1.5214e-07
1.5214e-07
1.5214e-07
1.5214e-07
1.52139e-07
1.52139e-07
1.52139e-07
1.52139e-07
1.52139e-07
1.52138e-07
1.52138e-07
1.52138e-07
1.52138e-07
1.52138e-07
1.52137e-07
1.52137e-07
1.52137e-07
1.52137e-07
1.52137e-07
1.52136e-07
1.52136e-07
1.52136e-07
1.52136e-07
1.52136e-07
1.52136e-07
1.52135e-07
1.52135e-07
1.52135e-07
1.52135e-07
1.52135e-07
1.52135e-07
1.52135e-07
1.52135e-07
1.52135e-07
1.52134e-07
1.52134e-07
1.52134e-07
1.52134e-07
1.52134e-07
1.52134e-07
1.52134e-07
1.52133e-07
1.52133e-07
1.52133e-07
1.52133e-07
1.52133e-07
1.52133e-07
1.52133e-07
1.52132e-07
1.52132e-07
1.52132e-07
1.52132e-07
1.52132e-07
1.52132e-07
1.52132e-07
1.52131e-07
1.52131e-07
1.52131e-07
1.52131e-07
1.52131e-07
1.52131e-07
1.52131e-07
1.52131e-07
1.52131e-07
1.5213e-07
1.5213e-07
1.5213e-07
1.5213e-07
1.5213e-07
1.5213e-07
1.5213e-07
1.5213e-07
1.5213e-07
1.5213e-07
1.5213e-07
1.5213e-07
1.5213e-07
1.5213e-07
1.5213e-07
1.52129e-07
1.52129e-07
1.52129e-07
1.52129e-07
1.52129e-07
1.52129e-07
1.52129e-07
1.52129e-07
1.52129e-07
1.52129e-07
1.52129e-07
1.52129e-07
1.52128e-07
1.52128e-07
1.52128e-07
1.52128e-07
1.52128e-07
1.52128e-07
1.52128e-07
1.52128e-07
1.52128e-07
1.52128e-07
1.52128e-07
1.52128e-07
1.52128e-07
1.52128e-07
1.52128e-07
1.52128e-07
1.52127e-07
1.52127e-07
1.52127e-07
1.52127e-07
1.52127e-07
1.52127e-07
1.52127e-07
1.52127e-07
1.52127e-07
1.52127e-07
1.52127e-07
1.52127e-07
1.52127e-07
1.52127e-07
1.52127e-07
1.52127e-07
1.52127e-07
1.52127e-07
1.52127e-07
1.52127e-07
1.52127e-07
1.52127e-07
1.52127e-07
1.52127e-07
1.52127e-07
1.52127e-07
1.52127e-07
1.52126e-07
1.52126e-07
1.52126e-07
1.52126e-07
1.52126e-07
1.52126e-07
1.52126e-07
1.52126e-07
1.52126e-07
1.52126e-07
1.52126e-07
1.52126e-07
1.52126e-07
1.52126e-07
1.52126e-07
1.52126e-07
1.52126e-07
1.52126e-07
1.52126e-07
1.52126e-07
1.52126e-07
1.52126e-07
1.52126e-07
1.52126e-07
1.52126e-07
1.52126e-07
1.52126e-07
1.52126e-07
1.52126e-07
1.52126e-07
1.52126e-07
1.52126e-07
1.52126e-07
1.52126e-07
1.52126e-07
1.52126e-07
1.52126e-07
1.52126e-07
1.52126e-07
1.52126e-07
1.52126e-07
1.52126e-07
1.52126e-07
1.52126e-07
1.52126e-07
1.52126e-07
1.52126e-07
1.52126e-07
1.52126e-07
1.52126e-07
1.52126e-07
1.52126e-07
1.52126e-07
1.52127e-07
1.52127e-07
1.52127e-07
1.52127e-07
1.52127e-07
1.52127e-07
1.52127e-07
1.52127e-07
1.52127e-07
1.52127e-07
1.52127e-07
1.52127e-07
1.52127e-07
1.52127e-07
1.52127e-07
1.52127e-07
1.52127e-07
1.52127e-07
1.52127e-07
1.52127e-07
1.52127e-07
1.52127e-07
1.52127e-07
1.52127e-07
1.52127e-07
1.52127e-07
1.52127e-07
1.52127e-07
1.52127e-07
1.52127e-07
1.52127e-07
1.52127e-07
1.52127e-07
1.52128e-07
1.52128e-07
1.52128e-07
1.52128e-07
1.52128e-07
1.52128e-07
1.52128e-07
1.52128e-07
1.52128e-07
1.52128e-07
1.52128e-07
1.52128e-07
1.52128e-07
1.52128e-07
1.52128e-07
1.52128e-07
1.52128e-07
1.52128e-07
1.52128e-07
1.52128e-07
1.52128e-07
1.52128e-07
1.52129e-07
1.52129e-07
1.52129e-07
1.52129e-07
1.52129e-07
1.52129e-07
1.52129e-07
1.52129e-07
1.52129e-07
1.52129e-07
1.52129e-07
1.52129e-07
1.52129e-07
1.52129e-07
1.52129e-07
1.52129e-07
1.52129e-07
1.52129e-07
1.5213e-07
1.5213e-07
1.5213e-07
1.5213e-07
1.5213e-07
1.5213e-07
1.5213e-07
1.5213e-07
1.5213e-07
1.5213e-07
1.5213e-07
1.5213e-07
1.5213e-07
1.5213e-07
1.5213e-07
1.5213e-07
1.5213e-07
1.5213e-07
1.5213e-07
1.5213e-07
1.5213e-07
1.5213e-07
1.5213e-07
1.5213e-07
1.52131e-07
1.52131e-07
1.52131e-07
1.52131e-07
1.52131e-07
1.52131e-07
1.52131e-07
1.52131e-07
1.52131e-07
1.52131e-07
1.52131e-07
1.52131e-07
1.52131e-07
1.52131e-07
1.52131e-07
1.52132e-07
1.52132e-07
1.52132e-07
1.52132e-07
1.52132e-07
1.52132e-07
1.52132e-07
1.52132e-07
1.52132e-07
1.52132e-07
1.52132e-07
1.52132e-07
1.52132e-07
1.52133e-07
1.52133e-07
1.52133e-07
1.52133e-07
1.52133e-07
1.52133e-07
1.52133e-07
1.52133e-07
1.52133e-07
1.52133e-07
1.52133e-07
1.52133e-07
1.52133e-07
1.52134e-07
1.52134e-07
1.52134e-07
1.52134e-07
1.52134e-07
1.52134e-07
1.52134e-07
1.52134e-07
1.52134e-07
1.52134e-07
1.52134e-07
1.52134e-07
1.52135e-07
1.52135e-07
1.52135e-07
1.52135e-07
1.52135e-07
1.52135e-07
1.52135e-07
1.52135e-07
1.52135e-07
1.52135e-07
1.52135e-07
1.52135e-07
1.52135e-07
1.52135e-07
1.52135e-07
1.52135e-07
1.52135e-07
1.52135e-07
1.52136e-07
1.52136e-07
1.52136e-07
1.52136e-07
1.52136e-07
1.52136e-07
1.52136e-07
1.52136e-07
1.52136e-07
1.52136e-07
1.52136e-07
1.52136e-07
1.52137e-07
1.52137e-07
1.52137e-07
1.52137e-07
1.52137e-07
1.52137e-07
1.52137e-07
1.52137e-07
1.52137e-07
1.52137e-07
1.52137e-07
1.52138e-07
1.52138e-07
1.52138e-07
1.52138e-07
1.52138e-07
1.52138e-07
1.52138e-07
1.52138e-07
1.52138e-07
1.52138e-07
1.52138e-07
1.52139e-07
1.52139e-07
1.52139e-07
1.52139e-07
1.52139e-07
1.52146e-07
1.52146e-07
1.52146e-07
1.52146e-07
1.52146e-07
1.52147e-07
1.52147e-07
1.52147e-07
1.52147e-07
1.52147e-07
1.52147e-07
1.52147e-07
1.52147e-07
1.52147e-07
1.52147e-07
1.52147e-07
1.52147e-07
1.52147e-07
1.52147e-07
1.52147e-07
1.52147e-07
1.52148e-07
1.52148e-07
1.52148e-07
1.52148e-07
1.52148e-07
1.52148e-07
1.52148e-07
1.52148e-07
1.52148e-07
1.52148e-07
1.52149e-07
1.52149e-07
1.52149e-07
1.52149e-07
1.52149e-07
1.52149e-07
1.52149e-07
1.52149e-07
1.52149e-07
1.52149e-07
1.5215e-07
1.5215e-07
1.5215e-07
1.5215e-07
1.5215e-07
1.5215e-07
1.5215e-07
1.5215e-07
1.5215e-07
1.5215e-07
1.52151e-07
1.52151e-07
1.52151e-07
1.52151e-07
1.52151e-07
1.52151e-07
1.52151e-07
1.52151e-07
1.52151e-07
1.52151e-07
1.52152e-07
1.52152e-07
1.52152e-07
1.52152e-07
1.52152e-07
1.52152e-07
1.52152e-07
1.52152e-07
1.52152e-07
1.52152e-07
1.52152e-07
1.52152e-07
1.52152e-07
1.52152e-07
1.52152e-07
1.52153e-07
1.52153e-07
1.52153e-07
1.52153e-07
1.52153e-07
1.52153e-07
1.52153e-07
1.52153e-07
1.52153e-07
1.52154e-07
1.52154e-07
1.52154e-07
1.52154e-07
1.52154e-07
1.52154e-07
1.52154e-07
1.52154e-07
1.52154e-07
1.52154e-07
1.52155e-07
1.52155e-07
1.52155e-07
1.52155e-07
1.52155e-07
1.52155e-07
1.52155e-07
1.52155e-07
1.52155e-07
1.52156e-07
1.52156e-07
1.52156e-07
1.52156e-07
1.52156e-07
1.52156e-07
1.52156e-07
1.52156e-07
1.52156e-07
1.52156e-07
1.52157e-07
1.52157e-07
1.52157e-07
1.52157e-07
1.52157e-07
1.52157e-07
1.52157e-07
1.52157e-07
1.52157e-07
1.52157e-07
1.52157e-07
1.52157e-07
1.52157e-07
1.52157e-07
1.52158e-07
1.52158e-07
1.52158e-07
1.52158e-07
1.52158e-07
1.52158e-07
1.52158e-07
1.52158e-07
1.52158e-07
1.52159e-07
1.52159e-07
1.52159e-07
1.52159e-07
1.52159e-07
1.52159e-07
1.52159e-07
1.52159e-07
1.52159e-07
1.5216e-07
1.5216e-07
1.5216e-07
1.5216e-07
1.5216e-07
1.5216e-07
1.5216e-07
1.5216e-07
1.5216e-07
1.52161e-07
1.52161e-07
1.52161e-07
1.52161e-07
1.52161e-07
1.52161e-07
1.52161e-07
1.52161e-07
1.52161e-07
1.52161e-07
1.52161e-07
1.52161e-07
1.52161e-07
1.52161e-07
1.52162e-07
1.52162e-07
1.52162e-07
1.52162e-07
1.52162e-07
1.52162e-07
1.52162e-07
1.52162e-07
1.52162e-07
1.52163e-07
1.52163e-07
1.52163e-07
1.52163e-07
1.52163e-07
1.52163e-07
1.52163e-07
1.52163e-07
1.52163e-07
1.52164e-07
1.52164e-07
1.52164e-07
1.52164e-07
1.52164e-07
1.52164e-07
1.52164e-07
1.52164e-07
1.52164e-07
1.52165e-07
1.52165e-07
1.52165e-07
1.52165e-07
1.52165e-07
1.52165e-07
1.52165e-07
1.52165e-07
1.52165e-07
1.52166e-07
1.52166e-07
1.52166e-07
1.52166e-07
1.52166e-07
1.52166e-07
1.52166e-07
1.52166e-07
1.52166e-07
1.52166e-07
1.52166e-07
1.52166e-07
1.52166e-07
1.52167e-07
1.52167e-07
1.52167e-07
1.52167e-07
1.52167e-07
1.52167e-07
1.52167e-07
1.52167e-07
1.52167e-07
1.52168e-07
1.52168e-07
1.52168e-07
1.52168e-07
1.52168e-07
1.52168e-07
1.52168e-07
1.52168e-07
1.52168e-07
1.52169e-07
1.52169e-07
1.52169e-07
1.52169e-07
1.52169e-07
1.52169e-07
1.52169e-07
1.52169e-07
1.52169e-07
1.5217e-07
1.5217e-07
1.5217e-07
1.5217e-07
1.5217e-07
1.5217e-07
1.5217e-07
1.5217e-07
1.5217e-07
1.5217e-07
1.5217e-07
1.5217e-07
1.5217e-07
1.52171e-07
1.52171e-07
1.52171e-07
1.52171e-07
1.52171e-07
1.52171e-07
1.52171e-07
1.52171e-07
1.52171e-07
1.52172e-07
1.52172e-07
1.52172e-07
1.52172e-07
1.52172e-07
1.52172e-07
1.52172e-07
1.52172e-07
1.52173e-07
1.52173e-07
1.52173e-07
1.52173e-07
1.52173e-07
1.52173e-07
1.52173e-07
1.52173e-07
1.52173e-07
1.52174e-07
1.52174e-07
1.52174e-07
1.52174e-07
1.52174e-07
1.52174e-07
1.52174e-07
1.52174e-07
1.52174e-07
1.52175e-07
1.52175e-07
1.52175e-07
1.52175e-07
1.52175e-07
1.52175e-07
1.52175e-07
1.52175e-07
1.52175e-07
1.52175e-07
1.52175e-07
1.52175e-07
1.52175e-07
1.52176e-07
1.52176e-07
1.52176e-07
1.52176e-07
1.52176e-07
1.52176e-07
1.52176e-07
1.52176e-07
1.52176e-07
1.52177e-07
1.52177e-07
1.52177e-07
1.52177e-07
1.52177e-07
1.52177e-07
1.52177e-07
1.52177e-07
1.52178e-07
1.52178e-07
1.52178e-07
1.52178e-07
1.52178e-07
1.52178e-07
1.52178e-07
1.52178e-07
1.52178e-07
1.52179e-07
1.52179e-07
1.52179e-07
1.52179e-07
1.52179e-07
1.52179e-07
1.52179e-07
1.52179e-07
1.52179e-07
1.5218e-07
1.5218e-07
1.5218e-07
1.5218e-07
1.5218e-07
1.5218e-07
1.5218e-07
1.5218e-07
1.5218e-07
1.5218e-07
1.5218e-07
1.5218e-07
1.52181e-07
1.52181e-07
1.52181e-07
1.52181e-07
1.52181e-07
1.52181e-07
1.52181e-07
1.52181e-07
1.52181e-07
1.52182e-07
1.52182e-07
1.52182e-07
1.52182e-07
1.52182e-07
1.52182e-07
1.52182e-07
1.52182e-07
1.52182e-07
1.52183e-07
1.52183e-07
1.52183e-07
1.52183e-07
1.52183e-07
1.52183e-07
1.52183e-07
1.52183e-07
1.52184e-07
1.52184e-07
1.52184e-07
1.52184e-07
1.52184e-07
1.52184e-07
1.52184e-07
1.52184e-07
1.52184e-07
1.52184e-07
1.52184e-07
1.52184e-07
1.52184e-07
1.52185e-07
1.52185e-07
1.52185e-07
1.52185e-07
1.52185e-07
1.52185e-07
1.52185e-07
1.52185e-07
1.52185e-07
1.52186e-07
1.52186e-07
1.52186e-07
1.52186e-07
1.52186e-07
1.52186e-07
1.52186e-07
1.52186e-07
1.52187e-07
1.52187e-07
1.52187e-07
1.52187e-07
1.52187e-07
1.52187e-07
1.52187e-07
1.52187e-07
1.52187e-07
1.52188e-07
1.52188e-07
1.52188e-07
1.52188e-07
1.52188e-07
1.52188e-07
1.52188e-07
1.52189e-07
1.52189e-07
1.52188e-07
1.52178e-07
1.52178e-07
1.52179e-07
1.5218e-07
1.5218e-07
1.52181e-07
1.52182e-07
1.52183e-07
1.52184e-07
1.52184e-07
1.52184e-07
1.52185e-07
1.52185e-07
1.52186e-07
1.52186e-07
1.52187e-07
1.52187e-07
1.52188e-07
1.52188e-07
1.52188e-07
1.52188e-07
1.52188e-07
1.52188e-07
1.52188e-07
1.52188e-07
1.52188e-07
1.52188e-07
1.52188e-07
1.52188e-07
1.52188e-07
1.52188e-07
1.52188e-07
1.52188e-07
1.52187e-07
1.52187e-07
1.52187e-07
1.52187e-07
1.52186e-07
1.52186e-07
1.52186e-07
1.52186e-07
1.52186e-07
1.52185e-07
1.52185e-07
1.52185e-07
1.52184e-07
1.52184e-07
1.52184e-07
1.52184e-07
1.52184e-07
1.52183e-07
1.52183e-07
1.52183e-07
1.52182e-07
1.52182e-07
1.52182e-07
1.52181e-07
1.52181e-07
1.52181e-07
1.5218e-07
1.5218e-07
1.5218e-07
1.5218e-07
1.52179e-07
1.52179e-07
1.52179e-07
1.52178e-07
1.52178e-07
1.52177e-07
1.52177e-07
1.52177e-07
1.52176e-07
1.52176e-07
1.52176e-07
1.52175e-07
1.52175e-07
1.52175e-07
1.52175e-07
1.52174e-07
1.52174e-07
1.52174e-07
1.52173e-07
1.52173e-07
1.52172e-07
1.52172e-07
1.52172e-07
1.52171e-07
1.52164e-07
1.52164e-07
1.52163e-07
1.52163e-07
1.52163e-07
1.52162e-07
1.52162e-07
1.52162e-07
1.52162e-07
1.52161e-07
1.52161e-07
1.52161e-07
1.5216e-07
1.5216e-07
1.5216e-07
1.52159e-07
1.52159e-07
1.52158e-07
1.52158e-07
1.52158e-07
1.52158e-07
1.52158e-07
1.52157e-07
1.52157e-07
1.52157e-07
1.52156e-07
1.52156e-07
1.52156e-07
1.52155e-07
1.52155e-07
1.52155e-07
1.52154e-07
1.52154e-07
1.52154e-07
1.52153e-07
1.52153e-07
1.52153e-07
1.52153e-07
1.52153e-07
1.52152e-07
1.52152e-07
1.52152e-07
1.52151e-07
1.52151e-07
1.52151e-07
1.5215e-07
1.5215e-07
1.5215e-07
1.5215e-07
1.52149e-07
1.52149e-07
1.52149e-07
1.52149e-07
1.52149e-07
1.52148e-07
1.52148e-07
1.52148e-07
1.52147e-07
1.52147e-07
1.52147e-07
1.52147e-07
1.52146e-07
1.52146e-07
1.52146e-07
1.52146e-07
1.52145e-07
1.52145e-07
1.52145e-07
1.52145e-07
1.52144e-07
1.52144e-07
1.52144e-07
1.52144e-07
1.52144e-07
1.52144e-07
1.52143e-07
1.52143e-07
1.52143e-07
1.52143e-07
1.52142e-07
1.52142e-07
1.52142e-07
1.52142e-07
1.52141e-07
1.52141e-07
1.52141e-07
1.52141e-07
1.5214e-07
1.5214e-07
1.5214e-07
1.5214e-07
1.5214e-07
1.5214e-07
1.5214e-07
1.52139e-07
1.52139e-07
1.52139e-07
1.52139e-07
1.52139e-07
1.52138e-07
1.52138e-07
1.52138e-07
1.52138e-07
1.52138e-07
1.52137e-07
1.52137e-07
1.52137e-07
1.52137e-07
1.52137e-07
1.52136e-07
1.52136e-07
1.52136e-07
1.52136e-07
1.52136e-07
1.52136e-07
1.52135e-07
1.52135e-07
1.52135e-07
1.52135e-07
1.52135e-07
1.52135e-07
1.52135e-07
1.52135e-07
1.52134e-07
1.52134e-07
1.52134e-07
1.52134e-07
1.52134e-07
1.52134e-07
1.52134e-07
1.52133e-07
1.52133e-07
1.52133e-07
1.52133e-07
1.52133e-07
1.52133e-07
1.52133e-07
1.52132e-07
1.52132e-07
1.52132e-07
1.52132e-07
1.52132e-07
1.52132e-07
1.52132e-07
1.52131e-07
1.52131e-07
1.52131e-07
1.52131e-07
1.52131e-07
1.52131e-07
1.52131e-07
1.52131e-07
1.5213e-07
1.5213e-07
1.5213e-07
1.5213e-07
1.5213e-07
1.5213e-07
1.5213e-07
1.5213e-07
1.5213e-07
1.5213e-07
1.5213e-07
1.5213e-07
1.5213e-07
1.5213e-07
1.5213e-07
1.52129e-07
1.52129e-07
1.52129e-07
1.52136e-07
1.52136e-07
1.52136e-07
1.52136e-07
1.52136e-07
1.52136e-07
1.52136e-07
1.52136e-07
1.52136e-07
1.52135e-07
1.52135e-07
1.52135e-07
1.52135e-07
1.52135e-07
1.52135e-07
1.52135e-07
1.52135e-07
1.52135e-07
1.52135e-07
1.52135e-07
1.52135e-07
1.52135e-07
1.52135e-07
1.52135e-07
1.52134e-07
1.52134e-07
1.52134e-07
1.52134e-07
1.52134e-07
1.52134e-07
1.52134e-07
1.52134e-07
1.52134e-07
1.52134e-07
1.52134e-07
1.52134e-07
1.52134e-07
1.52134e-07
1.52134e-07
1.52134e-07
1.52134e-07
1.52134e-07
1.52134e-07
1.52134e-07
1.52134e-07
1.52134e-07
1.52134e-07
1.52134e-07
1.52134e-07
1.52134e-07
1.52134e-07
1.52134e-07
1.52134e-07
1.52134e-07
1.52134e-07
1.52134e-07
1.52134e-07
1.52134e-07
1.52134e-07
1.52134e-07
1.52134e-07
1.52134e-07
1.52134e-07
1.52134e-07
1.52134e-07
1.52134e-07
1.52134e-07
1.52134e-07
1.52134e-07
1.52134e-07
1.52133e-07
1.52133e-07
1.52133e-07
1.52133e-07
1.52133e-07
1.52133e-07
1.52133e-07
1.52133e-07
1.52133e-07
1.52133e-07
1.52133e-07
1.52133e-07
1.52133e-07
1.52133e-07
1.52133e-07
1.52133e-07
1.52133e-07
1.52133e-07
1.52133e-07
1.52133e-07
1.52133e-07
1.52133e-07
1.52134e-07
1.52134e-07
1.52134e-07
1.52134e-07
1.52134e-07
1.52134e-07
1.52134e-07
1.52134e-07
1.52134e-07
1.52134e-07
1.52134e-07
1.52134e-07
1.52134e-07
1.52134e-07
1.52134e-07
1.52134e-07
1.52134e-07
1.52134e-07
1.52134e-07
1.52134e-07
1.52134e-07
1.52134e-07
1.52134e-07
1.52134e-07
1.52134e-07
1.52134e-07
1.52134e-07
1.52134e-07
1.52134e-07
1.52134e-07
1.52134e-07
1.52134e-07
1.52134e-07
1.52134e-07
1.52134e-07
1.52134e-07
1.52134e-07
1.52134e-07
1.52134e-07
1.52134e-07
1.52134e-07
1.52134e-07
1.52134e-07
1.52134e-07
1.52134e-07
1.52134e-07
1.52134e-07
1.52134e-07
1.52134e-07
1.52134e-07
1.52134e-07
1.52134e-07
1.52134e-07
1.52134e-07
1.52134e-07
1.52135e-07
1.52135e-07
1.52135e-07
1.52135e-07
1.52135e-07
1.52135e-07
1.52135e-07
1.52135e-07
1.52135e-07
1.52135e-07
1.52135e-07
1.52135e-07
1.52135e-07
1.52135e-07
1.52135e-07
1.52135e-07
1.52135e-07
1.52135e-07
1.52135e-07
1.52135e-07
1.52135e-07
1.52136e-07
1.52136e-07
1.52136e-07
1.52136e-07
1.52136e-07
1.52136e-07
1.52136e-07
1.52136e-07
1.52136e-07
1.52136e-07
1.52136e-07
1.52136e-07
1.52136e-07
1.52136e-07
1.52136e-07
1.52136e-07
1.52136e-07
1.52136e-07
1.52137e-07
1.52137e-07
1.52137e-07
1.52137e-07
1.52137e-07
1.52137e-07
1.52137e-07
1.52137e-07
1.52137e-07
1.52137e-07
1.52137e-07
1.52137e-07
1.52137e-07
1.52137e-07
1.52137e-07
1.52137e-07
1.52138e-07
1.52138e-07
1.52138e-07
1.52138e-07
1.52138e-07
1.52138e-07
1.52138e-07
1.52138e-07
1.52138e-07
1.52138e-07
1.52138e-07
1.52138e-07
1.52138e-07
1.52138e-07
1.52138e-07
1.52138e-07
1.52138e-07
1.52138e-07
1.52138e-07
1.52138e-07
1.52138e-07
1.52139e-07
1.52139e-07
1.52139e-07
1.52139e-07
1.52139e-07
1.52139e-07
1.52139e-07
1.52139e-07
1.52139e-07
1.52139e-07
1.52139e-07
1.52139e-07
1.52139e-07
1.52139e-07
1.5214e-07
1.5214e-07
1.5214e-07
1.5214e-07
1.5214e-07
1.5214e-07
1.5214e-07
1.5214e-07
1.5214e-07
1.5214e-07
1.5214e-07
1.5214e-07
1.52141e-07
1.52141e-07
1.52141e-07
1.52141e-07
1.52141e-07
1.52141e-07
1.52141e-07
1.52141e-07
1.52141e-07
1.52141e-07
1.52141e-07
1.52141e-07
1.52141e-07
1.52142e-07
1.52142e-07
1.52142e-07
1.52142e-07
1.52142e-07
1.52142e-07
1.52142e-07
1.52142e-07
1.52142e-07
1.52142e-07
1.52142e-07
1.52142e-07
1.52143e-07
1.52143e-07
1.52143e-07
1.52143e-07
1.52143e-07
1.52143e-07
1.52143e-07
1.52143e-07
1.52143e-07
1.52143e-07
1.52143e-07
1.52143e-07
1.52143e-07
1.52143e-07
1.52143e-07
1.52143e-07
1.52143e-07
1.52144e-07
1.52144e-07
1.52144e-07
1.52144e-07
1.52144e-07
1.52144e-07
1.52144e-07
1.52144e-07
1.52144e-07
1.52144e-07
1.52144e-07
1.52145e-07
1.52145e-07
1.52145e-07
1.52145e-07
1.52145e-07
1.52145e-07
1.52145e-07
1.52145e-07
1.52145e-07
1.52145e-07
1.52145e-07
1.52146e-07
1.52146e-07
1.52146e-07
1.52146e-07
1.52146e-07
1.52146e-07
1.52146e-07
1.52146e-07
1.52146e-07
1.52146e-07
1.52147e-07
1.52147e-07
1.52147e-07
1.52147e-07
1.52147e-07
1.52147e-07
1.52147e-07
1.52147e-07
1.52147e-07
1.52147e-07
1.52147e-07
1.52147e-07
1.52147e-07
1.52147e-07
1.52147e-07
1.52147e-07
1.52148e-07
1.52148e-07
1.52148e-07
1.52148e-07
1.52148e-07
1.52148e-07
1.52148e-07
1.52148e-07
1.52148e-07
1.52148e-07
1.52149e-07
1.52149e-07
1.52149e-07
1.52149e-07
1.52149e-07
1.52149e-07
1.52149e-07
1.52149e-07
1.52149e-07
1.52149e-07
1.5215e-07
1.5215e-07
1.5215e-07
1.5215e-07
1.5215e-07
1.5215e-07
1.5215e-07
1.5215e-07
1.5215e-07
1.5215e-07
1.52151e-07
1.52151e-07
1.52151e-07
1.52151e-07
1.52151e-07
1.52151e-07
1.52151e-07
1.52151e-07
1.52151e-07
1.52151e-07
1.52152e-07
1.52152e-07
1.52152e-07
1.52152e-07
1.52152e-07
1.52152e-07
1.52152e-07
1.52152e-07
1.52152e-07
1.52152e-07
1.52152e-07
1.52152e-07
1.52152e-07
1.52152e-07
1.52153e-07
1.52153e-07
1.52153e-07
1.52153e-07
1.52153e-07
1.52153e-07
1.52153e-07
1.52153e-07
1.52153e-07
1.52153e-07
1.52154e-07
1.52154e-07
1.52154e-07
1.52154e-07
1.52154e-07
1.52154e-07
1.52154e-07
1.52154e-07
1.52154e-07
1.52155e-07
1.52155e-07
1.52155e-07
1.52155e-07
1.52155e-07
1.52155e-07
1.52155e-07
1.52155e-07
1.52155e-07
1.52155e-07
1.52156e-07
1.52156e-07
1.52156e-07
1.52156e-07
1.52156e-07
1.52156e-07
1.52156e-07
1.52156e-07
1.52156e-07
1.52157e-07
1.52157e-07
1.52157e-07
1.52157e-07
1.52157e-07
1.52157e-07
1.52157e-07
1.52157e-07
1.52157e-07
1.52157e-07
1.52157e-07
1.52157e-07
1.52157e-07
1.52157e-07
1.52158e-07
1.52158e-07
1.52158e-07
1.52158e-07
1.52158e-07
1.52158e-07
1.52158e-07
1.52158e-07
1.52158e-07
1.52159e-07
1.52159e-07
1.52159e-07
1.52159e-07
1.52159e-07
1.52159e-07
1.52159e-07
1.52159e-07
1.52159e-07
1.52159e-07
1.5216e-07
1.5216e-07
1.5216e-07
1.5216e-07
1.5216e-07
1.5216e-07
1.5216e-07
1.5216e-07
1.5216e-07
1.52161e-07
1.52161e-07
1.52161e-07
1.52161e-07
1.52161e-07
1.52161e-07
1.52161e-07
1.52161e-07
1.52161e-07
1.52161e-07
1.52161e-07
1.52161e-07
1.52161e-07
1.52162e-07
1.52162e-07
1.52162e-07
1.52162e-07
1.52162e-07
1.52162e-07
1.52162e-07
1.52162e-07
1.52162e-07
1.52163e-07
1.52163e-07
1.52163e-07
1.52163e-07
1.52163e-07
1.52163e-07
1.52163e-07
1.52163e-07
1.52163e-07
1.52164e-07
1.52164e-07
1.52164e-07
1.52164e-07
1.52164e-07
1.52164e-07
1.52164e-07
1.52164e-07
1.52164e-07
1.52165e-07
1.52165e-07
1.52165e-07
1.52165e-07
1.52165e-07
1.52165e-07
1.52165e-07
1.52165e-07
1.52165e-07
1.52166e-07
1.52166e-07
1.52166e-07
1.52166e-07
1.52166e-07
1.52166e-07
1.52166e-07
1.52166e-07
1.52166e-07
1.52166e-07
1.52166e-07
1.52166e-07
1.52166e-07
1.52166e-07
1.52167e-07
1.52167e-07
1.52167e-07
1.52167e-07
1.52167e-07
1.52167e-07
1.52167e-07
1.52167e-07
1.52167e-07
1.52168e-07
1.52168e-07
1.52168e-07
1.52168e-07
1.52168e-07
1.52168e-07
1.52168e-07
1.52168e-07
1.52169e-07
1.52169e-07
1.52169e-07
1.52169e-07
1.52169e-07
1.52169e-07
1.52169e-07
1.52169e-07
1.52169e-07
1.5217e-07
1.5217e-07
1.5217e-07
1.5217e-07
1.5217e-07
1.5217e-07
1.5217e-07
1.5217e-07
1.5217e-07
1.5217e-07
1.5217e-07
1.5217e-07
1.5217e-07
1.52171e-07
1.52171e-07
1.52171e-07
1.52171e-07
1.52171e-07
1.52171e-07
1.52171e-07
1.52171e-07
1.52171e-07
1.52172e-07
1.52172e-07
1.52172e-07
1.52172e-07
1.52172e-07
1.52172e-07
1.52172e-07
1.52172e-07
1.52172e-07
1.52173e-07
1.52173e-07
1.52173e-07
1.52173e-07
1.52173e-07
1.52173e-07
1.52173e-07
1.52173e-07
1.52173e-07
1.52174e-07
1.52174e-07
1.52174e-07
1.52174e-07
1.52174e-07
1.52174e-07
1.52174e-07
1.52174e-07
1.52175e-07
1.52175e-07
1.52175e-07
1.52175e-07
1.52175e-07
1.52175e-07
1.52175e-07
1.52175e-07
1.52175e-07
1.52175e-07
1.52175e-07
1.52175e-07
1.52175e-07
1.52176e-07
1.52176e-07
1.52176e-07
1.52176e-07
1.52176e-07
1.52176e-07
1.52176e-07
1.52176e-07
1.52176e-07
1.52177e-07
1.52177e-07
1.52177e-07
1.52177e-07
1.52177e-07
1.52177e-07
1.52177e-07
1.52177e-07
1.52177e-07
1.52178e-07
1.52178e-07
1.52178e-07
1.52178e-07
1.52178e-07
1.52178e-07
1.52178e-07
1.52178e-07
1.52179e-07
1.52179e-07
1.52179e-07
1.52179e-07
1.52179e-07
1.52179e-07
1.52179e-07
1.52179e-07
1.52179e-07
1.5218e-07
1.5218e-07
1.5218e-07
1.5218e-07
1.5218e-07
1.5218e-07
1.5218e-07
1.5218e-07
1.5218e-07
1.5218e-07
1.5218e-07
1.5218e-07
1.5218e-07
1.52181e-07
1.52181e-07
1.52181e-07
1.52181e-07
1.52181e-07
1.52181e-07
1.52181e-07
1.52181e-07
1.52182e-07
1.52182e-07
1.52182e-07
1.52182e-07
1.52182e-07
1.52182e-07
1.52182e-07
1.52182e-07
1.52182e-07
1.52183e-07
1.52183e-07
1.52183e-07
1.52183e-07
1.52183e-07
1.52183e-07
1.52183e-07
1.52183e-07
1.52183e-07
1.52184e-07
1.52184e-07
1.52184e-07
1.52184e-07
1.52184e-07
1.52184e-07
1.52184e-07
1.52184e-07
1.52184e-07
1.52184e-07
1.52184e-07
1.52184e-07
1.52185e-07
1.52185e-07
1.52185e-07
1.52185e-07
1.52185e-07
1.52185e-07
1.52185e-07
1.52185e-07
1.52185e-07
1.52186e-07
1.52186e-07
1.52186e-07
1.52186e-07
1.52186e-07
1.52186e-07
1.52186e-07
1.52186e-07
1.52186e-07
1.52187e-07
1.52187e-07
1.52187e-07
1.52187e-07
1.52187e-07
1.52187e-07
1.52187e-07
1.52187e-07
1.52188e-07
1.52188e-07
1.52188e-07
1.52188e-07
1.52188e-07
1.52188e-07
1.52188e-07
1.52188e-07
1.52178e-07
1.52178e-07
1.52179e-07
1.5218e-07
1.5218e-07
1.52181e-07
1.52182e-07
1.52183e-07
1.52183e-07
1.52184e-07
1.52184e-07
1.52185e-07
1.52185e-07
1.52186e-07
1.52186e-07
1.52187e-07
1.52187e-07
1.52187e-07
1.52187e-07
1.52188e-07
1.52188e-07
1.52188e-07
1.52188e-07
1.52188e-07
1.52188e-07
1.52188e-07
1.52188e-07
1.52188e-07
1.52188e-07
1.52188e-07
1.52188e-07
1.52187e-07
1.52187e-07
1.52187e-07
1.52187e-07
1.52187e-07
1.52186e-07
1.52186e-07
1.52186e-07
1.52186e-07
1.52185e-07
1.52185e-07
1.52185e-07
1.52185e-07
1.52184e-07
1.52184e-07
1.52184e-07
1.52184e-07
1.52184e-07
1.52183e-07
1.52183e-07
1.52183e-07
1.52182e-07
1.52182e-07
1.52182e-07
1.52181e-07
1.52181e-07
1.52181e-07
1.5218e-07
1.5218e-07
1.5218e-07
1.5218e-07
1.52179e-07
1.52179e-07
1.52179e-07
1.52178e-07
1.52178e-07
1.52178e-07
1.52177e-07
1.52177e-07
1.52176e-07
1.52176e-07
1.52176e-07
1.52175e-07
1.52175e-07
1.52175e-07
1.52175e-07
1.52174e-07
1.52174e-07
1.52174e-07
1.52173e-07
1.52173e-07
1.52173e-07
1.52172e-07
1.52172e-07
1.52171e-07
1.52171e-07
1.52171e-07
1.5217e-07
1.5217e-07
1.5217e-07
1.5217e-07
1.52169e-07
1.52169e-07
1.52169e-07
1.52168e-07
1.52168e-07
1.52168e-07
1.52167e-07
1.52167e-07
1.52167e-07
1.52166e-07
1.52166e-07
1.52166e-07
1.52166e-07
1.52165e-07
1.52165e-07
1.52165e-07
1.52164e-07
1.52164e-07
1.52164e-07
1.52163e-07
1.52163e-07
1.52163e-07
1.52162e-07
1.52162e-07
1.52162e-07
1.52161e-07
1.52161e-07
1.52161e-07
1.52161e-07
1.52161e-07
1.5216e-07
1.5216e-07
1.5216e-07
1.52159e-07
1.52159e-07
1.52159e-07
1.52158e-07
1.52158e-07
1.52158e-07
1.52157e-07
1.52157e-07
1.52157e-07
1.52157e-07
1.52157e-07
1.52156e-07
1.52156e-07
1.52156e-07
1.52156e-07
1.52155e-07
1.52155e-07
1.52155e-07
1.52154e-07
1.52154e-07
1.52154e-07
1.52154e-07
1.52153e-07
1.52153e-07
1.52153e-07
1.52153e-07
1.52152e-07
1.52152e-07
1.52152e-07
1.52152e-07
1.52152e-07
1.52151e-07
1.52151e-07
1.52151e-07
1.52151e-07
1.5215e-07
1.5215e-07
1.5215e-07
1.5215e-07
1.52149e-07
1.52149e-07
1.52149e-07
1.52149e-07
1.52149e-07
1.52148e-07
1.52148e-07
1.52148e-07
1.52148e-07
1.52147e-07
1.52147e-07
1.52147e-07
1.52147e-07
1.52147e-07
1.52147e-07
1.52147e-07
1.52146e-07
1.52146e-07
1.52146e-07
1.52146e-07
1.52145e-07
1.52145e-07
1.52145e-07
1.52145e-07
1.52145e-07
1.52144e-07
1.52144e-07
1.52144e-07
1.52144e-07
1.52144e-07
1.52144e-07
1.52143e-07
1.52143e-07
1.52143e-07
1.52143e-07
1.52143e-07
1.52143e-07
1.52143e-07
1.52143e-07
1.52142e-07
1.52142e-07
1.52142e-07
1.52142e-07
1.52142e-07
1.52142e-07
1.52141e-07
1.52141e-07
1.52141e-07
1.52141e-07
1.52141e-07
1.52141e-07
1.5214e-07
1.5214e-07
1.5214e-07
1.5214e-07
1.5214e-07
1.5214e-07
1.5214e-07
1.52139e-07
1.52139e-07
1.52139e-07
1.52139e-07
1.52139e-07
1.52139e-07
1.52139e-07
1.52138e-07
1.52138e-07
1.52138e-07
1.52138e-07
1.52138e-07
1.52138e-07
1.52138e-07
1.52138e-07
1.52138e-07
1.52138e-07
1.52138e-07
1.52138e-07
1.52138e-07
1.52137e-07
1.52137e-07
1.52137e-07
1.52137e-07
1.52137e-07
1.52137e-07
1.52137e-07
1.52137e-07
1.52137e-07
1.52136e-07
1.52136e-07
1.52136e-07
1.52136e-07
1.52136e-07
1.52136e-07
1.52136e-07
1.52136e-07
1.52136e-07
1.52136e-07
1.52136e-07
1.52135e-07
1.52135e-07
1.52135e-07
1.52135e-07
1.52135e-07
1.52135e-07
1.52135e-07
1.52135e-07
1.52135e-07
1.52135e-07
1.52135e-07
1.52135e-07
1.52135e-07
1.52135e-07
1.52134e-07
1.52134e-07
1.52134e-07
1.52134e-07
1.52134e-07
1.52134e-07
1.52134e-07
1.52134e-07
1.52134e-07
1.52134e-07
1.52134e-07
1.52134e-07
1.52134e-07
1.52134e-07
1.52134e-07
1.52134e-07
1.52134e-07
1.52134e-07
1.52134e-07
1.52134e-07
1.52134e-07
1.52134e-07
1.52134e-07
1.52134e-07
1.52134e-07
1.52134e-07
1.52134e-07
1.52134e-07
1.52134e-07
1.52134e-07
1.52134e-07
1.52134e-07
1.52134e-07
1.52134e-07
1.52134e-07
1.52133e-07
1.52133e-07
1.52133e-07
1.52133e-07
1.52133e-07
1.52133e-07
1.52133e-07
1.52133e-07
1.52133e-07
1.52133e-07
1.52133e-07
1.52133e-07
1.52133e-07
1.52133e-07
1.52133e-07
1.52133e-07
1.52133e-07
1.52133e-07
1.52133e-07
1.52133e-07
1.52133e-07
1.52133e-07
1.52133e-07
1.52133e-07
1.52133e-07
1.52133e-07
1.52133e-07
1.52133e-07
1.52133e-07
1.52133e-07
1.52133e-07
1.52133e-07
1.52133e-07
1.52133e-07
1.52133e-07
1.52133e-07
1.52133e-07
1.52133e-07
1.52133e-07
1.52133e-07
1.52133e-07
1.52133e-07
1.52133e-07
1.52133e-07
1.52133e-07
1.52133e-07
1.52133e-07
1.52133e-07
1.52133e-07
1.52133e-07
1.52133e-07
1.52133e-07
1.52133e-07
1.52133e-07
1.52133e-07
1.52133e-07
1.52134e-07
1.52134e-07
1.52134e-07
1.52134e-07
1.52134e-07
1.52134e-07
1.52134e-07
1.52134e-07
1.52134e-07
1.52134e-07
1.52134e-07
1.52134e-07
1.52134e-07
1.52134e-07
1.52134e-07
1.52134e-07
1.52134e-07
1.52134e-07
1.52134e-07
1.52134e-07
1.52134e-07
1.52134e-07
1.52134e-07
1.52134e-07
1.52134e-07
1.52134e-07
1.52134e-07
1.52134e-07
1.52134e-07
1.52134e-07
1.52134e-07
1.52134e-07
1.52134e-07
1.52134e-07
1.52134e-07
1.52134e-07
1.52134e-07
1.52134e-07
1.52134e-07
1.52134e-07
1.52134e-07
1.52134e-07
1.52134e-07
1.52134e-07
1.52135e-07
1.52135e-07
1.52135e-07
1.52135e-07
1.52135e-07
1.52135e-07
1.52135e-07
1.52135e-07
1.52135e-07
1.52135e-07
1.52135e-07
1.52135e-07
1.52135e-07
1.52135e-07
1.52135e-07
1.52135e-07
1.52135e-07
1.52135e-07
1.52135e-07
1.52136e-07
1.52136e-07
1.52136e-07
1.52136e-07
1.52136e-07
1.52136e-07
1.52136e-07
1.52136e-07
1.52136e-07
1.52136e-07
1.52136e-07
1.52136e-07
1.52136e-07
1.52136e-07
1.52136e-07
1.52136e-07
1.52136e-07
1.52137e-07
1.52137e-07
1.52137e-07
1.52137e-07
1.52137e-07
1.52137e-07
1.52137e-07
1.52137e-07
1.52137e-07
1.52137e-07
1.52137e-07
1.52137e-07
1.52137e-07
1.52137e-07
1.52137e-07
1.52137e-07
1.52138e-07
1.52138e-07
1.52138e-07
1.52138e-07
1.52138e-07
1.52138e-07
1.52138e-07
1.52138e-07
1.52138e-07
1.52138e-07
1.52138e-07
1.52138e-07
1.52138e-07
1.52138e-07
1.52138e-07
1.52138e-07
1.52138e-07
1.52138e-07
1.52138e-07
1.52138e-07
1.52138e-07
1.52139e-07
1.52139e-07
1.52139e-07
1.52139e-07
1.52139e-07
1.52139e-07
1.52139e-07
1.52139e-07
1.52139e-07
1.52139e-07
1.52139e-07
1.52139e-07
1.52139e-07
1.5214e-07
1.5214e-07
1.5214e-07
1.5214e-07
1.5214e-07
1.5214e-07
1.5214e-07
1.5214e-07
1.5214e-07
1.5214e-07
1.5214e-07
1.5214e-07
1.5214e-07
1.52141e-07
1.52141e-07
1.52141e-07
1.52141e-07
1.52141e-07
1.52141e-07
1.52141e-07
1.52141e-07
1.52141e-07
1.52141e-07
1.52141e-07
1.52141e-07
1.52142e-07
1.52142e-07
1.52142e-07
1.52142e-07
1.52142e-07
1.52142e-07
1.52142e-07
1.52142e-07
1.52142e-07
1.52142e-07
1.52142e-07
1.52142e-07
1.52143e-07
1.52143e-07
1.52143e-07
1.52143e-07
1.52143e-07
1.52143e-07
1.52143e-07
1.52143e-07
1.52143e-07
1.52143e-07
1.52143e-07
1.52143e-07
1.52143e-07
1.52143e-07
1.52143e-07
1.52143e-07
1.52143e-07
1.52144e-07
1.52144e-07
1.52144e-07
1.52144e-07
1.52144e-07
1.52144e-07
1.52144e-07
1.52144e-07
1.52144e-07
1.52144e-07
1.52144e-07
1.52145e-07
1.52145e-07
1.52145e-07
1.52145e-07
1.52145e-07
1.52145e-07
1.52145e-07
1.52145e-07
1.52145e-07
1.52145e-07
1.52146e-07
1.52146e-07
1.52146e-07
1.52146e-07
1.52146e-07
1.52146e-07
1.52146e-07
1.52146e-07
1.52146e-07
1.52146e-07
1.52146e-07
1.52147e-07
1.52147e-07
1.52147e-07
1.52147e-07
1.52147e-07
1.52147e-07
1.52147e-07
1.52147e-07
1.52147e-07
1.52147e-07
1.52147e-07
1.52147e-07
1.52147e-07
1.52147e-07
1.52147e-07
1.52147e-07
1.52148e-07
1.52148e-07
1.52148e-07
1.52148e-07
1.52148e-07
1.52148e-07
1.52148e-07
1.52148e-07
1.52148e-07
1.52148e-07
1.52149e-07
1.52149e-07
1.52149e-07
1.52149e-07
1.52149e-07
1.52149e-07
1.52149e-07
1.52149e-07
1.52149e-07
1.52149e-07
1.5215e-07
1.5215e-07
1.5215e-07
1.5215e-07
1.5215e-07
1.5215e-07
1.5215e-07
1.5215e-07
1.5215e-07
1.5215e-07
1.52151e-07
1.52151e-07
1.52151e-07
1.52151e-07
1.52151e-07
1.52151e-07
1.52151e-07
1.52151e-07
1.52151e-07
1.52152e-07
1.52152e-07
1.52152e-07
1.52152e-07
1.52152e-07
1.52152e-07
1.52152e-07
1.52152e-07
1.52152e-07
1.52152e-07
1.52152e-07
1.52152e-07
1.52152e-07
1.52152e-07
1.52152e-07
1.52153e-07
1.52153e-07
1.52153e-07
1.52153e-07
1.52153e-07
1.52153e-07
1.52153e-07
1.52153e-07
1.52153e-07
1.52153e-07
1.52154e-07
1.52154e-07
1.52154e-07
1.52154e-07
1.52154e-07
1.52154e-07
1.52154e-07
1.52154e-07
1.52154e-07
1.52155e-07
1.52155e-07
1.52155e-07
1.52155e-07
1.52155e-07
1.52155e-07
1.52155e-07
1.52155e-07
1.52155e-07
1.52156e-07
1.52156e-07
1.52156e-07
1.52156e-07
1.52156e-07
1.52156e-07
1.52156e-07
1.52156e-07
1.52156e-07
1.52156e-07
1.52157e-07
1.52157e-07
1.52157e-07
1.52157e-07
1.52157e-07
1.52157e-07
1.52157e-07
1.52157e-07
1.52157e-07
1.52157e-07
1.52157e-07
1.52157e-07
1.52157e-07
1.52157e-07
1.52158e-07
1.52158e-07
1.52158e-07
1.52158e-07
1.52158e-07
1.52158e-07
1.52158e-07
1.52158e-07
1.52158e-07
1.52159e-07
1.52159e-07
1.52159e-07
1.52159e-07
1.52159e-07
1.52159e-07
1.52159e-07
1.52159e-07
1.52159e-07
1.5216e-07
1.5216e-07
1.5216e-07
1.5216e-07
1.5216e-07
1.5216e-07
1.5216e-07
1.5216e-07
1.5216e-07
1.52161e-07
1.52161e-07
1.52161e-07
1.52161e-07
1.52161e-07
1.52161e-07
1.52161e-07
1.52161e-07
1.52161e-07
1.52161e-07
1.52161e-07
1.52161e-07
1.52161e-07
1.52161e-07
1.52162e-07
1.52162e-07
1.52162e-07
1.52162e-07
1.52162e-07
1.52162e-07
1.52162e-07
1.52162e-07
1.52162e-07
1.52163e-07
1.52163e-07
1.52163e-07
1.52163e-07
1.52163e-07
1.52163e-07
1.52163e-07
1.52163e-07
1.52163e-07
1.52164e-07
1.52164e-07
1.52164e-07
1.52164e-07
1.52164e-07
1.52164e-07
1.52164e-07
1.52164e-07
1.52164e-07
1.52165e-07
1.52165e-07
1.52165e-07
1.52165e-07
1.52165e-07
1.52165e-07
1.52165e-07
1.52165e-07
1.52165e-07
1.52166e-07
1.52166e-07
1.52166e-07
1.52166e-07
1.52166e-07
1.52166e-07
1.52166e-07
1.52166e-07
1.52166e-07
1.52166e-07
1.52166e-07
1.52166e-07
1.52166e-07
1.52167e-07
1.52167e-07
1.52167e-07
1.52167e-07
1.52167e-07
1.52167e-07
1.52167e-07
1.52167e-07
1.52167e-07
1.52168e-07
1.52168e-07
1.52168e-07
1.52168e-07
1.52168e-07
1.52168e-07
1.52168e-07
1.52168e-07
1.52168e-07
1.52169e-07
1.52169e-07
1.52169e-07
1.52169e-07
1.52169e-07
1.52169e-07
1.52169e-07
1.52169e-07
1.52169e-07
1.5217e-07
1.5217e-07
1.5217e-07
1.5217e-07
1.5217e-07
1.5217e-07
1.5217e-07
1.5217e-07
1.5217e-07
1.5217e-07
1.5217e-07
1.5217e-07
1.5217e-07
1.52171e-07
1.52171e-07
1.52171e-07
1.52171e-07
1.52171e-07
1.52171e-07
1.52171e-07
1.52171e-07
1.52172e-07
1.52172e-07
1.52172e-07
1.52172e-07
1.52172e-07
1.52172e-07
1.52172e-07
1.52172e-07
1.52172e-07
1.52173e-07
1.52173e-07
1.52173e-07
1.52173e-07
1.52173e-07
1.52173e-07
1.52173e-07
1.52173e-07
1.52173e-07
1.52174e-07
1.52174e-07
1.52174e-07
1.52174e-07
1.52174e-07
1.52174e-07
1.52174e-07
1.52174e-07
1.52174e-07
1.52175e-07
1.52175e-07
1.52175e-07
1.52175e-07
1.52175e-07
1.52175e-07
1.52175e-07
1.52182e-07
1.52183e-07
1.52183e-07
1.52183e-07
1.52183e-07
1.52183e-07
1.52183e-07
1.52183e-07
1.52183e-07
1.52183e-07
1.52183e-07
1.52183e-07
1.52183e-07
1.52183e-07
1.52184e-07
1.52184e-07
1.52184e-07
1.52184e-07
1.52184e-07
1.52184e-07
1.52184e-07
1.52184e-07
1.52184e-07
1.52185e-07
1.52185e-07
1.52185e-07
1.52185e-07
1.52185e-07
1.52185e-07
1.52185e-07
1.52185e-07
1.52185e-07
1.52186e-07
1.52186e-07
1.52186e-07
1.52186e-07
1.52186e-07
1.52186e-07
1.52186e-07
1.52186e-07
1.52187e-07
1.52187e-07
1.52187e-07
1.52187e-07
1.52187e-07
1.52187e-07
1.52187e-07
1.52187e-07
1.52187e-07
1.52187e-07
1.52187e-07
1.52187e-07
1.52187e-07
1.52188e-07
1.52188e-07
1.52188e-07
1.52188e-07
1.52188e-07
1.52188e-07
1.52188e-07
1.52188e-07
1.52188e-07
1.52189e-07
1.52189e-07
1.52189e-07
1.52189e-07
1.52189e-07
1.52189e-07
1.52189e-07
1.52189e-07
1.5219e-07
1.5219e-07
1.5219e-07
1.5219e-07
1.5219e-07
1.5219e-07
1.5219e-07
1.5219e-07
1.5219e-07
1.52191e-07
1.52191e-07
1.52191e-07
1.52191e-07
1.52191e-07
1.52191e-07
1.52191e-07
1.52191e-07
1.52192e-07
1.52192e-07
1.52192e-07
1.52192e-07
1.52192e-07
1.52192e-07
1.52192e-07
1.52192e-07
1.52192e-07
1.52192e-07
1.52192e-07
1.52192e-07
1.52192e-07
1.52193e-07
1.52193e-07
1.52193e-07
1.52193e-07
1.52193e-07
1.52193e-07
1.52193e-07
1.52193e-07
1.52193e-07
1.52194e-07
1.52194e-07
1.52194e-07
1.52194e-07
1.52194e-07
1.52194e-07
1.52194e-07
1.52194e-07
1.52195e-07
