10.632700
10.632700
10.632700
10.632700
10.632700
10.632700
10.635600
10.635900
10.635900
10.635800
10.635700
10.635600
10.635600
10.635500
10.635400
10.635400
10.635300
10.635300
10.635200
10.635200
10.635100
10.635100
10.635000
10.635000
10.635000
10.634900
10.634900
10.634900
10.634800
10.634800
10.634800
10.634800
10.634800
10.634800
10.634800
10.634800
10.634800
10.634800
10.634800
10.634800
10.634800
10.634900
10.634900
10.634900
10.634900
10.635000
10.635000
10.635000
10.635100
10.635100
10.635100
10.635200
10.635200
10.635300
10.635300
10.635400
10.635400
10.635400
10.635500
10.635500
10.635600
10.635600
10.635700
10.635700
10.635800
10.635900
10.635900
10.636000
10.636000
10.636100
10.636100
10.636200
10.636200
10.636300
10.636300
10.636400
10.636500
10.636500
10.636600
10.636600
10.636700
10.636700
10.636800
10.636800
10.636900
10.636900
10.637000
10.637100
10.637100
10.637200
10.637200
10.637300
10.637300
10.637400
10.637400
10.637500
10.637500
10.637600
10.637600
10.637700
10.637700
10.637800
10.637800
10.637900
10.637900
10.638000
10.638000
10.638100
10.638100
10.638200
10.638200
10.638200
10.638300
10.638300
10.638400
10.638400
10.638500
10.638500
10.638600
10.638600
10.638600
10.638700
10.638700
10.638800
10.638800
10.638800
10.638900
10.638900
10.639000
10.639000
10.639000
10.639100
10.639100
10.639100
10.639200
10.639200
10.639200
10.639300
10.639300
10.639400
10.639400
10.639400
10.639500
10.639500
10.639500
10.639500
10.639600
10.639600
10.639600
10.639700
10.639700
10.639700
10.639800
10.639800
10.639800
10.639900
10.639900
10.639900
10.639900
10.640000
10.640000
10.640000
10.640000
10.640100
10.640100
10.640100
10.640100
10.640200
10.640200
10.640200
10.640200
10.640300
10.640300
10.640300
10.640300
10.640400
10.640400
10.640400
10.640400
10.640500
10.640500
10.640500
10.640500
10.640500
10.640600
10.640600
10.640600
10.640600
10.640600
10.640700
10.640700
10.640700
10.640700
10.640700
10.640700
10.640800
10.640800
10.640800
10.640800
10.640800
10.640800
10.640900
10.640900
10.640900
10.640900
10.640900
10.640900
10.641000
10.641000
10.641000
10.641000
10.641000
10.641000
10.641000
10.641100
10.641100
10.641100
10.641100
10.641100
10.641100
10.641100
10.641100
10.641100
10.641200
10.641200
10.641200
10.641200
10.641200
10.641200
10.641200
10.641200
10.641200
10.641300
10.641300
10.641300
10.641300
10.641300
10.641300
10.641300
10.641300
10.641300
10.641300
10.641300
10.641300
10.641400
10.641400
10.641400
10.641400
10.641400
10.641400
10.641400
10.641400
10.641400
10.641400
10.641400
10.641400
10.641400
10.641400
10.641400
10.641400
10.641500
10.641500
10.641500
10.641500
10.641500
10.641500
10.641500
10.641500
10.641500
10.641500
10.641500
10.641500
10.641500
10.641500
10.641500
10.641500
10.641500
10.641500
10.641500
10.641500
10.641500
10.641500
10.641500
10.641500
10.641500
10.641500
10.641500
10.641500
10.641500
10.641500
10.641500
10.641500
10.641500
10.641500
10.641500
10.641500
10.641500
10.641500
10.641500
10.641500
10.641500
10.641500
10.641500
10.641500
10.641500
10.641500
10.641500
10.641500
10.641500
10.641500
10.641500
10.641500
10.641500
10.641500
10.641500
10.641500
10.641500
10.641500
10.641500
10.641500
10.641500
10.641500
10.641500
10.641500
10.641500
10.641500
10.641500
10.641500
10.641500
10.641500
10.641500
10.641500
10.641500
10.641500
10.641500
10.641500
10.641500
10.641500
10.641500
10.641500
10.641500
10.641500
10.641500
10.641500
10.641400
10.641400
10.641400
10.641400
10.641400
10.641400
10.641400
10.641400
10.641400
10.641400
10.641400
10.641400
10.641400
10.641400
10.641400
10.641400
10.641400
10.641400
10.641400
10.641400
10.641400
10.641300
10.641300
10.641300
10.641300
10.641300
10.641300
10.641300
10.641300
10.641300
10.641300
10.641300
10.641300
10.641300
10.641300
10.641300
10.641300
10.641200
10.641200
10.641200
10.641200
10.641200
10.641200
10.641200
10.641200
10.641200
10.641200
10.641200
10.641200
10.641200
10.641200
10.641100
10.641100
10.641100
10.641100
10.641100
10.641100
10.641100
10.641100
10.641100
10.641100
10.641100
10.641100
10.641100
10.641000
10.641000
10.641000
10.641000
10.641000
10.641000
10.641000
10.641000
10.641000
10.641000
10.641000
10.641000
10.640900
10.640900
10.640900
10.640900
10.640900
10.640900
10.640900
10.640900
10.640900
10.640900
10.640900
10.640800
10.640800
10.640800
10.640800
10.640800
10.640800
10.640800
10.640800
10.640800
10.640800
10.640800
10.640700
10.640700
10.640700
10.640700
10.640700
10.640700
10.640700
10.640700
10.640700
10.640700
10.640600
10.640600
10.640600
10.640600
10.640600
10.640600
10.640600
10.640600
10.640600
10.640600
10.640500
10.640500
10.640500
10.640500
10.640500
10.640500
10.640500
10.640500
10.640500
10.640500
10.640400
10.640400
10.640400
10.640400
10.640400
10.640400
10.640400
10.640400
10.640400
10.640300
10.640300
10.640300
10.640300
10.640300
10.640300
10.640300
10.640300
10.640300
10.640200
10.640200
10.640200
10.640200
10.640200
10.640200
10.640200
10.640200
10.640200
10.640100
10.640100
10.640100
10.640100
10.640100
10.640100
10.640100
10.640100
10.640100
10.640000
10.640000
10.640000
10.640000
10.640000
10.640000
10.640000
10.640000
10.639900
10.639900
10.639900
10.639900
10.639900
10.639900
10.639900
10.639900
10.639900
10.639800
10.639800
10.639800
10.639800
10.639800
10.639800
10.639800
10.639800
10.639700
10.639700
10.639700
10.639700
10.639700
10.639700
10.639700
10.639700
10.639600
10.639600
10.639600
10.639600
10.639600
10.639600
10.639600
10.639600
10.639500
10.639500
10.639500
10.639500
10.639500
10.639500
10.639500
10.639500
10.639400
10.639400
10.639400
10.639400
10.639400
10.639400
10.639400
10.639400
10.639300
10.639300
10.639300
10.639300
10.639300
10.639300
10.639300
10.639200
10.639200
10.639200
10.639200
10.639200
10.639200
10.639200
10.639200
10.639100
10.639100
10.639100
10.639100
10.639100
10.639100
10.639100
10.639000
10.639000
10.639000
10.639000
10.639000
10.639000
10.639000
10.639000
10.638900
10.638900
10.638900
10.638900
10.638900
10.638900
10.638900
10.638800
10.638800
10.638800
10.638800
10.638800
10.638800
10.638800
10.638800
10.638700
10.638700
10.638700
10.638700
10.638700
10.638700
10.638700
10.638600
10.638600
10.638600
10.638600
10.638600
10.638600
10.638600
10.638500
10.638500
10.638500
10.638500
10.638500
10.638500
10.638500
10.638500
10.638400
10.638400
10.638400
10.638400
10.638400
10.638400
10.638400
10.638300
10.638300
10.638300
10.638300
10.638300
10.638300
10.638300
10.638200
10.638200
10.638200
10.638200
10.638200
10.638200
10.638200
10.638100
10.638100
10.638100
10.638100
10.638100
10.638100
10.638100
10.638000
10.638000
10.638000
10.638000
10.638000
10.638000
10.638000
10.637900
10.637900
10.637900
10.637900
10.637900
10.637900
10.637900
10.637800
10.637800
10.637800
10.637800
10.637800
10.637800
10.637800
10.637700
10.637700
10.637700
10.637700
10.637700
10.637700
10.637700
10.637600
10.637600
10.637600
10.637600
10.637600
10.637600
10.637600
10.637500
10.637500
10.637500
10.637500
10.637500
10.637500
10.637400
10.637400
10.637400
10.637400
10.637400
10.637400
10.637400
10.637300
10.637300
10.637300
10.637300
10.637300
10.637300
10.637300
10.637200
10.637200
10.637200
10.637200
10.637200
10.637200
10.637200
10.637100
10.637100
10.637100
10.637100
10.637100
10.637100
10.637000
10.637000
10.637000
10.637000
10.637000
10.637000
10.637000
10.636900
10.636900
10.636900
10.636900
10.636900
10.636900
10.636900
10.636800
10.636800
10.636800
10.636800
10.636800
10.636800
10.636700
10.636700
10.636700
10.636700
10.636700
10.636700
10.636700
10.636600
10.636600
10.636600
10.636600
10.636600
10.636600
10.636600
10.636500
10.636500
10.636500
10.636500
10.636500
10.636500
10.636400
10.636400
10.636400
10.636400
10.636400
10.636400
10.636400
10.636300
10.636300
10.636300
10.636300
10.636300
10.636300
10.636200
10.636200
10.636200
10.636200
10.636200
10.636200
10.636200
10.636100
10.636100
10.636100
10.636100
10.636100
10.636100
10.636100
10.636000
10.636000
10.636000
10.636000
10.636000
10.636000
10.635900
10.635900
10.635900
10.635900
10.635900
10.635900
10.635900
10.635800
10.635800
10.635800
10.635800
10.635800
10.635800
10.635700
10.635700
10.635700
10.635700
10.635700
10.635700
10.635700
10.635600
10.635600
10.635600
10.635600
10.635600
10.635600
10.635500
10.635500
10.635500
10.635500
10.635500
10.635500
10.635400
10.635400
10.635400
10.635400
10.635400
10.635400
10.635400
10.635300
10.635300
10.635300
10.635300
10.635300
10.635300
10.635200
10.635200
10.635200
10.635200
10.635200
10.635200
10.635200
10.635100
10.635100
10.635100
10.635100
10.635100
10.635100
10.635000
10.635000
10.635000
10.635000
10.635000
10.635000
10.634900
10.634900
10.634900
10.634900
10.634900
10.634900
10.634900
10.634800
10.634800
10.634800
10.634800
10.634800
10.634800
10.634700
10.634700
10.634700
10.634700
10.634700
10.634700
10.634700
10.634600
10.634600
10.634600
10.634600
10.634600
10.634600
10.634500
10.634500
10.634500
10.634500
10.634500
10.634500
10.634400
10.634400
10.634400
10.634400
10.634400
10.634400
10.634400
10.634300
10.634300
10.634300
10.634300
10.634300
10.634300
10.634200
10.634200
10.634200
10.634200
10.634200
10.634200
10.634100
10.634100
10.634100
10.634100
10.634100
10.634100
10.634100
10.634000
10.634000
10.634000
10.634000
10.634000
10.634000
10.633900
10.633900
10.633900
10.633900
10.633900
10.633900
10.633800
10.633800
10.633800
10.633800
10.633800
10.633800
10.633700
10.633700
10.633700
10.633700
10.633700
10.633700
10.633700
10.633600
10.633600
10.633600
10.633600
10.633600
10.633600
10.633500
10.633500
10.633500
10.633500
10.633500
10.633500
10.633400
10.633400
10.633400
10.633400
10.633400
10.633400
10.633400
10.633300
10.633300
10.633300
10.633300
10.633300
10.633300
10.633200
10.633200
10.633200
10.633200
10.633200
10.633200
10.633100
10.633100
10.633100
10.633100
10.633100
10.633100
10.633000
10.633000
10.633000
10.633000
10.633000
10.633000
10.633000
10.632900
10.632900
10.632900
10.632900
10.632900
10.632900
10.632800
10.632800
10.632800
10.632800
10.632800
10.632700
10.632700
10.632800
10.635600
10.636000
10.635900
10.635900
10.635800
10.635700
10.635700
10.635600
10.635500
10.635500
10.635400
10.635400
10.635300
10.635300
10.635200
10.635200
10.635100
10.635100
10.635000
10.635000
10.635000
10.634900
10.634900
10.634900
10.634900
10.634900
10.634900
10.634900
10.634900
10.634900
10.634900
10.634900
10.634900
10.634900
10.634900
10.634900
10.635000
10.635000
10.635000
10.635000
10.635100
10.635100
10.635100
10.635200
10.635200
10.635300
10.635300
10.635300
10.635400
10.635400
10.635500
10.635500
10.635600
10.635600
10.635700
10.635700
10.635800
10.635800
10.635900
10.635900
10.636000
10.636000
10.636100
10.636100
10.636200
10.636300
10.636300
10.636400
10.636400
10.636500
10.636500
10.636600
10.636600
10.636700
10.636800
10.636800
10.636900
10.636900
10.637000
10.637000
10.637100
10.637100
10.637200
10.637200
10.637300
10.637300
10.637400
10.637500
10.637500
10.637600
10.637600
10.637700
10.637700
10.637800
10.637800
10.637900
10.637900
10.638000
10.638000
10.638000
10.638100
10.638100
10.638200
10.638200
10.638300
10.638300
10.638400
10.638400
10.638500
10.638500
10.638500
10.638600
10.638600
10.638700
10.638700
10.638800
10.638800
10.638800
10.638900
10.638900
10.639000
10.639000
10.639000
10.639100
10.639100
10.639100
10.639200
10.639200
10.639300
10.639300
10.639300
10.639400
10.639400
10.639400
10.639500
10.639500
10.639500
10.639600
10.639600
10.639600
10.639700
10.639700
10.639700
10.639800
10.639800
10.639800
10.639800
10.639900
10.639900
10.639900
10.640000
10.640000
10.640000
10.640000
10.640100
10.640100
10.640100
10.640200
10.640200
10.640200
10.640200
10.640300
10.640300
10.640300
10.640300
10.640400
10.640400
10.640400
10.640400
10.640400
10.640500
10.640500
10.640500
10.640500
10.640600
10.640600
10.640600
10.640600
10.640600
10.640700
10.640700
10.640700
10.640700
10.640700
10.640800
10.640800
10.640800
10.640800
10.640800
10.640800
10.640900
10.640900
10.640900
10.640900
10.640900
10.640900
10.641000
10.641000
10.641000
10.641000
10.641000
10.641000
10.641000
10.641100
10.641100
10.641100
10.641100
10.641100
10.641100
10.641100
10.641200
10.641200
10.641200
10.641200
10.641200
10.641200
10.641200
10.641200
10.641300
10.641300
10.641300
10.641300
10.641300
10.641300
10.641300
10.641300
10.641300
10.641300
10.641400
10.641400
10.641400
10.641400
10.641400
10.641400
10.641400
10.641400
10.641400
10.641400
10.641400
10.641400
10.641400
10.641500
10.641500
10.641500
10.641500
10.641500
10.641500
10.641500
10.641500
10.641500
10.641500
10.641500
10.641500
10.641500
10.641500
10.641500
10.641500
10.641500
10.641600
10.641600
10.641600
10.641600
10.641600
10.641600
10.641600
10.641600
10.641600
10.641600
10.641600
10.641600
10.641600
10.641600
10.641600
10.641600
10.641600
10.641600
10.641600
10.641600
10.641600
10.641600
10.641600
10.641600
10.641600
10.641600
10.641600
10.641600
10.641600
10.641600
10.641600
10.641600
10.641600
10.641600
10.641600
10.641600
10.641600
10.641600
10.641600
10.641600
10.641600
10.641600
10.641600
10.641600
10.641600
10.641600
10.641600
10.641600
10.641600
10.641600
10.641600
10.641600
10.641600
10.641600
10.641600
10.641600
10.641600
10.641600
10.641600
10.641600
10.641600
10.641600
10.641600
10.641600
10.641600
10.641600
10.641600
10.641600
10.641600
10.641600
10.641600
10.641600
10.641600
10.641600
10.641600
10.641500
10.641500
10.641500
10.641500
10.641500
10.641500
10.641500
10.641500
10.641500
10.641500
10.641500
10.641500
10.641500
10.641500
10.641500
10.641500
10.641500
10.641500
10.641500
10.641500
10.641500
10.641500
10.641400
10.641400
10.641400
10.641400
10.641400
10.641400
10.641400
10.641400
10.641400
10.641400
10.641400
10.641400
10.641400
10.641400
10.641400
10.641400
10.641400
10.641300
10.641300
10.641300
10.641300
10.641300
10.641300
10.641300
10.641300
10.641300
10.641300
10.641300
10.641300
10.641300
10.641300
10.641200
10.641200
10.641200
10.641200
10.641200
10.641200
10.641200
10.641200
10.641200
10.641200
10.641200
10.641200
10.641200
10.641200
10.641100
10.641100
10.641100
10.641100
10.641100
10.641100
10.641100
10.641100
10.641100
10.641100
10.641100
10.641100
10.641000
10.641000
10.641000
10.641000
10.641000
10.641000
10.641000
10.641000
10.641000
10.641000
10.641000
10.640900
10.640900
10.640900
10.640900
10.640900
10.640900
10.640900
10.640900
10.640900
10.640900
10.640900
10.640800
10.640800
10.640800
10.640800
10.640800
10.640800
10.640800
10.640800
10.640800
10.640800
10.640700
10.640700
10.640700
10.640700
10.640700
10.640700
10.640700
10.640700
10.640700
10.640700
10.640600
10.640600
10.640600
10.640600
10.640600
10.640600
10.640600
10.640600
10.640600
10.640600
10.640500
10.640500
10.640500
10.640500
10.640500
10.640500
10.640500
10.640500
10.640500
10.640400
10.640400
10.640400
10.640400
10.640400
10.640400
10.640400
10.640400
10.640400
10.640300
10.640300
10.640300
10.640300
10.640300
10.640300
10.640300
10.640300
10.640300
10.640200
10.640200
10.640200
10.640200
10.640200
10.640200
10.640200
10.640200
10.640200
10.640100
10.640100
10.640100
10.640100
10.640100
10.640100
10.640100
10.640100
10.640000
10.640000
10.640000
10.640000
10.640000
10.640000
10.640000
10.640000
10.640000
10.639900
10.639900
10.639900
10.639900
10.639900
10.639900
10.639900
10.639900
10.639800
10.639800
10.639800
10.639800
10.639800
10.639800
10.639800
10.639800
10.639700
10.639700
10.639700
10.639700
10.639700
10.639700
10.639700
10.639700
10.639600
10.639600
10.639600
10.639600
10.639600
10.639600
10.639600
10.639600
10.639500
10.639500
10.639500
10.639500
10.639500
10.639500
10.639500
10.639500
10.639400
10.639400
10.639400
10.639400
10.639400
10.639400
10.639400
10.639400
10.639300
10.639300
10.639300
10.639300
10.639300
10.639300
10.639300
10.639200
10.639200
10.639200
10.639200
10.639200
10.639200
10.639200
10.639200
10.639100
10.639100
10.639100
10.639100
10.639100
10.639100
10.639100
10.639000
10.639000
10.639000
10.639000
10.639000
10.639000
10.639000
10.639000
10.638900
10.638900
10.638900
10.638900
10.638900
10.638900
10.638900
10.638800
10.638800
10.638800
10.638800
10.638800
10.638800
10.638800
10.638800
10.638700
10.638700
10.638700
10.638700
10.638700
10.638700
10.638700
10.638600
10.638600
10.638600
10.638600
10.638600
10.638600
10.638600
10.638500
10.638500
10.638500
10.638500
10.638500
10.638500
10.638500
10.638400
10.638400
10.638400
10.638400
10.638400
10.638400
10.638400
10.638300
10.638300
10.638300
10.638300
10.638300
10.638300
10.638300
10.638200
10.638200
10.638200
10.638200
10.638200
10.638200
10.638200
10.638100
10.638100
10.638100
10.638100
10.638100
10.638100
10.638100
10.638000
10.638000
10.638000
10.638000
10.638000
10.638000
10.638000
10.637900
10.637900
10.637900
10.637900
10.637900
10.637900
10.637900
10.637800
10.637800
10.637800
10.637800
10.637800
10.637800
10.637800
10.637700
10.637700
10.637700
10.637700
10.637700
10.637700
10.637700
10.637600
10.637600
10.637600
10.637600
10.637600
10.637600
10.637600
10.637500
10.637500
10.637500
10.637500
10.637500
10.637500
10.637500
10.637400
10.637400
10.637400
10.637400
10.637400
10.637400
10.637400
10.637300
10.637300
10.637300
10.637300
10.637300
10.637300
10.637200
10.637200
10.637200
10.637200
10.637200
10.637200
10.637200
10.637100
10.637100
10.637100
10.637100
10.637100
10.637100
10.637100
10.637000
10.637000
10.637000
10.637000
10.637000
10.637000
10.636900
10.636900
10.636900
10.636900
10.636900
10.636900
10.636900
10.636800
10.636800
10.636800
10.636800
10.636800
10.636800
10.636800
10.636700
10.636700
10.636700
10.636700
10.636700
10.636700
10.636600
10.636600
10.636600
10.636600
10.636600
10.636600
10.636600
10.636500
10.636500
10.636500
10.636500
10.636500
10.636500
10.636500
10.636400
10.636400
10.636400
10.636400
10.636400
10.636400
10.636300
10.636300
10.636300
10.636300
10.636300
10.636300
10.636300
10.636200
10.636200
10.636200
10.636200
10.636200
10.636200
10.636100
10.636100
10.636100
10.636100
10.636100
10.636100
10.636100
10.636000
10.636000
10.636000
10.636000
10.636000
10.636000
10.635900
10.635900
10.635900
10.635900
10.635900
10.635900
10.635900
10.635800
10.635800
10.635800
10.635800
10.635800
10.635800
10.635700
10.635700
10.635700
10.635700
10.635700
10.635700
10.635700
10.635600
10.635600
10.635600
10.635600
10.635600
10.635600
10.635500
10.635500
10.635500
10.635500
10.635500
10.635500
10.635500
10.635400
10.635400
10.635400
10.635400
10.635400
10.635400
10.635300
10.635300
10.635300
10.635300
10.635300
10.635300
10.635200
10.635200
10.635200
10.635200
10.635200
10.635200
10.635200
10.635100
10.635100
10.635100
10.635100
10.635100
10.635100
10.635000
10.635000
10.635000
10.635000
10.635000
10.635000
10.635000
10.634900
10.634900
10.634900
10.634900
10.634900
10.634900
10.634800
10.634800
10.634800
10.634800
10.634800
10.634800
10.634700
10.634700
10.634700
10.634700
10.634700
10.634700
10.634700
10.634600
10.634600
10.634600
10.634600
10.634600
10.634600
10.634500
10.634500
10.634500
10.634500
10.634500
10.634500
10.634400
10.634400
10.634400
10.634400
10.634400
10.634400
10.634400
10.634300
10.634300
10.634300
10.634300
10.634300
10.634300
10.634200
10.634200
10.634200
10.634200
10.634200
10.634200
10.634100
10.634100
10.634100
10.634100
10.634100
10.634100
10.634100
10.634000
10.634000
10.634000
10.634000
10.634000
10.634000
10.633900
10.633900
10.633900
10.633900
10.633900
10.633900
10.633800
10.633800
10.633800
10.633800
10.633800
10.633800
10.633700
10.633700
10.633700
10.633700
10.633700
10.633700
10.633700
10.633600
10.633600
10.633600
10.633600
10.633600
10.633600
10.633500
10.633500
10.633500
10.633500
10.633500
10.633500
10.633400
10.633400
10.633400
10.633400
10.633400
10.633400
10.633400
10.633300
10.633300
10.633300
10.633300
10.633300
10.633300
10.633200
10.633200
10.633200
10.633200
10.633200
10.633200
10.633100
10.633100
10.633100
10.633100
10.633100
10.633100
10.633000
10.633000
10.633000
10.633000
10.633000
10.633000
10.633000
10.632900
10.632900
10.632900
10.632900
10.632900
10.632800
10.632800
10.632800
10.632900
10.635700
10.636100
10.636000
10.636000
10.635900
10.635800
10.635700
10.635700
10.635600
10.635500
10.635500
10.635400
10.635400
10.635300
10.635300
10.635200
10.635200
10.635200
10.635100
10.635100
10.635100
10.635000
10.635000
10.635000
10.635000
10.634900
10.634900
10.634900
10.634900
10.634900
10.634900
10.634900
10.635000
10.635000
10.635000
10.635000
10.635000
10.635100
10.635100
10.635100
10.635200
10.635200
10.635200
10.635300
10.635300
10.635300
10.635400
10.635400
10.635500
10.635500
10.635600
10.635600
10.635700
10.635700
10.635800
10.635800
10.635900
10.635900
10.636000
10.636000
10.636100
10.636100
10.636200
10.636200
10.636300
10.636300
10.636400
10.636400
10.636500
10.636600
10.636600
10.636700
10.636700
10.636800
10.636800
10.636900
10.636900
10.637000
10.637100
10.637100
10.637200
10.637200
10.637300
10.637300
10.637400
10.637400
10.637500
10.637500
10.637600
10.637600
10.637700
10.637700
10.637800
10.637800
10.637900
10.637900
10.638000
10.638000
10.638100
10.638100
10.638200
10.638200
10.638300
10.638300
10.638400
10.638400
10.638400
10.638500
10.638500
10.638600
10.638600
10.638700
10.638700
10.638800
10.638800
10.638800
10.638900
10.638900
10.639000
10.639000
10.639000
10.639100
10.639100
10.639100
10.639200
10.639200
10.639300
10.639300
10.639300
10.639400
10.639400
10.639400
10.639500
10.639500
10.639500
10.639600
10.639600
10.639600
10.639700
10.639700
10.639700
10.639800
10.639800
10.639800
10.639900
10.639900
10.639900
10.640000
10.640000
10.640000
10.640000
10.640100
10.640100
10.640100
10.640200
10.640200
10.640200
10.640200
10.640300
10.640300
10.640300
10.640300
10.640400
10.640400
10.640400
10.640400
10.640500
10.640500
10.640500
10.640500
10.640500
10.640600
10.640600
10.640600
10.640600
10.640700
10.640700
10.640700
10.640700
10.640700
10.640800
10.640800
10.640800
10.640800
10.640800
10.640900
10.640900
10.640900
10.640900
10.640900
10.640900
10.641000
10.641000
10.641000
10.641000
10.641000
10.641000
10.641100
10.641100
10.641100
10.641100
10.641100
10.641100
10.641100
10.641200
10.641200
10.641200
10.641200
10.641200
10.641200
10.641200
10.641200
10.641300
10.641300
10.641300
10.641300
10.641300
10.641300
10.641300
10.641300
10.641400
10.641400
10.641400
10.641400
10.641400
10.641400
10.641400
10.641400
10.641400
10.641400
10.641400
10.641500
10.641500
10.641500
10.641500
10.641500
10.641500
10.641500
10.641500
10.641500
10.641500
10.641500
10.641500
10.641500
10.641600
10.641600
10.641600
10.641600
10.641600
10.641600
10.641600
10.641600
10.641600
10.641600
10.641600
10.641600
10.641600
10.641600
10.641600
10.641600
10.641600
10.641600
10.641600
10.641700
10.641700
10.641700
10.641700
10.641700
10.641700
10.641700
10.641700
10.641700
10.641700
10.641700
10.641700
10.641700
10.641700
10.641700
10.641700
10.641700
10.641700
10.641700
10.641700
10.641700
10.641700
10.641700
10.641700
10.641700
10.641700
10.641700
10.641700
10.641700
10.641700
10.641700
10.641700
10.641700
10.641700
10.641700
10.641700
10.641700
10.641700
10.641700
10.641700
10.641700
10.641700
10.641700
10.641700
10.641700
10.641700
10.641700
10.641700
10.641700
10.641700
10.641700
10.641700
10.641700
10.641700
10.641700
10.641700
10.641700
10.641700
10.641700
10.641700
10.641700
10.641700
10.641700
10.641600
10.641600
10.641600
10.641600
10.641600
10.641600
10.641600
10.641600
10.641600
10.641600
10.641600
10.641600
10.641600
10.641600
10.641600
10.641600
10.641600
10.641600
10.641600
10.641600
10.641600
10.641600
10.641600
10.641600
10.641600
10.641500
10.641500
10.641500
10.641500
10.641500
10.641500
10.641500
10.641500
10.641500
10.641500
10.641500
10.641500
10.641500
10.641500
10.641500
10.641500
10.641500
10.641400
10.641400
10.641400
10.641400
10.641400
10.641400
10.641400
10.641400
10.641400
10.641400
10.641400
10.641400
10.641400
10.641400
10.641400
10.641300
10.641300
10.641300
10.641300
10.641300
10.641300
10.641300
10.641300
10.641300
10.641300
10.641300
10.641300
10.641300
10.641300
10.641200
10.641200
10.641200
10.641200
10.641200
10.641200
10.641200
10.641200
10.641200
10.641200
10.641200
10.641200
10.641100
10.641100
10.641100
10.641100
10.641100
10.641100
10.641100
10.641100
10.641100
10.641100
10.641100
10.641100
10.641000
10.641000
10.641000
10.641000
10.641000
10.641000
10.641000
10.641000
10.641000
10.641000
10.641000
10.640900
10.640900
10.640900
10.640900
10.640900
10.640900
10.640900
10.640900
10.640900
10.640900
10.640800
10.640800
10.640800
10.640800
10.640800
10.640800
10.640800
10.640800
10.640800
10.640800
10.640700
10.640700
10.640700
10.640700
10.640700
10.640700
10.640700
10.640700
10.640700
10.640700
10.640600
10.640600
10.640600
10.640600
10.640600
10.640600
10.640600
10.640600
10.640600
10.640500
10.640500
10.640500
10.640500
10.640500
10.640500
10.640500
10.640500
10.640500
10.640400
10.640400
10.640400
10.640400
10.640400
10.640400
10.640400
10.640400
10.640400
10.640300
10.640300
10.640300
10.640300
10.640300
10.640300
10.640300
10.640300
10.640300
10.640200
10.640200
10.640200
10.640200
10.640200
10.640200
10.640200
10.640200
10.640200
10.640100
10.640100
10.640100
10.640100
10.640100
10.640100
10.640100
10.640100
10.640000
10.640000
10.640000
10.640000
10.640000
10.640000
10.640000
10.640000
10.639900
10.639900
10.639900
10.639900
10.639900
10.639900
10.639900
10.639900
10.639900
10.639800
10.639800
10.639800
10.639800
10.639800
10.639800
10.639800
10.639800
10.639700
10.639700
10.639700
10.639700
10.639700
10.639700
10.639700
10.639600
10.639600
10.639600
10.639600
10.639600
10.639600
10.639600
10.639600
10.639500
10.639500
10.639500
10.639500
10.639500
10.639500
10.639500
10.639500
10.639400
10.639400
10.639400
10.639400
10.639400
10.639400
10.639400
10.639400
10.639300
10.639300
10.639300
10.639300
10.639300
10.639300
10.639300
10.639200
10.639200
10.639200
10.639200
10.639200
10.639200
10.639200
10.639200
10.639100
10.639100
10.639100
10.639100
10.639100
10.639100
10.639100
10.639000
10.639000
10.639000
10.639000
10.639000
10.639000
10.639000
10.639000
10.638900
10.638900
10.638900
10.638900
10.638900
10.638900
10.638900
10.638800
10.638800
10.638800
10.638800
10.638800
10.638800
10.638800
10.638700
10.638700
10.638700
10.638700
10.638700
10.638700
10.638700
10.638700
10.638600
10.638600
10.638600
10.638600
10.638600
10.638600
10.638600
10.638500
10.638500
10.638500
10.638500
10.638500
10.638500
10.638500
10.638400
10.638400
10.638400
10.638400
10.638400
10.638400
10.638400
10.638300
10.638300
10.638300
10.638300
10.638300
10.638300
10.638300
10.638200
10.638200
10.638200
10.638200
10.638200
10.638200
10.638200
10.638100
10.638100
10.638100
10.638100
10.638100
10.638100
10.638100
10.638000
10.638000
10.638000
10.638000
10.638000
10.638000
10.638000
10.637900
10.637900
10.637900
10.637900
10.637900
10.637900
10.637900
10.637800
10.637800
10.637800
10.637800
10.637800
10.637800
10.637800
10.637700
10.637700
10.637700
10.637700
10.637700
10.637700
10.637600
10.637600
10.637600
10.637600
10.637600
10.637600
10.637600
10.637500
10.637500
10.637500
10.637500
10.637500
10.637500
10.637500
10.637400
10.637400
10.637400
10.637400
10.637400
10.637400
10.637400
10.637300
10.637300
10.637300
10.637300
10.637300
10.637300
10.637300
10.637200
10.637200
10.637200
10.637200
10.637200
10.637200
10.637100
10.637100
10.637100
10.637100
10.637100
10.637100
10.637100
10.637000
10.637000
10.637000
10.637000
10.637000
10.637000
10.637000
10.636900
10.636900
10.636900
10.636900
10.636900
10.636900
10.636800
10.636800
10.636800
10.636800
10.636800
10.636800
10.636800
10.636700
10.636700
10.636700
10.636700
10.636700
10.636700
10.636700
10.636600
10.636600
10.636600
10.636600
10.636600
10.636600
10.636500
10.636500
10.636500
10.636500
10.636500
10.636500
10.636500
10.636400
10.636400
10.636400
10.636400
10.636400
10.636400
10.636300
10.636300
10.636300
10.636300
10.636300
10.636300
10.636300
10.636200
10.636200
10.636200
10.636200
10.636200
10.636200
10.636100
10.636100
10.636100
10.636100
10.636100
10.636100
10.636100
10.636000
10.636000
10.636000
10.636000
10.636000
10.636000
10.635900
10.635900
10.635900
10.635900
10.635900
10.635900
10.635900
10.635800
10.635800
10.635800
10.635800
10.635800
10.635800
10.635700
10.635700
10.635700
10.635700
10.635700
10.635700
10.635700
10.635600
10.635600
10.635600
10.635600
10.635600
10.635600
10.635500
10.635500
10.635500
10.635500
10.635500
10.635500
10.635500
10.635400
10.635400
10.635400
10.635400
10.635400
10.635400
10.635300
10.635300
10.635300
10.635300
10.635300
10.635300
10.635200
10.635200
10.635200
10.635200
10.635200
10.635200
10.635200
10.635100
10.635100
10.635100
10.635100
10.635100
10.635100
10.635000
10.635000
10.635000
10.635000
10.635000
10.635000
10.635000
10.634900
10.634900
10.634900
10.634900
10.634900
10.634900
10.634800
10.634800
10.634800
10.634800
10.634800
10.634800
10.634700
10.634700
10.634700
10.634700
10.634700
10.634700
10.634700
10.634600
10.634600
10.634600
10.634600
10.634600
10.634600
10.634500
10.634500
10.634500
10.634500
10.634500
10.634500
10.634400
10.634400
10.634400
10.634400
10.634400
10.634400
10.634400
10.634300
10.634300
10.634300
10.634300
10.634300
10.634300
10.634200
10.634200
10.634200
10.634200
10.634200
10.634200
10.634100
10.634100
10.634100
10.634100
10.634100
10.634100
10.634100
10.634000
10.634000
10.634000
10.634000
10.634000
10.634000
10.633900
10.633900
10.633900
10.633900
10.633900
10.633900
10.633800
10.633800
10.633800
10.633800
10.633800
10.633800
10.633700
10.633700
10.633700
10.633700
10.633700
10.633700
10.633700
10.633600
10.633600
10.633600
10.633600
10.633600
10.633600
10.633500
10.633500
10.633500
10.633500
10.633500
10.633500
10.633400
10.633400
10.633400
10.633400
10.633400
10.633400
10.633400
10.633300
10.633300
10.633300
10.633300
10.633300
10.633300
10.633200
10.633200
10.633200
10.633200
10.633200
10.633200
10.633100
10.633100
10.633100
10.633100
10.633100
10.633100
10.633000
10.633000
10.633000
10.633000
10.633000
10.633000
