9.503080
9.503070
9.503050
9.503020
9.503000
9.503060
9.505960
9.506550
9.506530
9.506460
9.506380
9.506310
9.506240
9.506180
9.506120
9.506060
9.506010
9.505960
9.505910
9.505870
9.505830
9.505790
9.505760
9.505730
9.505700
9.505680
9.505670
9.505660
9.505650
9.505650
9.505650
9.505660
9.505680
9.505690
9.505720
9.505740
9.505770
9.505800
9.505830
9.505870
9.505910
9.505950
9.505990
9.506030
9.506070
9.506120
9.506160
9.506210
9.506260
9.506310
9.506360
9.506410
9.506460
9.506510
9.506570
9.506620
9.506670
9.506730
9.506780
9.506840
9.506890
9.506950
9.507010
9.507060
9.507120
9.507180
9.507240
9.507290
9.507350
9.507410
9.507460
9.507520
9.507580
9.507630
9.507690
9.507750
9.507800
9.507860
9.507910
9.507970
9.508020
9.508070
9.508130
9.508180
9.508230
9.508290
9.508340
9.508390
9.508440
9.508490
9.508540
9.508590
9.508640
9.508690
9.508740
9.508790
9.508830
9.508880
9.508930
9.508970
9.509020
9.509060
9.509100
9.509150
9.509190
9.509230
9.509280
9.509320
9.509360
9.509400
9.509440
9.509480
9.509520
9.509550
9.509590
9.509630
9.509670
9.509700
9.509740
9.509770
9.509810
9.509840
9.509880
9.509910
9.509940
9.509980
9.510010
9.510040
9.510070
9.510100
9.510130
9.510160
9.510190
9.510220
9.510250
9.510280
9.510310
9.510330
9.510360
9.510390
9.510410
9.510440
9.510470
9.510490
9.510520
9.510540
9.510560
9.510590
9.510610
9.510630
9.510660
9.510680
9.510700
9.510720
9.510740
9.510760
9.510780
9.510800
9.510820
9.510840
9.510860
9.510880
9.510900
9.510920
9.510940
9.510950
9.510970
9.510990
9.511000
9.511020
9.511040
9.511050
9.511070
9.511080
9.511100
9.511110
9.511130
9.511140
9.511160
9.511170
9.511180
9.511200
9.511210
9.511220
9.511230
9.511250
9.511260
9.511270
9.511280
9.511290
9.511300
9.511320
9.511330
9.511340
9.511350
9.511360
9.511370
9.511380
9.511390
9.511390
9.511400
9.511410
9.511420
9.511430
9.511440
9.511440
9.511450
9.511460
9.511470
9.511470
9.511480
9.511490
9.511490
9.511500
9.511510
9.511510
9.511520
9.511530
9.511530
9.511540
9.511540
9.511550
9.511550
9.511560
9.511560
9.511570
9.511570
9.511570
9.511580
9.511580
9.511580
9.511590
9.511590
9.511590
9.511600
9.511600
9.511600
9.511610
9.511610
9.511610
9.511610
9.511620
9.511620
9.511620
9.511620
9.511620
9.511620
9.511630
9.511630
9.511630
9.511630
9.511630
9.511630
9.511630
9.511630
9.511630
9.511630
9.511630
9.511630
9.511630
9.511630
9.511630
9.511630
9.511630
9.511630
9.511630
9.511630
9.511630
9.511630
9.511630
9.511620
9.511620
9.511620
9.511620
9.511620
9.511620
9.511620
9.511610
9.511610
9.511610
9.511610
9.511610
9.511600
9.511600
9.511600
9.511600
9.511590
9.511590
9.511590
9.511580
9.511580
9.511580
9.511570
9.511570
9.511570
9.511560
9.511560
9.511560
9.511550
9.511550
9.511550
9.511540
9.511540
9.511530
9.511530
9.511530
9.511520
9.511520
9.511510
9.511510
9.511500
9.511500
9.511490
9.511490
9.511480
9.511480
9.511470
9.511470
9.511460
9.511460
9.511450
9.511450
9.511440
9.511440
9.511430
9.511430
9.511420
9.511420
9.511410
9.511400
9.511400
9.511390
9.511390
9.511380
9.511370
9.511370
9.511360
9.511360
9.511350
9.511340
9.511340
9.511330
9.511320
9.511320
9.511310
9.511300
9.511300
9.511290
9.511280
9.511280
9.511270
9.511260
9.511260
9.511250
9.511240
9.511230
9.511230
9.511220
9.511210
9.511200
9.511200
9.511190
9.511180
9.511170
9.511170
9.511160
9.511150
9.511140
9.511140
9.511130
9.511120
9.511110
9.511100
9.511100
9.511090
9.511080
9.511070
9.511060
9.511060
9.511050
9.511040
9.511030
9.511020
9.511010
9.511010
9.511000
9.510990
9.510980
9.510970
9.510960
9.510950
9.510950
9.510940
9.510930
9.510920
9.510910
9.510900
9.510890
9.510880
9.510870
9.510870
9.510860
9.510850
9.510840
9.510830
9.510820
9.510810
9.510800
9.510790
9.510780
9.510770
9.510760
9.510760
9.510750
9.510740
9.510730
9.510720
9.510710
9.510700
9.510690
9.510680
9.510670
9.510660
9.510650
9.510640
9.510630
9.510620
9.510610
9.510600
9.510590
9.510580
9.510570
9.510560
9.510550
9.510540
9.510530
9.510520
9.510510
9.510500
9.510490
9.510480
9.510470
9.510460
9.510450
9.510440
9.510430
9.510420
9.510410
9.510400
9.510390
9.510380
9.510370
9.510360
9.510340
9.510330
9.510320
9.510310
9.510300
9.510290
9.510280
9.510270
9.510260
9.510250
9.510240
9.510230
9.510220
9.510210
9.510190
9.510180
9.510170
9.510160
9.510150
9.510140
9.510130
9.510120
9.510110
9.510100
9.510080
9.510070
9.510060
9.510050
9.510040
9.510030
9.510020
9.510010
9.510000
9.509980
9.509970
9.509960
9.509950
9.509940
9.509930
9.509920
9.509910
9.509890
9.509880
9.509870
9.509860
9.509850
9.509840
9.509830
9.509810
9.509800
9.509790
9.509780
9.509770
9.509760
9.509740
9.509730
9.509720
9.509710
9.509700
9.509690
9.509670
9.509660
9.509650
9.509640
9.509630
9.509620
9.509600
9.509590
9.509580
9.509570
9.509560
9.509540
9.509530
9.509520
9.509510
9.509500
9.509480
9.509470
9.509460
9.509450
9.509440
9.509420
9.509410
9.509400
9.509390
9.509380
9.509360
9.509350
9.509340
9.509330
9.509320
9.509300
9.509290
9.509280
9.509270
9.509250
9.509240
9.509230
9.509220
9.509210
9.509190
9.509180
9.509170
9.509160
9.509140
9.509130
9.509120
9.509110
9.509100
9.509080
9.509070
9.509060
9.509050
9.509030
9.509020
9.509010
9.509000
9.508980
9.508970
9.508960
9.508950
9.508930
9.508920
9.508910
9.508900
9.508880
9.508870
9.508860
9.508850
9.508830
9.508820
9.508810
9.508790
9.508780
9.508770
9.508760
9.508740
9.508730
9.508720
9.508710
9.508690
9.508680
9.508670
9.508650
9.508640
9.508630
9.508620
9.508600
9.508590
9.508580
9.508570
9.508550
9.508540
9.508530
9.508510
9.508500
9.508490
9.508480
9.508460
9.508450
9.508440
9.508420
9.508410
9.508400
9.508380
9.508370
9.508360
9.508350
9.508330
9.508320
9.508310
9.508290
9.508280
9.508270
9.508250
9.508240
9.508230
9.508220
9.508200
9.508190
9.508180
9.508160
9.508150
9.508140
9.508120
9.508110
9.508100
9.508080
9.508070
9.508060
9.508050
9.508030
9.508020
9.508010
9.507990
9.507980
9.507970
9.507950
9.507940
9.507930
9.507910
9.507900
9.507890
9.507870
9.507860
9.507850
9.507830
9.507820
9.507810
9.507790
9.507780
9.507770
9.507750
9.507740
9.507730
9.507710
9.507700
9.507690
9.507670
9.507660
9.507650
9.507630
9.507620
9.507610
9.507590
9.507580
9.507570
9.507550
9.507540
9.507530
9.507510
9.507500
9.507490
9.507470
9.507460
9.507450
9.507430
9.507420
9.507410
9.507390
9.507380
9.507370
9.507350
9.507340
9.507330
9.507310
9.507300
9.507280
9.507270
9.507260
9.507240
9.507230
9.507220
9.507200
9.507190
9.507180
9.507160
9.507150
9.507140
9.507120
9.507110
9.507090
9.507080
9.507070
9.507050
9.507040
9.507030
9.507010
9.507000
9.506990
9.506970
9.506960
9.506940
9.506930
9.506920
9.506900
9.506890
9.506880
9.506860
9.506850
9.506840
9.506820
9.506810
9.506790
9.506780
9.506770
9.506750
9.506740
9.506730
9.506710
9.506700
9.506690
9.506670
9.506660
9.506640
9.506630
9.506620
9.506600
9.506590
9.506580
9.506560
9.506550
9.506530
9.506520
9.506510
9.506490
9.506480
9.506460
9.506450
9.506440
9.506420
9.506410
9.506400
9.506380
9.506370
9.506350
9.506340
9.506330
9.506310
9.506300
9.506290
9.506270
9.506260
9.506240
9.506230
9.506220
9.506200
9.506190
9.506170
9.506160
9.506150
9.506130
9.506120
9.506110
9.506090
9.506080
9.506060
9.506050
9.506040
9.506020
9.506010
9.505990
9.505980
9.505970
9.505950
9.505940
9.505920
9.505910
9.505900
9.505880
9.505870
9.505850
9.505840
9.505830
9.505810
9.505800
9.505790
9.505770
9.505760
9.505740
9.505730
9.505720
9.505700
9.505690
9.505670
9.505660
9.505650
9.505630
9.505620
9.505600
9.505590
9.505580
9.505560
9.505550
9.505530
9.505520
9.505510
9.505490
9.505480
9.505460
9.505450
9.505440
9.505420
9.505410
9.505390
9.505380
9.505370
9.505350
9.505340
9.505320
9.505310
9.505300
9.505280
9.505270
9.505250
9.505240
9.505230
9.505210
9.505200
9.505180
9.505170
9.505150
9.505140
9.505130
9.505110
9.505100
9.505080
9.505070
9.505060
9.505040
9.505030
9.505010
9.505000
9.504990
9.504970
9.504960
9.504940
9.504930
9.504920
9.504900
9.504890
9.504870
9.504860
9.504840
9.504830
9.504820
9.504800
9.504790
9.504770
9.504760
9.504750
9.504730
9.504720
9.504700
9.504690
9.504680
9.504660
9.504650
9.504630
9.504620
9.504600
9.504590
9.504580
9.504560
9.504550
9.504530
9.504520
9.504510
9.504490
9.504480
9.504460
9.504450
9.504430
9.504420
9.504410
9.504390
9.504380
9.504360
9.504350
9.504340
9.504320
9.504310
9.504290
9.504280
9.504260
9.504250
9.504240
9.504220
9.504210
9.504190
9.504180
9.504170
9.504150
9.504140
9.504120
9.504110
9.504090
9.504080
9.504070
9.504050
9.504040
9.504020
9.504010
9.503990
9.503980
9.503970
9.503950
9.503940
9.503920
9.503910
9.503900
9.503880
9.503870
9.503850
9.503840
9.503820
9.503810
9.503800
9.503780
9.503770
9.503750
9.503740
9.503720
9.503710
9.503700
9.503680
9.503670
9.503650
9.503640
9.503620
9.503610
9.503600
9.503580
9.503570
9.503550
9.503540
9.503530
9.503510
9.503500
9.503480
9.503470
9.503450
9.503440
9.503430
9.503410
9.503400
9.503380
9.503370
9.503350
9.503340
9.503330
9.503310
9.503300
9.503280
9.503270
9.503250
9.503240
9.503230
9.503210
9.503200
9.503180
9.503170
9.503150
9.503140
9.503130
9.503110
9.503100
9.503080
9.503070
9.503050
9.503020
9.503000
9.503060
9.505960
9.506560
9.506530
9.506460
9.506380
9.506310
9.506240
9.506180
9.506120
9.506060
9.506010
9.505960
9.505910
9.505870
9.505830
9.505790
9.505760
9.505730
9.505700
9.505680
9.505670
9.505660
9.505650
9.505650
9.505650
9.505660
9.505680
9.505690
9.505720
9.505740
9.505770
9.505800
9.505830
9.505870
9.505910
9.505950
9.505990
9.506030
9.506070
9.506120
9.506160
9.506210
9.506260
9.506310
9.506360
9.506410
9.506460
9.506510
9.506570
9.506620
9.506670
9.506730
9.506780
9.506840
9.506900
9.506950
9.507010
9.507060
9.507120
9.507180
9.507240
9.507290
9.507350
9.507410
9.507460
9.507520
9.507580
9.507630
9.507690
9.507750
9.507800
9.507860
9.507910
9.507970
9.508020
9.508080
9.508130
9.508180
9.508230
9.508290
9.508340
9.508390
9.508440
9.508490
9.508540
9.508590
9.508640
9.508690
9.508740
9.508790
9.508830
9.508880
9.508930
9.508970
9.509020
9.509060
9.509110
9.509150
9.509190
9.509230
9.509280
9.509320
9.509360
9.509400
9.509440
9.509480
9.509520
9.509560
9.509590
9.509630
9.509670
9.509700
9.509740
9.509780
9.509810
9.509840
9.509880
9.509910
9.509950
9.509980
9.510010
9.510040
9.510070
9.510100
9.510130
9.510160
9.510190
9.510220
9.510250
9.510280
9.510310
9.510340
9.510360
9.510390
9.510420
9.510440
9.510470
9.510490
9.510520
9.510540
9.510560
9.510590
9.510610
9.510630
9.510660
9.510680
9.510700
9.510720
9.510740
9.510760
9.510780
9.510800
9.510820
9.510840
9.510860
9.510880
9.510900
9.510920
9.510940
9.510950
9.510970
9.510990
9.511010
9.511020
9.511040
9.511050
9.511070
9.511080
9.511100
9.511110
9.511130
9.511140
9.511160
9.511170
9.511180
9.511200
9.511210
9.511220
9.511240
9.511250
9.511260
9.511270
9.511280
9.511290
9.511310
9.511320
9.511330
9.511340
9.511350
9.511360
9.511370
9.511380
9.511390
9.511390
9.511400
9.511410
9.511420
9.511430
9.511440
9.511450
9.511450
9.511460
9.511470
9.511470
9.511480
9.511490
9.511500
9.511500
9.511510
9.511510
9.511520
9.511530
9.511530
9.511540
9.511540
9.511550
9.511550
9.511560
9.511560
9.511570
9.511570
9.511570
9.511580
9.511580
9.511590
9.511590
9.511590
9.511600
9.511600
9.511600
9.511600
9.511610
9.511610
9.511610
9.511610
9.511620
9.511620
9.511620
9.511620
9.511620
9.511620
9.511630
9.511630
9.511630
9.511630
9.511630
9.511630
9.511630
9.511630
9.511630
9.511630
9.511630
9.511630
9.511630
9.511630
9.511630
9.511630
9.511630
9.511630
9.511630
9.511630
9.511630
9.511630
9.511630
9.511630
9.511620
9.511620
9.511620
9.511620
9.511620
9.511620
9.511610
9.511610
9.511610
9.511610
9.511610
9.511600
9.511600
9.511600
9.511600
9.511590
9.511590
9.511590
9.511580
9.511580
9.511580
9.511570
9.511570
9.511570
9.511560
9.511560
9.511560
9.511550
9.511550
9.511550
9.511540
9.511540
9.511530
9.511530
9.511530
9.511520
9.511520
9.511510
9.511510
9.511500
9.511500
9.511490
9.511490
9.511480
9.511480
9.511470
9.511470
9.511460
9.511460
9.511450
9.511450
9.511440
9.511440
9.511430
9.511430
9.511420
9.511420
9.511410
9.511400
9.511400
9.511390
9.511390
9.511380
9.511370
9.511370
9.511360
9.511360
9.511350
9.511340
9.511340
9.511330
9.511320
9.511320
9.511310
9.511300
9.511300
9.511290
9.511280
9.511280
9.511270
9.511260
9.511260
9.511250
9.511240
9.511230
9.511230
9.511220
9.511210
9.511200
9.511200
9.511190
9.511180
9.511170
9.511170
9.511160
9.511150
9.511140
9.511140
9.511130
9.511120
9.511110
9.511100
9.511100
9.511090
9.511080
9.511070
9.511060
9.511060
9.511050
9.511040
9.511030
9.511020
9.511010
9.511010
9.511000
9.510990
9.510980
9.510970
9.510960
9.510950
9.510950
9.510940
9.510930
9.510920
9.510910
9.510900
9.510890
9.510880
9.510880
9.510870
9.510860
9.510850
9.510840
9.510830
9.510820
9.510810
9.510800
9.510790
9.510780
9.510770
9.510760
9.510760
9.510750
9.510740
9.510730
9.510720
9.510710
9.510700
9.510690
9.510680
9.510670
9.510660
9.510650
9.510640
9.510630
9.510620
9.510610
9.510600
9.510590
9.510580
9.510570
9.510560
9.510550
9.510540
9.510530
9.510520
9.510510
9.510500
9.510490
9.510480
9.510470
9.510460
9.510450
9.510440
9.510430
9.510420
9.510410
9.510400
9.510390
9.510380
9.510370
9.510360
9.510340
9.510330
9.510320
9.510310
9.510300
9.510290
9.510280
9.510270
9.510260
9.510250
9.510240
9.510230
9.510220
9.510210
9.510190
9.510180
9.510170
9.510160
9.510150
9.510140
9.510130
9.510120
9.510110
9.510100
9.510090
9.510070
9.510060
9.510050
9.510040
9.510030
9.510020
9.510010
9.510000
9.509980
9.509970
9.509960
9.509950
9.509940
9.509930
9.509920
9.509910
9.509890
9.509880
9.509870
9.509860
9.509850
9.509840
9.509830
9.509810
9.509800
9.509790
9.509780
9.509770
9.509760
9.509740
9.509730
9.509720
9.509710
9.509700
9.509690
9.509670
9.509660
9.509650
9.509640
9.509630
9.509620
9.509600
9.509590
9.509580
9.509570
9.509560
9.509540
9.509530
9.509520
9.509510
9.509500
9.509490
9.509470
9.509460
9.509450
9.509440
9.509430
9.509410
9.509400
9.509390
9.509380
9.509360
9.509350
9.509340
9.509330
9.509320
9.509300
9.509290
9.509280
9.509270
9.509260
9.509240
9.509230
9.509220
9.509210
9.509190
9.509180
9.509170
9.509160
9.509140
9.509130
9.509120
9.509110
9.509100
9.509080
9.509070
9.509060
9.509050
9.509030
9.509020
9.509010
9.509000
9.508980
9.508970
9.508960
9.508950
9.508930
9.508920
9.508910
9.508900
9.508880
9.508870
9.508860
9.508850
9.508830
9.508820
9.508810
9.508790
9.508780
9.508770
9.508760
9.508740
9.508730
9.508720
9.508710
9.508690
9.508680
9.508670
9.508660
9.508640
9.508630
9.508620
9.508600
9.508590
9.508580
9.508570
9.508550
9.508540
9.508530
9.508510
9.508500
9.508490
9.508480
9.508460
9.508450
9.508440
9.508420
9.508410
9.508400
9.508390
9.508370
9.508360
9.508350
9.508330
9.508320
9.508310
9.508290
9.508280
9.508270
9.508260
9.508240
9.508230
9.508220
9.508200
9.508190
9.508180
9.508160
9.508150
9.508140
9.508120
9.508110
9.508100
9.508090
9.508070
9.508060
9.508050
9.508030
9.508020
9.508010
9.507990
9.507980
9.507970
9.507950
9.507940
9.507930
9.507910
9.507900
9.507890
9.507870
9.507860
9.507850
9.507830
9.507820
9.507810
9.507790
9.507780
9.507770
9.507750
9.507740
9.507730
9.507710
9.507700
9.507690
9.507670
9.507660
9.507650
9.507630
9.507620
9.507610
9.507590
9.507580
9.507570
9.507550
9.507540
9.507530
9.507510
9.507500
9.507490
9.507470
9.507460
9.507450
9.507430
9.507420
9.507410
9.507390
9.507380
9.507370
9.507350
9.507340
9.507330
9.507310
9.507300
9.507280
9.507270
9.507260
9.507240
9.507230
9.507220
9.507200
9.507190
9.507180
9.507160
9.507150
9.507140
9.507120
9.507110
9.507100
9.507080
9.507070
9.507050
9.507040
9.507030
9.507010
9.507000
9.506990
9.506970
9.506960
9.506950
9.506930
9.506920
9.506900
9.506890
9.506880
9.506860
9.506850
9.506840
9.506820
9.506810
9.506800
9.506780
9.506770
9.506750
9.506740
9.506730
9.506710
9.506700
9.506690
9.506670
9.506660
9.506640
9.506630
9.506620
9.506600
9.506590
9.506580
9.506560
9.506550
9.506530
9.506520
9.506510
9.506490
9.506480
9.506470
9.506450
9.506440
9.506420
9.506410
9.506400
9.506380
9.506370
9.506350
9.506340
9.506330
9.506310
9.506300
9.506290
9.506270
9.506260
9.506240
9.506230
9.506220
9.506200
9.506190
9.506170
9.506160
9.506150
9.506130
9.506120
9.506110
9.506090
9.506080
9.506060
9.506050
9.506040
9.506020
9.506010
9.505990
9.505980
9.505970
9.505950
9.505940
9.505920
9.505910
9.505900
9.505880
9.505870
9.505860
9.505840
9.505830
9.505810
9.505800
9.505790
9.505770
9.505760
9.505740
9.505730
9.505720
9.505700
9.505690
9.505670
9.505660
9.505650
9.505630
9.505620
9.505600
9.505590
9.505580
9.505560
9.505550
9.505530
9.505520
9.505510
9.505490
9.505480
9.505460
9.505450
9.505440
9.505420
9.505410
9.505390
9.505380
9.505370
9.505350
9.505340
9.505320
9.505310
9.505300
9.505280
9.505270
9.505250
9.505240
9.505230
9.505210
9.505200
9.505180
9.505170
9.505160
9.505140
9.505130
9.505110
9.505100
9.505080
9.505070
9.505060
9.505040
9.505030
9.505010
9.505000
9.504990
9.504970
9.504960
9.504940
9.504930
9.504920
9.504900
9.504890
9.504870
9.504860
9.504850
9.504830
9.504820
9.504800
9.504790
9.504770
9.504760
9.504750
9.504730
9.504720
9.504700
9.504690
9.504680
9.504660
9.504650
9.504630
9.504620
9.504610
9.504590
9.504580
9.504560
9.504550
9.504530
9.504520
9.504510
9.504490
9.504480
9.504460
9.504450
9.504440
9.504420
9.504410
9.504390
9.504380
9.504360
9.504350
9.504340
9.504320
9.504310
9.504290
9.504280
9.504270
9.504250
9.504240
9.504220
9.504210
9.504190
9.504180
9.504170
9.504150
9.504140
9.504120
9.504110
9.504090
9.504080
9.504070
9.504050
9.504040
9.504020
9.504010
9.504000
9.503980
9.503970
9.503950
9.503940
9.503920
9.503910
9.503900
9.503880
9.503870
9.503850
9.503840
9.503820
9.503810
9.503800
9.503780
9.503770
9.503750
9.503740
9.503730
9.503710
9.503700
9.503680
9.503670
9.503650
9.503640
9.503630
9.503610
9.503600
9.503580
9.503570
9.503550
9.503540
9.503530
9.503510
9.503500
9.503480
9.503470
9.503450
9.503440
9.503430
9.503410
9.503400
9.503380
9.503370
9.503350
9.503340
9.503330
9.503310
9.503300
9.503280
9.503270
9.503250
9.503240
9.503230
9.503210
9.503200
9.503180
9.503170
9.503150
9.503140
9.503130
9.503110
9.503100
9.503080
9.503070
9.503050
9.503020
9.503010
9.503060
9.505960
9.506560
9.506530
9.506460
9.506380
9.506310
9.506240
9.506180
9.506120
9.506060
9.506010
9.505960
9.505910
9.505870
9.505830
9.505790
9.505760
9.505730
9.505700
9.505680
9.505670
9.505660
9.505650
9.505650
9.505650
9.505660
9.505680
9.505690
9.505720
9.505740
9.505770
9.505800
9.505830
9.505870
9.505910
9.505950
9.505990
9.506030
9.506070
9.506120
9.506160
9.506210
9.506260
9.506310
9.506360
9.506410
9.506460
9.506510
9.506570
9.506620
9.506670
9.506730
9.506780
9.506840
9.506900
9.506950
9.507010
9.507070
9.507120
9.507180
9.507240
9.507290
9.507350
9.507410
9.507460
9.507520
9.507580
9.507630
9.507690
9.507750
9.507800
9.507860
9.507910
9.507970
9.508020
9.508080
9.508130
9.508180
9.508240
9.508290
9.508340
9.508390
9.508440
9.508490
9.508540
9.508590
9.508640
9.508690
9.508740
9.508790
9.508830
9.508880
9.508930
9.508970
9.509020
9.509060
9.509110
9.509150
9.509190
9.509230
9.509280
9.509320
9.509360
9.509400
9.509440
9.509480
9.509520
9.509560
9.509590
9.509630
9.509670
9.509700
9.509740
9.509780
9.509810
9.509850
9.509880
9.509910
9.509950
9.509980
9.510010
9.510040
9.510070
9.510100
9.510130
9.510160
9.510190
9.510220
9.510250
9.510280
9.510310
9.510340
9.510360
9.510390
9.510420
9.510440
9.510470
9.510490
9.510520
9.510540
9.510560
9.510590
9.510610
9.510630
9.510660
9.510680
9.510700
9.510720
9.510740
9.510760
9.510780
9.510810
9.510820
9.510840
9.510860
9.510880
9.510900
9.510920
9.510940
9.510950
9.510970
9.510990
9.511010
9.511020
9.511040
9.511050
9.511070
9.511080
9.511100
9.511110
9.511130
9.511140
9.511160
9.511170
9.511180
9.511200
9.511210
9.511220
9.511240
9.511250
9.511260
9.511270
9.511280
9.511290
9.511310
9.511320
9.511330
9.511340
9.511350
9.511360
9.511370
9.511380
9.511390
9.511400
9.511400
9.511410
9.511420
9.511430
9.511440
9.511450
9.511450
9.511460
9.511470
9.511480
9.511480
9.511490
9.511500
9.511500
9.511510
9.511510
9.511520
9.511530
9.511530
9.511540
9.511540
9.511550
9.511550
9.511560
9.511560
9.511570
9.511570
9.511570
9.511580
9.511580
9.511590
9.511590
9.511590
9.511600
9.511600
9.511600
9.511600
9.511610
9.511610
9.511610
9.511610
9.511620
9.511620
9.511620
9.511620
9.511620
9.511630
9.511630
9.511630
9.511630
9.511630
9.511630
9.511630
9.511630
9.511630
9.511630
9.511630
9.511630
9.511630
9.511630
9.511630
9.511630
9.511630
9.511630
9.511630
9.511630
9.511630
9.511630
9.511630
9.511630
9.511630
9.511620
9.511620
9.511620
9.511620
9.511620
9.511620
9.511610
9.511610
9.511610
9.511610
9.511610
9.511600
9.511600
9.511600
9.511600
9.511590
9.511590
9.511590
9.511580
9.511580
9.511580
9.511580
9.511570
9.511570
9.511570
9.511560
9.511560
9.511550
9.511550
9.511550
9.511540
9.511540
9.511530
9.511530
9.511530
9.511520
9.511520
9.511510
9.511510
9.511500
9.511500
9.511490
9.511490
9.511490
9.511480
9.511480
9.511470
9.511470
9.511460
9.511450
9.511450
9.511440
9.511440
9.511430
9.511430
9.511420
9.511420
9.511410
9.511400
9.511400
9.511390
9.511390
9.511380
9.511370
9.511370
9.511360
9.511360
9.511350
9.511340
9.511340
9.511330
9.511320
9.511320
9.511310
9.511300
9.511300
9.511290
9.511280
9.511280
9.511270
9.511260
9.511260
9.511250
9.511240
9.511230
9.511230
9.511220
9.511210
9.511210
9.511200
9.511190
9.511180
9.511180
9.511170
9.511160
9.511150
9.511140
9.511140
9.511130
9.511120
9.511110
9.511110
9.511100
9.511090
9.511080
9.511070
9.511070
9.511060
9.511050
9.511040
9.511030
9.511020
9.511020
9.511010
9.511000
9.510990
9.510980
9.510970
9.510960
9.510960
9.510950
9.510940
9.510930
9.510920
9.510910
9.510900
9.510890
9.510880
9.510880
9.510870
9.510860
9.510850
9.510840
9.510830
9.510820
9.510810
9.510800
9.510790
9.510780
9.510770
9.510770
9.510760
9.510750
9.510740
9.510730
9.510720
9.510710
9.510700
9.510690
9.510680
9.510670
9.510660
9.510650
9.510640
9.510630
9.510620
9.510610
9.510600
9.510590
9.510580
9.510570
9.510560
9.510550
9.510540
9.510530
9.510520
9.510510
9.510500
9.510490
9.510480
9.510470
9.510460
9.510450
9.510440
9.510430
9.510420
9.510410
9.510400
9.510390
9.510380
9.510370
9.510360
9.510350
9.510330
9.510320
9.510310
9.510300
9.510290
9.510280
9.510270
9.510260
9.510250
9.510240
9.510230
9.510220
9.510210
9.510200
9.510180
9.510170
9.510160
9.510150
9.510140
9.510130
9.510120
9.510110
9.510100
9.510090
9.510070
9.510060
9.510050
9.510040
9.510030
9.510020
9.510010
9.510000
9.509990
9.509970
9.509960
9.509950
9.509940
9.509930
9.509920
9.509910
9.509890
9.509880
9.509870
9.509860
9.509850
9.509840
9.509830
9.509810
9.509800
9.509790
9.509780
9.509770
9.509760
9.509750
9.509730
9.509720
9.509710
9.509700
9.509690
9.509680
9.509660
9.509650
9.509640
9.509630
9.509620
9.509600
9.509590
9.509580
9.509570
9.509560
9.509550
9.509530
9.509520
9.509510
9.509500
9.509490
9.509470
9.509460
9.509450
9.509440
9.509430
9.509410
9.509400
9.509390
9.509380
9.509370
9.509350
9.509340
9.509330
9.509320
9.509300
9.509290
9.509280
9.509270
9.509260
9.509240
9.509230
9.509220
9.509210
9.509190
9.509180
9.509170
9.509160
9.509150
9.509130
9.509120
9.509110
9.509100
9.509080
9.509070
9.509060
9.509050
9.509030
9.509020
9.509010
9.509000
9.508980
9.508970
9.508960
9.508950
9.508930
9.508920
9.508910
9.508900
9.508880
9.508870
9.508860
9.508850
9.508830
9.508820
9.508810
9.508800
9.508780
9.508770
9.508760
9.508740
9.508730
9.508720
9.508710
9.508690
9.508680
9.508670
9.508660
9.508640
9.508630
9.508620
9.508600
9.508590
9.508580
9.508570
9.508550
9.508540
9.508530
9.508510
9.508500
9.508490
9.508480
9.508460
9.508450
9.508440
9.508420
9.508410
9.508400
9.508390
9.508370
9.508360
9.508350
9.508330
9.508320
9.508310
9.508290
9.508280
9.508270
9.508260
9.508240
9.508230
9.508220
9.508200
9.508190
9.508180
9.508160
9.508150
9.508140
9.508130
9.508110
9.508100
9.508090
9.508070
9.508060
9.508050
9.508030
9.508020
9.508010
9.507990
9.507980
9.507970
9.507950
9.507940
9.507930
9.507910
9.507900
9.507890
9.507870
9.507860
9.507850
9.507830
9.507820
9.507810
9.507790
9.507780
9.507770
9.507760
9.507740
9.507730
9.507720
9.507700
9.507690
9.507680
9.507660
9.507650
9.507630
9.507620
9.507610
9.507590
9.507580
9.507570
9.507550
9.507540
9.507530
9.507510
9.507500
9.507490
9.507470
9.507460
9.507450
9.507430
9.507420
9.507410
9.507390
9.507380
9.507370
9.507350
9.507340
9.507330
9.507310
9.507300
9.507290
9.507270
9.507260
9.507240
9.507230
9.507220
9.507200
9.507190
9.507180
9.507160
9.507150
9.507140
9.507120
9.507110
9.507100
9.507080
9.507070
9.507050
9.507040
9.507030
9.507010
9.507000
9.506990
9.506970
9.506960
9.506950
9.506930
9.506920
9.506900
9.506890
9.506880
9.506860
9.506850
9.506840
9.506820
9.506810
9.506800
9.506780
9.506770
9.506750
9.506740
9.506730
9.506710
9.506700
9.506690
9.506670
9.506660
9.506640
9.506630
9.506620
9.506600
9.506590
9.506580
9.506560
9.506550
9.506530
9.506520
9.506510
9.506490
9.506480
9.506470
9.506450
9.506440
9.506420
9.506410
9.506400
9.506380
9.506370
9.506360
9.506340
9.506330
9.506310
9.506300
9.506290
9.506270
9.506260
9.506240
9.506230
9.506220
9.506200
9.506190
9.506180
9.506160
9.506150
9.506130
9.506120
9.506110
9.506090
9.506080
9.506060
9.506050
9.506040
9.506020
9.506010
9.506000
9.505980
9.505970
9.505950
9.505940
9.505930
9.505910
9.505900
9.505880
9.505870
9.505860
9.505840
9.505830
9.505810
9.505800
9.505790
9.505770
9.505760
9.505740
9.505730
9.505720
9.505700
9.505690
9.505670
9.505660
9.505650
9.505630
9.505620
9.505600
9.505590
9.505580
9.505560
9.505550
9.505530
9.505520
9.505510
9.505490
9.505480
9.505460
9.505450
9.505440
9.505420
9.505410
9.505390
9.505380
9.505370
9.505350
9.505340
9.505320
9.505310
9.505300
9.505280
9.505270
9.505250
9.505240
9.505230
9.505210
9.505200
9.505180
9.505170
9.505160
9.505140
9.505130
9.505110
9.505100
9.505090
9.505070
9.505060
9.505040
9.505030
9.505010
9.505000
9.504990
9.504970
9.504960
9.504940
9.504930
9.504920
9.504900
9.504890
9.504870
9.504860
9.504850
9.504830
9.504820
9.504800
9.504790
9.504780
9.504760
9.504750
9.504730
9.504720
9.504700
9.504690
9.504680
9.504660
9.504650
9.504630
9.504620
9.504610
9.504590
9.504580
9.504560
9.504550
9.504530
9.504520
9.504510
9.504490
9.504480
9.504460
9.504450
9.504440
9.504420
9.504410
9.504390
9.504380
9.504360
9.504350
9.504340
9.504320
9.504310
9.504290
9.504280
9.504270
9.504250
9.504240
9.504220
9.504210
9.504190
9.504180
9.504170
9.504150
9.504140
9.504120
9.504110
9.504100
9.504080
9.504070
9.504050
9.504040
9.504020
9.504010
9.504000
9.503980
9.503970
9.503950
9.503940
9.503920
9.503910
9.503900
9.503880
9.503870
9.503850
9.503840
9.503830
9.503810
9.503800
9.503780
9.503770
9.503750
9.503740
9.503730
9.503710
9.503700
9.503680
9.503670
9.503650
9.503640
9.503630
9.503610
9.503600
9.503580
9.503570
9.503550
9.503540
9.503530
9.503510
9.503500
9.503480
9.503470
9.503450
9.503440
9.503430
9.503410
9.503400
9.503380
9.503370
9.503360
9.503340
9.503330
9.503310
9.503300
9.503280
9.503270
9.503260
9.503240
9.503230
9.503210
9.503200
9.503180
9.503170
9.503160
9.503140
9.503130
9.503110
9.503100
9.503080
