0.083532
0.083603
0.083910
0.084636
0.086185
0.089892
0.311391
0.291108
0.281557
0.304450
0.350484
0.433456
0.549902
0.667289
0.771006
0.858497
0.931402
0.991865
1.041600
1.081970
1.114200
1.139570
1.159370
1.174780
1.186770
1.195950
1.202530
1.206380
1.207320
1.205370
1.201010
1.194960
1.187940
1.180460
1.172790
1.165070
1.157340
1.149620
1.141900
1.134170
1.126420
1.118660
1.110870
1.103080
1.095270
1.087450
1.079620
1.071790
1.063960
1.056120
1.048300
1.040480
1.032680
1.024880
1.017110
1.009360
1.001630
0.993921
0.986243
0.978595
0.970978
0.963395
0.955846
0.948333
0.940857
0.933420
0.926023
0.918667
0.911352
0.904081
0.896852
0.889668
0.882529
0.875435
0.868388
0.861387
0.854433
0.847527
0.840668
0.833858
0.827096
0.820382
0.813718
0.807103
0.800537
0.794021
0.787555
0.781138
0.774771
0.768453
0.762186
0.755969
0.749802
0.743684
0.737616
0.731599
0.725630
0.719712
0.713843
0.708024
0.702253
0.696533
0.690861
0.685238
0.679664
0.674139
0.668662
0.663234
0.657854
0.652522
0.647237
0.642000
0.636811
0.631669
0.626574
0.621525
0.616523
0.611567
0.606658
0.601794
0.596976
0.592203
0.587476
0.582793
0.578155
0.573561
0.569011
0.564505
0.560043
0.555624
0.551247
0.546914
0.542623
0.538374
0.534167
0.530001
0.525877
0.521793
0.517751
0.513748
0.509786
0.505863
0.501980
0.498136
0.494331
0.490564
0.486836
0.483145
0.479492
0.475876
0.472297
0.468755
0.465249
0.461779
0.458345
0.454946
0.451582
0.448253
0.444958
0.441697
0.438470
0.435276
0.432116
0.428988
0.425893
0.422830
0.419799
0.416799
0.413830
0.410893
0.407986
0.405109
0.402262
0.399445
0.396657
0.393899
0.391169
0.388467
0.385794
0.383148
0.380530
0.377940
0.375376
0.372839
0.370328
0.367843
0.365384
0.362951
0.360543
0.358160
0.355801
0.353467
0.351157
0.348871
0.346609
0.344370
0.342154
0.339960
0.337790
0.335641
0.333515
0.331410
0.329327
0.327265
0.325224
0.323205
0.321205
0.319226
0.317267
0.315328
0.313409
0.311509
0.309628
0.307766
0.305923
0.304098
0.302292
0.300504
0.298734
0.296981
0.295246
0.293528
0.291827
0.290143
0.288476
0.286826
0.285191
0.283573
0.281971
0.280384
0.278813
0.277258
0.275717
0.274192
0.272681
0.271186
0.269704
0.268238
0.266785
0.265346
0.263921
0.262510
0.261113
0.259729
0.258358
0.257000
0.255655
0.254323
0.253004
0.251697
0.250403
0.249121
0.247851
0.246592
0.245346
0.244112
0.242889
0.241677
0.240477
0.239288
0.238110
0.236943
0.235786
0.234641
0.233506
0.232381
0.231267
0.230163
0.229069
0.227986
0.226912
0.225848
0.224793
0.223748
0.222713
0.221687
0.220670
0.219662
0.218664
0.217674
0.216694
0.215722
0.214759
0.213804
0.212858
0.211920
0.210990
0.210069
0.209156
0.208251
0.207354
0.206465
0.205583
0.204710
0.203843
0.202985
0.202134
0.201290
0.200454
0.199624
0.198802
0.197987
0.197180
0.196379
0.195584
0.194797
0.194016
0.193242
0.192475
0.191714
0.190960
0.190211
0.189470
0.188734
0.188005
0.187281
0.186564
0.185853
0.185148
0.184448
0.183754
0.183067
0.182384
0.181708
0.181037
0.180371
0.179711
0.179057
0.178407
0.177763
0.177125
0.176491
0.175863
0.175239
0.174621
0.174008
0.173399
0.172796
0.172197
0.171603
0.171014
0.170430
0.169850
0.169275
0.168704
0.168138
0.167576
0.167019
0.166466
0.165918
0.165373
0.164833
0.164298
0.163766
0.163239
0.162715
0.162196
0.161681
0.161169
0.160662
0.160158
0.159659
0.159163
0.158671
0.158183
0.157698
0.157217
0.156740
0.156266
0.155796
0.155330
0.154867
0.154407
0.153951
0.153499
0.153049
0.152603
0.152161
0.151722
0.151286
0.150853
0.150423
0.149997
0.149573
0.149153
0.148736
0.148322
0.147911
0.147503
0.147098
0.146696
0.146297
0.145900
0.145507
0.145116
0.144728
0.144343
0.143961
0.143582
0.143205
0.142831
0.142459
0.142091
0.141724
0.141361
0.141000
0.140642
0.140286
0.139932
0.139581
0.139233
0.138887
0.138543
0.138202
0.137863
0.137527
0.137193
0.136861
0.136532
0.136204
0.135880
0.135557
0.135236
0.134918
0.134602
0.134288
0.133976
0.133667
0.133359
0.133054
0.132750
0.132449
0.132150
0.131853
0.131557
0.131264
0.130973
0.130684
0.130396
0.130111
0.129827
0.129546
0.129266
0.128988
0.128712
0.128438
0.128165
0.127895
0.127626
0.127359
0.127094
0.126830
0.126569
0.126308
0.126050
0.125793
0.125538
0.125285
0.125034
0.124783
0.124535
0.124288
0.124043
0.123799
0.123557
0.123317
0.123078
0.122841
0.122605
0.122370
0.122138
0.121906
0.121676
0.121448
0.121221
0.120995
0.120771
0.120549
0.120328
0.120108
0.119889
0.119672
0.119456
0.119242
0.119029
0.118817
0.118607
0.118398
0.118190
0.117984
0.117779
0.117575
0.117372
0.117171
0.116971
0.116772
0.116575
0.116378
0.116183
0.115989
0.115796
0.115605
0.115414
0.115225
0.115037
0.114850
0.114665
0.114480
0.114296
0.114114
0.113933
0.113753
0.113573
0.113395
0.113219
0.113043
0.112868
0.112694
0.112522
0.112350
0.112179
0.112010
0.111841
0.111674
0.111507
0.111342
0.111177
0.111014
0.110851
0.110689
0.110529
0.110369
0.110210
0.110052
0.109896
0.109740
0.109585
0.109430
0.109277
0.109125
0.108974
0.108823
0.108673
0.108525
0.108377
0.108230
0.108084
0.107938
0.107794
0.107650
0.107508
0.107366
0.107225
0.107084
0.106945
0.106806
0.106668
0.106531
0.106395
0.106260
0.106125
0.105991
0.105858
0.105726
0.105594
0.105463
0.105333
0.105204
0.105075
0.104947
0.104820
0.104694
0.104568
0.104443
0.104319
0.104195
0.104072
0.103950
0.103829
0.103708
0.103588
0.103469
0.103350
0.103232
0.103114
0.102998
0.102882
0.102766
0.102651
0.102537
0.102424
0.102311
0.102199
0.102087
0.101976
0.101866
0.101756
0.101647
0.101539
0.101431
0.101324
0.101217
0.101111
0.101005
0.100901
0.100796
0.100692
0.100589
0.100487
0.100385
0.100283
0.100182
0.100082
0.099982
0.099883
0.099784
0.099686
0.099589
0.099492
0.099395
0.099299
0.099204
0.099109
0.099014
0.098920
0.098827
0.098734
0.098642
0.098550
0.098459
0.098368
0.098277
0.098187
0.098098
0.098009
0.097921
0.097833
0.097745
0.097658
0.097572
0.097486
0.097400
0.097315
0.097230
0.097146
0.097063
0.096979
0.096896
0.096814
0.096732
0.096651
0.096570
0.096489
0.096409
0.096329
0.096250
0.096171
0.096092
0.096014
0.095937
0.095859
0.095783
0.095706
0.095630
0.095555
0.095479
0.095405
0.095330
0.095256
0.095183
0.095109
0.095037
0.094964
0.094892
0.094821
0.094749
0.094678
0.094608
0.094538
0.094468
0.094399
0.094330
0.094261
0.094193
0.094125
0.094057
0.093990
0.093923
0.093856
0.093790
0.093724
0.093659
0.093594
0.093529
0.093465
0.093400
0.093337
0.093273
0.093210
0.093147
0.093085
0.093023
0.092961
0.092900
0.092839
0.092778
0.092717
0.092657
0.092597
0.092538
0.092478
0.092419
0.092361
0.092302
0.092244
0.092187
0.092129
0.092072
0.092015
0.091959
0.091902
0.091847
0.091791
0.091736
0.091680
0.091626
0.091571
0.091517
0.091463
0.091409
0.091356
0.091303
0.091250
0.091198
0.091145
0.091093
0.091041
0.090990
0.090939
0.090888
0.090837
0.090787
0.090736
0.090687
0.090637
0.090588
0.090538
0.090490
0.090441
0.090392
0.090344
0.090296
0.090249
0.090201
0.090154
0.090107
0.090061
0.090014
0.089968
0.089922
0.089876
0.089831
0.089786
0.089741
0.089696
0.089651
0.089607
0.089563
0.089519
0.089475
0.089432
0.089388
0.089345
0.089303
0.089260
0.089218
0.089176
0.089134
0.089092
0.089051
0.089009
0.088968
0.088927
0.088887
0.088846
0.088806
0.088766
0.088726
0.088686
0.088647
0.088608
0.088569
0.088530
0.088491
0.088453
0.088415
0.088376
0.088339
0.088301
0.088263
0.088226
0.088189
0.088152
0.088115
0.088079
0.088043
0.088006
0.087970
0.087935
0.087899
0.087864
0.087828
0.087793
0.087758
0.087724
0.087689
0.087655
0.087620
0.087586
0.087553
0.087519
0.087485
0.087452
0.087419
0.087386
0.087353
0.087320
0.087288
0.087255
0.087223
0.087191
0.087159
0.087127
0.087096
0.087064
0.087033
0.087002
0.086971
0.086940
0.086910
0.086879
0.086849
0.086819
0.086789
0.086759
0.086729
0.086700
0.086670
0.086641
0.086612
0.086583
0.086554
0.086525
0.086497
0.086468
0.086440
0.086412
0.086384
0.086356
0.086329
0.086301
0.086274
0.086246
0.086219
0.086192
0.086165
0.086139
0.086112
0.086085
0.086059
0.086033
0.086007
0.085981
0.085955
0.085929
0.085904
0.085878
0.085853
0.085828
0.085803
0.085778
0.085753
0.085728
0.085704
0.085679
0.085655
0.085631
0.085607
0.085583
0.085559
0.085535
0.085512
0.085488
0.085465
0.085442
0.085418
0.085395
0.085373
0.085350
0.085327
0.085305
0.085282
0.085260
0.085238
0.085215
0.085193
0.085172
0.085150
0.085128
0.085107
0.085085
0.085064
0.085042
0.085021
0.085000
0.084979
0.084959
0.084938
0.084917
0.084897
0.084876
0.084856
0.084836
0.084816
0.084795
0.084776
0.084756
0.084736
0.084717
0.084697
0.084678
0.084658
0.084639
0.084620
0.084601
0.084582
0.084563
0.084544
0.084526
0.084507
0.084489
0.084470
0.084452
0.084434
0.084416
0.084397
0.084379
0.084362
0.084344
0.084326
0.084309
0.084291
0.084274
0.084256
0.084239
0.084222
0.084205
0.084188
0.084171
0.084154
0.084138
0.084121
0.084104
0.084088
0.084071
0.084055
0.084039
0.084023
0.084007
0.083991
0.083975
0.083959
0.083943
0.083927
0.083912
0.083896
0.083881
0.083866
0.083850
0.083835
0.083820
0.083805
0.083790
0.083775
0.083760
0.083745
0.083730
0.083716
0.083701
0.083687
0.083672
0.083658
0.083644
0.083630
0.083616
0.083601
0.083588
0.083574
0.083560
0.083546
0.083532
0.083603
0.083910
0.084636
0.086185
0.089892
0.311400
0.291114
0.281561
0.304457
0.350487
0.433457
0.549923
0.667317
0.771029
0.858516
0.931418
0.991878
1.041610
1.081980
1.114210
1.139580
1.159370
1.174780
1.186770
1.195950
1.202520
1.206380
1.207320
1.205370
1.201010
1.194960
1.187940
1.180450
1.172780
1.165060
1.157340
1.149620
1.141890
1.134160
1.126410
1.118650
1.110870
1.103070
1.095260
1.087440
1.079610
1.071780
1.063950
1.056120
1.048290
1.040470
1.032670
1.024880
1.017100
1.009350
1.001620
0.993915
0.986237
0.978589
0.970972
0.963389
0.955840
0.948327
0.940851
0.933414
0.926017
0.918661
0.911347
0.904075
0.896847
0.889663
0.882523
0.875430
0.868382
0.861381
0.854428
0.847521
0.840663
0.833852
0.827090
0.820377
0.813713
0.807098
0.800532
0.794016
0.787549
0.781133
0.774766
0.768449
0.762181
0.755964
0.749797
0.743679
0.737612
0.731594
0.725626
0.719707
0.713838
0.708019
0.702249
0.696528
0.690857
0.685234
0.679660
0.674135
0.668658
0.663230
0.657850
0.652518
0.647233
0.641996
0.636807
0.631665
0.626569
0.621521
0.616519
0.611564
0.606654
0.601790
0.596972
0.592200
0.587472
0.582789
0.578151
0.573557
0.569008
0.564502
0.560039
0.555620
0.551244
0.546911
0.542619
0.538370
0.534163
0.529998
0.525873
0.521790
0.517747
0.513745
0.509783
0.505860
0.501977
0.498133
0.494328
0.490561
0.486833
0.483142
0.479489
0.475873
0.472295
0.468752
0.465246
0.461776
0.458342
0.454943
0.451579
0.448250
0.444955
0.441695
0.438468
0.435274
0.432113
0.428986
0.425891
0.422827
0.419796
0.416797
0.413828
0.410891
0.407984
0.405107
0.402260
0.399443
0.396655
0.393897
0.391167
0.388465
0.385792
0.383146
0.380528
0.377938
0.375374
0.372837
0.370326
0.367841
0.365383
0.362949
0.360541
0.358158
0.355800
0.353466
0.351156
0.348870
0.346607
0.344368
0.342152
0.339959
0.337788
0.335640
0.333513
0.331409
0.329325
0.327264
0.325223
0.323203
0.321204
0.319225
0.317266
0.315327
0.313407
0.311507
0.309626
0.307765
0.305921
0.304097
0.302291
0.300502
0.298732
0.296980
0.295245
0.293527
0.291826
0.290143
0.288475
0.286825
0.285190
0.283572
0.281970
0.280383
0.278812
0.277257
0.275716
0.274191
0.272681
0.271185
0.269704
0.268237
0.266784
0.265346
0.263921
0.262510
0.261112
0.259728
0.258357
0.256999
0.255655
0.254323
0.253003
0.251697
0.250402
0.249120
0.247850
0.246592
0.245346
0.244111
0.242888
0.241676
0.240476
0.239287
0.238109
0.236942
0.235786
0.234640
0.233505
0.232381
0.231267
0.230163
0.229069
0.227985
0.226911
0.225847
0.224793
0.223748
0.222712
0.221686
0.220670
0.219662
0.218663
0.217674
0.216693
0.215721
0.214758
0.213803
0.212857
0.211919
0.210990
0.210069
0.209156
0.208251
0.207353
0.206464
0.205583
0.204709
0.203843
0.202984
0.202133
0.201290
0.200453
0.199624
0.198802
0.197987
0.197179
0.196378
0.195584
0.194797
0.194016
0.193242
0.192474
0.191714
0.190959
0.190211
0.189469
0.188734
0.188004
0.187281
0.186564
0.185852
0.185147
0.184448
0.183754
0.183066
0.182384
0.181707
0.181036
0.180371
0.179711
0.179056
0.178407
0.177763
0.177124
0.176491
0.175862
0.175239
0.174621
0.174007
0.173399
0.172795
0.172197
0.171603
0.171014
0.170429
0.169849
0.169274
0.168704
0.168137
0.167576
0.167019
0.166466
0.165917
0.165373
0.164833
0.164297
0.163766
0.163238
0.162715
0.162196
0.161680
0.161169
0.160662
0.160158
0.159658
0.159163
0.158671
0.158182
0.157698
0.157217
0.156740
0.156266
0.155796
0.155330
0.154867
0.154407
0.153951
0.153498
0.153049
0.152603
0.152161
0.151721
0.151285
0.150852
0.150423
0.149996
0.149573
0.149153
0.148736
0.148322
0.147911
0.147503
0.147098
0.146695
0.146296
0.145900
0.145507
0.145116
0.144728
0.144343
0.143961
0.143581
0.143205
0.142831
0.142459
0.142090
0.141724
0.141361
0.141000
0.140641
0.140285
0.139932
0.139581
0.139233
0.138887
0.138543
0.138202
0.137863
0.137527
0.137193
0.136861
0.136531
0.136204
0.135879
0.135557
0.135236
0.134918
0.134602
0.134288
0.133976
0.133667
0.133359
0.133054
0.132750
0.132449
0.132150
0.131852
0.131557
0.131264
0.130973
0.130683
0.130396
0.130111
0.129827
0.129545
0.129266
0.128988
0.128712
0.128438
0.128165
0.127895
0.127626
0.127359
0.127094
0.126830
0.126568
0.126308
0.126050
0.125793
0.125538
0.125285
0.125033
0.124783
0.124535
0.124288
0.124043
0.123799
0.123557
0.123317
0.123078
0.122840
0.122605
0.122370
0.122137
0.121906
0.121676
0.121448
0.121221
0.120995
0.120771
0.120549
0.120327
0.120108
0.119889
0.119672
0.119456
0.119242
0.119029
0.118817
0.118607
0.118398
0.118190
0.117984
0.117779
0.117575
0.117372
0.117171
0.116971
0.116772
0.116575
0.116378
0.116183
0.115989
0.115796
0.115605
0.115414
0.115225
0.115037
0.114850
0.114664
0.114480
0.114296
0.114114
0.113933
0.113752
0.113573
0.113395
0.113218
0.113043
0.112868
0.112694
0.112521
0.112350
0.112179
0.112010
0.111841
0.111674
0.111507
0.111341
0.111177
0.111013
0.110851
0.110689
0.110529
0.110369
0.110210
0.110052
0.109895
0.109739
0.109584
0.109430
0.109277
0.109125
0.108973
0.108823
0.108673
0.108525
0.108377
0.108230
0.108084
0.107938
0.107794
0.107650
0.107508
0.107366
0.107225
0.107084
0.106945
0.106806
0.106668
0.106531
0.106395
0.106260
0.106125
0.105991
0.105858
0.105725
0.105594
0.105463
0.105333
0.105204
0.105075
0.104947
0.104820
0.104694
0.104568
0.104443
0.104319
0.104195
0.104072
0.103950
0.103829
0.103708
0.103588
0.103468
0.103350
0.103232
0.103114
0.102998
0.102881
0.102766
0.102651
0.102537
0.102424
0.102311
0.102199
0.102087
0.101976
0.101866
0.101756
0.101647
0.101539
0.101431
0.101324
0.101217
0.101111
0.101005
0.100900
0.100796
0.100692
0.100589
0.100487
0.100385
0.100283
0.100182
0.100082
0.099982
0.099883
0.099784
0.099686
0.099589
0.099491
0.099395
0.099299
0.099204
0.099109
0.099014
0.098920
0.098827
0.098734
0.098642
0.098550
0.098458
0.098368
0.098277
0.098187
0.098098
0.098009
0.097921
0.097833
0.097745
0.097658
0.097572
0.097486
0.097400
0.097315
0.097230
0.097146
0.097062
0.096979
0.096896
0.096814
0.096732
0.096651
0.096570
0.096489
0.096409
0.096329
0.096250
0.096171
0.096092
0.096014
0.095937
0.095859
0.095783
0.095706
0.095630
0.095555
0.095479
0.095405
0.095330
0.095256
0.095183
0.095109
0.095037
0.094964
0.094892
0.094821
0.094749
0.094678
0.094608
0.094538
0.094468
0.094398
0.094330
0.094261
0.094192
0.094125
0.094057
0.093990
0.093923
0.093856
0.093790
0.093724
0.093659
0.093594
0.093529
0.093465
0.093400
0.093337
0.093273
0.093210
0.093147
0.093085
0.093023
0.092961
0.092900
0.092838
0.092778
0.092717
0.092657
0.092597
0.092538
0.092478
0.092419
0.092361
0.092302
0.092244
0.092187
0.092129
0.092072
0.092015
0.091959
0.091902
0.091846
0.091791
0.091735
0.091680
0.091626
0.091571
0.091517
0.091463
0.091409
0.091356
0.091303
0.091250
0.091197
0.091145
0.091093
0.091041
0.090990
0.090939
0.090888
0.090837
0.090787
0.090736
0.090687
0.090637
0.090587
0.090538
0.090489
0.090441
0.090392
0.090344
0.090296
0.090249
0.090201
0.090154
0.090107
0.090061
0.090014
0.089968
0.089922
0.089876
0.089831
0.089786
0.089740
0.089696
0.089651
0.089607
0.089563
0.089519
0.089475
0.089432
0.089388
0.089345
0.089303
0.089260
0.089218
0.089175
0.089134
0.089092
0.089050
0.089009
0.088968
0.088927
0.088887
0.088846
0.088806
0.088766
0.088726
0.088686
0.088647
0.088608
0.088569
0.088530
0.088491
0.088453
0.088415
0.088376
0.088339
0.088301
0.088263
0.088226
0.088189
0.088152
0.088115
0.088079
0.088043
0.088006
0.087970
0.087935
0.087899
0.087863
0.087828
0.087793
0.087758
0.087723
0.087689
0.087655
0.087620
0.087586
0.087552
0.087519
0.087485
0.087452
0.087419
0.087386
0.087353
0.087320
0.087288
0.087255
0.087223
0.087191
0.087159
0.087127
0.087096
0.087064
0.087033
0.087002
0.086971
0.086940
0.086910
0.086879
0.086849
0.086819
0.086789
0.086759
0.086729
0.086700
0.086670
0.086641
0.086612
0.086583
0.086554
0.086525
0.086497
0.086468
0.086440
0.086412
0.086384
0.086356
0.086329
0.086301
0.086274
0.086246
0.086219
0.086192
0.086165
0.086139
0.086112
0.086085
0.086059
0.086033
0.086007
0.085981
0.085955
0.085929
0.085904
0.085878
0.085853
0.085828
0.085803
0.085778
0.085753
0.085728
0.085704
0.085679
0.085655
0.085631
0.085607
0.085583
0.085559
0.085535
0.085512
0.085488
0.085465
0.085442
0.085418
0.085395
0.085373
0.085350
0.085327
0.085305
0.085282
0.085260
0.085238
0.085215
0.085193
0.085171
0.085150
0.085128
0.085107
0.085085
0.085064
0.085042
0.085021
0.085000
0.084979
0.084959
0.084938
0.084917
0.084897
0.084876
0.084856
0.084836
0.084816
0.084795
0.084776
0.084756
0.084736
0.084716
0.084697
0.084678
0.084658
0.084639
0.084620
0.084601
0.084582
0.084563
0.084544
0.084526
0.084507
0.084488
0.084470
0.084452
0.084434
0.084415
0.084397
0.084379
0.084362
0.084344
0.084326
0.084309
0.084291
0.084274
0.084256
0.084239
0.084222
0.084205
0.084188
0.084171
0.084154
0.084138
0.084121
0.084104
0.084088
0.084071
0.084055
0.084039
0.084023
0.084007
0.083991
0.083975
0.083959
0.083943
0.083927
0.083912
0.083896
0.083881
0.083866
0.083850
0.083835
0.083820
0.083805
0.083790
0.083775
0.083760
0.083745
0.083730
0.083716
0.083701
0.083687
0.083672
0.083658
0.083644
0.083630
0.083615
0.083601
0.083588
0.083574
0.083560
0.083546
0.083532
0.083603
0.083909
0.084636
0.086185
0.089894
0.311417
0.291095
0.281552
0.304455
0.350492
0.433461
0.549927
0.667318
0.771032
0.858520
0.931420
0.991880
1.041610
1.081980
1.114210
1.139580
1.159370
1.174780
1.186770
1.195950
1.202520
1.206380
1.207320
1.205370
1.201010
1.194960
1.187940
1.180450
1.172780
1.165060
1.157340
1.149620
1.141890
1.134160
1.126410
1.118650
1.110870
1.103070
1.095260
1.087440
1.079610
1.071780
1.063950
1.056120
1.048290
1.040470
1.032670
1.024880
1.017100
1.009350
1.001620
0.993914
0.986236
0.978588
0.970971
0.963388
0.955839
0.948326
0.940850
0.933414
0.926017
0.918660
0.911346
0.904074
0.896846
0.889662
0.882522
0.875429
0.868382
0.861381
0.854427
0.847521
0.840662
0.833852
0.827090
0.820377
0.813712
0.807097
0.800532
0.794015
0.787549
0.781132
0.774765
0.768448
0.762181
0.755964
0.749796
0.743679
0.737611
0.731593
0.725625
0.719707
0.713838
0.708019
0.702249
0.696528
0.690856
0.685233
0.679660
0.674134
0.668658
0.663229
0.657849
0.652517
0.647233
0.641996
0.636807
0.631664
0.626569
0.621521
0.616519
0.611563
0.606654
0.601790
0.596972
0.592199
0.587472
0.582789
0.578151
0.573557
0.569007
0.564501
0.560039
0.555620
0.551244
0.546910
0.542619
0.538370
0.534163
0.529997
0.525873
0.521790
0.517747
0.513745
0.509782
0.505860
0.501977
0.498133
0.494328
0.490561
0.486832
0.483142
0.479489
0.475873
0.472294
0.468752
0.465246
0.461776
0.458342
0.454943
0.451579
0.448250
0.444955
0.441694
0.438467
0.435274
0.432113
0.428985
0.425890
0.422827
0.419796
0.416796
0.413828
0.410890
0.407983
0.405107
0.402260
0.399443
0.396655
0.393897
0.391167
0.388465
0.385792
0.383146
0.380528
0.377938
0.375374
0.372837
0.370326
0.367841
0.365383
0.362949
0.360541
0.358158
0.355800
0.353465
0.351156
0.348870
0.346607
0.344368
0.342152
0.339959
0.337788
0.335639
0.333513
0.331408
0.329325
0.327264
0.325223
0.323203
0.321204
0.319225
0.317266
0.315327
0.313407
0.311507
0.309627
0.307765
0.305922
0.304097
0.302291
0.300503
0.298732
0.296980
0.295245
0.293527
0.291826
0.290142
0.288475
0.286824
0.285190
0.283572
0.281970
0.280383
0.278812
0.277257
0.275716
0.274191
0.272680
0.271185
0.269703
0.268237
0.266784
0.265345
0.263920
0.262509
0.261112
0.259728
0.258357
0.256999
0.255654
0.254322
0.253003
0.251696
0.250402
0.249120
0.247850
0.246592
0.245345
0.244111
0.242888
0.241676
0.240476
0.239287
0.238109
0.236942
0.235786
0.234640
0.233505
0.232381
0.231266
0.230162
0.229069
0.227985
0.226911
0.225847
0.224792
0.223747
0.222712
0.221686
0.220669
0.219662
0.218663
0.217674
0.216693
0.215721
0.214758
0.213803
0.212857
0.211919
0.210990
0.210069
0.209155
0.208250
0.207353
0.206464
0.205583
0.204709
0.203843
0.202984
0.202133
0.201289
0.200453
0.199624
0.198802
0.197987
0.197179
0.196378
0.195584
0.194796
0.194016
0.193242
0.192474
0.191713
0.190959
0.190211
0.189469
0.188733
0.188004
0.187281
0.186564
0.185852
0.185147
0.184448
0.183754
0.183066
0.182384
0.181707
0.181036
0.180371
0.179711
0.179056
0.178407
0.177763
0.177124
0.176490
0.175862
0.175239
0.174620
0.174007
0.173399
0.172795
0.172197
0.171603
0.171014
0.170429
0.169849
0.169274
0.168703
0.168137
0.167576
0.167018
0.166466
0.165917
0.165373
0.164833
0.164297
0.163766
0.163238
0.162715
0.162195
0.161680
0.161169
0.160661
0.160158
0.159658
0.159162
0.158670
0.158182
0.157698
0.157217
0.156740
0.156266
0.155796
0.155329
0.154866
0.154407
0.153951
0.153498
0.153049
0.152603
0.152161
0.151721
0.151285
0.150852
0.150423
0.149996
0.149573
0.149153
0.148736
0.148322
0.147911
0.147503
0.147097
0.146695
0.146296
0.145900
0.145506
0.145116
0.144728
0.144343
0.143961
0.143581
0.143205
0.142830
0.142459
0.142090
0.141724
0.141361
0.141000
0.140641
0.140285
0.139932
0.139581
0.139233
0.138887
0.138543
0.138202
0.137863
0.137527
0.137193
0.136861
0.136531
0.136204
0.135879
0.135557
0.135236
0.134918
0.134602
0.134288
0.133976
0.133666
0.133359
0.133053
0.132750
0.132449
0.132150
0.131852
0.131557
0.131264
0.130973
0.130683
0.130396
0.130111
0.129827
0.129545
0.129266
0.128988
0.128712
0.128438
0.128165
0.127895
0.127626
0.127359
0.127094
0.126830
0.126568
0.126308
0.126050
0.125793
0.125538
0.125285
0.125033
0.124783
0.124535
0.124288
0.124043
0.123799
0.123557
0.123317
0.123078
0.122840
0.122605
0.122370
0.122137
0.121906
0.121676
0.121448
0.121221
0.120995
0.120771
0.120549
0.120327
0.120107
0.119889
0.119672
0.119456
0.119242
0.119029
0.118817
0.118607
0.118398
0.118190
0.117984
0.117779
0.117575
0.117372
0.117171
0.116971
0.116772
0.116574
0.116378
0.116183
0.115989
0.115796
0.115605
0.115414
0.115225
0.115037
0.114850
0.114664
0.114480
0.114296
0.114114
0.113933
0.113752
0.113573
0.113395
0.113218
0.113043
0.112868
0.112694
0.112521
0.112350
0.112179
0.112010
0.111841
0.111674
0.111507
0.111341
0.111177
0.111013
0.110851
0.110689
0.110528
0.110369
0.110210
0.110052
0.109895
0.109739
0.109584
0.109430
0.109277
0.109125
0.108973
0.108823
0.108673
0.108525
0.108377
0.108230
0.108084
0.107938
0.107794
0.107650
0.107508
0.107366
0.107225
0.107084
0.106945
0.106806
0.106668
0.106531
0.106395
0.106260
0.106125
0.105991
0.105858
0.105725
0.105594
0.105463
0.105333
0.105204
0.105075
0.104947
0.104820
0.104694
0.104568
0.104443
0.104319
0.104195
0.104072
0.103950
0.103829
0.103708
0.103588
0.103468
0.103350
0.103232
0.103114
0.102998
0.102881
0.102766
0.102651
0.102537
0.102424
0.102311
0.102199
0.102087
0.101976
0.101866
0.101756
0.101647
0.101539
0.101431
0.101324
0.101217
0.101111
0.101005
0.100900
0.100796
0.100692
0.100589
0.100487
0.100385
0.100283
0.100182
0.100082
0.099982
0.099883
0.099784
0.099686
0.099589
0.099491
0.099395
0.099299
0.099204
0.099109
0.099014
0.098920
0.098827
0.098734
0.098642
0.098550
0.098458
0.098368
0.098277
0.098187
0.098098
0.098009
0.097921
0.097833
0.097745
0.097658
0.097572
0.097486
0.097400
0.097315
0.097230
0.097146
0.097062
0.096979
0.096896
0.096814
0.096732
0.096651
0.096570
0.096489
0.096409
0.096329
0.096250
0.096171
0.096092
0.096014
0.095937
0.095859
0.095783
0.095706
0.095630
0.095555
0.095479
0.095405
0.095330
0.095256
0.095183
0.095109
0.095037
0.094964
0.094892
0.094821
0.094749
0.094678
0.094608
0.094538
0.094468
0.094398
0.094330
0.094261
0.094192
0.094125
0.094057
0.093990
0.093923
0.093856
0.093790
0.093724
0.093659
0.093594
0.093529
0.093465
0.093400
0.093337
0.093273
0.093210
0.093147
0.093085
0.093023
0.092961
0.092900
0.092838
0.092778
0.092717
0.092657
0.092597
0.092538
0.092478
0.092419
0.092361
0.092302
0.092244
0.092187
0.092129
0.092072
0.092015
0.091959
0.091902
0.091846
0.091791
0.091735
0.091680
0.091626
0.091571
0.091517
0.091463
0.091409
0.091356
0.091303
0.091250
0.091197
0.091145
0.091093
0.091041
0.090990
0.090939
0.090888
0.090837
0.090787
0.090736
0.090687
0.090637
0.090587
0.090538
0.090489
0.090441
0.090392
0.090344
0.090296
0.090249
0.090201
0.090154
0.090107
0.090061
0.090014
0.089968
0.089922
0.089876
0.089831
0.089785
0.089740
0.089696
0.089651
0.089607
0.089563
0.089519
0.089475
0.089432
0.089388
0.089345
0.089303
0.089260
0.089218
0.089175
0.089134
0.089092
0.089050
0.089009
0.088968
0.088927
0.088887
0.088846
0.088806
0.088766
0.088726
0.088686
0.088647
0.088608
0.088569
0.088530
0.088491
0.088453
0.088415
0.088376
0.088339
0.088301
0.088263
0.088226
0.088189
0.088152
0.088115
0.088079
0.088043
0.088006
0.087970
0.087935
0.087899
0.087863
0.087828
0.087793
0.087758
0.087723
0.087689
0.087655
0.087620
0.087586
0.087552
0.087519
0.087485
0.087452
0.087419
0.087386
0.087353
0.087320
0.087288
0.087255
0.087223
0.087191
0.087159
0.087127
0.087096
0.087064
0.087033
0.087002
0.086971
0.086940
0.086910
0.086879
0.086849
0.086819
0.086789
0.086759
0.086729
0.086700
0.086670
0.086641
0.086612
0.086583
0.086554
0.086525
0.086497
0.086468
0.086440
0.086412
0.086384
0.086356
0.086329
0.086301
0.086274
0.086246
0.086219
0.086192
0.086165
0.086139
0.086112
0.086085
0.086059
0.086033
0.086007
0.085981
0.085955
0.085929
0.085904
0.085878
0.085853
0.085828
0.085803
0.085778
0.085753
0.085728
0.085704
0.085679
0.085655
0.085631
0.085607
0.085583
0.085559
0.085535
0.085512
0.085488
0.085465
0.085442
0.085418
0.085395
0.085373
0.085350
0.085327
0.085305
0.085282
0.085260
0.085238
0.085215
0.085193
0.085171
0.085150
0.085128
0.085107
0.085085
0.085064
0.085042
0.085021
0.085000
0.084979
0.084958
0.084938
0.084917
0.084897
0.084876
0.084856
0.084836
0.084816
0.084795
0.084776
0.084756
0.084736
0.084716
0.084697
0.084678
0.084658
0.084639
0.084620
0.084601
0.084582
0.084563
0.084544
0.084526
0.084507
0.084488
0.084470
0.084452
0.084434
0.084415
0.084397
0.084379
0.084362
0.084344
0.084326
0.084309
0.084291
0.084274
0.084256
0.084239
0.084222
0.084205
0.084188
0.084171
0.084154
0.084138
0.084121
0.084104
0.084088
0.084071
0.084055
0.084039
0.084023
0.084007
0.083991
0.083975
0.083959
0.083943
0.083927
0.083912
0.083896
0.083881
0.083865
0.083850
0.083835
0.083820
0.083805
0.083790
0.083775
0.083760
0.083745
0.083730
0.083716
0.083701
0.083687
0.083672
0.083658
0.083644
0.083630
0.083615
0.083601
0.083588
0.083574
0.083560
0.083546
0.083532
