0.121300
0.121452
0.122070
0.123497
0.126553
0.135584
0.562747
0.572449
0.581463
0.628186
0.697660
0.810899
0.954595
1.084590
1.186760
1.262130
1.316200
1.354890
1.383330
1.405390
1.423390
1.438220
1.449760
1.457840
1.462830
1.465690
1.467360
1.468510
1.469450
1.470320
1.471130
1.471850
1.472470
1.472970
1.473350
1.473590
1.473700
1.473670
1.473510
1.473230
1.472810
1.472260
1.471590
1.470790
1.469880
1.468840
1.467680
1.466400
1.465020
1.463520
1.461910
1.460200
1.458390
1.456470
1.454460
1.452350
1.450150
1.447860
1.445480
1.443010
1.440460
1.437830
1.435120
1.432330
1.429460
1.426520
1.423510
1.420420
1.417270
1.414050
1.410770
1.407420
1.404010
1.400540
1.397010
1.393420
1.389780
1.386090
1.382340
1.378540
1.374690
1.370790
1.366840
1.362850
1.358810
1.354730
1.350610
1.346450
1.342250
1.338010
1.333730
1.329420
1.325070
1.320680
1.316270
1.311820
1.307340
1.302830
1.298300
1.293730
1.289140
1.284520
1.279880
1.275210
1.270520
1.265810
1.261070
1.256320
1.251540
1.246750
1.241930
1.237100
1.232250
1.227390
1.222510
1.217610
1.212710
1.207780
1.202850
1.197900
1.192940
1.187980
1.183000
1.178010
1.173010
1.168000
1.162990
1.157970
1.152940
1.147900
1.142860
1.137820
1.132770
1.127710
1.122660
1.117600
1.112530
1.107470
1.102400
1.097330
1.092260
1.087190
1.082120
1.077050
1.071980
1.066920
1.061850
1.056790
1.051730
1.046670
1.041610
1.036560
1.031510
1.026470
1.021430
1.016400
1.011370
1.006350
1.001340
0.996327
0.991325
0.986329
0.981342
0.976362
0.971390
0.966427
0.961472
0.956526
0.951590
0.946663
0.941746
0.936839
0.931943
0.927058
0.922183
0.917320
0.912468
0.907628
0.902801
0.897985
0.893182
0.888392
0.883615
0.878852
0.874102
0.869365
0.864643
0.859935
0.855242
0.850563
0.845900
0.841251
0.836618
0.832000
0.827398
0.822813
0.818243
0.813690
0.809153
0.804633
0.800130
0.795645
0.791176
0.786725
0.782292
0.777876
0.773479
0.769100
0.764739
0.760396
0.756072
0.751767
0.747481
0.743214
0.738966
0.734737
0.730528
0.726338
0.722169
0.718018
0.713888
0.709778
0.705688
0.701618
0.697569
0.693540
0.689532
0.685544
0.681577
0.677630
0.673705
0.669800
0.665917
0.662054
0.658213
0.654393
0.650594
0.646817
0.643061
0.639326
0.635612
0.631920
0.628250
0.624601
0.620974
0.617368
0.613784
0.610222
0.606681
0.603162
0.599664
0.596188
0.592734
0.589302
0.585891
0.582501
0.579134
0.575788
0.572463
0.569161
0.565879
0.562620
0.559381
0.556165
0.552969
0.549795
0.546643
0.543511
0.540401
0.537313
0.534245
0.531199
0.528173
0.525169
0.522185
0.519223
0.516281
0.513360
0.510459
0.507580
0.504721
0.501882
0.499064
0.496266
0.493488
0.490730
0.487993
0.485275
0.482578
0.479900
0.477242
0.474603
0.471984
0.469385
0.466805
0.464244
0.461702
0.459180
0.456676
0.454192
0.451726
0.449278
0.446850
0.444439
0.442047
0.439674
0.437318
0.434981
0.432661
0.430360
0.428076
0.425809
0.423561
0.421329
0.419115
0.416918
0.414738
0.412575
0.410429
0.408300
0.406187
0.404091
0.402011
0.399947
0.397900
0.395868
0.393853
0.391853
0.389870
0.387901
0.385948
0.384011
0.382089
0.380182
0.378290
0.376413
0.374551
0.372703
0.370871
0.369052
0.367248
0.365458
0.363683
0.361921
0.360174
0.358440
0.356720
0.355013
0.353320
0.351641
0.349974
0.348321
0.346681
0.345054
0.343440
0.341838
0.340250
0.338673
0.337110
0.335558
0.334019
0.332492
0.330977
0.329473
0.327982
0.326503
0.325035
0.323578
0.322133
0.320700
0.319277
0.317866
0.316466
0.315076
0.313698
0.312330
0.310973
0.309627
0.308291
0.306966
0.305650
0.304345
0.303051
0.301766
0.300491
0.299226
0.297971
0.296725
0.295489
0.294263
0.293046
0.291838
0.290640
0.289451
0.288271
0.287100
0.285938
0.284784
0.283640
0.282504
0.281377
0.280258
0.279148
0.278046
0.276953
0.275868
0.274791
0.273722
0.272661
0.271608
0.270562
0.269525
0.268495
0.267474
0.266459
0.265452
0.264453
0.263461
0.262476
0.261499
0.260528
0.259565
0.258609
0.257660
0.256718
0.255782
0.254854
0.253932
0.253017
0.252108
0.251206
0.250311
0.249422
0.248539
0.247663
0.246792
0.245929
0.245071
0.244219
0.243374
0.242534
0.241700
0.240872
0.240050
0.239234
0.238424
0.237619
0.236820
0.236026
0.235238
0.234455
0.233678
0.232906
0.232140
0.231379
0.230623
0.229872
0.229126
0.228386
0.227651
0.226920
0.226195
0.225475
0.224759
0.224048
0.223343
0.222642
0.221945
0.221254
0.220567
0.219885
0.219207
0.218534
0.217865
0.217201
0.216542
0.215887
0.215236
0.214589
0.213947
0.213310
0.212676
0.212047
0.211422
0.210801
0.210184
0.209571
0.208963
0.208358
0.207758
0.207162
0.206569
0.205981
0.205396
0.204815
0.204239
0.203666
0.203096
0.202531
0.201970
0.201412
0.200858
0.200307
0.199760
0.199217
0.198678
0.198142
0.197610
0.197081
0.196556
0.196034
0.195516
0.195001
0.194490
0.193982
0.193477
0.192976
0.192479
0.191984
0.191493
0.191005
0.190521
0.190039
0.189561
0.189087
0.188615
0.188147
0.187681
0.187219
0.186760
0.186304
0.185851
0.185401
0.184955
0.184511
0.184070
0.183632
0.183197
0.182766
0.182337
0.181911
0.181487
0.181067
0.180650
0.180235
0.179823
0.179414
0.179008
0.178604
0.178203
0.177805
0.177410
0.177017
0.176627
0.176240
0.175855
0.175473
0.175094
0.174717
0.174342
0.173971
0.173601
0.173235
0.172870
0.172508
0.172149
0.171792
0.171438
0.171086
0.170736
0.170389
0.170044
0.169701
0.169361
0.169023
0.168687
0.168354
0.168023
0.167694
0.167368
0.167043
0.166721
0.166401
0.166083
0.165768
0.165454
0.165143
0.164834
0.164526
0.164221
0.163918
0.163617
0.163319
0.163022
0.162727
0.162434
0.162143
0.161854
0.161567
0.161282
0.160999
0.160718
0.160439
0.160162
0.159886
0.159613
0.159341
0.159071
0.158803
0.158537
0.158272
0.158010
0.157749
0.157490
0.157232
0.156976
0.156723
0.156470
0.156220
0.155971
0.155724
0.155478
0.155234
0.154992
0.154752
0.154513
0.154275
0.154040
0.153805
0.153573
0.153342
0.153112
0.152884
0.152658
0.152433
0.152210
0.151988
0.151767
0.151548
0.151331
0.151115
0.150900
0.150687
0.150475
0.150265
0.150056
0.149849
0.149643
0.149438
0.149234
0.149032
0.148832
0.148632
0.148434
0.148238
0.148042
0.147848
0.147655
0.147464
0.147273
0.147084
0.146897
0.146710
0.146525
0.146341
0.146158
0.145976
0.145796
0.145617
0.145439
0.145262
0.145086
0.144912
0.144738
0.144566
0.144395
0.144225
0.144056
0.143888
0.143722
0.143556
0.143391
0.143228
0.143066
0.142905
0.142744
0.142585
0.142427
0.142270
0.142114
0.141959
0.141805
0.141652
0.141500
0.141349
0.141199
0.141050
0.140902
0.140755
0.140609
0.140464
0.140319
0.140176
0.140034
0.139892
0.139752
0.139612
0.139474
0.139336
0.139199
0.139063
0.138928
0.138794
0.138660
0.138528
0.138396
0.138266
0.138136
0.138007
0.137878
0.137751
0.137624
0.137499
0.137374
0.137250
0.137126
0.137004
0.136882
0.136761
0.136641
0.136521
0.136403
0.136285
0.136168
0.136052
0.135936
0.135821
0.135707
0.135594
0.135481
0.135369
0.135258
0.135148
0.135038
0.134929
0.134820
0.134713
0.134606
0.134500
0.134394
0.134289
0.134185
0.134081
0.133978
0.133876
0.133775
0.133674
0.133573
0.133474
0.133375
0.133276
0.133179
0.133082
0.132985
0.132889
0.132794
0.132699
0.132605
0.132512
0.132419
0.132327
0.132235
0.132144
0.132054
0.131964
0.131875
0.131786
0.131698
0.131610
0.131523
0.131437
0.131351
0.131265
0.131181
0.131096
0.131012
0.130929
0.130847
0.130764
0.130683
0.130602
0.130521
0.130441
0.130361
0.130282
0.130204
0.130126
0.130048
0.129971
0.129895
0.129819
0.129743
0.129668
0.129593
0.129519
0.129445
0.129372
0.129299
0.129227
0.129155
0.129084
0.129013
0.128943
0.128873
0.128803
0.128734
0.128665
0.128597
0.128529
0.128462
0.128395
0.128329
0.128262
0.128197
0.128132
0.128067
0.128002
0.127938
0.127875
0.127812
0.127749
0.127686
0.127624
0.127563
0.127502
0.127441
0.127380
0.127320
0.127261
0.127201
0.127143
0.127084
0.127026
0.126968
0.126911
0.126854
0.126797
0.126741
0.126685
0.126629
0.126574
0.126519
0.126465
0.126411
0.126357
0.126303
0.126250
0.126197
0.126145
0.126093
0.126041
0.125989
0.125938
0.125888
0.125837
0.125787
0.125737
0.125688
0.125638
0.125590
0.125541
0.125493
0.125445
0.125397
0.125350
0.125303
0.125256
0.125210
0.125164
0.125118
0.125072
0.125027
0.124982
0.124937
0.124893
0.124849
0.124805
0.124762
0.124718
0.124675
0.124633
0.124590
0.124548
0.124506
0.124465
0.124423
0.124382
0.124341
0.124301
0.124261
0.124221
0.124181
0.124141
0.124102
0.124063
0.124025
0.123986
0.123948
0.123910
0.123872
0.123835
0.123797
0.123760
0.123724
0.123687
0.123651
0.123615
0.123579
0.123543
0.123508
0.123473
0.123438
0.123403
0.123369
0.123335
0.123301
0.123267
0.123233
0.123200
0.123167
0.123134
0.123101
0.123069
0.123037
0.123005
0.122973
0.122941
0.122910
0.122879
0.122848
0.122817
0.122786
0.122756
0.122726
0.122696
0.122666
0.122636
0.122607
0.122578
0.122549
0.122520
0.122491
0.122463
0.122435
0.122407
0.122379
0.122351
0.122324
0.122296
0.122269
0.122242
0.122215
0.122189
0.122162
0.122136
0.122110
0.122084
0.122058
0.122033
0.122008
0.121982
0.121957
0.121932
0.121908
0.121883
0.121859
0.121835
0.121811
0.121787
0.121763
0.121739
0.121716
0.121693
0.121670
0.121647
0.121624
0.121601
0.121579
0.121557
0.121534
0.121512
0.121491
0.121469
0.121447
0.121426
0.121405
0.121384
0.121363
0.121342
0.121321
0.121301
0.121453
0.122071
0.123498
0.126553
0.135585
0.562823
0.572527
0.581534
0.628249
0.697721
0.810975
0.954665
1.084650
1.186810
1.262180
1.316240
1.354930
1.383370
1.405420
1.423420
1.438240
1.449790
1.457860
1.462860
1.465710
1.467380
1.468530
1.469480
1.470350
1.471160
1.471880
1.472510
1.473010
1.473380
1.473620
1.473730
1.473710
1.473550
1.473260
1.472850
1.472300
1.471630
1.470830
1.469920
1.468880
1.467720
1.466450
1.465060
1.463560
1.461960
1.460250
1.458430
1.456520
1.454510
1.452400
1.450200
1.447910
1.445530
1.443060
1.440510
1.437880
1.435170
1.432370
1.429510
1.426570
1.423550
1.420470
1.417320
1.414100
1.410820
1.407470
1.404060
1.400590
1.397060
1.393480
1.389830
1.386140
1.382390
1.378590
1.374740
1.370840
1.366890
1.362900
1.358870
1.354790
1.350670
1.346500
1.342300
1.338060
1.333780
1.329470
1.325120
1.320740
1.316320
1.311880
1.307400
1.302890
1.298350
1.293790
1.289200
1.284580
1.279940
1.275270
1.270580
1.265860
1.261130
1.256370
1.251600
1.246800
1.241990
1.237160
1.232310
1.227450
1.222570
1.217670
1.212760
1.207840
1.202910
1.197960
1.193000
1.188030
1.183050
1.178060
1.173070
1.168060
1.163050
1.158020
1.153000
1.147960
1.142920
1.137880
1.132830
1.127770
1.122710
1.117650
1.112590
1.107520
1.102460
1.097390
1.092320
1.087250
1.082180
1.077110
1.072040
1.066970
1.061910
1.056840
1.051780
1.046730
1.041670
1.036620
1.031570
1.026530
1.021490
1.016460
1.011430
1.006410
1.001390
0.996384
0.991382
0.986387
0.981399
0.976419
0.971447
0.966484
0.961529
0.956583
0.951647
0.946720
0.941803
0.936896
0.932000
0.927114
0.922239
0.917376
0.912524
0.907684
0.902856
0.898041
0.893238
0.888448
0.883671
0.878907
0.874157
0.869421
0.864698
0.859990
0.855297
0.850618
0.845954
0.841306
0.836672
0.832054
0.827453
0.822867
0.818297
0.813743
0.809207
0.804687
0.800184
0.795698
0.791229
0.786778
0.782345
0.777929
0.773531
0.769152
0.764791
0.760448
0.756124
0.751819
0.747532
0.743265
0.739017
0.734788
0.730579
0.726389
0.722219
0.718069
0.713938
0.709828
0.705738
0.701668
0.697618
0.693589
0.689580
0.685592
0.681625
0.677679
0.673753
0.669848
0.665965
0.662102
0.658260
0.654440
0.650641
0.646863
0.643107
0.639372
0.635658
0.631966
0.628296
0.624647
0.621019
0.617413
0.613829
0.610266
0.606725
0.603206
0.599708
0.596232
0.592778
0.589345
0.585934
0.582544
0.579176
0.575830
0.572506
0.569203
0.565921
0.562661
0.559423
0.556206
0.553010
0.549836
0.546683
0.543552
0.540442
0.537352
0.534285
0.531238
0.528212
0.525208
0.522224
0.519261
0.516319
0.513398
0.510497
0.507617
0.504758
0.501919
0.499100
0.496302
0.493524
0.490767
0.488029
0.485311
0.482613
0.479935
0.477277
0.474638
0.472019
0.469419
0.466839
0.464278
0.461736
0.459213
0.456710
0.454225
0.451758
0.449311
0.446882
0.444472
0.442080
0.439706
0.437350
0.435012
0.432693
0.430391
0.428107
0.425840
0.423591
0.421359
0.419145
0.416948
0.414768
0.412605
0.410458
0.408329
0.406216
0.404119
0.402039
0.399976
0.397928
0.395896
0.393881
0.391881
0.389897
0.387929
0.385976
0.384038
0.382116
0.380209
0.378317
0.376439
0.374577
0.372729
0.370896
0.369078
0.367274
0.365484
0.363708
0.361946
0.360198
0.358464
0.356744
0.355038
0.353344
0.351665
0.349998
0.348345
0.346705
0.345078
0.343463
0.341862
0.340273
0.338696
0.337132
0.335581
0.334041
0.332514
0.330999
0.329495
0.328004
0.326524
0.325056
0.323600
0.322154
0.320721
0.319298
0.317887
0.316486
0.315097
0.313718
0.312351
0.310994
0.309647
0.308311
0.306985
0.305670
0.304365
0.303070
0.301785
0.300510
0.299245
0.297990
0.296744
0.295508
0.294282
0.293065
0.291857
0.290658
0.289469
0.288289
0.287118
0.285955
0.284802
0.283657
0.282521
0.281394
0.280275
0.279165
0.278063
0.276970
0.275884
0.274807
0.273738
0.272677
0.271624
0.270579
0.269541
0.268512
0.267489
0.266475
0.265468
0.264468
0.263476
0.262492
0.261514
0.260544
0.259580
0.258624
0.257675
0.256733
0.255797
0.254868
0.253947
0.253031
0.252123
0.251221
0.250325
0.249436
0.248553
0.247677
0.246807
0.245943
0.245085
0.244233
0.243387
0.242548
0.241714
0.240886
0.240064
0.239248
0.238437
0.237632
0.236833
0.236039
0.235251
0.234468
0.233691
0.232919
0.232153
0.231391
0.230635
0.229885
0.229139
0.228398
0.227663
0.226933
0.226207
0.225487
0.224771
0.224060
0.223354
0.222653
0.221957
0.221265
0.220578
0.219896
0.219218
0.218545
0.217877
0.217213
0.216553
0.215898
0.215247
0.214600
0.213958
0.213320
0.212687
0.212058
0.211432
0.210811
0.210195
0.209582
0.208973
0.208369
0.207768
0.207172
0.206579
0.205991
0.205406
0.204825
0.204249
0.203676
0.203106
0.202541
0.201979
0.201421
0.200867
0.200317
0.199770
0.199227
0.198687
0.198151
0.197619
0.197090
0.196565
0.196043
0.195525
0.195010
0.194499
0.193991
0.193486
0.192985
0.192487
0.191993
0.191502
0.191014
0.190529
0.190048
0.189570
0.189095
0.188623
0.188155
0.187690
0.187227
0.186768
0.186312
0.185859
0.185410
0.184963
0.184519
0.184078
0.183640
0.183205
0.182773
0.182344
0.181918
0.181495
0.181075
0.180657
0.180242
0.179831
0.179422
0.179015
0.178612
0.178211
0.177813
0.177417
0.177025
0.176635
0.176247
0.175862
0.175480
0.175101
0.174724
0.174349
0.173978
0.173608
0.173241
0.172877
0.172515
0.172156
0.171799
0.171444
0.171092
0.170743
0.170395
0.170050
0.169708
0.169367
0.169029
0.168694
0.168360
0.168029
0.167700
0.167374
0.167049
0.166727
0.166407
0.166089
0.165774
0.165460
0.165149
0.164840
0.164532
0.164227
0.163924
0.163623
0.163324
0.163027
0.162733
0.162440
0.162149
0.161860
0.161573
0.161288
0.161005
0.160724
0.160444
0.160167
0.159892
0.159618
0.159346
0.159076
0.158808
0.158542
0.158277
0.158015
0.157754
0.157495
0.157237
0.156982
0.156728
0.156475
0.156225
0.155976
0.155729
0.155483
0.155239
0.154997
0.154756
0.154518
0.154280
0.154044
0.153810
0.153578
0.153346
0.153117
0.152889
0.152663
0.152438
0.152214
0.151992
0.151772
0.151553
0.151335
0.151119
0.150905
0.150692
0.150480
0.150269
0.150061
0.149853
0.149647
0.149442
0.149239
0.149037
0.148836
0.148637
0.148438
0.148242
0.148046
0.147852
0.147659
0.147468
0.147277
0.147088
0.146901
0.146714
0.146529
0.146345
0.146162
0.145980
0.145800
0.145621
0.145442
0.145266
0.145090
0.144915
0.144742
0.144570
0.144398
0.144228
0.144060
0.143892
0.143725
0.143560
0.143395
0.143232
0.143069
0.142908
0.142748
0.142589
0.142431
0.142273
0.142117
0.141962
0.141808
0.141655
0.141503
0.141352
0.141202
0.141053
0.140905
0.140758
0.140612
0.140467
0.140323
0.140179
0.140037
0.139896
0.139755
0.139615
0.139477
0.139339
0.139202
0.139066
0.138931
0.138797
0.138663
0.138531
0.138399
0.138269
0.138139
0.138010
0.137881
0.137754
0.137627
0.137502
0.137377
0.137252
0.137129
0.137007
0.136885
0.136764
0.136644
0.136524
0.136406
0.136288
0.136171
0.136054
0.135939
0.135824
0.135710
0.135596
0.135484
0.135372
0.135261
0.135150
0.135040
0.134931
0.134823
0.134715
0.134608
0.134502
0.134397
0.134292
0.134187
0.134084
0.133981
0.133879
0.133777
0.133676
0.133576
0.133476
0.133377
0.133279
0.133181
0.133084
0.132988
0.132892
0.132796
0.132702
0.132608
0.132514
0.132422
0.132329
0.132238
0.132147
0.132056
0.131966
0.131877
0.131788
0.131700
0.131612
0.131525
0.131439
0.131353
0.131268
0.131183
0.131098
0.131015
0.130931
0.130849
0.130767
0.130685
0.130604
0.130523
0.130443
0.130364
0.130284
0.130206
0.130128
0.130050
0.129973
0.129897
0.129821
0.129745
0.129670
0.129595
0.129521
0.129447
0.129374
0.129301
0.129229
0.129157
0.129086
0.129015
0.128945
0.128875
0.128805
0.128736
0.128667
0.128599
0.128531
0.128464
0.128397
0.128330
0.128264
0.128199
0.128133
0.128069
0.128004
0.127940
0.127877
0.127813
0.127751
0.127688
0.127626
0.127565
0.127503
0.127443
0.127382
0.127322
0.127262
0.127203
0.127144
0.127086
0.127028
0.126970
0.126913
0.126855
0.126799
0.126743
0.126687
0.126631
0.126576
0.126521
0.126466
0.126412
0.126358
0.126305
0.126252
0.126199
0.126146
0.126094
0.126043
0.125991
0.125940
0.125889
0.125839
0.125788
0.125739
0.125689
0.125640
0.125591
0.125542
0.125494
0.125446
0.125399
0.125351
0.125304
0.125258
0.125211
0.125165
0.125119
0.125074
0.125028
0.124983
0.124939
0.124894
0.124850
0.124806
0.124763
0.124720
0.124677
0.124634
0.124592
0.124550
0.124508
0.124466
0.124425
0.124384
0.124343
0.124302
0.124262
0.124222
0.124182
0.124143
0.124104
0.124065
0.124026
0.123987
0.123949
0.123911
0.123873
0.123836
0.123799
0.123762
0.123725
0.123688
0.123652
0.123616
0.123580
0.123545
0.123509
0.123474
0.123439
0.123405
0.123370
0.123336
0.123302
0.123268
0.123235
0.123201
0.123168
0.123135
0.123103
0.123070
0.123038
0.123006
0.122974
0.122943
0.122911
0.122880
0.122849
0.122818
0.122788
0.122757
0.122727
0.122697
0.122667
0.122638
0.122608
0.122579
0.122550
0.122521
0.122493
0.122464
0.122436
0.122408
0.122380
0.122352
0.122325
0.122297
0.122270
0.122243
0.122217
0.122190
0.122164
0.122137
0.122111
0.122085
0.122060
0.122034
0.122009
0.121983
0.121958
0.121934
0.121909
0.121884
0.121860
0.121836
0.121812
0.121788
0.121764
0.121741
0.121717
0.121694
0.121671
0.121648
0.121625
0.121602
0.121580
0.121558
0.121536
0.121514
0.121492
0.121470
0.121448
0.121427
0.121406
0.121385
0.121364
0.121343
0.121322
0.121302
0.121454
0.122072
0.123499
0.126556
0.135591
0.562739
0.572391
0.581421
0.628154
0.697638
0.810886
0.954587
1.084580
1.186760
1.262140
1.316210
1.354890
1.383330
1.405390
1.423400
1.438220
1.449770
1.457840
1.462840
1.465690
1.467370
1.468520
1.469470
1.470340
1.471150
1.471870
1.472490
1.472990
1.473370
1.473610
1.473720
1.473690
1.473540
1.473250
1.472830
1.472290
1.471610
1.470820
1.469900
1.468860
1.467700
1.466430
1.465040
1.463550
1.461940
1.460230
1.458410
1.456500
1.454490
1.452380
1.450180
1.447890
1.445510
1.443040
1.440490
1.437860
1.435150
1.432350
1.429490
1.426550
1.423530
1.420450
1.417300
1.414080
1.410800
1.407450
1.404040
1.400570
1.397040
1.393450
1.389810
1.386120
1.382370
1.378570
1.374720
1.370820
1.366870
1.362880
1.358840
1.354770
1.350640
1.346480
1.342280
1.338040
1.333760
1.329450
1.325100
1.320720
1.316300
1.311860
1.307380
1.302870
1.298330
1.293770
1.289170
1.284560
1.279910
1.275250
1.270560
1.265840
1.261110
1.256350
1.251580
1.246780
1.241970
1.237140
1.232290
1.227420
1.222550
1.217650
1.212740
1.207820
1.202890
1.197940
1.192980
1.188010
1.183030
1.178040
1.173040
1.168040
1.163020
1.158000
1.152970
1.147940
1.142900
1.137850
1.132800
1.127750
1.122690
1.117630
1.112570
1.107500
1.102440
1.097370
1.092300
1.087230
1.082160
1.077090
1.072020
1.066950
1.061890
1.056820
1.051760
1.046700
1.041650
1.036600
1.031550
1.026510
1.021470
1.016440
1.011410
1.006390
1.001370
0.996365
0.991362
0.986367
0.981380
0.976400
0.971428
0.966464
0.961510
0.956564
0.951628
0.946701
0.941784
0.936877
0.931981
0.927095
0.922221
0.917358
0.912506
0.907666
0.902838
0.898023
0.893220
0.888430
0.883653
0.878889
0.874139
0.869403
0.864681
0.859973
0.855280
0.850601
0.845937
0.841289
0.836655
0.832038
0.827436
0.822850
0.818280
0.813727
0.809190
0.804670
0.800167
0.795682
0.791213
0.786762
0.782329
0.777913
0.773516
0.769136
0.764775
0.760433
0.756109
0.751804
0.747517
0.743250
0.739002
0.734773
0.730564
0.726374
0.722204
0.718054
0.713924
0.709814
0.705724
0.701654
0.697604
0.693575
0.689567
0.685579
0.681612
0.677665
0.673740
0.669835
0.665951
0.662089
0.658248
0.654428
0.650629
0.646851
0.643095
0.639360
0.635646
0.631954
0.628284
0.624635
0.621007
0.617401
0.613817
0.610255
0.606714
0.603194
0.599697
0.596221
0.592766
0.589334
0.585923
0.582533
0.579166
0.575820
0.572495
0.569192
0.565911
0.562651
0.559412
0.556196
0.553000
0.549826
0.546673
0.543542
0.540432
0.537343
0.534275
0.531228
0.528203
0.525198
0.522215
0.519252
0.516310
0.513389
0.510488
0.507609
0.504749
0.501910
0.499092
0.496294
0.493516
0.490758
0.488020
0.485303
0.482605
0.479927
0.477269
0.474630
0.472011
0.469412
0.466831
0.464270
0.461729
0.459206
0.456702
0.454217
0.451751
0.449304
0.446875
0.444465
0.442073
0.439699
0.437343
0.435006
0.432686
0.430384
0.428100
0.425834
0.423585
0.421353
0.419139
0.416942
0.414762
0.412599
0.410452
0.408323
0.406210
0.404114
0.402034
0.399970
0.397922
0.395891
0.393875
0.391876
0.389892
0.387923
0.385970
0.384033
0.382110
0.380203
0.378311
0.376434
0.374572
0.372724
0.370891
0.369073
0.367269
0.365479
0.363703
0.361942
0.360194
0.358460
0.356740
0.355033
0.353340
0.351660
0.349994
0.348341
0.346701
0.345074
0.343459
0.341858
0.340269
0.338692
0.337128
0.335577
0.334037
0.332510
0.330995
0.329492
0.328000
0.326521
0.325053
0.323596
0.322151
0.320717
0.319295
0.317883
0.316483
0.315094
0.313715
0.312347
0.310990
0.309644
0.308308
0.306982
0.305667
0.304362
0.303067
0.301782
0.300507
0.299242
0.297987
0.296741
0.295505
0.294279
0.293062
0.291854
0.290656
0.289466
0.288286
0.287115
0.285953
0.284799
0.283655
0.282519
0.281392
0.280273
0.279163
0.278061
0.276967
0.275882
0.274805
0.273736
0.272675
0.271622
0.270576
0.269539
0.268509
0.267487
0.266473
0.265466
0.264466
0.263474
0.262489
0.261512
0.260541
0.259578
0.258622
0.257673
0.256730
0.255795
0.254866
0.253945
0.253029
0.252121
0.251219
0.250323
0.249434
0.248551
0.247675
0.246805
0.245941
0.245083
0.244231
0.243385
0.242546
0.241712
0.240884
0.240062
0.239246
0.238435
0.237630
0.236831
0.236037
0.235249
0.234467
0.233689
0.232918
0.232151
0.231390
0.230634
0.229883
0.229137
0.228397
0.227661
0.226931
0.226206
0.225485
0.224770
0.224059
0.223353
0.222652
0.221956
0.221264
0.220577
0.219895
0.219217
0.218544
0.217875
0.217211
0.216552
0.215896
0.215246
0.214599
0.213957
0.213319
0.212686
0.212056
0.211431
0.210810
0.210194
0.209581
0.208972
0.208368
0.207767
0.207171
0.206578
0.205990
0.205405
0.204824
0.204248
0.203675
0.203105
0.202540
0.201978
0.201420
0.200866
0.200316
0.199769
0.199226
0.198686
0.198150
0.197618
0.197089
0.196564
0.196042
0.195524
0.195009
0.194498
0.193990
0.193485
0.192984
0.192487
0.191992
0.191501
0.191013
0.190529
0.190047
0.189569
0.189094
0.188623
0.188154
0.187689
0.187227
0.186768
0.186312
0.185859
0.185409
0.184962
0.184518
0.184077
0.183640
0.183205
0.182773
0.182344
0.181918
0.181494
0.181074
0.180657
0.180242
0.179830
0.179421
0.179015
0.178611
0.178210
0.177812
0.177417
0.177024
0.176634
0.176247
0.175862
0.175480
0.175100
0.174723
0.174349
0.173977
0.173608
0.173241
0.172877
0.172515
0.172155
0.171798
0.171444
0.171092
0.170742
0.170395
0.170050
0.169707
0.169367
0.169029
0.168693
0.168360
0.168029
0.167700
0.167373
0.167049
0.166727
0.166407
0.166089
0.165773
0.165460
0.165149
0.164839
0.164532
0.164227
0.163924
0.163623
0.163324
0.163027
0.162732
0.162440
0.162149
0.161860
0.161573
0.161288
0.161005
0.160724
0.160444
0.160167
0.159891
0.159618
0.159346
0.159076
0.158808
0.158542
0.158277
0.158015
0.157754
0.157494
0.157237
0.156981
0.156727
0.156475
0.156225
0.155976
0.155729
0.155483
0.155239
0.154997
0.154756
0.154517
0.154280
0.154044
0.153810
0.153578
0.153346
0.153117
0.152889
0.152663
0.152438
0.152214
0.151992
0.151772
0.151553
0.151335
0.151119
0.150905
0.150692
0.150480
0.150270
0.150061
0.149853
0.149647
0.149442
0.149239
0.149037
0.148836
0.148637
0.148439
0.148242
0.148046
0.147852
0.147659
0.147468
0.147278
0.147089
0.146901
0.146714
0.146529
0.146345
0.146162
0.145980
0.145800
0.145621
0.145443
0.145266
0.145090
0.144915
0.144742
0.144570
0.144399
0.144229
0.144060
0.143892
0.143725
0.143560
0.143395
0.143232
0.143069
0.142908
0.142748
0.142589
0.142431
0.142274
0.142118
0.141963
0.141809
0.141656
0.141504
0.141353
0.141203
0.141054
0.140906
0.140758
0.140612
0.140467
0.140323
0.140180
0.140037
0.139896
0.139755
0.139616
0.139477
0.139339
0.139202
0.139066
0.138931
0.138797
0.138664
0.138531
0.138400
0.138269
0.138139
0.138010
0.137882
0.137754
0.137628
0.137502
0.137377
0.137253
0.137129
0.137007
0.136885
0.136764
0.136644
0.136525
0.136406
0.136288
0.136171
0.136055
0.135939
0.135824
0.135710
0.135597
0.135484
0.135372
0.135261
0.135151
0.135041
0.134932
0.134823
0.134716
0.134609
0.134503
0.134397
0.134292
0.134188
0.134084
0.133981
0.133879
0.133777
0.133677
0.133576
0.133477
0.133378
0.133279
0.133182
0.133084
0.132988
0.132892
0.132797
0.132702
0.132608
0.132515
0.132422
0.132330
0.132238
0.132147
0.132057
0.131967
0.131877
0.131789
0.131700
0.131613
0.131526
0.131439
0.131353
0.131268
0.131183
0.131099
0.131015
0.130932
0.130849
0.130767
0.130685
0.130604
0.130524
0.130444
0.130364
0.130285
0.130206
0.130128
0.130051
0.129974
0.129897
0.129821
0.129745
0.129670
0.129596
0.129522
0.129448
0.129375
0.129302
0.129230
0.129158
0.129086
0.129016
0.128945
0.128875
0.128805
0.128736
0.128668
0.128599
0.128532
0.128464
0.128397
0.128331
0.128265
0.128199
0.128134
0.128069
0.128005
0.127941
0.127877
0.127814
0.127751
0.127689
0.127627
0.127565
0.127504
0.127443
0.127383
0.127323
0.127263
0.127204
0.127145
0.127086
0.127028
0.126970
0.126913
0.126856
0.126799
0.126743
0.126687
0.126632
0.126576
0.126521
0.126467
0.126413
0.126359
0.126305
0.126252
0.126199
0.126147
0.126095
0.126043
0.125992
0.125940
0.125890
0.125839
0.125789
0.125739
0.125690
0.125641
0.125592
0.125543
0.125495
0.125447
0.125399
0.125352
0.125305
0.125258
0.125212
0.125166
0.125120
0.125074
0.125029
0.124984
0.124939
0.124895
0.124851
0.124807
0.124764
0.124720
0.124677
0.124635
0.124592
0.124550
0.124508
0.124467
0.124425
0.124384
0.124343
0.124303
0.124263
0.124223
0.124183
0.124143
0.124104
0.124065
0.124026
0.123988
0.123950
0.123912
0.123874
0.123837
0.123799
0.123762
0.123726
0.123689
0.123653
0.123617
0.123581
0.123545
0.123510
0.123475
0.123440
0.123405
0.123371
0.123337
0.123303
0.123269
0.123235
0.123202
0.123169
0.123136
0.123103
0.123071
0.123039
0.123007
0.122975
0.122943
0.122912
0.122881
0.122850
0.122819
0.122788
0.122758
0.122728
0.122698
0.122668
0.122638
0.122609
0.122580
0.122551
0.122522
0.122493
0.122465
0.122436
0.122408
0.122381
0.122353
0.122325
0.122298
0.122271
0.122244
0.122217
0.122191
0.122164
0.122138
0.122112
0.122086
0.122060
0.122035
0.122009
0.121984
0.121959
0.121934
0.121909
0.121885
0.121861
0.121836
0.121812
0.121788
0.121765
0.121741
0.121718
0.121695
0.121671
0.121649
0.121626
0.121603
0.121581
0.121558
0.121536
0.121514
0.121492
0.121471
0.121449
0.121428
0.121406
0.121385
0.121364
0.121343
0.121323
0.121302
