1.53572e-07
1.53573e-07
1.53573e-07
1.53573e-07
1.53573e-07
1.53572e-07
1.53562e-07
1.53562e-07
1.53563e-07
1.53564e-07
1.53565e-07
1.53565e-07
1.53566e-07
1.53567e-07
1.53568e-07
1.53569e-07
1.53569e-07
1.5357e-07
1.5357e-07
1.5357e-07
1.53571e-07
1.53571e-07
1.53572e-07
1.53572e-07
1.53572e-07
1.53572e-07
1.53572e-07
1.53573e-07
1.53573e-07
1.53573e-07
1.53573e-07
1.53573e-07
1.53573e-07
1.53572e-07
1.53572e-07
1.53572e-07
1.53572e-07
1.53572e-07
1.53572e-07
1.53572e-07
1.53571e-07
1.53571e-07
1.53571e-07
1.53571e-07
1.53571e-07
1.5357e-07
1.5357e-07
1.5357e-07
1.5357e-07
1.5357e-07
1.53569e-07
1.53569e-07
1.53569e-07
1.53569e-07
1.53568e-07
1.53568e-07
1.53568e-07
1.53567e-07
1.53567e-07
1.53567e-07
1.53566e-07
1.53566e-07
1.53566e-07
1.53565e-07
1.53565e-07
1.53564e-07
1.53564e-07
1.53564e-07
1.53564e-07
1.53564e-07
1.53563e-07
1.53563e-07
1.53562e-07
1.53562e-07
1.53562e-07
1.53561e-07
1.53561e-07
1.53561e-07
1.5356e-07
1.5356e-07
1.53559e-07
1.53559e-07
1.53559e-07
1.53558e-07
1.53558e-07
1.53558e-07
1.53558e-07
1.53557e-07
1.53557e-07
1.53557e-07
1.53556e-07
1.53556e-07
1.53556e-07
1.53555e-07
1.53555e-07
1.53554e-07
1.53554e-07
1.53554e-07
1.53553e-07
1.53553e-07
1.53553e-07
1.53552e-07
1.53552e-07
1.53552e-07
1.53552e-07
1.53551e-07
1.53551e-07
1.53551e-07
1.5355e-07
1.5355e-07
1.5355e-07
1.53549e-07
1.53549e-07
1.53549e-07
1.53548e-07
1.53548e-07
1.53548e-07
1.53547e-07
1.53547e-07
1.53547e-07
1.53547e-07
1.53546e-07
1.53546e-07
1.53546e-07
1.53545e-07
1.53545e-07
1.53545e-07
1.53545e-07
1.53544e-07
1.53544e-07
1.53544e-07
1.53543e-07
1.53543e-07
1.53543e-07
1.53542e-07
1.53542e-07
1.53542e-07
1.53541e-07
1.53541e-07
1.53541e-07
1.53541e-07
1.53541e-07
1.5354e-07
1.5354e-07
1.5354e-07
1.5354e-07
1.53539e-07
1.53539e-07
1.53539e-07
1.53538e-07
1.53538e-07
1.53538e-07
1.53538e-07
1.53537e-07
1.53537e-07
1.53537e-07
1.53536e-07
1.53536e-07
1.53536e-07
1.53536e-07
1.53535e-07
1.53535e-07
1.53535e-07
1.53535e-07
1.53535e-07
1.53535e-07
1.53534e-07
1.53534e-07
1.53534e-07
1.53534e-07
1.53533e-07
1.53533e-07
1.53533e-07
1.53533e-07
1.53532e-07
1.53532e-07
1.53532e-07
1.53532e-07
1.53531e-07
1.53531e-07
1.53531e-07
1.53531e-07
1.53531e-07
1.5353e-07
1.5353e-07
1.5353e-07
1.5353e-07
1.53529e-07
1.53529e-07
1.53529e-07
1.53529e-07
1.53529e-07
1.53529e-07
1.53529e-07
1.53529e-07
1.53528e-07
1.53528e-07
1.53528e-07
1.53528e-07
1.53528e-07
1.53527e-07
1.53527e-07
1.53527e-07
1.53527e-07
1.53527e-07
1.53526e-07
1.53526e-07
1.53526e-07
1.53526e-07
1.53526e-07
1.53526e-07
1.53525e-07
1.53525e-07
1.53525e-07
1.53525e-07
1.53525e-07
1.53525e-07
1.53524e-07
1.53524e-07
1.53524e-07
1.53524e-07
1.53524e-07
1.53524e-07
1.53524e-07
1.53524e-07
1.53524e-07
1.53524e-07
1.53523e-07
1.53523e-07
1.53523e-07
1.53523e-07
1.53523e-07
1.53523e-07
1.53523e-07
1.53522e-07
1.53522e-07
1.53522e-07
1.53522e-07
1.53522e-07
1.53522e-07
1.53522e-07
1.53522e-07
1.53521e-07
1.53521e-07
1.53521e-07
1.53521e-07
1.53521e-07
1.53521e-07
1.53521e-07
1.53521e-07
1.53521e-07
1.5352e-07
1.5352e-07
1.5352e-07
1.5352e-07
1.5352e-07
1.5352e-07
1.5352e-07
1.5352e-07
1.5352e-07
1.5352e-07
1.53519e-07
1.53519e-07
1.53519e-07
1.53519e-07
1.53519e-07
1.53519e-07
1.53519e-07
1.53519e-07
1.53519e-07
1.53519e-07
1.53519e-07
1.53519e-07
1.53518e-07
1.53518e-07
1.53518e-07
1.53518e-07
1.53518e-07
1.53518e-07
1.53518e-07
1.53518e-07
1.53518e-07
1.53518e-07
1.53518e-07
1.53518e-07
1.53518e-07
1.53518e-07
1.53518e-07
1.53518e-07
1.53518e-07
1.53518e-07
1.53518e-07
1.53518e-07
1.53518e-07
1.53518e-07
1.53518e-07
1.53518e-07
1.53518e-07
1.53517e-07
1.53517e-07
1.53517e-07
1.53517e-07
1.53517e-07
1.53517e-07
1.53517e-07
1.53517e-07
1.53517e-07
1.53517e-07
1.53517e-07
1.53517e-07
1.53517e-07
1.53517e-07
1.53517e-07
1.53517e-07
1.53517e-07
1.53517e-07
1.53517e-07
1.53517e-07
1.53517e-07
1.53517e-07
1.53517e-07
1.53517e-07
1.53517e-07
1.53517e-07
1.53517e-07
1.53517e-07
1.53517e-07
1.53517e-07
1.53517e-07
1.53517e-07
1.53517e-07
1.53517e-07
1.53517e-07
1.53517e-07
1.53517e-07
1.53517e-07
1.53517e-07
1.53517e-07
1.53517e-07
1.53517e-07
1.53517e-07
1.53517e-07
1.53517e-07
1.53517e-07
1.53517e-07
1.53517e-07
1.53517e-07
1.53517e-07
1.53517e-07
1.53517e-07
1.53517e-07
1.53517e-07
1.53517e-07
1.53517e-07
1.53517e-07
1.53517e-07
1.53517e-07
1.53517e-07
1.53517e-07
1.53517e-07
1.53517e-07
1.53517e-07
1.53517e-07
1.53517e-07
1.53517e-07
1.53517e-07
1.53517e-07
1.53517e-07
1.53517e-07
1.53517e-07
1.53517e-07
1.53517e-07
1.53517e-07
1.53517e-07
1.53517e-07
1.53517e-07
1.53517e-07
1.53517e-07
1.53517e-07
1.53517e-07
1.53517e-07
1.53517e-07
1.53517e-07
1.53517e-07
1.53517e-07
1.53517e-07
1.53517e-07
1.53517e-07
1.53517e-07
1.53517e-07
1.53517e-07
1.53517e-07
1.53517e-07
1.53517e-07
1.53518e-07
1.53518e-07
1.53518e-07
1.53518e-07
1.53518e-07
1.53518e-07
1.53518e-07
1.53518e-07
1.53518e-07
1.53518e-07
1.53518e-07
1.53518e-07
1.53518e-07
1.53518e-07
1.53518e-07
1.53518e-07
1.53518e-07
1.53518e-07
1.53518e-07
1.53518e-07
1.53518e-07
1.53518e-07
1.53518e-07
1.53518e-07
1.53518e-07
1.53518e-07
1.53518e-07
1.53518e-07
1.53518e-07
1.53518e-07
1.53518e-07
1.53518e-07
1.53518e-07
1.53518e-07
1.53518e-07
1.53519e-07
1.53519e-07
1.53519e-07
1.53519e-07
1.53519e-07
1.53519e-07
1.53519e-07
1.53519e-07
1.53519e-07
1.53519e-07
1.53519e-07
1.53519e-07
1.53519e-07
1.53519e-07
1.53519e-07
1.53519e-07
1.53519e-07
1.5352e-07
1.5352e-07
1.5352e-07
1.5352e-07
1.5352e-07
1.5352e-07
1.5352e-07
1.5352e-07
1.5352e-07
1.5352e-07
1.5352e-07
1.5352e-07
1.5352e-07
1.5352e-07
1.5352e-07
1.5352e-07
1.53521e-07
1.53521e-07
1.53521e-07
1.53521e-07
1.53521e-07
1.53521e-07
1.53521e-07
1.53521e-07
1.53521e-07
1.53521e-07
1.53521e-07
1.53521e-07
1.53521e-07
1.53521e-07
1.53521e-07
1.53522e-07
1.53522e-07
1.53522e-07
1.53522e-07
1.53522e-07
1.53522e-07
1.53522e-07
1.53522e-07
1.53522e-07
1.53522e-07
1.53522e-07
1.53522e-07
1.53522e-07
1.53522e-07
1.53523e-07
1.53523e-07
1.53523e-07
1.53523e-07
1.53523e-07
1.53523e-07
1.53523e-07
1.53523e-07
1.53523e-07
1.53523e-07
1.53523e-07
1.53523e-07
1.53523e-07
1.53524e-07
1.53524e-07
1.53524e-07
1.53524e-07
1.53524e-07
1.53524e-07
1.53524e-07
1.53524e-07
1.53524e-07
1.53524e-07
1.53524e-07
1.53524e-07
1.53524e-07
1.53524e-07
1.53524e-07
1.53524e-07
1.53524e-07
1.53524e-07
1.53524e-07
1.53525e-07
1.53525e-07
1.53525e-07
1.53525e-07
1.53525e-07
1.53525e-07
1.53525e-07
1.53525e-07
1.53525e-07
1.53525e-07
1.53525e-07
1.53526e-07
1.53526e-07
1.53526e-07
1.53526e-07
1.53526e-07
1.53526e-07
1.53526e-07
1.53526e-07
1.53526e-07
1.53526e-07
1.53526e-07
1.53526e-07
1.53527e-07
1.53527e-07
1.53527e-07
1.53527e-07
1.53527e-07
1.53527e-07
1.53527e-07
1.53527e-07
1.53527e-07
1.53527e-07
1.53527e-07
1.53528e-07
1.53528e-07
1.53528e-07
1.53528e-07
1.53528e-07
1.53528e-07
1.53528e-07
1.53528e-07
1.53528e-07
1.53528e-07
1.53528e-07
1.53529e-07
1.53529e-07
1.53529e-07
1.53529e-07
1.53529e-07
1.53529e-07
1.53529e-07
1.53529e-07
1.53529e-07
1.53529e-07
1.53529e-07
1.53529e-07
1.53529e-07
1.53529e-07
1.53529e-07
1.53529e-07
1.5353e-07
1.5353e-07
1.5353e-07
1.5353e-07
1.5353e-07
1.5353e-07
1.5353e-07
1.5353e-07
1.5353e-07
1.5353e-07
1.53531e-07
1.53531e-07
1.53531e-07
1.53531e-07
1.53531e-07
1.53531e-07
1.53531e-07
1.53531e-07
1.53531e-07
1.53531e-07
1.53531e-07
1.53532e-07
1.53532e-07
1.53532e-07
1.53532e-07
1.53532e-07
1.53532e-07
1.53532e-07
1.53532e-07
1.53532e-07
1.53532e-07
1.53533e-07
1.53533e-07
1.53533e-07
1.53533e-07
1.53533e-07
1.53533e-07
1.53533e-07
1.53533e-07
1.53533e-07
1.53533e-07
1.53534e-07
1.53534e-07
1.53534e-07
1.53534e-07
1.53534e-07
1.53534e-07
1.53534e-07
1.53534e-07
1.53534e-07
1.53534e-07
1.53535e-07
1.53535e-07
1.53535e-07
1.53535e-07
1.53535e-07
1.53535e-07
1.53535e-07
1.53535e-07
1.53535e-07
1.53535e-07
1.53535e-07
1.53535e-07
1.53535e-07
1.53535e-07
1.53536e-07
1.53536e-07
1.53536e-07
1.53536e-07
1.53536e-07
1.53536e-07
1.53536e-07
1.53536e-07
1.53536e-07
1.53536e-07
1.53537e-07
1.53537e-07
1.53537e-07
1.53537e-07
1.53537e-07
1.53537e-07
1.53537e-07
1.53537e-07
1.53537e-07
1.53538e-07
1.53538e-07
1.53538e-07
1.53538e-07
1.53538e-07
1.53538e-07
1.53538e-07
1.53538e-07
1.53538e-07
1.53538e-07
1.53539e-07
1.53539e-07
1.53539e-07
1.53539e-07
1.53539e-07
1.53539e-07
1.53539e-07
1.53539e-07
1.53539e-07
1.5354e-07
1.5354e-07
1.5354e-07
1.5354e-07
1.5354e-07
1.5354e-07
1.5354e-07
1.5354e-07
1.5354e-07
1.5354e-07
1.53541e-07
1.53541e-07
1.53541e-07
1.53541e-07
1.53541e-07
1.53541e-07
1.53541e-07
1.53541e-07
1.53541e-07
1.53541e-07
1.53541e-07
1.53541e-07
1.53541e-07
1.53541e-07
1.53542e-07
1.53542e-07
1.53542e-07
1.53542e-07
1.53542e-07
1.53542e-07
1.53542e-07
1.53542e-07
1.53542e-07
1.53543e-07
1.53543e-07
1.53543e-07
1.53543e-07
1.53543e-07
1.53543e-07
1.53543e-07
1.53543e-07
1.53543e-07
1.53544e-07
1.53544e-07
1.53544e-07
1.53544e-07
1.53544e-07
1.53544e-07
1.53544e-07
1.53544e-07
1.53544e-07
1.53545e-07
1.53545e-07
1.53545e-07
1.53545e-07
1.53545e-07
1.53545e-07
1.53545e-07
1.53545e-07
1.53545e-07
1.53546e-07
1.53546e-07
1.53546e-07
1.53546e-07
1.53546e-07
1.53546e-07
1.53546e-07
1.53546e-07
1.53546e-07
1.53547e-07
1.53547e-07
1.53547e-07
1.53547e-07
1.53547e-07
1.53547e-07
1.53547e-07
1.53547e-07
1.53547e-07
1.53547e-07
1.53547e-07
1.53547e-07
1.53547e-07
1.53547e-07
1.53548e-07
1.53548e-07
1.53548e-07
1.53548e-07
1.53548e-07
1.53548e-07
1.53548e-07
1.53548e-07
1.53549e-07
1.53549e-07
1.53549e-07
1.53549e-07
1.53549e-07
1.53549e-07
1.53549e-07
1.53549e-07
1.53549e-07
1.5355e-07
1.5355e-07
1.5355e-07
1.5355e-07
1.5355e-07
1.5355e-07
1.5355e-07
1.5355e-07
1.5355e-07
1.53551e-07
1.53551e-07
1.53551e-07
1.53551e-07
1.53551e-07
1.53551e-07
1.53551e-07
1.53551e-07
1.53551e-07
1.53552e-07
1.53552e-07
1.53552e-07
1.53552e-07
1.53552e-07
1.53552e-07
1.53552e-07
1.53552e-07
1.53552e-07
1.53552e-07
1.53552e-07
1.53552e-07
1.53552e-07
1.53553e-07
1.53553e-07
1.53553e-07
1.53553e-07
1.53553e-07
1.53553e-07
1.53553e-07
1.53553e-07
1.53553e-07
1.53554e-07
1.53554e-07
1.53554e-07
1.53554e-07
1.53554e-07
1.53554e-07
1.53554e-07
1.53554e-07
1.53554e-07
1.53555e-07
1.53555e-07
1.53555e-07
1.53555e-07
1.53555e-07
1.53555e-07
1.53555e-07
1.53555e-07
1.53555e-07
1.53556e-07
1.53556e-07
1.53556e-07
1.53556e-07
1.53556e-07
1.53556e-07
1.53556e-07
1.53556e-07
1.53557e-07
1.53557e-07
1.53557e-07
1.53557e-07
1.53557e-07
1.53557e-07
1.53557e-07
1.53557e-07
1.53557e-07
1.53558e-07
1.53558e-07
1.53558e-07
1.53558e-07
1.53558e-07
1.53558e-07
1.53558e-07
1.53558e-07
1.53558e-07
1.53558e-07
1.53558e-07
1.53558e-07
1.53558e-07
1.53559e-07
1.53559e-07
1.53559e-07
1.53559e-07
1.53559e-07
1.53559e-07
1.53559e-07
1.53559e-07
1.53559e-07
1.5356e-07
1.5356e-07
1.5356e-07
1.5356e-07
1.5356e-07
1.5356e-07
1.5356e-07
1.5356e-07
1.53561e-07
1.53561e-07
1.53561e-07
1.53561e-07
1.53561e-07
1.53561e-07
1.53561e-07
1.53561e-07
1.53561e-07
1.53562e-07
1.53562e-07
1.53562e-07
1.53562e-07
1.53562e-07
1.53562e-07
1.53562e-07
1.53562e-07
1.53562e-07
1.53563e-07
1.53563e-07
1.53563e-07
1.53563e-07
1.53563e-07
1.53563e-07
1.53563e-07
1.53563e-07
1.53564e-07
1.53564e-07
1.53564e-07
1.53564e-07
1.53564e-07
1.53564e-07
1.53564e-07
1.53564e-07
1.53564e-07
1.53564e-07
1.53564e-07
1.53564e-07
1.53564e-07
1.53565e-07
1.53565e-07
1.53565e-07
1.53565e-07
1.53565e-07
1.53565e-07
1.53565e-07
1.53565e-07
1.53565e-07
1.53566e-07
1.53566e-07
1.53566e-07
1.53566e-07
1.53566e-07
1.53566e-07
1.53566e-07
1.53566e-07
1.53567e-07
1.53567e-07
1.53567e-07
1.53567e-07
1.53567e-07
1.53567e-07
1.53567e-07
1.53567e-07
1.53567e-07
1.53568e-07
1.53568e-07
1.53568e-07
1.53568e-07
1.53568e-07
1.53568e-07
1.53575e-07
1.53575e-07
1.53576e-07
1.53576e-07
1.53576e-07
1.53576e-07
1.53576e-07
1.53576e-07
1.53576e-07
1.53576e-07
1.53576e-07
1.53577e-07
1.53577e-07
1.53577e-07
1.53577e-07
1.53577e-07
1.53577e-07
1.53577e-07
1.53577e-07
1.53578e-07
1.53578e-07
1.53578e-07
1.53578e-07
1.53578e-07
1.53578e-07
1.53578e-07
1.53578e-07
1.53578e-07
1.53579e-07
1.53579e-07
1.53579e-07
1.53579e-07
1.53579e-07
1.53579e-07
1.53579e-07
1.53579e-07
1.53579e-07
1.53579e-07
1.53579e-07
1.53579e-07
1.5358e-07
1.5358e-07
1.53579e-07
1.53569e-07
1.53569e-07
1.53563e-07
1.53564e-07
1.53564e-07
1.53565e-07
1.53566e-07
1.53567e-07
1.53568e-07
1.53568e-07
1.53569e-07
1.5357e-07
1.5357e-07
1.5357e-07
1.53571e-07
1.53571e-07
1.53571e-07
1.53572e-07
1.53572e-07
1.53572e-07
1.53572e-07
1.53572e-07
1.53572e-07
1.53572e-07
1.53572e-07
1.53572e-07
1.53572e-07
1.53572e-07
1.53572e-07
1.53572e-07
1.53572e-07
1.53572e-07
1.53572e-07
1.53571e-07
1.53571e-07
1.53571e-07
1.53571e-07
1.53571e-07
1.5357e-07
1.5357e-07
1.5357e-07
1.5357e-07
1.5357e-07
1.53569e-07
1.53569e-07
1.53569e-07
1.53569e-07
1.53568e-07
1.53568e-07
1.53568e-07
1.53567e-07
1.53567e-07
1.53567e-07
1.53566e-07
1.53566e-07
1.53566e-07
1.53565e-07
1.53565e-07
1.53565e-07
1.53564e-07
1.53564e-07
1.53564e-07
1.53564e-07
1.53563e-07
1.53563e-07
1.53563e-07
1.53562e-07
1.53562e-07
1.53561e-07
1.53561e-07
1.53561e-07
1.5356e-07
1.5356e-07
1.5356e-07
1.53559e-07
1.53559e-07
1.53558e-07
1.53558e-07
1.53558e-07
1.53558e-07
1.53558e-07
1.53557e-07
1.53557e-07
1.53556e-07
1.53556e-07
1.53556e-07
1.53555e-07
1.53555e-07
1.53555e-07
1.53554e-07
1.53554e-07
1.53553e-07
1.53553e-07
1.53553e-07
1.53552e-07
1.53552e-07
1.53552e-07
1.53552e-07
1.53551e-07
1.53551e-07
1.53551e-07
1.5355e-07
1.5355e-07
1.5355e-07
1.53549e-07
1.53549e-07
1.53549e-07
1.53548e-07
1.53548e-07
1.53548e-07
1.53547e-07
1.53547e-07
1.53547e-07
1.53547e-07
1.53547e-07
1.53546e-07
1.53546e-07
1.53546e-07
1.53545e-07
1.53545e-07
1.53545e-07
1.53544e-07
1.53544e-07
1.53544e-07
1.53543e-07
1.53543e-07
1.53543e-07
1.53542e-07
1.53542e-07
1.53542e-07
1.53541e-07
1.53541e-07
1.53541e-07
1.53541e-07
1.53541e-07
1.5354e-07
1.5354e-07
1.5354e-07
1.5354e-07
1.53539e-07
1.53539e-07
1.53539e-07
1.53538e-07
1.53538e-07
1.53538e-07
1.53538e-07
1.53537e-07
1.53537e-07
1.53537e-07
1.53536e-07
1.53536e-07
1.53536e-07
1.53536e-07
1.53535e-07
1.53535e-07
1.53535e-07
1.53535e-07
1.53535e-07
1.53535e-07
1.53534e-07
1.53534e-07
1.53534e-07
1.53534e-07
1.53533e-07
1.53533e-07
1.53533e-07
1.53533e-07
1.53532e-07
1.53532e-07
1.53532e-07
1.53532e-07
1.53531e-07
1.53531e-07
1.53531e-07
1.53531e-07
1.53531e-07
1.5353e-07
1.5353e-07
1.5353e-07
1.5353e-07
1.53529e-07
1.53529e-07
1.53529e-07
1.53529e-07
1.53529e-07
1.53529e-07
1.53529e-07
1.53528e-07
1.53528e-07
1.53528e-07
1.53528e-07
1.53528e-07
1.53528e-07
1.53527e-07
1.53527e-07
1.53527e-07
1.53527e-07
1.53527e-07
1.53526e-07
1.53526e-07
1.53526e-07
1.53526e-07
1.53526e-07
1.53525e-07
1.53525e-07
1.53525e-07
1.53525e-07
1.53525e-07
1.53525e-07
1.53524e-07
1.53524e-07
1.53524e-07
1.53524e-07
1.53524e-07
1.53524e-07
1.53524e-07
1.53524e-07
1.53524e-07
1.53524e-07
1.53523e-07
1.53523e-07
1.53523e-07
1.53523e-07
1.53523e-07
1.53523e-07
1.53523e-07
1.53522e-07
1.53522e-07
1.53522e-07
1.53522e-07
1.53522e-07
1.53522e-07
1.53522e-07
1.53522e-07
1.53521e-07
1.53521e-07
1.53521e-07
1.53521e-07
1.53521e-07
1.53521e-07
1.53521e-07
1.53521e-07
1.5352e-07
1.5352e-07
1.5352e-07
1.5352e-07
1.5352e-07
1.5352e-07
1.5352e-07
1.5352e-07
1.5352e-07
1.5352e-07
1.53519e-07
1.53519e-07
1.53519e-07
1.53519e-07
1.53519e-07
1.53519e-07
1.53519e-07
1.53519e-07
1.53519e-07
1.53519e-07
1.53519e-07
1.53518e-07
1.53518e-07
1.53518e-07
1.53518e-07
1.53518e-07
1.53518e-07
1.53518e-07
1.53518e-07
1.53518e-07
1.53518e-07
1.53518e-07
1.53518e-07
1.53518e-07
1.53518e-07
1.53518e-07
1.53518e-07
1.53518e-07
1.53518e-07
1.53518e-07
1.53518e-07
1.53518e-07
1.53518e-07
1.53518e-07
1.53518e-07
1.53517e-07
1.53517e-07
1.53517e-07
1.53517e-07
1.53517e-07
1.53517e-07
1.53517e-07
1.53517e-07
1.53517e-07
1.53517e-07
1.53517e-07
1.53517e-07
1.53517e-07
1.53517e-07
1.53517e-07
1.53517e-07
1.53517e-07
1.53517e-07
1.53517e-07
1.53517e-07
1.53517e-07
1.53517e-07
1.53517e-07
1.53517e-07
1.53517e-07
1.53517e-07
1.53517e-07
1.53517e-07
1.53516e-07
1.53516e-07
1.53516e-07
1.53516e-07
1.53516e-07
1.53516e-07
1.53516e-07
1.53516e-07
1.53516e-07
1.53516e-07
1.53516e-07
1.53516e-07
1.53516e-07
1.53516e-07
1.53516e-07
1.53516e-07
1.53516e-07
1.53516e-07
1.53516e-07
1.53516e-07
1.53516e-07
1.53516e-07
1.53516e-07
1.53516e-07
1.53516e-07
1.53516e-07
1.53516e-07
1.53516e-07
1.53516e-07
1.53516e-07
1.53516e-07
1.53516e-07
1.53516e-07
1.53516e-07
1.53516e-07
1.53516e-07
1.53516e-07
1.53516e-07
1.53516e-07
1.53516e-07
1.53516e-07
1.53516e-07
1.53516e-07
1.53516e-07
1.53516e-07
1.53516e-07
1.53517e-07
1.53517e-07
1.53517e-07
1.53517e-07
1.53517e-07
1.53517e-07
1.53517e-07
1.53517e-07
1.53517e-07
1.53517e-07
1.53517e-07
1.53517e-07
1.53517e-07
1.53517e-07
1.53517e-07
1.53517e-07
1.53517e-07
1.53517e-07
1.53517e-07
1.53517e-07
1.53517e-07
1.53517e-07
1.53517e-07
1.53517e-07
1.53517e-07
1.53517e-07
1.53517e-07
1.53517e-07
1.53517e-07
1.53517e-07
1.53517e-07
1.53517e-07
1.53517e-07
1.53517e-07
1.53517e-07
1.53518e-07
1.53518e-07
1.53518e-07
1.53518e-07
1.53518e-07
1.53518e-07
1.53518e-07
1.53518e-07
1.53518e-07
1.53518e-07
1.53518e-07
1.53518e-07
1.53518e-07
1.53518e-07
1.53518e-07
1.53518e-07
1.53518e-07
1.53518e-07
1.53518e-07
1.53518e-07
1.53518e-07
1.53518e-07
1.53518e-07
1.53518e-07
1.53518e-07
1.53518e-07
1.53518e-07
1.53518e-07
1.53518e-07
1.53518e-07
1.53518e-07
1.53519e-07
1.53519e-07
1.53519e-07
1.53519e-07
1.53519e-07
1.53519e-07
1.53519e-07
1.53519e-07
1.53519e-07
1.53519e-07
1.53519e-07
1.53519e-07
1.53519e-07
1.53519e-07
1.53519e-07
1.53519e-07
1.53519e-07
1.53519e-07
1.5352e-07
1.5352e-07
1.5352e-07
1.5352e-07
1.5352e-07
1.5352e-07
1.5352e-07
1.5352e-07
1.5352e-07
1.5352e-07
1.5352e-07
1.5352e-07
1.5352e-07
1.5352e-07
1.5352e-07
1.53521e-07
1.53521e-07
1.53521e-07
1.53521e-07
1.53521e-07
1.53521e-07
1.53521e-07
1.53521e-07
1.53521e-07
1.53521e-07
1.53521e-07
1.53521e-07
1.53521e-07
1.53521e-07
1.53521e-07
1.53522e-07
1.53522e-07
1.53522e-07
1.53522e-07
1.53522e-07
1.53522e-07
1.53522e-07
1.53522e-07
1.53522e-07
1.53522e-07
1.53522e-07
1.53522e-07
1.53522e-07
1.53523e-07
1.53523e-07
1.53523e-07
1.53523e-07
1.53523e-07
1.53523e-07
1.53523e-07
1.53523e-07
1.53523e-07
1.53523e-07
1.53523e-07
1.53523e-07
1.53523e-07
1.53524e-07
1.53524e-07
1.53524e-07
1.53524e-07
1.53524e-07
1.53524e-07
1.53524e-07
1.53524e-07
1.53524e-07
1.53524e-07
1.53524e-07
1.53524e-07
1.53524e-07
1.53524e-07
1.53524e-07
1.53524e-07
1.53524e-07
1.53524e-07
1.53524e-07
1.53525e-07
1.53525e-07
1.53525e-07
1.53525e-07
1.53525e-07
1.53525e-07
1.53525e-07
1.53525e-07
1.53525e-07
1.53525e-07
1.53525e-07
1.53526e-07
1.53526e-07
1.53526e-07
1.53526e-07
1.53526e-07
1.53526e-07
1.53526e-07
1.53526e-07
1.53526e-07
1.53526e-07
1.53526e-07
1.53526e-07
1.53527e-07
1.53527e-07
1.53527e-07
1.53527e-07
1.53527e-07
1.53527e-07
1.53527e-07
1.53527e-07
1.53527e-07
1.53527e-07
1.53527e-07
1.53528e-07
1.53528e-07
1.53528e-07
1.53528e-07
1.53528e-07
1.53528e-07
1.53528e-07
1.53528e-07
1.53528e-07
1.53528e-07
1.53528e-07
1.53529e-07
1.53529e-07
1.53529e-07
1.53529e-07
1.53529e-07
1.53529e-07
1.53529e-07
1.53529e-07
1.53529e-07
1.53529e-07
1.53529e-07
1.53529e-07
1.53529e-07
1.53529e-07
1.53529e-07
1.53529e-07
1.5353e-07
1.5353e-07
1.5353e-07
1.5353e-07
1.5353e-07
1.5353e-07
1.5353e-07
1.5353e-07
1.5353e-07
1.5353e-07
1.53531e-07
1.53531e-07
1.53531e-07
1.53531e-07
1.53531e-07
1.53531e-07
1.53531e-07
1.53531e-07
1.53531e-07
1.53531e-07
1.53532e-07
1.53532e-07
1.53532e-07
1.53532e-07
1.53532e-07
1.53532e-07
1.53532e-07
1.53532e-07
1.53532e-07
1.53532e-07
1.53533e-07
1.53533e-07
1.53533e-07
1.53533e-07
1.53533e-07
1.53533e-07
1.53533e-07
1.53533e-07
1.53533e-07
1.53533e-07
1.53534e-07
1.53534e-07
1.53534e-07
1.53534e-07
1.53534e-07
1.53534e-07
1.53534e-07
1.53534e-07
1.53534e-07
1.53534e-07
1.53535e-07
1.53535e-07
1.53535e-07
1.53535e-07
1.53535e-07
1.53535e-07
1.53535e-07
1.53535e-07
1.53535e-07
1.53535e-07
1.53535e-07
1.53535e-07
1.53535e-07
1.53535e-07
1.53535e-07
1.53536e-07
1.53536e-07
1.53536e-07
1.53536e-07
1.53536e-07
1.53536e-07
1.53536e-07
1.53536e-07
1.53536e-07
1.53537e-07
1.53537e-07
1.53537e-07
1.53537e-07
1.53537e-07
1.53537e-07
1.53537e-07
1.53537e-07
1.53537e-07
1.53537e-07
1.53538e-07
1.53538e-07
1.53538e-07
1.53538e-07
1.53538e-07
1.53538e-07
1.53538e-07
1.53538e-07
1.53538e-07
1.53539e-07
1.53539e-07
1.53539e-07
1.53539e-07
1.53539e-07
1.53539e-07
1.53539e-07
1.53539e-07
1.53539e-07
1.53539e-07
1.5354e-07
1.5354e-07
1.5354e-07
1.5354e-07
1.5354e-07
1.5354e-07
1.5354e-07
1.5354e-07
1.5354e-07
1.53541e-07
1.53541e-07
1.53548e-07
1.53548e-07
1.53548e-07
1.53548e-07
1.53548e-07
1.53548e-07
1.53548e-07
1.53549e-07
1.53549e-07
1.53549e-07
1.53549e-07
1.53549e-07
1.53549e-07
1.53549e-07
1.53549e-07
1.53549e-07
1.53549e-07
1.5355e-07
1.5355e-07
1.5355e-07
1.5355e-07
1.5355e-07
1.5355e-07
1.5355e-07
1.5355e-07
1.5355e-07
1.5355e-07
1.5355e-07
1.5355e-07
1.5355e-07
1.53551e-07
1.53551e-07
1.53551e-07
1.53551e-07
1.53551e-07
1.53551e-07
1.53551e-07
1.53551e-07
1.53551e-07
1.53552e-07
1.53552e-07
1.53552e-07
1.53552e-07
1.53552e-07
1.53552e-07
1.53552e-07
1.53552e-07
1.53552e-07
1.53553e-07
1.53553e-07
1.53553e-07
1.53553e-07
1.53553e-07
1.53553e-07
1.53553e-07
1.53553e-07
1.53553e-07
1.53554e-07
1.53554e-07
1.53554e-07
1.53554e-07
1.53554e-07
1.53554e-07
1.53554e-07
1.53554e-07
1.53554e-07
1.53555e-07
1.53555e-07
1.53555e-07
1.53555e-07
1.53555e-07
1.53555e-07
1.53555e-07
1.53555e-07
1.53555e-07
1.53556e-07
1.53556e-07
1.53556e-07
1.53556e-07
1.53556e-07
1.53556e-07
1.53556e-07
1.53556e-07
1.53556e-07
1.53556e-07
1.53556e-07
1.53556e-07
1.53556e-07
1.53556e-07
1.53557e-07
1.53557e-07
1.53557e-07
1.53557e-07
1.53557e-07
1.53557e-07
1.53557e-07
1.53557e-07
1.53557e-07
1.53558e-07
1.53558e-07
1.53558e-07
1.53558e-07
1.53558e-07
1.53558e-07
1.53558e-07
1.53558e-07
1.53559e-07
1.53559e-07
1.53559e-07
1.53559e-07
1.53559e-07
1.53559e-07
1.53559e-07
1.53559e-07
1.53559e-07
1.5356e-07
1.5356e-07
1.5356e-07
1.5356e-07
1.5356e-07
1.5356e-07
1.5356e-07
1.5356e-07
1.5356e-07
1.53561e-07
1.53561e-07
1.53561e-07
1.53561e-07
1.53561e-07
1.53561e-07
1.53561e-07
1.53561e-07
1.53561e-07
1.53561e-07
1.53561e-07
1.53561e-07
1.53561e-07
1.53562e-07
1.53562e-07
1.53562e-07
1.53562e-07
1.53562e-07
1.53562e-07
1.53562e-07
1.53562e-07
1.53562e-07
1.53563e-07
1.53563e-07
1.53563e-07
1.53563e-07
1.53563e-07
1.53563e-07
1.53563e-07
1.53563e-07
1.53563e-07
1.53564e-07
1.53564e-07
1.53564e-07
1.53564e-07
1.53564e-07
1.53564e-07
1.53564e-07
1.53564e-07
1.53565e-07
1.53565e-07
1.53565e-07
1.53565e-07
1.53565e-07
1.53565e-07
1.53565e-07
1.53565e-07
1.53565e-07
1.53566e-07
1.53566e-07
1.53566e-07
1.53566e-07
1.53566e-07
1.53566e-07
1.53566e-07
1.53566e-07
1.53566e-07
1.53567e-07
1.53567e-07
1.53567e-07
1.53567e-07
1.53567e-07
1.53567e-07
1.53567e-07
1.53567e-07
1.53567e-07
1.53567e-07
1.53567e-07
1.53567e-07
1.53567e-07
1.53568e-07
1.53568e-07
1.53568e-07
1.53568e-07
1.53568e-07
1.53568e-07
1.53568e-07
1.53568e-07
1.53569e-07
1.53569e-07
1.53569e-07
1.53569e-07
1.53569e-07
1.53569e-07
1.53569e-07
1.53569e-07
1.53569e-07
1.5357e-07
1.5357e-07
1.5357e-07
1.5357e-07
1.5357e-07
1.5357e-07
1.5357e-07
1.5357e-07
1.53571e-07
1.53571e-07
1.53571e-07
1.53571e-07
1.53571e-07
1.53571e-07
1.53571e-07
1.53571e-07
1.53571e-07
1.53572e-07
1.53572e-07
1.53572e-07
1.53572e-07
1.53572e-07
1.53572e-07
1.53572e-07
1.53572e-07
1.53572e-07
1.53573e-07
1.53573e-07
1.53573e-07
1.53573e-07
1.53573e-07
1.53573e-07
1.53573e-07
1.53573e-07
1.53573e-07
1.53573e-07
1.53573e-07
1.53573e-07
1.53574e-07
1.53574e-07
1.53574e-07
1.53574e-07
1.53574e-07
1.53574e-07
1.53574e-07
1.53574e-07
1.53574e-07
1.53575e-07
1.53575e-07
1.53575e-07
1.53575e-07
1.53575e-07
1.53575e-07
1.53575e-07
1.53575e-07
1.53575e-07
1.53576e-07
1.53576e-07
1.53576e-07
1.53576e-07
1.53576e-07
1.53576e-07
1.53576e-07
1.53576e-07
1.53577e-07
1.53577e-07
1.53577e-07
1.53577e-07
1.53577e-07
1.53577e-07
1.53577e-07
1.53577e-07
1.53577e-07
1.53578e-07
1.53578e-07
1.53578e-07
1.53578e-07
1.53578e-07
1.53578e-07
1.53578e-07
1.53578e-07
1.53579e-07
1.53579e-07
1.53579e-07
1.53579e-07
1.53579e-07
1.53579e-07
1.53579e-07
1.53579e-07
1.53579e-07
1.53579e-07
1.53579e-07
1.53579e-07
1.53579e-07
1.53569e-07
1.53569e-07
1.5357e-07
1.53571e-07
1.53572e-07
1.53572e-07
1.53573e-07
1.53574e-07
1.53574e-07
1.53575e-07
1.53576e-07
1.53576e-07
1.53577e-07
1.53577e-07
1.53578e-07
1.53578e-07
1.53579e-07
1.53579e-07
1.53579e-07
1.53579e-07
1.53579e-07
1.53579e-07
1.53579e-07
1.53572e-07
1.53572e-07
1.53572e-07
1.53572e-07
1.53572e-07
1.53572e-07
1.53572e-07
1.53572e-07
1.53571e-07
1.53571e-07
1.53571e-07
1.53571e-07
1.53571e-07
1.5357e-07
1.5357e-07
1.5357e-07
1.5357e-07
1.5357e-07
1.5357e-07
1.53569e-07
1.53569e-07
1.53569e-07
1.53569e-07
1.53568e-07
1.53568e-07
1.53568e-07
1.53567e-07
1.53567e-07
1.53567e-07
1.53566e-07
1.53566e-07
1.53566e-07
1.53565e-07
1.53565e-07
1.53565e-07
1.53564e-07
1.53564e-07
1.53564e-07
1.53564e-07
1.53563e-07
1.53563e-07
1.53563e-07
1.53562e-07
1.53562e-07
1.53562e-07
1.53561e-07
1.53561e-07
1.5356e-07
1.5356e-07
1.5356e-07
1.53559e-07
1.53559e-07
1.53559e-07
1.53558e-07
1.53558e-07
1.53558e-07
1.53558e-07
1.53557e-07
1.53557e-07
1.53557e-07
1.53556e-07
1.53556e-07
1.53555e-07
1.53555e-07
1.53555e-07
1.53554e-07
1.53554e-07
1.53554e-07
1.53553e-07
1.53553e-07
1.53553e-07
1.53552e-07
1.53552e-07
1.53552e-07
1.53552e-07
1.53551e-07
1.53551e-07
1.53551e-07
1.5355e-07
1.5355e-07
1.53549e-07
1.53549e-07
1.53549e-07
1.53548e-07
1.53548e-07
1.53548e-07
1.53547e-07
1.53547e-07
1.53547e-07
1.53547e-07
1.53547e-07
1.53546e-07
1.53546e-07
1.53546e-07
1.53545e-07
1.53545e-07
1.53545e-07
1.53544e-07
1.53544e-07
1.53544e-07
1.53543e-07
1.53543e-07
1.53543e-07
1.53542e-07
1.53542e-07
1.53542e-07
1.53541e-07
1.53541e-07
1.53541e-07
1.53541e-07
1.53541e-07
1.5354e-07
1.5354e-07
1.5354e-07
1.5354e-07
1.53539e-07
1.53539e-07
1.53539e-07
1.53538e-07
1.53538e-07
1.53538e-07
1.53538e-07
1.53537e-07
1.53537e-07
1.53537e-07
1.53536e-07
1.53536e-07
1.53536e-07
1.53536e-07
1.53535e-07
1.53535e-07
1.53535e-07
1.53535e-07
1.53535e-07
1.53535e-07
1.53534e-07
1.53534e-07
1.53534e-07
1.53534e-07
1.53533e-07
1.53533e-07
1.53533e-07
1.53533e-07
1.53532e-07
1.53532e-07
1.53532e-07
1.53532e-07
1.53531e-07
1.53531e-07
1.53531e-07
1.53531e-07
1.53531e-07
1.5353e-07
1.5353e-07
1.5353e-07
1.5353e-07
1.53529e-07
1.53529e-07
1.53529e-07
1.53529e-07
1.53529e-07
1.53529e-07
1.53529e-07
1.53528e-07
1.53528e-07
1.53528e-07
1.53528e-07
1.53528e-07
1.53527e-07
1.53527e-07
1.53527e-07
1.53527e-07
1.53527e-07
1.53526e-07
1.53526e-07
1.53526e-07
1.53526e-07
1.53526e-07
1.53526e-07
1.53525e-07
1.53525e-07
1.53525e-07
1.53525e-07
1.53525e-07
1.53525e-07
1.53524e-07
1.53524e-07
1.53524e-07
1.53524e-07
1.53524e-07
1.53524e-07
1.53524e-07
1.53524e-07
1.53524e-07
1.53523e-07
1.53523e-07
1.53523e-07
1.53523e-07
1.53523e-07
1.53523e-07
1.53523e-07
1.53522e-07
1.53522e-07
1.53522e-07
1.53522e-07
1.53522e-07
1.53522e-07
1.53522e-07
1.53522e-07
1.53521e-07
1.53521e-07
1.53521e-07
1.53521e-07
1.53521e-07
1.53521e-07
1.53521e-07
1.53521e-07
1.5352e-07
1.5352e-07
1.5352e-07
1.5352e-07
1.5352e-07
1.5352e-07
1.5352e-07
1.5352e-07
1.5352e-07
1.53519e-07
1.53519e-07
1.53519e-07
1.53519e-07
1.53519e-07
1.53519e-07
1.53519e-07
1.53519e-07
1.53519e-07
1.53519e-07
1.53519e-07
1.53518e-07
1.53518e-07
1.53518e-07
1.53518e-07
1.53518e-07
1.53518e-07
1.53518e-07
1.53518e-07
1.53518e-07
1.53518e-07
1.53518e-07
1.53518e-07
1.53518e-07
1.53518e-07
1.53518e-07
1.53518e-07
1.53518e-07
1.53518e-07
1.53518e-07
1.53518e-07
1.53518e-07
1.53518e-07
1.53517e-07
1.53517e-07
1.53517e-07
1.53517e-07
1.53517e-07
1.53517e-07
1.53517e-07
1.53517e-07
1.53517e-07
1.53517e-07
1.53517e-07
1.53517e-07
1.53517e-07
1.53517e-07
1.53517e-07
1.53517e-07
1.53517e-07
1.53517e-07
1.53517e-07
1.53517e-07
1.53517e-07
1.53517e-07
1.53517e-07
1.53516e-07
1.53516e-07
1.53516e-07
1.53516e-07
1.53516e-07
1.53516e-07
1.53516e-07
1.53516e-07
1.53516e-07
1.53516e-07
1.53516e-07
1.53516e-07
1.53516e-07
1.53516e-07
1.53516e-07
1.53516e-07
1.53516e-07
1.53516e-07
1.53516e-07
1.53516e-07
1.53516e-07
1.53516e-07
1.53516e-07
1.53516e-07
1.53516e-07
1.53516e-07
1.53516e-07
1.53516e-07
1.53516e-07
1.53516e-07
1.53516e-07
1.53516e-07
1.53516e-07
1.53516e-07
1.53516e-07
1.53516e-07
1.53516e-07
1.53516e-07
1.53516e-07
1.53516e-07
1.53516e-07
1.53516e-07
1.53516e-07
1.53516e-07
1.53516e-07
1.53516e-07
1.53516e-07
1.53516e-07
1.53516e-07
1.53516e-07
1.53516e-07
1.53516e-07
1.53516e-07
1.53516e-07
1.53516e-07
1.53516e-07
1.53516e-07
1.53516e-07
1.53516e-07
1.53516e-07
1.53516e-07
1.53516e-07
1.53516e-07
1.53516e-07
1.53516e-07
1.53516e-07
1.53516e-07
1.53516e-07
1.53517e-07
1.53517e-07
1.53517e-07
1.53517e-07
1.53517e-07
1.53517e-07
1.53517e-07
1.53517e-07
1.53517e-07
1.53517e-07
1.53517e-07
1.53517e-07
1.53517e-07
1.53517e-07
1.53517e-07
1.53517e-07
1.53517e-07
1.53517e-07
1.53517e-07
1.53517e-07
1.53517e-07
1.53517e-07
1.53517e-07
1.53517e-07
1.53517e-07
1.53517e-07
1.53517e-07
1.53517e-07
1.53517e-07
1.53518e-07
1.53518e-07
1.53518e-07
1.53518e-07
1.53518e-07
1.53518e-07
1.53518e-07
1.53518e-07
1.53518e-07
1.53518e-07
1.53518e-07
1.53518e-07
1.53518e-07
1.53518e-07
1.53518e-07
1.53518e-07
1.53518e-07
1.53518e-07
1.53518e-07
1.53518e-07
1.53518e-07
1.53518e-07
1.53518e-07
1.53518e-07
1.53526e-07
1.53526e-07
1.53526e-07
1.53526e-07
1.53526e-07
1.53526e-07
1.53526e-07
1.53526e-07
1.53526e-07
1.53526e-07
1.53526e-07
1.53526e-07
1.53526e-07
1.53526e-07
1.53526e-07
1.53527e-07
1.53527e-07
1.53527e-07
1.53527e-07
1.53527e-07
1.53527e-07
1.53527e-07
1.53527e-07
1.53527e-07
1.53527e-07
1.53527e-07
1.53527e-07
1.53527e-07
1.53527e-07
1.53527e-07
1.53527e-07
1.53527e-07
1.53527e-07
1.53527e-07
1.53527e-07
1.53527e-07
1.53527e-07
1.53527e-07
1.53528e-07
1.53528e-07
1.53528e-07
1.53528e-07
1.53528e-07
1.53528e-07
1.53528e-07
1.53528e-07
1.53528e-07
1.53528e-07
1.53528e-07
1.53528e-07
1.53528e-07
1.53528e-07
1.53529e-07
1.53529e-07
1.53529e-07
1.53529e-07
1.53529e-07
1.53529e-07
1.53529e-07
1.53529e-07
1.53529e-07
1.53529e-07
1.53529e-07
1.53529e-07
1.53529e-07
1.53529e-07
1.5353e-07
1.5353e-07
1.5353e-07
1.5353e-07
1.5353e-07
1.5353e-07
1.5353e-07
1.5353e-07
1.5353e-07
1.5353e-07
1.5353e-07
1.5353e-07
1.5353e-07
1.53531e-07
1.53531e-07
1.53531e-07
1.53531e-07
1.53531e-07
1.53531e-07
1.53531e-07
1.53531e-07
1.53531e-07
1.53531e-07
1.53531e-07
1.53531e-07
1.53532e-07
1.53532e-07
1.53532e-07
1.53532e-07
1.53532e-07
1.53532e-07
1.53532e-07
1.53532e-07
1.53532e-07
1.53532e-07
1.53532e-07
1.53532e-07
1.53532e-07
1.53532e-07
1.53532e-07
1.53532e-07
1.53532e-07
1.53533e-07
1.53533e-07
1.53533e-07
1.53533e-07
1.53533e-07
1.53533e-07
1.53533e-07
1.53533e-07
1.53533e-07
1.53533e-07
1.53533e-07
1.53533e-07
1.53534e-07
1.53534e-07
1.53534e-07
1.53534e-07
1.53534e-07
1.53534e-07
1.53534e-07
1.53534e-07
1.53534e-07
1.53534e-07
1.53534e-07
1.53535e-07
1.53535e-07
1.53535e-07
1.53535e-07
1.53535e-07
1.53535e-07
1.53535e-07
1.53535e-07
1.53535e-07
1.53535e-07
1.53535e-07
1.53536e-07
1.53536e-07
1.53536e-07
1.53536e-07
1.53536e-07
1.53536e-07
1.53536e-07
1.53536e-07
1.53536e-07
1.53536e-07
1.53537e-07
1.53537e-07
1.53537e-07
1.53537e-07
1.53537e-07
1.53537e-07
1.53537e-07
1.53537e-07
1.53537e-07
1.53537e-07
1.53537e-07
1.53538e-07
1.53538e-07
1.53538e-07
1.53538e-07
1.53538e-07
1.53538e-07
1.53538e-07
1.53538e-07
1.53538e-07
1.53538e-07
1.53538e-07
1.53538e-07
1.53538e-07
1.53538e-07
1.53538e-07
1.53539e-07
1.53539e-07
1.53539e-07
1.53539e-07
1.53539e-07
1.53539e-07
1.53539e-07
1.53539e-07
1.53539e-07
1.53539e-07
1.5354e-07
1.5354e-07
1.5354e-07
1.5354e-07
1.5354e-07
1.5354e-07
1.5354e-07
1.5354e-07
1.5354e-07
1.5354e-07
1.53541e-07
1.53541e-07
1.53541e-07
1.53541e-07
1.53541e-07
1.53541e-07
1.53541e-07
1.53541e-07
1.53541e-07
1.53541e-07
1.53542e-07
1.53542e-07
1.53542e-07
1.53542e-07
1.53542e-07
1.53542e-07
1.53542e-07
1.53542e-07
1.53542e-07
1.53542e-07
1.53543e-07
1.53543e-07
1.53543e-07
1.53543e-07
1.53543e-07
1.53543e-07
1.53543e-07
1.53543e-07
1.53543e-07
1.53544e-07
1.53544e-07
1.53544e-07
1.53544e-07
1.53544e-07
1.53544e-07
1.53544e-07
1.53544e-07
1.53544e-07
1.53544e-07
1.53544e-07
1.53544e-07
1.53544e-07
1.53544e-07
1.53545e-07
1.53545e-07
1.53545e-07
1.53545e-07
1.53545e-07
1.53545e-07
1.53545e-07
1.53545e-07
1.53545e-07
1.53545e-07
1.53546e-07
1.53546e-07
1.53546e-07
1.53546e-07
1.53546e-07
1.53546e-07
1.53546e-07
1.53546e-07
1.53546e-07
1.53547e-07
1.53547e-07
1.53547e-07
1.53547e-07
1.53547e-07
1.53547e-07
1.53547e-07
1.53547e-07
1.53547e-07
1.53547e-07
1.53548e-07
1.53548e-07
1.53548e-07
1.53548e-07
1.53548e-07
1.53548e-07
1.53548e-07
1.53548e-07
1.53548e-07
1.53549e-07
1.53549e-07
1.53549e-07
1.53549e-07
1.53549e-07
1.53549e-07
1.53549e-07
1.53549e-07
1.53549e-07
1.5355e-07
1.5355e-07
1.5355e-07
1.5355e-07
1.5355e-07
1.5355e-07
1.5355e-07
1.5355e-07
1.5355e-07
1.5355e-07
1.5355e-07
1.5355e-07
1.5355e-07
1.5355e-07
1.53551e-07
1.53551e-07
1.53551e-07
1.53551e-07
1.53551e-07
1.53551e-07
1.53551e-07
1.53551e-07
1.53551e-07
1.53552e-07
1.53552e-07
1.53552e-07
1.53552e-07
1.53552e-07
1.53552e-07
1.53552e-07
1.53552e-07
1.53552e-07
1.53553e-07
1.53553e-07
1.53553e-07
1.53553e-07
1.53553e-07
1.53553e-07
1.53553e-07
1.53553e-07
1.53553e-07
1.53554e-07
1.53554e-07
1.53554e-07
1.53554e-07
1.53554e-07
1.53554e-07
1.53554e-07
1.53554e-07
1.53554e-07
1.53555e-07
1.53555e-07
1.53555e-07
1.53555e-07
1.53555e-07
1.53555e-07
1.53555e-07
1.53555e-07
1.53555e-07
1.53556e-07
1.53556e-07
1.53556e-07
1.53556e-07
1.53556e-07
1.53556e-07
1.53556e-07
1.53556e-07
1.53556e-07
1.53556e-07
1.53556e-07
1.53556e-07
1.53556e-07
1.53557e-07
1.53557e-07
1.53557e-07
1.53557e-07
1.53557e-07
1.53557e-07
1.53557e-07
1.53557e-07
1.53557e-07
1.53558e-07
1.53558e-07
1.53558e-07
1.53558e-07
1.53558e-07
1.53558e-07
1.53558e-07
1.53558e-07
1.53558e-07
1.53559e-07
1.53559e-07
1.53559e-07
1.53559e-07
1.53559e-07
1.53559e-07
1.53559e-07
1.53559e-07
1.5356e-07
1.5356e-07
1.5356e-07
1.5356e-07
1.5356e-07
1.5356e-07
1.5356e-07
1.5356e-07
1.5356e-07
1.53561e-07
1.53561e-07
1.53561e-07
1.53561e-07
1.53561e-07
1.53561e-07
1.53561e-07
1.53561e-07
1.53561e-07
1.53561e-07
1.53561e-07
1.53561e-07
1.53561e-07
1.53562e-07
1.53562e-07
1.53562e-07
1.53562e-07
1.53562e-07
1.53562e-07
1.53562e-07
1.53562e-07
1.53562e-07
1.53563e-07
1.53563e-07
1.53563e-07
1.53563e-07
1.53563e-07
1.53563e-07
1.53563e-07
1.53563e-07
1.53563e-07
1.53564e-07
1.53564e-07
1.53564e-07
1.53564e-07
1.53564e-07
1.53564e-07
1.53564e-07
1.53564e-07
1.53564e-07
1.53565e-07
1.53565e-07
1.53565e-07
1.53565e-07
1.53565e-07
1.53565e-07
1.53565e-07
1.53565e-07
1.53566e-07
1.53566e-07
1.53566e-07
1.53566e-07
1.53566e-07
1.53566e-07
1.53566e-07
1.53566e-07
1.53566e-07
1.53567e-07
1.53567e-07
1.53567e-07
1.53567e-07
1.53567e-07
1.53567e-07
1.53567e-07
1.53567e-07
1.53567e-07
1.53567e-07
1.53567e-07
1.53567e-07
1.53567e-07
1.53568e-07
1.53568e-07
1.53568e-07
1.53568e-07
1.53568e-07
1.53568e-07
1.53568e-07
1.53568e-07
1.53569e-07
1.53569e-07
1.53569e-07
1.53569e-07
1.53569e-07
1.53569e-07
1.53569e-07
1.53569e-07
1.53569e-07
1.5357e-07
1.5357e-07
1.5357e-07
1.5357e-07
1.5357e-07
1.5357e-07
1.5357e-07
1.5357e-07
1.5357e-07
1.53571e-07
1.53571e-07
1.53571e-07
1.53571e-07
1.53571e-07
1.53571e-07
1.53571e-07
1.53571e-07
1.53572e-07
1.53572e-07
1.53572e-07
1.53572e-07
1.53572e-07
1.53572e-07
1.53572e-07
1.53572e-07
1.53572e-07
1.53573e-07
1.53573e-07
1.53573e-07
1.53573e-07
1.53573e-07
1.53573e-07
1.53573e-07
1.53573e-07
1.53573e-07
1.53573e-07
1.53573e-07
1.53573e-07
1.53573e-07
1.53574e-07
1.53574e-07
1.53574e-07
1.53574e-07
1.53574e-07
1.53574e-07
1.53574e-07
1.53574e-07
1.53575e-07
1.53575e-07
1.53575e-07
1.53575e-07
1.53575e-07
1.53575e-07
1.53575e-07
1.53575e-07
1.53575e-07
1.53576e-07
1.53576e-07
1.53576e-07
1.53576e-07
1.53576e-07
1.53576e-07
1.53576e-07
1.53576e-07
1.53577e-07
1.53577e-07
1.53577e-07
1.53577e-07
1.53577e-07
1.53577e-07
1.53577e-07
1.53577e-07
1.53577e-07
1.53578e-07
1.53578e-07
1.53578e-07
1.53578e-07
1.53578e-07
1.53578e-07
1.53578e-07
1.53578e-07
1.53579e-07
1.53579e-07
1.53579e-07
1.53579e-07
1.53579e-07
1.53579e-07
