11.880500
11.880500
11.880500
11.880400
11.880400
11.880600
11.883300
11.883500
11.883400
11.883300
11.883200
11.883100
11.883000
11.882900
11.882900
11.882800
11.882700
11.882700
11.882600
11.882500
11.882500
11.882400
11.882400
11.882400
11.882300
11.882300
11.882300
11.882200
11.882200
11.882200
11.882200
11.882200
11.882200
11.882200
11.882200
11.882300
11.882300
11.882300
11.882300
11.882400
11.882400
11.882400
11.882500
11.882500
11.882600
11.882600
11.882600
11.882700
11.882700
11.882800
11.882800
11.882900
11.882900
11.883000
11.883000
11.883100
11.883100
11.883200
11.883200
11.883300
11.883300
11.883400
11.883500
11.883500
11.883600
11.883600
11.883700
11.883800
11.883800
11.883900
11.883900
11.884000
11.884100
11.884100
11.884200
11.884200
11.884300
11.884400
11.884400
11.884500
11.884500
11.884600
11.884600
11.884700
11.884800
11.884800
11.884900
11.884900
11.885000
11.885000
11.885100
11.885200
11.885200
11.885300
11.885300
11.885400
11.885400
11.885500
11.885500
11.885600
11.885700
11.885700
11.885800
11.885800
11.885900
11.885900
11.886000
11.886000
11.886100
11.886100
11.886200
11.886200
11.886200
11.886300
11.886300
11.886400
11.886400
11.886500
11.886500
11.886600
11.886600
11.886700
11.886700
11.886700
11.886800
11.886800
11.886900
11.886900
11.886900
11.887000
11.887000
11.887100
11.887100
11.887100
11.887200
11.887200
11.887300
11.887300
11.887300
11.887400
11.887400
11.887400
11.887500
11.887500
11.887500
11.887600
11.887600
11.887600
11.887700
11.887700
11.887700
11.887800
11.887800
11.887800
11.887800
11.887900
11.887900
11.887900
11.888000
11.888000
11.888000
11.888000
11.888100
11.888100
11.888100
11.888200
11.888200
11.888200
11.888200
11.888300
11.888300
11.888300
11.888300
11.888300
11.888400
11.888400
11.888400
11.888400
11.888500
11.888500
11.888500
11.888500
11.888500
11.888600
11.888600
11.888600
11.888600
11.888600
11.888700
11.888700
11.888700
11.888700
11.888700
11.888800
11.888800
11.888800
11.888800
11.888800
11.888800
11.888800
11.888900
11.888900
11.888900
11.888900
11.888900
11.888900
11.889000
11.889000
11.889000
11.889000
11.889000
11.889000
11.889000
11.889000
11.889100
11.889100
11.889100
11.889100
11.889100
11.889100
11.889100
11.889100
11.889100
11.889200
11.889200
11.889200
11.889200
11.889200
11.889200
11.889200
11.889200
11.889200
11.889200
11.889300
11.889300
11.889300
11.889300
11.889300
11.889300
11.889300
11.889300
11.889300
11.889300
11.889300
11.889300
11.889300
11.889300
11.889300
11.889400
11.889400
11.889400
11.889400
11.889400
11.889400
11.889400
11.889400
11.889400
11.889400
11.889400
11.889400
11.889400
11.889400
11.889400
11.889400
11.889400
11.889400
11.889400
11.889400
11.889400
11.889400
11.889400
11.889400
11.889400
11.889400
11.889400
11.889400
11.889400
11.889500
11.889500
11.889500
11.889500
11.889500
11.889500
11.889500
11.889500
11.889500
11.889500
11.889500
11.889500
11.889500
11.889500
11.889500
11.889500
11.889500
11.889500
11.889500
11.889500
11.889500
11.889500
11.889500
11.889500
11.889400
11.889400
11.889400
11.889400
11.889400
11.889400
11.889400
11.889400
11.889400
11.889400
11.889400
11.889400
11.889400
11.889400
11.889400
11.889400
11.889400
11.889400
11.889400
11.889400
11.889400
11.889400
11.889400
11.889400
11.889400
11.889400
11.889400
11.889400
11.889400
11.889400
11.889400
11.889400
11.889400
11.889300
11.889300
11.889300
11.889300
11.889300
11.889300
11.889300
11.889300
11.889300
11.889300
11.889300
11.889300
11.889300
11.889300
11.889300
11.889300
11.889300
11.889300
11.889300
11.889300
11.889200
11.889200
11.889200
11.889200
11.889200
11.889200
11.889200
11.889200
11.889200
11.889200
11.889200
11.889200
11.889200
11.889200
11.889200
11.889100
11.889100
11.889100
11.889100
11.889100
11.889100
11.889100
11.889100
11.889100
11.889100
11.889100
11.889100
11.889100
11.889100
11.889000
11.889000
11.889000
11.889000
11.889000
11.889000
11.889000
11.889000
11.889000
11.889000
11.889000
11.889000
11.889000
11.888900
11.888900
11.888900
11.888900
11.888900
11.888900
11.888900
11.888900
11.888900
11.888900
11.888900
11.888800
11.888800
11.888800
11.888800
11.888800
11.888800
11.888800
11.888800
11.888800
11.888800
11.888800
11.888700
11.888700
11.888700
11.888700
11.888700
11.888700
11.888700
11.888700
11.888700
11.888700
11.888700
11.888600
11.888600
11.888600
11.888600
11.888600
11.888600
11.888600
11.888600
11.888600
11.888600
11.888500
11.888500
11.888500
11.888500
11.888500
11.888500
11.888500
11.888500
11.888500
11.888400
11.888400
11.888400
11.888400
11.888400
11.888400
11.888400
11.888400
11.888400
11.888400
11.888300
11.888300
11.888300
11.888300
11.888300
11.888300
11.888300
11.888300
11.888300
11.888200
11.888200
11.888200
11.888200
11.888200
11.888200
11.888200
11.888200
11.888200
11.888100
11.888100
11.888100
11.888100
11.888100
11.888100
11.888100
11.888100
11.888100
11.888000
11.888000
11.888000
11.888000
11.888000
11.888000
11.888000
11.888000
11.887900
11.887900
11.887900
11.887900
11.887900
11.887900
11.887900
11.887900
11.887800
11.887800
11.887800
11.887800
11.887800
11.887800
11.887800
11.887800
11.887800
11.887700
11.887700
11.887700
11.887700
11.887700
11.887700
11.887700
11.887700
11.887600
11.887600
11.887600
11.887600
11.887600
11.887600
11.887600
11.887600
11.887500
11.887500
11.887500
11.887500
11.887500
11.887500
11.887500
11.887500
11.887400
11.887400
11.887400
11.887400
11.887400
11.887400
11.887400
11.887400
11.887300
11.887300
11.887300
11.887300
11.887300
11.887300
11.887300
11.887200
11.887200
11.887200
11.887200
11.887200
11.887200
11.887200
11.887200
11.887100
11.887100
11.887100
11.887100
11.887100
11.887100
11.887100
11.887100
11.887000
11.887000
11.887000
11.887000
11.887000
11.887000
11.887000
11.886900
11.886900
11.886900
11.886900
11.886900
11.886900
11.886900
11.886900
11.886800
11.886800
11.886800
11.886800
11.886800
11.886800
11.886800
11.886700
11.886700
11.886700
11.886700
11.886700
11.886700
11.886700
11.886600
11.886600
11.886600
11.886600
11.886600
11.886600
11.886600
11.886600
11.886500
11.886500
11.886500
11.886500
11.886500
11.886500
11.886500
11.886400
11.886400
11.886400
11.886400
11.886400
11.886400
11.886400
11.886300
11.886300
11.886300
11.886300
11.886300
11.886300
11.886300
11.886200
11.886200
11.886200
11.886200
11.886200
11.886200
11.886200
11.886100
11.886100
11.886100
11.886100
11.886100
11.886100
11.886100
11.886000
11.886000
11.886000
11.886000
11.886000
11.886000
11.886000
11.886000
11.885900
11.885900
11.885900
11.885900
11.885900
11.885900
11.885900
11.885800
11.885800
11.885800
11.885800
11.885800
11.885800
11.885700
11.885700
11.885700
11.885700
11.885700
11.885700
11.885700
11.885600
11.885600
11.885600
11.885600
11.885600
11.885600
11.885600
11.885500
11.885500
11.885500
11.885500
11.885500
11.885500
11.885500
11.885400
11.885400
11.885400
11.885400
11.885400
11.885400
11.885400
11.885300
11.885300
11.885300
11.885300
11.885300
11.885300
11.885300
11.885200
11.885200
11.885200
11.885200
11.885200
11.885200
11.885200
11.885100
11.885100
11.885100
11.885100
11.885100
11.885100
11.885100
11.885000
11.885000
11.885000
11.885000
11.885000
11.885000
11.884900
11.884900
11.884900
11.884900
11.884900
11.884900
11.884900
11.884800
11.884800
11.884800
11.884800
11.884800
11.884800
11.884800
11.884700
11.884700
11.884700
11.884700
11.884700
11.884700
11.884600
11.884600
11.884600
11.884600
11.884600
11.884600
11.884600
11.884500
11.884500
11.884500
11.884500
11.884500
11.884500
11.884500
11.884400
11.884400
11.884400
11.884400
11.884400
11.884400
11.884300
11.884300
11.884300
11.884300
11.884300
11.884300
11.884300
11.884200
11.884200
11.884200
11.884200
11.884200
11.884200
11.884200
11.884100
11.884100
11.884100
11.884100
11.884100
11.884100
11.884000
11.884000
11.884000
11.884000
11.884000
11.884000
11.884000
11.883900
11.883900
11.883900
11.883900
11.883900
11.883900
11.883900
11.883800
11.883800
11.883800
11.883800
11.883800
11.883800
11.883700
11.883700
11.883700
11.883700
11.883700
11.883700
11.883700
11.883600
11.883600
11.883600
11.883600
11.883600
11.883600
11.883500
11.883500
11.883500
11.883500
11.883500
11.883500
11.883500
11.883400
11.883400
11.883400
11.883400
11.883400
11.883400
11.883300
11.883300
11.883300
11.883300
11.883300
11.883300
11.883300
11.883200
11.883200
11.883200
11.883200
11.883200
11.883200
11.883100
11.883100
11.883100
11.883100
11.883100
11.883100
11.883100
11.883000
11.883000
11.883000
11.883000
11.883000
11.883000
11.882900
11.882900
11.882900
11.882900
11.882900
11.882900
11.882900
11.882800
11.882800
11.882800
11.882800
11.882800
11.882800
11.882700
11.882700
11.882700
11.882700
11.882700
11.882700
11.882700
11.882600
11.882600
11.882600
11.882600
11.882600
11.882600
11.882500
11.882500
11.882500
11.882500
11.882500
11.882500
11.882500
11.882400
11.882400
11.882400
11.882400
11.882400
11.882400
11.882300
11.882300
11.882300
11.882300
11.882300
11.882300
11.882200
11.882200
11.882200
11.882200
11.882200
11.882200
11.882200
11.882100
11.882100
11.882100
11.882100
11.882100
11.882100
11.882000
11.882000
11.882000
11.882000
11.882000
11.882000
11.882000
11.881900
11.881900
11.881900
11.881900
11.881900
11.881900
11.881800
11.881800
11.881800
11.881800
11.881800
11.881800
11.881700
11.881700
11.881700
11.881700
11.881700
11.881700
11.881700
11.881600
11.881600
11.881600
11.881600
11.881600
11.881600
11.881500
11.881500
11.881500
11.881500
11.881500
11.881500
11.881500
11.881400
11.881400
11.881400
11.881400
11.881400
11.881400
11.881300
11.881300
11.881300
11.881300
11.881300
11.881300
11.881200
11.881200
11.881200
11.881200
11.881200
11.881200
11.881200
11.881100
11.881100
11.881100
11.881100
11.881100
11.881100
11.881000
11.881000
11.881000
11.881000
11.881000
11.881000
11.880900
11.880900
11.880900
11.880900
11.880900
11.880900
11.880900
11.880800
11.880800
11.880800
11.880800
11.880800
11.880800
11.880700
11.880700
11.880700
11.880700
11.880700
11.880700
11.880700
11.880600
11.880600
11.880600
11.880600
11.880600
11.880600
11.880500
11.880500
11.880500
11.880500
11.880500
11.880400
11.880600
11.883300
11.883500
11.883400
11.883300
11.883200
11.883100
11.883000
11.883000
11.882900
11.882800
11.882700
11.882700
11.882600
11.882600
11.882500
11.882500
11.882400
11.882400
11.882300
11.882300
11.882300
11.882300
11.882300
11.882200
11.882200
11.882200
11.882200
11.882300
11.882300
11.882300
11.882300
11.882300
11.882400
11.882400
11.882400
11.882500
11.882500
11.882500
11.882600
11.882600
11.882700
11.882700
11.882700
11.882800
11.882800
11.882900
11.882900
11.883000
11.883000
11.883100
11.883100
11.883200
11.883300
11.883300
11.883400
11.883400
11.883500
11.883500
11.883600
11.883700
11.883700
11.883800
11.883800
11.883900
11.884000
11.884000
11.884100
11.884100
11.884200
11.884300
11.884300
11.884400
11.884400
11.884500
11.884600
11.884600
11.884700
11.884700
11.884800
11.884800
11.884900
11.885000
11.885000
11.885100
11.885100
11.885200
11.885200
11.885300
11.885400
11.885400
11.885500
11.885500
11.885600
11.885600
11.885700
11.885700
11.885800
11.885800
11.885900
11.885900
11.886000
11.886000
11.886100
11.886100
11.886200
11.886200
11.886300
11.886300
11.886400
11.886400
11.886500
11.886500
11.886500
11.886600
11.886600
11.886700
11.886700
11.886800
11.886800
11.886800
11.886900
11.886900
11.887000
11.887000
11.887000
11.887100
11.887100
11.887200
11.887200
11.887200
11.887300
11.887300
11.887300
11.887400
11.887400
11.887500
11.887500
11.887500
11.887600
11.887600
11.887600
11.887700
11.887700
11.887700
11.887700
11.887800
11.887800
11.887800
11.887900
11.887900
11.887900
11.888000
11.888000
11.888000
11.888000
11.888100
11.888100
11.888100
11.888100
11.888200
11.888200
11.888200
11.888300
11.888300
11.888300
11.888300
11.888300
11.888400
11.888400
11.888400
11.888400
11.888500
11.888500
11.888500
11.888500
11.888500
11.888600
11.888600
11.888600
11.888600
11.888600
11.888700
11.888700
11.888700
11.888700
11.888700
11.888800
11.888800
11.888800
11.888800
11.888800
11.888800
11.888900
11.888900
11.888900
11.888900
11.888900
11.888900
11.888900
11.889000
11.889000
11.889000
11.889000
11.889000
11.889000
11.889000
11.889100
11.889100
11.889100
11.889100
11.889100
11.889100
11.889100
11.889100
11.889100
11.889200
11.889200
11.889200
11.889200
11.889200
11.889200
11.889200
11.889200
11.889200
11.889200
11.889300
11.889300
11.889300
11.889300
11.889300
11.889300
11.889300
11.889300
11.889300
11.889300
11.889300
11.889300
11.889300
11.889400
11.889400
11.889400
11.889400
11.889400
11.889400
11.889400
11.889400
11.889400
11.889400
11.889400
11.889400
11.889400
11.889400
11.889400
11.889400
11.889400
11.889400
11.889400
11.889400
11.889400
11.889400
11.889500
11.889500
11.889500
11.889500
11.889500
11.889500
11.889500
11.889500
11.889500
11.889500
11.889500
11.889500
11.889500
11.889500
11.889500
11.889500
11.889500
11.889500
11.889500
11.889500
11.889500
11.889500
11.889500
11.889500
11.889500
11.889500
11.889500
11.889500
11.889500
11.889500
11.889500
11.889500
11.889500
11.889500
11.889500
11.889500
11.889500
11.889500
11.889500
11.889500
11.889500
11.889500
11.889500
11.889500
11.889500
11.889500
11.889400
11.889400
11.889400
11.889400
11.889400
11.889400
11.889400
11.889400
11.889400
11.889400
11.889400
11.889400
11.889400
11.889400
11.889400
11.889400
11.889400
11.889400
11.889400
11.889400
11.889400
11.889400
11.889400
11.889400
11.889400
11.889400
11.889400
11.889300
11.889300
11.889300
11.889300
11.889300
11.889300
11.889300
11.889300
11.889300
11.889300
11.889300
11.889300
11.889300
11.889300
11.889300
11.889300
11.889300
11.889300
11.889200
11.889200
11.889200
11.889200
11.889200
11.889200
11.889200
11.889200
11.889200
11.889200
11.889200
11.889200
11.889200
11.889200
11.889200
11.889100
11.889100
11.889100
11.889100
11.889100
11.889100
11.889100
11.889100
11.889100
11.889100
11.889100
11.889100
11.889100
11.889100
11.889000
11.889000
11.889000
11.889000
11.889000
11.889000
11.889000
11.889000
11.889000
11.889000
11.889000
11.889000
11.888900
11.888900
11.888900
11.888900
11.888900
11.888900
11.888900
11.888900
11.888900
11.888900
11.888900
11.888900
11.888800
11.888800
11.888800
11.888800
11.888800
11.888800
11.888800
11.888800
11.888800
11.888800
11.888800
11.888700
11.888700
11.888700
11.888700
11.888700
11.888700
11.888700
11.888700
11.888700
11.888700
11.888600
11.888600
11.888600
11.888600
11.888600
11.888600
11.888600
11.888600
11.888600
11.888600
11.888500
11.888500
11.888500
11.888500
11.888500
11.888500
11.888500
11.888500
11.888500
11.888400
11.888400
11.888400
11.888400
11.888400
11.888400
11.888400
11.888400
11.888400
11.888400
11.888300
11.888300
11.888300
11.888300
11.888300
11.888300
11.888300
11.888300
11.888300
11.888200
11.888200
11.888200
11.888200
11.888200
11.888200
11.888200
11.888200
11.888200
11.888100
11.888100
11.888100
11.888100
11.888100
11.888100
11.888100
11.888100
11.888000
11.888000
11.888000
11.888000
11.888000
11.888000
11.888000
11.888000
11.888000
11.887900
11.887900
11.887900
11.887900
11.887900
11.887900
11.887900
11.887900
11.887800
11.887800
11.887800
11.887800
11.887800
11.887800
11.887800
11.887800
11.887800
11.887700
11.887700
11.887700
11.887700
11.887700
11.887700
11.887700
11.887700
11.887600
11.887600
11.887600
11.887600
11.887600
11.887600
11.887600
11.887600
11.887500
11.887500
11.887500
11.887500
11.887500
11.887500
11.887500
11.887500
11.887400
11.887400
11.887400
11.887400
11.887400
11.887400
11.887400
11.887300
11.887300
11.887300
11.887300
11.887300
11.887300
11.887300
11.887300
11.887200
11.887200
11.887200
11.887200
11.887200
11.887200
11.887200
11.887200
11.887100
11.887100
11.887100
11.887100
11.887100
11.887100
11.887100
11.887000
11.887000
11.887000
11.887000
11.887000
11.887000
11.887000
11.887000
11.886900
11.886900
11.886900
11.886900
11.886900
11.886900
11.886900
11.886800
11.886800
11.886800
11.886800
11.886800
11.886800
11.886800
11.886800
11.886700
11.886700
11.886700
11.886700
11.886700
11.886700
11.886700
11.886600
11.886600
11.886600
11.886600
11.886600
11.886600
11.886600
11.886500
11.886500
11.886500
11.886500
11.886500
11.886500
11.886500
11.886500
11.886400
11.886400
11.886400
11.886400
11.886400
11.886400
11.886400
11.886300
11.886300
11.886300
11.886300
11.886300
11.886300
11.886300
11.886200
11.886200
11.886200
11.886200
11.886200
11.886200
11.886200
11.886100
11.886100
11.886100
11.886100
11.886100
11.886100
11.886100
11.886000
11.886000
11.886000
11.886000
11.886000
11.886000
11.886000
11.885900
11.885900
11.885900
11.885900
11.885900
11.885900
11.885900
11.885800
11.885800
11.885800
11.885800
11.885800
11.885800
11.885800
11.885700
11.885700
11.885700
11.885700
11.885700
11.885700
11.885700
11.885600
11.885600
11.885600
11.885600
11.885600
11.885600
11.885600
11.885500
11.885500
11.885500
11.885500
11.885500
11.885500
11.885500
11.885400
11.885400
11.885400
11.885400
11.885400
11.885400
11.885400
11.885300
11.885300
11.885300
11.885300
11.885300
11.885300
11.885200
11.885200
11.885200
11.885200
11.885200
11.885200
11.885200
11.885100
11.885100
11.885100
11.885100
11.885100
11.885100
11.885100
11.885000
11.885000
11.885000
11.885000
11.885000
11.885000
11.885000
11.884900
11.884900
11.884900
11.884900
11.884900
11.884900
11.884900
11.884800
11.884800
11.884800
11.884800
11.884800
11.884800
11.884700
11.884700
11.884700
11.884700
11.884700
11.884700
11.884700
11.884600
11.884600
11.884600
11.884600
11.884600
11.884600
11.884600
11.884500
11.884500
11.884500
11.884500
11.884500
11.884500
11.884400
11.884400
11.884400
11.884400
11.884400
11.884400
11.884400
11.884300
11.884300
11.884300
11.884300
11.884300
11.884300
11.884300
11.884200
11.884200
11.884200
11.884200
11.884200
11.884200
11.884100
11.884100
11.884100
11.884100
11.884100
11.884100
11.884100
11.884000
11.884000
11.884000
11.884000
11.884000
11.884000
11.883900
11.883900
11.883900
11.883900
11.883900
11.883900
11.883900
11.883800
11.883800
11.883800
11.883800
11.883800
11.883800
11.883800
11.883700
11.883700
11.883700
11.883700
11.883700
11.883700
11.883600
11.883600
11.883600
11.883600
11.883600
11.883600
11.883600
11.883500
11.883500
11.883500
11.883500
11.883500
11.883500
11.883400
11.883400
11.883400
11.883400
11.883400
11.883400
11.883400
11.883300
11.883300
11.883300
11.883300
11.883300
11.883300
11.883200
11.883200
11.883200
11.883200
11.883200
11.883200
11.883200
11.883100
11.883100
11.883100
11.883100
11.883100
11.883100
11.883000
11.883000
11.883000
11.883000
11.883000
11.883000
11.883000
11.882900
11.882900
11.882900
11.882900
11.882900
11.882900
11.882800
11.882800
11.882800
11.882800
11.882800
11.882800
11.882800
11.882700
11.882700
11.882700
11.882700
11.882700
11.882700
11.882600
11.882600
11.882600
11.882600
11.882600
11.882600
11.882600
11.882500
11.882500
11.882500
11.882500
11.882500
11.882500
11.882400
11.882400
11.882400
11.882400
11.882400
11.882400
11.882300
11.882300
11.882300
11.882300
11.882300
11.882300
11.882300
11.882200
11.882200
11.882200
11.882200
11.882200
11.882200
11.882100
11.882100
11.882100
11.882100
11.882100
11.882100
11.882100
11.882000
11.882000
11.882000
11.882000
11.882000
11.882000
11.881900
11.881900
11.881900
11.881900
11.881900
11.881900
11.881800
11.881800
11.881800
11.881800
11.881800
11.881800
11.881800
11.881700
11.881700
11.881700
11.881700
11.881700
11.881700
11.881600
11.881600
11.881600
11.881600
11.881600
11.881600
11.881600
11.881500
11.881500
11.881500
11.881500
11.881500
11.881500
11.881400
11.881400
11.881400
11.881400
11.881400
11.881400
11.881300
11.881300
11.881300
11.881300
11.881300
11.881300
11.881300
11.881200
11.881200
11.881200
11.881200
11.881200
11.881200
11.881100
11.881100
11.881100
11.881100
11.881100
11.881100
11.881100
11.881000
11.881000
11.881000
11.881000
11.881000
11.881000
11.880900
11.880900
11.880900
11.880900
11.880900
11.880900
11.880800
11.880800
11.880800
11.880800
11.880800
11.880800
11.880800
11.880700
11.880700
11.880700
11.880700
11.880700
11.880700
11.880600
11.880600
11.880600
11.880600
11.880600
11.880600
11.880500
11.880500
11.880500
11.880500
11.880500
11.880600
11.883300
11.883500
11.883400
11.883300
11.883200
11.883200
11.883100
11.883000
11.882900
11.882800
11.882800
11.882700
11.882600
11.882600
11.882500
11.882500
11.882400
11.882400
11.882400
11.882300
11.882300
11.882300
11.882300
11.882300
11.882300
11.882300
11.882300
11.882300
11.882300
11.882300
11.882300
11.882400
11.882400
11.882400
11.882400
11.882500
11.882500
11.882600
11.882600
11.882600
11.882700
11.882700
11.882800
11.882800
11.882900
11.882900
11.883000
11.883000
11.883100
11.883100
11.883200
11.883200
11.883300
11.883300
11.883400
11.883400
11.883500
11.883600
11.883600
11.883700
11.883700
11.883800
11.883900
11.883900
11.884000
11.884000
11.884100
11.884200
11.884200
11.884300
11.884300
11.884400
11.884500
11.884500
11.884600
11.884600
11.884700
11.884700
11.884800
11.884900
11.884900
11.885000
11.885000
11.885100
11.885200
11.885200
11.885300
11.885300
11.885400
11.885400
11.885500
11.885500
11.885600
11.885600
11.885700
11.885700
11.885800
11.885800
11.885900
11.886000
11.886000
11.886100
11.886100
11.886100
11.886200
11.886200
11.886300
11.886300
11.886400
11.886400
11.886500
11.886500
11.886600
11.886600
11.886700
11.886700
11.886700
11.886800
11.886800
11.886900
11.886900
11.886900
11.887000
11.887000
11.887100
11.887100
11.887100
11.887200
11.887200
11.887300
11.887300
11.887300
11.887400
11.887400
11.887400
11.887500
11.887500
11.887500
11.887600
11.887600
11.887600
11.887700
11.887700
11.887700
11.887800
11.887800
11.887800
11.887900
11.887900
11.887900
11.888000
11.888000
11.888000
11.888000
11.888100
11.888100
11.888100
11.888100
11.888200
11.888200
11.888200
11.888200
11.888300
11.888300
11.888300
11.888300
11.888400
11.888400
11.888400
11.888400
11.888500
11.888500
11.888500
11.888500
11.888500
11.888600
11.888600
11.888600
11.888600
11.888600
11.888700
11.888700
11.888700
11.888700
11.888700
11.888800
11.888800
11.888800
11.888800
11.888800
11.888800
11.888900
11.888900
11.888900
11.888900
11.888900
11.888900
11.889000
11.889000
11.889000
11.889000
11.889000
11.889000
11.889000
11.889100
11.889100
11.889100
11.889100
11.889100
11.889100
11.889100
11.889100
11.889100
11.889200
11.889200
11.889200
11.889200
11.889200
11.889200
11.889200
11.889200
11.889200
11.889300
11.889300
11.889300
11.889300
11.889300
11.889300
11.889300
11.889300
11.889300
11.889300
11.889300
11.889300
11.889300
11.889400
11.889400
11.889400
11.889400
11.889400
11.889400
11.889400
11.889400
11.889400
11.889400
11.889400
11.889400
11.889400
11.889400
11.889400
11.889400
11.889400
11.889400
11.889400
11.889500
11.889500
11.889500
11.889500
11.889500
11.889500
11.889500
11.889500
11.889500
11.889500
11.889500
11.889500
11.889500
11.889500
11.889500
11.889500
11.889500
11.889500
11.889500
11.889500
11.889500
11.889500
11.889500
11.889500
11.889500
11.889500
11.889500
11.889500
11.889500
11.889500
11.889500
11.889500
11.889500
11.889500
11.889500
11.889500
11.889500
11.889500
11.889500
11.889500
11.889500
11.889500
11.889500
11.889500
11.889500
11.889500
11.889500
11.889500
11.889500
11.889500
11.889500
11.889500
11.889500
11.889500
11.889500
11.889500
11.889500
11.889500
11.889500
11.889500
11.889400
11.889400
11.889400
11.889400
11.889400
11.889400
11.889400
11.889400
11.889400
11.889400
11.889400
11.889400
11.889400
11.889400
11.889400
11.889400
11.889400
11.889400
11.889400
11.889400
11.889400
11.889400
11.889400
11.889400
11.889300
11.889300
11.889300
11.889300
11.889300
11.889300
11.889300
11.889300
11.889300
11.889300
11.889300
11.889300
11.889300
11.889300
11.889300
11.889300
11.889300
11.889200
11.889200
11.889200
11.889200
11.889200
11.889200
11.889200
11.889200
11.889200
11.889200
11.889200
11.889200
11.889200
11.889200
11.889200
11.889100
11.889100
11.889100
11.889100
11.889100
11.889100
11.889100
11.889100
11.889100
11.889100
11.889100
11.889100
11.889100
11.889000
11.889000
11.889000
11.889000
11.889000
11.889000
11.889000
11.889000
11.889000
11.889000
11.889000
11.889000
11.888900
11.888900
11.888900
11.888900
11.888900
11.888900
11.888900
11.888900
11.888900
11.888900
11.888900
11.888800
11.888800
11.888800
11.888800
11.888800
11.888800
11.888800
11.888800
11.888800
11.888800
11.888800
11.888700
11.888700
11.888700
11.888700
11.888700
11.888700
11.888700
11.888700
11.888700
11.888700
11.888600
11.888600
11.888600
11.888600
11.888600
11.888600
11.888600
11.888600
11.888600
11.888600
11.888500
11.888500
11.888500
11.888500
11.888500
11.888500
11.888500
11.888500
11.888500
11.888500
11.888400
11.888400
11.888400
11.888400
11.888400
11.888400
11.888400
11.888400
11.888400
11.888300
11.888300
11.888300
11.888300
11.888300
11.888300
11.888300
11.888300
11.888300
11.888200
11.888200
11.888200
11.888200
11.888200
11.888200
11.888200
11.888200
11.888200
11.888100
11.888100
11.888100
11.888100
11.888100
11.888100
11.888100
11.888100
11.888000
11.888000
11.888000
11.888000
11.888000
11.888000
11.888000
11.888000
11.888000
11.887900
11.887900
11.887900
11.887900
11.887900
11.887900
11.887900
11.887900
11.887800
11.887800
11.887800
11.887800
11.887800
11.887800
11.887800
11.887800
11.887700
11.887700
11.887700
11.887700
11.887700
11.887700
11.887700
11.887700
11.887600
11.887600
11.887600
11.887600
11.887600
11.887600
11.887600
11.887600
11.887500
11.887500
11.887500
11.887500
11.887500
11.887500
11.887500
11.887500
11.887400
11.887400
11.887400
11.887400
11.887400
11.887400
11.887400
11.887400
11.887300
11.887300
11.887300
11.887300
11.887300
11.887300
11.887300
11.887300
11.887200
11.887200
11.887200
11.887200
11.887200
11.887200
11.887200
11.887100
11.887100
11.887100
11.887100
11.887100
11.887100
11.887100
11.887100
11.887000
11.887000
11.887000
11.887000
11.887000
11.887000
11.887000
11.887000
11.886900
11.886900
11.886900
11.886900
11.886900
11.886900
11.886900
11.886800
11.886800
11.886800
11.886800
11.886800
11.886800
11.886800
11.886700
11.886700
11.886700
11.886700
11.886700
11.886700
11.886700
11.886700
11.886600
11.886600
11.886600
11.886600
11.886600
11.886600
11.886600
11.886500
11.886500
11.886500
11.886500
11.886500
11.886500
11.886500
11.886400
11.886400
11.886400
11.886400
11.886400
11.886400
11.886400
11.886300
11.886300
11.886300
11.886300
11.886300
11.886300
11.886300
11.886200
11.886200
11.886200
11.886200
11.886200
11.886200
11.886200
11.886200
11.886100
11.886100
11.886100
11.886100
11.886100
11.886100
11.886100
11.886000
11.886000
11.886000
11.886000
11.886000
11.886000
11.886000
11.885900
11.885900
11.885900
11.885900
11.885900
11.885900
11.885900
11.885800
11.885800
11.885800
11.885800
11.885800
11.885800
11.885800
11.885700
11.885700
11.885700
11.885700
11.885700
11.885700
11.885600
11.885600
11.885600
11.885600
11.885600
11.885600
11.885600
11.885500
11.885500
11.885500
11.885500
11.885500
11.885500
11.885500
11.885400
11.885400
11.885400
11.885400
11.885400
11.885400
11.885400
11.885300
11.885300
11.885300
11.885300
11.885300
11.885300
11.885300
11.885200
11.885200
11.885200
11.885200
11.885200
11.885200
11.885200
11.885100
11.885100
11.885100
11.885100
11.885100
11.885100
11.885100
11.885000
11.885000
11.885000
11.885000
11.885000
11.885000
11.884900
11.884900
11.884900
11.884900
11.884900
11.884900
11.884900
11.884800
11.884800
11.884800
11.884800
11.884800
11.884800
11.884800
11.884700
11.884700
11.884700
11.884700
11.884700
11.884700
11.884600
11.884600
11.884600
11.884600
11.884600
11.884600
11.884600
11.884500
11.884500
11.884500
11.884500
11.884500
11.884500
11.884500
11.884400
11.884400
11.884400
11.884400
11.884400
11.884400
11.884300
11.884300
11.884300
11.884300
11.884300
11.884300
11.884300
11.884200
11.884200
11.884200
11.884200
11.884200
11.884200
11.884200
11.884100
11.884100
11.884100
11.884100
11.884100
11.884100
11.884000
11.884000
11.884000
11.884000
11.884000
11.884000
11.884000
11.883900
11.883900
11.883900
11.883900
11.883900
11.883900
11.883800
11.883800
11.883800
11.883800
11.883800
11.883800
11.883800
11.883700
11.883700
11.883700
11.883700
11.883700
11.883700
11.883700
11.883600
11.883600
11.883600
11.883600
11.883600
11.883600
11.883500
11.883500
11.883500
11.883500
11.883500
11.883500
11.883500
11.883400
11.883400
11.883400
11.883400
11.883400
11.883400
11.883300
11.883300
11.883300
11.883300
11.883300
11.883300
11.883300
11.883200
11.883200
11.883200
11.883200
11.883200
11.883200
11.883100
11.883100
11.883100
11.883100
11.883100
11.883100
11.883100
11.883000
11.883000
11.883000
11.883000
11.883000
11.883000
11.882900
11.882900
11.882900
11.882900
11.882900
11.882900
11.882900
11.882800
11.882800
11.882800
11.882800
11.882800
11.882800
11.882700
11.882700
11.882700
11.882700
11.882700
11.882700
11.882600
11.882600
11.882600
11.882600
11.882600
11.882600
11.882600
11.882500
11.882500
11.882500
11.882500
11.882500
11.882500
11.882400
11.882400
11.882400
11.882400
11.882400
11.882400
11.882400
11.882300
11.882300
11.882300
11.882300
11.882300
11.882300
11.882200
11.882200
11.882200
11.882200
11.882200
11.882200
11.882200
11.882100
11.882100
11.882100
11.882100
11.882100
11.882100
11.882000
11.882000
11.882000
11.882000
11.882000
11.882000
11.881900
11.881900
11.881900
11.881900
11.881900
11.881900
11.881900
11.881800
11.881800
11.881800
11.881800
11.881800
11.881800
11.881700
11.881700
11.881700
11.881700
11.881700
11.881700
11.881700
11.881600
11.881600
11.881600
11.881600
11.881600
11.881600
11.881500
11.881500
11.881500
11.881500
11.881500
11.881500
11.881400
11.881400
11.881400
11.881400
11.881400
11.881400
11.881400
11.881300
11.881300
11.881300
11.881300
11.881300
11.881300
11.881200
11.881200
11.881200
11.881200
11.881200
11.881200
11.881200
11.881100
11.881100
11.881100
11.881100
11.881100
11.881100
11.881000
11.881000
11.881000
11.881000
11.881000
11.881000
11.880900
11.880900
11.880900
11.880900
11.880900
11.880900
11.880900
11.880800
11.880800
11.880800
11.880800
11.880800
11.880800
11.880700
11.880700
11.880700
11.880700
11.880700
11.880700
11.880600
11.880600
11.880600
11.880600
11.880600
11.880600
