0.087240
0.087334
0.087718
0.088613
0.090512
0.095172
0.368177
0.351279
0.345569
0.377164
0.433439
0.530941
0.663733
0.793398
0.903732
0.992404
1.061780
1.114940
1.154830
1.184180
1.205610
1.221380
1.233160
1.241870
1.247680
1.250350
1.249830
1.246580
1.241480
1.235360
1.228790
1.222080
1.215350
1.208600
1.201850
1.195060
1.188220
1.181330
1.174390
1.167390
1.160330
1.153220
1.146060
1.138850
1.131600
1.124300
1.116980
1.109620
1.102230
1.094820
1.087380
1.079930
1.072470
1.064990
1.057510
1.050030
1.042540
1.035060
1.027580
1.020110
1.012650
1.005200
0.997761
0.990339
0.982934
0.975548
0.968183
0.960839
0.953519
0.946224
0.938955
0.931713
0.924500
0.917317
0.910164
0.903043
0.895954
0.888899
0.881879
0.874893
0.867944
0.861031
0.854155
0.847318
0.840519
0.833759
0.827038
0.820358
0.813719
0.807120
0.800564
0.794049
0.787576
0.781146
0.774759
0.768415
0.762115
0.755859
0.749646
0.743478
0.737355
0.731276
0.725242
0.719253
0.713310
0.707412
0.701559
0.695752
0.689990
0.684274
0.678605
0.672980
0.667402
0.661870
0.656384
0.650944
0.645549
0.640201
0.634898
0.629642
0.624431
0.619266
0.614147
0.609073
0.604045
0.599063
0.594126
0.589233
0.584387
0.579585
0.574828
0.570115
0.565447
0.560824
0.556244
0.551709
0.547217
0.542769
0.538365
0.534003
0.529685
0.525409
0.521176
0.516985
0.512836
0.508729
0.504663
0.500639
0.496656
0.492713
0.488811
0.484949
0.481127
0.477344
0.473601
0.469897
0.466231
0.462604
0.459015
0.455464
0.451950
0.448474
0.445034
0.441631
0.438264
0.434933
0.431638
0.428378
0.425153
0.421963
0.418807
0.415684
0.412596
0.409541
0.406519
0.403529
0.400572
0.397647
0.394753
0.391891
0.389060
0.386260
0.383490
0.380750
0.378040
0.375360
0.372708
0.370085
0.367491
0.364925
0.362387
0.359876
0.357393
0.354936
0.352506
0.350103
0.347725
0.345373
0.343047
0.340746
0.338469
0.336218
0.333990
0.331787
0.329607
0.327450
0.325317
0.323206
0.321119
0.319053
0.317010
0.314988
0.312988
0.311009
0.309051
0.307114
0.305198
0.303302
0.301425
0.299569
0.297732
0.295915
0.294116
0.292336
0.290575
0.288833
0.287108
0.285402
0.283713
0.282042
0.280388
0.278751
0.277131
0.275528
0.273941
0.272371
0.270817
0.269278
0.267755
0.266248
0.264756
0.263279
0.261818
0.260370
0.258938
0.257520
0.256116
0.254727
0.253351
0.251989
0.250641
0.249306
0.247984
0.246675
0.245380
0.244097
0.242827
0.241569
0.240324
0.239091
0.237870
0.236661
0.235463
0.234278
0.233104
0.231941
0.230790
0.229649
0.228520
0.227401
0.226294
0.225197
0.224110
0.223034
0.221968
0.220912
0.219866
0.218830
0.217804
0.216787
0.215781
0.214783
0.213795
0.212816
0.211847
0.210886
0.209934
0.208992
0.208057
0.207132
0.206215
0.205307
0.204407
0.203515
0.202631
0.201756
0.200888
0.200029
0.199177
0.198333
0.197496
0.196668
0.195846
0.195032
0.194226
0.193426
0.192634
0.191849
0.191071
0.190300
0.189535
0.188778
0.188027
0.187283
0.186545
0.185814
0.185089
0.184371
0.183659
0.182953
0.182253
0.181560
0.180872
0.180190
0.179515
0.178845
0.178181
0.177522
0.176870
0.176223
0.175581
0.174945
0.174314
0.173689
0.173069
0.172454
0.171844
0.171240
0.170641
0.170046
0.169457
0.168873
0.168293
0.167719
0.167149
0.166584
0.166023
0.165468
0.164916
0.164370
0.163828
0.163290
0.162757
0.162228
0.161703
0.161183
0.160667
0.160155
0.159648
0.159144
0.158644
0.158149
0.157658
0.157170
0.156686
0.156207
0.155731
0.155259
0.154790
0.154326
0.153865
0.153407
0.152954
0.152504
0.152057
0.151614
0.151175
0.150739
0.150306
0.149877
0.149451
0.149028
0.148609
0.148193
0.147780
0.147370
0.146964
0.146560
0.146160
0.145763
0.145369
0.144977
0.144589
0.144204
0.143822
0.143442
0.143066
0.142692
0.142322
0.141954
0.141588
0.141226
0.140866
0.140509
0.140155
0.139803
0.139454
0.139107
0.138763
0.138422
0.138083
0.137747
0.137413
0.137081
0.136752
0.136426
0.136102
0.135780
0.135461
0.135143
0.134829
0.134516
0.134206
0.133898
0.133592
0.133289
0.132988
0.132688
0.132391
0.132097
0.131804
0.131513
0.131225
0.130938
0.130654
0.130371
0.130091
0.129813
0.129536
0.129262
0.128989
0.128719
0.128450
0.128183
0.127918
0.127655
0.127394
0.127134
0.126877
0.126621
0.126367
0.126115
0.125865
0.125616
0.125369
0.125124
0.124880
0.124638
0.124398
0.124159
0.123922
0.123687
0.123453
0.123221
0.122991
0.122762
0.122535
0.122309
0.122084
0.121862
0.121640
0.121421
0.121203
0.120986
0.120770
0.120557
0.120344
0.120133
0.119924
0.119716
0.119509
0.119303
0.119099
0.118897
0.118696
0.118496
0.118297
0.118100
0.117904
0.117709
0.117516
0.117324
0.117133
0.116943
0.116755
0.116568
0.116382
0.116197
0.116014
0.115832
0.115651
0.115471
0.115292
0.115115
0.114939
0.114763
0.114589
0.114416
0.114245
0.114074
0.113904
0.113736
0.113569
0.113402
0.113237
0.113073
0.112910
0.112748
0.112587
0.112427
0.112268
0.112110
0.111953
0.111797
0.111642
0.111488
0.111335
0.111183
0.111032
0.110882
0.110733
0.110585
0.110438
0.110292
0.110146
0.110002
0.109858
0.109716
0.109574
0.109433
0.109293
0.109154
0.109016
0.108879
0.108742
0.108607
0.108472
0.108338
0.108205
0.108073
0.107941
0.107811
0.107681
0.107552
0.107424
0.107296
0.107170
0.107044
0.106919
0.106795
0.106671
0.106548
0.106426
0.106305
0.106185
0.106065
0.105946
0.105828
0.105710
0.105593
0.105477
0.105362
0.105247
0.105133
0.105020
0.104907
0.104796
0.104684
0.104574
0.104464
0.104355
0.104246
0.104138
0.104031
0.103924
0.103819
0.103713
0.103609
0.103505
0.103401
0.103298
0.103196
0.103095
0.102994
0.102894
0.102794
0.102695
0.102596
0.102498
0.102401
0.102304
0.102208
0.102112
0.102017
0.101923
0.101829
0.101736
0.101643
0.101551
0.101459
0.101368
0.101277
0.101187
0.101098
0.101009
0.100921
0.100833
0.100745
0.100658
0.100572
0.100486
0.100401
0.100316
0.100232
0.100148
0.100065
0.099982
0.099899
0.099817
0.099736
0.099655
0.099575
0.099495
0.099415
0.099336
0.099258
0.099180
0.099102
0.099025
0.098948
0.098872
0.098796
0.098721
0.098645
0.098571
0.098497
0.098423
0.098350
0.098277
0.098205
0.098133
0.098061
0.097990
0.097920
0.097849
0.097779
0.097710
0.097641
0.097572
0.097504
0.097436
0.097369
0.097302
0.097235
0.097168
0.097103
0.097037
0.096972
0.096907
0.096843
0.096779
0.096715
0.096652
0.096589
0.096526
0.096464
0.096402
0.096340
0.096279
0.096219
0.096158
0.096098
0.096038
0.095979
0.095920
0.095861
0.095803
0.095745
0.095687
0.095629
0.095572
0.095516
0.095459
0.095403
0.095347
0.095292
0.095237
0.095182
0.095127
0.095073
0.095019
0.094966
0.094912
0.094859
0.094807
0.094754
0.094702
0.094650
0.094599
0.094548
0.094497
0.094446
0.094396
0.094346
0.094296
0.094247
0.094198
0.094149
0.094100
0.094052
0.094003
0.093956
0.093908
0.093861
0.093814
0.093767
0.093721
0.093675
0.093629
0.093583
0.093537
0.093492
0.093447
0.093403
0.093358
0.093314
0.093270
0.093227
0.093183
0.093140
0.093097
0.093054
0.093012
0.092970
0.092928
0.092886
0.092844
0.092803
0.092762
0.092721
0.092681
0.092640
0.092600
0.092560
0.092521
0.092481
0.092442
0.092403
0.092364
0.092326
0.092287
0.092249
0.092211
0.092173
0.092136
0.092099
0.092062
0.092025
0.091988
0.091952
0.091915
0.091879
0.091844
0.091808
0.091772
0.091737
0.091702
0.091667
0.091633
0.091598
0.091564
0.091530
0.091496
0.091462
0.091429
0.091395
0.091362
0.091329
0.091297
0.091264
0.091232
0.091199
0.091167
0.091135
0.091104
0.091072
0.091041
0.091010
0.090979
0.090948
0.090917
0.090887
0.090856
0.090826
0.090796
0.090766
0.090737
0.090707
0.090678
0.090649
0.090620
0.090591
0.090563
0.090534
0.090506
0.090478
0.090449
0.090422
0.090394
0.090366
0.090339
0.090312
0.090285
0.090258
0.090231
0.090204
0.090178
0.090151
0.090125
0.090099
0.090073
0.090047
0.090022
0.089996
0.089971
0.089946
0.089921
0.089896
0.089871
0.089846
0.089822
0.089798
0.089773
0.089749
0.089725
0.089701
0.089678
0.089654
0.089631
0.089607
0.089584
0.089561
0.089538
0.089515
0.089493
0.089470
0.089448
0.089426
0.089403
0.089381
0.089359
0.089338
0.089316
0.089294
0.089273
0.089252
0.089231
0.089209
0.089188
0.089168
0.089147
0.089126
0.089106
0.089085
0.089065
0.089045
0.089025
0.089005
0.088985
0.088965
0.088946
0.088926
0.088907
0.088888
0.088869
0.088849
0.088830
0.088812
0.088793
0.088774
0.088756
0.088737
0.088719
0.088701
0.088683
0.088665
0.088647
0.088629
0.088611
0.088594
0.088576
0.088558
0.088541
0.088524
0.088507
0.088490
0.088473
0.088456
0.088439
0.088423
0.088406
0.088390
0.088373
0.088357
0.088341
0.088325
0.088308
0.088293
0.088277
0.088261
0.088245
0.088230
0.088214
0.088199
0.088183
0.088168
0.088153
0.088138
0.088123
0.088108
0.088093
0.088079
0.088064
0.088050
0.088035
0.088021
0.088006
0.087992
0.087978
0.087964
0.087950
0.087936
0.087922
0.087908
0.087895
0.087881
0.087867
0.087854
0.087841
0.087827
0.087814
0.087801
0.087788
0.087775
0.087762
0.087749
0.087736
0.087723
0.087711
0.087698
0.087686
0.087673
0.087661
0.087649
0.087636
0.087624
0.087612
0.087600
0.087588
0.087576
0.087565
0.087553
0.087541
0.087530
0.087518
0.087507
0.087495
0.087484
0.087472
0.087461
0.087450
0.087439
0.087428
0.087417
0.087406
0.087395
0.087384
0.087374
0.087363
0.087352
0.087342
0.087332
0.087321
0.087311
0.087300
0.087290
0.087280
0.087270
0.087260
0.087250
0.087240
0.087335
0.087718
0.088613
0.090511
0.095170
0.368150
0.351271
0.345555
0.377147
0.433417
0.530918
0.663715
0.793378
0.903713
0.992388
1.061760
1.114930
1.154820
1.184180
1.205610
1.221380
1.233160
1.241870
1.247680
1.250350
1.249830
1.246580
1.241480
1.235360
1.228790
1.222080
1.215350
1.208600
1.201850
1.195060
1.188220
1.181330
1.174390
1.167390
1.160330
1.153220
1.146060
1.138850
1.131600
1.124310
1.116980
1.109620
1.102230
1.094820
1.087380
1.079930
1.072470
1.064990
1.057510
1.050030
1.042540
1.035060
1.027580
1.020110
1.012650
1.005200
0.997761
0.990339
0.982935
0.975548
0.968183
0.960839
0.953519
0.946224
0.938955
0.931713
0.924500
0.917317
0.910164
0.903043
0.895955
0.888900
0.881879
0.874894
0.867944
0.861031
0.854156
0.847318
0.840519
0.833759
0.827039
0.820359
0.813719
0.807121
0.800564
0.794049
0.787576
0.781146
0.774760
0.768416
0.762116
0.755859
0.749647
0.743479
0.737356
0.731277
0.725243
0.719254
0.713311
0.707412
0.701560
0.695752
0.689991
0.684275
0.678605
0.672981
0.667403
0.661871
0.656385
0.650945
0.645550
0.640202
0.634899
0.629643
0.624432
0.619267
0.614148
0.609074
0.604046
0.599064
0.594127
0.589235
0.584388
0.579586
0.574829
0.570116
0.565448
0.560825
0.556245
0.551710
0.547218
0.542770
0.538366
0.534004
0.529686
0.525410
0.521177
0.516986
0.512837
0.508730
0.504664
0.500640
0.496656
0.492714
0.488812
0.484949
0.481127
0.477345
0.473602
0.469897
0.466232
0.462605
0.459016
0.455465
0.451951
0.448475
0.445035
0.441632
0.438265
0.434934
0.431639
0.428379
0.425154
0.421964
0.418808
0.415685
0.412597
0.409542
0.406520
0.403530
0.400573
0.397648
0.394755
0.391892
0.389061
0.386261
0.383491
0.380751
0.378041
0.375361
0.372709
0.370086
0.367492
0.364926
0.362388
0.359877
0.357394
0.354937
0.352507
0.350104
0.347726
0.345374
0.343048
0.340747
0.338470
0.336219
0.333991
0.331787
0.329608
0.327451
0.325318
0.323207
0.321119
0.319054
0.317010
0.314989
0.312989
0.311010
0.309052
0.307115
0.305198
0.303302
0.301426
0.299570
0.297733
0.295915
0.294117
0.292337
0.290576
0.288834
0.287109
0.285403
0.283714
0.282043
0.280389
0.278752
0.277132
0.275529
0.273942
0.272371
0.270817
0.269279
0.267756
0.266249
0.264757
0.263280
0.261818
0.260371
0.258939
0.257521
0.256117
0.254727
0.253351
0.251989
0.250641
0.249306
0.247984
0.246676
0.245380
0.244097
0.242827
0.241570
0.240324
0.239091
0.237870
0.236661
0.235464
0.234278
0.233104
0.231942
0.230790
0.229650
0.228520
0.227402
0.226294
0.225197
0.224110
0.223034
0.221968
0.220912
0.219866
0.218830
0.217804
0.216788
0.215781
0.214784
0.213796
0.212817
0.211847
0.210886
0.209935
0.208992
0.208058
0.207133
0.206216
0.205307
0.204407
0.203515
0.202632
0.201756
0.200889
0.200029
0.199177
0.198333
0.197497
0.196668
0.195847
0.195033
0.194226
0.193427
0.192634
0.191849
0.191071
0.190300
0.189536
0.188778
0.188027
0.187283
0.186545
0.185814
0.185090
0.184371
0.183659
0.182953
0.182254
0.181560
0.180872
0.180191
0.179515
0.178845
0.178181
0.177523
0.176870
0.176223
0.175581
0.174945
0.174314
0.173689
0.173069
0.172454
0.171845
0.171240
0.170641
0.170047
0.169457
0.168873
0.168294
0.167719
0.167149
0.166584
0.166024
0.165468
0.164917
0.164370
0.163828
0.163290
0.162757
0.162228
0.161704
0.161183
0.160667
0.160155
0.159648
0.159144
0.158645
0.158149
0.157658
0.157170
0.156687
0.156207
0.155731
0.155259
0.154791
0.154326
0.153865
0.153408
0.152954
0.152504
0.152057
0.151614
0.151175
0.150739
0.150306
0.149877
0.149451
0.149028
0.148609
0.148193
0.147780
0.147370
0.146964
0.146560
0.146160
0.145763
0.145369
0.144978
0.144589
0.144204
0.143822
0.143443
0.143066
0.142693
0.142322
0.141954
0.141588
0.141226
0.140866
0.140509
0.140155
0.139803
0.139454
0.139107
0.138763
0.138422
0.138083
0.137747
0.137413
0.137082
0.136753
0.136426
0.136102
0.135780
0.135461
0.135144
0.134829
0.134516
0.134206
0.133898
0.133593
0.133289
0.132988
0.132689
0.132392
0.132097
0.131804
0.131513
0.131225
0.130938
0.130654
0.130372
0.130091
0.129813
0.129536
0.129262
0.128989
0.128719
0.128450
0.128183
0.127918
0.127655
0.127394
0.127135
0.126877
0.126621
0.126367
0.126115
0.125865
0.125616
0.125369
0.125124
0.124880
0.124638
0.124398
0.124159
0.123923
0.123687
0.123454
0.123221
0.122991
0.122762
0.122535
0.122309
0.122085
0.121862
0.121641
0.121421
0.121203
0.120986
0.120771
0.120557
0.120344
0.120133
0.119924
0.119716
0.119509
0.119304
0.119100
0.118897
0.118696
0.118496
0.118297
0.118100
0.117904
0.117709
0.117516
0.117324
0.117133
0.116943
0.116755
0.116568
0.116382
0.116198
0.116014
0.115832
0.115651
0.115471
0.115293
0.115115
0.114939
0.114764
0.114590
0.114417
0.114245
0.114074
0.113905
0.113736
0.113569
0.113403
0.113237
0.113073
0.112910
0.112748
0.112587
0.112427
0.112268
0.112110
0.111953
0.111797
0.111642
0.111488
0.111336
0.111184
0.111033
0.110883
0.110733
0.110585
0.110438
0.110292
0.110146
0.110002
0.109859
0.109716
0.109574
0.109433
0.109293
0.109154
0.109016
0.108879
0.108742
0.108607
0.108472
0.108338
0.108205
0.108073
0.107941
0.107811
0.107681
0.107552
0.107424
0.107296
0.107170
0.107044
0.106919
0.106795
0.106671
0.106549
0.106427
0.106305
0.106185
0.106065
0.105946
0.105828
0.105710
0.105594
0.105477
0.105362
0.105247
0.105133
0.105020
0.104908
0.104796
0.104684
0.104574
0.104464
0.104355
0.104246
0.104138
0.104031
0.103925
0.103819
0.103713
0.103609
0.103505
0.103401
0.103299
0.103196
0.103095
0.102994
0.102894
0.102794
0.102695
0.102596
0.102498
0.102401
0.102304
0.102208
0.102113
0.102018
0.101923
0.101829
0.101736
0.101643
0.101551
0.101459
0.101368
0.101278
0.101188
0.101098
0.101009
0.100921
0.100833
0.100745
0.100659
0.100572
0.100486
0.100401
0.100316
0.100232
0.100148
0.100065
0.099982
0.099899
0.099818
0.099736
0.099655
0.099575
0.099495
0.099415
0.099336
0.099258
0.099180
0.099102
0.099025
0.098948
0.098872
0.098796
0.098721
0.098646
0.098571
0.098497
0.098423
0.098350
0.098277
0.098205
0.098133
0.098062
0.097990
0.097920
0.097849
0.097780
0.097710
0.097641
0.097572
0.097504
0.097436
0.097369
0.097302
0.097235
0.097169
0.097103
0.097037
0.096972
0.096907
0.096843
0.096779
0.096715
0.096652
0.096589
0.096526
0.096464
0.096402
0.096341
0.096280
0.096219
0.096158
0.096098
0.096038
0.095979
0.095920
0.095861
0.095803
0.095745
0.095687
0.095630
0.095572
0.095516
0.095459
0.095403
0.095347
0.095292
0.095237
0.095182
0.095127
0.095073
0.095019
0.094966
0.094912
0.094860
0.094807
0.094755
0.094702
0.094651
0.094599
0.094548
0.094497
0.094446
0.094396
0.094346
0.094296
0.094247
0.094198
0.094149
0.094100
0.094052
0.094004
0.093956
0.093908
0.093861
0.093814
0.093767
0.093721
0.093675
0.093629
0.093583
0.093538
0.093492
0.093447
0.093403
0.093358
0.093314
0.093270
0.093227
0.093183
0.093140
0.093097
0.093054
0.093012
0.092970
0.092928
0.092886
0.092844
0.092803
0.092762
0.092721
0.092681
0.092641
0.092600
0.092561
0.092521
0.092481
0.092442
0.092403
0.092364
0.092326
0.092287
0.092249
0.092211
0.092174
0.092136
0.092099
0.092062
0.092025
0.091988
0.091952
0.091915
0.091880
0.091844
0.091808
0.091772
0.091737
0.091702
0.091667
0.091633
0.091598
0.091564
0.091530
0.091496
0.091462
0.091429
0.091395
0.091362
0.091329
0.091297
0.091264
0.091232
0.091199
0.091167
0.091135
0.091104
0.091072
0.091041
0.091010
0.090979
0.090948
0.090917
0.090887
0.090857
0.090826
0.090796
0.090767
0.090737
0.090708
0.090678
0.090649
0.090620
0.090591
0.090563
0.090534
0.090506
0.090478
0.090450
0.090422
0.090394
0.090367
0.090339
0.090312
0.090285
0.090258
0.090231
0.090204
0.090178
0.090152
0.090125
0.090099
0.090073
0.090048
0.090022
0.089996
0.089971
0.089946
0.089921
0.089896
0.089871
0.089846
0.089822
0.089798
0.089773
0.089749
0.089725
0.089701
0.089678
0.089654
0.089631
0.089608
0.089584
0.089561
0.089538
0.089516
0.089493
0.089470
0.089448
0.089426
0.089404
0.089382
0.089360
0.089338
0.089316
0.089294
0.089273
0.089252
0.089231
0.089209
0.089188
0.089168
0.089147
0.089126
0.089106
0.089085
0.089065
0.089045
0.089025
0.089005
0.088985
0.088965
0.088946
0.088926
0.088907
0.088888
0.088869
0.088850
0.088831
0.088812
0.088793
0.088774
0.088756
0.088737
0.088719
0.088701
0.088683
0.088665
0.088647
0.088629
0.088611
0.088594
0.088576
0.088559
0.088541
0.088524
0.088507
0.088490
0.088473
0.088456
0.088439
0.088423
0.088406
0.088390
0.088373
0.088357
0.088341
0.088325
0.088309
0.088293
0.088277
0.088261
0.088245
0.088230
0.088214
0.088199
0.088184
0.088168
0.088153
0.088138
0.088123
0.088108
0.088094
0.088079
0.088064
0.088050
0.088035
0.088021
0.088006
0.087992
0.087978
0.087964
0.087950
0.087936
0.087922
0.087908
0.087895
0.087881
0.087868
0.087854
0.087841
0.087827
0.087814
0.087801
0.087788
0.087775
0.087762
0.087749
0.087736
0.087724
0.087711
0.087698
0.087686
0.087673
0.087661
0.087649
0.087637
0.087624
0.087612
0.087600
0.087588
0.087577
0.087565
0.087553
0.087541
0.087530
0.087518
0.087507
0.087495
0.087484
0.087473
0.087461
0.087450
0.087439
0.087428
0.087417
0.087406
0.087395
0.087385
0.087374
0.087363
0.087353
0.087342
0.087332
0.087321
0.087311
0.087301
0.087290
0.087280
0.087270
0.087260
0.087250
0.087240
0.087335
0.087718
0.088613
0.090512
0.095171
0.368169
0.351290
0.345575
0.377165
0.433435
0.530941
0.663742
0.793399
0.903734
0.992406
1.061780
1.114950
1.154830
1.184180
1.205610
1.221380
1.233170
1.241870
1.247680
1.250350
1.249820
1.246580
1.241470
1.235350
1.228790
1.222080
1.215340
1.208590
1.201830
1.195050
1.188210
1.181320
1.174380
1.167370
1.160320
1.153210
1.146040
1.138840
1.131580
1.124290
1.116970
1.109610
1.102220
1.094800
1.087370
1.079920
1.072460
1.064980
1.057500
1.050020
1.042530
1.035050
1.027570
1.020100
1.012640
1.005190
0.997750
0.990328
0.982923
0.975537
0.968172
0.960828
0.953508
0.946213
0.938944
0.931702
0.924489
0.917306
0.910153
0.903032
0.895944
0.888889
0.881868
0.874883
0.867934
0.861021
0.854145
0.847308
0.840509
0.833749
0.827029
0.820349
0.813709
0.807111
0.800554
0.794039
0.787567
0.781137
0.774750
0.768406
0.762106
0.755850
0.749638
0.743470
0.737346
0.731267
0.725234
0.719245
0.713301
0.707403
0.701551
0.695744
0.689982
0.684266
0.678597
0.672973
0.667394
0.661862
0.656376
0.650936
0.645542
0.640193
0.634891
0.629635
0.624424
0.619259
0.614140
0.609066
0.604039
0.599056
0.594119
0.589227
0.584380
0.579578
0.574821
0.570109
0.565441
0.560818
0.556238
0.551703
0.547211
0.542763
0.538359
0.533997
0.529679
0.525403
0.521170
0.516979
0.512830
0.508723
0.504658
0.500633
0.496650
0.492708
0.488805
0.484944
0.481121
0.477339
0.473596
0.469892
0.466226
0.462599
0.459010
0.455459
0.451946
0.448469
0.445030
0.441627
0.438260
0.434929
0.431634
0.428374
0.425149
0.421959
0.418803
0.415681
0.412592
0.409537
0.406515
0.403525
0.400568
0.397643
0.394750
0.391888
0.389057
0.386257
0.383487
0.380747
0.378037
0.375356
0.372705
0.370082
0.367488
0.364922
0.362384
0.359873
0.357390
0.354933
0.352504
0.350100
0.347723
0.345371
0.343045
0.340743
0.338467
0.336215
0.333988
0.331784
0.329604
0.327448
0.325314
0.323204
0.321116
0.319051
0.317007
0.314986
0.312986
0.311007
0.309049
0.307112
0.305196
0.303299
0.301423
0.299567
0.297730
0.295912
0.294114
0.292334
0.290573
0.288831
0.287106
0.285400
0.283711
0.282040
0.280386
0.278749
0.277130
0.275526
0.273940
0.272369
0.270815
0.269276
0.267754
0.266246
0.264755
0.263278
0.261816
0.260369
0.258937
0.257519
0.256115
0.254725
0.253349
0.251988
0.250639
0.249304
0.247983
0.246674
0.245378
0.244096
0.242826
0.241568
0.240323
0.239090
0.237869
0.236660
0.235462
0.234277
0.233103
0.231940
0.230788
0.229648
0.228519
0.227400
0.226293
0.225195
0.224109
0.223033
0.221967
0.220911
0.219865
0.218829
0.217803
0.216786
0.215780
0.214782
0.213794
0.212815
0.211846
0.210885
0.209933
0.208991
0.208057
0.207131
0.206214
0.205306
0.204406
0.203514
0.202631
0.201755
0.200888
0.200028
0.199176
0.198332
0.197496
0.196667
0.195846
0.195032
0.194225
0.193426
0.192633
0.191848
0.191070
0.190299
0.189535
0.188777
0.188026
0.187282
0.186544
0.185813
0.185089
0.184370
0.183658
0.182952
0.182253
0.181559
0.180871
0.180190
0.179514
0.178844
0.178180
0.177522
0.176869
0.176222
0.175580
0.174944
0.174314
0.173688
0.173068
0.172453
0.171844
0.171240
0.170640
0.170046
0.169457
0.168872
0.168293
0.167718
0.167148
0.166583
0.166023
0.165467
0.164916
0.164369
0.163827
0.163290
0.162756
0.162227
0.161703
0.161183
0.160667
0.160155
0.159647
0.159144
0.158644
0.158149
0.157657
0.157170
0.156686
0.156206
0.155730
0.155258
0.154790
0.154325
0.153864
0.153407
0.152953
0.152503
0.152057
0.151614
0.151174
0.150738
0.150306
0.149876
0.149450
0.149028
0.148608
0.148192
0.147779
0.147370
0.146963
0.146560
0.146160
0.145762
0.145368
0.144977
0.144589
0.144204
0.143822
0.143442
0.143066
0.142692
0.142321
0.141953
0.141588
0.141226
0.140866
0.140509
0.140154
0.139803
0.139453
0.139107
0.138763
0.138422
0.138083
0.137746
0.137413
0.137081
0.136752
0.136426
0.136102
0.135780
0.135460
0.135143
0.134829
0.134516
0.134206
0.133898
0.133592
0.133289
0.132987
0.132688
0.132391
0.132096
0.131804
0.131513
0.131225
0.130938
0.130654
0.130371
0.130091
0.129812
0.129536
0.129262
0.128989
0.128718
0.128450
0.128183
0.127918
0.127655
0.127394
0.127134
0.126877
0.126621
0.126367
0.126115
0.125864
0.125616
0.125369
0.125123
0.124880
0.124638
0.124398
0.124159
0.123922
0.123687
0.123453
0.123221
0.122991
0.122762
0.122534
0.122309
0.122084
0.121862
0.121640
0.121421
0.121202
0.120986
0.120770
0.120557
0.120344
0.120133
0.119924
0.119716
0.119509
0.119303
0.119099
0.118897
0.118696
0.118496
0.118297
0.118100
0.117904
0.117709
0.117516
0.117324
0.117133
0.116943
0.116755
0.116568
0.116382
0.116197
0.116014
0.115832
0.115651
0.115471
0.115292
0.115115
0.114939
0.114763
0.114589
0.114416
0.114245
0.114074
0.113904
0.113736
0.113569
0.113402
0.113237
0.113073
0.112910
0.112748
0.112587
0.112427
0.112268
0.112110
0.111953
0.111797
0.111642
0.111488
0.111335
0.111183
0.111032
0.110882
0.110733
0.110585
0.110438
0.110292
0.110146
0.110002
0.109858
0.109716
0.109574
0.109433
0.109293
0.109154
0.109016
0.108879
0.108742
0.108607
0.108472
0.108338
0.108205
0.108073
0.107941
0.107811
0.107681
0.107552
0.107424
0.107296
0.107170
0.107044
0.106919
0.106795
0.106671
0.106548
0.106427
0.106305
0.106185
0.106065
0.105946
0.105828
0.105710
0.105594
0.105477
0.105362
0.105247
0.105133
0.105020
0.104908
0.104796
0.104684
0.104574
0.104464
0.104355
0.104246
0.104138
0.104031
0.103925
0.103819
0.103713
0.103609
0.103505
0.103401
0.103299
0.103196
0.103095
0.102994
0.102894
0.102794
0.102695
0.102596
0.102498
0.102401
0.102304
0.102208
0.102113
0.102018
0.101923
0.101829
0.101736
0.101643
0.101551
0.101459
0.101368
0.101278
0.101188
0.101098
0.101009
0.100921
0.100833
0.100745
0.100659
0.100572
0.100486
0.100401
0.100316
0.100232
0.100148
0.100065
0.099982
0.099899
0.099818
0.099736
0.099655
0.099575
0.099495
0.099415
0.099336
0.099258
0.099180
0.099102
0.099025
0.098948
0.098872
0.098796
0.098721
0.098646
0.098571
0.098497
0.098423
0.098350
0.098277
0.098205
0.098133
0.098062
0.097990
0.097920
0.097849
0.097780
0.097710
0.097641
0.097572
0.097504
0.097436
0.097369
0.097302
0.097235
0.097169
0.097103
0.097037
0.096972
0.096907
0.096843
0.096779
0.096715
0.096652
0.096589
0.096526
0.096464
0.096402
0.096341
0.096280
0.096219
0.096158
0.096098
0.096038
0.095979
0.095920
0.095861
0.095803
0.095745
0.095687
0.095630
0.095572
0.095516
0.095459
0.095403
0.095348
0.095292
0.095237
0.095182
0.095127
0.095073
0.095019
0.094966
0.094913
0.094860
0.094807
0.094755
0.094702
0.094651
0.094599
0.094548
0.094497
0.094447
0.094396
0.094346
0.094296
0.094247
0.094198
0.094149
0.094100
0.094052
0.094004
0.093956
0.093908
0.093861
0.093814
0.093767
0.093721
0.093675
0.093629
0.093583
0.093538
0.093492
0.093448
0.093403
0.093358
0.093314
0.093270
0.093227
0.093183
0.093140
0.093097
0.093054
0.093012
0.092970
0.092928
0.092886
0.092845
0.092803
0.092762
0.092721
0.092681
0.092641
0.092600
0.092561
0.092521
0.092481
0.092442
0.092403
0.092364
0.092326
0.092287
0.092249
0.092211
0.092174
0.092136
0.092099
0.092062
0.092025
0.091988
0.091952
0.091916
0.091880
0.091844
0.091808
0.091773
0.091737
0.091702
0.091667
0.091633
0.091598
0.091564
0.091530
0.091496
0.091462
0.091429
0.091395
0.091362
0.091329
0.091297
0.091264
0.091232
0.091199
0.091167
0.091135
0.091104
0.091072
0.091041
0.091010
0.090979
0.090948
0.090917
0.090887
0.090857
0.090826
0.090797
0.090767
0.090737
0.090708
0.090678
0.090649
0.090620
0.090591
0.090563
0.090534
0.090506
0.090478
0.090450
0.090422
0.090394
0.090367
0.090339
0.090312
0.090285
0.090258
0.090231
0.090204
0.090178
0.090152
0.090125
0.090099
0.090073
0.090048
0.090022
0.089997
0.089971
0.089946
0.089921
0.089896
0.089871
0.089847
0.089822
0.089798
0.089774
0.089749
0.089725
0.089702
0.089678
0.089654
0.089631
0.089608
0.089584
0.089561
0.089538
0.089516
0.089493
0.089470
0.089448
0.089426
0.089404
0.089382
0.089360
0.089338
0.089316
0.089295
0.089273
0.089252
0.089231
0.089210
0.089189
0.089168
0.089147
0.089126
0.089106
0.089085
0.089065
0.089045
0.089025
0.089005
0.088985
0.088966
0.088946
0.088927
0.088907
0.088888
0.088869
0.088850
0.088831
0.088812
0.088793
0.088774
0.088756
0.088737
0.088719
0.088701
0.088683
0.088665
0.088647
0.088629
0.088611
0.088594
0.088576
0.088559
0.088541
0.088524
0.088507
0.088490
0.088473
0.088456
0.088439
0.088423
0.088406
0.088390
0.088373
0.088357
0.088341
0.088325
0.088309
0.088293
0.088277
0.088261
0.088246
0.088230
0.088214
0.088199
0.088184
0.088168
0.088153
0.088138
0.088123
0.088108
0.088094
0.088079
0.088064
0.088050
0.088035
0.088021
0.088007
0.087992
0.087978
0.087964
0.087950
0.087936
0.087922
0.087909
0.087895
0.087881
0.087868
0.087854
0.087841
0.087828
0.087814
0.087801
0.087788
0.087775
0.087762
0.087749
0.087736
0.087724
0.087711
0.087698
0.087686
0.087674
0.087661
0.087649
0.087637
0.087624
0.087612
0.087600
0.087588
0.087577
0.087565
0.087553
0.087541
0.087530
0.087518
0.087507
0.087495
0.087484
0.087473
0.087461
0.087450
0.087439
0.087428
0.087417
0.087406
0.087395
0.087385
0.087374
0.087363
0.087353
0.087342
0.087332
0.087321
0.087311
0.087301
0.087290
0.087280
0.087270
0.087260
0.087250
0.087240
