1.033050
1.031330
1.029610
1.027900
1.026200
1.024510
1.022900
1.022350
1.023690
1.027260
1.033730
1.044460
1.062350
1.092610
1.142000
1.217430
1.324500
1.466470
1.643990
1.855410
2.097450
2.365930
2.656410
2.964570
3.286500
3.618660
3.957800
4.300980
4.645570
4.989300
5.330360
5.667390
5.999360
6.325560
6.645510
6.958910
7.265510
7.565320
7.858220
8.144330
8.423580
8.696160
8.962130
9.221540
9.474580
9.721370
9.961950
10.196500
10.425100
10.647800
10.864800
11.076400
11.282300
11.482800
11.677900
11.867900
12.052700
12.232500
12.407300
12.577200
12.742400
12.902800
13.058500
13.209700
13.356400
13.498700
13.636600
13.770100
13.899500
14.024800
14.145900
14.262900
14.376000
14.485100
14.590400
14.691900
14.789600
14.883700
14.974200
15.061100
15.144400
15.224300
15.300800
15.374000
15.443800
15.510400
15.573800
15.634000
15.691100
15.745100
15.796200
15.844300
15.889500
15.931800
15.971300
16.008000
16.042000
16.073300
16.102000
16.128000
16.151500
16.172600
16.191200
16.207200
16.221000
16.232400
16.241600
16.248400
16.253100
16.255600
16.255900
16.254200
16.250400
16.244600
16.236800
16.227100
16.215400
16.201900
16.186600
16.169500
16.150600
16.130000
16.107700
16.083900
16.058300
16.031200
16.002500
15.972400
15.940700
15.907600
15.873100
15.837200
15.800000
15.761500
15.721600
15.680500
15.638200
15.594700
15.550100
15.504200
15.457400
15.409400
15.360400
15.310300
15.259300
15.207400
15.154400
15.100600
15.045900
14.990400
14.933900
14.876800
14.818800
14.760100
14.700700
14.640600
14.579700
14.518300
14.456200
14.393500
14.330300
14.266400
14.202000
14.137200
14.071800
14.006000
13.939700
13.873000
13.805900
13.738400
13.670500
13.602300
13.533700
13.464900
13.395800
13.326400
13.256700
13.186900
13.116800
13.046500
12.976100
12.905500
12.834800
12.763900
12.692900
12.621800
12.550700
12.479600
12.408300
12.337000
12.265800
12.194500
12.123300
12.052000
11.980900
11.909800
11.838700
11.767800
11.697000
11.626200
11.555600
11.485100
11.414800
11.344700
11.274800
11.205000
11.135400
11.066100
10.996900
10.928000
10.859300
10.790900
10.722700
10.654800
10.587300
10.519900
10.452900
10.386200
10.319800
10.253700
10.187900
10.122500
10.057500
9.992760
9.928410
9.864360
9.800730
9.737510
9.674660
9.612150
9.550070
9.488350
9.427040
9.366140
9.305670
9.245610
9.185910
9.126690
9.067880
9.009490
8.951520
8.893960
8.836890
8.780220
8.723980
8.668210
8.612860
8.557930
8.503470
8.449430
8.395870
8.342720
8.289990
8.237740
8.185900
8.134540
8.083600
8.033080
7.983030
7.933400
7.884240
7.835450
7.787130
7.739280
7.691800
7.644790
7.598200
7.552020
7.506280
7.460930
7.416010
7.371560
7.327470
7.283800
7.240550
7.197710
7.155230
7.113220
7.071570
7.030290
6.989410
6.948960
6.908860
6.869180
6.829800
6.790890
6.752280
6.714090
6.676200
6.638720
6.601600
6.564840
6.528380
6.492330
6.456580
6.421190
6.386160
6.351420
6.317040
6.282960
6.249240
6.215820
6.182750
6.149920
6.117450
6.085280
6.053460
6.021880
5.990600
5.959620
5.928950
5.898560
5.868450
5.838620
5.809070
5.779790
5.750780
5.722040
5.693570
5.665360
5.637400
5.609700
5.582260
5.555060
5.528110
5.501410
5.474940
5.448720
5.422730
5.396960
5.371440
5.346140
5.321060
5.296200
5.271560
5.247140
5.222930
5.198930
5.175140
5.151560
5.128180
5.105000
5.082030
5.059240
5.036650
5.014250
4.992050
4.970020
4.948180
4.926530
4.905060
4.883770
4.862640
4.841700
4.820930
4.800320
4.779890
4.759620
4.739510
4.719570
4.699790
4.680160
4.660690
4.641380
4.622220
4.603210
4.584340
4.565630
4.547060
4.528640
4.510360
4.492220
4.474210
4.456350
4.438620
4.421030
4.403570
4.386240
4.369040
4.351970
4.335020
4.318200
4.301510
4.284930
4.268480
4.252150
4.235940
4.219840
4.203860
4.187990
4.172250
4.156610
4.141070
4.125650
4.110350
4.095140
4.080050
4.065050
4.050170
4.035380
4.020700
4.006120
3.991630
3.977250
3.962960
3.948770
3.934670
3.920670
3.906770
3.892950
3.879220
3.865590
3.852050
3.838590
3.825220
3.811940
3.798750
3.785640
3.772610
3.759670
3.746810
3.734030
3.721330
3.708710
3.696180
3.683710
3.671330
3.659030
3.646800
3.634640
3.622570
3.610560
3.598630
3.586760
3.574980
3.563260
3.551610
3.540040
3.528530
3.517090
3.505720
3.494410
3.483170
3.472000
3.460890
3.449850
3.438870
3.427960
3.417100
3.406310
3.395580
3.384920
3.374310
3.363760
3.353270
3.342850
3.332470
3.322160
3.311910
3.301710
3.291570
3.281480
3.271450
3.261470
3.251550
3.241690
3.231870
3.222110
3.212400
3.202740
3.193130
3.183580
3.174070
3.164620
3.155220
3.145860
3.136550
3.127300
3.118090
3.108930
3.099820
3.090750
3.081730
3.072760
3.063820
3.054940
3.046110
3.037310
3.028560
3.019850
3.011200
3.002580
2.994000
2.985470
2.976980
2.968530
2.960120
2.951750
2.943430
2.935140
2.926900
2.918700
2.910530
2.902400
2.894320
2.886270
2.878260
2.870290
2.862350
2.854460
2.846600
2.838780
2.830990
2.823240
2.815530
2.807850
2.800210
2.792600
2.785030
2.777490
2.769990
2.762530
2.755090
2.747690
2.740330
2.732990
2.725690
2.718420
2.711180
2.703980
2.696810
2.689680
2.682570
2.675490
2.668450
2.661430
2.654450
2.647490
2.640580
2.633680
2.626820
2.619980
2.613180
2.606410
2.599660
2.592950
2.586260
2.579600
2.572970
2.566370
2.559790
2.553240
2.546720
2.540230
2.533770
2.527330
2.520920
2.514530
2.508180
2.501840
2.495540
2.489250
2.483000
2.476770
2.470570
2.464390
2.458230
2.452110
2.446000
2.439930
2.433870
2.427840
2.421830
2.415850
2.409890
2.403960
2.398050
2.392160
2.386290
2.380450
2.374630
2.368830
2.363060
2.357310
2.351590
2.345880
2.340190
2.334530
2.328890
2.323270
2.317670
2.312100
2.306540
2.301010
2.295500
2.290000
2.284530
2.279080
2.273650
2.268240
2.262860
2.257490
2.252140
2.246810
2.241500
2.236210
2.230940
2.225690
2.220460
2.215250
2.210060
2.204890
2.199730
2.194600
2.189480
2.184380
2.179300
2.174240
2.169190
2.164170
2.159160
2.154170
2.149200
2.144250
2.139310
2.134400
2.129490
2.124610
2.119740
2.114890
2.110060
2.105250
2.100450
2.095670
2.090910
2.086160
2.081430
2.076720
2.072010
2.067330
2.062670
2.058020
2.053380
2.048770
2.044170
2.039580
2.035010
2.030450
2.025910
2.021390
2.016880
2.012390
2.007910
2.003450
1.999000
1.994570
1.990150
1.985750
1.981360
1.976980
1.972620
1.968280
1.963950
1.959630
1.955330
1.951050
1.946770
1.942510
1.938270
1.934040
1.929820
1.925610
1.921420
1.917250
1.913090
1.908940
1.904800
1.900680
1.896570
1.892470
1.888390
1.884320
1.880270
1.876230
1.872190
1.868180
1.864170
1.860180
1.856200
1.852240
1.848280
1.844340
1.840410
1.836500
1.832600
1.828700
1.824820
1.820950
1.817100
1.813260
1.809420
1.805610
1.801800
1.798000
1.794220
1.790450
1.786690
1.782930
1.779200
1.775480
1.771760
1.768060
1.764360
1.760690
1.757020
1.753360
1.749710
1.746080
1.742460
1.738840
1.735240
1.731650
1.728070
1.724500
1.720940
1.717390
1.713850
1.710320
1.706810
1.703300
1.699810
1.696320
1.692850
1.689380
1.685930
1.682480
1.679050
1.675630
1.672220
1.668810
1.665420
1.662030
1.658660
1.655300
1.651950
1.648600
1.645270
1.641940
1.638630
1.635320
1.632030
1.628750
1.625470
1.622200
1.618940
1.615700
1.612460
1.609230
1.606010
1.602800
1.599600
1.596410
1.593220
1.590050
1.586890
1.583730
1.580590
1.577450
1.574320
1.571200
1.568090
1.564990
1.561900
1.558810
1.555740
1.552670
1.549610
1.546560
1.543520
1.540490
1.537460
1.534450
1.531440
1.528440
1.525450
1.522470
1.519490
1.516530
1.513570
1.510620
1.507680
1.504750
1.501830
1.498910
1.496000
1.493100
1.490210
1.487330
1.484450
1.481580
1.478720
1.475870
1.473020
1.470180
1.467350
1.464540
1.461720
1.458910
1.456120
1.453320
1.450540
1.447760
1.444990
1.442230
1.439480
1.436740
1.433990
1.431270
1.428540
1.425830
1.423120
1.420420
1.417720
1.415040
1.412350
1.409680
1.407020
1.404350
1.401700
1.399060
1.396420
1.393790
1.391170
1.388550
1.385940
1.383340
1.380740
1.378160
1.375580
1.373000
1.370430
1.367870
1.365320
1.362770
1.360220
1.357690
1.355160
1.352640
1.350120
1.347610
1.345110
1.342620
1.340130
1.337650
1.335170
1.332700
1.330240
1.327790
1.325330
1.322890
1.320450
1.318020
1.315600
1.313180
1.310760
1.308360
1.305960
1.303570
1.301180
1.298800
1.296420
1.294050
1.291690
1.289330
1.286990
1.284640
1.282300
1.279970
1.277640
1.275320
1.273000
1.270700
1.268390
1.266100
1.263800
1.261510
1.259240
1.256960
1.254690
1.252430
1.250180
1.247920
1.245680
1.243440
1.241200
1.238970
1.236750
1.234540
1.232320
1.230120
1.227920
1.225720
1.223530
1.221340
1.219170
1.217000
1.214830
1.212660
1.210510
1.208360
1.206210
1.204070
1.201930
1.199800
1.197680
1.195560
1.193440
1.191330
1.189230
1.187130
1.185040
1.182950
1.180870
1.178790
1.176710
1.174650
1.172580
1.170530
1.168470
1.166430
1.164390
1.162350
1.160320
1.158280
1.156260
1.154250
1.152240
1.150230
1.148220
1.146230
1.144240
1.142250
1.140260
1.138280
1.136310
1.134340
1.132380
1.130420
1.128460
1.126520
1.124570
1.122630
1.120700
1.118760
1.116830
1.114920
1.113000
1.111080
1.109180
1.107280
1.105380
1.103480
1.101590
1.099710
1.097830
1.095950
1.094080
1.092220
1.090360
1.088500
1.086640
1.084800
1.082950
1.081110
1.079270
1.077450
1.075620
1.073790
1.071980
1.070160
1.068350
1.066550
1.064750
1.062950
1.061160
1.059370
1.057590
1.055810
1.054040
1.052260
1.050500
1.048730
1.046980
1.045220
1.043470
1.041730
1.039990
1.038250
1.036510
1.034790
1.033060
1.031340
1.029620
1.027910
1.026210
1.024520
1.022900
1.022350
1.023700
1.027270
1.033730
1.044460
1.062350
1.092600
1.141980
1.217410
1.324470
1.466440
1.643950
1.855360
2.097410
2.365880
2.656350
2.964500
3.286440
3.618600
3.957740
4.300930
4.645510
4.989250
5.330320
5.667340
5.999300
6.325510
6.645450
6.958850
7.265450
7.565260
7.858160
8.144270
8.423520
8.696100
8.962070
9.221490
9.474580
9.721310
9.961890
10.196400
10.425000
10.647800
10.864800
11.076200
11.282100
11.482600
11.677800
11.867800
12.052600
12.232400
12.407200
12.577100
12.742200
12.902600
13.058400
13.209600
13.356300
13.498500
13.636400
13.770100
13.899400
14.024600
14.145800
14.262800
14.375900
14.485000
14.590300
14.691800
14.789500
14.883600
14.974100
15.060900
15.144300
15.224200
15.300700
15.373900
15.443800
15.510300
15.573700
15.634000
15.691100
15.745100
15.796200
15.844300
15.889400
15.931700
15.971200
16.007900
16.042000
16.073200
16.101900
16.128000
16.151500
16.172500
16.191100
16.207200
16.221000
16.232400
16.241500
16.248400
16.253100
16.255600
16.255900
16.254100
16.250300
16.244500
16.236700
16.227000
16.215400
16.201900
16.186600
16.169500
16.150600
16.130000
16.107700
16.083800
16.058300
16.031100
16.002500
15.972300
15.940700
15.907600
15.873100
15.837200
15.799900
15.761400
15.721600
15.680500
15.638200
15.594700
15.550000
15.504200
15.457300
15.409300
15.360400
15.310300
15.259200
15.207300
15.154400
15.100600
15.045800
14.990300
14.933900
14.876700
14.818800
14.760100
14.700700
14.640500
14.579700
14.518200
14.456200
14.393500
14.330200
14.266400
14.202000
14.137200
14.071800
14.006000
13.939600
13.872900
13.805800
13.738300
13.670500
13.602200
13.533700
13.464900
13.395700
13.326300
13.256600
13.186800
13.116700
13.046400
12.976000
12.905400
12.834600
12.763800
12.692800
12.621800
12.550600
12.479400
12.408200
12.337000
12.265600
12.194400
12.123100
12.051900
11.980800
11.909600
11.838600
11.767700
11.696800
11.626100
11.555600
11.485100
11.414800
11.344600
11.274700
11.204900
11.135300
11.066000
10.996800
10.927900
10.859200
10.790800
10.722700
10.654800
10.587100
10.519900
10.452800
10.386100
10.319700
10.253600
10.187900
10.122500
10.057400
9.992700
9.928290
9.864300
9.800670
9.737450
9.674540
9.612100
9.549950
9.488290
9.426980
9.366090
9.305610
9.245500
9.185860
9.126630
9.067830
9.009440
8.951470
8.893910
8.836830
8.780170
8.723930
8.668160
8.612810
8.557880
8.503420
8.449380
8.395760
8.342610
8.289940
8.237690
8.185850
8.134440
8.083490
8.033030
7.982980
7.933350
7.884140
7.835400
7.787080
7.739240
7.691750
7.644740
7.598150
7.551970
7.506280
7.460930
7.416010
7.371500
7.327470
7.283800
7.240550
7.197710
7.155230
7.113220
7.071570
7.030290
6.989410
6.948960
6.908860
6.869120
6.829800
6.790830
6.752280
6.714030
6.676200
6.638720
6.601600
6.564780
6.528380
6.492330
6.456580
6.421190
6.386160
6.351420
6.317040
6.282960
6.249240
6.215820
6.182690
6.149920
6.117450
6.085280
6.053400
6.021880
5.990600
5.959620
5.928950
5.898560
5.868440
5.838610
5.809060
5.779780
5.750780
5.722040
5.693560
5.665350
5.637400
5.609700
5.582250
5.555060
5.528110
5.501400
5.474940
5.448720
5.422720
5.396960
5.371430
5.346130
5.321050
5.296190
5.271560
5.247140
5.222930
5.198930
5.175140
5.151560
5.128180
5.105000
5.082020
5.059240
5.036640
5.014250
4.992040
4.970020
4.948180
4.926530
4.905050
4.883760
4.862640
4.841700
4.820920
4.800320
4.779890
4.759620
4.739510
4.719570
4.699780
4.680150
4.660690
4.641370
4.622210
4.603200
4.584340
4.565630
4.547060
4.528630
4.510360
4.492210
4.474210
4.456350
4.438620
4.421030
4.403560
4.386230
4.369030
4.351960
4.335020
4.318200
4.301500
4.284930
4.268480
4.252140
4.235930
4.219830
4.203850
4.187990
4.172240
4.156600
4.141070
4.125650
4.110340
4.095140
4.080050
4.065050
4.050170
4.035380
4.020700
4.006110
3.991630
3.977240
3.962960
3.948770
3.934670
3.920670
3.906760
3.892940
3.879220
3.865590
3.852040
3.838590
3.825220
3.811940
3.798750
3.785630
3.772610
3.759670
3.746800
3.734020
3.721330
3.708710
3.696170
3.683710
3.671330
3.659020
3.646790
3.634640
3.622560
3.610560
3.598620
3.586760
3.574970
3.563260
3.551610
3.540040
3.528520
3.517090
3.505710
3.494410
3.483170
3.472000
3.460890
3.449850
3.438870
3.427950
3.417100
3.406310
3.395580
3.384910
3.374310
3.363760
3.353270
3.342840
3.332470
3.322160
3.311910
3.301710
3.291570
3.281480
3.271450
3.261470
3.251550
3.241680
3.231870
3.222100
3.212400
3.202740
3.193130
3.183580
3.174070
3.164620
3.155220
3.145860
3.136550
3.127300
3.118090
3.108930
3.099810
3.090750
3.081730
3.072750
3.063820
3.054940
3.046100
3.037310
3.028560
3.019850
3.011190
3.002580
2.994000
2.985460
2.976970
2.968530
2.960120
2.951750
2.943430
2.935140
2.926900
2.918690
2.910530
2.902400
2.894320
2.886270
2.878260
2.870290
2.862350
2.854460
2.846600
2.838780
2.830990
2.823240
2.815530
2.807850
2.800210
2.792600
2.785030
2.777490
2.769990
2.762530
2.755090
2.747690
2.740320
2.732990
2.725690
2.718420
2.711180
2.703980
2.696810
2.689670
2.682560
2.675490
2.668440
2.661430
2.654450
2.647490
2.640570
2.633680
2.626820
2.619980
2.613180
2.606410
2.599660
2.592950
2.586260
2.579600
2.572970
2.566370
2.559790
2.553240
2.546720
2.540230
2.533770
2.527330
2.520920
2.514530
2.508180
2.501840
2.495530
2.489250
2.483000
2.476770
2.470570
2.464390
2.458230
2.452110
2.446000
2.439930
2.433870
2.427840
2.421830
2.415850
2.409890
2.403960
2.398050
2.392160
2.386290
2.380450
2.374630
2.368830
2.363060
2.357310
2.351590
2.345880
2.340190
2.334530
2.328890
2.323270
2.317670
2.312100
2.306540
2.301010
2.295500
2.290000
2.284530
2.279080
2.273650
2.268240
2.262860
2.257490
2.252140
2.246810
2.241500
2.236210
2.230940
2.225690
2.220460
2.215250
2.210060
2.204890
2.199730
2.194600
2.189480
2.184380
2.179300
2.174240
2.169190
2.164170
2.159160
2.154170
2.149200
2.144250
2.139310
2.134400
2.129490
2.124610
2.119740
2.114890
2.110060
2.105250
2.100450
2.095670
2.090910
2.086160
2.081430
2.076710
2.072010
2.067330
2.062670
2.058020
2.053380
2.048770
2.044170
2.039580
2.035010
2.030450
2.025910
2.021390
2.016880
2.012390
2.007910
2.003450
1.999000
1.994570
1.990150
1.985750
1.981360
1.976980
1.972620
1.968280
1.963950
1.959630
1.955330
1.951040
1.946770
1.942510
1.938270
1.934040
1.929820
1.925610
1.921420
1.917250
1.913090
1.908940
1.904800
1.900680
1.896570
1.892470
1.888390
1.884320
1.880270
1.876230
1.872190
1.868180
1.864170
1.860180
1.856200
1.852240
1.848280
1.844340
1.840410
1.836500
1.832590
1.828700
1.824820
1.820950
1.817100
1.813260
1.809420
1.805610
1.801800
1.798000
1.794220
1.790450
1.786690
1.782930
1.779200
1.775480
1.771760
1.768060
1.764360
1.760690
1.757020
1.753360
1.749710
1.746080
1.742460
1.738840
1.735230
1.731650
1.728070
1.724500
1.720940
1.717390
1.713850
1.710320
1.706810
1.703300
1.699810
1.696320
1.692850
1.689380
1.685930
1.682480
1.679050
1.675630
1.672220
1.668810
1.665420
1.662030
1.658660
1.655300
1.651950
1.648600
1.645270
1.641940
1.638630
1.635320
1.632030
1.628750
1.625470
1.622200
1.618940
1.615700
1.612460
1.609230
1.606010
1.602800
1.599600
1.596410
1.593220
1.590050
1.586890
1.583730
1.580590
1.577450
1.574320
1.571200
1.568090
1.564990
1.561900
1.558810
1.555740
1.552670
1.549610
1.546560
1.543520
1.540480
1.537460
1.534450
1.531440
1.528440
1.525450
1.522470
1.519490
1.516530
1.513570
1.510620
1.507680
1.504750
1.501830
1.498910
1.496000
1.493100
1.490210
1.487330
1.484450
1.481580
1.478720
1.475870
1.473020
1.470180
1.467350
1.464540
1.461720
1.458910
1.456120
1.453320
1.450540
1.447760
1.444990
1.442230
1.439480
1.436740
1.433990
1.431270
1.428540
1.425830
1.423120
1.420420
1.417720
1.415040
1.412350
1.409680
1.407020
1.404350
1.401700
1.399060
1.396420
1.393790
1.391170
1.388550
1.385940
1.383340
1.380740
1.378160
1.375580
1.373000
1.370430
1.367870
1.365320
1.362770
1.360220
1.357690
1.355160
1.352640
1.350120
1.347610
1.345110
1.342620
1.340130
1.337650
1.335170
1.332700
1.330240
1.327790
1.325330
1.322890
1.320450
1.318020
1.315600
1.313180
1.310760
1.308360
1.305960
1.303570
1.301180
1.298800
1.296420
1.294050
1.291690
1.289330
1.286990
1.284640
1.282300
1.279970
1.277640
1.275320
1.273000
1.270700
1.268390
1.266100
1.263800
1.261510
1.259240
1.256960
1.254690
1.252430
1.250180
1.247920
1.245680
1.243440
1.241200
1.238970
1.236750
1.234540
1.232320
1.230120
1.227920
1.225720
1.223530
1.221340
1.219170
1.217000
1.214830
1.212660
1.210510
1.208360
1.206210
1.204070
1.201930
1.199800
1.197680
1.195560
1.193440
1.191330
1.189230
1.187130
1.185040
1.182950
1.180870
1.178790
1.176710
1.174650
1.172580
1.170530
1.168470
1.166430
1.164390
1.162350
1.160320
1.158280
1.156260
1.154250
1.152240
1.150230
1.148220
1.146230
1.144240
1.142250
1.140260
1.138280
1.136310
1.134340
1.132380
1.130420
1.128460
1.126520
1.124570
1.122630
1.120700
1.118760
1.116830
1.114920
1.113000
1.111080
1.109180
1.107280
1.105380
1.103480
1.101590
1.099710
1.097830
1.095960
1.094080
1.092220
1.090360
1.088500
1.086640
1.084800
1.082950
1.081110
1.079270
1.077450
1.075620
1.073790
1.071980
1.070160
1.068350
1.066550
1.064750
1.062960
1.061160
1.059370
1.057590
1.055810
1.054040
1.052270
1.050500
1.048730
1.046980
1.045220
1.043470
1.041730
1.039990
1.038250
1.036510
1.034790
1.033060
1.031340
1.029620
1.027910
1.026210
1.024520
1.022910
1.022350
1.023700
1.027270
1.033730
1.044460
1.062360
1.092620
1.142000
1.217440
1.324510
1.466480
1.643990
1.855410
2.097460
2.365940
2.656410
2.964570
3.286500
3.618660
3.957810
4.301000
4.645580
4.989310
5.330380
5.667410
5.999360
6.325560
6.645510
6.958910
7.265510
7.565320
7.858220
8.144270
8.423580
8.696100
8.962070
9.221490
9.474520
9.721310
9.961890
10.196400
10.425000
10.647700
10.864800
11.076200
11.282100
11.482600
11.677800
11.867700
12.052500
12.232300
12.407100
12.577000
12.742200
12.902600
13.058300
13.209500
13.356100
13.498400
13.636300
13.769900
13.899300
14.024500
14.145700
14.262700
14.375800
14.484800
14.590100
14.691600
14.789400
14.883400
14.973900
15.060800
15.144200
15.224100
15.300600
15.373700
15.443500
15.510100
15.573400
15.633700
15.690800
15.744900
15.795900
15.844000
15.889200
15.931500
15.971000
16.007700
16.041600
16.073000
16.101600
16.127700
16.151200
16.172200
16.190800
16.206900
16.220700
16.232100
16.241200
16.248100
16.252700
16.255200
16.255600
16.253900
16.250000
16.244200
16.236400
16.226700
16.215100
16.201500
16.186200
16.169100
16.150200
16.129600
16.107400
16.083500
16.057900
16.030800
16.002100
15.972000
15.940300
15.907200
15.872700
15.836900
15.799600
15.761100
15.721200
15.680200
15.637900
15.594300
15.549700
15.503900
15.457000
15.409000
15.360000
15.309900
15.258900
15.207000
15.154000
15.100200
15.045500
14.990000
14.933500
14.876400
14.818400
14.759800
14.700300
14.640200
14.579300
14.517900
14.455800
14.393200
14.329900
14.266000
14.201700
14.136800
14.071400
14.005600
13.939300
13.872600
13.805500
13.738000
13.670100
13.601900
13.533400
13.464500
13.395400
13.326000
13.256400
13.186500
13.116500
13.046200
12.975700
12.905100
12.834400
12.763600
12.692500
12.621500
12.550400
12.479200
12.407900
12.336700
12.265400
12.194100
12.122900
12.051700
11.980500
11.909400
11.838400
11.767400
11.696600
11.625900
11.555300
11.484800
11.414500
11.344400
11.274500
11.204700
11.135100
11.065700
10.996600
10.927700
10.859000
10.790600
10.722400
10.654500
10.587000
10.519600
10.452600
10.385900
10.319500
10.253400
10.187600
10.122200
10.057200
9.992460
9.928110
9.864120
9.800490
9.737220
9.674360
9.611860
9.549770
9.488110
9.426800
9.365910
9.305430
9.245320
9.185680
9.126450
9.067650
9.009260
8.951290
8.893730
8.836650
8.779990
8.723750
8.667980
8.612630
8.557700
8.503240
8.449200
8.395640
8.342490
8.289760
8.237510
8.185670
8.134320
8.083370
8.032850
7.982800
7.933230
7.884020
7.835280
7.786960
7.739060
7.691630
7.644620
7.598030
7.551860
7.506100
7.460820
7.415890
7.371390
7.327350
7.283680
7.240430
7.197590
7.155110
7.113100
7.071460
7.030170
6.989290
6.948840
6.908740
6.869060
6.829680
6.790770
6.752160
6.713970
6.676080
6.638600
6.601480
6.564720
6.528260
6.492210
6.456460
6.421070
6.386040
6.351300
6.316930
6.282850
6.249120
6.215700
6.182630
6.149860
6.117390
6.085220
6.053340
6.021760
5.990540
5.959560
5.928860
5.898470
5.868360
5.838530
5.808980
5.779700
5.750690
5.721960
5.693490
5.665270
5.637320
5.609630
5.582180
5.554980
5.528040
5.501330
5.474870
5.448640
5.422650
5.396890
5.371360
5.346060
5.320980
5.296120
5.271490
5.247060
5.222860
5.198860
5.175070
5.151490
5.128110
5.104930
5.081950
5.059180
5.036580
5.014190
4.991980
4.969960
4.948120
4.926470
4.905000
4.883700
4.862580
4.841640
4.820870
4.800260
4.779830
4.759560
4.739450
4.719510
4.699730
4.680110
4.660640
4.641320
4.622160
4.603150
4.584290
4.565570
4.547010
4.528590
4.510310
4.492170
4.474170
4.456300
4.438570
4.420980
4.403510
4.386190
4.368990
4.351920
4.334970
4.318150
4.301460
4.284880
4.268430
4.252100
4.235890
4.219800
4.203820
4.187950
4.172200
4.156560
4.141030
4.125610
4.110310
4.095100
4.080000
4.065010
4.050120
4.035340
4.020660
4.006080
3.991590
3.977210
3.962920
3.948730
3.934630
3.920630
3.906730
3.892910
3.879190
3.865550
3.852010
3.838550
3.825190
3.811910
3.798710
3.785600
3.772570
3.759630
3.746770
3.733990
3.721300
3.708680
3.696140
3.683680
3.671300
3.658990
3.646760
3.634610
3.622530
3.610530
3.598590
3.586730
3.574940
3.563230
3.551580
3.540010
3.528490
3.517060
3.505690
3.494380
3.483140
3.471970
3.460860
3.449820
3.438840
3.427930
3.417070
3.406280
3.395550
3.384890
3.374280
3.363740
3.353240
3.342820
3.332440
3.322140
3.311880
3.301680
3.291540
3.281460
3.271420
3.261450
3.251520
3.241660
3.231840
3.222080
3.212370
3.202710
3.193110
3.183550
3.174050
3.164590
3.155190
3.145840
3.136530
3.127270
3.118070
3.108900
3.099790
3.090730
3.081700
3.072730
3.063800
3.054920
3.046080
3.037290
3.028540
3.019840
3.011170
3.002550
2.993980
2.985450
2.976960
2.968510
2.960100
2.951740
2.943410
2.935120
2.926880
2.918670
2.910510
2.902380
2.894290
2.886250
2.878240
2.870260
2.862330
2.854430
2.846580
2.838750
2.830970
2.823220
2.815510
2.807830
2.800190
2.792580
2.785010
2.777470
2.769970
2.762500
2.755070
2.747670
2.740300
2.732970
2.725670
2.718400
2.711170
2.703960
2.696800
2.689650
2.682550
2.675470
2.668430
2.661410
2.654430
2.647470
2.640560
2.633660
2.626800
2.619970
2.613160
2.606390
2.599640
2.592930
2.586240
2.579580
2.572950
2.566350
2.559770
2.553230
2.546710
2.540220
2.533750
2.527310
2.520900
2.514510
2.508160
2.501820
2.495520
2.489240
2.482980
2.476760
2.470550
2.464380
2.458220
2.452090
2.445990
2.439910
2.433850
2.427820
2.421820
2.415840
2.409880
2.403940
2.398030
2.392140
2.386280
2.380440
2.374620
2.368820
2.363050
2.357300
2.351570
2.345870
2.340180
2.334520
2.328870
2.323250
2.317660
2.312080
2.306530
2.301000
2.295480
2.289990
2.284520
2.279070
2.273640
2.268230
2.262850
2.257480
2.252130
2.246790
2.241490
2.236200
2.230930
2.225680
2.220450
2.215230
2.210050
2.204870
2.199720
2.194580
2.189470
2.184370
2.179280
2.174230
2.169180
2.164160
2.159150
2.154160
2.149190
2.144240
2.139300
2.134380
2.129480
2.124600
2.119730
2.114880
2.110050
2.105240
2.100440
2.095660
2.090900
2.086150
2.081420
2.076700
2.072000
2.067320
2.062650
2.058010
2.053370
2.048750
2.044150
2.039570
2.035000
2.030450
2.025910
2.021380
2.016870
2.012380
2.007900
2.003440
1.998990
1.994560
1.990140
1.985740
1.981340
1.976970
1.972620
1.968270
1.963940
1.959620
1.955320
1.951040
1.946760
1.942500
1.938260
1.934030
1.929810
1.925610
1.921420
1.917240
1.913080
1.908930
1.904800
1.900670
1.896560
1.892470
1.888390
1.884320
1.880260
1.876210
1.872190
1.868170
1.864170
1.860180
1.856200
1.852230
1.848270
1.844330
1.840410
1.836490
1.832580
1.828690
1.824810
1.820950
1.817090
1.813250
1.809420
1.805600
1.801790
1.797990
1.794210
1.790440
1.786680
1.782930
1.779190
1.775460
1.771750
1.768050
1.764360
1.760680
1.757010
1.753350
1.749710
1.746070
1.742440
1.738830
1.735230
1.731640
1.728060
1.724490
1.720930
1.717380
1.713850
1.710320
1.706800
1.703290
1.699800
1.696310
1.692840
1.689380
1.685920
1.682480
1.679040
1.675620
1.672200
1.668800
1.665410
1.662030
1.658660
1.655290
1.651940
1.648590
1.645260
1.641940
1.638620
1.635320
1.632020
1.628740
1.625460
1.622200
1.618940
1.615690
1.612450
1.609220
1.606000
1.602790
1.599590
1.596400
1.593220
1.590050
1.586880
1.583730
1.580580
1.577440
1.574310
1.571190
1.568080
1.564980
1.561890
1.558800
1.555730
1.552660
1.549600
1.546550
1.543510
1.540480
1.537460
1.534440
1.531430
1.528440
1.525440
1.522460
1.519490
1.516530
1.513560
1.510620
1.507680
1.504750
1.501820
1.498900
1.495990
1.493090
1.490200
1.487320
1.484440
1.481580
1.478720
1.475860
1.473010
1.470180
1.467350
1.464530
1.461710
1.458910
1.456110
1.453320
1.450530
1.447760
1.444990
1.442230
1.439480
1.436730
1.433990
1.431260
1.428540
1.425820
1.423110
1.420410
1.417720
1.415030
1.412350
1.409670
1.407010
1.404350
1.401700
1.399060
1.396420
1.393780
1.391160
1.388550
1.385940
1.383330
1.380740
1.378150
1.375570
1.372990
1.370420
1.367860
1.365310
1.362760
1.360220
1.357680
1.355160
1.352630
1.350120
1.347610
1.345110
1.342620
1.340130
1.337640
1.335170
1.332700
1.330230
1.327780
1.325330
1.322880
1.320450
1.318010
1.315590
1.313170
1.310760
1.308360
1.305960
1.303560
1.301180
1.298790
1.296420
1.294050
1.291690
1.289330
1.286980
1.284630
1.282300
1.279960
1.277640
1.275310
1.273000
1.270690
1.268380
1.266090
1.263800
1.261510
1.259230
1.256960
1.254690
1.252430
1.250170
1.247920
1.245670
1.243430
1.241200
1.238970
1.236750
1.234530
1.232320
1.230110
1.227910
1.225720
1.223530
1.221340
1.219160
1.216990
1.214820
1.212660
1.210500
1.208350
1.206210
1.204070
1.201930
1.199800
1.197670
1.195550
1.193440
1.191330
1.189230
1.187130
1.185040
1.182950
1.180860
1.178790
1.176710
1.174650
1.172580
1.170520
1.168470
1.166420
1.164380
1.162340
1.160310
1.158280
1.156260
1.154250
1.152230
1.150220
1.148220
1.146230
1.144230
1.142240
1.140260
1.138280
1.136310
1.134340
1.132370
1.130410
1.128460
1.126510
1.124570
1.122630
1.120690
1.118760
1.116830
1.114910
1.113000
1.111080
1.109180
1.107270
1.105370
1.103480
1.101590
1.099700
1.097820
1.095940
1.094070
1.092210
1.090340
1.088490
1.086630
1.084790
1.082940
1.081100
1.079270
1.077430
1.075610
1.073790
1.071970
1.070150
1.068350
1.066540
1.064740
1.062940
1.061150
1.059360
1.057580
1.055800
1.054020
1.052250
1.050480
1.048730
1.046970
1.045210
1.043460
1.041710
1.039980
1.038240
1.036500
1.034770
1.033050
