1.129420
1.127570
1.125740
1.123900
1.122080
1.120280
1.118630
1.118460
1.120600
1.125410
1.133560
1.146260
1.166090
1.197480
1.246120
1.317790
1.417340
1.547940
1.710800
1.905280
2.129280
2.379740
2.653020
2.945440
3.253420
3.573710
3.903400
4.239800
4.580510
4.923280
5.266110
5.607290
5.945450
6.279560
6.608790
6.932620
7.250640
7.562690
7.868650
8.168470
8.462190
8.749760
9.031300
9.306870
9.576630
9.840640
10.099000
10.351900
10.599300
10.841400
11.078200
11.309900
11.536600
11.758200
11.975000
12.187000
12.394200
12.596900
12.794900
12.988400
13.177500
13.362100
13.542600
13.718700
13.890600
14.058400
14.222100
14.381800
14.537500
14.689300
14.837200
14.981300
15.121700
15.258300
15.391200
15.520600
15.646400
15.768600
15.887300
16.002500
16.114400
16.222900
16.328100
16.430100
16.528900
16.624500
16.717000
16.806200
16.892500
16.975800
17.056100
17.133500
17.207900
17.279500
17.348200
17.414200
17.477400
17.537900
17.595700
17.650900
17.703400
17.753400
17.800900
17.845800
17.888300
17.928300
17.966000
18.001200
18.034200
18.064800
18.093100
18.119200
18.143100
18.164900
18.184400
18.201900
18.217300
18.230600
18.241900
18.251200
18.258600
18.264000
18.267500
18.269100
18.268900
18.266900
18.263000
18.257400
18.250100
18.241000
18.230300
18.217900
18.203900
18.188300
18.171100
18.152400
18.132100
18.110300
18.087100
18.062400
18.036300
18.008800
17.979900
17.949600
17.918100
17.885200
17.851100
17.815700
17.779100
17.741200
17.702200
17.662000
17.620600
17.578200
17.534700
17.490000
17.444400
17.397700
17.350000
17.301200
17.251500
17.200900
17.149400
17.096900
17.043500
16.989400
16.934300
16.878400
16.821700
16.764200
16.706000
16.647000
16.587200
16.526800
16.465600
16.403800
16.341300
16.278200
16.214400
16.150100
16.085200
16.019700
15.953600
15.887000
15.819900
15.752200
15.684200
15.615600
15.546600
15.477100
15.407200
15.336900
15.266200
15.195100
15.123700
15.052000
14.979800
14.907500
14.834700
14.761700
14.688500
14.614900
14.541200
14.467200
14.393000
14.318600
14.244100
14.169200
14.094400
14.019300
13.944100
13.868800
13.793400
13.717900
13.642200
13.566600
13.490900
13.415100
13.339300
13.263500
13.187800
13.111900
13.036100
12.960400
12.884700
12.809000
12.733400
12.657900
12.582400
12.507100
12.431900
12.356800
12.281800
12.207000
12.132300
12.057700
11.983300
11.909200
11.835200
11.761400
11.687800
11.614400
11.541300
11.468400
11.395700
11.323300
11.251200
11.179300
11.107700
11.036400
10.965400
10.894700
10.824300
10.754200
10.684500
10.615100
10.546000
10.477300
10.408900
10.340900
10.273200
10.205900
10.139000
10.072500
10.006400
9.940620
9.875230
9.810310
9.745780
9.681660
9.617940
9.554620
9.491760
9.429310
9.367310
9.305720
9.244580
9.183850
9.123640
9.063760
9.004410
8.945520
8.887030
8.828990
8.771420
8.714310
8.657660
8.601460
8.545670
8.490400
8.435580
8.381230
8.327280
8.273840
8.220810
8.168290
8.116180
8.064580
8.013390
7.962650
7.912380
7.862560
7.813210
7.764250
7.715760
7.667730
7.620150
7.572980
7.526270
7.480010
7.434160
7.388710
7.343720
7.299140
7.255010
7.211290
7.167960
7.125100
7.082640
7.040520
6.998870
6.957610
6.916760
6.876250
6.836200
6.796500
6.757200
6.718250
6.679690
6.641540
6.603730
6.566270
6.529210
6.492500
6.456180
6.420160
6.384530
6.349200
6.314260
6.279670
6.245370
6.211410
6.177800
6.144530
6.111550
6.078860
6.046510
6.014510
5.982790
5.951360
5.920280
5.889420
5.858910
5.828690
5.798760
5.769110
5.739700
5.710600
5.681770
5.653210
5.624920
5.596900
5.569130
5.541620
5.514380
5.487380
5.460630
5.434130
5.407870
5.381850
5.356070
5.330520
5.305210
5.280120
5.255260
5.230620
5.206210
5.182010
5.158020
5.134250
5.110690
5.087340
5.064190
5.041240
5.018490
4.995950
4.973590
4.951430
4.929460
4.907680
4.886080
4.864670
4.843440
4.822390
4.801510
4.780810
4.760280
4.739920
4.719730
4.699710
4.679850
4.660160
4.640620
4.621250
4.602030
4.582960
4.564050
4.545290
4.526680
4.508220
4.489900
4.471720
4.453690
4.435800
4.418050
4.400440
4.382960
4.365620
4.348410
4.331330
4.314380
4.297570
4.280870
4.264300
4.247860
4.231540
4.215340
4.199260
4.183300
4.167450
4.151720
4.136100
4.120600
4.105210
4.089930
4.074760
4.059700
4.044740
4.029890
4.015150
4.000510
3.985970
3.971530
3.957190
3.942950
3.928810
3.914770
3.900820
3.886970
3.873210
3.859550
3.845970
3.832480
3.819090
3.805790
3.792570
3.779450
3.766400
3.753450
3.740570
3.727780
3.715080
3.702450
3.689910
3.677440
3.665060
3.652750
3.640530
3.628380
3.616300
3.604300
3.592380
3.580530
3.568750
3.557050
3.545420
3.533860
3.522360
3.510940
3.499590
3.488310
3.477090
3.465940
3.454860
3.443840
3.432890
3.422000
3.411160
3.400400
3.389700
3.379070
3.368500
3.357990
3.347540
3.337140
3.326810
3.316540
3.306320
3.296160
3.286060
3.276020
3.266030
3.256100
3.246220
3.236400
3.226630
3.216920
3.207260
3.197650
3.188090
3.178590
3.169140
3.159740
3.150380
3.141080
3.131830
3.122630
3.113470
3.104370
3.095310
3.086300
3.077340
3.068420
3.059550
3.050720
3.041950
3.033210
3.024520
3.015880
3.007280
2.998730
2.990210
2.981740
2.973310
2.964920
2.956580
2.948280
2.940020
2.931800
2.923620
2.915480
2.907380
2.899330
2.891300
2.883320
2.875380
2.867480
2.859610
2.851780
2.843990
2.836240
2.828520
2.820840
2.813200
2.805590
2.798020
2.790480
2.782980
2.775520
2.768080
2.760690
2.753320
2.746000
2.738700
2.731440
2.724210
2.717020
2.709860
2.702730
2.695620
2.688560
2.681520
2.674520
2.667550
2.660610
2.653700
2.646820
2.639970
2.633160
2.626370
2.619610
2.612880
2.606180
2.599510
2.592870
2.586250
2.579670
2.573110
2.566590
2.560090
2.553620
2.547170
2.540750
2.534370
2.528010
2.521670
2.515360
2.509080
2.502820
2.496590
2.490380
2.484210
2.478050
2.471930
2.465830
2.459750
2.453700
2.447660
2.441660
2.435680
2.429730
2.423800
2.417890
2.412010
2.406150
2.400320
2.394500
2.388720
2.382950
2.377210
2.371490
2.365790
2.360120
2.354460
2.348830
2.343220
2.337640
2.332080
2.326530
2.321010
2.315510
2.310030
2.304570
2.299140
2.293720
2.288330
2.282950
2.277600
2.272260
2.266960
2.261660
2.256390
2.251130
2.245900
2.240690
2.235490
2.230320
2.225160
2.220020
2.214910
2.209810
2.204740
2.199670
2.194630
2.189610
2.184600
2.179620
2.174650
2.169700
2.164760
2.159850
2.154950
2.150080
2.145220
2.140370
2.135550
2.130740
2.125940
2.121170
2.116410
2.111670
2.106950
2.102240
2.097550
2.092880
2.088220
2.083580
2.078960
2.074340
2.069750
2.065180
2.060620
2.056070
2.051540
2.047030
2.042530
2.038050
2.033580
2.029140
2.024700
2.020280
2.015870
2.011480
2.007110
2.002750
1.998400
1.994070
1.989750
1.985450
1.981160
1.976890
1.972630
1.968390
1.964160
1.959940
1.955740
1.951550
1.947380
1.943210
1.939070
1.934940
1.930820
1.926710
1.922620
1.918540
1.914480
1.910420
1.906390
1.902360
1.898350
1.894350
1.890370
1.886390
1.882430
1.878480
1.874550
1.870620
1.866720
1.862820
1.858940
1.855060
1.851200
1.847350
1.843520
1.839690
1.835890
1.832090
1.828300
1.824530
1.820760
1.817010
1.813270
1.809550
1.805830
1.802120
1.798430
1.794750
1.791080
1.787420
1.783780
1.780140
1.776510
1.772900
1.769300
1.765710
1.762130
1.758560
1.755000
1.751460
1.747920
1.744400
1.740880
1.737380
1.733880
1.730400
1.726930
1.723470
1.720020
1.716580
1.713150
1.709730
1.706310
1.702920
1.699530
1.696150
1.692780
1.689420
1.686070
1.682730
1.679400
1.676090
1.672780
1.669480
1.666190
1.662910
1.659640
1.656380
1.653130
1.649890
1.646650
1.643430
1.640220
1.637020
1.633820
1.630640
1.627460
1.624290
1.621140
1.617990
1.614850
1.611720
1.608600
1.605490
1.602390
1.599290
1.596210
1.593140
1.590070
1.587010
1.583960
1.580920
1.577890
1.574860
1.571850
1.568840
1.565840
1.562860
1.559870
1.556900
1.553940
1.550990
1.548040
1.545100
1.542170
1.539250
1.536330
1.533430
1.530530
1.527640
1.524760
1.521880
1.519020
1.516170
1.513320
1.510470
1.507640
1.504810
1.502000
1.499190
1.496380
1.493590
1.490800
1.488020
1.485250
1.482490
1.479730
1.476990
1.474250
1.471510
1.468790
1.466070
1.463360
1.460650
1.457960
1.455270
1.452580
1.449910
1.447250
1.444590
1.441930
1.439290
1.436650
1.434020
1.431390
1.428780
1.426170
1.423570
1.420970
1.418380
1.415800
1.413230
1.410660
1.408100
1.405540
1.402990
1.400450
1.397920
1.395390
1.392880
1.390360
1.387850
1.385350
1.382860
1.380370
1.377890
1.375420
1.372950
1.370490
1.368040
1.365590
1.363150
1.360710
1.358290
1.355860
1.353450
1.351040
1.348630
1.346240
1.343850
1.341460
1.339080
1.336710
1.334340
1.331990
1.329630
1.327290
1.324940
1.322610
1.320280
1.317960
1.315640
1.313330
1.311030
1.308730
1.306430
1.304140
1.301860
1.299590
1.297320
1.295060
1.292800
1.290540
1.288300
1.286060
1.283830
1.281600
1.279380
1.277160
1.274950
1.272740
1.270540
1.268340
1.266150
1.263970
1.261790
1.259620
1.257450
1.255290
1.253130
1.250980
1.248840
1.246690
1.244560
1.242430
1.240300
1.238190
1.236080
1.233970
1.231860
1.229770
1.227680
1.225590
1.223500
1.221430
1.219360
1.217290
1.215230
1.213180
1.211130
1.209080
1.207040
1.205000
1.202970
1.200950
1.198930
1.196910
1.194910
1.192900
1.190900
1.188900
1.186920
1.184930
1.182950
1.180970
1.179000
1.177040
1.175080
1.173120
1.171170
1.169220
1.167280
1.165350
1.163420
1.161490
1.159570
1.157650
1.155730
1.153830
1.151920
1.150020
1.148130
1.146240
1.144350
1.142470
1.140600
1.138730
1.136860
1.135000
1.133140
1.131290
1.129440
1.127590
1.125750
1.123920
1.122100
1.120290
1.118650
1.118470
1.120620
1.125430
1.133570
1.146270
1.166090
1.197480
1.246110
1.317770
1.417310
1.547890
1.710730
1.905200
2.129210
2.379650
2.652930
2.945340
3.253320
3.573610
3.903280
4.239670
4.580380
4.923140
5.265970
5.607170
5.945350
6.279400
6.608630
6.932460
7.250540
7.562590
7.868550
8.168360
8.462020
8.749650
9.031190
9.306750
9.576570
9.840580
10.099000
10.351800
10.599200
10.841300
11.078100
11.309800
11.536400
11.758100
11.974900
12.186900
12.394100
12.596800
12.794800
12.988300
13.177400
13.362100
13.542500
13.718600
13.890500
14.058300
14.222000
14.381700
14.537400
14.689200
14.837100
14.981200
15.121600
15.258200
15.391200
15.520500
15.646300
15.768500
15.887200
16.002400
16.114300
16.222800
16.328100
16.430100
16.528900
16.624400
16.716800
16.806200
16.892500
16.975700
17.056100
17.133400
17.207900
17.279400
17.348200
17.414100
17.477400
17.537900
17.595700
17.650900
17.703400
17.753400
17.800800
17.845800
17.888300
17.928300
17.966000
18.001200
18.034100
18.064800
18.093100
18.119200
18.143200
18.164900
18.184500
18.201900
18.217300
18.230600
18.241900
18.251200
18.258600
18.264000
18.267500
18.269200
18.268900
18.266900
18.263100
18.257400
18.250100
18.241100
18.230400
18.218000
18.203900
18.188400
18.171100
18.152400
18.132200
18.110400
18.087100
18.062500
18.036300
18.008900
17.980000
17.949800
17.918200
17.885300
17.851200
17.815800
17.779200
17.741300
17.702300
17.662100
17.620800
17.578300
17.534700
17.490200
17.444500
17.397800
17.350000
17.301400
17.251700
17.201000
17.149500
17.097000
17.043700
16.989500
16.934400
16.878500
16.821800
16.764300
16.706100
16.647100
16.587300
16.526900
16.465800
16.403900
16.341400
16.278300
16.214600
16.150200
16.085300
16.019800
15.953700
15.887100
15.820000
15.752400
15.684300
15.615700
15.546700
15.477200
15.407300
15.337000
15.266400
15.195300
15.123900
15.052100
14.980000
14.907600
14.834900
14.761900
14.688600
14.615100
14.541400
14.467400
14.393200
14.318800
14.244200
14.169400
14.094500
14.019500
13.944300
13.868900
13.793500
13.718000
13.642400
13.566800
13.491000
13.415300
13.339500
13.263700
13.187900
13.112100
13.036300
12.960500
12.884800
12.809100
12.733600
12.658000
12.582600
12.507300
12.432100
12.356900
12.281900
12.207100
12.132400
12.057900
11.983500
11.909300
11.835300
11.761500
11.687900
11.614600
11.541500
11.468600
11.395900
11.323500
11.251300
11.179500
11.107900
11.036600
10.965600
10.894900
10.824500
10.754400
10.684600
10.615200
10.546200
10.477400
10.409100
10.341000
10.273300
10.206100
10.139200
10.072700
10.006500
9.940730
9.875400
9.810470
9.745890
9.681770
9.618050
9.554790
9.491880
9.429480
9.367420
9.305830
9.244700
9.184020
9.123750
9.063940
9.004530
8.945630
8.887140
8.829110
8.771540
8.714430
8.657770
8.601580
8.545850
8.490520
8.435700
8.381290
8.327400
8.273960
8.220930
8.168410
8.116300
8.064650
8.013510
7.962780
7.912500
7.862690
7.813270
7.764380
7.715880
7.667850
7.620220
7.573100
7.526390
7.480080
7.434230
7.388840
7.343790
7.299260
7.255140
7.211410
7.168090
7.125170
7.082710
7.040650
6.998940
6.957680
6.916830
6.876320
6.836280
6.796570
6.757270
6.718320
6.679760
6.641610
6.603810
6.566400
6.529280
6.492630
6.456260
6.420230
6.384610
6.349270
6.314340
6.279750
6.245450
6.211490
6.177880
6.144550
6.111630
6.078940
6.046590
6.014590
5.982870
5.951440
5.920300
5.889500
5.858990
5.828770
5.798780
5.769130
5.739760
5.710660
5.681830
5.653270
5.624980
5.596960
5.569190
5.541690
5.514440
5.487440
5.460680
5.434190
5.407920
5.381910
5.356120
5.330570
5.305260
5.280170
5.255310
5.230670
5.206250
5.182050
5.158070
5.134300
5.110740
5.087380
5.064230
5.041290
5.018540
4.995990
4.973640
4.951480
4.929510
4.907730
4.886130
4.864710
4.843480
4.822420
4.801550
4.780850
4.760320
4.739960
4.719770
4.699750
4.679890
4.660200
4.640660
4.621290
4.602070
4.583000
4.564090
4.545330
4.526720
4.508250
4.489930
4.471760
4.453730
4.435840
4.418090
4.400470
4.383000
4.365650
4.348450
4.331370
4.314420
4.297600
4.280910
4.264330
4.247890
4.231570
4.215370
4.199290
4.183320
4.167480
4.151750
4.136130
4.120630
4.105240
4.089960
4.074790
4.059720
4.044770
4.029920
4.015170
4.000530
3.986000
3.971560
3.957220
3.942980
3.928840
3.914800
3.900850
3.886990
3.873240
3.859570
3.846000
3.832510
3.819120
3.805810
3.792600
3.779470
3.766420
3.753470
3.740590
3.727800
3.715100
3.702480
3.689930
3.677460
3.665080
3.652780
3.640550
3.628400
3.616320
3.604320
3.592400
3.580550
3.568770
3.557070
3.545430
3.533870
3.522380
3.510960
3.499610
3.488330
3.477110
3.465960
3.454880
3.443860
3.432910
3.422020
3.411200
3.400440
3.389740
3.379110
3.368540
3.358030
3.347580
3.337180
3.326850
3.316580
3.306360
3.296200
3.286100
3.276060
3.266070
3.256140
3.246260
3.236440
3.226670
3.216960
3.207290
3.197690
3.188130
3.178630
3.169180
3.159770
3.150420
3.141120
3.131870
3.122670
3.113510
3.104410
3.095350
3.086340
3.077370
3.068460
3.059580
3.050760
3.041990
3.033250
3.024560
3.015920
3.007320
2.998760
2.990250
2.981780
2.973350
2.964960
2.956620
2.948310
2.940050
2.931830
2.923650
2.915520
2.907420
2.899350
2.891330
2.883350
2.875410
2.867510
2.859640
2.851810
2.844020
2.836270
2.828550
2.820870
2.813230
2.805620
2.798050
2.790510
2.783010
2.775550
2.768110
2.760720
2.753360
2.746030
2.738730
2.731470
2.724240
2.717040
2.709880
2.702750
2.695650
2.688590
2.681550
2.674550
2.667580
2.660640
2.653730
2.646850
2.640000
2.633190
2.626390
2.619640
2.612910
2.606210
2.599540
2.592900
2.586280
2.579700
2.573140
2.566620
2.560120
2.553640
2.547200
2.540780
2.534390
2.528030
2.521700
2.515390
2.509100
2.502840
2.496620
2.490410
2.484230
2.478080
2.471950
2.465850
2.459770
2.453720
2.447690
2.441690
2.435710
2.429750
2.423820
2.417920
2.412030
2.406180
2.400340
2.394530
2.388740
2.382980
2.377230
2.371520
2.365820
2.360140
2.354490
2.348860
2.343250
2.337660
2.332100
2.326560
2.321030
2.315540
2.310050
2.304600
2.299160
2.293750
2.288350
2.282970
2.277630
2.272290
2.266980
2.261680
2.256410
2.251150
2.245930
2.240710
2.235520
2.230340
2.225180
2.220050
2.214930
2.209830
2.204750
2.199700
2.194650
2.189630
2.184630
2.179640
2.174670
2.169720
2.164790
2.159870
2.154980
2.150100
2.145240
2.140400
2.135570
2.130760
2.125970
2.121190
2.116440
2.111700
2.106970
2.102260
2.097570
2.092900
2.088240
2.083600
2.078970
2.074370
2.069770
2.065200
2.060640
2.056090
2.051570
2.047050
2.042550
2.038070
2.033610
2.029150
2.024720
2.020300
2.015890
2.011500
2.007120
2.002760
1.998420
1.994090
1.989770
1.985470
1.981180
1.976910
1.972650
1.968410
1.964170
1.959960
1.955760
1.951570
1.947400
1.943240
1.939090
1.934960
1.930840
1.926740
1.922640
1.918570
1.914500
1.910450
1.906410
1.902380
1.898370
1.894370
1.890380
1.886410
1.882450
1.878500
1.874570
1.870650
1.866730
1.862840
1.858950
1.855080
1.851220
1.847380
1.843540
1.839720
1.835900
1.832100
1.828320
1.824540
1.820780
1.817030
1.813290
1.809560
1.805850
1.802140
1.798450
1.794770
1.791100
1.787440
1.783790
1.780160
1.776530
1.772920
1.769320
1.765720
1.762150
1.758580
1.755020
1.751480
1.747940
1.744410
1.740900
1.737390
1.733900
1.730420
1.726950
1.723480
1.720030
1.716590
1.713160
1.709740
1.706330
1.702930
1.699550
1.696170
1.692790
1.689440
1.686090
1.682750
1.679420
1.676100
1.672790
1.669500
1.666200
1.662920
1.659650
1.656400
1.653140
1.649900
1.646670
1.643440
1.640230
1.637030
1.633840
1.630650
1.627480
1.624310
1.621150
1.618000
1.614870
1.611740
1.608610
1.605510
1.602400
1.599310
1.596230
1.593150
1.590080
1.587020
1.583980
1.580930
1.577900
1.574880
1.571870
1.568860
1.565860
1.562870
1.559890
1.556920
1.553960
1.551000
1.548050
1.545110
1.542180
1.539260
1.536350
1.533440
1.530540
1.527660
1.524770
1.521900
1.519030
1.516180
1.513330
1.510490
1.507660
1.504830
1.502010
1.499200
1.496400
1.493600
1.490820
1.488040
1.485270
1.482500
1.479750
1.477000
1.474260
1.471530
1.468800
1.466080
1.463370
1.460670
1.457970
1.455290
1.452600
1.449920
1.447260
1.444600
1.441950
1.439300
1.436660
1.434030
1.431410
1.428790
1.426180
1.423580
1.420980
1.418400
1.415810
1.413240
1.410670
1.408110
1.405560
1.403010
1.400470
1.397940
1.395410
1.392890
1.390380
1.387870
1.385370
1.382870
1.380380
1.377910
1.375430
1.372970
1.370500
1.368050
1.365600
1.363160
1.360730
1.358300
1.355870
1.353460
1.351050
1.348650
1.346250
1.343860
1.341470
1.339100
1.336730
1.334360
1.332000
1.329650
1.327300
1.324960
1.322620
1.320300
1.317970
1.315650
1.313340
1.311040
1.308740
1.306450
1.304160
1.301880
1.299610
1.297340
1.295070
1.292810
1.290560
1.288320
1.286070
1.283840
1.281610
1.279390
1.277170
1.274960
1.272750
1.270550
1.268350
1.266170
1.263980
1.261800
1.259630
1.257460
1.255300
1.253150
1.250990
1.248850
1.246710
1.244570
1.242440
1.240320
1.238200
1.236090
1.233980
1.231880
1.229780
1.227690
1.225600
1.223520
1.221440
1.219370
1.217300
1.215250
1.213190
1.211140
1.209090
1.207050
1.205020
1.202990
1.200960
1.198940
1.196930
1.194920
1.192910
1.190910
1.188910
1.186930
1.184940
1.182960
1.180990
1.179020
1.177050
1.175090
1.173130
1.171180
1.169240
1.167290
1.165360
1.163430
1.161500
1.159580
1.157660
1.155750
1.153840
1.151940
1.150030
1.148140
1.146250
1.144360
1.142480
1.140610
1.138740
1.136870
1.135010
1.133150
1.131300
1.129450
1.127600
1.125760
1.123930
1.122110
1.120310
1.118660
1.118480
1.120630
1.125440
1.133580
1.146290
1.166110
1.197500
1.246140
1.317800
1.417350
1.547940
1.710780
1.905260
2.129270
2.379710
2.653000
2.945400
3.253380
3.573670
3.903340
4.239750
4.580450
4.923220
5.266040
5.607240
5.945410
6.279520
6.608750
6.932570
7.250600
7.562650
7.868600
8.168410
8.462130
8.749710
9.031240
9.306810
9.576630
9.840640
10.099000
10.351800
10.599200
10.841300
11.078100
11.309900
11.536500
11.758100
11.974900
12.186900
12.394200
12.596800
12.794800
12.988400
13.177400
13.362100
13.542500
13.718600
13.890500
14.058300
14.222100
14.381700
14.537500
14.689300
14.837200
14.981300
15.121700
15.258300
15.391300
15.520600
15.646300
15.768500
15.887200
16.002500
16.114400
16.222900
16.328200
16.430100
16.528900
16.624500
16.716900
16.806300
16.892600
16.975800
17.056100
17.133400
17.207900
17.279500
17.348200
17.414200
17.477400
17.537900
17.595700
17.650900
17.703400
17.753400
17.800900
17.845800
17.888300
17.928300
17.966000
18.001200
18.034200
18.064800
18.093200
18.119300
18.143200
18.164900
18.184500
18.201900
18.217300
18.230700
18.242000
18.251300
18.258600
18.264000
18.267600
18.269200
18.269000
18.266900
18.263100
18.257500
18.250100
18.241100
18.230400
18.218000
18.204000
18.188400
18.171200
18.152500
18.132200
18.110500
18.087200
18.062500
18.036400
18.008900
17.980000
17.949800
17.918200
17.885300
17.851200
17.815800
17.779200
17.741400
17.702300
17.662100
17.620800
17.578400
17.534800
17.490200
17.444500
17.397800
17.350100
17.301400
17.251700
17.201100
17.149600
17.097100
17.043700
16.989500
16.934400
16.878600
16.821900
16.764400
16.706200
16.647200
16.587400
16.527000
16.465800
16.404000
16.341500
16.278400
16.214600
16.150300
16.085300
16.019800
15.953800
15.887200
15.820100
15.752400
15.684300
15.615800
15.546700
15.477300
15.407400
15.337100
15.266400
15.195300
15.123900
15.052200
14.980100
14.907600
14.835000
14.762000
14.688700
14.615200
14.541400
14.467500
14.393200
14.318800
14.244200
14.169500
14.094600
14.019500
13.944300
13.869000
13.793600
13.718100
13.642500
13.566800
13.491200
13.415400
13.339600
13.263800
13.188000
13.112200
13.036400
12.960700
12.884900
12.809300
12.733700
12.658200
12.582700
12.507400
12.432100
12.357000
12.282000
12.207200
12.132500
12.058000
11.983600
11.909400
11.835400
11.761700
11.688100
11.614700
11.541500
11.468600
11.396000
11.323500
11.251400
11.179600
11.108000
11.036700
10.965600
10.895000
10.824500
10.754500
10.684700
10.615300
10.546200
10.477500
10.409100
10.341100
10.273500
10.206100
10.139200
10.072700
10.006600
9.940840
9.875460
9.810530
9.746010
9.681830
9.618170
9.554850
9.491990
9.429540
9.367540
9.305950
9.244810
9.184080
9.123810
9.064000
9.004640
8.945690
8.887200
8.829170
8.771600
8.714480
8.657830
8.601640
8.545910
8.490580
8.435760
8.381410
8.327460
8.274020
8.220990
8.168470
8.116360
8.064710
8.013570
7.962830
7.912560
7.862740
7.813330
7.764440
7.715940
7.667910
7.620280
7.573160
7.526390
7.480140
7.434290
7.388840
7.343850
7.299320
7.255140
7.211410
7.168150
7.125230
7.082770
7.040650
6.998990
6.957740
6.916890
6.876380
6.836280
6.796630
6.757270
6.718380
6.679820
6.641670
6.603860
6.566400
6.529340
6.492630
6.456260
6.420290
6.384670
6.349330
6.314400
6.279750
6.245510
6.211550
6.177940
6.144610
6.111630
6.079000
6.046650
6.014640
5.982870
5.951500
5.920360
5.889560
5.858990
5.828770
5.798840
5.769190
5.739800
5.710690
5.681860
5.653300
5.625020
5.596990
5.569220
5.541720
5.514460
5.487470
5.460720
5.434210
5.407960
5.381930
5.356150
5.330610
5.305290
5.280200
5.255340
5.230700
5.206280
5.182090
5.158100
5.134330
5.110770
5.087410
5.064260
5.041320
5.018570
4.996020
4.973670
4.951510
4.929540
4.907750
4.886160
4.864740
4.843510
4.822450
4.801580
4.780880
4.760350
4.739990
4.719800
4.699780
4.679920
4.660220
4.640680
4.621310
4.602090
4.583020
4.564110
4.545350
4.526740
4.508270
4.489960
4.471780
4.453750
4.435860
4.418110
4.400500
4.383020
4.365680
4.348470
4.331390
4.314440
4.297620
4.280920
4.264360
4.247910
4.231590
4.215390
4.199300
4.183340
4.167500
4.151770
4.136150
4.120650
4.105260
4.089980
4.074810
4.059740
4.044790
4.029940
4.015200
4.000550
3.986010
3.971570
3.957240
3.943000
3.928860
3.914810
3.900870
3.887020
3.873250
3.859590
3.846010
3.832530
3.819140
3.805830
3.792610
3.779480
3.766440
3.753490
3.740620
3.727830
3.715120
3.702490
3.689950
3.677480
3.665100
3.652790
3.640570
3.628410
3.616340
3.604340
3.592420
3.580570
3.568790
3.557090
3.545450
3.533890
3.522400
3.510980
3.499630
3.488350
3.477130
3.465980
3.454890
3.443880
3.432930
3.422040
3.411210
3.400460
3.389760
3.379130
3.368550
3.358040
3.347590
3.337200
3.326860
3.316590
3.306370
3.296210
3.286120
3.276070
3.266080
3.256150
3.246270
3.236450
3.226690
3.216970
3.207310
3.197700
3.188140
3.178640
3.169190
3.159780
3.150440
3.141130
3.131880
3.122680
3.113530
3.104420
3.095360
3.086350
3.077380
3.068470
3.059600
3.050780
3.042000
3.033260
3.024570
3.015930
3.007330
2.998770
2.990260
2.981790
2.973360
2.964970
2.956630
2.948330
2.940070
2.931850
2.923660
2.915530
2.907430
2.899370
2.891350
2.883360
2.875420
2.867520
2.859650
2.851830
2.844040
2.836280
2.828560
2.820890
2.813240
2.805630
2.798060
2.790530
2.783020
2.775560
2.768130
2.760730
2.753370
2.746040
2.738750
2.731480
2.724250
2.717060
2.709900
2.702770
2.695660
2.688600
2.681560
2.674560
2.667590
2.660650
2.653740
2.646860
2.640010
2.633200
2.626410
2.619650
2.612920
2.606220
2.599550
2.592910
2.586300
2.579710
2.573150
2.566630
2.560130
2.553650
2.547210
2.540790
2.534410
2.528040
2.521710
2.515400
2.509110
2.502860
2.496630
2.490420
2.484240
2.478090
2.471960
2.465860
2.459780
2.453730
2.447700
2.441700
2.435720
2.429770
2.423840
2.417930
2.412050
2.406180
2.400350
2.394540
2.388750
2.382980
2.377240
2.371520
2.365830
2.360150
2.354500
2.348870
2.343260
2.337670
2.332110
2.326570
2.321050
2.315550
2.310070
2.304610
2.299170
2.293760
2.288360
2.282990
2.277630
2.272300
2.266980
2.261690
2.256420
2.251170
2.245930
2.240720
2.235530
2.230350
2.225200
2.220060
2.214940
2.209840
2.204760
2.199700
2.194660
2.189640
2.184630
2.179650
2.174680
2.169730
2.164800
2.159880
2.154980
2.150110
2.145240
2.140400
2.135570
2.130770
2.125970
2.121200
2.116440
2.111700
2.106980
2.102270
2.097580
2.092910
2.088230
2.083600
2.078970
2.074360
2.069770
2.065190
2.060630
2.056090
2.051560
2.047050
2.042550
2.038070
2.033600
2.029150
2.024720
2.020290
2.015890
2.011500
2.007120
2.002760
1.998420
1.994090
1.989770
1.985470
1.981180
1.976910
1.972650
1.968400
1.964170
1.959960
1.955760
1.951570
1.947390
1.943230
1.939090
1.934950
1.930840
1.926730
1.922640
1.918560
1.914500
1.910440
1.906400
1.902380
1.898360
1.894360
1.890380
1.886410
1.882450
1.878500
1.874560
1.870640
1.866730
1.862830
1.858950
1.855080
1.851220
1.847370
1.843530
1.839710
1.835900
1.832100
1.828320
1.824540
1.820780
1.817030
1.813290
1.809560
1.805840
1.802140
1.798450
1.794760
1.791100
1.787440
1.783790
1.780150
1.776530
1.772920
1.769320
1.765730
1.762150
1.758580
1.755020
1.751470
1.747940
1.744410
1.740890
1.737390
1.733890
1.730410
1.726940
1.723480
1.720030
1.716590
1.713160
1.709740
1.706330
1.702930
1.699540
1.696160
1.692800
1.689430
1.686080
1.682750
1.679420
1.676100
1.672790
1.669490
1.666200
1.662920
1.659650
1.656390
1.653140
1.649900
1.646670
1.643450
1.640230
1.637030
1.633830
1.630650
1.627470
1.624310
1.621150
1.618000
1.614870
1.611740
1.608620
1.605500
1.602400
1.599310
1.596220
1.593150
1.590080
1.587020
1.583970
1.580930
1.577900
1.574880
1.571860
1.568860
1.565860
1.562870
1.559890
1.556920
1.553950
1.551000
1.548050
1.545110
1.542180
1.539260
1.536350
1.533440
1.530540
1.527650
1.524770
1.521900
1.519040
1.516170
1.513330
1.510490
1.507650
1.504830
1.502010
1.499200
1.496400
1.493610
1.490820
1.488040
1.485270
1.482500
1.479750
1.477000
1.474260
1.471520
1.468800
1.466080
1.463370
1.460670
1.457970
1.455280
1.452600
1.449930
1.447260
1.444600
1.441950
1.439300
1.436660
1.434030
1.431410
1.428790
1.426180
1.423580
1.420990
1.418390
1.415810
1.413240
1.410670
1.408110
1.405550
1.403010
1.400470
1.397930
1.395410
1.392880
1.390370
1.387870
1.385360
1.382870
1.380390
1.377900
1.375430
1.372960
1.370500
1.368050
1.365600
1.363160
1.360730
1.358300
1.355880
1.353460
1.351050
1.348650
1.346250
1.343860
1.341470
1.339100
1.336730
1.334360
1.332000
1.329650
1.327300
1.324960
1.322620
1.320290
1.317970
1.315650
1.313340
1.311040
1.308740
1.306450
1.304160
1.301880
1.299600
1.297330
1.295070
1.292810
1.290560
1.288310
1.286070
1.283840
1.281610
1.279380
1.277170
1.274950
1.272750
1.270550
1.268350
1.266160
1.263980
1.261800
1.259630
1.257460
1.255300
1.253140
1.250990
1.248850
1.246700
1.244570
1.242440
1.240320
1.238200
1.236090
1.233980
1.231870
1.229780
1.227680
1.225600
1.223520
1.221440
1.219370
1.217300
1.215250
1.213190
1.211140
1.209090
1.207050
1.205020
1.202980
1.200960
1.198940
1.196930
1.194920
1.192910
1.190910
1.188920
1.186930
1.184940
1.182960
1.180980
1.179010
1.177050
1.175090
1.173130
1.171180
1.169230
1.167290
1.165360
1.163430
1.161500
1.159580
1.157660
1.155740
1.153840
1.151930
1.150030
1.148140
1.146250
1.144360
1.142480
1.140610
1.138740
1.136870
1.135010
1.133150
1.131300
1.129450
