11.904800
11.904700
11.904700
11.904700
11.904700
11.904700
11.907300
11.907900
11.907800
11.907600
11.907500
11.907400
11.907300
11.907200
11.907100
11.907000
11.906900
11.906800
11.906700
11.906700
11.906600
11.906500
11.906500
11.906400
11.906400
11.906300
11.906300
11.906300
11.906300
11.906300
11.906300
11.906300
11.906300
11.906300
11.906400
11.906400
11.906400
11.906500
11.906500
11.906600
11.906600
11.906700
11.906800
11.906800
11.906900
11.906900
11.907000
11.907100
11.907100
11.907200
11.907300
11.907300
11.907400
11.907500
11.907600
11.907600
11.907700
11.907800
11.907800
11.907900
11.908000
11.908100
11.908100
11.908200
11.908300
11.908400
11.908400
11.908500
11.908600
11.908700
11.908700
11.908800
11.908900
11.909000
11.909000
11.909100
11.909200
11.909300
11.909300
11.909400
11.909500
11.909500
11.909600
11.909700
11.909800
11.909800
11.909900
11.910000
11.910000
11.910100
11.910200
11.910200
11.910300
11.910400
11.910400
11.910500
11.910600
11.910600
11.910700
11.910700
11.910800
11.910900
11.910900
11.911000
11.911000
11.911100
11.911200
11.911200
11.911300
11.911300
11.911400
11.911400
11.911500
11.911500
11.911600
11.911700
11.911700
11.911800
11.911800
11.911900
11.911900
11.912000
11.912000
11.912000
11.912100
11.912100
11.912200
11.912200
11.912300
11.912300
11.912400
11.912400
11.912400
11.912500
11.912500
11.912600
11.912600
11.912600
11.912700
11.912700
11.912800
11.912800
11.912800
11.912900
11.912900
11.912900
11.913000
11.913000
11.913000
11.913100
11.913100
11.913100
11.913200
11.913200
11.913200
11.913300
11.913300
11.913300
11.913400
11.913400
11.913400
11.913400
11.913500
11.913500
11.913500
11.913500
11.913600
11.913600
11.913600
11.913600
11.913700
11.913700
11.913700
11.913700
11.913800
11.913800
11.913800
11.913800
11.913800
11.913900
11.913900
11.913900
11.913900
11.914000
11.914000
11.914000
11.914000
11.914000
11.914000
11.914100
11.914100
11.914100
11.914100
11.914100
11.914100
11.914200
11.914200
11.914200
11.914200
11.914200
11.914200
11.914200
11.914300
11.914300
11.914300
11.914300
11.914300
11.914300
11.914300
11.914400
11.914400
11.914400
11.914400
11.914400
11.914400
11.914400
11.914400
11.914400
11.914400
11.914500
11.914500
11.914500
11.914500
11.914500
11.914500
11.914500
11.914500
11.914500
11.914500
11.914500
11.914500
11.914600
11.914600
11.914600
11.914600
11.914600
11.914600
11.914600
11.914600
11.914600
11.914600
11.914600
11.914600
11.914600
11.914600
11.914600
11.914600
11.914600
11.914600
11.914600
11.914700
11.914700
11.914700
11.914700
11.914700
11.914700
11.914700
11.914700
11.914700
11.914700
11.914700
11.914700
11.914700
11.914700
11.914700
11.914700
11.914700
11.914700
11.914700
11.914700
11.914700
11.914700
11.914700
11.914700
11.914700
11.914700
11.914700
11.914700
11.914700
11.914700
11.914700
11.914700
11.914700
11.914700
11.914700
11.914700
11.914700
11.914700
11.914700
11.914700
11.914700
11.914700
11.914700
11.914700
11.914700
11.914700
11.914700
11.914700
11.914700
11.914600
11.914600
11.914600
11.914600
11.914600
11.914600
11.914600
11.914600
11.914600
11.914600
11.914600
11.914600
11.914600
11.914600
11.914600
11.914600
11.914600
11.914600
11.914600
11.914600
11.914600
11.914600
11.914600
11.914600
11.914500
11.914500
11.914500
11.914500
11.914500
11.914500
11.914500
11.914500
11.914500
11.914500
11.914500
11.914500
11.914500
11.914500
11.914500
11.914500
11.914500
11.914400
11.914400
11.914400
11.914400
11.914400
11.914400
11.914400
11.914400
11.914400
11.914400
11.914400
11.914400
11.914400
11.914400
11.914300
11.914300
11.914300
11.914300
11.914300
11.914300
11.914300
11.914300
11.914300
11.914300
11.914300
11.914300
11.914300
11.914200
11.914200
11.914200
11.914200
11.914200
11.914200
11.914200
11.914200
11.914200
11.914200
11.914200
11.914200
11.914100
11.914100
11.914100
11.914100
11.914100
11.914100
11.914100
11.914100
11.914100
11.914100
11.914000
11.914000
11.914000
11.914000
11.914000
11.914000
11.914000
11.914000
11.914000
11.914000
11.913900
11.913900
11.913900
11.913900
11.913900
11.913900
11.913900
11.913900
11.913900
11.913900
11.913800
11.913800
11.913800
11.913800
11.913800
11.913800
11.913800
11.913800
11.913800
11.913800
11.913700
11.913700
11.913700
11.913700
11.913700
11.913700
11.913700
11.913700
11.913700
11.913600
11.913600
11.913600
11.913600
11.913600
11.913600
11.913600
11.913600
11.913500
11.913500
11.913500
11.913500
11.913500
11.913500
11.913500
11.913500
11.913500
11.913400
11.913400
11.913400
11.913400
11.913400
11.913400
11.913400
11.913400
11.913300
11.913300
11.913300
11.913300
11.913300
11.913300
11.913300
11.913300
11.913200
11.913200
11.913200
11.913200
11.913200
11.913200
11.913200
11.913200
11.913100
11.913100
11.913100
11.913100
11.913100
11.913100
11.913100
11.913100
11.913000
11.913000
11.913000
11.913000
11.913000
11.913000
11.913000
11.913000
11.912900
11.912900
11.912900
11.912900
11.912900
11.912900
11.912900
11.912900
11.912800
11.912800
11.912800
11.912800
11.912800
11.912800
11.912800
11.912700
11.912700
11.912700
11.912700
11.912700
11.912700
11.912700
11.912600
11.912600
11.912600
11.912600
11.912600
11.912600
11.912600
11.912600
11.912500
11.912500
11.912500
11.912500
11.912500
11.912500
11.912500
11.912400
11.912400
11.912400
11.912400
11.912400
11.912400
11.912400
11.912300
11.912300
11.912300
11.912300
11.912300
11.912300
11.912300
11.912200
11.912200
11.912200
11.912200
11.912200
11.912200
11.912200
11.912100
11.912100
11.912100
11.912100
11.912100
11.912100
11.912100
11.912000
11.912000
11.912000
11.912000
11.912000
11.912000
11.912000
11.911900
11.911900
11.911900
11.911900
11.911900
11.911900
11.911900
11.911800
11.911800
11.911800
11.911800
11.911800
11.911800
11.911800
11.911700
11.911700
11.911700
11.911700
11.911700
11.911700
11.911700
11.911600
11.911600
11.911600
11.911600
11.911600
11.911600
11.911500
11.911500
11.911500
11.911500
11.911500
11.911500
11.911500
11.911400
11.911400
11.911400
11.911400
11.911400
11.911400
11.911400
11.911300
11.911300
11.911300
11.911300
11.911300
11.911300
11.911200
11.911200
11.911200
11.911200
11.911200
11.911200
11.911200
11.911100
11.911100
11.911100
11.911100
11.911100
11.911100
11.911100
11.911000
11.911000
11.911000
11.911000
11.911000
11.911000
11.910900
11.910900
11.910900
11.910900
11.910900
11.910900
11.910900
11.910800
11.910800
11.910800
11.910800
11.910800
11.910800
11.910700
11.910700
11.910700
11.910700
11.910700
11.910700
11.910600
11.910600
11.910600
11.910600
11.910600
11.910600
11.910600
11.910500
11.910500
11.910500
11.910500
11.910500
11.910500
11.910400
11.910400
11.910400
11.910400
11.910400
11.910400
11.910400
11.910300
11.910300
11.910300
11.910300
11.910300
11.910300
11.910200
11.910200
11.910200
11.910200
11.910200
11.910200
11.910100
11.910100
11.910100
11.910100
11.910100
11.910100
11.910100
11.910000
11.910000
11.910000
11.910000
11.910000
11.910000
11.909900
11.909900
11.909900
11.909900
11.909900
11.909900
11.909800
11.909800
11.909800
11.909800
11.909800
11.909800
11.909700
11.909700
11.909700
11.909700
11.909700
11.909700
11.909700
11.909600
11.909600
11.909600
11.909600
11.909600
11.909600
11.909500
11.909500
11.909500
11.909500
11.909500
11.909500
11.909400
11.909400
11.909400
11.909400
11.909400
11.909400
11.909300
11.909300
11.909300
11.909300
11.909300
11.909300
11.909200
11.909200
11.909200
11.909200
11.909200
11.909200
11.909100
11.909100
11.909100
11.909100
11.909100
11.909100
11.909100
11.909000
11.909000
11.909000
11.909000
11.909000
11.909000
11.908900
11.908900
11.908900
11.908900
11.908900
11.908900
11.908800
11.908800
11.908800
11.908800
11.908800
11.908800
11.908700
11.908700
11.908700
11.908700
11.908700
11.908700
11.908600
11.908600
11.908600
11.908600
11.908600
11.908600
11.908500
11.908500
11.908500
11.908500
11.908500
11.908500
11.908400
11.908400
11.908400
11.908400
11.908400
11.908400
11.908300
11.908300
11.908300
11.908300
11.908300
11.908300
11.908200
11.908200
11.908200
11.908200
11.908200
11.908200
11.908100
11.908100
11.908100
11.908100
11.908100
11.908100
11.908100
11.908000
11.908000
11.908000
11.908000
11.908000
11.908000
11.907900
11.907900
11.907900
11.907900
11.907900
11.907900
11.907800
11.907800
11.907800
11.907800
11.907800
11.907800
11.907700
11.907700
11.907700
11.907700
11.907700
11.907700
11.907600
11.907600
11.907600
11.907600
11.907600
11.907600
11.907500
11.907500
11.907500
11.907500
11.907500
11.907500
11.907400
11.907400
11.907400
11.907400
11.907400
11.907400
11.907300
11.907300
11.907300
11.907300
11.907300
11.907300
11.907200
11.907200
11.907200
11.907200
11.907200
11.907200
11.907100
11.907100
11.907100
11.907100
11.907100
11.907100
11.907000
11.907000
11.907000
11.907000
11.907000
11.907000
11.906900
11.906900
11.906900
11.906900
11.906900
11.906900
11.906800
11.906800
11.906800
11.906800
11.906800
11.906800
11.906700
11.906700
11.906700
11.906700
11.906700
11.906600
11.906600
11.906600
11.906600
11.906600
11.906600
11.906500
11.906500
11.906500
11.906500
11.906500
11.906500
11.906400
11.906400
11.906400
11.906400
11.906400
11.906400
11.906300
11.906300
11.906300
11.906300
11.906300
11.906300
11.906200
11.906200
11.906200
11.906200
11.906200
11.906200
11.906100
11.906100
11.906100
11.906100
11.906100
11.906100
11.906000
11.906000
11.906000
11.906000
11.906000
11.906000
11.905900
11.905900
11.905900
11.905900
11.905900
11.905900
11.905800
11.905800
11.905800
11.905800
11.905800
11.905800
11.905700
11.905700
11.905700
11.905700
11.905700
11.905700
11.905600
11.905600
11.905600
11.905600
11.905600
11.905600
11.905500
11.905500
11.905500
11.905500
11.905500
11.905500
11.905400
11.905400
11.905400
11.905400
11.905400
11.905400
11.905300
11.905300
11.905300
11.905300
11.905300
11.905300
11.905200
11.905200
11.905200
11.905200
11.905200
11.905100
11.905100
11.905100
11.905100
11.905100
11.905100
11.905000
11.905000
11.905000
11.905000
11.905000
11.905000
11.904900
11.904900
11.904900
11.904900
11.904900
11.904900
11.904800
11.904800
11.904800
11.904800
11.904800
11.904800
11.904700
11.904700
11.904700
11.904700
11.904700
11.907300
11.907900
11.907800
11.907700
11.907500
11.907400
11.907300
11.907200
11.907100
11.907000
11.906900
11.906800
11.906700
11.906700
11.906600
11.906500
11.906500
11.906400
11.906400
11.906300
11.906300
11.906300
11.906300
11.906300
11.906300
11.906300
11.906300
11.906300
11.906400
11.906400
11.906400
11.906500
11.906500
11.906600
11.906600
11.906700
11.906800
11.906800
11.906900
11.906900
11.907000
11.907100
11.907100
11.907200
11.907300
11.907300
11.907400
11.907500
11.907600
11.907600
11.907700
11.907800
11.907800
11.907900
11.908000
11.908100
11.908100
11.908200
11.908300
11.908400
11.908400
11.908500
11.908600
11.908700
11.908700
11.908800
11.908900
11.909000
11.909000
11.909100
11.909200
11.909300
11.909300
11.909400
11.909500
11.909500
11.909600
11.909700
11.909800
11.909800
11.909900
11.910000
11.910000
11.910100
11.910200
11.910200
11.910300
11.910400
11.910400
11.910500
11.910600
11.910600
11.910700
11.910700
11.910800
11.910900
11.910900
11.911000
11.911000
11.911100
11.911200
11.911200
11.911300
11.911300
11.911400
11.911400
11.911500
11.911500
11.911600
11.911700
11.911700
11.911800
11.911800
11.911900
11.911900
11.912000
11.912000
11.912000
11.912100
11.912100
11.912200
11.912200
11.912300
11.912300
11.912400
11.912400
11.912400
11.912500
11.912500
11.912600
11.912600
11.912600
11.912700
11.912700
11.912800
11.912800
11.912800
11.912900
11.912900
11.912900
11.913000
11.913000
11.913000
11.913100
11.913100
11.913100
11.913200
11.913200
11.913200
11.913300
11.913300
11.913300
11.913400
11.913400
11.913400
11.913400
11.913500
11.913500
11.913500
11.913500
11.913600
11.913600
11.913600
11.913600
11.913700
11.913700
11.913700
11.913700
11.913800
11.913800
11.913800
11.913800
11.913900
11.913900
11.913900
11.913900
11.913900
11.914000
11.914000
11.914000
11.914000
11.914000
11.914000
11.914100
11.914100
11.914100
11.914100
11.914100
11.914100
11.914200
11.914200
11.914200
11.914200
11.914200
11.914200
11.914200
11.914300
11.914300
11.914300
11.914300
11.914300
11.914300
11.914300
11.914400
11.914400
11.914400
11.914400
11.914400
11.914400
11.914400
11.914400
11.914400
11.914400
11.914500
11.914500
11.914500
11.914500
11.914500
11.914500
11.914500
11.914500
11.914500
11.914500
11.914500
11.914500
11.914600
11.914600
11.914600
11.914600
11.914600
11.914600
11.914600
11.914600
11.914600
11.914600
11.914600
11.914600
11.914600
11.914600
11.914600
11.914600
11.914600
11.914600
11.914600
11.914700
11.914700
11.914700
11.914700
11.914700
11.914700
11.914700
11.914700
11.914700
11.914700
11.914700
11.914700
11.914700
11.914700
11.914700
11.914700
11.914700
11.914700
11.914700
11.914700
11.914700
11.914700
11.914700
11.914700
11.914700
11.914700
11.914700
11.914700
11.914700
11.914700
11.914700
11.914700
11.914700
11.914700
11.914700
11.914700
11.914700
11.914700
11.914700
11.914700
11.914700
11.914700
11.914700
11.914700
11.914700
11.914700
11.914700
11.914700
11.914700
11.914700
11.914600
11.914600
11.914600
11.914600
11.914600
11.914600
11.914600
11.914600
11.914600
11.914600
11.914600
11.914600
11.914600
11.914600
11.914600
11.914600
11.914600
11.914600
11.914600
11.914600
11.914600
11.914600
11.914600
11.914600
11.914500
11.914500
11.914500
11.914500
11.914500
11.914500
11.914500
11.914500
11.914500
11.914500
11.914500
11.914500
11.914500
11.914500
11.914500
11.914500
11.914500
11.914400
11.914400
11.914400
11.914400
11.914400
11.914400
11.914400
11.914400
11.914400
11.914400
11.914400
11.914400
11.914400
11.914400
11.914300
11.914300
11.914300
11.914300
11.914300
11.914300
11.914300
11.914300
11.914300
11.914300
11.914300
11.914300
11.914200
11.914200
11.914200
11.914200
11.914200
11.914200
11.914200
11.914200
11.914200
11.914200
11.914200
11.914200
11.914100
11.914100
11.914100
11.914100
11.914100
11.914100
11.914100
11.914100
11.914100
11.914100
11.914100
11.914000
11.914000
11.914000
11.914000
11.914000
11.914000
11.914000
11.914000
11.914000
11.914000
11.913900
11.913900
11.913900
11.913900
11.913900
11.913900
11.913900
11.913900
11.913900
11.913800
11.913800
11.913800
11.913800
11.913800
11.913800
11.913800
11.913800
11.913800
11.913800
11.913700
11.913700
11.913700
11.913700
11.913700
11.913700
11.913700
11.913700
11.913700
11.913600
11.913600
11.913600
11.913600
11.913600
11.913600
11.913600
11.913600
11.913600
11.913500
11.913500
11.913500
11.913500
11.913500
11.913500
11.913500
11.913500
11.913400
11.913400
11.913400
11.913400
11.913400
11.913400
11.913400
11.913400
11.913300
11.913300
11.913300
11.913300
11.913300
11.913300
11.913300
11.913300
11.913300
11.913200
11.913200
11.913200
11.913200
11.913200
11.913200
11.913200
11.913200
11.913100
11.913100
11.913100
11.913100
11.913100
11.913100
11.913100
11.913000
11.913000
11.913000
11.913000
11.913000
11.913000
11.913000
11.913000
11.912900
11.912900
11.912900
11.912900
11.912900
11.912900
11.912900
11.912900
11.912800
11.912800
11.912800
11.912800
11.912800
11.912800
11.912800
11.912700
11.912700
11.912700
11.912700
11.912700
11.912700
11.912700
11.912700
11.912600
11.912600
11.912600
11.912600
11.912600
11.912600
11.912600
11.912500
11.912500
11.912500
11.912500
11.912500
11.912500
11.912500
11.912400
11.912400
11.912400
11.912400
11.912400
11.912400
11.912400
11.912300
11.912300
11.912300
11.912300
11.912300
11.912300
11.912300
11.912300
11.912200
11.912200
11.912200
11.912200
11.912200
11.912200
11.912200
11.912100
11.912100
11.912100
11.912100
11.912100
11.912100
11.912100
11.912000
11.912000
11.912000
11.912000
11.912000
11.912000
11.911900
11.911900
11.911900
11.911900
11.911900
11.911900
11.911900
11.911800
11.911800
11.911800
11.911800
11.911800
11.911800
11.911800
11.911700
11.911700
11.911700
11.911700
11.911700
11.911700
11.911700
11.911600
11.911600
11.911600
11.911600
11.911600
11.911600
11.911600
11.911500
11.911500
11.911500
11.911500
11.911500
11.911500
11.911400
11.911400
11.911400
11.911400
11.911400
11.911400
11.911400
11.911300
11.911300
11.911300
11.911300
11.911300
11.911300
11.911300
11.911200
11.911200
11.911200
11.911200
11.911200
11.911200
11.911100
11.911100
11.911100
11.911100
11.911100
11.911100
11.911100
11.911000
11.911000
11.911000
11.911000
11.911000
11.911000
11.910900
11.910900
11.910900
11.910900
11.910900
11.910900
11.910900
11.910800
11.910800
11.910800
11.910800
11.910800
11.910800
11.910700
11.910700
11.910700
11.910700
11.910700
11.910700
11.910700
11.910600
11.910600
11.910600
11.910600
11.910600
11.910600
11.910500
11.910500
11.910500
11.910500
11.910500
11.910500
11.910400
11.910400
11.910400
11.910400
11.910400
11.910400
11.910400
11.910300
11.910300
11.910300
11.910300
11.910300
11.910300
11.910200
11.910200
11.910200
11.910200
11.910200
11.910200
11.910100
11.910100
11.910100
11.910100
11.910100
11.910100
11.910100
11.910000
11.910000
11.910000
11.910000
11.910000
11.910000
11.909900
11.909900
11.909900
11.909900
11.909900
11.909900
11.909800
11.909800
11.909800
11.909800
11.909800
11.909800
11.909700
11.909700
11.909700
11.909700
11.909700
11.909700
11.909700
11.909600
11.909600
11.909600
11.909600
11.909600
11.909600
11.909500
11.909500
11.909500
11.909500
11.909500
11.909500
11.909400
11.909400
11.909400
11.909400
11.909400
11.909400
11.909300
11.909300
11.909300
11.909300
11.909300
11.909300
11.909200
11.909200
11.909200
11.909200
11.909200
11.909200
11.909200
11.909100
11.909100
11.909100
11.909100
11.909100
11.909100
11.909000
11.909000
11.909000
11.909000
11.909000
11.909000
11.908900
11.908900
11.908900
11.908900
11.908900
11.908900
11.908800
11.908800
11.908800
11.908800
11.908800
11.908800
11.908700
11.908700
11.908700
11.908700
11.908700
11.908700
11.908600
11.908600
11.908600
11.908600
11.908600
11.908600
11.908500
11.908500
11.908500
11.908500
11.908500
11.908500
11.908400
11.908400
11.908400
11.908400
11.908400
11.908400
11.908400
11.908300
11.908300
11.908300
11.908300
11.908300
11.908300
11.908200
11.908200
11.908200
11.908200
11.908200
11.908200
11.908100
11.908100
11.908100
11.908100
11.908100
11.908100
11.908000
11.908000
11.908000
11.908000
11.908000
11.908000
11.907900
11.907900
11.907900
11.907900
11.907900
11.907900
11.907800
11.907800
11.907800
11.907800
11.907800
11.907800
11.907700
11.907700
11.907700
11.907700
11.907700
11.907700
11.907600
11.907600
11.907600
11.907600
11.907600
11.907600
11.907500
11.907500
11.907500
11.907500
11.907500
11.907500
11.907400
11.907400
11.907400
11.907400
11.907400
11.907400
11.907300
11.907300
11.907300
11.907300
11.907300
11.907300
11.907200
11.907200
11.907200
11.907200
11.907200
11.907200
11.907100
11.907100
11.907100
11.907100
11.907100
11.907100
11.907000
11.907000
11.907000
11.907000
11.907000
11.907000
11.906900
11.906900
11.906900
11.906900
11.906900
11.906900
11.906800
11.906800
11.906800
11.906800
11.906800
11.906800
11.906700
11.906700
11.906700
11.906700
11.906700
11.906700
11.906600
11.906600
11.906600
11.906600
11.906600
11.906600
11.906500
11.906500
11.906500
11.906500
11.906500
11.906500
11.906400
11.906400
11.906400
11.906400
11.906400
11.906400
11.906300
11.906300
11.906300
11.906300
11.906300
11.906200
11.906200
11.906200
11.906200
11.906200
11.906200
11.906100
11.906100
11.906100
11.906100
11.906100
11.906100
11.906000
11.906000
11.906000
11.906000
11.906000
11.906000
11.905900
11.905900
11.905900
11.905900
11.905900
11.905900
11.905800
11.905800
11.905800
11.905800
11.905800
11.905800
11.905700
11.905700
11.905700
11.905700
11.905700
11.905700
11.905600
11.905600
11.905600
11.905600
11.905600
11.905600
11.905500
11.905500
11.905500
11.905500
11.905500
11.905500
11.905400
11.905400
11.905400
11.905400
11.905400
11.905400
11.905300
11.905300
11.905300
11.905300
11.905300
11.905300
11.905200
11.905200
11.905200
11.905200
11.905200
11.905200
11.905100
11.905100
11.905100
11.905100
11.905100
11.905100
11.905000
11.905000
11.905000
11.905000
11.905000
11.904900
11.904900
11.904900
11.904900
11.904900
11.904900
11.904800
11.904800
11.904800
11.904800
11.904800
11.904800
11.904700
11.904700
11.904700
11.904700
11.904700
11.907300
11.907900
11.907800
11.907700
11.907500
11.907400
11.907300
11.907200
11.907100
11.907000
11.906900
11.906800
11.906700
11.906700
11.906600
11.906500
11.906500
11.906400
11.906400
11.906400
11.906300
11.906300
11.906300
11.906300
11.906300
11.906300
11.906300
11.906300
11.906400
11.906400
11.906400
11.906500
11.906500
11.906600
11.906600
11.906700
11.906800
11.906800
11.906900
11.906900
11.907000
11.907100
11.907100
11.907200
11.907300
11.907300
11.907400
11.907500
11.907600
11.907600
11.907700
11.907800
11.907800
11.907900
11.908000
11.908100
11.908100
11.908200
11.908300
11.908400
11.908400
11.908500
11.908600
11.908700
11.908700
11.908800
11.908900
11.909000
11.909000
11.909100
11.909200
11.909300
11.909300
11.909400
11.909500
11.909500
11.909600
11.909700
11.909800
11.909800
11.909900
11.910000
11.910000
11.910100
11.910200
11.910200
11.910300
11.910400
11.910400
11.910500
11.910600
11.910600
11.910700
11.910700
11.910800
11.910900
11.910900
11.911000
11.911000
11.911100
11.911200
11.911200
11.911300
11.911300
11.911400
11.911400
11.911500
11.911600
11.911600
11.911700
11.911700
11.911800
11.911800
11.911900
11.911900
11.912000
11.912000
11.912100
11.912100
11.912100
11.912200
11.912200
11.912300
11.912300
11.912400
11.912400
11.912400
11.912500
11.912500
11.912600
11.912600
11.912700
11.912700
11.912700
11.912800
11.912800
11.912800
11.912900
11.912900
11.912900
11.913000
11.913000
11.913000
11.913100
11.913100
11.913100
11.913200
11.913200
11.913200
11.913300
11.913300
11.913300
11.913400
11.913400
11.913400
11.913400
11.913500
11.913500
11.913500
11.913600
11.913600
11.913600
11.913600
11.913700
11.913700
11.913700
11.913700
11.913700
11.913800
11.913800
11.913800
11.913800
11.913900
11.913900
11.913900
11.913900
11.913900
11.914000
11.914000
11.914000
11.914000
11.914000
11.914000
11.914100
11.914100
11.914100
11.914100
11.914100
11.914100
11.914200
11.914200
11.914200
11.914200
11.914200
11.914200
11.914300
11.914300
11.914300
11.914300
11.914300
11.914300
11.914300
11.914300
11.914400
11.914400
11.914400
11.914400
11.914400
11.914400
11.914400
11.914400
11.914400
11.914500
11.914500
11.914500
11.914500
11.914500
11.914500
11.914500
11.914500
11.914500
11.914500
11.914500
11.914500
11.914600
11.914600
11.914600
11.914600
11.914600
11.914600
11.914600
11.914600
11.914600
11.914600
11.914600
11.914600
11.914600
11.914600
11.914600
11.914600
11.914600
11.914600
11.914600
11.914700
11.914700
11.914700
11.914700
11.914700
11.914700
11.914700
11.914700
11.914700
11.914700
11.914700
11.914700
11.914700
11.914700
11.914700
11.914700
11.914700
11.914700
11.914700
11.914700
11.914700
11.914700
11.914700
11.914700
11.914700
11.914700
11.914700
11.914700
11.914700
11.914700
11.914700
11.914700
11.914700
11.914700
11.914700
11.914700
11.914700
11.914700
11.914700
11.914700
11.914700
11.914700
11.914700
11.914700
11.914700
11.914700
11.914700
11.914700
11.914700
11.914700
11.914700
11.914700
11.914600
11.914600
11.914600
11.914600
11.914600
11.914600
11.914600
11.914600
11.914600
11.914600
11.914600
11.914600
11.914600
11.914600
11.914600
11.914600
11.914600
11.914600
11.914600
11.914600
11.914600
11.914600
11.914600
11.914500
11.914500
11.914500
11.914500
11.914500
11.914500
11.914500
11.914500
11.914500
11.914500
11.914500
11.914500
11.914500
11.914500
11.914500
11.914500
11.914500
11.914400
11.914400
11.914400
11.914400
11.914400
11.914400
11.914400
11.914400
11.914400
11.914400
11.914400
11.914400
11.914400
11.914400
11.914300
11.914300
11.914300
11.914300
11.914300
11.914300
11.914300
11.914300
11.914300
11.914300
11.914300
11.914300
11.914300
11.914200
11.914200
11.914200
11.914200
11.914200
11.914200
11.914200
11.914200
11.914200
11.914200
11.914200
11.914100
11.914100
11.914100
11.914100
11.914100
11.914100
11.914100
11.914100
11.914100
11.914100
11.914100
11.914000
11.914000
11.914000
11.914000
11.914000
11.914000
11.914000
11.914000
11.914000
11.914000
11.913900
11.913900
11.913900
11.913900
11.913900
11.913900
11.913900
11.913900
11.913900
11.913900
11.913800
11.913800
11.913800
11.913800
11.913800
11.913800
11.913800
11.913800
11.913800
11.913700
11.913700
11.913700
11.913700
11.913700
11.913700
11.913700
11.913700
11.913700
11.913600
11.913600
11.913600
11.913600
11.913600
11.913600
11.913600
11.913600
11.913600
11.913500
11.913500
11.913500
11.913500
11.913500
11.913500
11.913500
11.913500
11.913400
11.913400
11.913400
11.913400
11.913400
11.913400
11.913400
11.913400
11.913400
11.913300
11.913300
11.913300
11.913300
11.913300
11.913300
11.913300
11.913300
11.913200
11.913200
11.913200
11.913200
11.913200
11.913200
11.913200
11.913200
11.913100
11.913100
11.913100
11.913100
11.913100
11.913100
11.913100
11.913100
11.913000
11.913000
11.913000
11.913000
11.913000
11.913000
11.913000
11.912900
11.912900
11.912900
11.912900
11.912900
11.912900
11.912900
11.912900
11.912800
11.912800
11.912800
11.912800
11.912800
11.912800
11.912800
11.912700
11.912700
11.912700
11.912700
11.912700
11.912700
11.912700
11.912700
11.912600
11.912600
11.912600
11.912600
11.912600
11.912600
11.912600
11.912500
11.912500
11.912500
11.912500
11.912500
11.912500
11.912500
11.912400
11.912400
11.912400
11.912400
11.912400
11.912400
11.912400
11.912400
11.912300
11.912300
11.912300
11.912300
11.912300
11.912300
11.912300
11.912200
11.912200
11.912200
11.912200
11.912200
11.912200
11.912200
11.912100
11.912100
11.912100
11.912100
11.912100
11.912100
11.912100
11.912000
11.912000
11.912000
11.912000
11.912000
11.912000
11.912000
11.911900
11.911900
11.911900
11.911900
11.911900
11.911900
11.911800
11.911800
11.911800
11.911800
11.911800
11.911800
11.911800
11.911700
11.911700
11.911700
11.911700
11.911700
11.911700
11.911700
11.911600
11.911600
11.911600
11.911600
11.911600
11.911600
11.911600
11.911500
11.911500
11.911500
11.911500
11.911500
11.911500
11.911400
11.911400
11.911400
11.911400
11.911400
11.911400
11.911400
11.911300
11.911300
11.911300
11.911300
11.911300
11.911300
11.911300
11.911200
11.911200
11.911200
11.911200
11.911200
11.911200
11.911100
11.911100
11.911100
11.911100
11.911100
11.911100
11.911100
11.911000
11.911000
11.911000
11.911000
11.911000
11.911000
11.910900
11.910900
11.910900
11.910900
11.910900
11.910900
11.910900
11.910800
11.910800
11.910800
11.910800
11.910800
11.910800
11.910700
11.910700
11.910700
11.910700
11.910700
11.910700
11.910700
11.910600
11.910600
11.910600
11.910600
11.910600
11.910600
11.910500
11.910500
11.910500
11.910500
11.910500
11.910500
11.910500
11.910400
11.910400
11.910400
11.910400
11.910400
11.910400
11.910300
11.910300
11.910300
11.910300
11.910300
11.910300
11.910200
11.910200
11.910200
11.910200
11.910200
11.910200
11.910200
11.910100
11.910100
11.910100
11.910100
11.910100
11.910100
11.910000
11.910000
11.910000
11.910000
11.910000
11.910000
11.909900
11.909900
11.909900
11.909900
11.909900
11.909900
11.909800
11.909800
11.909800
11.909800
11.909800
11.909800
11.909800
11.909700
11.909700
11.909700
11.909700
11.909700
11.909700
11.909600
11.909600
11.909600
11.909600
11.909600
11.909600
11.909500
11.909500
11.909500
11.909500
11.909500
11.909500
11.909400
11.909400
11.909400
11.909400
11.909400
11.909400
11.909300
11.909300
11.909300
11.909300
11.909300
11.909300
11.909300
11.909200
11.909200
11.909200
11.909200
11.909200
11.909200
11.909100
11.909100
11.909100
11.909100
11.909100
11.909100
11.909000
11.909000
11.909000
11.909000
11.909000
11.909000
11.908900
11.908900
11.908900
11.908900
11.908900
11.908900
11.908800
11.908800
11.908800
11.908800
11.908800
11.908800
11.908700
11.908700
11.908700
11.908700
11.908700
11.908700
11.908600
11.908600
11.908600
11.908600
11.908600
11.908600
11.908600
11.908500
11.908500
11.908500
11.908500
11.908500
11.908500
11.908400
11.908400
11.908400
11.908400
11.908400
11.908400
11.908300
11.908300
11.908300
11.908300
11.908300
11.908300
11.908200
11.908200
11.908200
11.908200
11.908200
11.908200
11.908100
11.908100
11.908100
11.908100
11.908100
11.908100
11.908000
11.908000
11.908000
11.908000
11.908000
11.908000
11.907900
11.907900
11.907900
11.907900
11.907900
11.907900
11.907800
11.907800
11.907800
11.907800
11.907800
11.907800
11.907700
11.907700
11.907700
11.907700
11.907700
11.907700
11.907600
11.907600
11.907600
11.907600
11.907600
11.907600
11.907500
11.907500
11.907500
11.907500
11.907500
11.907500
11.907400
11.907400
11.907400
11.907400
11.907400
11.907400
11.907300
11.907300
11.907300
11.907300
11.907300
11.907300
11.907200
11.907200
11.907200
11.907200
11.907200
11.907200
11.907100
11.907100
11.907100
11.907100
11.907100
11.907100
11.907000
11.907000
11.907000
11.907000
11.907000
11.907000
11.906900
11.906900
11.906900
11.906900
11.906900
11.906900
11.906800
11.906800
11.906800
11.906800
11.906800
11.906800
11.906700
11.906700
11.906700
11.906700
11.906700
11.906700
11.906600
11.906600
11.906600
11.906600
11.906600
11.906600
11.906500
11.906500
11.906500
11.906500
11.906500
11.906500
11.906400
11.906400
11.906400
11.906400
11.906400
11.906400
11.906300
11.906300
11.906300
11.906300
11.906300
11.906300
11.906200
11.906200
11.906200
11.906200
11.906200
11.906200
11.906100
11.906100
11.906100
11.906100
11.906100
11.906000
11.906000
11.906000
11.906000
11.906000
11.906000
11.905900
11.905900
11.905900
11.905900
11.905900
11.905900
11.905800
11.905800
11.905800
11.905800
11.905800
11.905800
11.905700
11.905700
11.905700
11.905700
11.905700
11.905700
11.905600
11.905600
11.905600
11.905600
11.905600
11.905600
11.905500
11.905500
11.905500
11.905500
11.905500
11.905500
11.905400
11.905400
11.905400
11.905400
11.905400
11.905400
11.905300
11.905300
11.905300
11.905300
11.905300
11.905300
11.905200
11.905200
11.905200
11.905200
11.905200
11.905200
11.905100
11.905100
11.905100
11.905100
11.905100
11.905100
11.905000
11.905000
11.905000
11.905000
11.905000
11.905000
11.904900
11.904900
11.904900
11.904900
11.904900
11.904800
11.904800
11.904800
11.904800
11.904800
11.904800
