0.925760
0.924192
0.922635
0.921079
0.919535
0.917996
0.916500
0.915737
0.916392
0.918741
0.923290
0.931072
0.944310
0.967019
1.004540
1.062570
1.146090
1.258560
1.401590
1.574970
1.776990
2.004900
2.255320
2.524700
2.809540
3.106590
3.412860
3.725620
4.042330
4.360640
4.678410
4.993780
5.305230
5.611570
5.911930
6.205670
6.492360
6.771790
7.043820
7.308290
7.565240
7.814680
8.056790
8.291570
8.519190
8.739730
8.953360
9.160190
9.360420
9.554090
9.741400
9.922510
10.097500
10.266500
10.429700
10.587100
10.739000
10.885400
11.026300
11.162100
11.292700
11.418300
11.539000
11.654800
11.765900
11.872400
11.974300
12.071800
12.165000
12.253800
12.338600
12.419200
12.495800
12.568500
12.637500
12.702500
12.764000
12.821900
12.876200
12.927000
12.974500
13.018700
13.059500
13.097300
13.131900
13.163600
13.192300
13.218100
13.241100
13.261300
13.278900
13.293800
13.306100
13.316000
13.323300
13.328300
13.331000
13.331300
13.329400
13.325400
13.319300
13.311000
13.300800
13.288600
13.274600
13.258600
13.240900
13.221400
13.200200
13.177300
13.152900
13.126900
13.099300
13.070300
13.039800
13.008000
12.974800
12.940300
12.904600
12.867600
12.829500
12.790200
12.749800
12.708300
12.665800
12.622400
12.578000
12.532700
12.486500
12.439300
12.391500
12.342800
12.293400
12.243300
12.192500
12.141000
12.088900
12.036300
11.982900
11.929200
11.874900
11.820100
11.764900
11.709200
11.653100
11.596700
11.539800
11.482700
11.425300
11.367500
11.309600
11.251300
11.192900
11.134300
11.075500
11.016500
10.957500
10.898300
10.839000
10.779600
10.720200
10.660700
10.601300
10.541800
10.482300
10.422800
10.363400
10.304000
10.244700
10.185500
10.126500
10.067500
10.008600
9.949920
9.891330
9.832920
9.774690
9.716640
9.658770
9.601140
9.543690
9.486490
9.429520
9.372790
9.316310
9.260120
9.204170
9.148530
9.093120
9.038020
8.983220
8.928710
8.874510
8.820670
8.767120
8.713830
8.660890
8.608310
8.556090
8.504170
8.452670
8.401410
8.350580
8.300100
8.249920
8.200170
8.150710
8.101680
8.052940
8.004630
7.956680
7.909080
7.861850
7.814980
7.768470
7.722320
7.676590
7.631220
7.586210
7.541560
7.497280
7.453350
7.409780
7.366640
7.323790
7.281370
7.239240
7.197540
7.156200
7.115150
7.074530
7.034210
6.994250
6.954710
6.915410
6.876530
6.838010
6.799790
6.761930
6.724380
6.687180
6.650280
6.613810
6.577570
6.541700
6.506120
6.470910
6.436000
6.401380
6.367070
6.333120
6.299410
6.266060
6.233010
6.200200
6.167750
6.135540
6.103630
6.072020
6.040710
6.009710
5.978920
5.948430
5.918220
5.888280
5.858600
5.829190
5.800040
5.771150
5.742520
5.714150
5.686020
5.658140
5.630500
5.603120
5.575970
5.549060
5.522380
5.495940
5.469730
5.443740
5.417980
5.392440
5.367130
5.342030
5.317140
5.292470
5.268010
5.243750
5.219710
5.195860
5.172220
5.148770
5.125520
5.102470
5.079610
5.056940
5.034450
5.012150
4.990040
4.968100
4.946340
4.924770
4.903360
4.882130
4.861080
4.840190
4.819460
4.798910
4.778520
4.758290
4.738220
4.718300
4.698540
4.678940
4.659490
4.640190
4.621050
4.602050
4.583190
4.564480
4.545910
4.527490
4.509200
4.491050
4.473040
4.455160
4.437410
4.419800
4.402320
4.384970
4.367740
4.350640
4.333670
4.316820
4.300090
4.283480
4.266990
4.250630
4.234370
4.218240
4.202210
4.186300
4.170510
4.154820
4.139240
4.123770
4.108410
4.093160
4.078010
4.062960
4.048010
4.033180
4.018430
4.003790
3.989250
3.974800
3.960450
3.946200
3.932040
3.917980
3.904000
3.890120
3.876340
3.862640
3.849030
3.835500
3.822060
3.808720
3.795450
3.782270
3.769180
3.756160
3.743230
3.730380
3.717610
3.704920
3.692310
3.679780
3.667320
3.654940
3.642640
3.630410
3.618260
3.606170
3.594170
3.582230
3.570370
3.558570
3.546850
3.535200
3.523620
3.512100
3.500650
3.489270
3.477950
3.466710
3.455520
3.444400
3.433350
3.422350
3.411430
3.400560
3.389750
3.379010
3.368320
3.357700
3.347140
3.336630
3.326180
3.315790
3.305460
3.295180
3.284960
3.274800
3.264700
3.254640
3.244640
3.234700
3.224810
3.214970
3.205180
3.195450
3.185770
3.176140
3.166550
3.157030
3.147550
3.138120
3.128740
3.119410
3.110120
3.100880
3.091690
3.082550
3.073450
3.064410
3.055400
3.046450
3.037540
3.028670
3.019850
3.011070
3.002330
2.993640
2.984990
2.976390
2.967820
2.959300
2.950820
2.942380
2.933980
2.925630
2.917310
2.909030
2.900800
2.892600
2.884440
2.876320
2.868240
2.860200
2.852200
2.844230
2.836300
2.828410
2.820550
2.812730
2.804950
2.797210
2.789490
2.781820
2.774180
2.766570
2.759000
2.751460
2.743970
2.736500
2.729060
2.721660
2.714290
2.706960
2.699660
2.692390
2.685150
2.677940
2.670770
2.663630
2.656520
2.649440
2.642390
2.635370
2.628380
2.621430
2.614500
2.607610
2.600740
2.593900
2.587090
2.580310
2.573560
2.566840
2.560140
2.553480
2.546840
2.540230
2.533650
2.527090
2.520570
2.514070
2.507590
2.501150
2.494730
2.488340
2.481970
2.475630
2.469320
2.463020
2.456760
2.450530
2.444310
2.438120
2.431960
2.425820
2.419700
2.413620
2.407550
2.401510
2.395490
2.389500
2.383540
2.377590
2.371670
2.365770
2.359890
2.354040
2.348210
2.342400
2.336610
2.330850
2.325110
2.319390
2.313700
2.308020
2.302360
2.296730
2.291130
2.285540
2.279970
2.274420
2.268900
2.263390
2.257910
2.252450
2.247000
2.241580
2.236180
2.230790
2.225430
2.220090
2.214770
2.209470
2.204180
2.198920
2.193680
2.188450
2.183240
2.178050
2.172880
2.167730
2.162600
2.157490
2.152390
2.147320
2.142260
2.137220
2.132200
2.127200
2.122210
2.117240
2.112290
2.107360
2.102440
2.097540
2.092660
2.087800
2.082950
2.078120
2.073310
2.068510
2.063730
2.058970
2.054220
2.049490
2.044780
2.040080
2.035400
2.030730
2.026090
2.021450
2.016830
2.012230
2.007640
2.003080
1.998520
1.993980
1.989450
1.984950
1.980450
1.975970
1.971510
1.967060
1.962620
1.958210
1.953800
1.949410
1.945030
1.940670
1.936330
1.931990
1.927680
1.923370
1.919090
1.914810
1.910550
1.906300
1.902060
1.897840
1.893640
1.889440
1.885270
1.881100
1.876950
1.872810
1.868680
1.864570
1.860470
1.856390
1.852310
1.848260
1.844210
1.840170
1.836150
1.832150
1.828150
1.824170
1.820190
1.816230
1.812290
1.808360
1.804440
1.800530
1.796630
1.792740
1.788870
1.785020
1.781160
1.777330
1.773500
1.769690
1.765890
1.762100
1.758320
1.754560
1.750810
1.747060
1.743330
1.739610
1.735900
1.732210
1.728520
1.724850
1.721180
1.717530
1.713890
1.710260
1.706640
1.703030
1.699430
1.695850
1.692270
1.688700
1.685150
1.681600
1.678070
1.674550
1.671030
1.667530
1.664040
1.660560
1.657090
1.653630
1.650180
1.646740
1.643310
1.639890
1.636480
1.633070
1.629690
1.626310
1.622940
1.619570
1.616230
1.612880
1.609550
1.606230
1.602910
1.599620
1.596320
1.593040
1.589770
1.586500
1.583250
1.580000
1.576760
1.573540
1.570320
1.567110
1.563910
1.560720
1.557530
1.554360
1.551200
1.548050
1.544900
1.541770
1.538630
1.535520
1.532410
1.529310
1.526210
1.523130
1.520050
1.516990
1.513930
1.510880
1.507840
1.504800
1.501780
1.498760
1.495760
1.492760
1.489770
1.486790
1.483810
1.480850
1.477890
1.474940
1.472000
1.469070
1.466140
1.463230
1.460320
1.457410
1.454520
1.451630
1.448760
1.445890
1.443030
1.440170
1.437330
1.434490
1.431660
1.428840
1.426020
1.423210
1.420410
1.417620
1.414830
1.412060
1.409290
1.406520
1.403770
1.401020
1.398280
1.395550
1.392820
1.390110
1.387390
1.384690
1.381990
1.379300
1.376620
1.373950
1.371280
1.368620
1.365960
1.363320
1.360670
1.358040
1.355420
1.352800
1.350190
1.347580
1.344980
1.342390
1.339800
1.337230
1.334650
1.332090
1.329530
1.326980
1.324440
1.321900
1.319370
1.316840
1.314320
1.311810
1.309310
1.306810
1.304320
1.301840
1.299360
1.296890
1.294420
1.291960
1.289500
1.287060
1.284620
1.282180
1.279750
1.277330
1.274920
1.272510
1.270100
1.267710
1.265310
1.262930
1.260550
1.258180
1.255810
1.253450
1.251100
1.248750
1.246400
1.244070
1.241730
1.239410
1.237090
1.234780
1.232470
1.230170
1.227870
1.225580
1.223300
1.221020
1.218740
1.216480
1.214220
1.211960
1.209710
1.207470
1.205230
1.203000
1.200770
1.198550
1.196330
1.194120
1.191910
1.189710
1.187520
1.185330
1.183150
1.180970
1.178800
1.176630
1.174470
1.172310
1.170160
1.168010
1.165870
1.163740
1.161610
1.159490
1.157370
1.155250
1.153140
1.151040
1.148940
1.146850
1.144760
1.142670
1.140600
1.138530
1.136460
1.134390
1.132340
1.130280
1.128240
1.126200
1.124150
1.122120
1.120100
1.118070
1.116050
1.114040
1.112030
1.110030
1.108030
1.106040
1.104050
1.102070
1.100090
1.098110
1.096140
1.094180
1.092220
1.090260
1.088310
1.086370
1.084430
1.082490
1.080560
1.078630
1.076710
1.074790
1.072880
1.070970
1.069070
1.067170
1.065270
1.063380
1.061500
1.059610
1.057740
1.055860
1.054000
1.052130
1.050280
1.048420
1.046570
1.044720
1.042880
1.041050
1.039210
1.037390
1.035560
1.033740
1.031920
1.030120
1.028310
1.026500
1.024710
1.022920
1.021130
1.019340
1.017560
1.015780
1.014010
1.012240
1.010480
1.008720
1.006960
1.005210
1.003460
1.001720
0.999973
0.998243
0.996512
0.994781
0.993057
0.991338
0.989625
0.987913
0.986206
0.984500
0.982805
0.981104
0.979416
0.977727
0.976045
0.974368
0.972692
0.971021
0.969351
0.967686
0.966027
0.964369
0.962716
0.961070
0.959423
0.957783
0.956148
0.954514
0.952885
0.951257
0.949634
0.948018
0.946402
0.944791
0.943187
0.941582
0.939984
0.938385
0.936799
0.935206
0.933620
0.932040
0.930465
0.928891
0.927322
0.925754
0.924192
0.922629
0.921079
0.919529
0.917996
0.916500
0.915731
0.916392
0.918741
0.923290
0.931072
0.944316
0.967025
1.004550
1.062580
1.146100
1.258580
1.401610
1.574990
1.777020
2.004920
2.255350
2.524740
2.809590
3.106620
3.412890
3.725650
4.042370
4.360680
4.678450
4.993830
5.305270
5.611610
5.911970
6.205730
6.492420
6.771850
7.043880
7.308350
7.565300
7.814800
8.056850
8.291690
8.519250
8.739850
8.953480
9.160310
9.360540
9.554210
9.741520
9.922630
10.097600
10.266600
10.429800
10.587200
10.739100
10.885500
11.026500
11.162300
11.292800
11.418400
11.539100
11.655000
11.766100
11.872500
11.974500
12.071900
12.165100
12.254000
12.338700
12.419300
12.496000
12.568700
12.637600
12.702700
12.764200
12.822000
12.876300
12.927200
12.974700
13.018800
13.059700
13.097500
13.132200
13.163800
13.192500
13.218300
13.241300
13.261600
13.279100
13.294000
13.306300
13.316100
13.323500
13.328400
13.331100
13.331500
13.329600
13.325500
13.319500
13.311200
13.301000
13.288900
13.274700
13.258800
13.241100
13.221600
13.200400
13.177500
13.153100
13.127000
13.099500
13.070500
13.040000
13.008200
12.975000
12.940500
12.904800
12.867800
12.829600
12.790300
12.750000
12.708600
12.666100
12.622600
12.578200
12.532900
12.486600
12.439600
12.391700
12.343000
12.293600
12.243500
12.192700
12.141200
12.089100
12.036400
11.983200
11.929400
11.875100
11.820300
11.765100
11.709400
11.653300
11.596900
11.540100
11.482900
11.425500
11.367700
11.309700
11.251600
11.193100
11.134500
11.075700
11.016700
10.957700
10.898500
10.839200
10.779800
10.720400
10.660900
10.601400
10.541900
10.482500
10.423000
10.363600
10.304200
10.244900
10.185700
10.126600
10.067600
10.008800
9.950040
9.891510
9.833100
9.774870
9.716820
9.658950
9.601320
9.543870
9.486670
9.429700
9.372970
9.316490
9.260240
9.204300
9.148590
9.093190
9.038150
8.983340
8.928840
8.874640
8.820730
8.767190
8.713950
8.661070
8.608490
8.556210
8.504350
8.452790
8.401590
8.350700
8.300220
8.250040
8.200290
8.150830
8.101800
8.053060
8.004750
7.956800
7.909200
7.861970
7.815100
7.768590
7.722440
7.676710
7.631280
7.586270
7.541620
7.497340
7.453470
7.409900
7.366700
7.323910
7.281490
7.239360
7.197660
7.156260
7.115270
7.074590
7.034330
6.994370
6.954770
6.915530
6.876650
6.838070
6.799850
6.761990
6.724440
6.687240
6.650400
6.613870
6.577630
6.541760
6.506240
6.470970
6.436060
6.401440
6.367130
6.333180
6.299530
6.266120
6.233070
6.200260
6.167810
6.135600
6.103750
6.072140
6.040770
6.009770
5.978990
5.948500
5.918290
5.888350
5.858670
5.829260
5.800110
5.771220
5.742590
5.714210
5.686080
5.658200
5.630570
5.603180
5.576030
5.549120
5.522440
5.495990
5.469780
5.443800
5.418040
5.392500
5.367180
5.342080
5.317190
5.292520
5.268060
5.243810
5.219760
5.195910
5.172270
5.148820
5.125570
5.102510
5.079660
5.056980
5.034500
5.012200
4.990080
4.968140
4.946390
4.924810
4.903410
4.882180
4.861120
4.840230
4.819510
4.798950
4.778550
4.758330
4.738260
4.718340
4.698580
4.678980
4.659530
4.640240
4.621080
4.602080
4.583230
4.564510
4.545950
4.527520
4.509230
4.491080
4.473070
4.455190
4.437450
4.419840
4.402350
4.385000
4.367770
4.350680
4.333700
4.316850
4.300120
4.283510
4.267020
4.250660
4.234410
4.218270
4.202250
4.186330
4.170540
4.154850
4.139270
4.123800
4.108440
4.093190
4.078040
4.062990
4.048040
4.033200
4.018460
4.003820
3.989280
3.974830
3.960480
3.946230
3.932070
3.918010
3.904030
3.890150
3.876360
3.862660
3.849050
3.835530
3.822090
3.808740
3.795480
3.782300
3.769200
3.756190
3.743250
3.730410
3.717640
3.704950
3.692330
3.679800
3.667350
3.654970
3.642660
3.630430
3.618280
3.606200
3.594190
3.582260
3.570390
3.558600
3.546870
3.535220
3.523640
3.512120
3.500680
3.489290
3.477980
3.466730
3.455540
3.444420
3.433370
3.422380
3.411450
3.400570
3.389770
3.379030
3.368340
3.357720
3.347150
3.336650
3.326200
3.315810
3.305480
3.295200
3.284980
3.274820
3.264710
3.254660
3.244660
3.234720
3.224820
3.214990
3.205200
3.195460
3.185780
3.176160
3.166570
3.157040
3.147560
3.138140
3.128750
3.119420
3.110130
3.100900
3.091710
3.082570
3.073470
3.064420
3.055420
3.046470
3.037550
3.028690
3.019860
3.011080
3.002350
2.993660
2.985000
2.976400
2.967840
2.959320
2.950840
2.942390
2.934000
2.925640
2.917320
2.909050
2.900810
2.892610
2.884460
2.876340
2.868260
2.860210
2.852210
2.844250
2.836310
2.828420
2.820560
2.812750
2.804960
2.797220
2.789510
2.781830
2.774190
2.766580
2.759020
2.751480
2.743980
2.736510
2.729070
2.721680
2.714300
2.706970
2.699670
2.692400
2.685170
2.677960
2.670790
2.663640
2.656530
2.649450
2.642400
2.635390
2.628400
2.621440
2.614520
2.607620
2.600750
2.593910
2.587100
2.580320
2.573580
2.566850
2.560160
2.553490
2.546850
2.540240
2.533660
2.527110
2.520580
2.514080
2.507610
2.501160
2.494740
2.488350
2.481980
2.475640
2.469330
2.463040
2.456780
2.450530
2.444320
2.438130
2.431970
2.425830
2.419720
2.413630
2.407570
2.401520
2.395510
2.389510
2.383540
2.377600
2.371670
2.365780
2.359900
2.354050
2.348210
2.342410
2.336620
2.330860
2.325120
2.319400
2.313700
2.308030
2.302380
2.296750
2.291130
2.285540
2.279980
2.274430
2.268900
2.263400
2.257920
2.252460
2.247010
2.241590
2.236190
2.230810
2.225440
2.220100
2.214780
2.209470
2.204190
2.198930
2.193680
2.188450
2.183250
2.178060
2.172900
2.167750
2.162610
2.157500
2.152400
2.147330
2.142270
2.137230
2.132210
2.127200
2.122220
2.117250
2.112300
2.107370
2.102450
2.097550
2.092670
2.087810
2.082960
2.078130
2.073320
2.068520
2.063740
2.058980
2.054230
2.049500
2.044790
2.040090
2.035410
2.030740
2.026090
2.021460
2.016840
2.012240
2.007660
2.003080
1.998530
1.993990
1.989460
1.984950
1.980460
1.975980
1.971520
1.967070
1.962640
1.958210
1.953810
1.949420
1.945040
1.940680
1.936330
1.932000
1.927690
1.923380
1.919090
1.914810
1.910550
1.906310
1.902080
1.897850
1.893640
1.889460
1.885270
1.881110
1.876960
1.872820
1.868690
1.864580
1.860480
1.856390
1.852320
1.848260
1.844210
1.840180
1.836160
1.832150
1.828160
1.824170
1.820200
1.816240
1.812300
1.808360
1.804440
1.800530
1.796640
1.792750
1.788880
1.785020
1.781170
1.777340
1.773510
1.769700
1.765900
1.762110
1.758330
1.754570
1.750810
1.747070
1.743340
1.739620
1.735910
1.732210
1.728520
1.724850
1.721190
1.717530
1.713890
1.710260
1.706650
1.703030
1.699440
1.695850
1.692280
1.688710
1.685160
1.681610
1.678080
1.674560
1.671040
1.667540
1.664050
1.660570
1.657090
1.653630
1.650180
1.646750
1.643310
1.639890
1.636480
1.633080
1.629690
1.626310
1.622940
1.619580
1.616230
1.612890
1.609560
1.606230
1.602920
1.599620
1.596330
1.593040
1.589770
1.586500
1.583250
1.580000
1.576770
1.573540
1.570320
1.567110
1.563920
1.560720
1.557540
1.554370
1.551210
1.548050
1.544910
1.541770
1.538640
1.535520
1.532410
1.529310
1.526220
1.523130
1.520060
1.516990
1.513930
1.510880
1.507840
1.504810
1.501790
1.498770
1.495770
1.492770
1.489770
1.486790
1.483820
1.480850
1.477890
1.474940
1.472010
1.469070
1.466150
1.463230
1.460320
1.457420
1.454520
1.451640
1.448760
1.445900
1.443030
1.440180
1.437330
1.434500
1.431670
1.428840
1.426020
1.423220
1.420420
1.417620
1.414840
1.412060
1.409290
1.406530
1.403770
1.401020
1.398280
1.395550
1.392830
1.390110
1.387400
1.384690
1.382000
1.379310
1.376630
1.373950
1.371280
1.368620
1.365970
1.363320
1.360680
1.358050
1.355420
1.352800
1.350190
1.347590
1.344980
1.342390
1.339810
1.337230
1.334660
1.332090
1.329540
1.326990
1.324440
1.321900
1.319370
1.316850
1.314330
1.311820
1.309310
1.306810
1.304330
1.301840
1.299360
1.296890
1.294420
1.291960
1.289510
1.287060
1.284620
1.282190
1.279750
1.277330
1.274920
1.272510
1.270100
1.267710
1.265310
1.262930
1.260550
1.258180
1.255810
1.253450
1.251100
1.248750
1.246400
1.244070
1.241740
1.239410
1.237090
1.234780
1.232470
1.230170
1.227880
1.225590
1.223300
1.221020
1.218750
1.216480
1.214220
1.211960
1.209720
1.207470
1.205230
1.203000
1.200770
1.198550
1.196330
1.194120
1.191920
1.189720
1.187530
1.185330
1.183150
1.180980
1.178800
1.176630
1.174470
1.172320
1.170160
1.168020
1.165880
1.163740
1.161610
1.159490
1.157370
1.155260
1.153150
1.151040
1.148950
1.146850
1.144760
1.142680
1.140600
1.138530
1.136460
1.134400
1.132340
1.130290
1.128240
1.126200
1.124160
1.122130
1.120100
1.118080
1.116060
1.114050
1.112040
1.110030
1.108040
1.106040
1.104050
1.102070
1.100090
1.098110
1.096140
1.094180
1.092220
1.090270
1.088310
1.086370
1.084430
1.082490
1.080560
1.078630
1.076710
1.074790
1.072880
1.070970
1.069070
1.067170
1.065270
1.063380
1.061500
1.059610
1.057740
1.055860
1.054000
1.052130
1.050280
1.048430
1.046570
1.044720
1.042880
1.041050
1.039210
1.037390
1.035570
1.033740
1.031930
1.030120
1.028310
1.026510
1.024710
1.022920
1.021130
1.019340
1.017560
1.015780
1.014010
1.012240
1.010480
1.008720
1.006960
1.005210
1.003460
1.001720
0.999979
0.998243
0.996512
0.994781
0.993063
0.991344
0.989625
0.987913
0.986206
0.984506
0.982805
0.981110
0.979416
0.977733
0.976051
0.974368
0.972692
0.971021
0.969351
0.967692
0.966027
0.964375
0.962722
0.961070
0.959429
0.957789
0.956148
0.954514
0.952885
0.951263
0.949640
0.948024
0.946408
0.944797
0.943187
0.941588
0.939984
0.938391
0.936799
0.935212
0.933626
0.932046
0.930465
0.928891
0.927322
0.925754
0.924192
0.922635
0.921079
0.919535
0.917996
0.916500
0.915737
0.916392
0.918741
0.923290
0.931072
0.944316
0.967031
1.004550
1.062580
1.146120
1.258600
1.401630
1.575010
1.777040
2.004960
2.255390
2.524770
2.809630
3.106670
3.412950
3.725710
4.042430
4.360740
4.678520
4.993890
5.305340
5.611680
5.912050
6.205790
6.492540
6.771970
7.043940
7.308410
7.565360
7.814860
8.056910
8.291690
8.519310
8.739850
8.953540
9.160370
9.360540
9.554270
9.741580
9.922630
10.097600
10.266700
10.429800
10.587200
10.739100
10.885500
11.026500
11.162300
11.292900
11.418400
11.539100
11.655000
11.766100
11.872500
11.974500
12.071900
12.165100
12.254000
12.338700
12.419300
12.496000
12.568700
12.637600
12.702700
12.764100
12.822000
12.876300
12.927200
12.974600
13.018800
13.059700
13.097500
13.132100
13.163800
13.192500
13.218300
13.241300
13.261500
13.279100
13.294000
13.306300
13.316100
13.323500
13.328400
13.331100
13.331400
13.329500
13.325500
13.319400
13.311100
13.300900
13.288700
13.274700
13.258700
13.241000
13.221600
13.200400
13.177500
13.153100
13.127000
13.099500
13.070400
13.040000
13.008100
12.974900
12.940500
12.904800
12.867700
12.829600
12.790300
12.750000
12.708500
12.666000
12.622600
12.578200
12.532800
12.486600
12.439500
12.391600
12.343000
12.293600
12.243400
12.192700
12.141200
12.089100
12.036400
11.983100
11.929300
11.875000
11.820300
11.765000
11.709400
11.653300
11.596800
11.540000
11.482900
11.425400
11.367700
11.309700
11.251500
11.193100
11.134400
11.075600
11.016700
10.957600
10.898400
10.839100
10.779700
10.720400
10.660900
10.601400
10.541900
10.482400
10.423000
10.363500
10.304200
10.244900
10.185700
10.126600
10.067600
10.008700
9.950040
9.891390
9.832980
9.774750
9.716700
9.658830
9.601200
9.543760
9.486550
9.429580
9.372860
9.316370
9.260180
9.204240
9.148590
9.093190
9.038090
8.983280
8.928780
8.874580
8.820730
8.767130
8.713890
8.661010
8.608430
8.556210
8.504290
8.452730
8.401530
8.350700
8.300160
8.250040
8.200230
8.150830
8.101740
8.053060
8.004750
7.956740
7.909140
7.861910
7.815040
7.768530
7.722440
7.676650
7.631280
7.586270
7.541620
7.497340
7.453410
7.409900
7.366700
7.323910
7.281430
7.239360
7.197600
7.156260
7.115210
7.074590
7.034270
6.994370
6.954770
6.915530
6.876590
6.838070
6.799850
6.761990
6.724440
6.687240
6.650400
6.613870
6.577630
6.541760
6.506180
6.470970
6.436060
6.401440
6.367130
6.333180
6.299470
6.266120
6.233010
6.200260
6.167810
6.135600
6.103690
6.072080
6.040770
6.009710
5.978970
5.948480
5.918260
5.888330
5.858650
5.829240
5.800090
5.771200
5.742570
5.714190
5.686060
5.658180
5.630550
5.603160
5.576010
5.549100
5.522420
5.495980
5.469760
5.443780
5.418020
5.392480
5.367160
5.342060
5.317180
5.292510
5.268040
5.243790
5.219740
5.195900
5.172250
5.148810
5.125560
5.102500
5.079640
5.056970
5.034480
5.012180
4.990070
4.968130
4.946380
4.924800
4.903390
4.882160
4.861110
4.840210
4.819500
4.798940
4.778540
4.758320
4.738250
4.718330
4.698570
4.678970
4.659520
4.640220
4.621070
4.602070
4.583210
4.564500
4.545930
4.527510
4.509220
4.491070
4.473060
4.455180
4.437440
4.419830
4.402340
4.384990
4.367760
4.350670
4.333690
4.316840
4.300110
4.283500
4.267020
4.250640
4.234390
4.218250
4.202230
4.186330
4.170530
4.154840
4.139260
4.123800
4.108430
4.093180
4.078030
4.062980
4.048040
4.033200
4.018460
4.003810
3.989270
3.974820
3.960470
3.946230
3.932060
3.918000
3.904020
3.890150
3.876360
3.862660
3.849040
3.835520
3.822080
3.808740
3.795470
3.782290
3.769200
3.756180
3.743250
3.730400
3.717630
3.704940
3.692330
3.679790
3.667330
3.654950
3.642650
3.630430
3.618270
3.606190
3.594180
3.582250
3.570380
3.558590
3.546870
3.535220
3.523630
3.512120
3.500660
3.489280
3.477970
3.466720
3.455530
3.444420
3.433360
3.422370
3.411440
3.400570
3.389760
3.379020
3.368340
3.357710
3.347150
3.336640
3.326190
3.315800
3.305470
3.295200
3.284980
3.274810
3.264710
3.254650
3.244650
3.234710
3.224820
3.214980
3.205190
3.195460
3.185780
3.176150
3.166570
3.157040
3.147560
3.138130
3.128740
3.119410
3.110130
3.100890
3.091700
3.082560
3.073470
3.064420
3.055410
3.046460
3.037550
3.028680
3.019860
3.011080
3.002340
2.993650
2.985000
2.976390
2.967830
2.959310
2.950830
2.942390
2.933990
2.925630
2.917320
2.909040
2.900800
2.892610
2.884450
2.876340
2.868250
2.860210
2.852200
2.844240
2.836310
2.828420
2.820560
2.812740
2.804960
2.797210
2.789500
2.781830
2.774190
2.766580
2.759010
2.751480
2.743970
2.736500
2.729070
2.721670
2.714300
2.706970
2.699670
2.692390
2.685160
2.677950
2.670780
2.663640
2.656530
2.649450
2.642400
2.635380
2.628400
2.621440
2.614510
2.607610
2.600750
2.593910
2.587100
2.580320
2.573570
2.566850
2.560150
2.553490
2.546850
2.540240
2.533660
2.527110
2.520570
2.514080
2.507610
2.501160
2.494740
2.488350
2.481980
2.475640
2.469320
2.463030
2.456770
2.450530
2.444320
2.438130
2.431960
2.425830
2.419720
2.413620
2.407560
2.401520
2.395500
2.389510
2.383540
2.377590
2.371670
2.365770
2.359900
2.354040
2.348210
2.342400
2.336620
2.330860
2.325110
2.319400
2.313700
2.308020
2.302380
2.296740
2.291130
2.285540
2.279970
2.274430
2.268900
2.263400
2.257910
2.252450
2.247010
2.241590
2.236180
2.230800
2.225440
2.220100
2.214770
2.209470
2.204190
2.198920
2.193680
2.188450
2.183240
2.178060
2.172890
2.167740
2.162610
2.157490
2.152400
2.147330
2.142270
2.137230
2.132210
2.127200
2.122210
2.117250
2.112300
2.107370
2.102450
2.097550
2.092670
2.087810
2.082960
2.078130
2.073310
2.068520
2.063740
2.058970
2.054230
2.049500
2.044790
2.040090
2.035410
2.030740
2.026090
2.021460
2.016840
2.012240
2.007650
2.003080
1.998520
1.993990
1.989460
1.984950
1.980460
1.975980
1.971510
1.967060
1.962630
1.958210
1.953810
1.949420
1.945040
1.940680
1.936330
1.932000
1.927680
1.923380
1.919090
1.914810
1.910550
1.906310
1.902070
1.897850
1.893640
1.889450
1.885270
1.881100
1.876950
1.872820
1.868690
1.864580
1.860480
1.856390
1.852320
1.848260
1.844210
1.840180
1.836150
1.832150
1.828150
1.824170
1.820200
1.816240
1.812290
1.808360
1.804440
1.800530
1.796630
1.792750
1.788880
1.785020
1.781170
1.777330
1.773510
1.769700
1.765900
1.762110
1.758330
1.754560
1.750810
1.747070
1.743340
1.739620
1.735910
1.732210
1.728520
1.724850
1.721190
1.717530
1.713890
1.710260
1.706640
1.703030
1.699430
1.695850
1.692270
1.688710
1.685150
1.681610
1.678080
1.674550
1.671040
1.667540
1.664050
1.660560
1.657090
1.653630
1.650180
1.646740
1.643310
1.639890
1.636480
1.633080
1.629690
1.626310
1.622940
1.619580
1.616230
1.612880
1.609560
1.606230
1.602920
1.599620
1.596320
1.593040
1.589770
1.586500
1.583250
1.580000
1.576760
1.573540
1.570320
1.567110
1.563910
1.560720
1.557540
1.554370
1.551210
1.548050
1.544900
1.541770
1.538640
1.535520
1.532410
1.529310
1.526210
1.523130
1.520050
1.516990
1.513930
1.510880
1.507840
1.504810
1.501790
1.498770
1.495760
1.492760
1.489770
1.486790
1.483820
1.480850
1.477890
1.474940
1.472010
1.469070
1.466150
1.463230
1.460320
1.457410
1.454520
1.451640
1.448760
1.445890
1.443030
1.440170
1.437330
1.434490
1.431660
1.428840
1.426020
1.423220
1.420420
1.417620
1.414840
1.412060
1.409290
1.406530
1.403770
1.401020
1.398280
1.395550
1.392820
1.390110
1.387400
1.384690
1.381990
1.379310
1.376620
1.373950
1.371280
1.368620
1.365970
1.363320
1.360680
1.358050
1.355420
1.352800
1.350190
1.347590
1.344980
1.342390
1.339810
1.337230
1.334660
1.332090
1.329530
1.326990
1.324440
1.321900
1.319370
1.316850
1.314330
1.311820
1.309310
1.306810
1.304330
1.301840
1.299360
1.296890
1.294420
1.291960
1.289510
1.287060
1.284620
1.282180
1.279750
1.277330
1.274920
1.272510
1.270100
1.267710
1.265310
1.262930
1.260550
1.258180
1.255810
1.253450
1.251100
1.248750
1.246400
1.244070
1.241730
1.239410
1.237090
1.234780
1.232470
1.230170
1.227870
1.225580
1.223300
1.221020
1.218750
1.216480
1.214220
1.211960
1.209710
1.207470
1.205230
1.203000
1.200770
1.198550
1.196330
1.194120
1.191920
1.189720
1.187520
1.185330
1.183150
1.180970
1.178800
1.176630
1.174470
1.172320
1.170160
1.168020
1.165870
1.163740
1.161610
1.159490
1.157370
1.155260
1.153150
1.151040
1.148940
1.146850
1.144760
1.142680
1.140600
1.138530
1.136460
1.134400
1.132340
1.130290
1.128240
1.126200
1.124160
1.122130
1.120100
1.118070
1.116060
1.114050
1.112040
1.110030
1.108040
1.106040
1.104050
1.102070
1.100090
1.098110
1.096140
1.094180
1.092220
1.090270
1.088310
1.086370
1.084430
1.082490
1.080560
1.078630
1.076710
1.074790
1.072880
1.070970
1.069070
1.067170
1.065270
1.063380
1.061500
1.059610
1.057740
1.055860
1.054000
1.052130
1.050280
1.048420
1.046570
1.044720
1.042880
1.041050
1.039210
1.037390
1.035560
1.033740
1.031930
1.030120
1.028310
1.026510
1.024710
1.022920
1.021130
1.019340
1.017560
1.015780
1.014010
1.012240
1.010480
1.008720
1.006960
1.005210
1.003460
1.001720
0.999979
0.998243
0.996512
0.994781
0.993063
0.991338
0.989625
0.987913
0.986206
0.984506
0.982805
0.981110
0.979416
0.977727
0.976045
0.974368
0.972692
0.971021
0.969351
0.967686
0.966027
0.964375
0.962722
0.961070
0.959429
0.957783
0.956148
0.954514
0.952885
0.951263
0.949640
0.948018
0.946408
0.944797
0.943187
0.941582
0.939984
0.938391
0.936799
0.935206
0.933626
0.932046
0.930465
0.928891
0.927322
0.925754
