9.22556e-08
9.22556e-08
9.22556e-08
9.22558e-08
9.22558e-08
9.22553e-08
9.22499e-08
9.22499e-08
9.22504e-08
9.22507e-08
9.22512e-08
9.22517e-08
9.22521e-08
9.22524e-08
9.22526e-08
9.22531e-08
9.22534e-08
9.22536e-08
9.22539e-08
9.22541e-08
9.22541e-08
9.22544e-08
9.22546e-08
9.22546e-08
9.22548e-08
9.22548e-08
9.22548e-08
9.22548e-08
9.22548e-08
9.22548e-08
9.22548e-08
9.22548e-08
9.22548e-08
9.22546e-08
9.22546e-08
9.22546e-08
9.22544e-08
9.22544e-08
9.22544e-08
9.22541e-08
9.22541e-08
9.22539e-08
9.22539e-08
9.22536e-08
9.22536e-08
9.22534e-08
9.22534e-08
9.22531e-08
9.22531e-08
9.22529e-08
9.22529e-08
9.22526e-08
9.22524e-08
9.22524e-08
9.22521e-08
9.22519e-08
9.22519e-08
9.22517e-08
9.22517e-08
9.22514e-08
9.22512e-08
9.22512e-08
9.22509e-08
9.22507e-08
9.22504e-08
9.22504e-08
9.22502e-08
9.22499e-08
9.22499e-08
9.22497e-08
9.22495e-08
9.22495e-08
9.22492e-08
9.2249e-08
9.22487e-08
9.22487e-08
9.22485e-08
9.22482e-08
9.22482e-08
9.2248e-08
9.22477e-08
9.22477e-08
9.22475e-08
9.22472e-08
9.2247e-08
9.2247e-08
9.22468e-08
9.22465e-08
9.22465e-08
9.22463e-08
9.2246e-08
9.22458e-08
9.22458e-08
9.22455e-08
9.22453e-08
9.22453e-08
9.2245e-08
9.22448e-08
9.22448e-08
9.22446e-08
9.22443e-08
9.22443e-08
9.22441e-08
9.22438e-08
9.22438e-08
9.22436e-08
9.22433e-08
9.22433e-08
9.22431e-08
9.22428e-08
9.22428e-08
9.22426e-08
9.22424e-08
9.22424e-08
9.22421e-08
9.22419e-08
9.22419e-08
9.22416e-08
9.22416e-08
9.22414e-08
9.22411e-08
9.22411e-08
9.22409e-08
9.22406e-08
9.22406e-08
9.22404e-08
9.22404e-08
9.22401e-08
9.22399e-08
9.22399e-08
9.22397e-08
9.22397e-08
9.22394e-08
9.22394e-08
9.22392e-08
9.22389e-08
9.22389e-08
9.22387e-08
9.22387e-08
9.22384e-08
9.22384e-08
9.22382e-08
9.22382e-08
9.22379e-08
9.22379e-08
9.22377e-08
9.22375e-08
9.22375e-08
9.22372e-08
9.22372e-08
9.2237e-08
9.2237e-08
9.22367e-08
9.22367e-08
9.22365e-08
9.22365e-08
9.22362e-08
9.22362e-08
9.22362e-08
9.2236e-08
9.2236e-08
9.22357e-08
9.22357e-08
9.22355e-08
9.22355e-08
9.22353e-08
9.22353e-08
9.2235e-08
9.2235e-08
9.2235e-08
9.22348e-08
9.22348e-08
9.22345e-08
9.22345e-08
9.22343e-08
9.22343e-08
9.22343e-08
9.2234e-08
9.2234e-08
9.22338e-08
9.22338e-08
9.22338e-08
9.22335e-08
9.22335e-08
9.22335e-08
9.22333e-08
9.22333e-08
9.2233e-08
9.2233e-08
9.2233e-08
9.22328e-08
9.22328e-08
9.22328e-08
9.22326e-08
9.22326e-08
9.22326e-08
9.22323e-08
9.22323e-08
9.22323e-08
9.22321e-08
9.22321e-08
9.22321e-08
9.22321e-08
9.22318e-08
9.22318e-08
9.22318e-08
9.22316e-08
9.22316e-08
9.22316e-08
9.22313e-08
9.22313e-08
9.22313e-08
9.22313e-08
9.22311e-08
9.22311e-08
9.22311e-08
9.22311e-08
9.22308e-08
9.22308e-08
9.22308e-08
9.22308e-08
9.22306e-08
9.22306e-08
9.22306e-08
9.22306e-08
9.22304e-08
9.22304e-08
9.22304e-08
9.22304e-08
9.22304e-08
9.22301e-08
9.22301e-08
9.22301e-08
9.22301e-08
9.22301e-08
9.22299e-08
9.22299e-08
9.22299e-08
9.22299e-08
9.22299e-08
9.22299e-08
9.22296e-08
9.22296e-08
9.22296e-08
9.22296e-08
9.22296e-08
9.22296e-08
9.22294e-08
9.22294e-08
9.22294e-08
9.22294e-08
9.22294e-08
9.22294e-08
9.22291e-08
9.22291e-08
9.22291e-08
9.22291e-08
9.22291e-08
9.22291e-08
9.22291e-08
9.22291e-08
9.22289e-08
9.22289e-08
9.22289e-08
9.22289e-08
9.22289e-08
9.22289e-08
9.22289e-08
9.22289e-08
9.22289e-08
9.22286e-08
9.22286e-08
9.22286e-08
9.22286e-08
9.22286e-08
9.22286e-08
9.22286e-08
9.22286e-08
9.22286e-08
9.22286e-08
9.22286e-08
9.22286e-08
9.22284e-08
9.22284e-08
9.22284e-08
9.22284e-08
9.22284e-08
9.22284e-08
9.22284e-08
9.22284e-08
9.22284e-08
9.22284e-08
9.22284e-08
9.22284e-08
9.22284e-08
9.22284e-08
9.22284e-08
9.22284e-08
9.22284e-08
9.22284e-08
9.22284e-08
9.22284e-08
9.22282e-08
9.22282e-08
9.22282e-08
9.22282e-08
9.22282e-08
9.22282e-08
9.22282e-08
9.22282e-08
9.22282e-08
9.22282e-08
9.22282e-08
9.22282e-08
9.22282e-08
9.22282e-08
9.22282e-08
9.22282e-08
9.22282e-08
9.22282e-08
9.22282e-08
9.22282e-08
9.22282e-08
9.22282e-08
9.22282e-08
9.22282e-08
9.22282e-08
9.22282e-08
9.22282e-08
9.22282e-08
9.22282e-08
9.22282e-08
9.22282e-08
9.22282e-08
9.22282e-08
9.22282e-08
9.22282e-08
9.22282e-08
9.22282e-08
9.22282e-08
9.22284e-08
9.22284e-08
9.22284e-08
9.22284e-08
9.22284e-08
9.22284e-08
9.22284e-08
9.22284e-08
9.22284e-08
9.22284e-08
9.22284e-08
9.22284e-08
9.22284e-08
9.22284e-08
9.22284e-08
9.22284e-08
9.22284e-08
9.22284e-08
9.22284e-08
9.22284e-08
9.22284e-08
9.22284e-08
9.22284e-08
9.22284e-08
9.22286e-08
9.22286e-08
9.22286e-08
9.22286e-08
9.22286e-08
9.22286e-08
9.22286e-08
9.22286e-08
9.22286e-08
9.22286e-08
9.22286e-08
9.22286e-08
9.22286e-08
9.22286e-08
9.22286e-08
9.22289e-08
9.22289e-08
9.22289e-08
9.22289e-08
9.22289e-08
9.22289e-08
9.22289e-08
9.22289e-08
9.22289e-08
9.22289e-08
9.22289e-08
9.22289e-08
9.22289e-08
9.22291e-08
9.22291e-08
9.22291e-08
9.22291e-08
9.22291e-08
9.22291e-08
9.22291e-08
9.22291e-08
9.22291e-08
9.22291e-08
9.22291e-08
9.22294e-08
9.22294e-08
9.22294e-08
9.22294e-08
9.22294e-08
9.22294e-08
9.22294e-08
9.22294e-08
9.22294e-08
9.22294e-08
9.22296e-08
9.22296e-08
9.22296e-08
9.22296e-08
9.22296e-08
9.22296e-08
9.22296e-08
9.22296e-08
9.22296e-08
9.22296e-08
9.22299e-08
9.22299e-08
9.22299e-08
9.22299e-08
9.22299e-08
9.22299e-08
9.22299e-08
9.22299e-08
9.22299e-08
9.22301e-08
9.22301e-08
9.22301e-08
9.22301e-08
9.22301e-08
9.22301e-08
9.22301e-08
9.22301e-08
9.22301e-08
9.22304e-08
9.22304e-08
9.22304e-08
9.22304e-08
9.22304e-08
9.22304e-08
9.22304e-08
9.22304e-08
9.22306e-08
9.22306e-08
9.22306e-08
9.22306e-08
9.22306e-08
9.22306e-08
9.22306e-08
9.22306e-08
9.22308e-08
9.22308e-08
9.22308e-08
9.22308e-08
9.22308e-08
9.22308e-08
9.22308e-08
9.22311e-08
9.22311e-08
9.22311e-08
9.22311e-08
9.22311e-08
9.22311e-08
9.22311e-08
9.22311e-08
9.22313e-08
9.22313e-08
9.22313e-08
9.22313e-08
9.22313e-08
9.22313e-08
9.22313e-08
9.22316e-08
9.22316e-08
9.22316e-08
9.22316e-08
9.22316e-08
9.22316e-08
9.22316e-08
9.22318e-08
9.22318e-08
9.22318e-08
9.22318e-08
9.22318e-08
9.22318e-08
9.22318e-08
9.22321e-08
9.22321e-08
9.22321e-08
9.22321e-08
9.22321e-08
9.22321e-08
9.22321e-08
9.22323e-08
9.22323e-08
9.22323e-08
9.22323e-08
9.22323e-08
9.22323e-08
9.22326e-08
9.22326e-08
9.22326e-08
9.22326e-08
9.22326e-08
9.22326e-08
9.22326e-08
9.22328e-08
9.22328e-08
9.22328e-08
9.22328e-08
9.22328e-08
9.22328e-08
9.2233e-08
9.2233e-08
9.2233e-08
9.2233e-08
9.2233e-08
9.2233e-08
9.2233e-08
9.22333e-08
9.22333e-08
9.22333e-08
9.22333e-08
9.22333e-08
9.22333e-08
9.22335e-08
9.22335e-08
9.22335e-08
9.22335e-08
9.22335e-08
9.22335e-08
9.22338e-08
9.22338e-08
9.22338e-08
9.22338e-08
9.22338e-08
9.22338e-08
9.2234e-08
9.2234e-08
9.2234e-08
9.2234e-08
9.2234e-08
9.2234e-08
9.2234e-08
9.22343e-08
9.22343e-08
9.22343e-08
9.22343e-08
9.22343e-08
9.22343e-08
9.22345e-08
9.22345e-08
9.22345e-08
9.22345e-08
9.22345e-08
9.22345e-08
9.22348e-08
9.22348e-08
9.22348e-08
9.22348e-08
9.22348e-08
9.2235e-08
9.2235e-08
9.2235e-08
9.2235e-08
9.2235e-08
9.2235e-08
9.22353e-08
9.22353e-08
9.22353e-08
9.22353e-08
9.22353e-08
9.22353e-08
9.22355e-08
9.22355e-08
9.22355e-08
9.22355e-08
9.22355e-08
9.22355e-08
9.22357e-08
9.22357e-08
9.22357e-08
9.22357e-08
9.22357e-08
9.22357e-08
9.2236e-08
9.2236e-08
9.2236e-08
9.2236e-08
9.2236e-08
9.22362e-08
9.22362e-08
9.22362e-08
9.22362e-08
9.22362e-08
9.22362e-08
9.22365e-08
9.22365e-08
9.22365e-08
9.22365e-08
9.22365e-08
9.22365e-08
9.22367e-08
9.22367e-08
9.22367e-08
9.22367e-08
9.22367e-08
9.2237e-08
9.2237e-08
9.2237e-08
9.2237e-08
9.2237e-08
9.2237e-08
9.22372e-08
9.22372e-08
9.22372e-08
9.22372e-08
9.22372e-08
9.22375e-08
9.22375e-08
9.22375e-08
9.22375e-08
9.22375e-08
9.22375e-08
9.22377e-08
9.22377e-08
9.22377e-08
9.22377e-08
9.22377e-08
9.22379e-08
9.22379e-08
9.22379e-08
9.22379e-08
9.22379e-08
9.22379e-08
9.22382e-08
9.22382e-08
9.22382e-08
9.22382e-08
9.22382e-08
9.22384e-08
9.22384e-08
9.22384e-08
9.22384e-08
9.22384e-08
9.22387e-08
9.22387e-08
9.22387e-08
9.22387e-08
9.22387e-08
9.22387e-08
9.22389e-08
9.22389e-08
9.22389e-08
9.22389e-08
9.22389e-08
9.22392e-08
9.22392e-08
9.22392e-08
9.22392e-08
9.22392e-08
9.22392e-08
9.22394e-08
9.22394e-08
9.22394e-08
9.22394e-08
9.22394e-08
9.22397e-08
9.22397e-08
9.22397e-08
9.22397e-08
9.22397e-08
9.22399e-08
9.22399e-08
9.22399e-08
9.22399e-08
9.22399e-08
9.22401e-08
9.22401e-08
9.22401e-08
9.22401e-08
9.22401e-08
9.22401e-08
9.22404e-08
9.22404e-08
9.22404e-08
9.22404e-08
9.22404e-08
9.22406e-08
9.22406e-08
9.22406e-08
9.22406e-08
9.22406e-08
9.22409e-08
9.22409e-08
9.22409e-08
9.22409e-08
9.22409e-08
9.22411e-08
9.22411e-08
9.22411e-08
9.22411e-08
9.22411e-08
9.22411e-08
9.22414e-08
9.22414e-08
9.22414e-08
9.22414e-08
9.22414e-08
9.22416e-08
9.22416e-08
9.22416e-08
9.22416e-08
9.22416e-08
9.22419e-08
9.22419e-08
9.22419e-08
9.22419e-08
9.22419e-08
9.22421e-08
9.22421e-08
9.22421e-08
9.22421e-08
9.22421e-08
9.22424e-08
9.22424e-08
9.22424e-08
9.22424e-08
9.22424e-08
9.22424e-08
9.22426e-08
9.22426e-08
9.22426e-08
9.22426e-08
9.22426e-08
9.22428e-08
9.22428e-08
9.22428e-08
9.22428e-08
9.22428e-08
9.22431e-08
9.22431e-08
9.22431e-08
9.22431e-08
9.22431e-08
9.22433e-08
9.22433e-08
9.22433e-08
9.22433e-08
9.22433e-08
9.22436e-08
9.22436e-08
9.22436e-08
9.22436e-08
9.22436e-08
9.22438e-08
9.22438e-08
9.22438e-08
9.22438e-08
9.22438e-08
9.22441e-08
9.22441e-08
9.22441e-08
9.22441e-08
9.22441e-08
9.22443e-08
9.22443e-08
9.22443e-08
9.22443e-08
9.22443e-08
9.22446e-08
9.22446e-08
9.22446e-08
9.22446e-08
9.22446e-08
9.22446e-08
9.22448e-08
9.22448e-08
9.22448e-08
9.22448e-08
9.22448e-08
9.2245e-08
9.2245e-08
9.2245e-08
9.2245e-08
9.2245e-08
9.22453e-08
9.22453e-08
9.22453e-08
9.22453e-08
9.22453e-08
9.22455e-08
9.22455e-08
9.22455e-08
9.22455e-08
9.22455e-08
9.22458e-08
9.22458e-08
9.22458e-08
9.22458e-08
9.22458e-08
9.2246e-08
9.2246e-08
9.2246e-08
9.2246e-08
9.2246e-08
9.22463e-08
9.22463e-08
9.22463e-08
9.22463e-08
9.22463e-08
9.22465e-08
9.22465e-08
9.22465e-08
9.22465e-08
9.22465e-08
9.22468e-08
9.22468e-08
9.22468e-08
9.22468e-08
9.22468e-08
9.2247e-08
9.2247e-08
9.2247e-08
9.2247e-08
9.2247e-08
9.22472e-08
9.22472e-08
9.22472e-08
9.22472e-08
9.22472e-08
9.22475e-08
9.22475e-08
9.22475e-08
9.22475e-08
9.22475e-08
9.22477e-08
9.22477e-08
9.22477e-08
9.22477e-08
9.22477e-08
9.2248e-08
9.2248e-08
9.2248e-08
9.2248e-08
9.2248e-08
9.22482e-08
9.22482e-08
9.22482e-08
9.22482e-08
9.22482e-08
9.22485e-08
9.22485e-08
9.22485e-08
9.22485e-08
9.22485e-08
9.22487e-08
9.22487e-08
9.22487e-08
9.22487e-08
9.22487e-08
9.2249e-08
9.2249e-08
9.2249e-08
9.2249e-08
9.2249e-08
9.22492e-08
9.22492e-08
9.22492e-08
9.22492e-08
9.22492e-08
9.22495e-08
9.22495e-08
9.22495e-08
9.22495e-08
9.22495e-08
9.22497e-08
9.22497e-08
9.22497e-08
9.22497e-08
9.22497e-08
9.22499e-08
9.22499e-08
9.22499e-08
9.22499e-08
9.22499e-08
9.22502e-08
9.22502e-08
9.22502e-08
9.22502e-08
9.22502e-08
9.22504e-08
9.22504e-08
9.22504e-08
9.22504e-08
9.22504e-08
9.22507e-08
9.22507e-08
9.22507e-08
9.22507e-08
9.22507e-08
9.22509e-08
9.22509e-08
9.22509e-08
9.22509e-08
9.22509e-08
9.22512e-08
9.22512e-08
9.22512e-08
9.22512e-08
9.22512e-08
9.22514e-08
9.22514e-08
9.22514e-08
9.22514e-08
9.22517e-08
9.22517e-08
9.22517e-08
9.22517e-08
9.22517e-08
9.22519e-08
9.22519e-08
9.22519e-08
9.22519e-08
9.22519e-08
9.22521e-08
9.22521e-08
9.22521e-08
9.22521e-08
9.22521e-08
9.22524e-08
9.22524e-08
9.22524e-08
9.22524e-08
9.22524e-08
9.22526e-08
9.22526e-08
9.22526e-08
9.22526e-08
9.22526e-08
9.22529e-08
9.22529e-08
9.22529e-08
9.22529e-08
9.22529e-08
9.22531e-08
9.22531e-08
9.22531e-08
9.22531e-08
9.22531e-08
9.22534e-08
9.22534e-08
9.22534e-08
9.22534e-08
9.22534e-08
9.22536e-08
9.22536e-08
9.22536e-08
9.22536e-08
9.22536e-08
9.22539e-08
9.22539e-08
9.22539e-08
9.22539e-08
9.22539e-08
9.22541e-08
9.22541e-08
9.22541e-08
9.22541e-08
9.22541e-08
9.22544e-08
9.22544e-08
9.22544e-08
9.22544e-08
9.22544e-08
9.22546e-08
9.22546e-08
9.22546e-08
9.22546e-08
9.22546e-08
9.22548e-08
9.22548e-08
9.22548e-08
9.22548e-08
9.22548e-08
9.22551e-08
9.22551e-08
9.22551e-08
9.22551e-08
9.22553e-08
9.22553e-08
9.22553e-08
9.22553e-08
9.22553e-08
9.22556e-08
9.22556e-08
9.22556e-08
9.22558e-08
9.22551e-08
9.22497e-08
9.22497e-08
9.22502e-08
9.22507e-08
9.22512e-08
9.22517e-08
9.22519e-08
9.22524e-08
9.22526e-08
9.22529e-08
9.22531e-08
9.22536e-08
9.22539e-08
9.22539e-08
9.22541e-08
9.22544e-08
9.22544e-08
9.22546e-08
9.22546e-08
9.22548e-08
9.22548e-08
9.22548e-08
9.22548e-08
9.22548e-08
9.22548e-08
9.22548e-08
9.22546e-08
9.22546e-08
9.22546e-08
9.22544e-08
9.22544e-08
9.22544e-08
9.22541e-08
9.22541e-08
9.22541e-08
9.22539e-08
9.22539e-08
9.22536e-08
9.22536e-08
9.22534e-08
9.22534e-08
9.22531e-08
9.22529e-08
9.22529e-08
9.22526e-08
9.22526e-08
9.22524e-08
9.22521e-08
9.22521e-08
9.22519e-08
9.22519e-08
9.22517e-08
9.22514e-08
9.22514e-08
9.22512e-08
9.22509e-08
9.22509e-08
9.22507e-08
9.22504e-08
9.22504e-08
9.22502e-08
9.22499e-08
9.22497e-08
9.22497e-08
9.22495e-08
9.22492e-08
9.22492e-08
9.2249e-08
9.22487e-08
9.22485e-08
9.22485e-08
9.22482e-08
9.2248e-08
9.2248e-08
9.22477e-08
9.22475e-08
9.22472e-08
9.22472e-08
9.2247e-08
9.22468e-08
9.22468e-08
9.22465e-08
9.22463e-08
9.22463e-08
9.2246e-08
9.22458e-08
9.22455e-08
9.22455e-08
9.22453e-08
9.2245e-08
9.2245e-08
9.22448e-08
9.22446e-08
9.22446e-08
9.22443e-08
9.22441e-08
9.22441e-08
9.22438e-08
9.22436e-08
9.22436e-08
9.22433e-08
9.22431e-08
9.22431e-08
9.22428e-08
9.22426e-08
9.22426e-08
9.22424e-08
9.22421e-08
9.22421e-08
9.22419e-08
9.22416e-08
9.22416e-08
9.22414e-08
9.22414e-08
9.22411e-08
9.22409e-08
9.22409e-08
9.22406e-08
9.22406e-08
9.22404e-08
9.22401e-08
9.22401e-08
9.22399e-08
9.22399e-08
9.22397e-08
9.22394e-08
9.22394e-08
9.22392e-08
9.22392e-08
9.22389e-08
9.22389e-08
9.22387e-08
9.22384e-08
9.22384e-08
9.22382e-08
9.22382e-08
9.22379e-08
9.22379e-08
9.22377e-08
9.22377e-08
9.22375e-08
9.22375e-08
9.22372e-08
9.22372e-08
9.2237e-08
9.2237e-08
9.22367e-08
9.22367e-08
9.22365e-08
9.22365e-08
9.22362e-08
9.22362e-08
9.2236e-08
9.2236e-08
9.22357e-08
9.22357e-08
9.22355e-08
9.22355e-08
9.22353e-08
9.22353e-08
9.22353e-08
9.2235e-08
9.2235e-08
9.22348e-08
9.22348e-08
9.22345e-08
9.22345e-08
9.22345e-08
9.22343e-08
9.22343e-08
9.2234e-08
9.2234e-08
9.2234e-08
9.22338e-08
9.22338e-08
9.22335e-08
9.22335e-08
9.22335e-08
9.22333e-08
9.22333e-08
9.22333e-08
9.2233e-08
9.2233e-08
9.22328e-08
9.22328e-08
9.22328e-08
9.22326e-08
9.22326e-08
9.22326e-08
9.22323e-08
9.22323e-08
9.22323e-08
9.22321e-08
9.22321e-08
9.22321e-08
9.22321e-08
9.22318e-08
9.22318e-08
9.22318e-08
9.22316e-08
9.22316e-08
9.22316e-08
9.22313e-08
9.22313e-08
9.22313e-08
9.22313e-08
9.22311e-08
9.22311e-08
9.22311e-08
9.22311e-08
9.22308e-08
9.22308e-08
9.22308e-08
9.22308e-08
9.22306e-08
9.22306e-08
9.22306e-08
9.22306e-08
9.22304e-08
9.22304e-08
9.22304e-08
9.22304e-08
9.22304e-08
9.22301e-08
9.22301e-08
9.22301e-08
9.22301e-08
9.22301e-08
9.22299e-08
9.22299e-08
9.22299e-08
9.22299e-08
9.22299e-08
9.22296e-08
9.22296e-08
9.22296e-08
9.22296e-08
9.22296e-08
9.22296e-08
9.22294e-08
9.22294e-08
9.22294e-08
9.22294e-08
9.22294e-08
9.22294e-08
9.22291e-08
9.22291e-08
9.22291e-08
9.22291e-08
9.22291e-08
9.22291e-08
9.22291e-08
9.22289e-08
9.22289e-08
9.22289e-08
9.22289e-08
9.22289e-08
9.22289e-08
9.22289e-08
9.22289e-08
9.22289e-08
9.22286e-08
9.22286e-08
9.22286e-08
9.22286e-08
9.22286e-08
9.22286e-08
9.22286e-08
9.22286e-08
9.22286e-08
9.22286e-08
9.22286e-08
9.22284e-08
9.22284e-08
9.22284e-08
9.22284e-08
9.22284e-08
9.22284e-08
9.22284e-08
9.22284e-08
9.22284e-08
9.22284e-08
9.22284e-08
9.22284e-08
9.22284e-08
9.22284e-08
9.22284e-08
9.22284e-08
9.22282e-08
9.22282e-08
9.22282e-08
9.22282e-08
9.22282e-08
9.22282e-08
9.22282e-08
9.22282e-08
9.22282e-08
9.22282e-08
9.22282e-08
9.22282e-08
9.22282e-08
9.22282e-08
9.22282e-08
9.22282e-08
9.22282e-08
9.22282e-08
9.22282e-08
9.22282e-08
9.22282e-08
9.22282e-08
9.22282e-08
9.22282e-08
9.22282e-08
9.22282e-08
9.22282e-08
9.22282e-08
9.22282e-08
9.22282e-08
9.22282e-08
9.22282e-08
9.22282e-08
9.22282e-08
9.22282e-08
9.22282e-08
9.22282e-08
9.22282e-08
9.22282e-08
9.22282e-08
9.22282e-08
9.22282e-08
9.22282e-08
9.22282e-08
9.22282e-08
9.22282e-08
9.22282e-08
9.22282e-08
9.22282e-08
9.22282e-08
9.22282e-08
9.22282e-08
9.22282e-08
9.22282e-08
9.22282e-08
9.22284e-08
9.22284e-08
9.22284e-08
9.22284e-08
9.22284e-08
9.22284e-08
9.22284e-08
9.22284e-08
9.22284e-08
9.22284e-08
9.22284e-08
9.22284e-08
9.22284e-08
9.22284e-08
9.22284e-08
9.22284e-08
9.22284e-08
9.22284e-08
9.22284e-08
9.22284e-08
9.22286e-08
9.22286e-08
9.22286e-08
9.22286e-08
9.22286e-08
9.22286e-08
9.22286e-08
9.22286e-08
9.22286e-08
9.22286e-08
9.22286e-08
9.22286e-08
9.22286e-08
9.22286e-08
9.22289e-08
9.22289e-08
9.22289e-08
9.22289e-08
9.22289e-08
9.22289e-08
9.22289e-08
9.22289e-08
9.22289e-08
9.22289e-08
9.22289e-08
9.22289e-08
9.22291e-08
9.22291e-08
9.22291e-08
9.22291e-08
9.22291e-08
9.22291e-08
9.22291e-08
9.22291e-08
9.22291e-08
9.22291e-08
9.22291e-08
9.22294e-08
9.22294e-08
9.22294e-08
9.22294e-08
9.22294e-08
9.22294e-08
9.22294e-08
9.22294e-08
9.22294e-08
9.22294e-08
9.22296e-08
9.22296e-08
9.22296e-08
9.22296e-08
9.22296e-08
9.22296e-08
9.22296e-08
9.22296e-08
9.22296e-08
9.22296e-08
9.22299e-08
9.22299e-08
9.22299e-08
9.22299e-08
9.22299e-08
9.22299e-08
9.22299e-08
9.22299e-08
9.22299e-08
9.22301e-08
9.22301e-08
9.22301e-08
9.22301e-08
9.22301e-08
9.22301e-08
9.22301e-08
9.22301e-08
9.22304e-08
9.22304e-08
9.22304e-08
9.22304e-08
9.22304e-08
9.22304e-08
9.22304e-08
9.22304e-08
9.22306e-08
9.22306e-08
9.22306e-08
9.22306e-08
9.22306e-08
9.22306e-08
9.22306e-08
9.22306e-08
9.22308e-08
9.22308e-08
9.22308e-08
9.22308e-08
9.22308e-08
9.22308e-08
9.22308e-08
9.22308e-08
9.22311e-08
9.22311e-08
9.22311e-08
9.22311e-08
9.22311e-08
9.22311e-08
9.22311e-08
9.22313e-08
9.22313e-08
9.22313e-08
9.22313e-08
9.22313e-08
9.22313e-08
9.22313e-08
9.22316e-08
9.22316e-08
9.22316e-08
9.22316e-08
9.22316e-08
9.22316e-08
9.22316e-08
9.22318e-08
9.22318e-08
9.22318e-08
9.22318e-08
9.22318e-08
9.22318e-08
9.22318e-08
9.22321e-08
9.22321e-08
9.22321e-08
9.22321e-08
9.22321e-08
9.22321e-08
9.22321e-08
9.22323e-08
9.22323e-08
9.22323e-08
9.22323e-08
9.22323e-08
9.22323e-08
9.22326e-08
9.22326e-08
9.22326e-08
9.22326e-08
9.22326e-08
9.22326e-08
9.22326e-08
9.22328e-08
9.22328e-08
9.22328e-08
9.22328e-08
9.22328e-08
9.22328e-08
9.2233e-08
9.2233e-08
9.2233e-08
9.2233e-08
9.2233e-08
9.2233e-08
9.2233e-08
9.22333e-08
9.22333e-08
9.22333e-08
9.22333e-08
9.22333e-08
9.22333e-08
9.22335e-08
9.22335e-08
9.22335e-08
9.22335e-08
9.22335e-08
9.22335e-08
9.22338e-08
9.22338e-08
9.22338e-08
9.22338e-08
9.22338e-08
9.22338e-08
9.2234e-08
9.2234e-08
9.2234e-08
9.2234e-08
9.2234e-08
9.2234e-08
9.22343e-08
9.22343e-08
9.22343e-08
9.22343e-08
9.22343e-08
9.22343e-08
9.22345e-08
9.22345e-08
9.22345e-08
9.22345e-08
9.22345e-08
9.22345e-08
9.22348e-08
9.22348e-08
9.22348e-08
9.22348e-08
9.22348e-08
9.22348e-08
9.2235e-08
9.2235e-08
9.2235e-08
9.2235e-08
9.2235e-08
9.2235e-08
9.22353e-08
9.22353e-08
9.22353e-08
9.22353e-08
9.22353e-08
9.22353e-08
9.22355e-08
9.22355e-08
9.22355e-08
9.22355e-08
9.22355e-08
9.22355e-08
9.22357e-08
9.22357e-08
9.22357e-08
9.22357e-08
9.22357e-08
9.2236e-08
9.2236e-08
9.2236e-08
9.2236e-08
9.2236e-08
9.2236e-08
9.22362e-08
9.22362e-08
9.22362e-08
9.22362e-08
9.22362e-08
9.22362e-08
9.22365e-08
9.22365e-08
9.22365e-08
9.22365e-08
9.22365e-08
9.22367e-08
9.22367e-08
9.22367e-08
9.22367e-08
9.22367e-08
9.22367e-08
9.2237e-08
9.2237e-08
9.2237e-08
9.2237e-08
9.2237e-08
9.22372e-08
9.22372e-08
9.22372e-08
9.22372e-08
9.22372e-08
9.22372e-08
9.22375e-08
9.22375e-08
9.22375e-08
9.22375e-08
9.22375e-08
9.22377e-08
9.22377e-08
9.22377e-08
9.22377e-08
9.22377e-08
9.22377e-08
9.22379e-08
9.22379e-08
9.22379e-08
9.22379e-08
9.22379e-08
9.22382e-08
9.22382e-08
9.22382e-08
9.22382e-08
9.22382e-08
9.22382e-08
9.22384e-08
9.22384e-08
9.22384e-08
9.22384e-08
9.22384e-08
9.22387e-08
9.22387e-08
9.22387e-08
9.22387e-08
9.22387e-08
9.22389e-08
9.22389e-08
9.22389e-08
9.22389e-08
9.22389e-08
9.22389e-08
9.22392e-08
9.22392e-08
9.22392e-08
9.22392e-08
9.22392e-08
9.22394e-08
9.22394e-08
9.22394e-08
9.22394e-08
9.22394e-08
9.22397e-08
9.22397e-08
9.22397e-08
9.22397e-08
9.22397e-08
9.22397e-08
9.22399e-08
9.22399e-08
9.22399e-08
9.22399e-08
9.22399e-08
9.22401e-08
9.22401e-08
9.22401e-08
9.22401e-08
9.22401e-08
9.22404e-08
9.22404e-08
9.22404e-08
9.22404e-08
9.22404e-08
9.22404e-08
9.22406e-08
9.22406e-08
9.22406e-08
9.22406e-08
9.22406e-08
9.22409e-08
9.22409e-08
9.22409e-08
9.22409e-08
9.22409e-08
9.22411e-08
9.22411e-08
9.22411e-08
9.22411e-08
9.22411e-08
9.22414e-08
9.22414e-08
9.22414e-08
9.22414e-08
9.22414e-08
9.22416e-08
9.22416e-08
9.22416e-08
9.22416e-08
9.22416e-08
9.22416e-08
9.22419e-08
9.22419e-08
9.22419e-08
9.22419e-08
9.22419e-08
9.22421e-08
9.22421e-08
9.22421e-08
9.22421e-08
9.22421e-08
9.22424e-08
9.22424e-08
9.22424e-08
9.22424e-08
9.22424e-08
9.22426e-08
9.22426e-08
9.22426e-08
9.22426e-08
9.22426e-08
9.22428e-08
9.22428e-08
9.22428e-08
9.22428e-08
9.22428e-08
9.22431e-08
9.22431e-08
9.22431e-08
9.22431e-08
9.22431e-08
9.22433e-08
9.22433e-08
9.22433e-08
9.22433e-08
9.22433e-08
9.22433e-08
9.22436e-08
9.22436e-08
9.22436e-08
9.22436e-08
9.22436e-08
9.22438e-08
9.22438e-08
9.22438e-08
9.22438e-08
9.22438e-08
9.22441e-08
9.22441e-08
9.22441e-08
9.22441e-08
9.22441e-08
9.22443e-08
9.22443e-08
9.22443e-08
9.22443e-08
9.22443e-08
9.22446e-08
9.22446e-08
9.22446e-08
9.22446e-08
9.22446e-08
9.22448e-08
9.22448e-08
9.22448e-08
9.22448e-08
9.22448e-08
9.2245e-08
9.2245e-08
9.2245e-08
9.2245e-08
9.2245e-08
9.22453e-08
9.22453e-08
9.22453e-08
9.22453e-08
9.22453e-08
9.22455e-08
9.22455e-08
9.22455e-08
9.22455e-08
9.22455e-08
9.22458e-08
9.22458e-08
9.22458e-08
9.22458e-08
9.22458e-08
9.2246e-08
9.2246e-08
9.2246e-08
9.2246e-08
9.2246e-08
9.22463e-08
9.22463e-08
9.22463e-08
9.22463e-08
9.22463e-08
9.22465e-08
9.22465e-08
9.22465e-08
9.22465e-08
9.22465e-08
9.22468e-08
9.22468e-08
9.22468e-08
9.22468e-08
9.22468e-08
9.2247e-08
9.2247e-08
9.2247e-08
9.2247e-08
9.2247e-08
9.22472e-08
9.22472e-08
9.22472e-08
9.22472e-08
9.22472e-08
9.22475e-08
9.22475e-08
9.22475e-08
9.22475e-08
9.22475e-08
9.22477e-08
9.22477e-08
9.22477e-08
9.22477e-08
9.22477e-08
9.2248e-08
9.2248e-08
9.2248e-08
9.2248e-08
9.2248e-08
9.22482e-08
9.22482e-08
9.22482e-08
9.22482e-08
9.22482e-08
9.22485e-08
9.22485e-08
9.22485e-08
9.22485e-08
9.22485e-08
9.22487e-08
9.22487e-08
9.22487e-08
9.22487e-08
9.22487e-08
9.2249e-08
9.2249e-08
9.2249e-08
9.2249e-08
9.2249e-08
9.22492e-08
9.22492e-08
9.22492e-08
9.22492e-08
9.22492e-08
9.22495e-08
9.22495e-08
9.22495e-08
9.22495e-08
9.22495e-08
9.22497e-08
9.22497e-08
9.22497e-08
9.22497e-08
9.22497e-08
9.22499e-08
9.22499e-08
9.22499e-08
9.22499e-08
9.22499e-08
9.22502e-08
9.22502e-08
9.22502e-08
9.22502e-08
9.22502e-08
9.22504e-08
9.22504e-08
9.22504e-08
9.22504e-08
9.22504e-08
9.22507e-08
9.22507e-08
9.22507e-08
9.22507e-08
9.22507e-08
9.22509e-08
9.22509e-08
9.22509e-08
9.22509e-08
9.22509e-08
9.22512e-08
9.22512e-08
9.22512e-08
9.22512e-08
9.22512e-08
9.22514e-08
9.22514e-08
9.22514e-08
9.22514e-08
9.22514e-08
9.22517e-08
9.22517e-08
9.22517e-08
9.22517e-08
9.22517e-08
9.22519e-08
9.22519e-08
9.22519e-08
9.22519e-08
9.22519e-08
9.22521e-08
9.22521e-08
9.22521e-08
9.22521e-08
9.22521e-08
9.22524e-08
9.22524e-08
9.22524e-08
9.22524e-08
9.22524e-08
9.22526e-08
9.22526e-08
9.22526e-08
9.22526e-08
9.22526e-08
9.22529e-08
9.22529e-08
9.22529e-08
9.22529e-08
9.22529e-08
9.22531e-08
9.22531e-08
9.22531e-08
9.22531e-08
9.22531e-08
9.22534e-08
9.22534e-08
9.22534e-08
9.22534e-08
9.22536e-08
9.22536e-08
9.22536e-08
9.22536e-08
9.22536e-08
9.22539e-08
9.22539e-08
9.22539e-08
9.22539e-08
9.22539e-08
9.22541e-08
9.22541e-08
9.22541e-08
9.22541e-08
9.22541e-08
9.22544e-08
9.22544e-08
9.22544e-08
9.22544e-08
9.22544e-08
9.22546e-08
9.22546e-08
9.22546e-08
9.22546e-08
9.22546e-08
9.22548e-08
9.22548e-08
9.22548e-08
9.22548e-08
9.22548e-08
9.22551e-08
9.22551e-08
9.22551e-08
9.22551e-08
9.22551e-08
9.22553e-08
9.22553e-08
9.22553e-08
9.22553e-08
9.22556e-08
9.22556e-08
9.22556e-08
9.22551e-08
9.22497e-08
9.22497e-08
9.22502e-08
9.22507e-08
9.22512e-08
9.22514e-08
9.22519e-08
9.22521e-08
9.22526e-08
9.22529e-08
9.22531e-08
9.22534e-08
9.22536e-08
9.22539e-08
9.22541e-08
9.22544e-08
9.22544e-08
9.22546e-08
9.22546e-08
9.22546e-08
9.22546e-08
9.22548e-08
9.22548e-08
9.22546e-08
9.22546e-08
9.22546e-08
9.22546e-08
9.22546e-08
9.22544e-08
9.22544e-08
9.22544e-08
9.22541e-08
9.22541e-08
9.22541e-08
9.22539e-08
9.22539e-08
9.22536e-08
9.22536e-08
9.22534e-08
9.22534e-08
9.22531e-08
9.22531e-08
9.22529e-08
9.22529e-08
9.22526e-08
9.22524e-08
9.22524e-08
9.22521e-08
9.22521e-08
9.22519e-08
9.22517e-08
9.22517e-08
9.22514e-08
9.22512e-08
9.22512e-08
9.22509e-08
9.22507e-08
9.22507e-08
9.22504e-08
9.22502e-08
9.22502e-08
9.22499e-08
9.22497e-08
9.22495e-08
9.22495e-08
9.22492e-08
9.2249e-08
9.2249e-08
9.22487e-08
9.22485e-08
9.22482e-08
9.22482e-08
9.2248e-08
9.22477e-08
9.22477e-08
9.22475e-08
9.22472e-08
9.2247e-08
9.2247e-08
9.22468e-08
9.22465e-08
9.22465e-08
9.22463e-08
9.2246e-08
9.2246e-08
9.22458e-08
9.22455e-08
9.22453e-08
9.22453e-08
9.2245e-08
9.22448e-08
9.22448e-08
9.22446e-08
9.22443e-08
9.22443e-08
9.22441e-08
9.22438e-08
9.22438e-08
9.22436e-08
9.22433e-08
9.22433e-08
9.22431e-08
9.22428e-08
9.22428e-08
9.22426e-08
9.22424e-08
9.22424e-08
9.22421e-08
9.22419e-08
9.22419e-08
9.22416e-08
9.22416e-08
9.22414e-08
9.22411e-08
9.22411e-08
9.22409e-08
9.22406e-08
9.22406e-08
9.22404e-08
9.22404e-08
9.22401e-08
9.22399e-08
9.22399e-08
9.22397e-08
9.22397e-08
9.22394e-08
9.22394e-08
9.22392e-08
9.22389e-08
9.22389e-08
9.22387e-08
9.22387e-08
9.22384e-08
9.22384e-08
9.22382e-08
9.22382e-08
9.22379e-08
9.22377e-08
9.22377e-08
9.22375e-08
9.22375e-08
9.22372e-08
9.22372e-08
9.2237e-08
9.2237e-08
9.22367e-08
9.22367e-08
9.22365e-08
9.22365e-08
9.22362e-08
9.22362e-08
9.2236e-08
9.2236e-08
9.22357e-08
9.22357e-08
9.22357e-08
9.22355e-08
9.22355e-08
9.22353e-08
9.22353e-08
9.2235e-08
9.2235e-08
9.22348e-08
9.22348e-08
9.22348e-08
9.22345e-08
9.22345e-08
9.22343e-08
9.22343e-08
9.2234e-08
9.2234e-08
9.2234e-08
9.22338e-08
9.22338e-08
9.22335e-08
9.22335e-08
9.22335e-08
9.22333e-08
9.22333e-08
9.22333e-08
9.2233e-08
9.2233e-08
9.22328e-08
9.22328e-08
9.22328e-08
9.22326e-08
9.22326e-08
9.22326e-08
9.22323e-08
9.22323e-08
9.22323e-08
9.22321e-08
9.22321e-08
9.22321e-08
9.22321e-08
9.22318e-08
9.22318e-08
9.22318e-08
9.22316e-08
9.22316e-08
9.22316e-08
9.22313e-08
9.22313e-08
9.22313e-08
9.22313e-08
9.22311e-08
9.22311e-08
9.22311e-08
9.22311e-08
9.22308e-08
9.22308e-08
9.22308e-08
9.22308e-08
9.22306e-08
9.22306e-08
9.22306e-08
9.22306e-08
9.22304e-08
9.22304e-08
9.22304e-08
9.22304e-08
9.22301e-08
9.22301e-08
9.22301e-08
9.22301e-08
9.22301e-08
9.22299e-08
9.22299e-08
9.22299e-08
9.22299e-08
9.22299e-08
9.22296e-08
9.22296e-08
9.22296e-08
9.22296e-08
9.22296e-08
9.22296e-08
9.22294e-08
9.22294e-08
9.22294e-08
9.22294e-08
9.22294e-08
9.22294e-08
9.22291e-08
9.22291e-08
9.22291e-08
9.22291e-08
9.22291e-08
9.22291e-08
9.22291e-08
9.22289e-08
9.22289e-08
9.22289e-08
9.22289e-08
9.22289e-08
9.22289e-08
9.22289e-08
9.22289e-08
9.22286e-08
9.22286e-08
9.22286e-08
9.22286e-08
9.22286e-08
9.22286e-08
9.22286e-08
9.22286e-08
9.22286e-08
9.22286e-08
9.22284e-08
9.22284e-08
9.22284e-08
9.22284e-08
9.22284e-08
9.22284e-08
9.22284e-08
9.22284e-08
9.22284e-08
9.22284e-08
9.22284e-08
9.22284e-08
9.22284e-08
9.22284e-08
9.22282e-08
9.22282e-08
9.22282e-08
9.22282e-08
9.22282e-08
9.22282e-08
9.22282e-08
9.22282e-08
9.22282e-08
9.22282e-08
9.22282e-08
9.22282e-08
9.22282e-08
9.22282e-08
9.22282e-08
9.22282e-08
9.22282e-08
9.22282e-08
9.22282e-08
9.22282e-08
9.22282e-08
9.22282e-08
9.22282e-08
9.22282e-08
9.22282e-08
9.22282e-08
9.22282e-08
9.22282e-08
9.22282e-08
9.22282e-08
9.22282e-08
9.22282e-08
9.22282e-08
9.22282e-08
9.22282e-08
9.22282e-08
9.22282e-08
9.22282e-08
9.22282e-08
9.22282e-08
9.22282e-08
9.22282e-08
9.22282e-08
9.22282e-08
9.22282e-08
9.22282e-08
9.22282e-08
9.22282e-08
9.22282e-08
9.22282e-08
9.22282e-08
9.22282e-08
9.22282e-08
9.22282e-08
9.22282e-08
9.22282e-08
9.22282e-08
9.22282e-08
9.22282e-08
9.22282e-08
9.22282e-08
9.22282e-08
9.22282e-08
9.22282e-08
9.22282e-08
9.22282e-08
9.22282e-08
9.22282e-08
9.22284e-08
9.22284e-08
9.22284e-08
9.22284e-08
9.22284e-08
9.22284e-08
9.22284e-08
9.22284e-08
9.22284e-08
9.22284e-08
9.22284e-08
9.22284e-08
9.22284e-08
9.22284e-08
9.22284e-08
9.22284e-08
9.22284e-08
9.22284e-08
9.22286e-08
9.22286e-08
9.22286e-08
9.22286e-08
9.22286e-08
9.22286e-08
9.22286e-08
9.22286e-08
9.22286e-08
9.22286e-08
9.22286e-08
9.22286e-08
9.22286e-08
9.22289e-08
9.22289e-08
9.22289e-08
9.22289e-08
9.22289e-08
9.22289e-08
9.22289e-08
9.22289e-08
9.22289e-08
9.22289e-08
9.22289e-08
9.22289e-08
9.22291e-08
9.22291e-08
9.22291e-08
9.22291e-08
9.22291e-08
9.22291e-08
9.22291e-08
9.22291e-08
9.22291e-08
9.22291e-08
9.22291e-08
9.22294e-08
9.22294e-08
9.22294e-08
9.22294e-08
9.22294e-08
9.22294e-08
9.22294e-08
9.22294e-08
9.22294e-08
9.22296e-08
9.22296e-08
9.22296e-08
9.22296e-08
9.22296e-08
9.22296e-08
9.22296e-08
9.22296e-08
9.22296e-08
9.22296e-08
9.22299e-08
9.22299e-08
9.22299e-08
9.22299e-08
9.22299e-08
9.22299e-08
9.22299e-08
9.22299e-08
9.22301e-08
9.22301e-08
9.22301e-08
9.22301e-08
9.22301e-08
9.22301e-08
9.22301e-08
9.22301e-08
9.22301e-08
9.22304e-08
9.22304e-08
9.22304e-08
9.22304e-08
9.22304e-08
9.22304e-08
9.22304e-08
9.22304e-08
9.22306e-08
9.22306e-08
9.22306e-08
9.22306e-08
9.22306e-08
9.22306e-08
9.22306e-08
9.22308e-08
9.22308e-08
9.22308e-08
9.22308e-08
9.22308e-08
9.22308e-08
9.22308e-08
9.22308e-08
9.22311e-08
9.22311e-08
9.22311e-08
9.22311e-08
9.22311e-08
9.22311e-08
9.22311e-08
9.22313e-08
9.22313e-08
9.22313e-08
9.22313e-08
9.22313e-08
9.22313e-08
9.22313e-08
9.22316e-08
9.22316e-08
9.22316e-08
9.22316e-08
9.22316e-08
9.22316e-08
9.22316e-08
9.22318e-08
9.22318e-08
9.22318e-08
9.22318e-08
9.22318e-08
9.22318e-08
9.22318e-08
9.22321e-08
9.22321e-08
9.22321e-08
9.22321e-08
9.22321e-08
9.22321e-08
9.22321e-08
9.22323e-08
9.22323e-08
9.22323e-08
9.22323e-08
9.22323e-08
9.22323e-08
9.22323e-08
9.22326e-08
9.22326e-08
9.22326e-08
9.22326e-08
9.22326e-08
9.22326e-08
9.22328e-08
9.22328e-08
9.22328e-08
9.22328e-08
9.22328e-08
9.22328e-08
9.2233e-08
9.2233e-08
9.2233e-08
9.2233e-08
9.2233e-08
9.2233e-08
9.2233e-08
9.22333e-08
9.22333e-08
9.22333e-08
9.22333e-08
9.22333e-08
9.22333e-08
9.22335e-08
9.22335e-08
9.22335e-08
9.22335e-08
9.22335e-08
9.22335e-08
9.22338e-08
9.22338e-08
9.22338e-08
9.22338e-08
9.22338e-08
9.22338e-08
9.2234e-08
9.2234e-08
9.2234e-08
9.2234e-08
9.2234e-08
9.2234e-08
9.22343e-08
9.22343e-08
9.22343e-08
9.22343e-08
9.22343e-08
9.22343e-08
9.22345e-08
9.22345e-08
9.22345e-08
9.22345e-08
9.22345e-08
9.22345e-08
9.22348e-08
9.22348e-08
9.22348e-08
9.22348e-08
9.22348e-08
9.22348e-08
9.2235e-08
9.2235e-08
9.2235e-08
9.2235e-08
9.2235e-08
9.2235e-08
9.22353e-08
9.22353e-08
9.22353e-08
9.22353e-08
9.22353e-08
9.22353e-08
9.22355e-08
9.22355e-08
9.22355e-08
9.22355e-08
9.22355e-08
9.22357e-08
9.22357e-08
9.22357e-08
9.22357e-08
9.22357e-08
9.22357e-08
9.2236e-08
9.2236e-08
9.2236e-08
9.2236e-08
9.2236e-08
9.2236e-08
9.22362e-08
9.22362e-08
9.22362e-08
9.22362e-08
9.22362e-08
9.22365e-08
9.22365e-08
9.22365e-08
9.22365e-08
9.22365e-08
9.22365e-08
9.22367e-08
9.22367e-08
9.22367e-08
9.22367e-08
9.22367e-08
9.22367e-08
9.2237e-08
9.2237e-08
9.2237e-08
9.2237e-08
9.2237e-08
9.22372e-08
9.22372e-08
9.22372e-08
9.22372e-08
9.22372e-08
9.22372e-08
9.22375e-08
9.22375e-08
9.22375e-08
9.22375e-08
9.22375e-08
9.22377e-08
9.22377e-08
9.22377e-08
9.22377e-08
9.22377e-08
9.22377e-08
9.22379e-08
9.22379e-08
9.22379e-08
9.22379e-08
9.22379e-08
9.22382e-08
9.22382e-08
9.22382e-08
9.22382e-08
9.22382e-08
9.22384e-08
9.22384e-08
9.22384e-08
9.22384e-08
9.22384e-08
9.22384e-08
9.22387e-08
9.22387e-08
9.22387e-08
9.22387e-08
9.22387e-08
9.22389e-08
9.22389e-08
9.22389e-08
9.22389e-08
9.22389e-08
9.22392e-08
9.22392e-08
9.22392e-08
9.22392e-08
9.22392e-08
9.22392e-08
9.22394e-08
9.22394e-08
9.22394e-08
9.22394e-08
9.22394e-08
9.22397e-08
9.22397e-08
9.22397e-08
9.22397e-08
9.22397e-08
9.22399e-08
9.22399e-08
9.22399e-08
9.22399e-08
9.22399e-08
9.22399e-08
9.22401e-08
9.22401e-08
9.22401e-08
9.22401e-08
9.22401e-08
9.22404e-08
9.22404e-08
9.22404e-08
9.22404e-08
9.22404e-08
9.22406e-08
9.22406e-08
9.22406e-08
9.22406e-08
9.22406e-08
9.22409e-08
9.22409e-08
9.22409e-08
9.22409e-08
9.22409e-08
9.22409e-08
9.22411e-08
9.22411e-08
9.22411e-08
9.22411e-08
9.22411e-08
9.22414e-08
9.22414e-08
9.22414e-08
9.22414e-08
9.22414e-08
9.22416e-08
9.22416e-08
9.22416e-08
9.22416e-08
9.22416e-08
9.22419e-08
9.22419e-08
9.22419e-08
9.22419e-08
9.22419e-08
9.22421e-08
9.22421e-08
9.22421e-08
9.22421e-08
9.22421e-08
9.22421e-08
9.22424e-08
9.22424e-08
9.22424e-08
9.22424e-08
9.22424e-08
9.22426e-08
9.22426e-08
9.22426e-08
9.22426e-08
9.22426e-08
9.22428e-08
9.22428e-08
9.22428e-08
9.22428e-08
9.22428e-08
9.22431e-08
9.22431e-08
9.22431e-08
9.22431e-08
9.22431e-08
9.22433e-08
9.22433e-08
9.22433e-08
9.22433e-08
9.22433e-08
9.22436e-08
9.22436e-08
9.22436e-08
9.22436e-08
9.22436e-08
9.22438e-08
9.22438e-08
9.22438e-08
9.22438e-08
9.22438e-08
9.22441e-08
9.22441e-08
9.22441e-08
9.22441e-08
9.22441e-08
9.22443e-08
9.22443e-08
9.22443e-08
9.22443e-08
9.22443e-08
9.22443e-08
9.22446e-08
9.22446e-08
9.22446e-08
9.22446e-08
9.22446e-08
9.22448e-08
9.22448e-08
9.22448e-08
9.22448e-08
9.22448e-08
9.2245e-08
9.2245e-08
9.2245e-08
9.2245e-08
9.2245e-08
9.22453e-08
9.22453e-08
9.22453e-08
9.22453e-08
9.22453e-08
9.22455e-08
9.22455e-08
9.22455e-08
9.22455e-08
9.22455e-08
9.22458e-08
9.22458e-08
9.22458e-08
9.22458e-08
9.22458e-08
9.2246e-08
9.2246e-08
9.2246e-08
9.2246e-08
9.2246e-08
9.22463e-08
9.22463e-08
9.22463e-08
9.22463e-08
9.22463e-08
9.22465e-08
9.22465e-08
9.22465e-08
9.22465e-08
9.22465e-08
9.22468e-08
9.22468e-08
9.22468e-08
9.22468e-08
9.22468e-08
9.2247e-08
9.2247e-08
9.2247e-08
9.2247e-08
9.2247e-08
9.22472e-08
9.22472e-08
9.22472e-08
9.22472e-08
9.22472e-08
9.22475e-08
9.22475e-08
9.22475e-08
9.22475e-08
9.22475e-08
9.22477e-08
9.22477e-08
9.22477e-08
9.22477e-08
9.22477e-08
9.2248e-08
9.2248e-08
9.2248e-08
9.2248e-08
9.2248e-08
9.22482e-08
9.22482e-08
9.22482e-08
9.22482e-08
9.22482e-08
9.22485e-08
9.22485e-08
9.22485e-08
9.22485e-08
9.22485e-08
9.22487e-08
9.22487e-08
9.22487e-08
9.22487e-08
9.22487e-08
9.2249e-08
9.2249e-08
9.2249e-08
9.2249e-08
9.2249e-08
9.22492e-08
9.22492e-08
9.22492e-08
9.22492e-08
9.22492e-08
9.22495e-08
9.22495e-08
9.22495e-08
9.22495e-08
9.22495e-08
9.22497e-08
9.22497e-08
9.22497e-08
9.22497e-08
9.22497e-08
9.22499e-08
9.22499e-08
9.22499e-08
9.22499e-08
9.22499e-08
9.22502e-08
9.22502e-08
9.22502e-08
9.22502e-08
9.22502e-08
9.22504e-08
9.22504e-08
9.22504e-08
9.22504e-08
9.22504e-08
9.22507e-08
9.22507e-08
9.22507e-08
9.22507e-08
9.22507e-08
9.22509e-08
9.22509e-08
9.22509e-08
9.22509e-08
9.22509e-08
9.22512e-08
9.22512e-08
9.22512e-08
9.22512e-08
9.22512e-08
9.22514e-08
9.22514e-08
9.22514e-08
9.22514e-08
9.22514e-08
9.22517e-08
9.22517e-08
9.22517e-08
9.22517e-08
9.22519e-08
9.22519e-08
9.22519e-08
9.22519e-08
9.22519e-08
9.22521e-08
9.22521e-08
9.22521e-08
9.22521e-08
9.22521e-08
9.22524e-08
9.22524e-08
9.22524e-08
9.22524e-08
9.22524e-08
9.22526e-08
9.22526e-08
9.22526e-08
9.22526e-08
9.22526e-08
9.22529e-08
9.22529e-08
9.22529e-08
9.22529e-08
9.22529e-08
9.22531e-08
9.22531e-08
9.22531e-08
9.22531e-08
9.22531e-08
9.22534e-08
9.22534e-08
9.22534e-08
9.22534e-08
9.22534e-08
9.22536e-08
9.22536e-08
9.22536e-08
9.22536e-08
9.22536e-08
9.22539e-08
9.22539e-08
9.22539e-08
9.22539e-08
9.22539e-08
9.22541e-08
9.22541e-08
9.22541e-08
9.22541e-08
9.22541e-08
9.22544e-08
9.22544e-08
9.22544e-08
9.22544e-08
9.22544e-08
9.22546e-08
9.22546e-08
9.22546e-08
9.22546e-08
9.22546e-08
9.22548e-08
9.22548e-08
9.22548e-08
9.22548e-08
9.22548e-08
9.22551e-08
9.22551e-08
9.22551e-08
9.22551e-08
9.22553e-08
9.22553e-08
