9.56644e-08
9.56644e-08
9.56647e-08
9.56647e-08
9.56647e-08
9.56647e-08
9.56589e-08
9.56568e-08
9.56571e-08
9.56576e-08
9.56578e-08
9.56584e-08
9.56586e-08
9.56589e-08
9.56594e-08
9.56597e-08
9.566e-08
9.56602e-08
9.56605e-08
9.5661e-08
9.56613e-08
9.56615e-08
9.56618e-08
9.56621e-08
9.56623e-08
9.56626e-08
9.56628e-08
9.56631e-08
9.56634e-08
9.56636e-08
9.56639e-08
9.56639e-08
9.56642e-08
9.56644e-08
9.56647e-08
9.5665e-08
9.5665e-08
9.56652e-08
9.56655e-08
9.56655e-08
9.56657e-08
9.56657e-08
9.5666e-08
9.56663e-08
9.56663e-08
9.56663e-08
9.56665e-08
9.56665e-08
9.56665e-08
9.56668e-08
9.56668e-08
9.56668e-08
9.56668e-08
9.56668e-08
9.56668e-08
9.56668e-08
9.56668e-08
9.56668e-08
9.56668e-08
9.56668e-08
9.56668e-08
9.56668e-08
9.56668e-08
9.56665e-08
9.56665e-08
9.56665e-08
9.56663e-08
9.56663e-08
9.56663e-08
9.5666e-08
9.5666e-08
9.5666e-08
9.56657e-08
9.56657e-08
9.56655e-08
9.56655e-08
9.56652e-08
9.56652e-08
9.5665e-08
9.5665e-08
9.56647e-08
9.56647e-08
9.56644e-08
9.56642e-08
9.56642e-08
9.56639e-08
9.56639e-08
9.56636e-08
9.56634e-08
9.56634e-08
9.56631e-08
9.56631e-08
9.56628e-08
9.56626e-08
9.56626e-08
9.56623e-08
9.56621e-08
9.56621e-08
9.56618e-08
9.56618e-08
9.56615e-08
9.56613e-08
9.56613e-08
9.5661e-08
9.56607e-08
9.56607e-08
9.56605e-08
9.56602e-08
9.56602e-08
9.566e-08
9.566e-08
9.56597e-08
9.56594e-08
9.56594e-08
9.56592e-08
9.56592e-08
9.56589e-08
9.56586e-08
9.56586e-08
9.56584e-08
9.56584e-08
9.56581e-08
9.56578e-08
9.56578e-08
9.56576e-08
9.56576e-08
9.56573e-08
9.56571e-08
9.56571e-08
9.56568e-08
9.56568e-08
9.56565e-08
9.56565e-08
9.56563e-08
9.5656e-08
9.5656e-08
9.56557e-08
9.56557e-08
9.56555e-08
9.56555e-08
9.56552e-08
9.56552e-08
9.56549e-08
9.56549e-08
9.56547e-08
9.56547e-08
9.56544e-08
9.56544e-08
9.56542e-08
9.56542e-08
9.56539e-08
9.56539e-08
9.56536e-08
9.56536e-08
9.56534e-08
9.56534e-08
9.56531e-08
9.56531e-08
9.56528e-08
9.56528e-08
9.56526e-08
9.56526e-08
9.56523e-08
9.56523e-08
9.56521e-08
9.56521e-08
9.56521e-08
9.56518e-08
9.56518e-08
9.56515e-08
9.56515e-08
9.56513e-08
9.56513e-08
9.56513e-08
9.5651e-08
9.5651e-08
9.56507e-08
9.56507e-08
9.56505e-08
9.56505e-08
9.56505e-08
9.56502e-08
9.56502e-08
9.56499e-08
9.56499e-08
9.56499e-08
9.56497e-08
9.56497e-08
9.56497e-08
9.56494e-08
9.56494e-08
9.56492e-08
9.56492e-08
9.56492e-08
9.56489e-08
9.56489e-08
9.56489e-08
9.56486e-08
9.56486e-08
9.56484e-08
9.56484e-08
9.56484e-08
9.56481e-08
9.56481e-08
9.56481e-08
9.56478e-08
9.56478e-08
9.56478e-08
9.56476e-08
9.56476e-08
9.56476e-08
9.56473e-08
9.56473e-08
9.56473e-08
9.56473e-08
9.5647e-08
9.5647e-08
9.5647e-08
9.56468e-08
9.56468e-08
9.56468e-08
9.56465e-08
9.56465e-08
9.56465e-08
9.56463e-08
9.56463e-08
9.56463e-08
9.56463e-08
9.5646e-08
9.5646e-08
9.5646e-08
9.5646e-08
9.56457e-08
9.56457e-08
9.56457e-08
9.56455e-08
9.56455e-08
9.56455e-08
9.56455e-08
9.56452e-08
9.56452e-08
9.56452e-08
9.56452e-08
9.56449e-08
9.56449e-08
9.56449e-08
9.56449e-08
9.56447e-08
9.56447e-08
9.56447e-08
9.56447e-08
9.56444e-08
9.56444e-08
9.56444e-08
9.56444e-08
9.56444e-08
9.56442e-08
9.56442e-08
9.56442e-08
9.56442e-08
9.56442e-08
9.56439e-08
9.56439e-08
9.56439e-08
9.56439e-08
9.56436e-08
9.56436e-08
9.56436e-08
9.56436e-08
9.56436e-08
9.56434e-08
9.56434e-08
9.56434e-08
9.56434e-08
9.56434e-08
9.56434e-08
9.56431e-08
9.56431e-08
9.56431e-08
9.56431e-08
9.56431e-08
9.56428e-08
9.56428e-08
9.56428e-08
9.56428e-08
9.56428e-08
9.56428e-08
9.56426e-08
9.56426e-08
9.56426e-08
9.56426e-08
9.56426e-08
9.56426e-08
9.56426e-08
9.56423e-08
9.56423e-08
9.56423e-08
9.56423e-08
9.56423e-08
9.56423e-08
9.56423e-08
9.5642e-08
9.5642e-08
9.5642e-08
9.5642e-08
9.5642e-08
9.5642e-08
9.5642e-08
9.56418e-08
9.56418e-08
9.56418e-08
9.56418e-08
9.56418e-08
9.56418e-08
9.56418e-08
9.56418e-08
9.56418e-08
9.56415e-08
9.56415e-08
9.56415e-08
9.56415e-08
9.56415e-08
9.56415e-08
9.56415e-08
9.56415e-08
9.56415e-08
9.56413e-08
9.56413e-08
9.56413e-08
9.56413e-08
9.56413e-08
9.56413e-08
9.56413e-08
9.56413e-08
9.56413e-08
9.56413e-08
9.56413e-08
9.5641e-08
9.5641e-08
9.5641e-08
9.5641e-08
9.5641e-08
9.5641e-08
9.5641e-08
9.5641e-08
9.5641e-08
9.5641e-08
9.5641e-08
9.5641e-08
9.5641e-08
9.5641e-08
9.56407e-08
9.56407e-08
9.56407e-08
9.56407e-08
9.56407e-08
9.56407e-08
9.56407e-08
9.56407e-08
9.56407e-08
9.56407e-08
9.56407e-08
9.56407e-08
9.56407e-08
9.56407e-08
9.56407e-08
9.56407e-08
9.56407e-08
9.56407e-08
9.56407e-08
9.56407e-08
9.56405e-08
9.56405e-08
9.56405e-08
9.56405e-08
9.56405e-08
9.56405e-08
9.56405e-08
9.56405e-08
9.56405e-08
9.56405e-08
9.56405e-08
9.56405e-08
9.56405e-08
9.56405e-08
9.56405e-08
9.56405e-08
9.56405e-08
9.56405e-08
9.56405e-08
9.56405e-08
9.56405e-08
9.56405e-08
9.56405e-08
9.56405e-08
9.56405e-08
9.56405e-08
9.56405e-08
9.56405e-08
9.56405e-08
9.56405e-08
9.56405e-08
9.56405e-08
9.56405e-08
9.56405e-08
9.56405e-08
9.56405e-08
9.56405e-08
9.56405e-08
9.56405e-08
9.56405e-08
9.56405e-08
9.56405e-08
9.56405e-08
9.56405e-08
9.56405e-08
9.56405e-08
9.56405e-08
9.56405e-08
9.56405e-08
9.56405e-08
9.56405e-08
9.56405e-08
9.56405e-08
9.56405e-08
9.56405e-08
9.56405e-08
9.56405e-08
9.56405e-08
9.56405e-08
9.56405e-08
9.56405e-08
9.56405e-08
9.56405e-08
9.56405e-08
9.56405e-08
9.56405e-08
9.56405e-08
9.56405e-08
9.56405e-08
9.56407e-08
9.56407e-08
9.56407e-08
9.56407e-08
9.56407e-08
9.56407e-08
9.56407e-08
9.56407e-08
9.56407e-08
9.56407e-08
9.56407e-08
9.56407e-08
9.56407e-08
9.56407e-08
9.56407e-08
9.56407e-08
9.56407e-08
9.56407e-08
9.56407e-08
9.56407e-08
9.56407e-08
9.56407e-08
9.56407e-08
9.5641e-08
9.5641e-08
9.5641e-08
9.5641e-08
9.5641e-08
9.5641e-08
9.5641e-08
9.5641e-08
9.5641e-08
9.5641e-08
9.5641e-08
9.5641e-08
9.5641e-08
9.5641e-08
9.5641e-08
9.5641e-08
9.56413e-08
9.56413e-08
9.56413e-08
9.56413e-08
9.56413e-08
9.56413e-08
9.56413e-08
9.56413e-08
9.56413e-08
9.56413e-08
9.56413e-08
9.56413e-08
9.56413e-08
9.56413e-08
9.56415e-08
9.56415e-08
9.56415e-08
9.56415e-08
9.56415e-08
9.56415e-08
9.56415e-08
9.56415e-08
9.56415e-08
9.56415e-08
9.56415e-08
9.56415e-08
9.56418e-08
9.56418e-08
9.56418e-08
9.56418e-08
9.56418e-08
9.56418e-08
9.56418e-08
9.56418e-08
9.56418e-08
9.56418e-08
9.56418e-08
9.5642e-08
9.5642e-08
9.5642e-08
9.5642e-08
9.5642e-08
9.5642e-08
9.5642e-08
9.5642e-08
9.5642e-08
9.5642e-08
9.56423e-08
9.56423e-08
9.56423e-08
9.56423e-08
9.56423e-08
9.56423e-08
9.56423e-08
9.56423e-08
9.56423e-08
9.56423e-08
9.56426e-08
9.56426e-08
9.56426e-08
9.56426e-08
9.56426e-08
9.56426e-08
9.56426e-08
9.56426e-08
9.56426e-08
9.56428e-08
9.56428e-08
9.56428e-08
9.56428e-08
9.56428e-08
9.56428e-08
9.56428e-08
9.56428e-08
9.56428e-08
9.56431e-08
9.56431e-08
9.56431e-08
9.56431e-08
9.56431e-08
9.56431e-08
9.56431e-08
9.56431e-08
9.56431e-08
9.56434e-08
9.56434e-08
9.56434e-08
9.56434e-08
9.56434e-08
9.56434e-08
9.56434e-08
9.56434e-08
9.56436e-08
9.56436e-08
9.56436e-08
9.56436e-08
9.56436e-08
9.56436e-08
9.56436e-08
9.56436e-08
9.56439e-08
9.56439e-08
9.56439e-08
9.56439e-08
9.56439e-08
9.56439e-08
9.56439e-08
9.56442e-08
9.56442e-08
9.56442e-08
9.56442e-08
9.56442e-08
9.56442e-08
9.56442e-08
9.56442e-08
9.56444e-08
9.56444e-08
9.56444e-08
9.56444e-08
9.56444e-08
9.56444e-08
9.56444e-08
9.56447e-08
9.56447e-08
9.56447e-08
9.56447e-08
9.56447e-08
9.56447e-08
9.56447e-08
9.56449e-08
9.56449e-08
9.56449e-08
9.56449e-08
9.56449e-08
9.56449e-08
9.56449e-08
9.56452e-08
9.56452e-08
9.56452e-08
9.56452e-08
9.56452e-08
9.56452e-08
9.56452e-08
9.56455e-08
9.56455e-08
9.56455e-08
9.56455e-08
9.56455e-08
9.56455e-08
9.56455e-08
9.56457e-08
9.56457e-08
9.56457e-08
9.56457e-08
9.56457e-08
9.56457e-08
9.5646e-08
9.5646e-08
9.5646e-08
9.5646e-08
9.5646e-08
9.5646e-08
9.5646e-08
9.56463e-08
9.56463e-08
9.56463e-08
9.56463e-08
9.56463e-08
9.56463e-08
9.56465e-08
9.56465e-08
9.56465e-08
9.56465e-08
9.56465e-08
9.56465e-08
9.56465e-08
9.56468e-08
9.56468e-08
9.56468e-08
9.56468e-08
9.56468e-08
9.56468e-08
9.5647e-08
9.5647e-08
9.5647e-08
9.5647e-08
9.5647e-08
9.5647e-08
9.56473e-08
9.56473e-08
9.56473e-08
9.56473e-08
9.56473e-08
9.56473e-08
9.56476e-08
9.56476e-08
9.56476e-08
9.56476e-08
9.56476e-08
9.56476e-08
9.56478e-08
9.56478e-08
9.56478e-08
9.56478e-08
9.56478e-08
9.56478e-08
9.56481e-08
9.56481e-08
9.56481e-08
9.56481e-08
9.56481e-08
9.56481e-08
9.56484e-08
9.56484e-08
9.56484e-08
9.56484e-08
9.56484e-08
9.56484e-08
9.56486e-08
9.56486e-08
9.56486e-08
9.56486e-08
9.56486e-08
9.56486e-08
9.56489e-08
9.56489e-08
9.56489e-08
9.56489e-08
9.56489e-08
9.56489e-08
9.56492e-08
9.56492e-08
9.56492e-08
9.56492e-08
9.56492e-08
9.56494e-08
9.56494e-08
9.56494e-08
9.56494e-08
9.56494e-08
9.56494e-08
9.56497e-08
9.56497e-08
9.56497e-08
9.56497e-08
9.56497e-08
9.56497e-08
9.56499e-08
9.56499e-08
9.56499e-08
9.56499e-08
9.56499e-08
9.56502e-08
9.56502e-08
9.56502e-08
9.56502e-08
9.56502e-08
9.56502e-08
9.56505e-08
9.56505e-08
9.56505e-08
9.56505e-08
9.56505e-08
9.56507e-08
9.56507e-08
9.56507e-08
9.56507e-08
9.56507e-08
9.56507e-08
9.5651e-08
9.5651e-08
9.5651e-08
9.5651e-08
9.5651e-08
9.56513e-08
9.56513e-08
9.56513e-08
9.56513e-08
9.56513e-08
9.56515e-08
9.56515e-08
9.56515e-08
9.56515e-08
9.56515e-08
9.56515e-08
9.56518e-08
9.56518e-08
9.56518e-08
9.56518e-08
9.56518e-08
9.56521e-08
9.56521e-08
9.56521e-08
9.56521e-08
9.56521e-08
9.56523e-08
9.56523e-08
9.56523e-08
9.56523e-08
9.56523e-08
9.56523e-08
9.56526e-08
9.56526e-08
9.56526e-08
9.56526e-08
9.56526e-08
9.56528e-08
9.56528e-08
9.56528e-08
9.56528e-08
9.56528e-08
9.56531e-08
9.56531e-08
9.56531e-08
9.56531e-08
9.56531e-08
9.56534e-08
9.56534e-08
9.56534e-08
9.56534e-08
9.56534e-08
9.56536e-08
9.56536e-08
9.56536e-08
9.56536e-08
9.56536e-08
9.56536e-08
9.56539e-08
9.56539e-08
9.56539e-08
9.56539e-08
9.56539e-08
9.56542e-08
9.56542e-08
9.56542e-08
9.56542e-08
9.56542e-08
9.56544e-08
9.56544e-08
9.56544e-08
9.56544e-08
9.56544e-08
9.56547e-08
9.56547e-08
9.56547e-08
9.56547e-08
9.56547e-08
9.56549e-08
9.56549e-08
9.56549e-08
9.56549e-08
9.56549e-08
9.56552e-08
9.56552e-08
9.56552e-08
9.56552e-08
9.56552e-08
9.56555e-08
9.56555e-08
9.56555e-08
9.56555e-08
9.56555e-08
9.56557e-08
9.56557e-08
9.56557e-08
9.56557e-08
9.56557e-08
9.5656e-08
9.5656e-08
9.5656e-08
9.5656e-08
9.5656e-08
9.56563e-08
9.56563e-08
9.56563e-08
9.56563e-08
9.56563e-08
9.56565e-08
9.56565e-08
9.56565e-08
9.56565e-08
9.56565e-08
9.56568e-08
9.56568e-08
9.56568e-08
9.56568e-08
9.56568e-08
9.56571e-08
9.56571e-08
9.56571e-08
9.56571e-08
9.56573e-08
9.56573e-08
9.56573e-08
9.56573e-08
9.56573e-08
9.56576e-08
9.56576e-08
9.56576e-08
9.56576e-08
9.56576e-08
9.56578e-08
9.56578e-08
9.56578e-08
9.56578e-08
9.56578e-08
9.56581e-08
9.56581e-08
9.56581e-08
9.56581e-08
9.56581e-08
9.56584e-08
9.56584e-08
9.56584e-08
9.56584e-08
9.56584e-08
9.56586e-08
9.56586e-08
9.56586e-08
9.56586e-08
9.56589e-08
9.56589e-08
9.56589e-08
9.56589e-08
9.56589e-08
9.56592e-08
9.56592e-08
9.56592e-08
9.56592e-08
9.56592e-08
9.56594e-08
9.56594e-08
9.56594e-08
9.56594e-08
9.56594e-08
9.56597e-08
9.56597e-08
9.56597e-08
9.56597e-08
9.56597e-08
9.566e-08
9.566e-08
9.566e-08
9.566e-08
9.56602e-08
9.56602e-08
9.56602e-08
9.56602e-08
9.56602e-08
9.56605e-08
9.56605e-08
9.56605e-08
9.56605e-08
9.56605e-08
9.56607e-08
9.56607e-08
9.56607e-08
9.56607e-08
9.5661e-08
9.5661e-08
9.5661e-08
9.5661e-08
9.5661e-08
9.56613e-08
9.56613e-08
9.56613e-08
9.56613e-08
9.56613e-08
9.56615e-08
9.56615e-08
9.56615e-08
9.56615e-08
9.56618e-08
9.56618e-08
9.56618e-08
9.56618e-08
9.56618e-08
9.56621e-08
9.56621e-08
9.56621e-08
9.56621e-08
9.56621e-08
9.56623e-08
9.56623e-08
9.56623e-08
9.56623e-08
9.56626e-08
9.56626e-08
9.56626e-08
9.56626e-08
9.56626e-08
9.56628e-08
9.56628e-08
9.56628e-08
9.56628e-08
9.56628e-08
9.56631e-08
9.56631e-08
9.56631e-08
9.56631e-08
9.56634e-08
9.56634e-08
9.56634e-08
9.56634e-08
9.56634e-08
9.56636e-08
9.56636e-08
9.56636e-08
9.56636e-08
9.56636e-08
9.56639e-08
9.56639e-08
9.56639e-08
9.56639e-08
9.56687e-08
9.56687e-08
9.56687e-08
9.56687e-08
9.56687e-08
9.5669e-08
9.5669e-08
9.5669e-08
9.5669e-08
9.56692e-08
9.56692e-08
9.56692e-08
9.56692e-08
9.56589e-08
9.56568e-08
9.56571e-08
9.56576e-08
9.56578e-08
9.56581e-08
9.56586e-08
9.56589e-08
9.56592e-08
9.56597e-08
9.566e-08
9.56602e-08
9.56605e-08
9.5661e-08
9.56613e-08
9.56615e-08
9.56618e-08
9.56621e-08
9.56623e-08
9.56626e-08
9.56628e-08
9.56631e-08
9.56634e-08
9.56636e-08
9.56639e-08
9.56639e-08
9.56642e-08
9.56644e-08
9.56647e-08
9.56647e-08
9.5665e-08
9.56652e-08
9.56655e-08
9.56655e-08
9.56657e-08
9.56657e-08
9.5666e-08
9.5666e-08
9.56663e-08
9.56663e-08
9.56665e-08
9.56665e-08
9.56665e-08
9.56668e-08
9.56668e-08
9.56668e-08
9.56668e-08
9.56668e-08
9.56668e-08
9.56668e-08
9.56668e-08
9.56668e-08
9.56668e-08
9.56668e-08
9.56668e-08
9.56668e-08
9.56665e-08
9.56665e-08
9.56665e-08
9.56665e-08
9.56663e-08
9.56663e-08
9.56663e-08
9.5666e-08
9.5666e-08
9.56657e-08
9.56657e-08
9.56657e-08
9.56655e-08
9.56655e-08
9.56652e-08
9.56652e-08
9.5665e-08
9.5665e-08
9.56647e-08
9.56647e-08
9.56644e-08
9.56642e-08
9.56642e-08
9.56639e-08
9.56639e-08
9.56636e-08
9.56634e-08
9.56634e-08
9.56631e-08
9.56631e-08
9.56628e-08
9.56626e-08
9.56626e-08
9.56623e-08
9.56621e-08
9.56621e-08
9.56618e-08
9.56615e-08
9.56615e-08
9.56613e-08
9.56613e-08
9.5661e-08
9.56607e-08
9.56607e-08
9.56605e-08
9.56602e-08
9.56602e-08
9.566e-08
9.566e-08
9.56597e-08
9.56594e-08
9.56594e-08
9.56592e-08
9.56589e-08
9.56589e-08
9.56586e-08
9.56586e-08
9.56584e-08
9.56581e-08
9.56581e-08
9.56578e-08
9.56578e-08
9.56576e-08
9.56573e-08
9.56573e-08
9.56571e-08
9.56571e-08
9.56568e-08
9.56568e-08
9.56565e-08
9.56563e-08
9.56563e-08
9.5656e-08
9.5656e-08
9.56557e-08
9.56557e-08
9.56555e-08
9.56555e-08
9.56552e-08
9.56552e-08
9.56549e-08
9.56549e-08
9.56547e-08
9.56547e-08
9.56544e-08
9.56544e-08
9.56542e-08
9.56542e-08
9.56539e-08
9.56539e-08
9.56536e-08
9.56536e-08
9.56534e-08
9.56534e-08
9.56531e-08
9.56531e-08
9.56528e-08
9.56528e-08
9.56526e-08
9.56526e-08
9.56523e-08
9.56523e-08
9.56521e-08
9.56521e-08
9.56518e-08
9.56518e-08
9.56518e-08
9.56515e-08
9.56515e-08
9.56513e-08
9.56513e-08
9.5651e-08
9.5651e-08
9.5651e-08
9.56507e-08
9.56507e-08
9.56505e-08
9.56505e-08
9.56505e-08
9.56502e-08
9.56502e-08
9.56499e-08
9.56499e-08
9.56499e-08
9.56497e-08
9.56497e-08
9.56494e-08
9.56494e-08
9.56494e-08
9.56492e-08
9.56492e-08
9.56492e-08
9.56489e-08
9.56489e-08
9.56486e-08
9.56486e-08
9.56486e-08
9.56484e-08
9.56484e-08
9.56484e-08
9.56481e-08
9.56481e-08
9.56481e-08
9.56478e-08
9.56478e-08
9.56478e-08
9.56476e-08
9.56476e-08
9.56476e-08
9.56473e-08
9.56473e-08
9.56473e-08
9.5647e-08
9.5647e-08
9.5647e-08
9.56468e-08
9.56468e-08
9.56468e-08
9.56468e-08
9.56465e-08
9.56465e-08
9.56465e-08
9.56463e-08
9.56463e-08
9.56463e-08
9.56463e-08
9.5646e-08
9.5646e-08
9.5646e-08
9.56457e-08
9.56457e-08
9.56457e-08
9.56457e-08
9.56455e-08
9.56455e-08
9.56455e-08
9.56455e-08
9.56452e-08
9.56452e-08
9.56452e-08
9.56452e-08
9.56449e-08
9.56449e-08
9.56449e-08
9.56449e-08
9.56447e-08
9.56447e-08
9.56447e-08
9.56447e-08
9.56444e-08
9.56444e-08
9.56444e-08
9.56444e-08
9.56444e-08
9.56442e-08
9.56442e-08
9.56442e-08
9.56442e-08
9.56439e-08
9.56439e-08
9.56439e-08
9.56439e-08
9.56439e-08
9.56436e-08
9.56436e-08
9.56436e-08
9.56436e-08
9.56436e-08
9.56434e-08
9.56434e-08
9.56434e-08
9.56434e-08
9.56434e-08
9.56431e-08
9.56431e-08
9.56431e-08
9.56431e-08
9.56431e-08
9.56431e-08
9.56428e-08
9.56428e-08
9.56428e-08
9.56428e-08
9.56428e-08
9.56428e-08
9.56426e-08
9.56426e-08
9.56426e-08
9.56426e-08
9.56426e-08
9.56426e-08
9.56423e-08
9.56423e-08
9.56423e-08
9.56423e-08
9.56423e-08
9.56423e-08
9.56423e-08
9.5642e-08
9.5642e-08
9.5642e-08
9.5642e-08
9.5642e-08
9.5642e-08
9.5642e-08
9.5642e-08
9.56418e-08
9.56418e-08
9.56418e-08
9.56418e-08
9.56418e-08
9.56418e-08
9.56418e-08
9.56418e-08
9.56415e-08
9.56415e-08
9.56415e-08
9.56415e-08
9.56415e-08
9.56415e-08
9.56415e-08
9.56415e-08
9.56415e-08
9.56413e-08
9.56413e-08
9.56413e-08
9.56413e-08
9.56413e-08
9.56413e-08
9.56413e-08
9.56413e-08
9.56413e-08
9.56413e-08
9.56413e-08
9.5641e-08
9.5641e-08
9.5641e-08
9.5641e-08
9.5641e-08
9.5641e-08
9.5641e-08
9.5641e-08
9.5641e-08
9.5641e-08
9.5641e-08
9.5641e-08
9.5641e-08
9.5641e-08
9.56407e-08
9.56407e-08
9.56407e-08
9.56407e-08
9.56407e-08
9.56407e-08
9.56407e-08
9.56407e-08
9.56407e-08
9.56407e-08
9.56407e-08
9.56407e-08
9.56407e-08
9.56407e-08
9.56407e-08
9.56407e-08
9.56407e-08
9.56407e-08
9.56405e-08
9.56405e-08
9.56405e-08
9.56405e-08
9.56405e-08
9.56405e-08
9.56405e-08
9.56405e-08
9.56405e-08
9.56405e-08
9.56405e-08
9.56405e-08
9.56405e-08
9.56405e-08
9.56405e-08
9.56405e-08
9.56405e-08
9.56405e-08
9.56405e-08
9.56405e-08
9.56405e-08
9.56405e-08
9.56405e-08
9.56405e-08
9.56405e-08
9.56405e-08
9.56405e-08
9.56405e-08
9.56405e-08
9.56405e-08
9.56405e-08
9.56405e-08
9.56405e-08
9.56405e-08
9.56405e-08
9.56405e-08
9.56405e-08
9.56405e-08
9.56405e-08
9.56405e-08
9.56405e-08
9.56405e-08
9.56405e-08
9.56405e-08
9.56405e-08
9.56405e-08
9.56405e-08
9.56405e-08
9.56405e-08
9.56405e-08
9.56405e-08
9.56405e-08
9.56405e-08
9.56405e-08
9.56405e-08
9.56405e-08
9.56405e-08
9.56405e-08
9.56405e-08
9.56405e-08
9.56405e-08
9.56405e-08
9.56405e-08
9.56405e-08
9.56405e-08
9.56405e-08
9.56405e-08
9.56405e-08
9.56405e-08
9.56405e-08
9.56405e-08
9.56405e-08
9.56405e-08
9.56405e-08
9.56405e-08
9.56407e-08
9.56407e-08
9.56407e-08
9.56407e-08
9.56407e-08
9.56407e-08
9.56407e-08
9.56407e-08
9.56407e-08
9.56407e-08
9.56407e-08
9.56407e-08
9.56407e-08
9.56407e-08
9.56407e-08
9.56407e-08
9.56407e-08
9.56407e-08
9.56407e-08
9.56407e-08
9.56407e-08
9.5641e-08
9.5641e-08
9.5641e-08
9.5641e-08
9.5641e-08
9.5641e-08
9.5641e-08
9.5641e-08
9.5641e-08
9.5641e-08
9.5641e-08
9.5641e-08
9.5641e-08
9.5641e-08
9.5641e-08
9.5641e-08
9.56413e-08
9.56413e-08
9.56413e-08
9.56413e-08
9.56413e-08
9.56413e-08
9.56413e-08
9.56413e-08
9.56413e-08
9.56413e-08
9.56413e-08
9.56413e-08
9.56413e-08
9.56413e-08
9.56415e-08
9.56415e-08
9.56415e-08
9.56415e-08
9.56415e-08
9.56415e-08
9.56415e-08
9.56415e-08
9.56415e-08
9.56415e-08
9.56415e-08
9.56415e-08
9.56418e-08
9.56418e-08
9.56418e-08
9.56418e-08
9.56418e-08
9.56418e-08
9.56418e-08
9.56418e-08
9.56418e-08
9.56418e-08
9.56418e-08
9.5642e-08
9.5642e-08
9.5642e-08
9.5642e-08
9.5642e-08
9.5642e-08
9.5642e-08
9.5642e-08
9.5642e-08
9.5642e-08
9.56423e-08
9.56423e-08
9.56423e-08
9.56423e-08
9.56423e-08
9.56423e-08
9.56423e-08
9.56423e-08
9.56423e-08
9.56423e-08
9.56426e-08
9.56426e-08
9.56426e-08
9.56426e-08
9.56426e-08
9.56426e-08
9.56426e-08
9.56426e-08
9.56426e-08
9.56428e-08
9.56428e-08
9.56428e-08
9.56428e-08
9.56428e-08
9.56428e-08
9.56428e-08
9.56428e-08
9.56428e-08
9.56431e-08
9.56431e-08
9.56431e-08
9.56431e-08
9.56431e-08
9.56431e-08
9.56431e-08
9.56431e-08
9.56434e-08
9.56434e-08
9.56434e-08
9.56434e-08
9.56434e-08
9.56434e-08
9.56434e-08
9.56434e-08
9.56436e-08
9.56436e-08
9.56436e-08
9.56436e-08
9.56436e-08
9.56436e-08
9.56436e-08
9.56436e-08
9.56439e-08
9.56439e-08
9.56439e-08
9.56439e-08
9.56439e-08
9.56439e-08
9.56439e-08
9.56439e-08
9.56442e-08
9.56442e-08
9.56442e-08
9.56442e-08
9.56442e-08
9.56442e-08
9.56442e-08
9.56442e-08
9.56444e-08
9.56444e-08
9.56444e-08
9.56444e-08
9.56444e-08
9.56444e-08
9.56444e-08
9.56447e-08
9.56447e-08
9.56447e-08
9.56447e-08
9.56447e-08
9.56447e-08
9.56447e-08
9.56449e-08
9.56449e-08
9.56449e-08
9.56449e-08
9.56449e-08
9.56449e-08
9.56449e-08
9.56452e-08
9.56452e-08
9.56452e-08
9.56452e-08
9.56452e-08
9.56452e-08
9.56452e-08
9.56455e-08
9.56455e-08
9.56455e-08
9.56455e-08
9.56455e-08
9.56455e-08
9.56457e-08
9.56457e-08
9.56457e-08
9.56457e-08
9.56457e-08
9.56457e-08
9.56457e-08
9.5646e-08
9.5646e-08
9.5646e-08
9.5646e-08
9.5646e-08
9.5646e-08
9.5646e-08
9.56463e-08
9.56463e-08
9.56463e-08
9.56463e-08
9.56463e-08
9.56463e-08
9.56465e-08
9.56465e-08
9.56465e-08
9.56465e-08
9.56465e-08
9.56465e-08
9.56468e-08
9.56468e-08
9.56468e-08
9.56468e-08
9.56468e-08
9.56468e-08
9.56468e-08
9.5647e-08
9.5647e-08
9.5647e-08
9.5647e-08
9.5647e-08
9.5647e-08
9.56473e-08
9.56473e-08
9.56473e-08
9.56473e-08
9.56473e-08
9.56473e-08
9.56476e-08
9.56476e-08
9.56476e-08
9.56476e-08
9.56476e-08
9.56476e-08
9.56478e-08
9.56478e-08
9.56478e-08
9.56478e-08
9.56478e-08
9.56478e-08
9.56481e-08
9.56481e-08
9.56481e-08
9.56481e-08
9.56481e-08
9.56481e-08
9.56484e-08
9.56484e-08
9.56484e-08
9.56484e-08
9.56484e-08
9.56484e-08
9.56486e-08
9.56486e-08
9.56486e-08
9.56486e-08
9.56486e-08
9.56489e-08
9.56489e-08
9.56489e-08
9.56489e-08
9.56489e-08
9.56489e-08
9.56492e-08
9.56492e-08
9.56492e-08
9.56492e-08
9.56492e-08
9.56492e-08
9.56494e-08
9.56494e-08
9.56494e-08
9.56494e-08
9.56494e-08
9.56494e-08
9.56497e-08
9.56497e-08
9.56497e-08
9.56497e-08
9.56497e-08
9.56499e-08
9.56499e-08
9.56499e-08
9.56499e-08
9.56499e-08
9.56499e-08
9.56502e-08
9.56502e-08
9.56502e-08
9.56502e-08
9.56502e-08
9.56505e-08
9.56505e-08
9.56505e-08
9.56505e-08
9.56505e-08
9.56505e-08
9.56507e-08
9.56507e-08
9.56507e-08
9.56507e-08
9.56507e-08
9.5651e-08
9.5651e-08
9.5651e-08
9.5651e-08
9.5651e-08
9.5651e-08
9.56513e-08
9.56513e-08
9.56513e-08
9.56513e-08
9.56513e-08
9.56515e-08
9.56515e-08
9.56515e-08
9.56515e-08
9.56515e-08
9.56518e-08
9.56518e-08
9.56518e-08
9.56518e-08
9.56518e-08
9.56518e-08
9.56521e-08
9.56521e-08
9.56521e-08
9.56521e-08
9.56521e-08
9.56523e-08
9.56523e-08
9.56523e-08
9.56523e-08
9.56523e-08
9.56526e-08
9.56526e-08
9.56526e-08
9.56526e-08
9.56526e-08
9.56528e-08
9.56528e-08
9.56528e-08
9.56528e-08
9.56528e-08
9.56528e-08
9.56531e-08
9.56531e-08
9.56531e-08
9.56531e-08
9.56531e-08
9.56534e-08
9.56534e-08
9.56534e-08
9.56534e-08
9.56534e-08
9.56536e-08
9.56536e-08
9.56536e-08
9.56536e-08
9.56536e-08
9.56539e-08
9.56539e-08
9.56539e-08
9.56539e-08
9.56539e-08
9.56542e-08
9.56542e-08
9.56542e-08
9.56542e-08
9.56542e-08
9.56544e-08
9.56544e-08
9.56544e-08
9.56544e-08
9.56544e-08
9.56547e-08
9.56547e-08
9.56547e-08
9.56547e-08
9.56547e-08
9.56549e-08
9.56549e-08
9.56549e-08
9.56549e-08
9.56549e-08
9.56552e-08
9.56552e-08
9.56552e-08
9.56552e-08
9.56552e-08
9.56555e-08
9.56555e-08
9.56555e-08
9.56555e-08
9.56555e-08
9.56557e-08
9.56557e-08
9.56557e-08
9.56557e-08
9.56557e-08
9.5656e-08
9.5656e-08
9.5656e-08
9.5656e-08
9.5656e-08
9.56563e-08
9.56563e-08
9.56563e-08
9.56563e-08
9.56563e-08
9.56565e-08
9.56565e-08
9.56565e-08
9.56565e-08
9.56565e-08
9.56568e-08
9.56568e-08
9.56568e-08
9.56568e-08
9.56568e-08
9.56571e-08
9.56571e-08
9.56571e-08
9.56571e-08
9.56571e-08
9.56573e-08
9.56573e-08
9.56573e-08
9.56573e-08
9.56573e-08
9.56576e-08
9.56576e-08
9.56576e-08
9.56576e-08
9.56576e-08
9.56578e-08
9.56578e-08
9.56578e-08
9.56578e-08
9.56581e-08
9.56581e-08
9.56581e-08
9.56581e-08
9.56581e-08
9.56584e-08
9.56584e-08
9.56584e-08
9.56584e-08
9.56584e-08
9.56586e-08
9.56586e-08
9.56586e-08
9.56586e-08
9.56586e-08
9.56589e-08
9.56589e-08
9.56589e-08
9.56589e-08
9.56589e-08
9.56592e-08
9.56592e-08
9.56592e-08
9.56592e-08
9.56594e-08
9.56594e-08
9.56594e-08
9.56594e-08
9.56594e-08
9.56597e-08
9.56597e-08
9.56597e-08
9.56597e-08
9.56597e-08
9.566e-08
9.566e-08
9.566e-08
9.566e-08
9.566e-08
9.56602e-08
9.56602e-08
9.56602e-08
9.56602e-08
9.56605e-08
9.56605e-08
9.56605e-08
9.56605e-08
9.56605e-08
9.56607e-08
9.56607e-08
9.56607e-08
9.56607e-08
9.56607e-08
9.5661e-08
9.5661e-08
9.5661e-08
9.5661e-08
9.5661e-08
9.56613e-08
9.56613e-08
9.56613e-08
9.56613e-08
9.56615e-08
9.56615e-08
9.56615e-08
9.56615e-08
9.56615e-08
9.56618e-08
9.56618e-08
9.56618e-08
9.56618e-08
9.56618e-08
9.56621e-08
9.56621e-08
9.56621e-08
9.56621e-08
9.56623e-08
9.56623e-08
9.56623e-08
9.56623e-08
9.56623e-08
9.56626e-08
9.56626e-08
9.56626e-08
9.56626e-08
9.56626e-08
9.56628e-08
9.56628e-08
9.56628e-08
9.56674e-08
9.56677e-08
9.56677e-08
9.56677e-08
9.56677e-08
9.56677e-08
9.56679e-08
9.56679e-08
9.56679e-08
9.56679e-08
9.56682e-08
9.56682e-08
9.56682e-08
9.56682e-08
9.56682e-08
9.56684e-08
9.56684e-08
9.56684e-08
9.56684e-08
9.56684e-08
9.56687e-08
9.56687e-08
9.56687e-08
9.56687e-08
9.5669e-08
9.5669e-08
9.5669e-08
9.5669e-08
9.56692e-08
9.56692e-08
9.56692e-08
9.56692e-08
9.56634e-08
9.56568e-08
9.56571e-08
9.56573e-08
9.56578e-08
9.56581e-08
9.56586e-08
9.56589e-08
9.56592e-08
9.56597e-08
9.566e-08
9.56602e-08
9.56605e-08
9.56607e-08
9.56613e-08
9.56615e-08
9.56618e-08
9.56621e-08
9.56623e-08
9.56626e-08
9.56628e-08
9.56631e-08
9.56634e-08
9.56636e-08
9.56636e-08
9.56639e-08
9.56642e-08
9.56644e-08
9.56647e-08
9.56647e-08
9.5665e-08
9.56652e-08
9.56652e-08
9.56655e-08
9.56657e-08
9.56657e-08
9.5666e-08
9.5666e-08
9.56663e-08
9.56663e-08
9.56665e-08
9.56665e-08
9.56665e-08
9.56668e-08
9.56668e-08
9.56668e-08
9.56668e-08
9.56668e-08
9.56668e-08
9.56668e-08
9.56668e-08
9.56668e-08
9.56668e-08
9.56668e-08
9.56668e-08
9.56668e-08
9.56665e-08
9.56665e-08
9.56665e-08
9.56665e-08
9.56663e-08
9.56663e-08
9.56663e-08
9.5666e-08
9.5666e-08
9.56657e-08
9.56657e-08
9.56657e-08
9.56655e-08
9.56655e-08
9.56652e-08
9.56652e-08
9.5665e-08
9.5665e-08
9.56647e-08
9.56644e-08
9.56644e-08
9.56642e-08
9.56642e-08
9.56639e-08
9.56636e-08
9.56636e-08
9.56634e-08
9.56634e-08
9.56631e-08
9.56628e-08
9.56628e-08
9.56626e-08
9.56626e-08
9.56623e-08
9.56621e-08
9.56621e-08
9.56618e-08
9.56615e-08
9.56615e-08
9.56613e-08
9.5661e-08
9.5661e-08
9.56607e-08
9.56607e-08
9.56605e-08
9.56602e-08
9.56602e-08
9.566e-08
9.56597e-08
9.56597e-08
9.56594e-08
9.56594e-08
9.56592e-08
9.56589e-08
9.56589e-08
9.56586e-08
9.56586e-08
9.56584e-08
9.56581e-08
9.56581e-08
9.56578e-08
9.56578e-08
9.56576e-08
9.56573e-08
9.56573e-08
9.56571e-08
9.56571e-08
9.56568e-08
9.56568e-08
9.56565e-08
9.56563e-08
9.56563e-08
9.5656e-08
9.5656e-08
9.56557e-08
9.56557e-08
9.56555e-08
9.56555e-08
9.56552e-08
9.56552e-08
9.56549e-08
9.56547e-08
9.56547e-08
9.56544e-08
9.56544e-08
9.56542e-08
9.56542e-08
9.56539e-08
9.56539e-08
9.56536e-08
9.56536e-08
9.56534e-08
9.56534e-08
9.56531e-08
9.56531e-08
9.56531e-08
9.56528e-08
9.56528e-08
9.56526e-08
9.56526e-08
9.56523e-08
9.56523e-08
9.56521e-08
9.56521e-08
9.56518e-08
9.56518e-08
9.56518e-08
9.56515e-08
9.56515e-08
9.56513e-08
9.56513e-08
9.5651e-08
9.5651e-08
9.5651e-08
9.56507e-08
9.56507e-08
9.56505e-08
9.56505e-08
9.56502e-08
9.56502e-08
9.56502e-08
9.56499e-08
9.56499e-08
9.56497e-08
9.56497e-08
9.56497e-08
9.56494e-08
9.56494e-08
9.56494e-08
9.56492e-08
9.56492e-08
9.56489e-08
9.56489e-08
9.56489e-08
9.56486e-08
9.56486e-08
9.56486e-08
9.56484e-08
9.56484e-08
9.56484e-08
9.56481e-08
9.56481e-08
9.56481e-08
9.56478e-08
9.56478e-08
9.56478e-08
9.56476e-08
9.56476e-08
9.56476e-08
9.56473e-08
9.56473e-08
9.56473e-08
9.5647e-08
9.5647e-08
9.5647e-08
9.56468e-08
9.56468e-08
9.56468e-08
9.56465e-08
9.56465e-08
9.56465e-08
9.56465e-08
9.56463e-08
9.56463e-08
9.56463e-08
9.5646e-08
9.5646e-08
9.5646e-08
9.5646e-08
9.56457e-08
9.56457e-08
9.56457e-08
9.56457e-08
9.56455e-08
9.56455e-08
9.56455e-08
9.56452e-08
9.56452e-08
9.56452e-08
9.56452e-08
9.56449e-08
9.56449e-08
9.56449e-08
9.56449e-08
9.56447e-08
9.56447e-08
9.56447e-08
9.56447e-08
9.56447e-08
9.56444e-08
9.56444e-08
9.56444e-08
9.56444e-08
9.56442e-08
9.56442e-08
9.56442e-08
9.56442e-08
9.56442e-08
9.56439e-08
9.56439e-08
9.56439e-08
9.56439e-08
9.56436e-08
9.56436e-08
9.56436e-08
9.56436e-08
9.56436e-08
9.56434e-08
9.56434e-08
9.56434e-08
9.56434e-08
9.56434e-08
9.56434e-08
9.56431e-08
9.56431e-08
9.56431e-08
9.56431e-08
9.56431e-08
9.56428e-08
9.56428e-08
9.56428e-08
9.56428e-08
9.56428e-08
9.56428e-08
9.56426e-08
9.56426e-08
9.56426e-08
9.56426e-08
9.56426e-08
9.56426e-08
9.56426e-08
9.56423e-08
9.56423e-08
9.56423e-08
9.56423e-08
9.56423e-08
9.56423e-08
9.5642e-08
9.5642e-08
9.5642e-08
9.5642e-08
9.5642e-08
9.5642e-08
9.5642e-08
9.5642e-08
9.56418e-08
9.56418e-08
9.56418e-08
9.56418e-08
9.56418e-08
9.56418e-08
9.56418e-08
9.56418e-08
9.56415e-08
9.56415e-08
9.56415e-08
9.56415e-08
9.56415e-08
9.56415e-08
9.56415e-08
9.56415e-08
9.56415e-08
9.56413e-08
9.56413e-08
9.56413e-08
9.56413e-08
9.56413e-08
9.56413e-08
9.56413e-08
9.56413e-08
9.56413e-08
9.56413e-08
9.56413e-08
9.5641e-08
9.5641e-08
9.5641e-08
9.5641e-08
9.5641e-08
9.5641e-08
9.5641e-08
9.5641e-08
9.5641e-08
9.5641e-08
9.5641e-08
9.5641e-08
9.5641e-08
9.56407e-08
9.56407e-08
9.56407e-08
9.56407e-08
9.56407e-08
9.56407e-08
9.56407e-08
9.56407e-08
9.56407e-08
9.56407e-08
9.56407e-08
9.56407e-08
9.56407e-08
9.56407e-08
9.56407e-08
9.56407e-08
9.56407e-08
9.56407e-08
9.56405e-08
9.56405e-08
9.56405e-08
9.56405e-08
9.56405e-08
9.56405e-08
9.56405e-08
9.56405e-08
9.56405e-08
9.56405e-08
9.56405e-08
9.56405e-08
9.56405e-08
9.56405e-08
9.56405e-08
9.56405e-08
9.56405e-08
9.56405e-08
9.56405e-08
9.56405e-08
9.56405e-08
9.56405e-08
9.56405e-08
9.56405e-08
9.56405e-08
9.56405e-08
9.56405e-08
9.56405e-08
9.56405e-08
9.56405e-08
9.56405e-08
9.56405e-08
9.56405e-08
9.56405e-08
9.56405e-08
9.56405e-08
9.56405e-08
9.56405e-08
9.56405e-08
9.56405e-08
9.56405e-08
9.56405e-08
9.56405e-08
9.56405e-08
9.56405e-08
9.56405e-08
9.56405e-08
9.56405e-08
9.56405e-08
9.56405e-08
9.56405e-08
9.56405e-08
9.56405e-08
9.56405e-08
9.56405e-08
9.56405e-08
9.56405e-08
9.56405e-08
9.56405e-08
9.56405e-08
9.56405e-08
9.56405e-08
9.56405e-08
9.56405e-08
9.56405e-08
9.56405e-08
9.56405e-08
9.56405e-08
9.56405e-08
9.56405e-08
9.56405e-08
9.56405e-08
9.56405e-08
9.56405e-08
9.56405e-08
9.56405e-08
9.56405e-08
9.56405e-08
9.56405e-08
9.56407e-08
9.56407e-08
9.56407e-08
9.56407e-08
9.56407e-08
9.56407e-08
9.56407e-08
9.56407e-08
9.56407e-08
9.56407e-08
9.56407e-08
9.56407e-08
9.56407e-08
9.56407e-08
9.56407e-08
9.56407e-08
9.56407e-08
9.56407e-08
9.56407e-08
9.56407e-08
9.56407e-08
9.5641e-08
9.5641e-08
9.5641e-08
9.5641e-08
9.5641e-08
9.5641e-08
9.5641e-08
9.5641e-08
9.5641e-08
9.5641e-08
9.5641e-08
9.5641e-08
9.5641e-08
9.5641e-08
9.5641e-08
9.5641e-08
9.56413e-08
9.56413e-08
9.56413e-08
9.56413e-08
9.56413e-08
9.56413e-08
9.56413e-08
9.56413e-08
9.56413e-08
9.56413e-08
9.56413e-08
9.56413e-08
9.56413e-08
9.56415e-08
9.56415e-08
9.56415e-08
9.56415e-08
9.56415e-08
9.56415e-08
9.56415e-08
9.56415e-08
9.56415e-08
9.56415e-08
9.56415e-08
9.56415e-08
9.56418e-08
9.56418e-08
9.56418e-08
9.56418e-08
9.56418e-08
9.56418e-08
9.56418e-08
9.56418e-08
9.56418e-08
9.56418e-08
9.56418e-08
9.5642e-08
9.5642e-08
9.5642e-08
9.5642e-08
9.5642e-08
9.5642e-08
9.5642e-08
9.5642e-08
9.5642e-08
9.5642e-08
9.56423e-08
9.56423e-08
9.56423e-08
9.56423e-08
9.56423e-08
9.56423e-08
9.56423e-08
9.56423e-08
9.56423e-08
9.56423e-08
9.56426e-08
9.56426e-08
9.56426e-08
9.56426e-08
9.56426e-08
9.56426e-08
9.56426e-08
9.56426e-08
9.56426e-08
9.56428e-08
9.56428e-08
9.56428e-08
9.56428e-08
9.56428e-08
9.56428e-08
9.56428e-08
9.56428e-08
9.56428e-08
9.56431e-08
9.56431e-08
9.56431e-08
9.56431e-08
9.56431e-08
9.56431e-08
9.56431e-08
9.56431e-08
9.56434e-08
9.56434e-08
9.56434e-08
9.56434e-08
9.56434e-08
9.56434e-08
9.56434e-08
9.56434e-08
9.56436e-08
9.56436e-08
9.56436e-08
9.56436e-08
9.56436e-08
9.56436e-08
9.56436e-08
9.56436e-08
9.56439e-08
9.56439e-08
9.56439e-08
9.56439e-08
9.56439e-08
9.56439e-08
9.56439e-08
9.56439e-08
9.56442e-08
9.56442e-08
9.56442e-08
9.56442e-08
9.56442e-08
9.56442e-08
9.56442e-08
9.56444e-08
9.56444e-08
9.56444e-08
9.56444e-08
9.56444e-08
9.56444e-08
9.56444e-08
9.56447e-08
9.56447e-08
9.56447e-08
9.56447e-08
9.56447e-08
9.56447e-08
9.56447e-08
9.56447e-08
9.56449e-08
9.56449e-08
9.56449e-08
9.56449e-08
9.56449e-08
9.56449e-08
9.56449e-08
9.56452e-08
9.56452e-08
9.56452e-08
9.56452e-08
9.56452e-08
9.56452e-08
9.56455e-08
9.56455e-08
9.56455e-08
9.56455e-08
9.56455e-08
9.56455e-08
9.56455e-08
9.56457e-08
9.56457e-08
9.56457e-08
9.56457e-08
9.56457e-08
9.56457e-08
9.56457e-08
9.5646e-08
9.5646e-08
9.5646e-08
9.5646e-08
9.5646e-08
9.5646e-08
9.56463e-08
9.56463e-08
9.56463e-08
9.56463e-08
9.56463e-08
9.56463e-08
9.56463e-08
9.56465e-08
9.56465e-08
9.56465e-08
9.56465e-08
9.56465e-08
9.56465e-08
9.56468e-08
9.56468e-08
9.56468e-08
9.56468e-08
9.56468e-08
9.56468e-08
9.5647e-08
9.5647e-08
9.5647e-08
9.5647e-08
9.5647e-08
9.5647e-08
9.56473e-08
9.56473e-08
9.56473e-08
9.56473e-08
9.56473e-08
9.56473e-08
9.56476e-08
9.56476e-08
9.56476e-08
9.56476e-08
9.56476e-08
9.56476e-08
9.56476e-08
9.56478e-08
9.56478e-08
9.56478e-08
9.56478e-08
9.56478e-08
9.56481e-08
9.56481e-08
9.56481e-08
9.56481e-08
9.56481e-08
9.56481e-08
9.56484e-08
9.56484e-08
9.56484e-08
9.56484e-08
9.56484e-08
9.56484e-08
9.56486e-08
9.56486e-08
9.56486e-08
9.56486e-08
9.56486e-08
9.56486e-08
9.56489e-08
9.56489e-08
9.56489e-08
9.56489e-08
9.56489e-08
9.56489e-08
9.56492e-08
9.56492e-08
9.56492e-08
9.56492e-08
9.56492e-08
9.56494e-08
9.56494e-08
9.56494e-08
9.56494e-08
9.56494e-08
9.56494e-08
9.56497e-08
9.56497e-08
9.56497e-08
9.56497e-08
9.56497e-08
9.56497e-08
9.56499e-08
9.56499e-08
9.56499e-08
9.56499e-08
9.56499e-08
9.56502e-08
9.56502e-08
9.56502e-08
9.56502e-08
9.56502e-08
9.56502e-08
9.56505e-08
9.56505e-08
9.56505e-08
9.56505e-08
9.56505e-08
9.56507e-08
9.56507e-08
9.56507e-08
9.56507e-08
9.56507e-08
9.56507e-08
9.5651e-08
9.5651e-08
9.5651e-08
9.5651e-08
9.5651e-08
9.56513e-08
9.56513e-08
9.56513e-08
9.56513e-08
9.56513e-08
9.56515e-08
9.56515e-08
9.56515e-08
9.56515e-08
9.56515e-08
9.56515e-08
9.56518e-08
9.56518e-08
9.56518e-08
9.56518e-08
9.56518e-08
9.56521e-08
9.56521e-08
9.56521e-08
9.56521e-08
9.56521e-08
9.56523e-08
9.56523e-08
9.56523e-08
9.56523e-08
9.56523e-08
9.56523e-08
9.56526e-08
9.56526e-08
9.56526e-08
9.56526e-08
9.56526e-08
9.56528e-08
9.56528e-08
9.56528e-08
9.56528e-08
9.56528e-08
9.56531e-08
9.56531e-08
9.56531e-08
9.56531e-08
9.56531e-08
9.56534e-08
9.56534e-08
9.56534e-08
9.56534e-08
9.56534e-08
9.56536e-08
9.56536e-08
9.56536e-08
9.56536e-08
9.56536e-08
9.56536e-08
9.56539e-08
9.56539e-08
9.56539e-08
9.56539e-08
9.56539e-08
9.56542e-08
9.56542e-08
9.56542e-08
9.56542e-08
9.56542e-08
9.56544e-08
9.56544e-08
9.56544e-08
9.56544e-08
9.56544e-08
9.56547e-08
9.56547e-08
9.56547e-08
9.56547e-08
9.56547e-08
9.56549e-08
9.56549e-08
9.56549e-08
9.56549e-08
9.56549e-08
9.56552e-08
9.56552e-08
9.56552e-08
9.56552e-08
9.56552e-08
9.56555e-08
9.56555e-08
9.56555e-08
9.56555e-08
9.56555e-08
9.56557e-08
9.56557e-08
9.56557e-08
9.56557e-08
9.56557e-08
9.5656e-08
9.5656e-08
9.5656e-08
9.5656e-08
9.5656e-08
9.56563e-08
9.56563e-08
9.56563e-08
9.56563e-08
9.56563e-08
9.56565e-08
9.56565e-08
9.56565e-08
9.56565e-08
9.56565e-08
9.56568e-08
9.56568e-08
9.56568e-08
9.56568e-08
9.56571e-08
9.56571e-08
9.56571e-08
9.56571e-08
9.56571e-08
9.56573e-08
9.56573e-08
9.56573e-08
9.56573e-08
9.56573e-08
9.56576e-08
9.56576e-08
9.56576e-08
9.56576e-08
9.56576e-08
9.56578e-08
9.56578e-08
9.56578e-08
9.56578e-08
9.56578e-08
9.56581e-08
9.56581e-08
9.56581e-08
9.56581e-08
9.56581e-08
9.56584e-08
9.56584e-08
9.56584e-08
9.56584e-08
9.56584e-08
9.56586e-08
9.56586e-08
9.56586e-08
9.56586e-08
9.56589e-08
9.56589e-08
9.56589e-08
9.56589e-08
9.56589e-08
9.56592e-08
9.56592e-08
9.56592e-08
9.56592e-08
9.56592e-08
9.56594e-08
9.56594e-08
9.56594e-08
9.56594e-08
9.56594e-08
9.56597e-08
9.56597e-08
9.56597e-08
9.56597e-08
9.566e-08
9.566e-08
9.566e-08
9.566e-08
9.566e-08
9.56602e-08
9.56602e-08
9.56602e-08
9.56602e-08
9.56602e-08
9.56605e-08
9.56605e-08
9.56605e-08
9.56605e-08
9.56605e-08
9.56607e-08
9.56607e-08
9.56607e-08
9.56607e-08
9.5661e-08
9.5661e-08
9.5661e-08
9.5661e-08
9.5661e-08
9.56613e-08
9.56613e-08
9.56613e-08
9.56613e-08
9.56613e-08
9.56615e-08
9.56615e-08
9.56615e-08
9.56615e-08
9.56618e-08
9.56618e-08
9.56618e-08
9.56618e-08
9.56663e-08
9.56666e-08
9.56666e-08
9.56666e-08
9.56666e-08
9.56666e-08
9.56669e-08
9.56669e-08
9.56669e-08
9.56669e-08
9.56671e-08
9.56671e-08
9.56671e-08
9.56671e-08
9.56671e-08
9.56674e-08
9.56674e-08
9.56674e-08
9.56674e-08
9.56674e-08
9.56677e-08
9.56677e-08
9.56677e-08
9.56677e-08
9.56679e-08
9.56679e-08
9.56679e-08
9.56679e-08
9.56679e-08
9.56682e-08
9.56682e-08
9.56682e-08
9.56682e-08
9.56684e-08
9.56684e-08
9.56684e-08
9.56684e-08
9.56684e-08
9.56687e-08
9.56687e-08
9.56687e-08
9.56687e-08
9.56687e-08
9.5669e-08
9.5669e-08
