0.121134
0.121293
0.121936
0.123426
0.126641
0.136783
0.574869
0.580325
0.588041
0.632142
0.698092
0.806836
0.946282
1.073720
1.175060
1.250770
1.305780
1.345520
1.374840
1.397510
1.415970
1.431310
1.443610
1.452640
1.458530
1.462010
1.463990
1.465200
1.466070
1.466780
1.467390
1.467910
1.468320
1.468610
1.468770
1.468790
1.468680
1.468440
1.468060
1.467550
1.466910
1.466150
1.465260
1.464250
1.463110
1.461860
1.460480
1.459000
1.457400
1.455690
1.453870
1.451960
1.449940
1.447820
1.445600
1.443290
1.440890
1.438410
1.435830
1.433180
1.430440
1.427620
1.424720
1.421750
1.418710
1.415590
1.412410
1.409160
1.405840
1.402460
1.399010
1.395510
1.391950
1.388330
1.384660
1.380930
1.377150
1.373320
1.369440
1.365510
1.361530
1.357510
1.353450
1.349340
1.345190
1.341000
1.336770
1.332510
1.328210
1.323870
1.319500
1.315090
1.310650
1.306190
1.301690
1.297160
1.292610
1.288020
1.283410
1.278780
1.274120
1.269440
1.264730
1.260010
1.255260
1.250490
1.245710
1.240900
1.236080
1.231240
1.226380
1.221510
1.216620
1.211720
1.206800
1.201870
1.196930
1.191980
1.187020
1.182040
1.177060
1.172070
1.167070
1.162060
1.157040
1.152020
1.146990
1.141950
1.136910
1.131860
1.126810
1.121760
1.116700
1.111640
1.106580
1.101510
1.096440
1.091380
1.086310
1.081240
1.076170
1.071100
1.066030
1.060970
1.055910
1.050840
1.045780
1.040730
1.035680
1.030630
1.025580
1.020540
1.015510
1.010480
1.005450
1.000430
0.995421
0.990415
0.985415
0.980423
0.975438
0.970462
0.965493
0.960533
0.955581
0.950639
0.945705
0.940782
0.935868
0.930965
0.926072
0.921190
0.916318
0.911459
0.906610
0.901774
0.896949
0.892137
0.887338
0.882551
0.877778
0.873018
0.868271
0.863539
0.858820
0.854116
0.849426
0.844751
0.840091
0.835446
0.830816
0.826203
0.821604
0.817022
0.812457
0.807907
0.803375
0.798859
0.794360
0.789878
0.785414
0.780967
0.776538
0.772126
0.767733
0.763358
0.759002
0.754663
0.750344
0.746044
0.741762
0.737500
0.733256
0.729033
0.724828
0.720644
0.716479
0.712334
0.708209
0.704104
0.700020
0.695955
0.691912
0.687888
0.683886
0.679904
0.675943
0.672002
0.668083
0.664185
0.660308
0.656452
0.652617
0.648804
0.645012
0.641241
0.637492
0.633765
0.630059
0.626374
0.622711
0.619070
0.615451
0.611853
0.608277
0.604723
0.601190
0.597679
0.594191
0.590723
0.587278
0.583854
0.580453
0.577073
0.573714
0.570378
0.567063
0.563770
0.560499
0.557249
0.554021
0.550815
0.547630
0.544466
0.541324
0.538204
0.535105
0.532027
0.528971
0.525936
0.522922
0.519929
0.516957
0.514006
0.511077
0.508168
0.505280
0.502412
0.499566
0.496739
0.493934
0.491149
0.488384
0.485639
0.482915
0.480211
0.477527
0.474862
0.472218
0.469593
0.466988
0.464403
0.461836
0.459290
0.456762
0.454254
0.451765
0.449295
0.446843
0.444411
0.441997
0.439601
0.437224
0.434866
0.432526
0.430203
0.427899
0.425613
0.423344
0.421093
0.418860
0.416644
0.414446
0.412265
0.410100
0.407953
0.405823
0.403710
0.401613
0.399533
0.397469
0.395422
0.393391
0.391375
0.389376
0.387393
0.385426
0.383474
0.381537
0.379616
0.377711
0.375820
0.373945
0.372085
0.370239
0.368408
0.366592
0.364790
0.363003
0.361230
0.359471
0.357726
0.355995
0.354278
0.352575
0.350885
0.349209
0.347546
0.345896
0.344260
0.342636
0.341026
0.339429
0.337844
0.336272
0.334712
0.333165
0.331630
0.330107
0.328597
0.327098
0.325612
0.324137
0.322674
0.321222
0.319782
0.318353
0.316936
0.315530
0.314135
0.312751
0.311378
0.310016
0.308664
0.307324
0.305993
0.304673
0.303364
0.302065
0.300776
0.299497
0.298228
0.296969
0.295719
0.294480
0.293250
0.292029
0.290818
0.289617
0.288425
0.287242
0.286068
0.284903
0.283747
0.282600
0.281462
0.280332
0.279212
0.278099
0.276995
0.275900
0.274813
0.273734
0.272663
0.271601
0.270546
0.269500
0.268461
0.267430
0.266407
0.265392
0.264384
0.263383
0.262390
0.261405
0.260427
0.259456
0.258492
0.257535
0.256586
0.255643
0.254707
0.253779
0.252857
0.251941
0.251033
0.250131
0.249235
0.248346
0.247464
0.246588
0.245718
0.244854
0.243997
0.243146
0.242301
0.241461
0.240628
0.239801
0.238980
0.238165
0.237355
0.236551
0.235753
0.234960
0.234173
0.233391
0.232615
0.231844
0.231079
0.230319
0.229565
0.228815
0.228071
0.227332
0.226598
0.225869
0.225145
0.224427
0.223713
0.223004
0.222300
0.221601
0.220906
0.220217
0.219532
0.218851
0.218176
0.217505
0.216838
0.216176
0.215519
0.214866
0.214218
0.213574
0.212934
0.212299
0.211668
0.211041
0.210418
0.209800
0.209186
0.208576
0.207970
0.207369
0.206771
0.206178
0.205588
0.205002
0.204421
0.203843
0.203269
0.202700
0.202134
0.201571
0.201013
0.200458
0.199908
0.199360
0.198817
0.198277
0.197741
0.197209
0.196680
0.196155
0.195633
0.195115
0.194600
0.194089
0.193581
0.193077
0.192576
0.192079
0.191585
0.191094
0.190607
0.190123
0.189642
0.189165
0.188691
0.188220
0.187752
0.187287
0.186826
0.186368
0.185912
0.185460
0.185012
0.184566
0.184123
0.183683
0.183246
0.182812
0.182382
0.181954
0.181529
0.181107
0.180687
0.180271
0.179858
0.179447
0.179039
0.178634
0.178232
0.177832
0.177436
0.177042
0.176650
0.176262
0.175876
0.175492
0.175112
0.174733
0.174358
0.173985
0.173615
0.173247
0.172881
0.172518
0.172158
0.171800
0.171445
0.171092
0.170741
0.170393
0.170047
0.169704
0.169363
0.169024
0.168688
0.168354
0.168022
0.167692
0.167365
0.167040
0.166717
0.166396
0.166078
0.165762
0.165448
0.165136
0.164826
0.164518
0.164213
0.163909
0.163608
0.163308
0.163011
0.162716
0.162422
0.162131
0.161842
0.161554
0.161269
0.160985
0.160704
0.160424
0.160146
0.159871
0.159597
0.159325
0.159054
0.158786
0.158519
0.158255
0.157992
0.157730
0.157471
0.157213
0.156957
0.156703
0.156451
0.156200
0.155951
0.155703
0.155458
0.155214
0.154971
0.154730
0.154491
0.154254
0.154018
0.153783
0.153551
0.153319
0.153090
0.152862
0.152635
0.152410
0.152186
0.151964
0.151744
0.151525
0.151307
0.151091
0.150876
0.150663
0.150451
0.150241
0.150032
0.149824
0.149618
0.149413
0.149209
0.149007
0.148806
0.148607
0.148409
0.148212
0.148017
0.147822
0.147629
0.147438
0.147247
0.147058
0.146871
0.146684
0.146499
0.146314
0.146132
0.145950
0.145769
0.145590
0.145412
0.145235
0.145059
0.144885
0.144711
0.144539
0.144368
0.144198
0.144029
0.143861
0.143694
0.143529
0.143364
0.143201
0.143038
0.142877
0.142717
0.142558
0.142400
0.142242
0.142086
0.141931
0.141777
0.141624
0.141472
0.141321
0.141171
0.141022
0.140874
0.140727
0.140581
0.140436
0.140291
0.140148
0.140006
0.139864
0.139724
0.139584
0.139446
0.139308
0.139171
0.139035
0.138900
0.138765
0.138632
0.138500
0.138368
0.138237
0.138107
0.137978
0.137850
0.137722
0.137596
0.137470
0.137345
0.137221
0.137098
0.136975
0.136853
0.136732
0.136612
0.136493
0.136374
0.136256
0.136139
0.136023
0.135907
0.135792
0.135678
0.135565
0.135452
0.135340
0.135229
0.135119
0.135009
0.134900
0.134791
0.134684
0.134577
0.134470
0.134365
0.134260
0.134156
0.134052
0.133949
0.133847
0.133745
0.133644
0.133544
0.133444
0.133345
0.133247
0.133149
0.133052
0.132956
0.132860
0.132764
0.132670
0.132576
0.132482
0.132389
0.132297
0.132206
0.132114
0.132024
0.131934
0.131845
0.131756
0.131668
0.131580
0.131493
0.131407
0.131321
0.131235
0.131150
0.131066
0.130982
0.130899
0.130816
0.130734
0.130652
0.130571
0.130491
0.130410
0.130331
0.130252
0.130173
0.130095
0.130017
0.129940
0.129864
0.129788
0.129712
0.129637
0.129562
0.129488
0.129414
0.129341
0.129268
0.129196
0.129124
0.129053
0.128982
0.128911
0.128841
0.128772
0.128702
0.128634
0.128565
0.128498
0.128430
0.128363
0.128297
0.128230
0.128165
0.128099
0.128035
0.127970
0.127906
0.127842
0.127779
0.127716
0.127654
0.127592
0.127530
0.127469
0.127408
0.127348
0.127288
0.127228
0.127169
0.127110
0.127051
0.126993
0.126935
0.126878
0.126821
0.126764
0.126708
0.126652
0.126596
0.126541
0.126486
0.126431
0.126377
0.126323
0.126269
0.126216
0.126163
0.126111
0.126059
0.126007
0.125955
0.125904
0.125853
0.125803
0.125753
0.125703
0.125653
0.125604
0.125555
0.125506
0.125458
0.125410
0.125362
0.125315
0.125268
0.125221
0.125174
0.125128
0.125082
0.125037
0.124991
0.124946
0.124902
0.124857
0.124813
0.124769
0.124726
0.124682
0.124639
0.124597
0.124554
0.124512
0.124470
0.124428
0.124387
0.124346
0.124305
0.124264
0.124224
0.124184
0.124144
0.124105
0.124065
0.124026
0.123987
0.123949
0.123911
0.123872
0.123835
0.123797
0.123760
0.123723
0.123686
0.123649
0.123613
0.123577
0.123541
0.123505
0.123470
0.123435
0.123400
0.123365
0.123330
0.123296
0.123262
0.123228
0.123195
0.123161
0.123128
0.123095
0.123062
0.123030
0.122997
0.122965
0.122933
0.122902
0.122870
0.122839
0.122808
0.122777
0.122746
0.122716
0.122686
0.122656
0.122626
0.122596
0.122567
0.122537
0.122508
0.122479
0.122451
0.122422
0.122394
0.122366
0.122338
0.122310
0.122282
0.122255
0.122228
0.122201
0.122174
0.122147
0.122121
0.122094
0.122068
0.122042
0.122016
0.121991
0.121965
0.121940
0.121915
0.121890
0.121865
0.121840
0.121816
0.121792
0.121768
0.121744
0.121720
0.121696
0.121673
0.121649
0.121626
0.121603
0.121580
0.121558
0.121535
0.121513
0.121490
0.121468
0.121446
0.121425
0.121403
0.121381
0.121360
0.121339
0.121318
0.121297
0.121276
0.121255
0.121235
0.121215
0.121194
0.121174
0.121154
0.121135
0.121294
0.121937
0.123426
0.126641
0.136782
0.574988
0.580453
0.588152
0.632238
0.698183
0.806915
0.946363
1.073800
1.175130
1.250830
1.305840
1.345590
1.374910
1.397570
1.416020
1.431360
1.443660
1.452680
1.458570
1.462050
1.464030
1.465240
1.466110
1.466830
1.467440
1.467960
1.468370
1.468660
1.468820
1.468850
1.468740
1.468500
1.468120
1.467610
1.466970
1.466210
1.465320
1.464310
1.463170
1.461920
1.460550
1.459060
1.457460
1.455760
1.453940
1.452020
1.450000
1.447890
1.445670
1.443360
1.440970
1.438480
1.435900
1.433250
1.430510
1.427690
1.424800
1.421820
1.418780
1.415670
1.412480
1.409230
1.405910
1.402530
1.399090
1.395590
1.392030
1.388410
1.384740
1.381010
1.377230
1.373400
1.369520
1.365590
1.361610
1.357590
1.353530
1.349420
1.345270
1.341080
1.336860
1.332590
1.328290
1.323950
1.319580
1.315180
1.310740
1.306270
1.301770
1.297250
1.292690
1.288110
1.283500
1.278870
1.274210
1.269530
1.264820
1.260100
1.255350
1.250580
1.245790
1.240990
1.236160
1.231320
1.226470
1.221590
1.216710
1.211810
1.206890
1.201960
1.197020
1.192070
1.187110
1.182130
1.177150
1.172160
1.167160
1.162150
1.157130
1.152110
1.147070
1.142040
1.137000
1.131950
1.126900
1.121850
1.116790
1.111730
1.106660
1.101600
1.096530
1.091460
1.086390
1.081330
1.076260
1.071190
1.066120
1.061060
1.055990
1.050930
1.045870
1.040820
1.035760
1.030710
1.025670
1.020630
1.015590
1.010560
1.005540
1.000520
0.995507
0.990501
0.985501
0.980509
0.975524
0.970547
0.965578
0.960618
0.955666
0.950724
0.945790
0.940866
0.935953
0.931049
0.926156
0.921274
0.916402
0.911542
0.906694
0.901857
0.897032
0.892220
0.887421
0.882634
0.877860
0.873100
0.868353
0.863620
0.858901
0.854197
0.849507
0.844831
0.840171
0.835526
0.830896
0.826282
0.821684
0.817102
0.812536
0.807986
0.803453
0.798937
0.794438
0.789956
0.785491
0.781044
0.776615
0.772203
0.767810
0.763434
0.759077
0.754739
0.750419
0.746118
0.741837
0.737574
0.733330
0.729106
0.724902
0.720717
0.716552
0.712406
0.708281
0.704176
0.700091
0.696027
0.691983
0.687959
0.683956
0.679974
0.676012
0.672072
0.668152
0.664254
0.660376
0.656520
0.652685
0.648871
0.645079
0.641308
0.637559
0.633831
0.630124
0.626439
0.622776
0.619135
0.615515
0.611917
0.608340
0.604786
0.601253
0.597742
0.594253
0.590785
0.587339
0.583915
0.580513
0.577133
0.573774
0.570438
0.567123
0.563829
0.560558
0.557308
0.554079
0.550872
0.547687
0.544523
0.541381
0.538260
0.535161
0.532083
0.529026
0.525991
0.522976
0.519983
0.517011
0.514060
0.511130
0.508221
0.505332
0.502464
0.499617
0.496791
0.493985
0.491199
0.488434
0.485689
0.482965
0.480260
0.477576
0.474911
0.472266
0.469641
0.467036
0.464450
0.461883
0.459336
0.456809
0.454300
0.451811
0.449340
0.446888
0.444456
0.442041
0.439646
0.437268
0.434909
0.432569
0.430246
0.427942
0.425655
0.423386
0.421135
0.418902
0.416686
0.414487
0.412305
0.410141
0.407994
0.405863
0.403749
0.401652
0.399572
0.397508
0.395460
0.393429
0.391413
0.389414
0.387430
0.385463
0.383511
0.381574
0.379653
0.377747
0.375857
0.373981
0.372120
0.370274
0.368443
0.366627
0.364825
0.363037
0.361264
0.359505
0.357760
0.356028
0.354311
0.352608
0.350918
0.349241
0.347578
0.345928
0.344291
0.342668
0.341057
0.339460
0.337874
0.336302
0.334742
0.333195
0.331660
0.330137
0.328626
0.327127
0.325641
0.324165
0.322702
0.321250
0.319810
0.318381
0.316964
0.315558
0.314162
0.312778
0.311405
0.310043
0.308691
0.307350
0.306020
0.304699
0.303390
0.302090
0.300801
0.299522
0.298253
0.296993
0.295744
0.294504
0.293274
0.292054
0.290843
0.289641
0.288448
0.287265
0.286091
0.284926
0.283770
0.282623
0.281485
0.280355
0.279234
0.278122
0.277018
0.275922
0.274835
0.273756
0.272685
0.271622
0.270568
0.269521
0.268482
0.267451
0.266428
0.265412
0.264404
0.263404
0.262411
0.261425
0.260447
0.259476
0.258512
0.257555
0.256606
0.255663
0.254727
0.253798
0.252876
0.251960
0.251052
0.250150
0.249254
0.248365
0.247482
0.246606
0.245736
0.244872
0.244015
0.243164
0.242318
0.241479
0.240646
0.239819
0.238997
0.238182
0.237372
0.236568
0.235770
0.234977
0.234190
0.233408
0.232632
0.231861
0.231096
0.230335
0.229581
0.228831
0.228087
0.227348
0.226614
0.225885
0.225161
0.224442
0.223728
0.223019
0.222315
0.221616
0.220921
0.220231
0.219546
0.218866
0.218190
0.217519
0.216853
0.216191
0.215533
0.214880
0.214232
0.213588
0.212948
0.212313
0.211681
0.211055
0.210432
0.209814
0.209200
0.208590
0.207984
0.207382
0.206784
0.206191
0.205601
0.205015
0.204434
0.203856
0.203282
0.202712
0.202146
0.201584
0.201025
0.200471
0.199920
0.199373
0.198829
0.198289
0.197753
0.197221
0.196692
0.196166
0.195645
0.195126
0.194612
0.194101
0.193593
0.193088
0.192588
0.192090
0.191596
0.191105
0.190618
0.190134
0.189653
0.189176
0.188701
0.188230
0.187762
0.187298
0.186836
0.186378
0.185923
0.185471
0.185022
0.184576
0.184133
0.183693
0.183256
0.182822
0.182391
0.181963
0.181538
0.181116
0.180697
0.180281
0.179867
0.179456
0.179049
0.178644
0.178241
0.177842
0.177445
0.177051
0.176659
0.176271
0.175885
0.175501
0.175120
0.174742
0.174367
0.173994
0.173623
0.173255
0.172890
0.172527
0.172166
0.171809
0.171453
0.171100
0.170749
0.170401
0.170055
0.169712
0.169371
0.169032
0.168696
0.168361
0.168029
0.167700
0.167373
0.167047
0.166725
0.166404
0.166085
0.165769
0.165455
0.165143
0.164833
0.164525
0.164220
0.163916
0.163615
0.163315
0.163018
0.162722
0.162429
0.162138
0.161848
0.161561
0.161276
0.160992
0.160710
0.160431
0.160153
0.159877
0.159603
0.159331
0.159061
0.158792
0.158526
0.158261
0.157998
0.157737
0.157477
0.157219
0.156963
0.156709
0.156457
0.156206
0.155957
0.155709
0.155464
0.155220
0.154977
0.154736
0.154497
0.154259
0.154023
0.153789
0.153556
0.153325
0.153095
0.152867
0.152641
0.152415
0.152192
0.151970
0.151749
0.151530
0.151312
0.151096
0.150881
0.150668
0.150456
0.150246
0.150037
0.149829
0.149623
0.149418
0.149214
0.149012
0.148811
0.148612
0.148414
0.148217
0.148021
0.147827
0.147634
0.147443
0.147252
0.147063
0.146875
0.146689
0.146503
0.146319
0.146136
0.145954
0.145774
0.145595
0.145416
0.145239
0.145064
0.144889
0.144716
0.144543
0.144372
0.144202
0.144033
0.143865
0.143698
0.143533
0.143368
0.143205
0.143042
0.142881
0.142721
0.142562
0.142404
0.142246
0.142090
0.141935
0.141781
0.141628
0.141476
0.141325
0.141175
0.141026
0.140878
0.140731
0.140585
0.140439
0.140295
0.140152
0.140009
0.139868
0.139727
0.139588
0.139449
0.139311
0.139174
0.139038
0.138903
0.138769
0.138636
0.138503
0.138371
0.138241
0.138111
0.137981
0.137853
0.137726
0.137599
0.137473
0.137348
0.137224
0.137101
0.136978
0.136856
0.136735
0.136615
0.136496
0.136377
0.136259
0.136142
0.136026
0.135910
0.135795
0.135681
0.135568
0.135455
0.135343
0.135232
0.135121
0.135012
0.134903
0.134794
0.134687
0.134580
0.134473
0.134368
0.134263
0.134158
0.134055
0.133952
0.133850
0.133748
0.133647
0.133547
0.133447
0.133348
0.133250
0.133152
0.133055
0.132958
0.132862
0.132767
0.132672
0.132578
0.132485
0.132392
0.132300
0.132208
0.132117
0.132026
0.131937
0.131847
0.131758
0.131670
0.131583
0.131495
0.131409
0.131323
0.131237
0.131153
0.131068
0.130984
0.130901
0.130818
0.130736
0.130655
0.130573
0.130493
0.130413
0.130333
0.130254
0.130175
0.130097
0.130020
0.129942
0.129866
0.129790
0.129714
0.129639
0.129564
0.129490
0.129416
0.129343
0.129270
0.129198
0.129126
0.129055
0.128984
0.128913
0.128843
0.128774
0.128704
0.128636
0.128567
0.128500
0.128432
0.128365
0.128299
0.128232
0.128167
0.128101
0.128037
0.127972
0.127908
0.127844
0.127781
0.127718
0.127656
0.127594
0.127532
0.127471
0.127410
0.127350
0.127289
0.127230
0.127170
0.127111
0.127053
0.126995
0.126937
0.126879
0.126822
0.126766
0.126709
0.126653
0.126598
0.126542
0.126487
0.126433
0.126379
0.126325
0.126271
0.126218
0.126165
0.126113
0.126060
0.126008
0.125957
0.125906
0.125855
0.125804
0.125754
0.125704
0.125655
0.125605
0.125556
0.125508
0.125459
0.125411
0.125364
0.125316
0.125269
0.125222
0.125176
0.125130
0.125084
0.125038
0.124993
0.124948
0.124903
0.124859
0.124815
0.124771
0.124727
0.124684
0.124641
0.124598
0.124555
0.124513
0.124471
0.124430
0.124388
0.124347
0.124306
0.124266
0.124225
0.124185
0.124145
0.124106
0.124067
0.124027
0.123989
0.123950
0.123912
0.123874
0.123836
0.123798
0.123761
0.123724
0.123687
0.123651
0.123614
0.123578
0.123542
0.123506
0.123471
0.123436
0.123401
0.123366
0.123332
0.123297
0.123263
0.123229
0.123196
0.123162
0.123129
0.123096
0.123063
0.123031
0.122999
0.122967
0.122935
0.122903
0.122871
0.122840
0.122809
0.122778
0.122747
0.122717
0.122687
0.122657
0.122627
0.122597
0.122568
0.122538
0.122509
0.122480
0.122452
0.122423
0.122395
0.122367
0.122339
0.122311
0.122283
0.122256
0.122229
0.122202
0.122175
0.122148
0.122122
0.122095
0.122069
0.122043
0.122017
0.121992
0.121966
0.121941
0.121916
0.121891
0.121866
0.121841
0.121817
0.121793
0.121769
0.121745
0.121721
0.121697
0.121674
0.121650
0.121627
0.121604
0.121581
0.121559
0.121536
0.121514
0.121491
0.121469
0.121447
0.121426
0.121404
0.121382
0.121361
0.121340
0.121319
0.121298
0.121277
0.121256
0.121236
0.121216
0.121195
0.121175
0.121155
0.121136
0.121295
0.121937
0.123428
0.126644
0.136790
0.574994
0.580429
0.588137
0.632232
0.698177
0.806919
0.946362
1.073800
1.175120
1.250830
1.305830
1.345580
1.374900
1.397570
1.416020
1.431360
1.443660
1.452690
1.458580
1.462050
1.464040
1.465250
1.466120
1.466830
1.467450
1.467970
1.468380
1.468670
1.468830
1.468860
1.468750
1.468500
1.468120
1.467620
1.466980
1.466220
1.465330
1.464310
1.463180
1.461920
1.460550
1.459070
1.457470
1.455760
1.453950
1.452030
1.450010
1.447890
1.445680
1.443370
1.440970
1.438480
1.435910
1.433250
1.430510
1.427690
1.424800
1.421830
1.418780
1.415670
1.412480
1.409230
1.405920
1.402540
1.399090
1.395590
1.392030
1.388410
1.384740
1.381010
1.377230
1.373400
1.369520
1.365590
1.361610
1.357590
1.353530
1.349420
1.345270
1.341080
1.336860
1.332590
1.328290
1.323950
1.319580
1.315180
1.310740
1.306270
1.301770
1.297250
1.292690
1.288110
1.283500
1.278870
1.274210
1.269520
1.264820
1.260090
1.255350
1.250580
1.245790
1.240990
1.236160
1.231320
1.226470
1.221590
1.216710
1.211800
1.206890
1.201960
1.197020
1.192070
1.187100
1.182130
1.177150
1.172150
1.167150
1.162140
1.157130
1.152100
1.147070
1.142040
1.136990
1.131950
1.126900
1.121840
1.116780
1.111720
1.106660
1.101600
1.096530
1.091460
1.086390
1.081320
1.076250
1.071190
1.066120
1.061050
1.055990
1.050930
1.045870
1.040810
1.035760
1.030710
1.025670
1.020630
1.015590
1.010560
1.005540
1.000520
0.995503
0.990497
0.985498
0.980505
0.975521
0.970544
0.965575
0.960614
0.955663
0.950720
0.945787
0.940863
0.935949
0.931046
0.926152
0.921270
0.916399
0.911539
0.906690
0.901853
0.897029
0.892217
0.887417
0.882630
0.877856
0.873096
0.868349
0.863617
0.858898
0.854193
0.849503
0.844828
0.840168
0.835522
0.830893
0.826279
0.821680
0.817098
0.812532
0.807982
0.803449
0.798933
0.794434
0.789952
0.785487
0.781040
0.776611
0.772199
0.767806
0.763431
0.759074
0.754735
0.750416
0.746115
0.741833
0.737570
0.733327
0.729103
0.724898
0.720713
0.716548
0.712403
0.708278
0.704173
0.700088
0.696023
0.691979
0.687955
0.683952
0.679970
0.676009
0.672068
0.668149
0.664250
0.660373
0.656517
0.652682
0.648868
0.645076
0.641305
0.637555
0.633827
0.630121
0.626436
0.622773
0.619131
0.615512
0.611914
0.608337
0.604783
0.601250
0.597739
0.594250
0.590782
0.587336
0.583912
0.580510
0.577130
0.573771
0.570435
0.567119
0.563826
0.560554
0.557304
0.554076
0.550869
0.547684
0.544520
0.541378
0.538257
0.535158
0.532080
0.529023
0.525988
0.522973
0.519980
0.517008
0.514057
0.511127
0.508218
0.505329
0.502462
0.499615
0.496788
0.493982
0.491197
0.488432
0.485687
0.482962
0.480257
0.477573
0.474908
0.472263
0.469638
0.467033
0.464447
0.461881
0.459334
0.456806
0.454298
0.451808
0.449338
0.446886
0.444453
0.442039
0.439643
0.437266
0.434907
0.432566
0.430244
0.427939
0.425653
0.423384
0.421133
0.418899
0.416683
0.414485
0.412303
0.410139
0.407991
0.405861
0.403747
0.401650
0.399570
0.397506
0.395458
0.393427
0.391412
0.389412
0.387429
0.385461
0.383509
0.381572
0.379651
0.377745
0.375855
0.373979
0.372118
0.370272
0.368441
0.366625
0.364823
0.363035
0.361262
0.359503
0.357758
0.356027
0.354309
0.352606
0.350916
0.349239
0.347576
0.345926
0.344290
0.342666
0.341056
0.339458
0.337873
0.336300
0.334741
0.333193
0.331658
0.330135
0.328624
0.327126
0.325639
0.324164
0.322701
0.321249
0.319809
0.318380
0.316962
0.315556
0.314161
0.312777
0.311404
0.310041
0.308690
0.307348
0.306018
0.304698
0.303388
0.302089
0.300800
0.299520
0.298251
0.296992
0.295743
0.294503
0.293273
0.292052
0.290841
0.289640
0.288447
0.287264
0.286090
0.284925
0.283769
0.282622
0.281483
0.280354
0.279233
0.278120
0.277016
0.275921
0.274834
0.273755
0.272684
0.271621
0.270567
0.269520
0.268481
0.267450
0.266427
0.265411
0.264403
0.263403
0.262410
0.261424
0.260446
0.259475
0.258511
0.257554
0.256604
0.255662
0.254726
0.253797
0.252875
0.251959
0.251051
0.250148
0.249253
0.248364
0.247481
0.246605
0.245735
0.244871
0.244014
0.243162
0.242317
0.241478
0.240645
0.239818
0.238996
0.238181
0.237371
0.236567
0.235768
0.234976
0.234188
0.233407
0.232631
0.231860
0.231094
0.230334
0.229580
0.228830
0.228086
0.227347
0.226613
0.225884
0.225160
0.224441
0.223727
0.223018
0.222314
0.221615
0.220920
0.220231
0.219546
0.218865
0.218189
0.217518
0.216852
0.216190
0.215532
0.214880
0.214231
0.213587
0.212947
0.212312
0.211681
0.211054
0.210431
0.209813
0.209199
0.208589
0.207983
0.207381
0.206784
0.206190
0.205600
0.205015
0.204433
0.203855
0.203281
0.202712
0.202145
0.201583
0.201025
0.200470
0.199919
0.199372
0.198828
0.198289
0.197753
0.197220
0.196691
0.196166
0.195644
0.195126
0.194611
0.194100
0.193592
0.193088
0.192587
0.192090
0.191595
0.191105
0.190617
0.190133
0.189653
0.189175
0.188701
0.188230
0.187762
0.187297
0.186836
0.186378
0.185922
0.185470
0.185021
0.184575
0.184132
0.183693
0.183256
0.182822
0.182391
0.181963
0.181538
0.181116
0.180697
0.180280
0.179867
0.179456
0.179048
0.178643
0.178241
0.177841
0.177444
0.177050
0.176659
0.176270
0.175884
0.175501
0.175120
0.174742
0.174366
0.173993
0.173623
0.173255
0.172889
0.172527
0.172166
0.171808
0.171453
0.171100
0.170749
0.170401
0.170055
0.169712
0.169370
0.169032
0.168695
0.168361
0.168029
0.167700
0.167372
0.167047
0.166724
0.166404
0.166085
0.165769
0.165455
0.165143
0.164833
0.164525
0.164219
0.163916
0.163614
0.163315
0.163018
0.162722
0.162429
0.162138
0.161848
0.161561
0.161275
0.160992
0.160710
0.160431
0.160153
0.159877
0.159603
0.159331
0.159061
0.158792
0.158526
0.158261
0.157998
0.157737
0.157477
0.157219
0.156963
0.156709
0.156457
0.156206
0.155957
0.155709
0.155464
0.155219
0.154977
0.154736
0.154497
0.154259
0.154023
0.153789
0.153556
0.153325
0.153095
0.152867
0.152640
0.152415
0.152192
0.151970
0.151749
0.151530
0.151312
0.151096
0.150881
0.150668
0.150456
0.150246
0.150037
0.149829
0.149623
0.149418
0.149214
0.149012
0.148811
0.148612
0.148414
0.148217
0.148021
0.147827
0.147634
0.147443
0.147252
0.147063
0.146875
0.146689
0.146503
0.146319
0.146136
0.145954
0.145774
0.145595
0.145416
0.145239
0.145064
0.144889
0.144716
0.144543
0.144372
0.144202
0.144033
0.143865
0.143699
0.143533
0.143368
0.143205
0.143043
0.142881
0.142721
0.142562
0.142404
0.142247
0.142090
0.141935
0.141781
0.141628
0.141476
0.141325
0.141175
0.141026
0.140878
0.140731
0.140585
0.140439
0.140295
0.140152
0.140010
0.139868
0.139728
0.139588
0.139449
0.139311
0.139174
0.139038
0.138903
0.138769
0.138636
0.138503
0.138371
0.138241
0.138111
0.137982
0.137853
0.137726
0.137599
0.137473
0.137349
0.137224
0.137101
0.136978
0.136857
0.136736
0.136615
0.136496
0.136377
0.136259
0.136142
0.136026
0.135910
0.135795
0.135681
0.135568
0.135455
0.135343
0.135232
0.135122
0.135012
0.134903
0.134794
0.134687
0.134580
0.134473
0.134368
0.134263
0.134159
0.134055
0.133952
0.133850
0.133748
0.133647
0.133547
0.133447
0.133348
0.133250
0.133152
0.133055
0.132958
0.132863
0.132767
0.132673
0.132579
0.132485
0.132392
0.132300
0.132208
0.132117
0.132027
0.131937
0.131847
0.131759
0.131670
0.131583
0.131496
0.131409
0.131323
0.131238
0.131153
0.131069
0.130985
0.130901
0.130819
0.130737
0.130655
0.130574
0.130493
0.130413
0.130333
0.130254
0.130176
0.130097
0.130020
0.129943
0.129866
0.129790
0.129714
0.129639
0.129565
0.129490
0.129417
0.129343
0.129271
0.129198
0.129126
0.129055
0.128984
0.128913
0.128843
0.128774
0.128705
0.128636
0.128568
0.128500
0.128432
0.128365
0.128299
0.128233
0.128167
0.128102
0.128037
0.127972
0.127908
0.127845
0.127781
0.127719
0.127656
0.127594
0.127532
0.127471
0.127410
0.127350
0.127290
0.127230
0.127171
0.127112
0.127053
0.126995
0.126937
0.126880
0.126823
0.126766
0.126710
0.126654
0.126598
0.126543
0.126488
0.126433
0.126379
0.126325
0.126271
0.126218
0.126165
0.126113
0.126061
0.126009
0.125957
0.125906
0.125855
0.125805
0.125754
0.125705
0.125655
0.125606
0.125557
0.125508
0.125460
0.125412
0.125364
0.125317
0.125270
0.125223
0.125176
0.125130
0.125084
0.125039
0.124993
0.124948
0.124904
0.124859
0.124815
0.124771
0.124727
0.124684
0.124641
0.124598
0.124556
0.124514
0.124472
0.124430
0.124389
0.124348
0.124307
0.124266
0.124226
0.124186
0.124146
0.124106
0.124067
0.124028
0.123989
0.123950
0.123912
0.123874
0.123836
0.123799
0.123761
0.123724
0.123688
0.123651
0.123615
0.123578
0.123543
0.123507
0.123471
0.123436
0.123401
0.123367
0.123332
0.123298
0.123264
0.123230
0.123196
0.123163
0.123130
0.123097
0.123064
0.123031
0.122999
0.122967
0.122935
0.122903
0.122872
0.122841
0.122809
0.122779
0.122748
0.122717
0.122687
0.122657
0.122627
0.122598
0.122568
0.122539
0.122510
0.122481
0.122452
0.122424
0.122395
0.122367
0.122339
0.122311
0.122284
0.122256
0.122229
0.122202
0.122175
0.122149
0.122122
0.122096
0.122070
0.122044
0.122018
0.121992
0.121967
0.121941
0.121916
0.121891
0.121866
0.121842
0.121817
0.121793
0.121769
0.121745
0.121721
0.121698
0.121674
0.121651
0.121628
0.121605
0.121582
0.121559
0.121536
0.121514
0.121492
0.121470
0.121448
0.121426
0.121404
0.121383
0.121361
0.121340
0.121319
0.121298
0.121277
0.121257
0.121236
0.121216
0.121196
0.121176
0.121156
0.121136
