16.733100
16.733100
16.733100
16.733000
16.733000
16.733200
16.735300
16.735300
16.735100
16.734900
16.734800
16.734600
16.734400
16.734300
16.734100
16.734000
16.733900
16.733800
16.733600
16.733500
16.733500
16.733400
16.733300
16.733300
16.733200
16.733200
16.733100
16.733100
16.733100
16.733100
16.733100
16.733100
16.733100
16.733100
16.733100
16.733200
16.733200
16.733200
16.733200
16.733300
16.733300
16.733400
16.733400
16.733400
16.733500
16.733500
16.733600
16.733600
16.733700
16.733700
16.733800
16.733900
16.733900
16.734000
16.734000
16.734100
16.734200
16.734200
16.734300
16.734400
16.734400
16.734500
16.734600
16.734600
16.734700
16.734800
16.734800
16.734900
16.735000
16.735100
16.735100
16.735200
16.735300
16.735400
16.735400
16.735500
16.735600
16.735600
16.735700
16.735800
16.735900
16.735900
16.736000
16.736100
16.736200
16.736200
16.736300
16.736400
16.736400
16.736500
16.736600
16.736700
16.736700
16.736800
16.736900
16.737000
16.737000
16.737100
16.737200
16.737200
16.737300
16.737400
16.737500
16.737500
16.737600
16.737700
16.737700
16.737800
16.737900
16.737900
16.738000
16.738100
16.738100
16.738200
16.738300
16.738300
16.738400
16.738500
16.738500
16.738600
16.738700
16.738700
16.738800
16.738900
16.738900
16.739000
16.739100
16.739100
16.739200
16.739200
16.739300
16.739400
16.739400
16.739500
16.739600
16.739600
16.739700
16.739700
16.739800
16.739900
16.739900
16.740000
16.740000
16.740100
16.740100
16.740200
16.740300
16.740300
16.740400
16.740400
16.740500
16.740500
16.740600
16.740600
16.740700
16.740700
16.740800
16.740900
16.740900
16.741000
16.741000
16.741100
16.741100
16.741200
16.741200
16.741300
16.741300
16.741400
16.741400
16.741500
16.741500
16.741600
16.741600
16.741600
16.741700
16.741700
16.741800
16.741800
16.741900
16.741900
16.742000
16.742000
16.742100
16.742100
16.742100
16.742200
16.742200
16.742300
16.742300
16.742300
16.742400
16.742400
16.742500
16.742500
16.742500
16.742600
16.742600
16.742700
16.742700
16.742700
16.742800
16.742800
16.742800
16.742900
16.742900
16.743000
16.743000
16.743000
16.743100
16.743100
16.743100
16.743200
16.743200
16.743200
16.743300
16.743300
16.743300
16.743400
16.743400
16.743400
16.743400
16.743500
16.743500
16.743500
16.743600
16.743600
16.743600
16.743600
16.743700
16.743700
16.743700
16.743800
16.743800
16.743800
16.743800
16.743900
16.743900
16.743900
16.743900
16.744000
16.744000
16.744000
16.744000
16.744100
16.744100
16.744100
16.744100
16.744100
16.744200
16.744200
16.744200
16.744200
16.744200
16.744300
16.744300
16.744300
16.744300
16.744300
16.744400
16.744400
16.744400
16.744400
16.744400
16.744400
16.744500
16.744500
16.744500
16.744500
16.744500
16.744500
16.744600
16.744600
16.744600
16.744600
16.744600
16.744600
16.744600
16.744700
16.744700
16.744700
16.744700
16.744700
16.744700
16.744700
16.744700
16.744800
16.744800
16.744800
16.744800
16.744800
16.744800
16.744800
16.744800
16.744800
16.744800
16.744900
16.744900
16.744900
16.744900
16.744900
16.744900
16.744900
16.744900
16.744900
16.744900
16.744900
16.744900
16.744900
16.745000
16.745000
16.745000
16.745000
16.745000
16.745000
16.745000
16.745000
16.745000
16.745000
16.745000
16.745000
16.745000
16.745000
16.745000
16.745000
16.745000
16.745000
16.745000
16.745000
16.745000
16.745000
16.745000
16.745000
16.745000
16.745000
16.745000
16.745000
16.745000
16.745000
16.745000
16.745000
16.745000
16.745000
16.745000
16.745000
16.745000
16.745000
16.745000
16.745000
16.745000
16.745000
16.745000
16.745000
16.745000
16.745000
16.745000
16.745000
16.745000
16.745000
16.745000
16.745000
16.745000
16.745000
16.745000
16.745000
16.745000
16.745000
16.745000
16.745000
16.745000
16.745000
16.745000
16.745000
16.745000
16.745000
16.745000
16.745000
16.745000
16.745000
16.744900
16.744900
16.744900
16.744900
16.744900
16.744900
16.744900
16.744900
16.744900
16.744900
16.744900
16.744900
16.744900
16.744900
16.744900
16.744900
16.744800
16.744800
16.744800
16.744800
16.744800
16.744800
16.744800
16.744800
16.744800
16.744800
16.744800
16.744800
16.744800
16.744700
16.744700
16.744700
16.744700
16.744700
16.744700
16.744700
16.744700
16.744700
16.744700
16.744700
16.744700
16.744600
16.744600
16.744600
16.744600
16.744600
16.744600
16.744600
16.744600
16.744600
16.744600
16.744500
16.744500
16.744500
16.744500
16.744500
16.744500
16.744500
16.744500
16.744500
16.744400
16.744400
16.744400
16.744400
16.744400
16.744400
16.744400
16.744400
16.744400
16.744300
16.744300
16.744300
16.744300
16.744300
16.744300
16.744300
16.744300
16.744200
16.744200
16.744200
16.744200
16.744200
16.744200
16.744200
16.744200
16.744100
16.744100
16.744100
16.744100
16.744100
16.744100
16.744100
16.744000
16.744000
16.744000
16.744000
16.744000
16.744000
16.744000
16.743900
16.743900
16.743900
16.743900
16.743900
16.743900
16.743900
16.743900
16.743800
16.743800
16.743800
16.743800
16.743800
16.743800
16.743700
16.743700
16.743700
16.743700
16.743700
16.743700
16.743700
16.743600
16.743600
16.743600
16.743600
16.743600
16.743600
16.743600
16.743500
16.743500
16.743500
16.743500
16.743500
16.743500
16.743400
16.743400
16.743400
16.743400
16.743400
16.743400
16.743300
16.743300
16.743300
16.743300
16.743300
16.743300
16.743200
16.743200
16.743200
16.743200
16.743200
16.743200
16.743100
16.743100
16.743100
16.743100
16.743100
16.743100
16.743000
16.743000
16.743000
16.743000
16.743000
16.743000
16.742900
16.742900
16.742900
16.742900
16.742900
16.742900
16.742800
16.742800
16.742800
16.742800
16.742800
16.742800
16.742700
16.742700
16.742700
16.742700
16.742700
16.742600
16.742600
16.742600
16.742600
16.742600
16.742600
16.742500
16.742500
16.742500
16.742500
16.742500
16.742500
16.742400
16.742400
16.742400
16.742400
16.742400
16.742300
16.742300
16.742300
16.742300
16.742300
16.742200
16.742200
16.742200
16.742200
16.742200
16.742200
16.742100
16.742100
16.742100
16.742100
16.742100
16.742000
16.742000
16.742000
16.742000
16.742000
16.741900
16.741900
16.741900
16.741900
16.741900
16.741900
16.741800
16.741800
16.741800
16.741800
16.741800
16.741700
16.741700
16.741700
16.741700
16.741700
16.741600
16.741600
16.741600
16.741600
16.741600
16.741500
16.741500
16.741500
16.741500
16.741500
16.741400
16.741400
16.741400
16.741400
16.741400
16.741300
16.741300
16.741300
16.741300
16.741300
16.741200
16.741200
16.741200
16.741200
16.741200
16.741100
16.741100
16.741100
16.741100
16.741100
16.741000
16.741000
16.741000
16.741000
16.741000
16.740900
16.740900
16.740900
16.740900
16.740900
16.740800
16.740800
16.740800
16.740800
16.740800
16.740700
16.740700
16.740700
16.740700
16.740700
16.740600
16.740600
16.740600
16.740600
16.740600
16.740500
16.740500
16.740500
16.740500
16.740500
16.740400
16.740400
16.740400
16.740400
16.740400
16.740300
16.740300
16.740300
16.740300
16.740300
16.740200
16.740200
16.740200
16.740200
16.740100
16.740100
16.740100
16.740100
16.740100
16.740000
16.740000
16.740000
16.740000
16.740000
16.739900
16.739900
16.739900
16.739900
16.739900
16.739800
16.739800
16.739800
16.739800
16.739700
16.739700
16.739700
16.739700
16.739700
16.739600
16.739600
16.739600
16.739600
16.739600
16.739500
16.739500
16.739500
16.739500
16.739400
16.739400
16.739400
16.739400
16.739400
16.739300
16.739300
16.739300
16.739300
16.739300
16.739200
16.739200
16.739200
16.739200
16.739100
16.739100
16.739100
16.739100
16.739100
16.739000
16.739000
16.739000
16.739000
16.739000
16.738900
16.738900
16.738900
16.738900
16.738800
16.738800
16.738800
16.738800
16.738800
16.738700
16.738700
16.738700
16.738700
16.738700
16.738600
16.738600
16.738600
16.738600
16.738500
16.738500
16.738500
16.738500
16.738500
16.738400
16.738400
16.738400
16.738400
16.738300
16.738300
16.738300
16.738300
16.738300
16.738200
16.738200
16.738200
16.738200
16.738200
16.738100
16.738100
16.738100
16.738100
16.738000
16.738000
16.738000
16.738000
16.738000
16.737900
16.737900
16.737900
16.737900
16.737800
16.737800
16.737800
16.737800
16.737800
16.737700
16.737700
16.737700
16.737700
16.737600
16.737600
16.737600
16.737600
16.737600
16.737500
16.737500
16.737500
16.737500
16.737400
16.737400
16.737400
16.737400
16.737400
16.737300
16.737300
16.737300
16.737300
16.737200
16.737200
16.737200
16.737200
16.737200
16.737100
16.737100
16.737100
16.737100
16.737000
16.737000
16.737000
16.737000
16.737000
16.736900
16.736900
16.736900
16.736900
16.736800
16.736800
16.736800
16.736800
16.736800
16.736700
16.736700
16.736700
16.736700
16.736600
16.736600
16.736600
16.736600
16.736600
16.736500
16.736500
16.736500
16.736500
16.736400
16.736400
16.736400
16.736400
16.736400
16.736300
16.736300
16.736300
16.736300
16.736200
16.736200
16.736200
16.736200
16.736100
16.736100
16.736100
16.736100
16.736100
16.736000
16.736000
16.736000
16.736000
16.735900
16.735900
16.735900
16.735900
16.735900
16.735800
16.735800
16.735800
16.735800
16.735700
16.735700
16.735700
16.735700
16.735700
16.735600
16.735600
16.735600
16.735600
16.735500
16.735500
16.735500
16.735500
16.735400
16.735400
16.735400
16.735400
16.735400
16.735300
16.735300
16.735300
16.735300
16.735200
16.735200
16.735200
16.735200
16.735200
16.735100
16.735100
16.735100
16.735100
16.735000
16.735000
16.735000
16.735000
16.735000
16.734900
16.734900
16.734900
16.734900
16.734800
16.734800
16.734800
16.734800
16.734700
16.734700
16.734700
16.734700
16.734700
16.734600
16.734600
16.734600
16.734600
16.734500
16.734500
16.734500
16.734500
16.734500
16.734400
16.734400
16.734400
16.734400
16.734300
16.734300
16.734300
16.734300
16.734200
16.734200
16.734200
16.734200
16.734200
16.734100
16.734100
16.734100
16.734100
16.734000
16.734000
16.734000
16.734000
16.733900
16.733900
16.733900
16.733900
16.733900
16.733800
16.733800
16.733800
16.733800
16.733700
16.733700
16.733700
16.733700
16.733700
16.733600
16.733600
16.733600
16.733600
16.733500
16.733500
16.733500
16.733500
16.733400
16.733400
16.733400
16.733400
16.733400
16.733300
16.733300
16.733300
16.733300
16.733200
16.733200
16.733200
16.733200
16.733100
16.733100
16.733100
16.733000
16.733200
16.735400
16.735400
16.735200
16.735000
16.734800
16.734600
16.734500
16.734300
16.734200
16.734000
16.733900
16.733800
16.733700
16.733600
16.733500
16.733400
16.733400
16.733300
16.733300
16.733200
16.733200
16.733200
16.733100
16.733100
16.733100
16.733100
16.733200
16.733200
16.733200
16.733200
16.733200
16.733300
16.733300
16.733300
16.733400
16.733400
16.733500
16.733500
16.733500
16.733600
16.733600
16.733700
16.733800
16.733800
16.733900
16.733900
16.734000
16.734000
16.734100
16.734200
16.734200
16.734300
16.734400
16.734400
16.734500
16.734600
16.734600
16.734700
16.734800
16.734800
16.734900
16.735000
16.735000
16.735100
16.735200
16.735300
16.735300
16.735400
16.735500
16.735600
16.735600
16.735700
16.735800
16.735800
16.735900
16.736000
16.736100
16.736100
16.736200
16.736300
16.736400
16.736400
16.736500
16.736600
16.736700
16.736700
16.736800
16.736900
16.736900
16.737000
16.737100
16.737200
16.737200
16.737300
16.737400
16.737400
16.737500
16.737600
16.737600
16.737700
16.737800
16.737900
16.737900
16.738000
16.738100
16.738100
16.738200
16.738300
16.738300
16.738400
16.738500
16.738500
16.738600
16.738700
16.738700
16.738800
16.738900
16.738900
16.739000
16.739100
16.739100
16.739200
16.739200
16.739300
16.739400
16.739400
16.739500
16.739500
16.739600
16.739700
16.739700
16.739800
16.739800
16.739900
16.740000
16.740000
16.740100
16.740100
16.740200
16.740300
16.740300
16.740400
16.740400
16.740500
16.740500
16.740600
16.740600
16.740700
16.740800
16.740800
16.740900
16.740900
16.741000
16.741000
16.741100
16.741100
16.741200
16.741200
16.741300
16.741300
16.741400
16.741400
16.741500
16.741500
16.741600
16.741600
16.741700
16.741700
16.741700
16.741800
16.741800
16.741900
16.741900
16.742000
16.742000
16.742100
16.742100
16.742200
16.742200
16.742200
16.742300
16.742300
16.742400
16.742400
16.742400
16.742500
16.742500
16.742600
16.742600
16.742600
16.742700
16.742700
16.742800
16.742800
16.742800
16.742900
16.742900
16.742900
16.743000
16.743000
16.743000
16.743100
16.743100
16.743200
16.743200
16.743200
16.743300
16.743300
16.743300
16.743300
16.743400
16.743400
16.743400
16.743500
16.743500
16.743500
16.743600
16.743600
16.743600
16.743600
16.743700
16.743700
16.743700
16.743800
16.743800
16.743800
16.743800
16.743900
16.743900
16.743900
16.743900
16.744000
16.744000
16.744000
16.744000
16.744100
16.744100
16.744100
16.744100
16.744200
16.744200
16.744200
16.744200
16.744200
16.744300
16.744300
16.744300
16.744300
16.744300
16.744400
16.744400
16.744400
16.744400
16.744400
16.744500
16.744500
16.744500
16.744500
16.744500
16.744500
16.744600
16.744600
16.744600
16.744600
16.744600
16.744600
16.744600
16.744700
16.744700
16.744700
16.744700
16.744700
16.744700
16.744700
16.744800
16.744800
16.744800
16.744800
16.744800
16.744800
16.744800
16.744800
16.744800
16.744900
16.744900
16.744900
16.744900
16.744900
16.744900
16.744900
16.744900
16.744900
16.744900
16.744900
16.745000
16.745000
16.745000
16.745000
16.745000
16.745000
16.745000
16.745000
16.745000
16.745000
16.745000
16.745000
16.745000
16.745000
16.745000
16.745000
16.745100
16.745100
16.745100
16.745100
16.745100
16.745100
16.745100
16.745100
16.745100
16.745100
16.745100
16.745100
16.745100
16.745100
16.745100
16.745100
16.745100
16.745100
16.745100
16.745100
16.745100
16.745100
16.745100
16.745100
16.745100
16.745100
16.745100
16.745100
16.745100
16.745100
16.745100
16.745100
16.745100
16.745100
16.745100
16.745100
16.745100
16.745100
16.745100
16.745100
16.745100
16.745100
16.745100
16.745100
16.745100
16.745100
16.745100
16.745100
16.745100
16.745100
16.745100
16.745100
16.745100
16.745000
16.745000
16.745000
16.745000
16.745000
16.745000
16.745000
16.745000
16.745000
16.745000
16.745000
16.745000
16.745000
16.745000
16.745000
16.745000
16.745000
16.745000
16.745000
16.744900
16.744900
16.744900
16.744900
16.744900
16.744900
16.744900
16.744900
16.744900
16.744900
16.744900
16.744900
16.744900
16.744900
16.744800
16.744800
16.744800
16.744800
16.744800
16.744800
16.744800
16.744800
16.744800
16.744800
16.744800
16.744800
16.744700
16.744700
16.744700
16.744700
16.744700
16.744700
16.744700
16.744700
16.744700
16.744700
16.744600
16.744600
16.744600
16.744600
16.744600
16.744600
16.744600
16.744600
16.744600
16.744600
16.744500
16.744500
16.744500
16.744500
16.744500
16.744500
16.744500
16.744500
16.744500
16.744400
16.744400
16.744400
16.744400
16.744400
16.744400
16.744400
16.744400
16.744300
16.744300
16.744300
16.744300
16.744300
16.744300
16.744300
16.744300
16.744200
16.744200
16.744200
16.744200
16.744200
16.744200
16.744200
16.744200
16.744100
16.744100
16.744100
16.744100
16.744100
16.744100
16.744100
16.744000
16.744000
16.744000
16.744000
16.744000
16.744000
16.744000
16.744000
16.743900
16.743900
16.743900
16.743900
16.743900
16.743900
16.743900
16.743800
16.743800
16.743800
16.743800
16.743800
16.743800
16.743700
16.743700
16.743700
16.743700
16.743700
16.743700
16.743700
16.743600
16.743600
16.743600
16.743600
16.743600
16.743600
16.743500
16.743500
16.743500
16.743500
16.743500
16.743500
16.743500
16.743400
16.743400
16.743400
16.743400
16.743400
16.743400
16.743300
16.743300
16.743300
16.743300
16.743300
16.743300
16.743200
16.743200
16.743200
16.743200
16.743200
16.743200
16.743100
16.743100
16.743100
16.743100
16.743100
16.743100
16.743000
16.743000
16.743000
16.743000
16.743000
16.743000
16.742900
16.742900
16.742900
16.742900
16.742900
16.742800
16.742800
16.742800
16.742800
16.742800
16.742800
16.742700
16.742700
16.742700
16.742700
16.742700
16.742700
16.742600
16.742600
16.742600
16.742600
16.742600
16.742500
16.742500
16.742500
16.742500
16.742500
16.742500
16.742400
16.742400
16.742400
16.742400
16.742400
16.742300
16.742300
16.742300
16.742300
16.742300
16.742300
16.742200
16.742200
16.742200
16.742200
16.742200
16.742100
16.742100
16.742100
16.742100
16.742100
16.742000
16.742000
16.742000
16.742000
16.742000
16.742000
16.741900
16.741900
16.741900
16.741900
16.741900
16.741800
16.741800
16.741800
16.741800
16.741800
16.741700
16.741700
16.741700
16.741700
16.741700
16.741600
16.741600
16.741600
16.741600
16.741600
16.741500
16.741500
16.741500
16.741500
16.741500
16.741400
16.741400
16.741400
16.741400
16.741400
16.741300
16.741300
16.741300
16.741300
16.741300
16.741200
16.741200
16.741200
16.741200
16.741200
16.741100
16.741100
16.741100
16.741100
16.741100
16.741000
16.741000
16.741000
16.741000
16.741000
16.740900
16.740900
16.740900
16.740900
16.740900
16.740800
16.740800
16.740800
16.740800
16.740800
16.740700
16.740700
16.740700
16.740700
16.740700
16.740600
16.740600
16.740600
16.740600
16.740600
16.740500
16.740500
16.740500
16.740500
16.740500
16.740400
16.740400
16.740400
16.740400
16.740400
16.740300
16.740300
16.740300
16.740300
16.740200
16.740200
16.740200
16.740200
16.740200
16.740100
16.740100
16.740100
16.740100
16.740100
16.740000
16.740000
16.740000
16.740000
16.740000
16.739900
16.739900
16.739900
16.739900
16.739800
16.739800
16.739800
16.739800
16.739800
16.739700
16.739700
16.739700
16.739700
16.739700
16.739600
16.739600
16.739600
16.739600
16.739600
16.739500
16.739500
16.739500
16.739500
16.739400
16.739400
16.739400
16.739400
16.739400
16.739300
16.739300
16.739300
16.739300
16.739300
16.739200
16.739200
16.739200
16.739200
16.739100
16.739100
16.739100
16.739100
16.739100
16.739000
16.739000
16.739000
16.739000
16.738900
16.738900
16.738900
16.738900
16.738900
16.738800
16.738800
16.738800
16.738800
16.738800
16.738700
16.738700
16.738700
16.738700
16.738600
16.738600
16.738600
16.738600
16.738600
16.738500
16.738500
16.738500
16.738500
16.738400
16.738400
16.738400
16.738400
16.738400
16.738300
16.738300
16.738300
16.738300
16.738300
16.738200
16.738200
16.738200
16.738200
16.738100
16.738100
16.738100
16.738100
16.738100
16.738000
16.738000
16.738000
16.738000
16.737900
16.737900
16.737900
16.737900
16.737900
16.737800
16.737800
16.737800
16.737800
16.737700
16.737700
16.737700
16.737700
16.737700
16.737600
16.737600
16.737600
16.737600
16.737500
16.737500
16.737500
16.737500
16.737500
16.737400
16.737400
16.737400
16.737400
16.737300
16.737300
16.737300
16.737300
16.737300
16.737200
16.737200
16.737200
16.737200
16.737100
16.737100
16.737100
16.737100
16.737100
16.737000
16.737000
16.737000
16.737000
16.736900
16.736900
16.736900
16.736900
16.736900
16.736800
16.736800
16.736800
16.736800
16.736700
16.736700
16.736700
16.736700
16.736700
16.736600
16.736600
16.736600
16.736600
16.736500
16.736500
16.736500
16.736500
16.736500
16.736400
16.736400
16.736400
16.736400
16.736300
16.736300
16.736300
16.736300
16.736300
16.736200
16.736200
16.736200
16.736200
16.736100
16.736100
16.736100
16.736100
16.736000
16.736000
16.736000
16.736000
16.736000
16.735900
16.735900
16.735900
16.735900
16.735800
16.735800
16.735800
16.735800
16.735800
16.735700
16.735700
16.735700
16.735700
16.735600
16.735600
16.735600
16.735600
16.735600
16.735500
16.735500
16.735500
16.735500
16.735400
16.735400
16.735400
16.735400
16.735300
16.735300
16.735300
16.735300
16.735300
16.735200
16.735200
16.735200
16.735200
16.735100
16.735100
16.735100
16.735100
16.735100
16.735000
16.735000
16.735000
16.735000
16.734900
16.734900
16.734900
16.734900
16.734900
16.734800
16.734800
16.734800
16.734800
16.734700
16.734700
16.734700
16.734700
16.734600
16.734600
16.734600
16.734600
16.734600
16.734500
16.734500
16.734500
16.734500
16.734400
16.734400
16.734400
16.734400
16.734300
16.734300
16.734300
16.734300
16.734300
16.734200
16.734200
16.734200
16.734200
16.734100
16.734100
16.734100
16.734100
16.734100
16.734000
16.734000
16.734000
16.734000
16.733900
16.733900
16.733900
16.733900
16.733800
16.733800
16.733800
16.733800
16.733800
16.733700
16.733700
16.733700
16.733700
16.733600
16.733600
16.733600
16.733600
16.733600
16.733500
16.733500
16.733500
16.733500
16.733400
16.733400
16.733400
16.733400
16.733300
16.733300
16.733300
16.733300
16.733300
16.733200
16.733200
16.733200
16.733100
16.733100
16.733300
16.735400
16.735400
16.735200
16.735100
16.734900
16.734700
16.734500
16.734400
16.734200
16.734100
16.734000
16.733900
16.733800
16.733700
16.733600
16.733500
16.733400
16.733400
16.733300
16.733300
16.733200
16.733200
16.733200
16.733200
16.733200
16.733200
16.733200
16.733200
16.733200
16.733300
16.733300
16.733300
16.733400
16.733400
16.733400
16.733500
16.733500
16.733600
16.733600
16.733700
16.733700
16.733800
16.733800
16.733900
16.733900
16.734000
16.734000
16.734100
16.734200
16.734200
16.734300
16.734300
16.734400
16.734500
16.734500
16.734600
16.734700
16.734800
16.734800
16.734900
16.735000
16.735000
16.735100
16.735200
16.735200
16.735300
16.735400
16.735500
16.735500
16.735600
16.735700
16.735800
16.735800
16.735900
16.736000
16.736100
16.736100
16.736200
16.736300
16.736300
16.736400
16.736500
16.736600
16.736600
16.736700
16.736800
16.736900
16.736900
16.737000
16.737100
16.737100
16.737200
16.737300
16.737400
16.737400
16.737500
16.737600
16.737600
16.737700
16.737800
16.737800
16.737900
16.738000
16.738100
16.738100
16.738200
16.738300
16.738300
16.738400
16.738500
16.738500
16.738600
16.738700
16.738700
16.738800
16.738900
16.738900
16.739000
16.739000
16.739100
16.739200
16.739200
16.739300
16.739400
16.739400
16.739500
16.739500
16.739600
16.739700
16.739700
16.739800
16.739800
16.739900
16.740000
16.740000
16.740100
16.740100
16.740200
16.740300
16.740300
16.740400
16.740400
16.740500
16.740500
16.740600
16.740600
16.740700
16.740800
16.740800
16.740900
16.740900
16.741000
16.741000
16.741100
16.741100
16.741200
16.741200
16.741300
16.741300
16.741400
16.741400
16.741500
16.741500
16.741600
16.741600
16.741700
16.741700
16.741800
16.741800
16.741900
16.741900
16.741900
16.742000
16.742000
16.742100
16.742100
16.742200
16.742200
16.742300
16.742300
16.742300
16.742400
16.742400
16.742500
16.742500
16.742500
16.742600
16.742600
16.742700
16.742700
16.742700
16.742800
16.742800
16.742900
16.742900
16.742900
16.743000
16.743000
16.743000
16.743100
16.743100
16.743100
16.743200
16.743200
16.743200
16.743300
16.743300
16.743300
16.743400
16.743400
16.743400
16.743500
16.743500
16.743500
16.743600
16.743600
16.743600
16.743600
16.743700
16.743700
16.743700
16.743800
16.743800
16.743800
16.743800
16.743900
16.743900
16.743900
16.743900
16.744000
16.744000
16.744000
16.744000
16.744100
16.744100
16.744100
16.744100
16.744200
16.744200
16.744200
16.744200
16.744300
16.744300
16.744300
16.744300
16.744300
16.744400
16.744400
16.744400
16.744400
16.744400
16.744500
16.744500
16.744500
16.744500
16.744500
16.744500
16.744600
16.744600
16.744600
16.744600
16.744600
16.744600
16.744700
16.744700
16.744700
16.744700
16.744700
16.744700
16.744700
16.744800
16.744800
16.744800
16.744800
16.744800
16.744800
16.744800
16.744800
16.744900
16.744900
16.744900
16.744900
16.744900
16.744900
16.744900
16.744900
16.744900
16.745000
16.745000
16.745000
16.745000
16.745000
16.745000
16.745000
16.745000
16.745000
16.745000
16.745000
16.745000
16.745000
16.745100
16.745100
16.745100
16.745100
16.745100
16.745100
16.745100
16.745100
16.745100
16.745100
16.745100
16.745100
16.745100
16.745100
16.745100
16.745100
16.745100
16.745100
16.745100
16.745100
16.745100
16.745100
16.745200
16.745200
16.745200
16.745200
16.745200
16.745200
16.745200
16.745200
16.745200
16.745200
16.745200
16.745200
16.745200
16.745200
16.745200
16.745200
16.745200
16.745200
16.745200
16.745200
16.745200
16.745200
16.745200
16.745200
16.745200
16.745200
16.745200
16.745200
16.745100
16.745100
16.745100
16.745100
16.745100
16.745100
16.745100
16.745100
16.745100
16.745100
16.745100
16.745100
16.745100
16.745100
16.745100
16.745100
16.745100
16.745100
16.745100
16.745100
16.745100
16.745100
16.745100
16.745100
16.745100
16.745000
16.745000
16.745000
16.745000
16.745000
16.745000
16.745000
16.745000
16.745000
16.745000
16.745000
16.745000
16.745000
16.745000
16.745000
16.745000
16.744900
16.744900
16.744900
16.744900
16.744900
16.744900
16.744900
16.744900
16.744900
16.744900
16.744900
16.744900
16.744800
16.744800
16.744800
16.744800
16.744800
16.744800
16.744800
16.744800
16.744800
16.744800
16.744800
16.744700
16.744700
16.744700
16.744700
16.744700
16.744700
16.744700
16.744700
16.744700
16.744700
16.744600
16.744600
16.744600
16.744600
16.744600
16.744600
16.744600
16.744600
16.744600
16.744500
16.744500
16.744500
16.744500
16.744500
16.744500
16.744500
16.744500
16.744500
16.744400
16.744400
16.744400
16.744400
16.744400
16.744400
16.744400
16.744400
16.744300
16.744300
16.744300
16.744300
16.744300
16.744300
16.744300
16.744300
16.744200
16.744200
16.744200
16.744200
16.744200
16.744200
16.744200
16.744100
16.744100
16.744100
16.744100
16.744100
16.744100
16.744100
16.744100
16.744000
16.744000
16.744000
16.744000
16.744000
16.744000
16.744000
16.743900
16.743900
16.743900
16.743900
16.743900
16.743900
16.743800
16.743800
16.743800
16.743800
16.743800
16.743800
16.743800
16.743700
16.743700
16.743700
16.743700
16.743700
16.743700
16.743700
16.743600
16.743600
16.743600
16.743600
16.743600
16.743600
16.743500
16.743500
16.743500
16.743500
16.743500
16.743500
16.743400
16.743400
16.743400
16.743400
16.743400
16.743400
16.743300
16.743300
16.743300
16.743300
16.743300
16.743300
16.743200
16.743200
16.743200
16.743200
16.743200
16.743200
16.743100
16.743100
16.743100
16.743100
16.743100
16.743100
16.743000
16.743000
16.743000
16.743000
16.743000
16.743000
16.742900
16.742900
16.742900
16.742900
16.742900
16.742900
16.742800
16.742800
16.742800
16.742800
16.742800
16.742700
16.742700
16.742700
16.742700
16.742700
16.742700
16.742600
16.742600
16.742600
16.742600
16.742600
16.742500
16.742500
16.742500
16.742500
16.742500
16.742500
16.742400
16.742400
16.742400
16.742400
16.742400
16.742300
16.742300
16.742300
16.742300
16.742300
16.742300
16.742200
16.742200
16.742200
16.742200
16.742200
16.742100
16.742100
16.742100
16.742100
16.742100
16.742000
16.742000
16.742000
16.742000
16.742000
16.742000
16.741900
16.741900
16.741900
16.741900
16.741900
16.741800
16.741800
16.741800
16.741800
16.741800
16.741700
16.741700
16.741700
16.741700
16.741700
16.741600
16.741600
16.741600
16.741600
16.741600
16.741500
16.741500
16.741500
16.741500
16.741500
16.741400
16.741400
16.741400
16.741400
16.741400
16.741300
16.741300
16.741300
16.741300
16.741300
16.741200
16.741200
16.741200
16.741200
16.741200
16.741100
16.741100
16.741100
16.741100
16.741100
16.741000
16.741000
16.741000
16.741000
16.741000
16.740900
16.740900
16.740900
16.740900
16.740900
16.740800
16.740800
16.740800
16.740800
16.740800
16.740700
16.740700
16.740700
16.740700
16.740700
16.740600
16.740600
16.740600
16.740600
16.740600
16.740500
16.740500
16.740500
16.740500
16.740400
16.740400
16.740400
16.740400
16.740400
16.740300
16.740300
16.740300
16.740300
16.740300
16.740200
16.740200
16.740200
16.740200
16.740200
16.740100
16.740100
16.740100
16.740100
16.740100
16.740000
16.740000
16.740000
16.740000
16.739900
16.739900
16.739900
16.739900
16.739900
16.739800
16.739800
16.739800
16.739800
16.739800
16.739700
16.739700
16.739700
16.739700
16.739700
16.739600
16.739600
16.739600
16.739600
16.739500
16.739500
16.739500
16.739500
16.739500
16.739400
16.739400
16.739400
16.739400
16.739400
16.739300
16.739300
16.739300
16.739300
16.739200
16.739200
16.739200
16.739200
16.739200
16.739100
16.739100
16.739100
16.739100
16.739100
16.739000
16.739000
16.739000
16.739000
16.738900
16.738900
16.738900
16.738900
16.738900
16.738800
16.738800
16.738800
16.738800
16.738700
16.738700
16.738700
16.738700
16.738700
16.738600
16.738600
16.738600
16.738600
16.738600
16.738500
16.738500
16.738500
16.738500
16.738400
16.738400
16.738400
16.738400
16.738400
16.738300
16.738300
16.738300
16.738300
16.738200
16.738200
16.738200
16.738200
16.738200
16.738100
16.738100
16.738100
16.738100
16.738000
16.738000
16.738000
16.738000
16.738000
16.737900
16.737900
16.737900
16.737900
16.737800
16.737800
16.737800
16.737800
16.737800
16.737700
16.737700
16.737700
16.737700
16.737600
16.737600
16.737600
16.737600
16.737600
16.737500
16.737500
16.737500
16.737500
16.737500
16.737400
16.737400
16.737400
16.737400
16.737300
16.737300
16.737300
16.737300
16.737200
16.737200
16.737200
16.737200
16.737200
16.737100
16.737100
16.737100
16.737100
16.737000
16.737000
16.737000
16.737000
16.737000
16.736900
16.736900
16.736900
16.736900
16.736800
16.736800
16.736800
16.736800
16.736800
16.736700
16.736700
16.736700
16.736700
16.736600
16.736600
16.736600
16.736600
16.736600
16.736500
16.736500
16.736500
16.736500
16.736400
16.736400
16.736400
16.736400
16.736400
16.736300
16.736300
16.736300
16.736300
16.736200
16.736200
16.736200
16.736200
16.736200
16.736100
16.736100
16.736100
16.736100
16.736000
16.736000
16.736000
16.736000
16.735900
16.735900
16.735900
16.735900
16.735900
16.735800
16.735800
16.735800
16.735800
16.735700
16.735700
16.735700
16.735700
16.735700
16.735600
16.735600
16.735600
16.735600
16.735500
16.735500
16.735500
16.735500
16.735500
16.735400
16.735400
16.735400
16.735400
16.735300
16.735300
16.735300
16.735300
16.735200
16.735200
16.735200
16.735200
16.735200
16.735100
16.735100
16.735100
16.735100
16.735000
16.735000
16.735000
16.735000
16.735000
16.734900
16.734900
16.734900
16.734900
16.734800
16.734800
16.734800
16.734800
16.734700
16.734700
16.734700
16.734700
16.734700
16.734600
16.734600
16.734600
16.734600
16.734500
16.734500
16.734500
16.734500
16.734500
16.734400
16.734400
16.734400
16.734400
16.734300
16.734300
16.734300
16.734300
16.734200
16.734200
16.734200
16.734200
16.734200
16.734100
16.734100
16.734100
16.734100
16.734000
16.734000
16.734000
16.734000
16.734000
16.733900
16.733900
16.733900
16.733900
16.733800
16.733800
16.733800
16.733800
16.733700
16.733700
16.733700
16.733700
16.733700
16.733600
16.733600
16.733600
16.733600
16.733500
16.733500
16.733500
16.733500
16.733400
16.733400
16.733400
16.733400
16.733400
16.733300
16.733300
16.733300
