0.086441
0.086531
0.086895
0.087743
0.089534
0.093801
0.353863
0.343792
0.336706
0.367585
0.424363
0.523418
0.658424
0.790129
0.901953
0.991563
1.061430
1.114790
1.154650
1.183870
1.205130
1.220740
1.232360
1.240860
1.246340
1.248560
1.247510
1.243770
1.238270
1.231880
1.225140
1.218300
1.211470
1.204650
1.197820
1.190970
1.184070
1.177120
1.170120
1.163060
1.155950
1.148790
1.141580
1.134320
1.127030
1.119690
1.112320
1.104920
1.097490
1.090040
1.082570
1.075090
1.067590
1.060090
1.052580
1.045070
1.037560
1.030050
1.022550
1.015060
1.007580
1.000110
0.992653
0.985214
0.977793
0.970393
0.963014
0.955657
0.948326
0.941019
0.933740
0.926490
0.919268
0.912077
0.904918
0.897791
0.890697
0.883637
0.876613
0.869624
0.862672
0.855757
0.848881
0.842042
0.835243
0.828484
0.821765
0.815087
0.808450
0.801855
0.795302
0.788791
0.782323
0.775899
0.769518
0.763180
0.756887
0.750638
0.744434
0.738274
0.732160
0.726091
0.720067
0.714089
0.708156
0.702269
0.696428
0.690633
0.684885
0.679183
0.673526
0.667916
0.662352
0.656835
0.651364
0.645939
0.640561
0.635229
0.629943
0.624704
0.619511
0.614363
0.609262
0.604207
0.599198
0.594234
0.589316
0.584444
0.579617
0.574835
0.570098
0.565406
0.560759
0.556157
0.551599
0.547085
0.542615
0.538189
0.533806
0.529467
0.525171
0.520918
0.516708
0.512540
0.508414
0.504330
0.500287
0.496286
0.492326
0.488407
0.484528
0.480690
0.476892
0.473133
0.469414
0.465733
0.462092
0.458488
0.454924
0.451396
0.447907
0.444454
0.441039
0.437659
0.434317
0.431010
0.427738
0.424502
0.421301
0.418134
0.415002
0.411903
0.408838
0.405807
0.402808
0.399842
0.396908
0.394006
0.391136
0.388297
0.385488
0.382711
0.379964
0.377247
0.374559
0.371901
0.369272
0.366671
0.364099
0.361555
0.359038
0.356549
0.354087
0.351652
0.349244
0.346861
0.344505
0.342174
0.339868
0.337587
0.335332
0.333100
0.330893
0.328709
0.326549
0.324412
0.322299
0.320208
0.318139
0.316093
0.314069
0.312066
0.310084
0.308124
0.306185
0.304266
0.302368
0.300490
0.298631
0.296793
0.294973
0.293173
0.291392
0.289630
0.287886
0.286160
0.284452
0.282763
0.281090
0.279436
0.277798
0.276177
0.274573
0.272986
0.271415
0.269860
0.268321
0.266798
0.265290
0.263798
0.262321
0.260859
0.259412
0.257979
0.256561
0.255157
0.253768
0.252392
0.251031
0.249682
0.248348
0.247026
0.245718
0.244423
0.243141
0.241871
0.240614
0.239369
0.238136
0.236916
0.235708
0.234511
0.233326
0.232153
0.230991
0.229840
0.228700
0.227572
0.226454
0.225347
0.224251
0.223165
0.222090
0.221025
0.219970
0.218925
0.217890
0.216865
0.215850
0.214844
0.213848
0.212861
0.211883
0.210915
0.209955
0.209005
0.208063
0.207130
0.206206
0.205290
0.204383
0.203484
0.202593
0.201711
0.200837
0.199970
0.199112
0.198261
0.197419
0.196583
0.195756
0.194936
0.194123
0.193318
0.192520
0.191729
0.190945
0.190168
0.189398
0.188635
0.187879
0.187129
0.186386
0.185650
0.184920
0.184196
0.183479
0.182768
0.182064
0.181365
0.180673
0.179987
0.179306
0.178632
0.177963
0.177300
0.176643
0.175992
0.175346
0.174705
0.174070
0.173441
0.172817
0.172198
0.171584
0.170976
0.170373
0.169775
0.169182
0.168593
0.168010
0.167432
0.166858
0.166290
0.165726
0.165166
0.164612
0.164062
0.163516
0.162975
0.162439
0.161906
0.161379
0.160855
0.160336
0.159821
0.159310
0.158804
0.158301
0.157803
0.157308
0.156818
0.156331
0.155849
0.155370
0.154895
0.154424
0.153956
0.153493
0.153033
0.152576
0.152124
0.151675
0.151229
0.150787
0.150348
0.149913
0.149481
0.149053
0.148628
0.148206
0.147788
0.147372
0.146960
0.146552
0.146146
0.145743
0.145344
0.144948
0.144554
0.144164
0.143777
0.143392
0.143011
0.142632
0.142256
0.141884
0.141513
0.141146
0.140782
0.140420
0.140061
0.139705
0.139351
0.139000
0.138651
0.138306
0.137962
0.137622
0.137284
0.136948
0.136615
0.136284
0.135956
0.135630
0.135306
0.134985
0.134666
0.134350
0.134036
0.133724
0.133414
0.133107
0.132802
0.132499
0.132198
0.131899
0.131603
0.131309
0.131017
0.130727
0.130438
0.130153
0.129869
0.129587
0.129307
0.129029
0.128753
0.128479
0.128207
0.127937
0.127669
0.127402
0.127138
0.126875
0.126615
0.126356
0.126099
0.125843
0.125590
0.125338
0.125088
0.124840
0.124593
0.124348
0.124105
0.123864
0.123624
0.123386
0.123149
0.122914
0.122681
0.122449
0.122219
0.121990
0.121764
0.121538
0.121314
0.121092
0.120871
0.120652
0.120434
0.120217
0.120002
0.119789
0.119577
0.119366
0.119157
0.118949
0.118742
0.118537
0.118334
0.118131
0.117930
0.117731
0.117532
0.117335
0.117140
0.116945
0.116752
0.116560
0.116370
0.116181
0.115992
0.115806
0.115620
0.115436
0.115252
0.115070
0.114890
0.114710
0.114532
0.114354
0.114178
0.114003
0.113830
0.113657
0.113485
0.113315
0.113145
0.112977
0.112810
0.112644
0.112479
0.112315
0.112152
0.111990
0.111829
0.111669
0.111511
0.111353
0.111196
0.111040
0.110886
0.110732
0.110579
0.110427
0.110276
0.110126
0.109977
0.109829
0.109682
0.109536
0.109391
0.109247
0.109103
0.108961
0.108819
0.108678
0.108539
0.108400
0.108262
0.108124
0.107988
0.107853
0.107718
0.107584
0.107451
0.107319
0.107188
0.107057
0.106927
0.106798
0.106670
0.106543
0.106417
0.106291
0.106166
0.106042
0.105918
0.105796
0.105674
0.105552
0.105432
0.105312
0.105193
0.105075
0.104958
0.104841
0.104725
0.104610
0.104495
0.104381
0.104268
0.104155
0.104043
0.103932
0.103822
0.103712
0.103603
0.103494
0.103386
0.103279
0.103172
0.103067
0.102961
0.102857
0.102753
0.102649
0.102546
0.102444
0.102343
0.102242
0.102142
0.102042
0.101943
0.101844
0.101746
0.101649
0.101552
0.101456
0.101361
0.101265
0.101171
0.101077
0.100984
0.100891
0.100799
0.100707
0.100616
0.100525
0.100435
0.100346
0.100257
0.100168
0.100080
0.099993
0.099906
0.099820
0.099734
0.099648
0.099564
0.099479
0.099395
0.099312
0.099229
0.099147
0.099065
0.098983
0.098902
0.098822
0.098742
0.098662
0.098583
0.098505
0.098427
0.098349
0.098272
0.098195
0.098119
0.098043
0.097967
0.097892
0.097818
0.097743
0.097670
0.097596
0.097524
0.097451
0.097379
0.097308
0.097236
0.097166
0.097095
0.097025
0.096956
0.096887
0.096818
0.096750
0.096682
0.096614
0.096547
0.096480
0.096414
0.096348
0.096282
0.096217
0.096152
0.096087
0.096023
0.095960
0.095896
0.095833
0.095771
0.095708
0.095646
0.095585
0.095523
0.095463
0.095402
0.095342
0.095282
0.095223
0.095163
0.095105
0.095046
0.094988
0.094930
0.094873
0.094815
0.094759
0.094702
0.094646
0.094590
0.094534
0.094479
0.094424
0.094370
0.094315
0.094262
0.094208
0.094154
0.094101
0.094049
0.093996
0.093944
0.093892
0.093840
0.093789
0.093738
0.093687
0.093637
0.093587
0.093537
0.093488
0.093438
0.093389
0.093340
0.093292
0.093244
0.093196
0.093148
0.093101
0.093054
0.093007
0.092960
0.092914
0.092868
0.092822
0.092777
0.092731
0.092686
0.092642
0.092597
0.092553
0.092509
0.092465
0.092421
0.092378
0.092335
0.092292
0.092250
0.092207
0.092165
0.092124
0.092082
0.092040
0.091999
0.091958
0.091918
0.091877
0.091837
0.091797
0.091757
0.091718
0.091678
0.091639
0.091600
0.091562
0.091523
0.091485
0.091447
0.091409
0.091372
0.091334
0.091297
0.091260
0.091223
0.091187
0.091150
0.091114
0.091078
0.091042
0.091007
0.090971
0.090936
0.090901
0.090867
0.090832
0.090798
0.090763
0.090729
0.090696
0.090662
0.090629
0.090595
0.090562
0.090529
0.090497
0.090464
0.090432
0.090400
0.090368
0.090336
0.090304
0.090273
0.090242
0.090210
0.090179
0.090149
0.090118
0.090088
0.090057
0.090027
0.089997
0.089968
0.089938
0.089909
0.089880
0.089850
0.089821
0.089793
0.089764
0.089736
0.089707
0.089679
0.089651
0.089623
0.089596
0.089568
0.089541
0.089514
0.089487
0.089460
0.089433
0.089406
0.089380
0.089354
0.089327
0.089301
0.089275
0.089250
0.089224
0.089199
0.089173
0.089148
0.089123
0.089098
0.089073
0.089049
0.089025
0.089000
0.088976
0.088952
0.088928
0.088904
0.088880
0.088857
0.088833
0.088810
0.088787
0.088764
0.088741
0.088718
0.088696
0.088673
0.088651
0.088628
0.088606
0.088584
0.088562
0.088541
0.088519
0.088497
0.088476
0.088455
0.088434
0.088412
0.088391
0.088371
0.088350
0.088329
0.088309
0.088288
0.088268
0.088248
0.088228
0.088208
0.088188
0.088168
0.088149
0.088129
0.088110
0.088091
0.088072
0.088053
0.088034
0.088015
0.087996
0.087977
0.087959
0.087940
0.087922
0.087904
0.087886
0.087868
0.087850
0.087832
0.087814
0.087797
0.087779
0.087762
0.087744
0.087727
0.087710
0.087693
0.087676
0.087659
0.087642
0.087626
0.087609
0.087593
0.087576
0.087560
0.087544
0.087527
0.087511
0.087495
0.087480
0.087464
0.087448
0.087433
0.087417
0.087402
0.087386
0.087371
0.087356
0.087341
0.087326
0.087311
0.087296
0.087281
0.087267
0.087252
0.087238
0.087223
0.087209
0.087195
0.087180
0.087166
0.087152
0.087138
0.087125
0.087111
0.087097
0.087083
0.087070
0.087056
0.087043
0.087030
0.087016
0.087003
0.086990
0.086977
0.086964
0.086951
0.086938
0.086926
0.086913
0.086901
0.086888
0.086876
0.086863
0.086851
0.086839
0.086826
0.086814
0.086802
0.086790
0.086778
0.086766
0.086755
0.086743
0.086731
0.086720
0.086708
0.086697
0.086685
0.086674
0.086663
0.086652
0.086641
0.086630
0.086619
0.086608
0.086597
0.086586
0.086575
0.086565
0.086554
0.086543
0.086533
0.086522
0.086512
0.086502
0.086491
0.086481
0.086471
0.086461
0.086451
0.086441
0.086531
0.086895
0.087743
0.089534
0.093801
0.353928
0.343845
0.336750
0.367622
0.424403
0.523457
0.658473
0.790172
0.901994
0.991601
1.061470
1.114820
1.154680
1.183900
1.205160
1.220770
1.232390
1.240890
1.246370
1.248590
1.247540
1.243800
1.238300
1.231910
1.225170
1.218330
1.211500
1.204680
1.197850
1.191000
1.184100
1.177150
1.170150
1.163090
1.155980
1.148820
1.141610
1.134350
1.127060
1.119720
1.112350
1.104950
1.097520
1.090070
1.082600
1.075120
1.067620
1.060120
1.052610
1.045100
1.037590
1.030080
1.022580
1.015090
1.007610
1.000140
0.992681
0.985242
0.977822
0.970421
0.963042
0.955686
0.948354
0.941047
0.933768
0.926517
0.919296
0.912105
0.904945
0.897818
0.890724
0.883664
0.876640
0.869651
0.862699
0.855784
0.848907
0.842069
0.835270
0.828510
0.821791
0.815113
0.808476
0.801880
0.795327
0.788816
0.782348
0.775923
0.769542
0.763205
0.756911
0.750662
0.744458
0.738298
0.732184
0.726114
0.720090
0.714112
0.708179
0.702292
0.696451
0.690656
0.684907
0.679205
0.673548
0.667938
0.662374
0.656856
0.651385
0.645960
0.640582
0.635250
0.629964
0.624724
0.619531
0.614384
0.609282
0.604227
0.599218
0.594254
0.589336
0.584463
0.579636
0.574854
0.570117
0.565425
0.560778
0.556175
0.551617
0.547103
0.542633
0.538207
0.533824
0.529485
0.525189
0.520935
0.516725
0.512556
0.508431
0.504346
0.500304
0.496303
0.492342
0.488423
0.484544
0.480706
0.476907
0.473149
0.469429
0.465748
0.462107
0.458504
0.454938
0.451411
0.447921
0.444469
0.441053
0.437674
0.434331
0.431024
0.427752
0.424516
0.421314
0.418148
0.415015
0.411916
0.408851
0.405819
0.402821
0.399854
0.396920
0.394018
0.391148
0.388309
0.385500
0.382723
0.379976
0.377258
0.374571
0.371912
0.369283
0.366682
0.364110
0.361566
0.359049
0.356560
0.354098
0.351663
0.349254
0.346872
0.344515
0.342184
0.339878
0.337597
0.335341
0.333110
0.330902
0.328719
0.326559
0.324422
0.322308
0.320217
0.318148
0.316102
0.314078
0.312075
0.310093
0.308133
0.306194
0.304275
0.302376
0.300498
0.298640
0.296801
0.294982
0.293181
0.291400
0.289638
0.287894
0.286168
0.284460
0.282770
0.281098
0.279443
0.277805
0.276185
0.274581
0.272993
0.271422
0.269867
0.268328
0.266805
0.265297
0.263805
0.262328
0.260866
0.259418
0.257986
0.256568
0.255164
0.253774
0.252399
0.251037
0.249689
0.248354
0.247033
0.245724
0.244429
0.243147
0.241877
0.240620
0.239375
0.238142
0.236922
0.235713
0.234517
0.233332
0.232158
0.230996
0.229846
0.228706
0.227577
0.226460
0.225353
0.224256
0.223171
0.222095
0.221030
0.219975
0.218930
0.217895
0.216870
0.215855
0.214849
0.213853
0.212866
0.211888
0.210919
0.209960
0.209009
0.208068
0.207135
0.206210
0.205295
0.204387
0.203488
0.202598
0.201715
0.200841
0.199975
0.199116
0.198266
0.197423
0.196588
0.195760
0.194940
0.194127
0.193322
0.192524
0.191733
0.190949
0.190172
0.189402
0.188639
0.187882
0.187133
0.186390
0.185653
0.184923
0.184200
0.183483
0.182772
0.182067
0.181369
0.180676
0.179990
0.179310
0.178635
0.177967
0.177304
0.176646
0.175995
0.175349
0.174709
0.174074
0.173444
0.172820
0.172201
0.171588
0.170979
0.170376
0.169778
0.169185
0.168596
0.168013
0.167435
0.166861
0.166293
0.165729
0.165169
0.164615
0.164065
0.163519
0.162978
0.162441
0.161909
0.161381
0.160858
0.160339
0.159824
0.159313
0.158806
0.158304
0.157805
0.157311
0.156820
0.156334
0.155851
0.155372
0.154897
0.154426
0.153959
0.153495
0.153035
0.152579
0.152126
0.151677
0.151231
0.150789
0.150351
0.149915
0.149484
0.149055
0.148630
0.148208
0.147790
0.147375
0.146963
0.146554
0.146148
0.145746
0.145346
0.144950
0.144556
0.144166
0.143779
0.143394
0.143013
0.142634
0.142258
0.141885
0.141515
0.141148
0.140784
0.140422
0.140063
0.139706
0.139353
0.139002
0.138653
0.138307
0.137964
0.137623
0.137285
0.136950
0.136616
0.136286
0.135957
0.135631
0.135308
0.134987
0.134668
0.134351
0.134037
0.133725
0.133416
0.133108
0.132803
0.132500
0.132200
0.131901
0.131605
0.131310
0.131018
0.130728
0.130440
0.130154
0.129870
0.129588
0.129308
0.129030
0.128754
0.128481
0.128208
0.127938
0.127670
0.127404
0.127139
0.126877
0.126616
0.126357
0.126100
0.125845
0.125591
0.125339
0.125089
0.124841
0.124594
0.124350
0.124106
0.123865
0.123625
0.123387
0.123150
0.122915
0.122682
0.122450
0.122220
0.121992
0.121765
0.121539
0.121315
0.121093
0.120872
0.120653
0.120435
0.120218
0.120003
0.119790
0.119578
0.119367
0.119158
0.118950
0.118744
0.118538
0.118335
0.118132
0.117931
0.117732
0.117533
0.117336
0.117141
0.116946
0.116753
0.116561
0.116371
0.116181
0.115993
0.115807
0.115621
0.115437
0.115253
0.115071
0.114891
0.114711
0.114533
0.114355
0.114179
0.114004
0.113830
0.113658
0.113486
0.113316
0.113146
0.112978
0.112811
0.112645
0.112480
0.112316
0.112153
0.111991
0.111830
0.111670
0.111511
0.111354
0.111197
0.111041
0.110886
0.110733
0.110580
0.110428
0.110277
0.110127
0.109978
0.109830
0.109683
0.109537
0.109392
0.109247
0.109104
0.108962
0.108820
0.108679
0.108539
0.108400
0.108262
0.108125
0.107989
0.107853
0.107719
0.107585
0.107452
0.107320
0.107188
0.107058
0.106928
0.106799
0.106671
0.106544
0.106417
0.106291
0.106166
0.106042
0.105919
0.105796
0.105674
0.105553
0.105433
0.105313
0.105194
0.105076
0.104958
0.104842
0.104726
0.104610
0.104496
0.104382
0.104268
0.104156
0.104044
0.103933
0.103822
0.103712
0.103603
0.103495
0.103387
0.103280
0.103173
0.103067
0.102962
0.102857
0.102753
0.102650
0.102547
0.102445
0.102343
0.102242
0.102142
0.102042
0.101943
0.101845
0.101747
0.101650
0.101553
0.101457
0.101361
0.101266
0.101172
0.101078
0.100984
0.100891
0.100799
0.100708
0.100616
0.100526
0.100436
0.100346
0.100257
0.100169
0.100081
0.099993
0.099906
0.099820
0.099734
0.099649
0.099564
0.099480
0.099396
0.099312
0.099229
0.099147
0.099065
0.098984
0.098903
0.098822
0.098742
0.098663
0.098584
0.098505
0.098427
0.098349
0.098272
0.098195
0.098119
0.098043
0.097967
0.097892
0.097818
0.097744
0.097670
0.097597
0.097524
0.097451
0.097379
0.097308
0.097237
0.097166
0.097096
0.097026
0.096956
0.096887
0.096818
0.096750
0.096682
0.096614
0.096547
0.096481
0.096414
0.096348
0.096283
0.096217
0.096152
0.096088
0.096024
0.095960
0.095897
0.095834
0.095771
0.095709
0.095647
0.095585
0.095524
0.095463
0.095402
0.095342
0.095282
0.095223
0.095164
0.095105
0.095046
0.094988
0.094930
0.094873
0.094816
0.094759
0.094702
0.094646
0.094590
0.094535
0.094479
0.094425
0.094370
0.094316
0.094262
0.094208
0.094155
0.094102
0.094049
0.093996
0.093944
0.093892
0.093841
0.093789
0.093738
0.093688
0.093637
0.093587
0.093537
0.093488
0.093438
0.093389
0.093341
0.093292
0.093244
0.093196
0.093148
0.093101
0.093054
0.093007
0.092961
0.092914
0.092868
0.092822
0.092777
0.092731
0.092686
0.092642
0.092597
0.092553
0.092509
0.092465
0.092422
0.092378
0.092335
0.092292
0.092250
0.092208
0.092166
0.092124
0.092082
0.092041
0.092000
0.091959
0.091918
0.091878
0.091837
0.091797
0.091758
0.091718
0.091679
0.091639
0.091601
0.091562
0.091524
0.091485
0.091447
0.091409
0.091372
0.091334
0.091297
0.091260
0.091223
0.091187
0.091150
0.091114
0.091078
0.091043
0.091007
0.090972
0.090937
0.090901
0.090867
0.090832
0.090798
0.090764
0.090730
0.090696
0.090662
0.090629
0.090595
0.090562
0.090529
0.090497
0.090464
0.090432
0.090400
0.090368
0.090336
0.090304
0.090273
0.090242
0.090210
0.090180
0.090149
0.090118
0.090088
0.090058
0.090028
0.089998
0.089968
0.089938
0.089909
0.089880
0.089850
0.089822
0.089793
0.089764
0.089736
0.089707
0.089679
0.089651
0.089623
0.089596
0.089568
0.089541
0.089514
0.089487
0.089460
0.089433
0.089406
0.089380
0.089354
0.089328
0.089301
0.089276
0.089250
0.089224
0.089199
0.089174
0.089148
0.089123
0.089098
0.089074
0.089049
0.089025
0.089000
0.088976
0.088952
0.088928
0.088904
0.088881
0.088857
0.088833
0.088810
0.088787
0.088764
0.088741
0.088718
0.088696
0.088673
0.088651
0.088628
0.088606
0.088584
0.088563
0.088541
0.088519
0.088497
0.088476
0.088455
0.088434
0.088413
0.088391
0.088371
0.088350
0.088329
0.088309
0.088289
0.088268
0.088248
0.088228
0.088208
0.088188
0.088169
0.088149
0.088129
0.088110
0.088091
0.088072
0.088053
0.088034
0.088015
0.087996
0.087977
0.087959
0.087940
0.087922
0.087904
0.087886
0.087868
0.087850
0.087832
0.087814
0.087797
0.087779
0.087762
0.087744
0.087727
0.087710
0.087693
0.087676
0.087659
0.087642
0.087626
0.087609
0.087593
0.087576
0.087560
0.087544
0.087527
0.087512
0.087496
0.087480
0.087464
0.087448
0.087433
0.087417
0.087402
0.087386
0.087371
0.087356
0.087341
0.087326
0.087311
0.087296
0.087281
0.087267
0.087252
0.087238
0.087223
0.087209
0.087195
0.087180
0.087166
0.087152
0.087138
0.087125
0.087111
0.087097
0.087083
0.087070
0.087056
0.087043
0.087030
0.087016
0.087003
0.086990
0.086977
0.086964
0.086951
0.086938
0.086926
0.086913
0.086901
0.086888
0.086876
0.086863
0.086851
0.086839
0.086826
0.086814
0.086802
0.086790
0.086778
0.086767
0.086755
0.086743
0.086732
0.086720
0.086708
0.086697
0.086686
0.086674
0.086663
0.086652
0.086641
0.086630
0.086619
0.086608
0.086597
0.086586
0.086575
0.086565
0.086554
0.086543
0.086533
0.086522
0.086512
0.086502
0.086491
0.086481
0.086471
0.086461
0.086451
0.086441
0.086531
0.086895
0.087743
0.089533
0.093800
0.353843
0.343760
0.336673
0.367552
0.424331
0.523399
0.658412
0.790117
0.901943
0.991554
1.061430
1.114780
1.154650
1.183880
1.205140
1.220740
1.232360
1.240860
1.246350
1.248570
1.247520
1.243780
1.238280
1.231890
1.225140
1.218310
1.211480
1.204650
1.197830
1.190970
1.184070
1.177130
1.170120
1.163070
1.155960
1.148790
1.141580
1.134330
1.127030
1.119690
1.112320
1.104920
1.097500
1.090050
1.082580
1.075090
1.067600
1.060100
1.052590
1.045080
1.037560
1.030060
1.022560
1.015060
1.007580
1.000110
0.992657
0.985218
0.977798
0.970397
0.963018
0.955662
0.948330
0.941024
0.933745
0.926494
0.919273
0.912082
0.904922
0.897795
0.890702
0.883642
0.876617
0.869629
0.862677
0.855762
0.848885
0.842047
0.835248
0.828489
0.821770
0.815092
0.808455
0.801859
0.795306
0.788795
0.782328
0.775903
0.769522
0.763185
0.756891
0.750642
0.744438
0.738279
0.732164
0.726095
0.720071
0.714093
0.708160
0.702273
0.696432
0.690638
0.684889
0.679186
0.673530
0.667920
0.662356
0.656839
0.651368
0.645943
0.640565
0.635233
0.629947
0.624707
0.619514
0.614367
0.609266
0.604210
0.599201
0.594238
0.589320
0.584447
0.579620
0.574838
0.570102
0.565410
0.560763
0.556160
0.551602
0.547088
0.542618
0.538192
0.533809
0.529470
0.525174
0.520921
0.516711
0.512542
0.508416
0.504332
0.500290
0.496289
0.492329
0.488410
0.484531
0.480693
0.476894
0.473136
0.469416
0.465736
0.462094
0.458491
0.454926
0.451399
0.447909
0.444457
0.441041
0.437662
0.434319
0.431012
0.427741
0.424504
0.421303
0.418136
0.415004
0.411905
0.408841
0.405809
0.402810
0.399844
0.396910
0.394008
0.391138
0.388299
0.385490
0.382713
0.379966
0.377249
0.374561
0.371903
0.369273
0.366673
0.364101
0.361556
0.359040
0.356551
0.354089
0.351654
0.349245
0.346863
0.344506
0.342175
0.339870
0.337589
0.335333
0.333102
0.330894
0.328711
0.326551
0.324414
0.322300
0.320209
0.318141
0.316094
0.314070
0.312067
0.310086
0.308126
0.306186
0.304268
0.302369
0.300491
0.298633
0.296794
0.294975
0.293175
0.291394
0.289631
0.287887
0.286161
0.284454
0.282764
0.281092
0.279437
0.277799
0.276178
0.274574
0.272987
0.271416
0.269861
0.268322
0.266799
0.265291
0.263799
0.262322
0.260860
0.259413
0.257980
0.256562
0.255159
0.253769
0.252393
0.251032
0.249683
0.248349
0.247027
0.245719
0.244424
0.243141
0.241872
0.240615
0.239370
0.238137
0.236917
0.235708
0.234512
0.233327
0.232154
0.230992
0.229841
0.228701
0.227573
0.226455
0.225348
0.224252
0.223166
0.222091
0.221026
0.219971
0.218926
0.217891
0.216866
0.215851
0.214845
0.213849
0.212862
0.211884
0.210915
0.209956
0.209005
0.208064
0.207131
0.206206
0.205291
0.204384
0.203485
0.202594
0.201712
0.200837
0.199971
0.199113
0.198262
0.197419
0.196584
0.195757
0.194936
0.194124
0.193318
0.192520
0.191729
0.190945
0.190169
0.189399
0.188635
0.187879
0.187130
0.186387
0.185650
0.184920
0.184197
0.183480
0.182769
0.182064
0.181366
0.180674
0.179987
0.179307
0.178632
0.177964
0.177301
0.176644
0.175992
0.175346
0.174706
0.174071
0.173441
0.172817
0.172199
0.171585
0.170977
0.170373
0.169775
0.169182
0.168594
0.168011
0.167432
0.166859
0.166290
0.165726
0.165167
0.164612
0.164062
0.163517
0.162976
0.162439
0.161907
0.161379
0.160856
0.160336
0.159821
0.159311
0.158804
0.158301
0.157803
0.157309
0.156818
0.156332
0.155849
0.155370
0.154895
0.154424
0.153957
0.153493
0.153033
0.152577
0.152124
0.151675
0.151229
0.150787
0.150349
0.149914
0.149482
0.149053
0.148628
0.148207
0.147788
0.147373
0.146961
0.146552
0.146146
0.145744
0.145344
0.144948
0.144555
0.144164
0.143777
0.143393
0.143011
0.142632
0.142257
0.141884
0.141514
0.141147
0.140782
0.140420
0.140061
0.139705
0.139351
0.139000
0.138652
0.138306
0.137963
0.137622
0.137284
0.136948
0.136615
0.136284
0.135956
0.135630
0.135306
0.134985
0.134667
0.134350
0.134036
0.133724
0.133414
0.133107
0.132802
0.132499
0.132198
0.131900
0.131603
0.131309
0.131017
0.130727
0.130439
0.130153
0.129869
0.129587
0.129307
0.129029
0.128753
0.128479
0.128207
0.127937
0.127669
0.127403
0.127138
0.126876
0.126615
0.126356
0.126099
0.125844
0.125590
0.125338
0.125088
0.124840
0.124593
0.124348
0.124105
0.123864
0.123624
0.123386
0.123149
0.122914
0.122681
0.122449
0.122219
0.121991
0.121764
0.121538
0.121314
0.121092
0.120871
0.120652
0.120434
0.120217
0.120002
0.119789
0.119577
0.119366
0.119157
0.118949
0.118743
0.118538
0.118334
0.118132
0.117931
0.117731
0.117533
0.117336
0.117140
0.116945
0.116752
0.116561
0.116370
0.116181
0.115993
0.115806
0.115620
0.115436
0.115253
0.115071
0.114890
0.114710
0.114532
0.114355
0.114178
0.114004
0.113830
0.113657
0.113485
0.113315
0.113146
0.112977
0.112810
0.112644
0.112479
0.112315
0.112152
0.111990
0.111829
0.111670
0.111511
0.111353
0.111196
0.111041
0.110886
0.110732
0.110579
0.110427
0.110276
0.110127
0.109978
0.109830
0.109683
0.109536
0.109391
0.109247
0.109103
0.108961
0.108819
0.108679
0.108539
0.108400
0.108262
0.108125
0.107988
0.107853
0.107718
0.107584
0.107451
0.107319
0.107188
0.107057
0.106928
0.106799
0.106670
0.106543
0.106417
0.106291
0.106166
0.106042
0.105918
0.105796
0.105674
0.105553
0.105432
0.105312
0.105194
0.105075
0.104958
0.104841
0.104725
0.104610
0.104495
0.104381
0.104268
0.104155
0.104043
0.103932
0.103822
0.103712
0.103603
0.103494
0.103386
0.103279
0.103173
0.103067
0.102961
0.102857
0.102753
0.102649
0.102547
0.102444
0.102343
0.102242
0.102142
0.102042
0.101943
0.101844
0.101746
0.101649
0.101552
0.101456
0.101361
0.101266
0.101171
0.101077
0.100984
0.100891
0.100799
0.100707
0.100616
0.100525
0.100435
0.100346
0.100257
0.100168
0.100080
0.099993
0.099906
0.099820
0.099734
0.099649
0.099564
0.099479
0.099395
0.099312
0.099229
0.099147
0.099065
0.098983
0.098902
0.098822
0.098742
0.098662
0.098583
0.098505
0.098427
0.098349
0.098272
0.098195
0.098119
0.098043
0.097967
0.097892
0.097818
0.097743
0.097670
0.097597
0.097524
0.097451
0.097379
0.097308
0.097236
0.097166
0.097095
0.097025
0.096956
0.096887
0.096818
0.096750
0.096682
0.096614
0.096547
0.096480
0.096414
0.096348
0.096282
0.096217
0.096152
0.096088
0.096023
0.095960
0.095896
0.095833
0.095771
0.095708
0.095646
0.095585
0.095523
0.095463
0.095402
0.095342
0.095282
0.095223
0.095163
0.095105
0.095046
0.094988
0.094930
0.094873
0.094815
0.094759
0.094702
0.094646
0.094590
0.094534
0.094479
0.094424
0.094370
0.094315
0.094262
0.094208
0.094154
0.094101
0.094049
0.093996
0.093944
0.093892
0.093841
0.093789
0.093738
0.093687
0.093637
0.093587
0.093537
0.093488
0.093438
0.093389
0.093340
0.093292
0.093244
0.093196
0.093148
0.093101
0.093054
0.093007
0.092960
0.092914
0.092868
0.092822
0.092777
0.092731
0.092686
0.092642
0.092597
0.092553
0.092509
0.092465
0.092421
0.092378
0.092335
0.092292
0.092250
0.092207
0.092165
0.092124
0.092082
0.092040
0.091999
0.091958
0.091918
0.091877
0.091837
0.091797
0.091757
0.091718
0.091679
0.091639
0.091600
0.091562
0.091523
0.091485
0.091447
0.091409
0.091372
0.091334
0.091297
0.091260
0.091223
0.091187
0.091150
0.091114
0.091078
0.091042
0.091007
0.090971
0.090936
0.090901
0.090867
0.090832
0.090798
0.090763
0.090729
0.090696
0.090662
0.090629
0.090595
0.090562
0.090529
0.090497
0.090464
0.090432
0.090400
0.090368
0.090336
0.090304
0.090273
0.090242
0.090210
0.090179
0.090149
0.090118
0.090088
0.090057
0.090027
0.089997
0.089968
0.089938
0.089909
0.089880
0.089850
0.089821
0.089793
0.089764
0.089736
0.089707
0.089679
0.089651
0.089623
0.089596
0.089568
0.089541
0.089514
0.089487
0.089460
0.089433
0.089406
0.089380
0.089354
0.089327
0.089301
0.089275
0.089250
0.089224
0.089199
0.089173
0.089148
0.089123
0.089098
0.089073
0.089049
0.089024
0.089000
0.088976
0.088952
0.088928
0.088904
0.088880
0.088857
0.088833
0.088810
0.088787
0.088764
0.088741
0.088718
0.088696
0.088673
0.088651
0.088628
0.088606
0.088584
0.088562
0.088541
0.088519
0.088497
0.088476
0.088455
0.088434
0.088412
0.088391
0.088371
0.088350
0.088329
0.088309
0.088288
0.088268
0.088248
0.088228
0.088208
0.088188
0.088168
0.088149
0.088129
0.088110
0.088091
0.088072
0.088052
0.088034
0.088015
0.087996
0.087977
0.087959
0.087940
0.087922
0.087904
0.087886
0.087868
0.087850
0.087832
0.087814
0.087797
0.087779
0.087762
0.087744
0.087727
0.087710
0.087693
0.087676
0.087659
0.087642
0.087626
0.087609
0.087593
0.087576
0.087560
0.087544
0.087527
0.087511
0.087495
0.087480
0.087464
0.087448
0.087433
0.087417
0.087402
0.087386
0.087371
0.087356
0.087341
0.087326
0.087311
0.087296
0.087281
0.087267
0.087252
0.087238
0.087223
0.087209
0.087195
0.087180
0.087166
0.087152
0.087138
0.087124
0.087111
0.087097
0.087083
0.087070
0.087056
0.087043
0.087030
0.087016
0.087003
0.086990
0.086977
0.086964
0.086951
0.086938
0.086926
0.086913
0.086901
0.086888
0.086876
0.086863
0.086851
0.086838
0.086826
0.086814
0.086802
0.086790
0.086778
0.086766
0.086755
0.086743
0.086731
0.086720
0.086708
0.086697
0.086685
0.086674
0.086663
0.086652
0.086641
0.086630
0.086619
0.086608
0.086597
0.086586
0.086575
0.086565
0.086554
0.086543
0.086533
0.086522
0.086512
0.086502
0.086491
0.086481
0.086471
0.086461
0.086451
0.086441
