1.026220
1.024500
1.022790
1.021080
1.019380
1.017700
1.016060
1.015380
1.016460
1.019620
1.025480
1.035370
1.052170
1.081050
1.128840
1.202610
1.308090
1.448660
1.625020
1.835550
2.076910
2.344900
2.635000
2.942870
3.264560
3.596480
3.935310
4.278070
4.622070
4.965070
5.305260
5.641280
5.972170
6.297180
6.615860
6.927980
7.233300
7.531710
7.823260
8.107900
8.385740
8.656900
8.921390
9.179310
9.430860
9.676080
9.915110
10.148100
10.375100
10.596300
10.811700
11.021500
11.225800
11.424700
11.618200
11.806500
11.989700
12.167800
12.340900
12.509200
12.672600
12.831300
12.985400
13.134900
13.279900
13.420500
13.556700
13.688700
13.816400
13.939900
14.059400
14.174800
14.286100
14.393600
14.497200
14.597100
14.693200
14.785600
14.874500
14.959800
15.041500
15.119900
15.194800
15.266400
15.334600
15.399700
15.461500
15.520200
15.575800
15.628400
15.677900
15.724600
15.768300
15.809200
15.847200
15.882500
15.915100
15.945100
15.972400
15.997100
16.019300
16.039000
16.056300
16.071100
16.083600
16.093800
16.101600
16.107300
16.110700
16.112100
16.111300
16.108400
16.103500
16.096600
16.087700
16.076900
16.064200
16.049700
16.033400
16.015300
15.995400
15.973900
15.950800
15.925900
15.899500
15.871500
15.842100
15.811100
15.778700
15.744800
15.709500
15.672900
15.635000
15.595800
15.555300
15.513600
15.470600
15.426600
15.381300
15.335000
15.287500
15.239100
15.189600
15.139100
15.087700
15.035300
14.982000
14.927800
14.872800
14.816900
14.760200
14.702800
14.644500
14.585600
14.526000
14.465700
14.404700
14.343100
14.280900
14.218100
14.154800
14.090900
14.026500
13.961600
13.896300
13.830500
13.764300
13.697700
13.630600
13.563300
13.495500
13.427500
13.359200
13.290600
13.221600
13.152500
13.083100
13.013600
12.943800
12.873900
12.803800
12.733600
12.663200
12.592800
12.522300
12.451700
12.381000
12.310300
12.239500
12.168800
12.098100
12.027400
11.956800
11.886200
11.815600
11.745200
11.674700
11.604500
11.534300
11.464300
11.394500
11.324700
11.255200
11.185800
11.116600
11.047600
10.978900
10.910300
10.842000
10.774000
10.706100
10.638600
10.571300
10.504400
10.437600
10.371200
10.305200
10.239300
10.173900
10.108800
10.044000
9.979560
9.915470
9.851730
9.788350
9.725390
9.662730
9.600480
9.538650
9.477180
9.416130
9.355440
9.295220
9.235360
9.175910
9.116890
9.058280
9.000090
8.942310
8.884960
8.828080
8.771610
8.715510
8.659940
8.604730
8.550000
8.495680
8.441840
8.388420
8.335420
8.282890
8.230780
8.179090
8.127870
8.077080
8.026700
7.976790
7.927310
7.878240
7.829640
7.781410
7.733650
7.686310
7.639450
7.592940
7.546920
7.501240
7.456050
7.411280
7.366860
7.322920
7.279330
7.236160
7.193420
7.151080
7.109110
7.067550
7.026350
6.985570
6.945210
6.905200
6.865550
6.826320
6.787450
6.748930
6.710770
6.672970
6.635590
6.598510
6.561780
6.525410
6.489400
6.453740
6.418390
6.383390
6.348750
6.314410
6.280420
6.246730
6.213350
6.180320
6.147580
6.115150
6.083010
6.051230
6.019690
5.988450
5.957550
5.926910
5.896550
5.866480
5.836690
5.807170
5.777930
5.748960
5.720250
5.691810
5.663630
5.635710
5.608040
5.580620
5.553460
5.526540
5.499860
5.473420
5.447230
5.421260
5.395520
5.370010
5.344730
5.319680
5.294850
5.270230
5.245830
5.221640
5.197660
5.173890
5.150320
5.126960
5.103810
5.080840
5.058080
5.035500
5.013120
4.990920
4.968920
4.947100
4.925460
4.904000
4.882720
4.861610
4.840680
4.819910
4.799320
4.778900
4.758640
4.738540
4.718610
4.698840
4.679220
4.659760
4.640450
4.621300
4.602300
4.583440
4.564740
4.546170
4.527760
4.509480
4.491350
4.473350
4.455490
4.437770
4.420180
4.402720
4.385400
4.368200
4.351140
4.334190
4.317380
4.300690
4.284120
4.267670
4.251340
4.235130
4.219040
4.203060
4.187200
4.171450
4.155810
4.140280
4.124860
4.109560
4.094360
4.079260
4.064270
4.049380
4.034600
4.019920
4.005330
3.990850
3.976470
3.962180
3.947990
3.933900
3.919890
3.905980
3.892170
3.878440
3.864800
3.851260
3.837810
3.824430
3.811160
3.797960
3.784850
3.771820
3.758870
3.746010
3.733230
3.720530
3.707920
3.695370
3.682910
3.670530
3.658220
3.645990
3.633830
3.621750
3.609740
3.597800
3.585940
3.574150
3.562430
3.550780
3.539200
3.527690
3.516250
3.504870
3.493560
3.482320
3.471150
3.460040
3.448990
3.438010
3.427090
3.416230
3.405440
3.394710
3.384040
3.373420
3.362880
3.352380
3.341950
3.331570
3.321260
3.311000
3.300800
3.290650
3.280560
3.270530
3.260550
3.250620
3.240750
3.230930
3.221170
3.211450
3.201790
3.192180
3.182620
3.173110
3.163650
3.154250
3.144890
3.135580
3.126310
3.117100
3.107940
3.098810
3.089750
3.080720
3.071740
3.062810
3.053920
3.045080
3.036280
3.027520
3.018810
3.010150
3.001530
2.992950
2.984410
2.975920
2.967460
2.959050
2.950680
2.942350
2.934060
2.925810
2.917600
2.909430
2.901300
2.893210
2.885150
2.877140
2.869160
2.861220
2.853320
2.845460
2.837630
2.829840
2.822080
2.814370
2.806680
2.799040
2.791430
2.783850
2.776310
2.768800
2.761330
2.753890
2.746480
2.739110
2.731770
2.724470
2.717200
2.709950
2.702740
2.695570
2.688430
2.681320
2.674230
2.667190
2.660160
2.653170
2.646220
2.639290
2.632400
2.625530
2.618690
2.611880
2.605100
2.598350
2.591630
2.584940
2.578270
2.571640
2.565030
2.558450
2.551890
2.545370
2.538870
2.532400
2.525960
2.519540
2.513150
2.506790
2.500450
2.494140
2.487850
2.481590
2.475360
2.469150
2.462970
2.456810
2.450680
2.444570
2.438480
2.432420
2.426390
2.420380
2.414390
2.408430
2.402490
2.396570
2.390680
2.384800
2.378960
2.373140
2.367330
2.361560
2.355800
2.350070
2.344360
2.338660
2.333000
2.327350
2.321730
2.316120
2.310540
2.304980
2.299440
2.293930
2.288430
2.282960
2.277500
2.272060
2.266650
2.261250
2.255880
2.250530
2.245190
2.239880
2.234590
2.229310
2.224060
2.218820
2.213600
2.208410
2.203220
2.198070
2.192930
2.187810
2.182700
2.177620
2.172550
2.167500
2.162470
2.157460
2.152460
2.147490
2.142530
2.137590
2.132670
2.127760
2.122870
2.118000
2.113150
2.108310
2.103490
2.098690
2.093900
2.089130
2.084380
2.079650
2.074920
2.070220
2.065530
2.060860
2.056210
2.051570
2.046950
2.042340
2.037750
2.033180
2.028610
2.024070
2.019540
2.015030
2.010530
2.006050
2.001580
1.997130
1.992690
1.988260
1.983860
1.979460
1.975090
1.970720
1.966370
1.962030
1.957710
1.953410
1.949110
1.944840
1.940570
1.936330
1.932090
1.927870
1.923660
1.919460
1.915280
1.911110
1.906960
1.902820
1.898690
1.894580
1.890480
1.886390
1.882310
1.878250
1.874210
1.870170
1.866150
1.862140
1.858140
1.854160
1.850190
1.846230
1.842280
1.838350
1.834430
1.830520
1.826620
1.822740
1.818860
1.815010
1.811160
1.807320
1.803500
1.799680
1.795890
1.792100
1.788320
1.784560
1.780800
1.777060
1.773330
1.769610
1.765900
1.762200
1.758520
1.754850
1.751190
1.747530
1.743900
1.740260
1.736640
1.733040
1.729440
1.725860
1.722280
1.718720
1.715160
1.711620
1.708090
1.704570
1.701060
1.697560
1.694070
1.690590
1.687120
1.683660
1.680210
1.676770
1.673350
1.669930
1.666520
1.663120
1.659740
1.656360
1.652990
1.649630
1.646280
1.642940
1.639620
1.636290
1.632990
1.629690
1.626400
1.623120
1.619850
1.616580
1.613330
1.610090
1.606850
1.603630
1.600410
1.597210
1.594020
1.590830
1.587650
1.584480
1.581320
1.578170
1.575030
1.571900
1.568770
1.565650
1.562550
1.559450
1.556360
1.553280
1.550210
1.547150
1.544100
1.541050
1.538010
1.534980
1.531960
1.528950
1.525950
1.522950
1.519970
1.516980
1.514020
1.511050
1.508100
1.505160
1.502220
1.499290
1.496370
1.493460
1.490550
1.487660
1.484770
1.481890
1.479010
1.476140
1.473290
1.470440
1.467600
1.464760
1.461940
1.459120
1.456310
1.453510
1.450710
1.447920
1.445140
1.442370
1.439600
1.436850
1.434100
1.431350
1.428620
1.425890
1.423170
1.420460
1.417750
1.415050
1.412360
1.409670
1.406990
1.404320
1.401660
1.399000
1.396360
1.393720
1.391080
1.388450
1.385830
1.383220
1.380610
1.378010
1.375420
1.372830
1.370250
1.367680
1.365110
1.362550
1.360000
1.357450
1.354910
1.352380
1.349860
1.347340
1.344830
1.342320
1.339820
1.337330
1.334840
1.332360
1.329880
1.327420
1.324960
1.322500
1.320050
1.317610
1.315180
1.312750
1.310330
1.307910
1.305500
1.303100
1.300700
1.298310
1.295920
1.293540
1.291170
1.288800
1.286440
1.284080
1.281730
1.279390
1.277050
1.274720
1.272400
1.270080
1.267760
1.265460
1.263160
1.260860
1.258570
1.256290
1.254010
1.251730
1.249470
1.247210
1.244950
1.242700
1.240460
1.238220
1.235990
1.233760
1.231540
1.229320
1.227110
1.224910
1.222710
1.220510
1.218330
1.216140
1.213960
1.211790
1.209630
1.207460
1.205310
1.203160
1.201010
1.198870
1.196740
1.194610
1.192490
1.190370
1.188250
1.186150
1.184040
1.181940
1.179850
1.177760
1.175680
1.173610
1.171530
1.169470
1.167410
1.165350
1.163300
1.161250
1.159210
1.157170
1.155140
1.153120
1.151100
1.149070
1.147070
1.145060
1.143060
1.141060
1.139070
1.137080
1.135100
1.133120
1.131150
1.129180
1.127220
1.125260
1.123310
1.121360
1.119410
1.117470
1.115540
1.113610
1.111680
1.109760
1.107850
1.105930
1.104020
1.102120
1.100230
1.098330
1.096450
1.094560
1.092680
1.090810
1.088930
1.087070
1.085210
1.083350
1.081500
1.079650
1.077800
1.075970
1.074130
1.072300
1.070470
1.068650
1.066830
1.065020
1.063210
1.061410
1.059610
1.057810
1.056020
1.054230
1.052450
1.050670
1.048900
1.047130
1.045360
1.043600
1.041840
1.040090
1.038330
1.036590
1.034850
1.033110
1.031370
1.029650
1.027920
1.026200
1.024480
1.022770
1.021070
1.019370
1.017680
1.016050
1.015370
1.016450
1.019600
1.025470
1.035360
1.052170
1.081060
1.128860
1.202640
1.308140
1.448720
1.625100
1.835640
2.077030
2.345030
2.635150
2.943050
3.264760
3.596680
3.935530
4.278310
4.622320
4.965330
5.305530
5.641570
5.972470
6.297470
6.616210
6.928280
7.233600
7.532070
7.823620
8.108320
8.386160
8.657260
8.921740
9.179730
9.431270
9.676500
9.915590
10.148500
10.375600
10.596800
10.812200
11.022100
11.226300
11.425200
11.618800
11.807000
11.990200
12.168300
12.341500
12.509700
12.673200
12.831900
12.986100
13.135500
13.280600
13.421100
13.557400
13.689300
13.817000
13.940600
14.060000
14.175400
14.286800
14.394300
14.498000
14.597800
14.693900
14.786400
14.875300
14.960500
15.042300
15.120700
15.195500
15.267200
15.335400
15.400500
15.462400
15.521000
15.576700
15.629200
15.678800
15.725400
15.769200
15.810000
15.848100
15.883400
15.916000
15.946000
15.973300
15.997900
16.020200
16.039900
16.057100
16.072000
16.084500
16.094600
16.102600
16.108200
16.111700
16.113000
16.112200
16.109300
16.104400
16.097500
16.088700
16.077900
16.065200
16.050700
16.034400
16.016300
15.996500
15.974900
15.951700
15.926900
15.900500
15.872600
15.843100
15.812100
15.779700
15.745800
15.710600
15.674000
15.636000
15.596800
15.556300
15.514600
15.471700
15.427600
15.382300
15.336000
15.288600
15.240100
15.190600
15.140200
15.088700
15.036300
14.983000
14.928800
14.873800
14.817900
14.761200
14.703800
14.645500
14.586600
14.527000
14.466700
14.405700
14.344100
14.281900
14.219100
14.155800
14.091900
14.027500
13.962600
13.897300
13.831500
13.765300
13.698600
13.631600
13.564200
13.496500
13.428500
13.360100
13.291500
13.222600
13.153500
13.084100
13.014500
12.944700
12.874800
12.804800
12.734500
12.664200
12.593700
12.523200
12.452600
12.381900
12.311200
12.240500
12.169700
12.099000
12.028300
11.957600
11.887100
11.816500
11.746000
11.675600
11.605300
11.535200
11.465200
11.395300
11.325600
11.256000
11.186600
11.117400
11.048500
10.979700
10.911200
10.842800
10.774700
10.707000
10.639400
10.572100
10.505100
10.438400
10.372000
10.305900
10.240100
10.174600
10.109500
10.044700
9.980280
9.916180
9.852450
9.789070
9.726110
9.663440
9.601200
9.539370
9.477900
9.416790
9.356150
9.295870
9.236010
9.176570
9.117540
9.058930
9.000740
8.942970
8.885610
8.828670
8.772210
8.716170
8.660540
8.605330
8.550600
8.496280
8.442440
8.389020
8.336020
8.283430
8.231320
8.179630
8.128410
8.077610
8.027230
7.977330
7.927840
7.878770
7.830120
7.781950
7.734190
7.686850
7.639930
7.593480
7.547390
7.501780
7.456530
7.411750
7.367330
7.323390
7.279810
7.236640
7.193890
7.151500
7.109530
7.067970
7.026830
6.986050
6.945630
6.905620
6.865970
6.826740
6.787810
6.749290
6.711190
6.673390
6.635950
6.598860
6.562200
6.525830
6.489750
6.454100
6.418740
6.383750
6.349110
6.314760
6.280780
6.247090
6.213700
6.180670
6.147940
6.115510
6.083370
6.051530
6.019990
5.988810
5.957860
5.927220
5.896860
5.866790
5.836990
5.807470
5.778230
5.749250
5.720550
5.692100
5.663920
5.635990
5.608320
5.580900
5.553730
5.526810
5.500130
5.473690
5.447490
5.421520
5.395780
5.370270
5.344990
5.319930
5.295090
5.270480
5.246070
5.221880
5.197900
5.174130
5.150560
5.127200
5.104030
5.081070
5.058300
5.035720
5.013340
4.991150
4.969140
4.947310
4.925670
4.904210
4.882930
4.861810
4.840880
4.820120
4.799530
4.779100
4.758830
4.738740
4.718800
4.699030
4.679410
4.659950
4.640640
4.621490
4.602480
4.583630
4.564920
4.546360
4.527930
4.509660
4.491520
4.473520
4.455670
4.437940
4.420350
4.402900
4.385570
4.368370
4.351300
4.334360
4.317540
4.300850
4.284280
4.267830
4.251500
4.235290
4.219190
4.203210
4.187350
4.171600
4.155960
4.140430
4.125010
4.109700
4.094510
4.079410
4.064410
4.049530
4.034740
4.020060
4.005470
3.990990
3.976600
3.962320
3.948120
3.934030
3.920020
3.906120
3.892300
3.878570
3.864940
3.851390
3.837930
3.824560
3.811280
3.798080
3.784970
3.771940
3.759000
3.746130
3.733350
3.720650
3.708030
3.695490
3.683030
3.670650
3.658330
3.646100
3.633940
3.621860
3.609850
3.597920
3.586050
3.574260
3.562540
3.550890
3.539310
3.527800
3.516360
3.504980
3.493670
3.482430
3.471250
3.460140
3.449100
3.438110
3.427190
3.416330
3.405540
3.394810
3.384140
3.373520
3.362970
3.352480
3.342050
3.331670
3.321350
3.311090
3.300890
3.290740
3.280660
3.270620
3.260640
3.250710
3.240840
3.231020
3.221260
3.211540
3.201880
3.192270
3.182710
3.173200
3.163740
3.154330
3.144970
3.135660
3.126400
3.117180
3.108020
3.098900
3.089830
3.080800
3.071820
3.062890
3.054000
3.045160
3.036360
3.027610
3.018900
3.010230
3.001610
2.993030
2.984490
2.975990
2.967540
2.959130
2.950760
2.942430
2.934130
2.925890
2.917680
2.909500
2.901370
2.893280
2.885230
2.877210
2.869230
2.861300
2.853390
2.845530
2.837700
2.829910
2.822160
2.814440
2.806760
2.799110
2.791500
2.783920
2.776380
2.768870
2.761400
2.753960
2.746550
2.739180
2.731840
2.724540
2.717260
2.710020
2.702810
2.695640
2.688500
2.681380
2.674300
2.667250
2.660230
2.653240
2.646280
2.639350
2.632460
2.625590
2.618750
2.611940
2.605160
2.598410
2.591690
2.585000
2.578330
2.571700
2.565090
2.558510
2.551950
2.545430
2.538930
2.532460
2.526020
2.519600
2.513210
2.506850
2.500510
2.494200
2.487910
2.481650
2.475420
2.469210
2.463030
2.456870
2.450730
2.444620
2.438540
2.432480
2.426440
2.420430
2.414440
2.408480
2.402540
2.396620
2.390730
2.384860
2.379010
2.373190
2.367390
2.361600
2.355850
2.350120
2.344400
2.338720
2.333050
2.327400
2.321780
2.316170
2.310590
2.305040
2.299500
2.293980
2.288480
2.283000
2.277550
2.272110
2.266700
2.261300
2.255930
2.250580
2.245240
2.239930
2.234630
2.229360
2.224100
2.218870
2.213650
2.208450
2.203270
2.198110
2.192980
2.187850
2.182740
2.177660
2.172600
2.167550
2.162510
2.157510
2.152510
2.147530
2.142580
2.137630
2.132710
2.127800
2.122910
2.118040
2.113190
2.108350
2.103540
2.098730
2.093940
2.089170
2.084420
2.079690
2.074970
2.070260
2.065570
2.060910
2.056250
2.051610
2.046990
2.042380
2.037790
2.033210
2.028660
2.024110
2.019580
2.015070
2.010570
2.006080
2.001620
1.997160
1.992730
1.988300
1.983900
1.979500
1.975120
1.970760
1.966410
1.962070
1.957750
1.953440
1.949150
1.944880
1.940610
1.936360
1.932120
1.927900
1.923690
1.919500
1.915310
1.911150
1.907000
1.902850
1.898730
1.894610
1.890510
1.886430
1.882350
1.878290
1.874240
1.870200
1.866190
1.862170
1.858180
1.854200
1.850230
1.846270
1.842320
1.838380
1.834460
1.830560
1.826660
1.822780
1.818900
1.815040
1.811190
1.807360
1.803530
1.799720
1.795920
1.792130
1.788360
1.784590
1.780830
1.777090
1.773360
1.769640
1.765940
1.762240
1.758550
1.754880
1.751220
1.747570
1.743920
1.740290
1.736670
1.733070
1.729470
1.725890
1.722310
1.718750
1.715200
1.711650
1.708120
1.704600
1.701090
1.697590
1.694100
1.690620
1.687150
1.683690
1.680240
1.676810
1.673380
1.669960
1.666550
1.663150
1.659770
1.656390
1.653020
1.649660
1.646310
1.642970
1.639650
1.636320
1.633020
1.629720
1.626430
1.623150
1.619870
1.616610
1.613360
1.610120
1.606880
1.603660
1.600440
1.597240
1.594040
1.590860
1.587680
1.584510
1.581350
1.578200
1.575060
1.571920
1.568800
1.565680
1.562570
1.559480
1.556390
1.553310
1.550240
1.547170
1.544120
1.541070
1.538040
1.535010
1.531990
1.528970
1.525970
1.522980
1.519990
1.517010
1.514040
1.511080
1.508130
1.505180
1.502250
1.499310
1.496390
1.493480
1.490580
1.487680
1.484790
1.481910
1.479040
1.476170
1.473310
1.470460
1.467620
1.464790
1.461960
1.459150
1.456330
1.453530
1.450730
1.447950
1.445160
1.442390
1.439630
1.436870
1.434120
1.431370
1.428640
1.425910
1.423190
1.420470
1.417770
1.415070
1.412380
1.409690
1.407020
1.404350
1.401680
1.399030
1.396380
1.393740
1.391100
1.388480
1.385850
1.383240
1.380630
1.378030
1.375440
1.372850
1.370270
1.367700
1.365130
1.362580
1.360020
1.357480
1.354940
1.352400
1.349880
1.347360
1.344840
1.342340
1.339840
1.337350
1.334860
1.332380
1.329910
1.327440
1.324980
1.322530
1.320080
1.317630
1.315200
1.312770
1.310350
1.307930
1.305520
1.303110
1.300720
1.298330
1.295940
1.293560
1.291190
1.288820
1.286460
1.284110
1.281760
1.279410
1.277070
1.274740
1.272410
1.270100
1.267780
1.265470
1.263170
1.260880
1.258590
1.256300
1.254030
1.251760
1.249480
1.247220
1.244970
1.242720
1.240480
1.238240
1.236000
1.233780
1.231560
1.229340
1.227130
1.224930
1.222730
1.220530
1.218340
1.216160
1.213990
1.211810
1.209640
1.207480
1.205330
1.203180
1.201030
1.198890
1.196750
1.194630
1.192500
1.190390
1.188270
1.186170
1.184060
1.181960
1.179870
1.177780
1.175700
1.173630
1.171550
1.169480
1.167430
1.165370
1.163310
1.161270
1.159230
1.157190
1.155160
1.153130
1.151110
1.149090
1.147080
1.145070
1.143070
1.141080
1.139080
1.137100
1.135120
1.133140
1.131160
1.129200
1.127230
1.125270
1.123320
1.121370
1.119420
1.117490
1.115550
1.113620
1.111700
1.109780
1.107860
1.105950
1.104040
1.102140
1.100240
1.098350
1.096460
1.094570
1.092700
1.090820
1.088950
1.087090
1.085220
1.083360
1.081510
1.079660
1.077820
1.075980
1.074150
1.072320
1.070490
1.068670
1.066850
1.065040
1.063230
1.061420
1.059620
1.057830
1.056030
1.054250
1.052460
1.050690
1.048910
1.047140
1.045370
1.043610
1.041850
1.040100
1.038350
1.036600
1.034860
1.033130
1.031390
1.029660
1.027940
1.026220
1.024500
1.022790
1.021080
1.019380
1.017700
1.016060
1.015380
1.016460
1.019610
1.025470
1.035360
1.052160
1.081030
1.128830
1.202590
1.308060
1.448620
1.624980
1.835500
2.076860
2.344850
2.634950
2.942830
3.264520
3.596430
3.935270
4.278030
4.622050
4.965050
5.305250
5.641270
5.972120
6.297180
6.615860
6.927980
7.233300
7.531710
7.823260
8.107900
8.385800
8.656900
8.921390
9.179310
9.430860
9.676080
9.915110
10.148100
10.375200
10.596300
10.811800
11.021600
11.225800
11.424700
11.618300
11.806600
11.989700
12.167800
12.341000
12.509200
12.672700
12.831400
12.985500
13.135000
13.280000
13.420600
13.556800
13.688700
13.816400
13.940000
14.059400
14.174800
14.286200
14.393600
14.497300
14.597100
14.693200
14.785700
14.874500
14.959800
15.041600
15.119900
15.194800
15.266400
15.334700
15.399800
15.461600
15.520300
15.575900
15.628500
15.678000
15.724600
15.768400
15.809200
15.847300
15.882600
15.915200
15.945100
15.972400
15.997200
16.019300
16.039100
16.056300
16.071200
16.083700
16.093800
16.101700
16.107400
16.110900
16.112200
16.111300
16.108500
16.103600
16.096700
16.087800
16.077000
16.064400
16.049800
16.033500
16.015400
15.995600
15.974100
15.950900
15.926100
15.899700
15.871700
15.842200
15.811200
15.778800
15.744900
15.709700
15.673100
15.635100
15.595900
15.555400
15.513700
15.470800
15.426700
15.381400
15.335100
15.287700
15.239200
15.189800
15.139300
15.087800
15.035400
14.982100
14.927900
14.872900
14.817000
14.760400
14.702900
14.644700
14.585700
14.526100
14.465800
14.404800
14.343200
14.281100
14.218300
14.154900
14.091000
14.026700
13.961800
13.896400
13.830600
13.764400
13.697800
13.630800
13.563400
13.495700
13.427600
13.359300
13.290700
13.221800
13.152700
13.083300
13.013700
12.944000
12.874000
12.803900
12.733700
12.663400
12.592900
12.522400
12.451800
12.381100
12.310400
12.239700
12.168900
12.098200
12.027500
11.956900
11.886300
11.815700
11.745300
11.674900
11.604600
11.534400
11.464500
11.394600
11.324800
11.255300
11.185900
11.116700
11.047800
10.979000
10.910400
10.842100
10.774100
10.706200
10.638700
10.571400
10.504400
10.437800
10.371300
10.305200
10.239500
10.174000
10.108900
10.044100
9.979680
9.915590
9.851850
9.788470
9.725450
9.662850
9.600600
9.538770
9.477300
9.416250
9.355550
9.295280
9.235420
9.175970
9.116950
9.058340
9.000150
8.942430
8.885080
8.828140
8.771670
8.715630
8.660000
8.604850
8.550120
8.495800
8.441900
8.388480
8.335480
8.282950
8.230840
8.179150
8.127930
8.077140
8.026750
7.976850
7.927360
7.878300
7.829700
7.781530
7.733770
7.686430
7.639510
7.593000
7.546980
7.501360
7.456110
7.411330
7.366920
7.322970
7.279390
7.236220
7.193480
7.151140
7.109170
7.067610
7.026470
6.985690
6.945270
6.905260
6.865610
6.826380
6.787510
6.748990
6.710830
6.673030
6.635650
6.598570
6.561840
6.525470
6.489460
6.453800
6.418450
6.383450
6.348810
6.314470
6.280480
6.246790
6.213410
6.180380
6.147640
6.115210
6.083070
6.051290
6.019750
5.988510
5.957590
5.926950
5.896600
5.866520
5.836740
5.807220
5.777970
5.749000
5.720290
5.691860
5.663680
5.635750
5.608090
5.580670
5.553500
5.526580
5.499900
5.473460
5.447260
5.421300
5.395560
5.370060
5.344780
5.319720
5.294880
5.270270
5.245860
5.221670
5.197700
5.173930
5.150360
5.127000
5.103840
5.080880
5.058110
5.035530
5.013150
4.990960
4.968950
4.947130
4.925490
4.904030
4.882750
4.861630
4.840700
4.819940
4.799350
4.778930
4.758670
4.738570
4.718640
4.698860
4.679240
4.659780
4.640480
4.621330
4.602330
4.583470
4.564760
4.546200
4.527790
4.509510
4.491370
4.473370
4.455520
4.437790
4.420200
4.402750
4.385430
4.368220
4.351160
4.334220
4.317400
4.300710
4.284140
4.267690
4.251370
4.235150
4.219060
4.203080
4.187220
4.171470
4.155830
4.140310
4.124890
4.109580
4.094380
4.079280
4.064290
4.049400
4.034620
4.019940
4.005350
3.990870
3.976490
3.962200
3.948010
3.933910
3.919910
3.906000
3.892180
3.878460
3.864820
3.851280
3.837830
3.824450
3.811170
3.797970
3.784860
3.771840
3.758890
3.746030
3.733250
3.720550
3.707930
3.695390
3.682930
3.670540
3.658230
3.646000
3.633850
3.621760
3.609750
3.597820
3.585960
3.574160
3.562450
3.550800
3.539210
3.527710
3.516260
3.504890
3.493580
3.482330
3.471160
3.460050
3.449010
3.438020
3.427100
3.416250
3.405450
3.394720
3.384050
3.373440
3.362890
3.352390
3.341970
3.331590
3.321270
3.311020
3.300810
3.290670
3.280570
3.270540
3.260560
3.250630
3.240760
3.230940
3.221180
3.211460
3.201800
3.192190
3.182630
3.173120
3.163670
3.154260
3.144900
3.135590
3.126320
3.117110
3.107950
3.098830
3.089760
3.080730
3.071750
3.062820
3.053930
3.045090
3.036290
3.027540
3.018830
3.010160
3.001540
2.992960
2.984420
2.975930
2.967470
2.959060
2.950690
2.942360
2.934070
2.925820
2.917610
2.909440
2.901310
2.893220
2.885160
2.877150
2.869170
2.861230
2.853330
2.845470
2.837640
2.829850
2.822100
2.814380
2.806700
2.799050
2.791440
2.783860
2.776320
2.768810
2.761340
2.753900
2.746500
2.739120
2.731790
2.724480
2.717200
2.709970
2.702760
2.695580
2.688440
2.681320
2.674250
2.667190
2.660170
2.653190
2.646230
2.639300
2.632400
2.625530
2.618700
2.611890
2.605110
2.598360
2.591640
2.584950
2.578280
2.571650
2.565040
2.558460
2.551910
2.545380
2.538890
2.532420
2.525970
2.519560
2.513160
2.506800
2.500460
2.494150
2.487870
2.481610
2.475370
2.469160
2.462980
2.456820
2.450690
2.444570
2.438490
2.432440
2.426400
2.420390
2.414400
2.408440
2.402490
2.396580
2.390680
2.384820
2.378970
2.373140
2.367340
2.361560
2.355810
2.350070
2.344360
2.338670
2.333000
2.327360
2.321740
2.316130
2.310550
2.304990
2.299450
2.293930
2.288440
2.282960
2.277510
2.272070
2.266660
2.261270
2.255890
2.250530
2.245200
2.239890
2.234590
2.229320
2.224060
2.218830
2.213610
2.208410
2.203240
2.198070
2.192930
2.187810
2.182710
2.177620
2.172550
2.167510
2.162480
2.157460
2.152470
2.147500
2.142530
2.137600
2.132670
2.127770
2.122880
2.118010
2.113150
2.108320
2.103500
2.098690
2.093910
2.089140
2.084390
2.079650
2.074930
2.070230
2.065540
2.060870
2.056210
2.051580
2.046950
2.042350
2.037750
2.033180
2.028620
2.024080
2.019550
2.015030
2.010540
2.006050
2.001580
1.997130
1.992690
1.988270
1.983860
1.979470
1.975090
1.970730
1.966380
1.962040
1.957720
1.953410
1.949120
1.944850
1.940580
1.936330
1.932090
1.927870
1.923660
1.919460
1.915280
1.911120
1.906960
1.902820
1.898700
1.894580
1.890480
1.886400
1.882320
1.878260
1.874210
1.870170
1.866160
1.862140
1.858150
1.854170
1.850200
1.846240
1.842290
1.838350
1.834430
1.830530
1.826630
1.822750
1.818870
1.815010
1.811160
1.807330
1.803510
1.799690
1.795890
1.792100
1.788330
1.784560
1.780810
1.777060
1.773340
1.769620
1.765910
1.762210
1.758530
1.754850
1.751190
1.747540
1.743900
1.740270
1.736650
1.733040
1.729450
1.725860
1.722290
1.718720
1.715170
1.711630
1.708100
1.704570
1.701060
1.697560
1.694070
1.690590
1.687120
1.683660
1.680220
1.676780
1.673350
1.669930
1.666520
1.663130
1.659740
1.656360
1.653000
1.649640
1.646290
1.642950
1.639620
1.636300
1.632990
1.629690
1.626400
1.623120
1.619850
1.616590
1.613330
1.610090
1.606860
1.603630
1.600420
1.597220
1.594020
1.590830
1.587660
1.584480
1.581320
1.578180
1.575030
1.571900
1.568770
1.565660
1.562550
1.559450
1.556370
1.553280
1.550210
1.547150
1.544100
1.541050
1.538010
1.534980
1.531960
1.528950
1.525950
1.522950
1.519970
1.516990
1.514020
1.511060
1.508110
1.505160
1.502220
1.499300
1.496370
1.493460
1.490550
1.487660
1.484770
1.481890
1.479020
1.476150
1.473290
1.470440
1.467600
1.464770
1.461940
1.459120
1.456310
1.453510
1.450710
1.447920
1.445150
1.442370
1.439610
1.436850
1.434100
1.431360
1.428620
1.425890
1.423170
1.420460
1.417750
1.415050
1.412360
1.409680
1.407000
1.404330
1.401660
1.399010
1.396360
1.393720
1.391080
1.388460
1.385830
1.383220
1.380610
1.378010
1.375420
1.372830
1.370250
1.367680
1.365120
1.362560
1.360010
1.357460
1.354920
1.352390
1.349860
1.347340
1.344830
1.342320
1.339820
1.337330
1.334850
1.332360
1.329890
1.327420
1.324960
1.322510
1.320060
1.317610
1.315180
1.312760
1.310330
1.307910
1.305510
1.303100
1.300700
1.298310
1.295920
1.293540
1.291170
1.288800
1.286440
1.284090
1.281740
1.279400
1.277060
1.274730
1.272400
1.270080
1.267770
1.265460
1.263160
1.260860
1.258570
1.256290
1.254010
1.251740
1.249470
1.247210
1.244950
1.242710
1.240460
1.238220
1.235990
1.233760
1.231540
1.229330
1.227110
1.224910
1.222710
1.220510
1.218330
1.216140
1.213970
1.211800
1.209630
1.207470
1.205310
1.203160
1.201020
1.198880
1.196740
1.194610
1.192490
1.190370
1.188260
1.186150
1.184040
1.181950
1.179860
1.177770
1.175680
1.173610
1.171530
1.169470
1.167410
1.165350
1.163300
1.161260
1.159210
1.157180
1.155140
1.153120
1.151100
1.149080
1.147070
1.145060
1.143060
1.141060
1.139070
1.137080
1.135100
1.133120
1.131150
1.129180
1.127220
1.125260
1.123310
1.121360
1.119410
1.117470
1.115540
1.113610
1.111690
1.109760
1.107850
1.105930
1.104030
1.102130
1.100230
1.098340
1.096450
1.094560
1.092680
1.090810
1.088930
1.087070
1.085210
1.083350
1.081500
1.079650
1.077810
1.075970
1.074140
1.072300
1.070470
1.068660
1.066840
1.065020
1.063210
1.061410
1.059610
1.057810
1.056020
1.054230
1.052450
1.050670
1.048900
1.047130
1.045360
1.043600
1.041840
1.040090
1.038340
1.036590
1.034850
1.033110
1.031380
1.029650
1.027920
1.026200
