1.014170
1.012460
1.010770
1.009080
1.007400
1.005730
1.004120
1.003480
1.004630
1.007900
1.013940
1.024130
1.041440
1.071210
1.120500
1.196520
1.305090
1.449480
1.630210
1.845380
2.091400
2.363840
2.658050
2.969610
3.294480
3.629050
3.969980
4.314270
4.659280
5.002830
5.343170
5.679030
6.009460
6.333840
6.651720
6.962800
7.266980
7.564120
7.854280
8.137420
8.413640
8.683000
8.945640
9.201600
9.451010
9.694050
9.930840
10.161400
10.385900
10.604500
10.817100
11.024200
11.225600
11.421400
11.611800
11.796900
11.976900
12.151500
12.321200
12.486000
12.645800
12.800800
12.951100
13.096800
13.237800
13.374400
13.506600
13.634400
13.757900
13.877200
13.992300
14.103400
14.210300
14.313300
14.412500
14.507700
14.599200
14.687100
14.771200
14.851800
14.928800
15.002300
15.072400
15.139100
15.202500
15.262600
15.319600
15.373400
15.424000
15.471600
15.516200
15.557900
15.596600
15.632500
15.665500
15.695800
15.723400
15.748400
15.770700
15.790400
15.807700
15.822400
15.834700
15.844700
15.852300
15.857600
15.860700
15.861500
15.860100
15.856700
15.851200
15.843600
15.834000
15.822400
15.809000
15.793600
15.776400
15.757400
15.736700
15.714200
15.690000
15.664200
15.636800
15.607800
15.577300
15.545200
15.511700
15.476800
15.440400
15.402700
15.363700
15.323400
15.281800
15.239000
15.195000
15.149800
15.103500
15.056000
15.007500
14.958000
14.907400
14.855900
14.803500
14.750100
14.695800
14.640700
14.584700
14.527900
14.470300
14.412000
14.352900
14.293200
14.232700
14.171600
14.110000
14.047600
13.984800
13.921300
13.857400
13.792900
13.728000
13.662600
13.596800
13.530500
13.463900
13.396900
13.329600
13.262000
13.194000
13.125700
13.057200
12.988400
12.919400
12.850200
12.780900
12.711300
12.641600
12.571800
12.501900
12.431800
12.361800
12.291500
12.221300
12.151100
12.080800
12.010600
11.940400
11.870200
11.800000
11.729900
11.659900
11.590000
11.520100
11.450400
11.380900
11.311500
11.242200
11.173100
11.104200
11.035500
10.966900
10.898700
10.830600
10.762700
10.695100
10.627800
10.560800
10.494000
10.427500
10.361200
10.295400
10.229800
10.164500
10.099600
10.035000
9.970690
9.906790
9.843250
9.780010
9.717190
9.654740
9.592700
9.530960
9.469710
9.408810
9.348280
9.288160
9.228470
9.169200
9.110350
9.051860
8.993850
8.936260
8.879030
8.822290
8.765960
8.710120
8.654630
8.599630
8.545040
8.490880
8.437140
8.383880
8.331040
8.278620
8.226680
8.175170
8.124070
8.073400
8.023200
7.973430
7.924070
7.875200
7.826690
7.778660
7.731050
7.683860
7.637090
7.590750
7.544880
7.499370
7.454290
7.409620
7.365380
7.321560
7.278100
7.235060
7.192440
7.150240
7.108400
7.066980
7.025920
6.985280
6.945010
6.905090
6.865600
6.826470
6.787690
6.749280
6.711230
6.673600
6.636270
6.599300
6.562690
6.526440
6.490550
6.454970
6.419740
6.384870
6.350310
6.316040
6.282140
6.248540
6.215290
6.182290
6.149650
6.117310
6.085270
6.053530
6.022150
5.990980
5.960120
5.929560
5.899280
5.869290
5.839570
5.810120
5.780950
5.752050
5.723410
5.695040
5.666920
5.639060
5.611460
5.584100
5.556990
5.530130
5.503500
5.477120
5.450980
5.425060
5.399380
5.373920
5.348690
5.323690
5.298900
5.274320
5.249960
5.225820
5.201890
5.178160
5.154630
5.131310
5.108190
5.085260
5.062520
5.039990
5.017640
4.995480
4.973500
4.951710
4.930100
4.908670
4.887410
4.866330
4.845430
4.824690
4.804120
4.783720
4.763490
4.743410
4.723500
4.703740
4.684150
4.664710
4.645420
4.626280
4.607300
4.588460
4.569770
4.551230
4.532820
4.514560
4.496440
4.478450
4.460600
4.442900
4.425310
4.407870
4.390550
4.373360
4.356300
4.339370
4.322560
4.305880
4.289310
4.272870
4.256550
4.240340
4.224250
4.208280
4.192420
4.176670
4.161040
4.145510
4.130100
4.114790
4.099590
4.084490
4.069500
4.054610
4.039830
4.025140
4.010560
3.996080
3.981690
3.967400
3.953210
3.939100
3.925100
3.911190
3.897370
3.883640
3.870000
3.856450
3.842990
3.829610
3.816320
3.803120
3.790000
3.776970
3.764020
3.751150
3.738360
3.725650
3.713030
3.700480
3.688010
3.675620
3.663300
3.651060
3.638890
3.626800
3.614790
3.602840
3.590970
3.579170
3.567440
3.555770
3.544180
3.532670
3.521210
3.509820
3.498500
3.487250
3.476060
3.464940
3.453890
3.442890
3.431960
3.421090
3.410290
3.399540
3.388860
3.378230
3.367670
3.357160
3.346720
3.336340
3.326000
3.315730
3.305520
3.295360
3.285250
3.275210
3.265210
3.255270
3.245380
3.235560
3.225780
3.216040
3.206370
3.196750
3.187170
3.177650
3.168170
3.158760
3.149380
3.140050
3.130780
3.121550
3.112370
3.103240
3.094150
3.085110
3.076120
3.067170
3.058270
3.049410
3.040600
3.031830
3.023100
3.014420
3.005780
2.997190
2.988630
2.980120
2.971650
2.963220
2.954840
2.946500
2.938190
2.929920
2.921700
2.913510
2.905370
2.897260
2.889190
2.881160
2.873170
2.865210
2.857290
2.849410
2.841570
2.833760
2.826000
2.818260
2.810560
2.802900
2.795270
2.787680
2.780120
2.772600
2.765110
2.757660
2.750230
2.742840
2.735490
2.728170
2.720880
2.713620
2.706400
2.699210
2.692050
2.684920
2.677820
2.670760
2.663720
2.656720
2.649740
2.642800
2.635880
2.629000
2.622150
2.615320
2.608530
2.601760
2.595020
2.588320
2.581640
2.574980
2.568360
2.561760
2.555190
2.548650
2.542140
2.535660
2.529190
2.522760
2.516350
2.509980
2.503620
2.497290
2.490990
2.484720
2.478470
2.472240
2.466050
2.459870
2.453720
2.447600
2.441500
2.435420
2.429370
2.423340
2.417340
2.411360
2.405400
2.399470
2.393560
2.387680
2.381810
2.375970
2.370150
2.364360
2.358590
2.352840
2.347110
2.341410
2.335730
2.330060
2.324420
2.318800
2.313210
2.307640
2.302080
2.296540
2.291040
2.285540
2.280070
2.274620
2.269190
2.263780
2.258400
2.253030
2.247680
2.242350
2.237040
2.231750
2.226480
2.221230
2.215990
2.210780
2.205590
2.200410
2.195260
2.190120
2.185000
2.179900
2.174820
2.169760
2.164720
2.159680
2.154680
2.149690
2.144710
2.139760
2.134820
2.129900
2.124990
2.120110
2.115240
2.110390
2.105560
2.100740
2.095940
2.091160
2.086390
2.081640
2.076900
2.072180
2.067480
2.062800
2.058130
2.053480
2.048840
2.044220
2.039610
2.035020
2.030450
2.025890
2.021350
2.016820
2.012310
2.007810
2.003330
1.998860
1.994410
1.989970
1.985550
1.981140
1.976750
1.972370
1.968010
1.963660
1.959330
1.955000
1.950700
1.946410
1.942130
1.937870
1.933620
1.929380
1.925160
1.920950
1.916750
1.912580
1.908400
1.904250
1.900110
1.895990
1.891870
1.887770
1.883690
1.879610
1.875550
1.871500
1.867470
1.863440
1.859430
1.855430
1.851450
1.847480
1.843520
1.839570
1.835640
1.831720
1.827800
1.823910
1.820030
1.816150
1.812290
1.808440
1.804610
1.800780
1.796970
1.793170
1.789370
1.785600
1.781830
1.778080
1.774330
1.770600
1.766880
1.763180
1.759470
1.755790
1.752120
1.748450
1.744800
1.741160
1.737530
1.733910
1.730300
1.726700
1.723120
1.719540
1.715980
1.712420
1.708880
1.705340
1.701820
1.698310
1.694800
1.691310
1.687830
1.684360
1.680900
1.677450
1.674010
1.670580
1.667160
1.663750
1.660350
1.656960
1.653580
1.650210
1.646850
1.643500
1.640160
1.636830
1.633510
1.630200
1.626900
1.623610
1.620320
1.617050
1.613780
1.610530
1.607290
1.604050
1.600820
1.597610
1.594400
1.591200
1.588010
1.584830
1.581660
1.578500
1.575350
1.572200
1.569070
1.565940
1.562820
1.559710
1.556620
1.553520
1.550440
1.547360
1.544300
1.541240
1.538200
1.535160
1.532130
1.529100
1.526090
1.523080
1.520080
1.517100
1.514120
1.511140
1.508180
1.505220
1.502270
1.499330
1.496410
1.493480
1.490560
1.487660
1.484760
1.481860
1.478990
1.476110
1.473240
1.470380
1.467530
1.464680
1.461850
1.459020
1.456200
1.453380
1.450580
1.447780
1.444990
1.442210
1.439430
1.436670
1.433910
1.431150
1.428410
1.425660
1.422940
1.420210
1.417500
1.414780
1.412090
1.409390
1.406710
1.404020
1.401350
1.398690
1.396030
1.393370
1.390730
1.388090
1.385460
1.382840
1.380220
1.377610
1.375010
1.372410
1.369830
1.367240
1.364670
1.362100
1.359530
1.356980
1.354430
1.351890
1.349350
1.346830
1.344300
1.341790
1.339280
1.336780
1.334280
1.331790
1.329310
1.326830
1.324360
1.321900
1.319440
1.316990
1.314550
1.312100
1.309680
1.307250
1.304830
1.302410
1.300010
1.297610
1.295210
1.292830
1.290450
1.288070
1.285700
1.283330
1.280980
1.278620
1.276280
1.273940
1.271600
1.269270
1.266950
1.264640
1.262330
1.260020
1.257720
1.255430
1.253150
1.250860
1.248590
1.246320
1.244050
1.241800
1.239540
1.237290
1.235050
1.232820
1.230590
1.228360
1.226140
1.223930
1.221720
1.219520
1.217320
1.215140
1.212950
1.210770
1.208590
1.206430
1.204260
1.202100
1.199950
1.197800
1.195650
1.193520
1.191390
1.189260
1.187140
1.185030
1.182910
1.180810
1.178710
1.176610
1.174520
1.172440
1.170360
1.168280
1.166210
1.164150
1.162090
1.160030
1.157980
1.155940
1.153900
1.151870
1.149840
1.147810
1.145790
1.143780
1.141770
1.139760
1.137760
1.135770
1.133780
1.131800
1.129810
1.127830
1.125870
1.123900
1.121940
1.119980
1.118030
1.116080
1.114140
1.112200
1.110270
1.108340
1.106420
1.104500
1.102590
1.100670
1.098770
1.096870
1.094980
1.093080
1.091190
1.089310
1.087440
1.085560
1.083690
1.081830
1.079970
1.078110
1.076260
1.074420
1.072570
1.070740
1.068900
1.067070
1.065250
1.063430
1.061610
1.059800
1.057990
1.056190
1.054390
1.052600
1.050800
1.049020
1.047240
1.045460
1.043690
1.041920
1.040150
1.038390
1.036640
1.034890
1.033140
1.031390
1.029650
1.027920
1.026180
1.024460
1.022730
1.021010
1.019300
1.017590
1.015880
1.014180
1.012480
1.010780
1.009090
1.007410
1.005740
1.004130
1.003490
1.004640
1.007910
1.013950
1.024140
1.041440
1.071210
1.120490
1.196520
1.305080
1.449460
1.630180
1.845340
2.091360
2.363800
2.658000
2.969540
3.294410
3.628970
3.969890
4.314180
4.659190
5.002730
5.343070
5.678920
6.009360
6.333720
6.651600
6.962680
7.266860
7.564060
7.854160
8.137300
8.413520
8.682880
8.945520
9.201480
9.450950
9.693990
9.930720
10.161300
10.385800
10.604300
10.817100
11.024100
11.225400
11.421300
11.611700
11.796900
11.976700
12.151500
12.321100
12.485800
12.645700
12.800700
12.951000
13.096700
13.237800
13.374400
13.506500
13.634300
13.757800
13.877100
13.992200
14.103200
14.210200
14.313200
14.412300
14.507600
14.599200
14.686900
14.771100
14.851600
14.928700
15.002200
15.072300
15.139100
15.202500
15.262600
15.319500
15.373300
15.423900
15.471500
15.516100
15.557800
15.596500
15.632400
15.665500
15.695800
15.723400
15.748300
15.770600
15.790400
15.807600
15.822400
15.834700
15.844600
15.852200
15.857500
15.860600
15.861400
15.860100
15.856600
15.851000
15.843500
15.833900
15.822400
15.808900
15.793500
15.776300
15.757400
15.736600
15.714100
15.689900
15.664100
15.636700
15.607700
15.577200
15.545100
15.511600
15.476700
15.440300
15.402600
15.363600
15.323300
15.281700
15.238900
15.194800
15.149700
15.103300
15.055900
15.007500
14.957900
14.907400
14.855900
14.803400
14.750000
14.695700
14.640600
14.584600
14.527800
14.470200
14.411900
14.352800
14.293100
14.232700
14.171600
14.109900
14.047600
13.984700
13.921300
13.857300
13.792900
13.728000
13.662500
13.596700
13.530500
13.463800
13.396800
13.329500
13.261800
13.193900
13.125600
13.057100
12.988400
12.919400
12.850200
12.780800
12.711300
12.641600
12.571700
12.501800
12.431800
12.361600
12.291500
12.221300
12.151000
12.080800
12.010500
11.940200
11.870100
11.799900
11.729800
11.659800
11.589900
11.520100
11.450400
11.380800
11.311400
11.242100
11.173000
11.104100
11.035400
10.966900
10.898500
10.830500
10.762700
10.695100
10.627700
10.560700
10.493900
10.427400
10.361200
10.295300
10.229700
10.164400
10.099500
10.034900
9.970630
9.906730
9.843190
9.779950
9.717130
9.654680
9.592640
9.530900
9.469650
9.408750
9.348220
9.288100
9.228410
9.169140
9.110290
9.051860
8.993790
8.936200
8.879030
8.822290
8.765960
8.710060
8.654570
8.599570
8.544980
8.490820
8.437080
8.383820
8.330980
8.278620
8.226620
8.175110
8.124010
8.073400
8.023200
7.973430
7.924070
7.875140
7.826690
7.778660
7.731050
7.683860
7.637090
7.590750
7.544820
7.499310
7.454230
7.409560
7.365320
7.321500
7.278100
7.235060
7.192440
7.150180
7.108340
7.066920
7.025860
6.985220
6.944950
6.905090
6.865540
6.826410
6.787630
6.749280
6.711230
6.673540
6.636270
6.599300
6.562690
6.526440
6.490490
6.454970
6.419740
6.384810
6.350250
6.316040
6.282080
6.248540
6.215230
6.182290
6.149650
6.117310
6.085270
6.053530
6.022090
5.990950
5.960100
5.929540
5.899260
5.869260
5.839550
5.810110
5.780930
5.752030
5.723390
5.695020
5.666900
5.639040
5.611440
5.584080
5.556970
5.530110
5.503490
5.477100
5.450960
5.425040
5.399360
5.373910
5.348680
5.323670
5.298880
5.274300
5.249950
5.225800
5.201870
5.178140
5.154610
5.131290
5.108170
5.085240
5.062510
5.039970
5.017620
4.995460
4.973490
4.951690
4.930080
4.908650
4.887400
4.866320
4.845410
4.824670
4.804110
4.783710
4.763470
4.743400
4.723490
4.703730
4.684140
4.664700
4.645400
4.626270
4.607290
4.588450
4.569760
4.551210
4.532810
4.514540
4.496420
4.478440
4.460590
4.442880
4.425300
4.407860
4.390540
4.373350
4.356290
4.339360
4.322550
4.305870
4.289300
4.272860
4.256540
4.240330
4.224250
4.208270
4.192410
4.176660
4.161030
4.145500
4.130080
4.114780
4.099580
4.084480
4.069490
4.054610
4.039820
4.025140
4.010550
3.996070
3.981680
3.967390
3.953190
3.939100
3.925090
3.911180
3.897360
3.883630
3.869990
3.856440
3.842980
3.829600
3.816320
3.803120
3.789990
3.776960
3.764010
3.751140
3.738360
3.725650
3.713020
3.700470
3.688000
3.675610
3.663290
3.651050
3.638890
3.626790
3.614770
3.602830
3.590960
3.579160
3.567430
3.555770
3.544180
3.532660
3.521200
3.509820
3.498500
3.487240
3.476060
3.464940
3.453880
3.442890
3.431950
3.421080
3.410280
3.399530
3.388850
3.378230
3.367670
3.357160
3.346720
3.336330
3.326000
3.315730
3.305510
3.295350
3.285250
3.275200
3.265200
3.255270
3.245380
3.235550
3.225770
3.216040
3.206360
3.196740
3.187160
3.177640
3.168170
3.158750
3.149380
3.140050
3.130770
3.121540
3.112370
3.103230
3.094150
3.085100
3.076110
3.067170
3.058260
3.049400
3.040590
3.031820
3.023100
3.014420
3.005780
2.997180
2.988630
2.980120
2.971650
2.963220
2.954830
2.946490
2.938180
2.929920
2.921690
2.913500
2.905360
2.897260
2.889180
2.881150
2.873160
2.865210
2.857290
2.849410
2.841570
2.833760
2.825990
2.818260
2.810550
2.802900
2.795270
2.787680
2.780120
2.772590
2.765100
2.757650
2.750230
2.742840
2.735490
2.728160
2.720880
2.713620
2.706400
2.699200
2.692040
2.684910
2.677820
2.670750
2.663720
2.656710
2.649740
2.642800
2.635880
2.628990
2.622140
2.615320
2.608520
2.601760
2.595020
2.588310
2.581630
2.574980
2.568350
2.561760
2.555190
2.548650
2.542140
2.535650
2.529190
2.522760
2.516350
2.509970
2.503620
2.497290
2.490990
2.484720
2.478460
2.472240
2.466040
2.459870
2.453720
2.447590
2.441490
2.435420
2.429360
2.423340
2.417340
2.411350
2.405400
2.399460
2.393550
2.387670
2.381810
2.375970
2.370150
2.364360
2.358590
2.352830
2.347110
2.341410
2.335720
2.330060
2.324420
2.318800
2.313210
2.307630
2.302070
2.296540
2.291030
2.285540
2.280070
2.274620
2.269190
2.263780
2.258390
2.253020
2.247670
2.242350
2.237030
2.231740
2.226480
2.221220
2.215990
2.210780
2.205590
2.200410
2.195250
2.190120
2.185000
2.179900
2.174810
2.169750
2.164710
2.159680
2.154670
2.149680
2.144710
2.139750
2.134820
2.129900
2.124990
2.120110
2.115240
2.110390
2.105550
2.100740
2.095930
2.091150
2.086380
2.081630
2.076900
2.072180
2.067480
2.062790
2.058120
2.053470
2.048840
2.044210
2.039610
2.035020
2.030450
2.025890
2.021350
2.016820
2.012300
2.007810
2.003320
1.998860
1.994410
1.989970
1.985550
1.981140
1.976750
1.972370
1.968010
1.963650
1.959320
1.955000
1.950690
1.946400
1.942130
1.937870
1.933620
1.929380
1.925160
1.920950
1.916750
1.912570
1.908400
1.904250
1.900110
1.895990
1.891870
1.887770
1.883680
1.879600
1.875550
1.871500
1.867460
1.863440
1.859430
1.855430
1.851450
1.847470
1.843520
1.839570
1.835640
1.831710
1.827800
1.823910
1.820020
1.816150
1.812290
1.808440
1.804600
1.800780
1.796970
1.793160
1.789370
1.785590
1.781830
1.778070
1.774330
1.770600
1.766880
1.763170
1.759470
1.755790
1.752110
1.748450
1.744790
1.741160
1.737530
1.733910
1.730290
1.726700
1.723110
1.719530
1.715970
1.712420
1.708870
1.705340
1.701810
1.698300
1.694800
1.691310
1.687830
1.684360
1.680900
1.677450
1.674010
1.670580
1.667160
1.663750
1.660350
1.656960
1.653580
1.650210
1.646850
1.643500
1.640160
1.636830
1.633510
1.630190
1.626890
1.623610
1.620320
1.617050
1.613780
1.610530
1.607290
1.604050
1.600820
1.597610
1.594400
1.591200
1.588010
1.584830
1.581660
1.578500
1.575340
1.572200
1.569070
1.565940
1.562820
1.559710
1.556610
1.553520
1.550440
1.547360
1.544300
1.541240
1.538190
1.535160
1.532120
1.529100
1.526080
1.523080
1.520080
1.517090
1.514120
1.511140
1.508180
1.505220
1.502270
1.499330
1.496400
1.493480
1.490560
1.487650
1.484760
1.481860
1.478980
1.476110
1.473240
1.470380
1.467530
1.464680
1.461850
1.459020
1.456200
1.453380
1.450580
1.447780
1.444990
1.442210
1.439430
1.436660
1.433900
1.431150
1.428400
1.425660
1.422940
1.420210
1.417500
1.414780
1.412090
1.409390
1.406700
1.404020
1.401350
1.398680
1.396020
1.393370
1.390730
1.388090
1.385460
1.382830
1.380220
1.377610
1.375010
1.372410
1.369820
1.367240
1.364660
1.362100
1.359530
1.356980
1.354430
1.351890
1.349350
1.346820
1.344300
1.341780
1.339280
1.336780
1.334280
1.331790
1.329300
1.326830
1.324360
1.321900
1.319440
1.316990
1.314550
1.312100
1.309680
1.307250
1.304830
1.302410
1.300010
1.297610
1.295210
1.292830
1.290440
1.288070
1.285700
1.283330
1.280970
1.278620
1.276280
1.273930
1.271600
1.269270
1.266950
1.264630
1.262330
1.260020
1.257720
1.255430
1.253140
1.250860
1.248580
1.246320
1.244050
1.241790
1.239540
1.237290
1.235050
1.232820
1.230590
1.228360
1.226140
1.223930
1.221720
1.219520
1.217320
1.215130
1.212950
1.210770
1.208590
1.206420
1.204260
1.202100
1.199950
1.197800
1.195650
1.193520
1.191390
1.189260
1.187140
1.185020
1.182910
1.180810
1.178700
1.176610
1.174520
1.172430
1.170350
1.168280
1.166210
1.164140
1.162090
1.160030
1.157980
1.155940
1.153900
1.151860
1.149840
1.147810
1.145790
1.143780
1.141770
1.139760
1.137760
1.135770
1.133780
1.131790
1.129810
1.127830
1.125860
1.123900
1.121940
1.119980
1.118030
1.116080
1.114140
1.112200
1.110270
1.108340
1.106420
1.104500
1.102590
1.100670
1.098770
1.096870
1.094970
1.093080
1.091190
1.089310
1.087430
1.085560
1.083690
1.081830
1.079970
1.078110
1.076260
1.074420
1.072570
1.070730
1.068900
1.067070
1.065250
1.063430
1.061610
1.059800
1.057990
1.056190
1.054390
1.052600
1.050800
1.049020
1.047240
1.045460
1.043690
1.041920
1.040150
1.038390
1.036640
1.034890
1.033140
1.031390
1.029650
1.027910
1.026180
1.024460
1.022730
1.021010
1.019300
1.017590
1.015880
1.014170
1.012480
1.010780
1.009090
1.007410
1.005740
1.004130
1.003480
1.004640
1.007910
1.013950
1.024140
1.041450
1.071220
1.120510
1.196540
1.305110
1.449500
1.630230
1.845390
2.091410
2.363850
2.658060
2.969600
3.294450
3.629010
3.969940
4.314220
4.659230
5.002760
5.343100
5.678940
6.009370
6.333720
6.651600
6.962680
7.266860
7.564000
7.854160
8.137300
8.413520
8.682820
8.945460
9.201420
9.450890
9.693870
9.930660
10.161200
10.385700
10.604200
10.817000
11.023900
11.225300
11.421200
11.611600
11.796800
11.976600
12.151300
12.321000
12.485700
12.645600
12.800600
12.950900
13.096500
13.237600
13.374200
13.506300
13.634100
13.757600
13.876900
13.992000
14.103100
14.210000
14.313000
14.412200
14.507400
14.598900
14.686800
14.770900
14.851500
14.928500
15.002000
15.072100
15.138800
15.202200
15.262300
15.319300
15.373000
15.423700
15.471200
15.515800
15.557500
15.596200
15.632100
15.665200
15.695500
15.723100
15.748000
15.770300
15.790100
15.807300
15.822100
15.834400
15.844300
15.851900
15.857200
15.860200
15.861100
15.859700
15.856300
15.850700
15.843200
15.833500
15.822000
15.808500
15.793200
15.776000
15.757000
15.736300
15.713800
15.689600
15.663800
15.636400
15.607400
15.576900
15.544800
15.511300
15.476300
15.440000
15.402300
15.363300
15.322900
15.281300
15.238500
15.194500
15.149300
15.103000
15.055600
15.007100
14.957600
14.907000
14.855500
14.803000
14.749600
14.695400
14.640200
14.584200
14.527500
14.469900
14.411600
14.352500
14.292700
14.232300
14.171200
14.109500
14.047200
13.984300
13.920900
13.857000
13.792500
13.727600
13.662200
13.596400
13.530100
13.463500
13.396500
13.329200
13.261500
13.193500
13.125300
13.056800
12.988000
12.919000
12.849800
12.780400
12.710900
12.641200
12.571400
12.501500
12.431400
12.361300
12.291200
12.220900
12.150700
12.080400
12.010200
11.939900
11.869700
11.799600
11.729500
11.659500
11.589500
11.519800
11.450100
11.380500
11.311000
11.241800
11.172700
11.103800
11.035100
10.966600
10.898200
10.830200
10.762400
10.694800
10.627400
10.560400
10.493600
10.427100
10.360900
10.295000
10.229400
10.164100
10.099200
10.034700
9.970390
9.906430
9.842890
9.779710
9.716890
9.654430
9.592340
9.530660
9.469410
9.408450
9.347980
9.287860
9.228170
9.168900
9.110050
9.051620
8.993550
8.935960
8.878790
8.822050
8.765720
8.709810
8.654390
8.599330
8.544740
8.490580
8.436900
8.383640
8.330800
8.278380
8.226440
8.174930
8.123830
8.073210
8.022960
7.973190
7.923890
7.874960
7.826510
7.778420
7.730810
7.683680
7.636910
7.590570
7.544640
7.499130
7.454050
7.409440
7.365140
7.321320
7.277920
7.234870
7.192250
7.150060
7.108220
7.066800
7.025740
6.985040
6.944830
6.904910
6.865420
6.826280
6.787510
6.749100
6.711050
6.673420
6.636090
6.599120
6.562570
6.526260
6.490370
6.454780
6.419560
6.384690
6.350130
6.315860
6.281960
6.248420
6.215110
6.182170
6.149530
6.117190
6.085150
6.053410
6.021970
5.990840
5.959990
5.929420
5.899150
5.869150
5.839440
5.809990
5.780820
5.751920
5.723280
5.694900
5.666790
5.638930
5.611330
5.583980
5.556870
5.530010
5.503380
5.477010
5.450860
5.424940
5.399260
5.373810
5.348580
5.323570
5.298780
5.274210
5.249860
5.225710
5.201780
5.178050
5.154530
5.131200
5.108080
5.085160
5.062420
5.039890
5.017540
4.995380
4.973410
4.951610
4.930010
4.908570
4.887320
4.866240
4.845330
4.824600
4.804030
4.783630
4.763400
4.743320
4.723410
4.703650
4.684060
4.664620
4.645330
4.626200
4.607210
4.588380
4.569690
4.551140
4.532730
4.514480
4.496350
4.478370
4.460530
4.442810
4.425230
4.407790
4.390480
4.373280
4.356230
4.339300
4.322490
4.305800
4.289240
4.272800
4.256470
4.240270
4.224180
4.208210
4.192350
4.176610
4.160970
4.145440
4.130030
4.114720
4.099520
4.084430
4.069440
4.054550
4.039760
4.025080
4.010490
3.996010
3.981630
3.967340
3.953140
3.939040
3.925040
3.911130
3.897310
3.883580
3.869940
3.856390
3.842930
3.829550
3.816270
3.803070
3.789940
3.776910
3.763960
3.751090
3.738310
3.725600
3.712980
3.700420
3.687960
3.675560
3.663240
3.651000
3.638840
3.626750
3.614730
3.602790
3.590920
3.579120
3.567390
3.555730
3.544140
3.532620
3.521160
3.509770
3.498460
3.487200
3.476010
3.464890
3.453840
3.442850
3.431920
3.421050
3.410250
3.399500
3.388810
3.378190
3.367630
3.357130
3.346680
3.336290
3.325970
3.315690
3.305480
3.295320
3.285220
3.275160
3.265170
3.255230
3.245350
3.235510
3.225730
3.216010
3.206330
3.196710
3.187130
3.177610
3.168140
3.158720
3.149350
3.140020
3.130740
3.121510
3.112340
3.103200
3.094120
3.085080
3.076080
3.067140
3.058230
3.049370
3.040560
3.031800
3.023070
3.014390
3.005750
2.997150
2.988600
2.980090
2.971620
2.963190
2.954810
2.946460
2.938160
2.929890
2.921670
2.913480
2.905340
2.897230
2.889160
2.881130
2.873140
2.865180
2.857260
2.849390
2.841540
2.833730
2.825970
2.818230
2.810530
2.802870
2.795240
2.787650
2.780100
2.772570
2.765080
2.757630
2.750210
2.742820
2.735460
2.728140
2.720850
2.713600
2.706370
2.699180
2.692020
2.684890
2.677790
2.670730
2.663690
2.656690
2.649720
2.642770
2.635860
2.628980
2.622120
2.615290
2.608500
2.601730
2.595000
2.588290
2.581610
2.574960
2.568330
2.561740
2.555170
2.548630
2.542110
2.535630
2.529170
2.522740
2.516330
2.509950
2.503600
2.497270
2.490970
2.484690
2.478450
2.472220
2.466020
2.459850
2.453700
2.447570
2.441470
2.435400
2.429350
2.423320
2.417320
2.411340
2.405380
2.399450
2.393540
2.387650
2.381790
2.375950
2.370130
2.364340
2.358570
2.352820
2.347090
2.341390
2.335700
2.330050
2.324400
2.318790
2.313190
2.307610
2.302060
2.296530
2.291010
2.285530
2.280060
2.274600
2.269170
2.263760
2.258370
2.253000
2.247650
2.242330
2.237020
2.231730
2.226460
2.221200
2.215970
2.210760
2.205570
2.200390
2.195240
2.190100
2.184990
2.179880
2.174800
2.169740
2.164690
2.159670
2.154660
2.149670
2.144690
2.139740
2.134800
2.129880
2.124970
2.120090
2.115220
2.110370
2.105540
2.100720
2.095920
2.091140
2.086370
2.081620
2.076880
2.072170
2.067460
2.062780
2.058110
2.053460
2.048820
2.044200
2.039600
2.035000
2.030430
2.025870
2.021330
2.016800
2.012290
2.007800
2.003310
1.998850
1.994390
1.989950
1.985540
1.981130
1.976740
1.972360
1.967990
1.963640
1.959310
1.954990
1.950680
1.946390
1.942120
1.937850
1.933600
1.929370
1.925140
1.920930
1.916740
1.912560
1.908390
1.904240
1.900100
1.895970
1.891860
1.887760
1.883670
1.879590
1.875530
1.871480
1.867450
1.863430
1.859420
1.855420
1.851440
1.847460
1.843510
1.839560
1.835630
1.831700
1.827790
1.823900
1.820010
1.816140
1.812280
1.808430
1.804590
1.800770
1.796950
1.793150
1.789360
1.785590
1.781820
1.778060
1.774320
1.770590
1.766870
1.763160
1.759460
1.755780
1.752100
1.748440
1.744790
1.741150
1.737510
1.733900
1.730280
1.726690
1.723100
1.719520
1.715960
1.712410
1.708860
1.705330
1.701810
1.698290
1.694790
1.691300
1.687820
1.684350
1.680890
1.677440
1.674000
1.670570
1.667150
1.663740
1.660340
1.656950
1.653570
1.650200
1.646840
1.643490
1.640150
1.636820
1.633500
1.630190
1.626890
1.623590
1.620310
1.617040
1.613770
1.610520
1.607270
1.604040
1.600810
1.597590
1.594390
1.591190
1.588000
1.584820
1.581650
1.578480
1.575330
1.572190
1.569050
1.565930
1.562810
1.559700
1.556600
1.553510
1.550430
1.547350
1.544290
1.541230
1.538180
1.535140
1.532110
1.529090
1.526080
1.523070
1.520070
1.517090
1.514100
1.511130
1.508170
1.505210
1.502260
1.499320
1.496390
1.493470
1.490560
1.487650
1.484750
1.481860
1.478970
1.476100
1.473230
1.470370
1.467520
1.464670
1.461840
1.459010
1.456190
1.453380
1.450570
1.447770
1.444980
1.442200
1.439420
1.436650
1.433890
1.431140
1.428390
1.425660
1.422920
1.420200
1.417480
1.414780
1.412070
1.409380
1.406690
1.404010
1.401340
1.398670
1.396020
1.393370
1.390720
1.388080
1.385450
1.382830
1.380210
1.377600
1.375000
1.372400
1.369810
1.367230
1.364660
1.362090
1.359520
1.356970
1.354420
1.351880
1.349350
1.346810
1.344300
1.341780
1.339270
1.336770
1.334270
1.331780
1.329300
1.326820
1.324350
1.321890
1.319430
1.316980
1.314530
1.312100
1.309660
1.307240
1.304820
1.302410
1.300000
1.297600
1.295210
1.292820
1.290430
1.288060
1.285690
1.283320
1.280970
1.278620
1.276270
1.273930
1.271590
1.269270
1.266940
1.264630
1.262320
1.260010
1.257710
1.255420
1.253130
1.250860
1.248580
1.246310
1.244040
1.241780
1.239540
1.237290
1.235050
1.232810
1.230580
1.228350
1.226140
1.223920
1.221710
1.219510
1.217320
1.215120
1.212940
1.210760
1.208580
1.206410
1.204250
1.202090
1.199940
1.197790
1.195650
1.193510
1.191380
1.189250
1.187130
1.185010
1.182900
1.180800
1.178700
1.176600
1.174510
1.172430
1.170350
1.168270
1.166200
1.164140
1.162080
1.160020
1.157970
1.155930
1.153890
1.151850
1.149830
1.147800
1.145780
1.143770
1.141760
1.139750
1.137760
1.135760
1.133770
1.131780
1.129810
1.127830
1.125860
1.123890
1.121930
1.119980
1.118020
1.116080
1.114130
1.112200
1.110260
1.108330
1.106410
1.104490
1.102580
1.100670
1.098760
1.096860
1.094970
1.093080
1.091190
1.089310
1.087430
1.085560
1.083690
1.081820
1.079960
1.078110
1.076260
1.074410
1.072570
1.070730
1.068900
1.067070
1.065240
1.063420
1.061610
1.059790
1.057990
1.056180
1.054390
1.052590
1.050800
1.049010
1.047230
1.045450
1.043680
1.041910
1.040150
1.038380
1.036630
1.034880
1.033130
1.031390
1.029640
1.027910
1.026180
1.024450
1.022730
1.021010
1.019290
1.017580
1.015870
1.014170
