16.627100
16.627100
16.627100
16.627000
16.627000
16.627400
16.629100
16.629100
16.628900
16.628800
16.628600
16.628500
16.628300
16.628200
16.628100
16.627900
16.627800
16.627700
16.627600
16.627500
16.627400
16.627300
16.627200
16.627100
16.627000
16.626900
16.626800
16.626700
16.626600
16.626600
16.626500
16.626400
16.626400
16.626300
16.626300
16.626200
16.626200
16.626200
16.626100
16.626100
16.626100
16.626100
16.626000
16.626000
16.626000
16.626000
16.626000
16.626000
16.626000
16.626000
16.626100
16.626100
16.626100
16.626100
16.626100
16.626100
16.626200
16.626200
16.626200
16.626200
16.626300
16.626300
16.626300
16.626400
16.626400
16.626500
16.626500
16.626500
16.626600
16.626600
16.626700
16.626700
16.626700
16.626800
16.626800
16.626900
16.626900
16.627000
16.627000
16.627100
16.627100
16.627200
16.627200
16.627300
16.627300
16.627400
16.627400
16.627500
16.627500
16.627600
16.627600
16.627700
16.627700
16.627800
16.627800
16.627900
16.628000
16.628000
16.628100
16.628100
16.628200
16.628200
16.628300
16.628300
16.628400
16.628400
16.628500
16.628500
16.628600
16.628600
16.628700
16.628700
16.628800
16.628800
16.628900
16.628900
16.629000
16.629000
16.629100
16.629100
16.629200
16.629200
16.629300
16.629300
16.629400
16.629400
16.629400
16.629500
16.629500
16.629600
16.629600
16.629700
16.629700
16.629800
16.629800
16.629900
16.629900
16.630000
16.630000
16.630000
16.630100
16.630100
16.630200
16.630200
16.630300
16.630300
16.630300
16.630400
16.630400
16.630500
16.630500
16.630600
16.630600
16.630600
16.630700
16.630700
16.630800
16.630800
16.630800
16.630900
16.630900
16.631000
16.631000
16.631000
16.631100
16.631100
16.631200
16.631200
16.631200
16.631300
16.631300
16.631400
16.631400
16.631400
16.631500
16.631500
16.631500
16.631600
16.631600
16.631700
16.631700
16.631700
16.631800
16.631800
16.631800
16.631900
16.631900
16.631900
16.632000
16.632000
16.632000
16.632100
16.632100
16.632100
16.632200
16.632200
16.632200
16.632300
16.632300
16.632300
16.632400
16.632400
16.632400
16.632500
16.632500
16.632500
16.632600
16.632600
16.632600
16.632700
16.632700
16.632700
16.632700
16.632800
16.632800
16.632800
16.632900
16.632900
16.632900
16.633000
16.633000
16.633000
16.633000
16.633100
16.633100
16.633100
16.633100
16.633200
16.633200
16.633200
16.633300
16.633300
16.633300
16.633300
16.633400
16.633400
16.633400
16.633400
16.633500
16.633500
16.633500
16.633500
16.633600
16.633600
16.633600
16.633600
16.633700
16.633700
16.633700
16.633700
16.633800
16.633800
16.633800
16.633800
16.633900
16.633900
16.633900
16.633900
16.633900
16.634000
16.634000
16.634000
16.634000
16.634100
16.634100
16.634100
16.634100
16.634100
16.634200
16.634200
16.634200
16.634200
16.634200
16.634300
16.634300
16.634300
16.634300
16.634300
16.634400
16.634400
16.634400
16.634400
16.634400
16.634400
16.634500
16.634500
16.634500
16.634500
16.634500
16.634600
16.634600
16.634600
16.634600
16.634600
16.634600
16.634700
16.634700
16.634700
16.634700
16.634700
16.634700
16.634800
16.634800
16.634800
16.634800
16.634800
16.634800
16.634800
16.634900
16.634900
16.634900
16.634900
16.634900
16.634900
16.634900
16.635000
16.635000
16.635000
16.635000
16.635000
16.635000
16.635000
16.635100
16.635100
16.635100
16.635100
16.635100
16.635100
16.635100
16.635100
16.635200
16.635200
16.635200
16.635200
16.635200
16.635200
16.635200
16.635200
16.635200
16.635300
16.635300
16.635300
16.635300
16.635300
16.635300
16.635300
16.635300
16.635300
16.635300
16.635300
16.635400
16.635400
16.635400
16.635400
16.635400
16.635400
16.635400
16.635400
16.635400
16.635400
16.635400
16.635500
16.635500
16.635500
16.635500
16.635500
16.635500
16.635500
16.635500
16.635500
16.635500
16.635500
16.635500
16.635500
16.635500
16.635500
16.635600
16.635600
16.635600
16.635600
16.635600
16.635600
16.635600
16.635600
16.635600
16.635600
16.635600
16.635600
16.635600
16.635600
16.635600
16.635600
16.635600
16.635600
16.635600
16.635600
16.635700
16.635700
16.635700
16.635700
16.635700
16.635700
16.635700
16.635700
16.635700
16.635700
16.635700
16.635700
16.635700
16.635700
16.635700
16.635700
16.635700
16.635700
16.635700
16.635700
16.635700
16.635700
16.635700
16.635700
16.635700
16.635700
16.635700
16.635700
16.635700
16.635700
16.635700
16.635700
16.635700
16.635700
16.635700
16.635700
16.635700
16.635700
16.635700
16.635700
16.635700
16.635700
16.635700
16.635700
16.635700
16.635700
16.635700
16.635700
16.635700
16.635700
16.635700
16.635700
16.635700
16.635700
16.635700
16.635700
16.635700
16.635700
16.635700
16.635700
16.635700
16.635700
16.635700
16.635700
16.635700
16.635700
16.635700
16.635700
16.635700
16.635700
16.635700
16.635700
16.635700
16.635700
16.635700
16.635700
16.635700
16.635700
16.635700
16.635600
16.635600
16.635600
16.635600
16.635600
16.635600
16.635600
16.635600
16.635600
16.635600
16.635600
16.635600
16.635600
16.635600
16.635600
16.635600
16.635600
16.635600
16.635600
16.635600
16.635600
16.635600
16.635600
16.635500
16.635500
16.635500
16.635500
16.635500
16.635500
16.635500
16.635500
16.635500
16.635500
16.635500
16.635500
16.635500
16.635500
16.635500
16.635500
16.635500
16.635400
16.635400
16.635400
16.635400
16.635400
16.635400
16.635400
16.635400
16.635400
16.635400
16.635400
16.635400
16.635400
16.635400
16.635300
16.635300
16.635300
16.635300
16.635300
16.635300
16.635300
16.635300
16.635300
16.635300
16.635300
16.635300
16.635300
16.635200
16.635200
16.635200
16.635200
16.635200
16.635200
16.635200
16.635200
16.635200
16.635200
16.635200
16.635200
16.635100
16.635100
16.635100
16.635100
16.635100
16.635100
16.635100
16.635100
16.635100
16.635100
16.635000
16.635000
16.635000
16.635000
16.635000
16.635000
16.635000
16.635000
16.635000
16.635000
16.634900
16.634900
16.634900
16.634900
16.634900
16.634900
16.634900
16.634900
16.634900
16.634900
16.634800
16.634800
16.634800
16.634800
16.634800
16.634800
16.634800
16.634800
16.634800
16.634700
16.634700
16.634700
16.634700
16.634700
16.634700
16.634700
16.634700
16.634700
16.634600
16.634600
16.634600
16.634600
16.634600
16.634600
16.634600
16.634600
16.634500
16.634500
16.634500
16.634500
16.634500
16.634500
16.634500
16.634500
16.634500
16.634400
16.634400
16.634400
16.634400
16.634400
16.634400
16.634400
16.634300
16.634300
16.634300
16.634300
16.634300
16.634300
16.634300
16.634300
16.634200
16.634200
16.634200
16.634200
16.634200
16.634200
16.634200
16.634200
16.634100
16.634100
16.634100
16.634100
16.634100
16.634100
16.634100
16.634000
16.634000
16.634000
16.634000
16.634000
16.634000
16.634000
16.633900
16.633900
16.633900
16.633900
16.633900
16.633900
16.633900
16.633800
16.633800
16.633800
16.633800
16.633800
16.633800
16.633800
16.633700
16.633700
16.633700
16.633700
16.633700
16.633700
16.633700
16.633600
16.633600
16.633600
16.633600
16.633600
16.633600
16.633600
16.633500
16.633500
16.633500
16.633500
16.633500
16.633500
16.633400
16.633400
16.633400
16.633400
16.633400
16.633400
16.633400
16.633300
16.633300
16.633300
16.633300
16.633300
16.633300
16.633200
16.633200
16.633200
16.633200
16.633200
16.633200
16.633200
16.633100
16.633100
16.633100
16.633100
16.633100
16.633100
16.633000
16.633000
16.633000
16.633000
16.633000
16.633000
16.632900
16.632900
16.632900
16.632900
16.632900
16.632900
16.632800
16.632800
16.632800
16.632800
16.632800
16.632800
16.632700
16.632700
16.632700
16.632700
16.632700
16.632700
16.632600
16.632600
16.632600
16.632600
16.632600
16.632600
16.632500
16.632500
16.632500
16.632500
16.632500
16.632500
16.632400
16.632400
16.632400
16.632400
16.632400
16.632400
16.632300
16.632300
16.632300
16.632300
16.632300
16.632200
16.632200
16.632200
16.632200
16.632200
16.632200
16.632100
16.632100
16.632100
16.632100
16.632100
16.632100
16.632000
16.632000
16.632000
16.632000
16.632000
16.631900
16.631900
16.631900
16.631900
16.631900
16.631900
16.631800
16.631800
16.631800
16.631800
16.631800
16.631800
16.631700
16.631700
16.631700
16.631700
16.631700
16.631600
16.631600
16.631600
16.631600
16.631600
16.631600
16.631500
16.631500
16.631500
16.631500
16.631500
16.631400
16.631400
16.631400
16.631400
16.631400
16.631400
16.631300
16.631300
16.631300
16.631300
16.631300
16.631200
16.631200
16.631200
16.631200
16.631200
16.631100
16.631100
16.631100
16.631100
16.631100
16.631100
16.631000
16.631000
16.631000
16.631000
16.631000
16.630900
16.630900
16.630900
16.630900
16.630900
16.630800
16.630800
16.630800
16.630800
16.630800
16.630800
16.630700
16.630700
16.630700
16.630700
16.630700
16.630600
16.630600
16.630600
16.630600
16.630600
16.630500
16.630500
16.630500
16.630500
16.630500
16.630400
16.630400
16.630400
16.630400
16.630400
16.630300
16.630300
16.630300
16.630300
16.630300
16.630300
16.630200
16.630200
16.630200
16.630200
16.630200
16.630100
16.630100
16.630100
16.630100
16.630100
16.630000
16.630000
16.630000
16.630000
16.630000
16.629900
16.629900
16.629900
16.629900
16.629900
16.629800
16.629800
16.629800
16.629800
16.629800
16.629700
16.629700
16.629700
16.629700
16.629700
16.629600
16.629600
16.629600
16.629600
16.629600
16.629500
16.629500
16.629500
16.629500
16.629500
16.629400
16.629400
16.629400
16.629400
16.629400
16.629300
16.629300
16.629300
16.629300
16.629300
16.629200
16.629200
16.629200
16.629200
16.629200
16.629100
16.629100
16.629100
16.629100
16.629100
16.629000
16.629000
16.629000
16.629000
16.629000
16.628900
16.628900
16.628900
16.628900
16.628900
16.628800
16.628800
16.628800
16.628800
16.628800
16.628700
16.628700
16.628700
16.628700
16.628700
16.628600
16.628600
16.628600
16.628600
16.628600
16.628500
16.628500
16.628500
16.628500
16.628500
16.628400
16.628400
16.628400
16.628400
16.628400
16.628300
16.628300
16.628300
16.628300
16.628300
16.628200
16.628200
16.628200
16.628200
16.628100
16.628100
16.628100
16.628100
16.628100
16.628000
16.628000
16.628000
16.628000
16.628000
16.627900
16.627900
16.627900
16.627900
16.627900
16.627800
16.627800
16.627800
16.627800
16.627800
16.627700
16.627700
16.627700
16.627700
16.627700
16.627600
16.627600
16.627600
16.627600
16.627900
16.629600
16.629600
16.629500
16.629300
16.629100
16.629000
16.628900
16.628700
16.628600
16.628500
16.628300
16.628200
16.628100
16.628000
16.627900
16.627800
16.627700
16.627600
16.627500
16.627400
16.627300
16.627200
16.627200
16.627100
16.627000
16.627000
16.626900
16.626900
16.626800
16.626800
16.626700
16.626700
16.626700
16.626600
16.626600
16.626600
16.626600
16.626600
16.626600
16.626600
16.626600
16.626600
16.626600
16.626600
16.626600
16.626600
16.626600
16.626600
16.626600
16.626700
16.626700
16.626700
16.626700
16.626800
16.626800
16.626800
16.626900
16.626900
16.626900
16.627000
16.627000
16.627100
16.627100
16.627100
16.627200
16.627200
16.627300
16.627300
16.627400
16.627400
16.627500
16.627500
16.627600
16.627600
16.627600
16.627700
16.627800
16.627800
16.627900
16.627900
16.628000
16.628000
16.628100
16.628100
16.628200
16.628200
16.628300
16.628300
16.628400
16.628400
16.628500
16.628500
16.628600
16.628600
16.628700
16.628700
16.628800
16.628800
16.628900
16.628900
16.629000
16.629000
16.629100
16.629100
16.629200
16.629200
16.629300
16.629300
16.629400
16.629400
16.629500
16.629500
16.629600
16.629600
16.629700
16.629700
16.629800
16.629800
16.629900
16.629900
16.630000
16.630000
16.630100
16.630100
16.630200
16.630200
16.630200
16.630300
16.630300
16.630400
16.630400
16.630500
16.630500
16.630600
16.630600
16.630700
16.630700
16.630700
16.630800
16.630800
16.630900
16.630900
16.631000
16.631000
16.631000
16.631100
16.631100
16.631200
16.631200
16.631200
16.631300
16.631300
16.631400
16.631400
16.631500
16.631500
16.631500
16.631600
16.631600
16.631600
16.631700
16.631700
16.631800
16.631800
16.631800
16.631900
16.631900
16.632000
16.632000
16.632000
16.632100
16.632100
16.632100
16.632200
16.632200
16.632200
16.632300
16.632300
16.632400
16.632400
16.632400
16.632500
16.632500
16.632500
16.632600
16.632600
16.632600
16.632700
16.632700
16.632700
16.632800
16.632800
16.632800
16.632900
16.632900
16.632900
16.633000
16.633000
16.633000
16.633100
16.633100
16.633100
16.633100
16.633200
16.633200
16.633200
16.633300
16.633300
16.633300
16.633400
16.633400
16.633400
16.633400
16.633500
16.633500
16.633500
16.633600
16.633600
16.633600
16.633600
16.633700
16.633700
16.633700
16.633800
16.633800
16.633800
16.633800
16.633900
16.633900
16.633900
16.633900
16.634000
16.634000
16.634000
16.634000
16.634100
16.634100
16.634100
16.634100
16.634200
16.634200
16.634200
16.634200
16.634300
16.634300
16.634300
16.634300
16.634400
16.634400
16.634400
16.634400
16.634400
16.634500
16.634500
16.634500
16.634500
16.634600
16.634600
16.634600
16.634600
16.634600
16.634700
16.634700
16.634700
16.634700
16.634700
16.634800
16.634800
16.634800
16.634800
16.634800
16.634900
16.634900
16.634900
16.634900
16.634900
16.635000
16.635000
16.635000
16.635000
16.635000
16.635000
16.635100
16.635100
16.635100
16.635100
16.635100
16.635100
16.635200
16.635200
16.635200
16.635200
16.635200
16.635200
16.635300
16.635300
16.635300
16.635300
16.635300
16.635300
16.635400
16.635400
16.635400
16.635400
16.635400
16.635400
16.635400
16.635500
16.635500
16.635500
16.635500
16.635500
16.635500
16.635500
16.635500
16.635600
16.635600
16.635600
16.635600
16.635600
16.635600
16.635600
16.635600
16.635700
16.635700
16.635700
16.635700
16.635700
16.635700
16.635700
16.635700
16.635800
16.635800
16.635800
16.635800
16.635800
16.635800
16.635800
16.635800
16.635800
16.635800
16.635900
16.635900
16.635900
16.635900
16.635900
16.635900
16.635900
16.635900
16.635900
16.635900
16.635900
16.636000
16.636000
16.636000
16.636000
16.636000
16.636000
16.636000
16.636000
16.636000
16.636000
16.636000
16.636000
16.636000
16.636000
16.636100
16.636100
16.636100
16.636100
16.636100
16.636100
16.636100
16.636100
16.636100
16.636100
16.636100
16.636100
16.636100
16.636100
16.636100
16.636100
16.636100
16.636100
16.636200
16.636200
16.636200
16.636200
16.636200
16.636200
16.636200
16.636200
16.636200
16.636200
16.636200
16.636200
16.636200
16.636200
16.636200
16.636200
16.636200
16.636200
16.636200
16.636200
16.636200
16.636200
16.636200
16.636200
16.636200
16.636200
16.636200
16.636200
16.636200
16.636200
16.636200
16.636200
16.636200
16.636200
16.636200
16.636200
16.636200
16.636200
16.636200
16.636200
16.636200
16.636200
16.636200
16.636200
16.636200
16.636200
16.636200
16.636200
16.636200
16.636200
16.636200
16.636200
16.636200
16.636200
16.636200
16.636200
16.636200
16.636200
16.636200
16.636200
16.636200
16.636200
16.636200
16.636200
16.636200
16.636200
16.636200
16.636200
16.636200
16.636200
16.636200
16.636200
16.636200
16.636200
16.636200
16.636200
16.636200
16.636200
16.636200
16.636200
16.636200
16.636200
16.636200
16.636200
16.636200
16.636200
16.636200
16.636200
16.636200
16.636200
16.636200
16.636100
16.636100
16.636100
16.636100
16.636100
16.636100
16.636100
16.636100
16.636100
16.636100
16.636100
16.636100
16.636100
16.636100
16.636100
16.636100
16.636100
16.636100
16.636100
16.636100
16.636100
16.636000
16.636000
16.636000
16.636000
16.636000
16.636000
16.636000
16.636000
16.636000
16.636000
16.636000
16.636000
16.636000
16.636000
16.636000
16.636000
16.635900
16.635900
16.635900
16.635900
16.635900
16.635900
16.635900
16.635900
16.635900
16.635900
16.635900
16.635900
16.635900
16.635900
16.635800
16.635800
16.635800
16.635800
16.635800
16.635800
16.635800
16.635800
16.635800
16.635800
16.635800
16.635800
16.635800
16.635700
16.635700
16.635700
16.635700
16.635700
16.635700
16.635700
16.635700
16.635700
16.635700
16.635700
16.635600
16.635600
16.635600
16.635600
16.635600
16.635600
16.635600
16.635600
16.635600
16.635600
16.635600
16.635500
16.635500
16.635500
16.635500
16.635500
16.635500
16.635500
16.635500
16.635500
16.635500
16.635400
16.635400
16.635400
16.635400
16.635400
16.635400
16.635400
16.635400
16.635400
16.635300
16.635300
16.635300
16.635300
16.635300
16.635300
16.635300
16.635300
16.635300
16.635200
16.635200
16.635200
16.635200
16.635200
16.635200
16.635200
16.635200
16.635200
16.635100
16.635100
16.635100
16.635100
16.635100
16.635100
16.635100
16.635100
16.635000
16.635000
16.635000
16.635000
16.635000
16.635000
16.635000
16.635000
16.634900
16.634900
16.634900
16.634900
16.634900
16.634900
16.634900
16.634900
16.634800
16.634800
16.634800
16.634800
16.634800
16.634800
16.634800
16.634800
16.634700
16.634700
16.634700
16.634700
16.634700
16.634700
16.634700
16.634600
16.634600
16.634600
16.634600
16.634600
16.634600
16.634600
16.634600
16.634500
16.634500
16.634500
16.634500
16.634500
16.634500
16.634500
16.634400
16.634400
16.634400
16.634400
16.634400
16.634400
16.634400
16.634300
16.634300
16.634300
16.634300
16.634300
16.634300
16.634300
16.634200
16.634200
16.634200
16.634200
16.634200
16.634200
16.634200
16.634100
16.634100
16.634100
16.634100
16.634100
16.634100
16.634000
16.634000
16.634000
16.634000
16.634000
16.634000
16.634000
16.633900
16.633900
16.633900
16.633900
16.633900
16.633900
16.633800
16.633800
16.633800
16.633800
16.633800
16.633800
16.633800
16.633700
16.633700
16.633700
16.633700
16.633700
16.633700
16.633600
16.633600
16.633600
16.633600
16.633600
16.633600
16.633500
16.633500
16.633500
16.633500
16.633500
16.633500
16.633400
16.633400
16.633400
16.633400
16.633400
16.633400
16.633300
16.633300
16.633300
16.633300
16.633300
16.633300
16.633200
16.633200
16.633200
16.633200
16.633200
16.633200
16.633100
16.633100
16.633100
16.633100
16.633100
16.633100
16.633000
16.633000
16.633000
16.633000
16.633000
16.633000
16.632900
16.632900
16.632900
16.632900
16.632900
16.632900
16.632800
16.632800
16.632800
16.632800
16.632800
16.632800
16.632700
16.632700
16.632700
16.632700
16.632700
16.632600
16.632600
16.632600
16.632600
16.632600
16.632600
16.632500
16.632500
16.632500
16.632500
16.632500
16.632500
16.632400
16.632400
16.632400
16.632400
16.632400
16.632300
16.632300
16.632300
16.632300
16.632300
16.632300
16.632200
16.632200
16.632200
16.632200
16.632200
16.632100
16.632100
16.632100
16.632100
16.632100
16.632100
16.632000
16.632000
16.632000
16.632000
16.632000
16.631900
16.631900
16.631900
16.631900
16.631900
16.631900
16.631800
16.631800
16.631800
16.631800
16.631800
16.631700
16.631700
16.631700
16.631700
16.631700
16.631700
16.631600
16.631600
16.631600
16.631600
16.631600
16.631500
16.631500
16.631500
16.631500
16.631500
16.631400
16.631400
16.631400
16.631400
16.631400
16.631300
16.631300
16.631300
16.631300
16.631300
16.631300
16.631200
16.631200
16.631200
16.631200
16.631200
16.631100
16.631100
16.631100
16.631100
16.631100
16.631000
16.631000
16.631000
16.631000
16.631000
16.630900
16.630900
16.630900
16.630900
16.630900
16.630900
16.630800
16.630800
16.630800
16.630800
16.630800
16.630700
16.630700
16.630700
16.630700
16.630700
16.630600
16.630600
16.630600
16.630600
16.630600
16.630500
16.630500
16.630500
16.630500
16.630500
16.630400
16.630400
16.630400
16.630400
16.630400
16.630300
16.630300
16.630300
16.630300
16.630300
16.630200
16.630200
16.630200
16.630200
16.630200
16.630100
16.630100
16.630100
16.630100
16.630100
16.630000
16.630000
16.630000
16.630000
16.630000
16.629900
16.629900
16.629900
16.629900
16.629900
16.629800
16.629800
16.629800
16.629800
16.629800
16.629700
16.629700
16.629700
16.629700
16.629700
16.629600
16.629600
16.629600
16.629600
16.629600
16.629500
16.629500
16.629500
16.629500
16.629500
16.629400
16.629400
16.629400
16.629400
16.629400
16.629300
16.629300
16.629300
16.629300
16.629300
16.629200
16.629200
16.629200
16.629200
16.629200
16.629100
16.629100
16.629100
16.629100
16.629100
16.629000
16.629000
16.629000
16.629000
16.629000
16.628900
16.628900
16.628900
16.628900
16.628900
16.628800
16.628800
16.628800
16.628800
16.628800
16.628700
16.628700
16.628700
16.628700
16.628700
16.628600
16.628600
16.628600
16.628600
16.628500
16.628500
16.628500
16.628500
16.628500
16.628400
16.628400
16.628400
16.628400
16.628400
16.628300
16.628300
16.628300
16.628300
16.628300
16.628200
16.628200
16.628200
16.628200
16.628200
16.628100
16.628100
16.628100
16.628500
16.630200
16.630100
16.630000
16.629800
16.629700
16.629500
16.629400
16.629200
16.629100
16.629000
16.628900
16.628700
16.628600
16.628500
16.628400
16.628300
16.628200
16.628100
16.628000
16.627900
16.627800
16.627800
16.627700
16.627600
16.627600
16.627500
16.627400
16.627400
16.627300
16.627300
16.627200
16.627200
16.627200
16.627100
16.627100
16.627100
16.627100
16.627100
16.627100
16.627100
16.627100
16.627100
16.627100
16.627100
16.627100
16.627100
16.627100
16.627100
16.627200
16.627200
16.627200
16.627200
16.627300
16.627300
16.627300
16.627400
16.627400
16.627400
16.627500
16.627500
16.627500
16.627600
16.627600
16.627700
16.627700
16.627700
16.627800
16.627800
16.627900
16.627900
16.628000
16.628000
16.628100
16.628100
16.628200
16.628200
16.628300
16.628300
16.628400
16.628400
16.628500
16.628500
16.628600
16.628600
16.628700
16.628700
16.628800
16.628800
16.628900
16.628900
16.629000
16.629000
16.629100
16.629200
16.629200
16.629300
16.629300
16.629400
16.629400
16.629500
16.629500
16.629600
16.629600
16.629700
16.629700
16.629800
16.629800
16.629900
16.629900
16.630000
16.630000
16.630100
16.630100
16.630200
16.630200
16.630300
16.630300
16.630400
16.630400
16.630400
16.630500
16.630500
16.630600
16.630600
16.630700
16.630700
16.630800
16.630800
16.630900
16.630900
16.631000
16.631000
16.631000
16.631100
16.631100
16.631200
16.631200
16.631300
16.631300
16.631400
16.631400
16.631400
16.631500
16.631500
16.631600
16.631600
16.631600
16.631700
16.631700
16.631800
16.631800
16.631900
16.631900
16.631900
16.632000
16.632000
16.632100
16.632100
16.632100
16.632200
16.632200
16.632200
16.632300
16.632300
16.632400
16.632400
16.632400
16.632500
16.632500
16.632600
16.632600
16.632600
16.632700
16.632700
16.632700
16.632800
16.632800
16.632800
16.632900
16.632900
16.632900
16.633000
16.633000
16.633100
16.633100
16.633100
16.633200
16.633200
16.633200
16.633300
16.633300
16.633300
16.633400
16.633400
16.633400
16.633400
16.633500
16.633500
16.633500
16.633600
16.633600
16.633600
16.633700
16.633700
16.633700
16.633800
16.633800
16.633800
16.633800
16.633900
16.633900
16.633900
16.634000
16.634000
16.634000
16.634100
16.634100
16.634100
16.634100
16.634200
16.634200
16.634200
16.634200
16.634300
16.634300
16.634300
16.634400
16.634400
16.634400
16.634400
16.634500
16.634500
16.634500
16.634500
16.634600
16.634600
16.634600
16.634600
16.634700
16.634700
16.634700
16.634700
16.634800
16.634800
16.634800
16.634800
16.634900
16.634900
16.634900
16.634900
16.634900
16.635000
16.635000
16.635000
16.635000
16.635100
16.635100
16.635100
16.635100
16.635100
16.635200
16.635200
16.635200
16.635200
16.635200
16.635300
16.635300
16.635300
16.635300
16.635300
16.635400
16.635400
16.635400
16.635400
16.635400
16.635500
16.635500
16.635500
16.635500
16.635500
16.635500
16.635600
16.635600
16.635600
16.635600
16.635600
16.635700
16.635700
16.635700
16.635700
16.635700
16.635700
16.635800
16.635800
16.635800
16.635800
16.635800
16.635800
16.635800
16.635900
16.635900
16.635900
16.635900
16.635900
16.635900
16.635900
16.636000
16.636000
16.636000
16.636000
16.636000
16.636000
16.636000
16.636100
16.636100
16.636100
16.636100
16.636100
16.636100
16.636100
16.636100
16.636200
16.636200
16.636200
16.636200
16.636200
16.636200
16.636200
16.636200
16.636300
16.636300
16.636300
16.636300
16.636300
16.636300
16.636300
16.636300
16.636300
16.636300
16.636400
16.636400
16.636400
16.636400
16.636400
16.636400
16.636400
16.636400
16.636400
16.636400
16.636400
16.636500
16.636500
16.636500
16.636500
16.636500
16.636500
16.636500
16.636500
16.636500
16.636500
16.636500
16.636500
16.636500
16.636600
16.636600
16.636600
16.636600
16.636600
16.636600
16.636600
16.636600
16.636600
16.636600
16.636600
16.636600
16.636600
16.636600
16.636600
16.636600
16.636600
16.636700
16.636700
16.636700
16.636700
16.636700
16.636700
16.636700
16.636700
16.636700
16.636700
16.636700
16.636700
16.636700
16.636700
16.636700
16.636700
16.636700
16.636700
16.636700
16.636700
16.636700
16.636700
16.636700
16.636700
16.636700
16.636700
16.636700
16.636700
16.636700
16.636800
16.636800
16.636800
16.636800
16.636800
16.636800
16.636800
16.636800
16.636800
16.636800
16.636800
16.636800
16.636800
16.636800
16.636800
16.636800
16.636800
16.636800
16.636800
16.636800
16.636800
16.636800
16.636800
16.636800
16.636800
16.636800
16.636800
16.636800
16.636800
16.636800
16.636800
16.636800
16.636800
16.636800
16.636800
16.636800
16.636800
16.636800
16.636800
16.636800
16.636700
16.636700
16.636700
16.636700
16.636700
16.636700
16.636700
16.636700
16.636700
16.636700
16.636700
16.636700
16.636700
16.636700
16.636700
16.636700
16.636700
16.636700
16.636700
16.636700
16.636700
16.636700
16.636700
16.636700
16.636700
16.636700
16.636700
16.636700
16.636700
16.636700
16.636700
16.636700
16.636600
16.636600
16.636600
16.636600
16.636600
16.636600
16.636600
16.636600
16.636600
16.636600
16.636600
16.636600
16.636600
16.636600
16.636600
16.636600
16.636600
16.636600
16.636600
16.636500
16.636500
16.636500
16.636500
16.636500
16.636500
16.636500
16.636500
16.636500
16.636500
16.636500
16.636500
16.636500
16.636500
16.636500
16.636500
16.636400
16.636400
16.636400
16.636400
16.636400
16.636400
16.636400
16.636400
16.636400
16.636400
16.636400
16.636400
16.636400
16.636300
16.636300
16.636300
16.636300
16.636300
16.636300
16.636300
16.636300
16.636300
16.636300
16.636300
16.636300
16.636200
16.636200
16.636200
16.636200
16.636200
16.636200
16.636200
16.636200
16.636200
16.636200
16.636200
16.636200
16.636100
16.636100
16.636100
16.636100
16.636100
16.636100
16.636100
16.636100
16.636100
16.636100
16.636000
16.636000
16.636000
16.636000
16.636000
16.636000
16.636000
16.636000
16.636000
16.636000
16.635900
16.635900
16.635900
16.635900
16.635900
16.635900
16.635900
16.635900
16.635900
16.635800
16.635800
16.635800
16.635800
16.635800
16.635800
16.635800
16.635800
16.635800
16.635700
16.635700
16.635700
16.635700
16.635700
16.635700
16.635700
16.635700
16.635700
16.635600
16.635600
16.635600
16.635600
16.635600
16.635600
16.635600
16.635600
16.635500
16.635500
16.635500
16.635500
16.635500
16.635500
16.635500
16.635500
16.635400
16.635400
16.635400
16.635400
16.635400
16.635400
16.635400
16.635400
16.635300
16.635300
16.635300
16.635300
16.635300
16.635300
16.635300
16.635300
16.635200
16.635200
16.635200
16.635200
16.635200
16.635200
16.635200
16.635100
16.635100
16.635100
16.635100
16.635100
16.635100
16.635100
16.635000
16.635000
16.635000
16.635000
16.635000
16.635000
16.635000
16.634900
16.634900
16.634900
16.634900
16.634900
16.634900
16.634900
16.634800
16.634800
16.634800
16.634800
16.634800
16.634800
16.634800
16.634700
16.634700
16.634700
16.634700
16.634700
16.634700
16.634700
16.634600
16.634600
16.634600
16.634600
16.634600
16.634600
16.634600
16.634500
16.634500
16.634500
16.634500
16.634500
16.634500
16.634400
16.634400
16.634400
16.634400
16.634400
16.634400
16.634400
16.634300
16.634300
16.634300
16.634300
16.634300
16.634300
16.634200
16.634200
16.634200
16.634200
16.634200
16.634200
16.634100
16.634100
16.634100
16.634100
16.634100
16.634100
16.634100
16.634000
16.634000
16.634000
16.634000
16.634000
16.634000
16.633900
16.633900
16.633900
16.633900
16.633900
16.633900
16.633800
16.633800
16.633800
16.633800
16.633800
16.633800
16.633700
16.633700
16.633700
16.633700
16.633700
16.633700
16.633600
16.633600
16.633600
16.633600
16.633600
16.633600
16.633500
16.633500
16.633500
16.633500
16.633500
16.633400
16.633400
16.633400
16.633400
16.633400
16.633400
16.633300
16.633300
16.633300
16.633300
16.633300
16.633300
16.633200
16.633200
16.633200
16.633200
16.633200
16.633200
16.633100
16.633100
16.633100
16.633100
16.633100
16.633000
16.633000
16.633000
16.633000
16.633000
16.633000
16.632900
16.632900
16.632900
16.632900
16.632900
16.632900
16.632800
16.632800
16.632800
16.632800
16.632800
16.632700
16.632700
16.632700
16.632700
16.632700
16.632700
16.632600
16.632600
16.632600
16.632600
16.632600
16.632500
16.632500
16.632500
16.632500
16.632500
16.632500
16.632400
16.632400
16.632400
16.632400
16.632400
16.632300
16.632300
16.632300
16.632300
16.632300
16.632200
16.632200
16.632200
16.632200
16.632200
16.632200
16.632100
16.632100
16.632100
16.632100
16.632100
16.632000
16.632000
16.632000
16.632000
16.632000
16.631900
16.631900
16.631900
16.631900
16.631900
16.631900
16.631800
16.631800
16.631800
16.631800
16.631800
16.631700
16.631700
16.631700
16.631700
16.631700
16.631600
16.631600
16.631600
16.631600
16.631600
16.631500
16.631500
16.631500
16.631500
16.631500
16.631500
16.631400
16.631400
16.631400
16.631400
16.631400
16.631300
16.631300
16.631300
16.631300
16.631300
16.631200
16.631200
16.631200
16.631200
16.631200
16.631100
16.631100
16.631100
16.631100
16.631100
16.631000
16.631000
16.631000
16.631000
16.631000
16.630900
16.630900
16.630900
16.630900
16.630900
16.630800
16.630800
16.630800
16.630800
16.630800
16.630700
16.630700
16.630700
16.630700
16.630700
16.630600
16.630600
16.630600
16.630600
16.630600
16.630500
16.630500
16.630500
16.630500
16.630500
16.630500
16.630400
16.630400
16.630400
16.630400
16.630400
16.630300
16.630300
16.630300
16.630300
16.630300
16.630200
16.630200
16.630200
16.630200
16.630100
16.630100
16.630100
16.630100
16.630100
16.630000
16.630000
16.630000
16.630000
16.630000
16.629900
16.629900
16.629900
16.629900
16.629900
16.629800
16.629800
16.629800
16.629800
16.629800
16.629700
16.629700
16.629700
16.629700
16.629700
16.629600
16.629600
16.629600
16.629600
16.629600
16.629500
16.629500
16.629500
16.629500
16.629500
16.629400
16.629400
16.629400
16.629400
16.629400
16.629300
16.629300
16.629300
16.629300
16.629300
16.629200
16.629200
16.629200
16.629200
16.629200
16.629100
16.629100
16.629100
16.629100
16.629000
16.629000
16.629000
16.629000
16.629000
16.628900
16.628900
16.628900
16.628900
16.628900
16.628800
16.628800
16.628800
16.628800
16.628800
16.628700
16.628700
16.628700
