0.099943
0.100032
0.100430
0.101380
0.103443
0.109296
0.382075
0.360544
0.357239
0.382166
0.424188
0.498163
0.602348
0.708485
0.804058
0.886596
0.957183
1.017410
1.068550
1.111580
1.147370
1.176810
1.200870
1.220520
1.236640
1.249940
1.260890
1.269690
1.276310
1.280610
1.282530
1.282220
1.280070
1.276610
1.272290
1.267460
1.262340
1.257030
1.251610
1.246090
1.240490
1.234820
1.229080
1.223270
1.217400
1.211480
1.205500
1.199460
1.193390
1.187270
1.181110
1.174920
1.168700
1.162440
1.156170
1.149870
1.143560
1.137230
1.130900
1.124550
1.118200
1.111850
1.105490
1.099140
1.092790
1.086450
1.080120
1.073790
1.067480
1.061180
1.054890
1.048620
1.042370
1.036130
1.029910
1.023710
1.017530
1.011370
1.005240
0.999126
0.993037
0.986972
0.980931
0.974915
0.968925
0.962961
0.957024
0.951113
0.945230
0.939374
0.933546
0.927746
0.921975
0.916232
0.910518
0.904833
0.899177
0.893550
0.887953
0.882385
0.876848
0.871339
0.865861
0.860413
0.854995
0.849607
0.844249
0.838921
0.833624
0.828356
0.823119
0.817912
0.812736
0.807590
0.802474
0.797388
0.792333
0.787308
0.782313
0.777349
0.772415
0.767511
0.762637
0.757793
0.752979
0.748196
0.743442
0.738718
0.734024
0.729360
0.724726
0.720122
0.715547
0.711002
0.706487
0.702001
0.697545
0.693118
0.688720
0.684352
0.680012
0.675702
0.671421
0.667169
0.662946
0.658752
0.654586
0.650449
0.646340
0.642260
0.638209
0.634185
0.630190
0.626223
0.622284
0.618373
0.614489
0.610634
0.606806
0.603005
0.599232
0.595486
0.591767
0.588075
0.584411
0.580773
0.577162
0.573577
0.570020
0.566488
0.562983
0.559504
0.556051
0.552623
0.549222
0.545846
0.542496
0.539171
0.535872
0.532597
0.529348
0.526124
0.522924
0.519749
0.516598
0.513472
0.510370
0.507292
0.504238
0.501208
0.498202
0.495219
0.492259
0.489323
0.486410
0.483519
0.480652
0.477807
0.474985
0.472185
0.469408
0.466652
0.463919
0.461207
0.458517
0.455849
0.453202
0.450576
0.447971
0.445388
0.442825
0.440282
0.437760
0.435259
0.432778
0.430316
0.427875
0.425453
0.423052
0.420669
0.418306
0.415962
0.413637
0.411331
0.409043
0.406775
0.404524
0.402292
0.400078
0.397883
0.395705
0.393544
0.391402
0.389276
0.387169
0.385078
0.383004
0.380947
0.378907
0.376883
0.374876
0.372886
0.370911
0.368952
0.367010
0.365083
0.363172
0.361276
0.359396
0.357531
0.355681
0.353846
0.352026
0.350220
0.348429
0.346653
0.344891
0.343143
0.341409
0.339690
0.337984
0.336292
0.334613
0.332948
0.331296
0.329658
0.328032
0.326420
0.324820
0.323233
0.321659
0.320098
0.318549
0.317012
0.315487
0.313975
0.312474
0.310986
0.309509
0.308044
0.306590
0.305148
0.303718
0.302298
0.300890
0.299493
0.298106
0.296731
0.295366
0.294013
0.292669
0.291336
0.290014
0.288702
0.287400
0.286108
0.284826
0.283555
0.282293
0.281040
0.279798
0.278565
0.277342
0.276128
0.274923
0.273728
0.272542
0.271365
0.270197
0.269038
0.267888
0.266746
0.265614
0.264490
0.263375
0.262268
0.261169
0.260079
0.258998
0.257924
0.256859
0.255802
0.254752
0.253711
0.252678
0.251652
0.250634
0.249624
0.248621
0.247626
0.246639
0.245659
0.244686
0.243721
0.242763
0.241812
0.240868
0.239931
0.239002
0.238079
0.237163
0.236254
0.235352
0.234456
0.233568
0.232685
0.231810
0.230941
0.230078
0.229222
0.228372
0.227528
0.226691
0.225860
0.225035
0.224216
0.223403
0.222596
0.221795
0.221000
0.220211
0.219427
0.218650
0.217878
0.217111
0.216351
0.215596
0.214846
0.214102
0.213363
0.212630
0.211902
0.211179
0.210462
0.209750
0.209043
0.208341
0.207644
0.206952
0.206266
0.205584
0.204907
0.204235
0.203568
0.202905
0.202248
0.201595
0.200947
0.200303
0.199664
0.199030
0.198400
0.197775
0.197154
0.196537
0.195925
0.195318
0.194714
0.194115
0.193520
0.192929
0.192343
0.191761
0.191182
0.190608
0.190038
0.189472
0.188910
0.188351
0.187797
0.187247
0.186700
0.186157
0.185618
0.185083
0.184552
0.184024
0.183500
0.182979
0.182462
0.181949
0.181439
0.180933
0.180430
0.179931
0.179435
0.178942
0.178453
0.177967
0.177485
0.177006
0.176530
0.176057
0.175588
0.175122
0.174658
0.174198
0.173742
0.173288
0.172837
0.172390
0.171945
0.171503
0.171065
0.170629
0.170196
0.169766
0.169339
0.168915
0.168494
0.168075
0.167660
0.167247
0.166836
0.166429
0.166024
0.165622
0.165222
0.164826
0.164431
0.164040
0.163651
0.163264
0.162880
0.162499
0.162120
0.161743
0.161369
0.160998
0.160629
0.160262
0.159897
0.159535
0.159176
0.158818
0.158463
0.158110
0.157760
0.157412
0.157066
0.156722
0.156380
0.156041
0.155704
0.155369
0.155036
0.154705
0.154376
0.154049
0.153725
0.153402
0.153082
0.152764
0.152447
0.152133
0.151820
0.151510
0.151201
0.150895
0.150590
0.150287
0.149986
0.149687
0.149390
0.149095
0.148802
0.148510
0.148220
0.147932
0.147646
0.147362
0.147079
0.146798
0.146519
0.146241
0.145966
0.145692
0.145419
0.145148
0.144879
0.144612
0.144346
0.144082
0.143819
0.143558
0.143299
0.143041
0.142785
0.142530
0.142277
0.142026
0.141776
0.141527
0.141280
0.141034
0.140790
0.140548
0.140306
0.140067
0.139828
0.139592
0.139356
0.139122
0.138889
0.138658
0.138428
0.138200
0.137973
0.137747
0.137522
0.137299
0.137077
0.136857
0.136637
0.136420
0.136203
0.135988
0.135773
0.135561
0.135349
0.135139
0.134929
0.134722
0.134515
0.134309
0.134105
0.133902
0.133700
0.133499
0.133300
0.133101
0.132904
0.132708
0.132513
0.132319
0.132126
0.131935
0.131744
0.131555
0.131366
0.131179
0.130993
0.130808
0.130624
0.130440
0.130259
0.130078
0.129898
0.129719
0.129541
0.129364
0.129188
0.129013
0.128840
0.128667
0.128495
0.128324
0.128154
0.127985
0.127817
0.127650
0.127484
0.127318
0.127154
0.126991
0.126828
0.126667
0.126506
0.126347
0.126188
0.126030
0.125873
0.125717
0.125561
0.125407
0.125253
0.125100
0.124949
0.124798
0.124647
0.124498
0.124349
0.124202
0.124055
0.123909
0.123763
0.123619
0.123475
0.123332
0.123190
0.123049
0.122908
0.122769
0.122630
0.122491
0.122354
0.122217
0.122081
0.121946
0.121811
0.121678
0.121544
0.121412
0.121281
0.121150
0.121020
0.120890
0.120761
0.120633
0.120506
0.120379
0.120253
0.120128
0.120003
0.119879
0.119756
0.119633
0.119511
0.119390
0.119269
0.119149
0.119030
0.118911
0.118793
0.118676
0.118559
0.118443
0.118327
0.118212
0.118098
0.117984
0.117871
0.117759
0.117647
0.117535
0.117425
0.117314
0.117205
0.117096
0.116988
0.116880
0.116772
0.116666
0.116560
0.116454
0.116349
0.116245
0.116141
0.116038
0.115935
0.115832
0.115731
0.115630
0.115529
0.115429
0.115329
0.115230
0.115132
0.115034
0.114936
0.114839
0.114743
0.114647
0.114551
0.114456
0.114362
0.114268
0.114174
0.114081
0.113989
0.113897
0.113805
0.113714
0.113624
0.113533
0.113444
0.113355
0.113266
0.113178
0.113090
0.113002
0.112915
0.112829
0.112743
0.112657
0.112572
0.112488
0.112403
0.112320
0.112236
0.112153
0.112071
0.111989
0.111907
0.111826
0.111745
0.111665
0.111585
0.111505
0.111426
0.111347
0.111269
0.111191
0.111113
0.111036
0.110959
0.110883
0.110807
0.110731
0.110656
0.110581
0.110507
0.110433
0.110359
0.110286
0.110213
0.110140
0.110068
0.109996
0.109925
0.109854
0.109783
0.109713
0.109643
0.109573
0.109504
0.109435
0.109366
0.109298
0.109230
0.109162
0.109095
0.109028
0.108962
0.108896
0.108830
0.108764
0.108699
0.108634
0.108570
0.108505
0.108442
0.108378
0.108315
0.108252
0.108189
0.108127
0.108065
0.108003
0.107942
0.107881
0.107820
0.107760
0.107700
0.107640
0.107580
0.107521
0.107462
0.107403
0.107345
0.107287
0.107229
0.107172
0.107115
0.107058
0.107001
0.106945
0.106889
0.106833
0.106778
0.106722
0.106667
0.106613
0.106558
0.106504
0.106450
0.106397
0.106344
0.106291
0.106238
0.106185
0.106133
0.106081
0.106029
0.105978
0.105927
0.105876
0.105825
0.105775
0.105724
0.105674
0.105625
0.105575
0.105526
0.105477
0.105428
0.105380
0.105332
0.105284
0.105236
0.105188
0.105141
0.105094
0.105047
0.105001
0.104954
0.104908
0.104862
0.104817
0.104771
0.104726
0.104681
0.104636
0.104592
0.104547
0.104503
0.104459
0.104416
0.104372
0.104329
0.104286
0.104243
0.104201
0.104158
0.104116
0.104074
0.104032
0.103991
0.103949
0.103908
0.103867
0.103827
0.103786
0.103746
0.103706
0.103666
0.103626
0.103586
0.103547
0.103508
0.103469
0.103430
0.103392
0.103353
0.103315
0.103277
0.103239
0.103201
0.103164
0.103127
0.103090
0.103053
0.103016
0.102979
0.102943
0.102907
0.102871
0.102835
0.102799
0.102764
0.102729
0.102693
0.102658
0.102624
0.102589
0.102555
0.102520
0.102486
0.102452
0.102418
0.102385
0.102351
0.102318
0.102285
0.102252
0.102219
0.102187
0.102154
0.102122
0.102090
0.102058
0.102026
0.101994
0.101963
0.101931
0.101900
0.101869
0.101838
0.101807
0.101777
0.101746
0.101716
0.101686
0.101656
0.101626
0.101596
0.101566
0.101537
0.101508
0.101479
0.101450
0.101421
0.101392
0.101363
0.101335
0.101307
0.101278
0.101250
0.101223
0.101195
0.101167
0.101140
0.101112
0.101085
0.101058
0.101031
0.101004
0.100978
0.100951
0.100925
0.100898
0.100872
0.100846
0.100820
0.100794
0.100769
0.100743
0.100718
0.100693
0.100667
0.100642
0.100617
0.100593
0.100568
0.100543
0.100519
0.100495
0.100470
0.100446
0.100422
0.100399
0.100375
0.100351
0.100328
0.100304
0.100281
0.100258
0.100235
0.100212
0.100189
0.100167
0.100144
0.100122
0.100099
0.100077
0.100055
0.100033
0.100011
0.099989
0.099967
0.099946
0.100035
0.100433
0.101383
0.103448
0.109304
0.382085
0.360532
0.357239
0.382174
0.424201
0.498165
0.602340
0.708474
0.804047
0.886585
0.957171
1.017400
1.068540
1.111580
1.147370
1.176810
1.200870
1.220520
1.236650
1.249950
1.260900
1.269700
1.276320
1.280630
1.282540
1.282240
1.280100
1.276630
1.272310
1.267490
1.262360
1.257050
1.251630
1.246110
1.240510
1.234840
1.229100
1.223290
1.217420
1.211500
1.205520
1.199490
1.193410
1.187290
1.181140
1.174940
1.168720
1.162470
1.156190
1.149900
1.143590
1.137260
1.130920
1.124580
1.118230
1.111870
1.105520
1.099170
1.092820
1.086480
1.080140
1.073820
1.067510
1.061210
1.054920
1.048650
1.042390
1.036160
1.029940
1.023740
1.017560
1.011400
1.005270
0.999155
0.993066
0.987001
0.980961
0.974945
0.968955
0.962991
0.957054
0.951144
0.945260
0.939405
0.933577
0.927777
0.922006
0.916263
0.910549
0.904864
0.899208
0.893581
0.887984
0.882417
0.876879
0.871371
0.865893
0.860445
0.855027
0.849639
0.844281
0.838953
0.833656
0.828389
0.823152
0.817945
0.812769
0.807622
0.802507
0.797421
0.792366
0.787341
0.782346
0.777382
0.772448
0.767544
0.762670
0.757826
0.753012
0.748229
0.743475
0.738751
0.734058
0.729394
0.724760
0.720155
0.715581
0.711036
0.706520
0.702035
0.697578
0.693151
0.688754
0.684385
0.680046
0.675736
0.671455
0.667203
0.662979
0.658785
0.654619
0.650482
0.646374
0.642294
0.638242
0.634219
0.630223
0.626256
0.622317
0.618406
0.614523
0.610667
0.606839
0.603038
0.599265
0.595519
0.591800
0.588109
0.584444
0.580806
0.577195
0.573610
0.570052
0.566521
0.563016
0.559536
0.556083
0.552656
0.549254
0.545879
0.542528
0.539204
0.535904
0.532630
0.529380
0.526156
0.522956
0.519781
0.516630
0.513504
0.510402
0.507324
0.504270
0.501240
0.498233
0.495250
0.492290
0.489354
0.486441
0.483550
0.480683
0.477838
0.475016
0.472216
0.469438
0.466683
0.463949
0.461238
0.458548
0.455879
0.453232
0.450606
0.448001
0.445417
0.442854
0.440312
0.437790
0.435288
0.432807
0.430346
0.427904
0.425482
0.423080
0.420698
0.418334
0.415990
0.413665
0.411359
0.409072
0.406803
0.404552
0.402320
0.400106
0.397910
0.395732
0.393572
0.391429
0.389304
0.387196
0.385105
0.383031
0.380974
0.378934
0.376910
0.374903
0.372912
0.370937
0.368979
0.367036
0.365109
0.363198
0.361302
0.359422
0.357556
0.355706
0.353871
0.352051
0.350245
0.348454
0.346678
0.344916
0.343168
0.341434
0.339714
0.338008
0.336316
0.334637
0.332972
0.331320
0.329682
0.328056
0.326444
0.324844
0.323257
0.321683
0.320121
0.318572
0.317035
0.315511
0.313998
0.312497
0.311009
0.309532
0.308067
0.306613
0.305171
0.303740
0.302321
0.300912
0.299515
0.298129
0.296753
0.295388
0.294034
0.292691
0.291358
0.290035
0.288723
0.287421
0.286129
0.284847
0.283576
0.282314
0.281061
0.279819
0.278586
0.277362
0.276148
0.274944
0.273748
0.272562
0.271385
0.270217
0.269058
0.267908
0.266766
0.265634
0.264510
0.263394
0.262287
0.261189
0.260099
0.259017
0.257943
0.256878
0.255820
0.254771
0.253730
0.252696
0.251671
0.250653
0.249642
0.248640
0.247645
0.246657
0.245677
0.244704
0.243739
0.242781
0.241830
0.240886
0.239949
0.239019
0.238096
0.237181
0.236271
0.235369
0.234474
0.233585
0.232702
0.231827
0.230958
0.230095
0.229238
0.228388
0.227545
0.226707
0.225876
0.225051
0.224232
0.223419
0.222612
0.221811
0.221016
0.220227
0.219443
0.218665
0.217893
0.217127
0.216366
0.215611
0.214861
0.214117
0.213378
0.212645
0.211917
0.211194
0.210477
0.209765
0.209058
0.208356
0.207659
0.206967
0.206280
0.205598
0.204921
0.204249
0.203582
0.202920
0.202262
0.201609
0.200961
0.200317
0.199678
0.199044
0.198414
0.197788
0.197168
0.196551
0.195939
0.195331
0.194728
0.194128
0.193533
0.192943
0.192356
0.191774
0.191195
0.190621
0.190051
0.189485
0.188923
0.188364
0.187810
0.187259
0.186713
0.186170
0.185631
0.185096
0.184564
0.184036
0.183512
0.182991
0.182474
0.181961
0.181451
0.180945
0.180442
0.179943
0.179447
0.178954
0.178465
0.177979
0.177497
0.177017
0.176541
0.176069
0.175599
0.175133
0.174670
0.174210
0.173753
0.173299
0.172849
0.172401
0.171956
0.171515
0.171076
0.170640
0.170207
0.169777
0.169350
0.168926
0.168505
0.168086
0.167670
0.167257
0.166847
0.166440
0.166035
0.165633
0.165233
0.164836
0.164442
0.164050
0.163661
0.163275
0.162891
0.162509
0.162130
0.161754
0.161379
0.161008
0.160639
0.160272
0.159907
0.159545
0.159186
0.158828
0.158473
0.158120
0.157770
0.157421
0.157075
0.156731
0.156390
0.156050
0.155713
0.155378
0.155045
0.154714
0.154385
0.154059
0.153734
0.153412
0.153091
0.152773
0.152456
0.152142
0.151829
0.151519
0.151210
0.150904
0.150599
0.150296
0.149995
0.149696
0.149399
0.149104
0.148810
0.148519
0.148229
0.147941
0.147655
0.147370
0.147088
0.146807
0.146527
0.146250
0.145974
0.145700
0.145428
0.145157
0.144888
0.144620
0.144354
0.144090
0.143828
0.143567
0.143307
0.143050
0.142793
0.142539
0.142285
0.142034
0.141784
0.141535
0.141288
0.141042
0.140798
0.140556
0.140314
0.140075
0.139836
0.139599
0.139364
0.139130
0.138897
0.138666
0.138436
0.138207
0.137980
0.137754
0.137530
0.137307
0.137085
0.136864
0.136645
0.136427
0.136210
0.135995
0.135781
0.135568
0.135356
0.135146
0.134937
0.134729
0.134522
0.134317
0.134112
0.133909
0.133707
0.133506
0.133307
0.133108
0.132911
0.132715
0.132520
0.132326
0.132133
0.131941
0.131751
0.131561
0.131373
0.131186
0.130999
0.130814
0.130630
0.130447
0.130265
0.130084
0.129904
0.129725
0.129548
0.129371
0.129195
0.129020
0.128846
0.128673
0.128501
0.128330
0.128160
0.127991
0.127823
0.127656
0.127490
0.127325
0.127161
0.126997
0.126835
0.126673
0.126513
0.126353
0.126194
0.126036
0.125879
0.125723
0.125567
0.125413
0.125259
0.125107
0.124955
0.124804
0.124653
0.124504
0.124355
0.124208
0.124061
0.123915
0.123769
0.123625
0.123481
0.123338
0.123196
0.123055
0.122914
0.122774
0.122635
0.122497
0.122360
0.122223
0.122087
0.121952
0.121817
0.121683
0.121550
0.121418
0.121286
0.121155
0.121025
0.120896
0.120767
0.120639
0.120511
0.120385
0.120259
0.120133
0.120009
0.119885
0.119761
0.119639
0.119517
0.119396
0.119275
0.119155
0.119035
0.118917
0.118799
0.118681
0.118564
0.118448
0.118333
0.118218
0.118103
0.117989
0.117876
0.117764
0.117652
0.117541
0.117430
0.117320
0.117210
0.117101
0.116993
0.116885
0.116778
0.116671
0.116565
0.116459
0.116354
0.116250
0.116146
0.116043
0.115940
0.115838
0.115736
0.115635
0.115534
0.115434
0.115334
0.115235
0.115137
0.115039
0.114941
0.114844
0.114748
0.114652
0.114556
0.114461
0.114367
0.114273
0.114179
0.114086
0.113994
0.113902
0.113810
0.113719
0.113628
0.113538
0.113448
0.113359
0.113271
0.113182
0.113094
0.113007
0.112920
0.112834
0.112748
0.112662
0.112577
0.112492
0.112408
0.112324
0.112241
0.112158
0.112075
0.111993
0.111912
0.111830
0.111749
0.111669
0.111589
0.111509
0.111430
0.111351
0.111273
0.111195
0.111118
0.111040
0.110964
0.110887
0.110811
0.110736
0.110660
0.110586
0.110511
0.110437
0.110363
0.110290
0.110217
0.110145
0.110072
0.110001
0.109929
0.109858
0.109787
0.109717
0.109647
0.109577
0.109508
0.109439
0.109370
0.109302
0.109234
0.109167
0.109099
0.109033
0.108966
0.108900
0.108834
0.108768
0.108703
0.108638
0.108574
0.108510
0.108446
0.108382
0.108319
0.108256
0.108193
0.108131
0.108069
0.108007
0.107946
0.107885
0.107824
0.107764
0.107704
0.107644
0.107584
0.107525
0.107466
0.107407
0.107349
0.107291
0.107233
0.107176
0.107119
0.107062
0.107005
0.106949
0.106893
0.106837
0.106781
0.106726
0.106671
0.106617
0.106562
0.106508
0.106454
0.106401
0.106347
0.106294
0.106242
0.106189
0.106137
0.106085
0.106033
0.105982
0.105930
0.105880
0.105829
0.105778
0.105728
0.105678
0.105629
0.105579
0.105530
0.105481
0.105432
0.105384
0.105335
0.105287
0.105240
0.105192
0.105145
0.105098
0.105051
0.105004
0.104958
0.104912
0.104866
0.104820
0.104775
0.104730
0.104685
0.104640
0.104595
0.104551
0.104507
0.104463
0.104419
0.104376
0.104333
0.104290
0.104247
0.104204
0.104162
0.104120
0.104078
0.104036
0.103994
0.103953
0.103912
0.103871
0.103830
0.103790
0.103749
0.103709
0.103669
0.103629
0.103590
0.103550
0.103511
0.103472
0.103434
0.103395
0.103357
0.103318
0.103280
0.103242
0.103205
0.103167
0.103130
0.103093
0.103056
0.103019
0.102983
0.102946
0.102910
0.102874
0.102838
0.102803
0.102767
0.102732
0.102697
0.102662
0.102627
0.102592
0.102558
0.102524
0.102489
0.102456
0.102422
0.102388
0.102355
0.102321
0.102288
0.102255
0.102222
0.102190
0.102157
0.102125
0.102093
0.102061
0.102029
0.101997
0.101966
0.101934
0.101903
0.101872
0.101841
0.101810
0.101780
0.101749
0.101719
0.101689
0.101659
0.101629
0.101599
0.101570
0.101540
0.101511
0.101482
0.101453
0.101424
0.101395
0.101367
0.101338
0.101310
0.101282
0.101254
0.101226
0.101198
0.101170
0.101143
0.101115
0.101088
0.101061
0.101034
0.101007
0.100981
0.100954
0.100928
0.100901
0.100875
0.100849
0.100823
0.100798
0.100772
0.100746
0.100721
0.100696
0.100670
0.100645
0.100620
0.100596
0.100571
0.100546
0.100522
0.100498
0.100474
0.100449
0.100425
0.100402
0.100378
0.100354
0.100331
0.100307
0.100284
0.100261
0.100238
0.100215
0.100192
0.100170
0.100147
0.100125
0.100102
0.100080
0.100058
0.100036
0.100014
0.099992
0.099970
0.099949
0.100038
0.100436
0.101386
0.103449
0.109302
0.382072
0.360536
0.357231
0.382157
0.424177
0.498145
0.602312
0.708437
0.804009
0.886547
0.957136
1.017370
1.068510
1.111550
1.147340
1.176790
1.200860
1.220510
1.236640
1.249940
1.260890
1.269700
1.276320
1.280630
1.282550
1.282240
1.280100
1.276640
1.272320
1.267490
1.262370
1.257060
1.251640
1.246120
1.240520
1.234850
1.229110
1.223300
1.217440
1.211510
1.205530
1.199500
1.193420
1.187300
1.181150
1.174960
1.168730
1.162480
1.156210
1.149910
1.143600
1.137270
1.130940
1.124590
1.118240
1.111890
1.105530
1.099180
1.092830
1.086490
1.080160
1.073840
1.067520
1.061220
1.054940
1.048670
1.042410
1.036170
1.029960
1.023760
1.017580
1.011420
1.005290
0.999173
0.993084
0.987019
0.980979
0.974963
0.968974
0.963010
0.957073
0.951162
0.945279
0.939424
0.933596
0.927796
0.922025
0.916283
0.910569
0.904884
0.899228
0.893602
0.888005
0.882437
0.876900
0.871392
0.865914
0.860466
0.855048
0.849660
0.844303
0.838975
0.833678
0.828410
0.823174
0.817967
0.812791
0.807645
0.802529
0.797444
0.792389
0.787364
0.782369
0.777405
0.772471
0.767567
0.762693
0.757849
0.753036
0.748252
0.743499
0.738775
0.734082
0.729418
0.724784
0.720179
0.715605
0.711060
0.706545
0.702059
0.697603
0.693176
0.688778
0.684410
0.680071
0.675760
0.671479
0.667227
0.663004
0.658810
0.654644
0.650507
0.646399
0.642319
0.638267
0.634244
0.630248
0.626281
0.622342
0.618431
0.614548
0.610692
0.606864
0.603063
0.599290
0.595544
0.591825
0.588134
0.584469
0.580831
0.577220
0.573636
0.570078
0.566546
0.563041
0.559562
0.556108
0.552681
0.549280
0.545904
0.542554
0.539229
0.535929
0.532655
0.529405
0.526181
0.522981
0.519806
0.516655
0.513529
0.510427
0.507349
0.504295
0.501265
0.498258
0.495275
0.492315
0.489379
0.486466
0.483575
0.480708
0.477863
0.475040
0.472241
0.469463
0.466707
0.463974
0.461262
0.458572
0.455903
0.453256
0.450630
0.448025
0.445441
0.442878
0.440336
0.437814
0.435312
0.432831
0.430369
0.427928
0.425506
0.423104
0.420721
0.418358
0.416014
0.413688
0.411382
0.409095
0.406826
0.404575
0.402343
0.400129
0.397933
0.395755
0.393594
0.391452
0.389326
0.387218
0.385127
0.383053
0.380996
0.378956
0.376932
0.374925
0.372934
0.370959
0.369000
0.367057
0.365130
0.363219
0.361323
0.359443
0.357577
0.355727
0.353892
0.352072
0.350266
0.348475
0.346699
0.344936
0.343188
0.341455
0.339735
0.338028
0.336336
0.334657
0.332992
0.331340
0.329701
0.328076
0.326463
0.324863
0.323277
0.321702
0.320141
0.318591
0.317054
0.315530
0.314017
0.312516
0.311028
0.309551
0.308085
0.306632
0.305189
0.303759
0.302339
0.300931
0.299533
0.298147
0.296771
0.295406
0.294052
0.292709
0.291376
0.290053
0.288741
0.287439
0.286147
0.284865
0.283593
0.282331
0.281079
0.279836
0.278603
0.277379
0.276165
0.274960
0.273765
0.272579
0.271402
0.270233
0.269074
0.267924
0.266783
0.265650
0.264526
0.263410
0.262303
0.261205
0.260115
0.259033
0.257959
0.256894
0.255836
0.254787
0.253745
0.252712
0.251686
0.250668
0.249658
0.248655
0.247660
0.246672
0.245692
0.244719
0.243754
0.242796
0.241845
0.240901
0.239964
0.239034
0.238111
0.237195
0.236286
0.235383
0.234488
0.233599
0.232717
0.231841
0.230972
0.230109
0.229252
0.228402
0.227559
0.226721
0.225890
0.225065
0.224245
0.223432
0.222625
0.221824
0.221029
0.220240
0.219456
0.218679
0.217906
0.217140
0.216379
0.215624
0.214874
0.214130
0.213391
0.212658
0.211930
0.211207
0.210489
0.209777
0.209070
0.208368
0.207671
0.206979
0.206292
0.205610
0.204933
0.204261
0.203594
0.202932
0.202274
0.201621
0.200973
0.200329
0.199690
0.199055
0.198425
0.197800
0.197179
0.196562
0.195950
0.195342
0.194739
0.194140
0.193545
0.192954
0.192367
0.191785
0.191206
0.190632
0.190062
0.189496
0.188933
0.188375
0.187821
0.187270
0.186723
0.186181
0.185641
0.185106
0.184575
0.184047
0.183522
0.183002
0.182485
0.181971
0.181461
0.180955
0.180452
0.179953
0.179457
0.178964
0.178475
0.177989
0.177506
0.177027
0.176551
0.176078
0.175609
0.175143
0.174679
0.174219
0.173763
0.173309
0.172858
0.172410
0.171966
0.171524
0.171085
0.170649
0.170216
0.169786
0.169359
0.168935
0.168514
0.168095
0.167679
0.167266
0.166856
0.166448
0.166043
0.165641
0.165242
0.164845
0.164450
0.164059
0.163670
0.163283
0.162899
0.162517
0.162138
0.161762
0.161388
0.161016
0.160647
0.160280
0.159916
0.159553
0.159194
0.158836
0.158481
0.158128
0.157778
0.157429
0.157083
0.156739
0.156398
0.156058
0.155721
0.155386
0.155053
0.154722
0.154393
0.154067
0.153742
0.153419
0.153099
0.152780
0.152464
0.152149
0.151837
0.151526
0.151218
0.150911
0.150607
0.150304
0.150003
0.149704
0.149407
0.149111
0.148818
0.148526
0.148236
0.147948
0.147662
0.147377
0.147095
0.146814
0.146535
0.146257
0.145981
0.145707
0.145435
0.145164
0.144895
0.144627
0.144361
0.144097
0.143835
0.143574
0.143314
0.143056
0.142800
0.142545
0.142292
0.142041
0.141790
0.141542
0.141295
0.141049
0.140805
0.140562
0.140321
0.140081
0.139843
0.139606
0.139370
0.139136
0.138904
0.138672
0.138442
0.138214
0.137987
0.137761
0.137536
0.137313
0.137091
0.136870
0.136651
0.136433
0.136217
0.136001
0.135787
0.135574
0.135362
0.135152
0.134943
0.134735
0.134528
0.134323
0.134118
0.133915
0.133713
0.133512
0.133313
0.133114
0.132917
0.132721
0.132526
0.132332
0.132139
0.131947
0.131757
0.131567
0.131379
0.131192
0.131005
0.130820
0.130636
0.130453
0.130271
0.130090
0.129910
0.129731
0.129553
0.129376
0.129200
0.129026
0.128852
0.128679
0.128507
0.128336
0.128166
0.127997
0.127829
0.127662
0.127496
0.127330
0.127166
0.127003
0.126840
0.126679
0.126518
0.126358
0.126199
0.126041
0.125884
0.125728
0.125573
0.125418
0.125265
0.125112
0.124960
0.124809
0.124659
0.124509
0.124361
0.124213
0.124066
0.123920
0.123775
0.123630
0.123486
0.123343
0.123201
0.123060
0.122919
0.122779
0.122640
0.122502
0.122365
0.122228
0.122092
0.121957
0.121822
0.121688
0.121555
0.121423
0.121291
0.121160
0.121030
0.120901
0.120772
0.120644
0.120516
0.120390
0.120264
0.120138
0.120014
0.119890
0.119766
0.119644
0.119522
0.119400
0.119280
0.119160
0.119040
0.118921
0.118803
0.118686
0.118569
0.118453
0.118337
0.118222
0.118108
0.117994
0.117881
0.117768
0.117656
0.117545
0.117434
0.117324
0.117215
0.117106
0.116997
0.116889
0.116782
0.116675
0.116569
0.116464
0.116359
0.116254
0.116150
0.116047
0.115944
0.115842
0.115740
0.115639
0.115538
0.115438
0.115339
0.115240
0.115141
0.115043
0.114945
0.114848
0.114752
0.114656
0.114560
0.114465
0.114371
0.114277
0.114183
0.114090
0.113998
0.113906
0.113814
0.113723
0.113633
0.113542
0.113453
0.113363
0.113275
0.113186
0.113099
0.113011
0.112924
0.112838
0.112752
0.112666
0.112581
0.112496
0.112412
0.112328
0.112245
0.112162
0.112079
0.111997
0.111916
0.111834
0.111754
0.111673
0.111593
0.111513
0.111434
0.111356
0.111277
0.111199
0.111122
0.111044
0.110968
0.110891
0.110815
0.110740
0.110664
0.110590
0.110515
0.110441
0.110367
0.110294
0.110221
0.110148
0.110076
0.110004
0.109933
0.109862
0.109791
0.109721
0.109651
0.109581
0.109512
0.109443
0.109374
0.109306
0.109238
0.109170
0.109103
0.109036
0.108970
0.108904
0.108838
0.108772
0.108707
0.108642
0.108577
0.108513
0.108449
0.108386
0.108323
0.108260
0.108197
0.108135
0.108073
0.108011
0.107950
0.107889
0.107828
0.107767
0.107707
0.107647
0.107588
0.107529
0.107470
0.107411
0.107353
0.107295
0.107237
0.107179
0.107122
0.107065
0.107009
0.106952
0.106896
0.106841
0.106785
0.106730
0.106675
0.106620
0.106566
0.106512
0.106458
0.106404
0.106351
0.106298
0.106245
0.106193
0.106140
0.106088
0.106037
0.105985
0.105934
0.105883
0.105832
0.105782
0.105732
0.105682
0.105632
0.105583
0.105533
0.105484
0.105436
0.105387
0.105339
0.105291
0.105243
0.105196
0.105148
0.105101
0.105054
0.105008
0.104961
0.104915
0.104869
0.104824
0.104778
0.104733
0.104688
0.104643
0.104599
0.104554
0.104510
0.104466
0.104423
0.104379
0.104336
0.104293
0.104250
0.104208
0.104165
0.104123
0.104081
0.104039
0.103998
0.103956
0.103915
0.103874
0.103833
0.103793
0.103753
0.103712
0.103672
0.103633
0.103593
0.103554
0.103515
0.103476
0.103437
0.103398
0.103360
0.103322
0.103284
0.103246
0.103208
0.103171
0.103133
0.103096
0.103059
0.103023
0.102986
0.102950
0.102913
0.102877
0.102842
0.102806
0.102770
0.102735
0.102700
0.102665
0.102630
0.102595
0.102561
0.102527
0.102493
0.102459
0.102425
0.102391
0.102358
0.102325
0.102291
0.102258
0.102226
0.102193
0.102160
0.102128
0.102096
0.102064
0.102032
0.102000
0.101969
0.101937
0.101906
0.101875
0.101844
0.101813
0.101783
0.101752
0.101722
0.101692
0.101662
0.101632
0.101602
0.101573
0.101543
0.101514
0.101485
0.101456
0.101427
0.101398
0.101370
0.101341
0.101313
0.101285
0.101257
0.101229
0.101201
0.101173
0.101146
0.101118
0.101091
0.101064
0.101037
0.101010
0.100984
0.100957
0.100931
0.100904
0.100878
0.100852
0.100826
0.100800
0.100775
0.100749
0.100724
0.100699
0.100673
0.100648
0.100623
0.100599
0.100574
0.100549
0.100525
0.100501
0.100476
0.100452
0.100428
0.100405
0.100381
0.100357
0.100334
0.100310
0.100287
0.100264
0.100241
0.100218
0.100195
0.100172
0.100150
0.100127
0.100105
0.100083
0.100061
0.100039
0.100017
0.099995
0.099973
0.099951
