15.078800
15.078700
15.078700
15.078700
15.078700
15.078700
15.081100
15.081600
15.081500
15.081300
15.081200
15.081000
15.080900
15.080800
15.080700
15.080600
15.080500
15.080400
15.080300
15.080200
15.080200
15.080100
15.080100
15.080000
15.080000
15.080000
15.080000
15.080000
15.080000
15.080000
15.080000
15.080100
15.080100
15.080100
15.080200
15.080200
15.080200
15.080300
15.080300
15.080400
15.080400
15.080500
15.080500
15.080600
15.080700
15.080700
15.080800
15.080800
15.080900
15.081000
15.081000
15.081100
15.081200
15.081300
15.081300
15.081400
15.081500
15.081500
15.081600
15.081700
15.081800
15.081800
15.081900
15.082000
15.082100
15.082200
15.082200
15.082300
15.082400
15.082500
15.082500
15.082600
15.082700
15.082800
15.082800
15.082900
15.083000
15.083100
15.083200
15.083200
15.083300
15.083400
15.083500
15.083500
15.083600
15.083700
15.083800
15.083800
15.083900
15.084000
15.084100
15.084100
15.084200
15.084300
15.084300
15.084400
15.084500
15.084600
15.084600
15.084700
15.084800
15.084800
15.084900
15.085000
15.085000
15.085100
15.085200
15.085200
15.085300
15.085400
15.085400
15.085500
15.085500
15.085600
15.085700
15.085700
15.085800
15.085900
15.085900
15.086000
15.086000
15.086100
15.086200
15.086200
15.086300
15.086300
15.086400
15.086400
15.086500
15.086500
15.086600
15.086700
15.086700
15.086800
15.086800
15.086900
15.086900
15.087000
15.087000
15.087100
15.087100
15.087200
15.087200
15.087300
15.087300
15.087400
15.087400
15.087400
15.087500
15.087500
15.087600
15.087600
15.087700
15.087700
15.087700
15.087800
15.087800
15.087900
15.087900
15.088000
15.088000
15.088000
15.088100
15.088100
15.088100
15.088200
15.088200
15.088300
15.088300
15.088300
15.088400
15.088400
15.088400
15.088500
15.088500
15.088500
15.088600
15.088600
15.088600
15.088700
15.088700
15.088700
15.088800
15.088800
15.088800
15.088800
15.088900
15.088900
15.088900
15.089000
15.089000
15.089000
15.089000
15.089100
15.089100
15.089100
15.089100
15.089200
15.089200
15.089200
15.089200
15.089300
15.089300
15.089300
15.089300
15.089300
15.089400
15.089400
15.089400
15.089400
15.089400
15.089500
15.089500
15.089500
15.089500
15.089500
15.089600
15.089600
15.089600
15.089600
15.089600
15.089600
15.089700
15.089700
15.089700
15.089700
15.089700
15.089700
15.089700
15.089800
15.089800
15.089800
15.089800
15.089800
15.089800
15.089800
15.089800
15.089900
15.089900
15.089900
15.089900
15.089900
15.089900
15.089900
15.089900
15.089900
15.090000
15.090000
15.090000
15.090000
15.090000
15.090000
15.090000
15.090000
15.090000
15.090000
15.090000
15.090000
15.090100
15.090100
15.090100
15.090100
15.090100
15.090100
15.090100
15.090100
15.090100
15.090100
15.090100
15.090100
15.090100
15.090100
15.090100
15.090100
15.090100
15.090100
15.090100
15.090100
15.090100
15.090100
15.090100
15.090200
15.090200
15.090200
15.090200
15.090200
15.090200
15.090200
15.090200
15.090200
15.090200
15.090200
15.090200
15.090200
15.090200
15.090200
15.090200
15.090200
15.090200
15.090200
15.090200
15.090200
15.090200
15.090200
15.090200
15.090200
15.090200
15.090200
15.090200
15.090100
15.090100
15.090100
15.090100
15.090100
15.090100
15.090100
15.090100
15.090100
15.090100
15.090100
15.090100
15.090100
15.090100
15.090100
15.090100
15.090100
15.090100
15.090100
15.090100
15.090100
15.090100
15.090100
15.090100
15.090100
15.090100
15.090000
15.090000
15.090000
15.090000
15.090000
15.090000
15.090000
15.090000
15.090000
15.090000
15.090000
15.090000
15.090000
15.090000
15.090000
15.090000
15.089900
15.089900
15.089900
15.089900
15.089900
15.089900
15.089900
15.089900
15.089900
15.089900
15.089900
15.089900
15.089900
15.089800
15.089800
15.089800
15.089800
15.089800
15.089800
15.089800
15.089800
15.089800
15.089800
15.089800
15.089800
15.089700
15.089700
15.089700
15.089700
15.089700
15.089700
15.089700
15.089700
15.089700
15.089700
15.089600
15.089600
15.089600
15.089600
15.089600
15.089600
15.089600
15.089600
15.089600
15.089600
15.089500
15.089500
15.089500
15.089500
15.089500
15.089500
15.089500
15.089500
15.089500
15.089400
15.089400
15.089400
15.089400
15.089400
15.089400
15.089400
15.089400
15.089400
15.089300
15.089300
15.089300
15.089300
15.089300
15.089300
15.089300
15.089300
15.089200
15.089200
15.089200
15.089200
15.089200
15.089200
15.089200
15.089200
15.089100
15.089100
15.089100
15.089100
15.089100
15.089100
15.089100
15.089100
15.089000
15.089000
15.089000
15.089000
15.089000
15.089000
15.089000
15.089000
15.088900
15.088900
15.088900
15.088900
15.088900
15.088900
15.088900
15.088800
15.088800
15.088800
15.088800
15.088800
15.088800
15.088800
15.088700
15.088700
15.088700
15.088700
15.088700
15.088700
15.088700
15.088600
15.088600
15.088600
15.088600
15.088600
15.088600
15.088600
15.088500
15.088500
15.088500
15.088500
15.088500
15.088500
15.088500
15.088400
15.088400
15.088400
15.088400
15.088400
15.088400
15.088400
15.088300
15.088300
15.088300
15.088300
15.088300
15.088300
15.088200
15.088200
15.088200
15.088200
15.088200
15.088200
15.088200
15.088100
15.088100
15.088100
15.088100
15.088100
15.088100
15.088000
15.088000
15.088000
15.088000
15.088000
15.088000
15.087900
15.087900
15.087900
15.087900
15.087900
15.087900
15.087900
15.087800
15.087800
15.087800
15.087800
15.087800
15.087800
15.087700
15.087700
15.087700
15.087700
15.087700
15.087700
15.087600
15.087600
15.087600
15.087600
15.087600
15.087600
15.087500
15.087500
15.087500
15.087500
15.087500
15.087500
15.087400
15.087400
15.087400
15.087400
15.087400
15.087400
15.087300
15.087300
15.087300
15.087300
15.087300
15.087300
15.087200
15.087200
15.087200
15.087200
15.087200
15.087200
15.087100
15.087100
15.087100
15.087100
15.087100
15.087100
15.087000
15.087000
15.087000
15.087000
15.087000
15.086900
15.086900
15.086900
15.086900
15.086900
15.086900
15.086800
15.086800
15.086800
15.086800
15.086800
15.086800
15.086700
15.086700
15.086700
15.086700
15.086700
15.086700
15.086600
15.086600
15.086600
15.086600
15.086600
15.086500
15.086500
15.086500
15.086500
15.086500
15.086500
15.086400
15.086400
15.086400
15.086400
15.086400
15.086400
15.086300
15.086300
15.086300
15.086300
15.086300
15.086200
15.086200
15.086200
15.086200
15.086200
15.086200
15.086100
15.086100
15.086100
15.086100
15.086100
15.086000
15.086000
15.086000
15.086000
15.086000
15.086000
15.085900
15.085900
15.085900
15.085900
15.085900
15.085800
15.085800
15.085800
15.085800
15.085800
15.085800
15.085700
15.085700
15.085700
15.085700
15.085700
15.085600
15.085600
15.085600
15.085600
15.085600
15.085600
15.085500
15.085500
15.085500
15.085500
15.085500
15.085400
15.085400
15.085400
15.085400
15.085400
15.085400
15.085300
15.085300
15.085300
15.085300
15.085300
15.085200
15.085200
15.085200
15.085200
15.085200
15.085100
15.085100
15.085100
15.085100
15.085100
15.085100
15.085000
15.085000
15.085000
15.085000
15.085000
15.084900
15.084900
15.084900
15.084900
15.084900
15.084800
15.084800
15.084800
15.084800
15.084800
15.084800
15.084700
15.084700
15.084700
15.084700
15.084700
15.084600
15.084600
15.084600
15.084600
15.084600
15.084500
15.084500
15.084500
15.084500
15.084500
15.084500
15.084400
15.084400
15.084400
15.084400
15.084400
15.084300
15.084300
15.084300
15.084300
15.084300
15.084200
15.084200
15.084200
15.084200
15.084200
15.084100
15.084100
15.084100
15.084100
15.084100
15.084100
15.084000
15.084000
15.084000
15.084000
15.084000
15.083900
15.083900
15.083900
15.083900
15.083900
15.083800
15.083800
15.083800
15.083800
15.083800
15.083700
15.083700
15.083700
15.083700
15.083700
15.083700
15.083600
15.083600
15.083600
15.083600
15.083600
15.083500
15.083500
15.083500
15.083500
15.083500
15.083400
15.083400
15.083400
15.083400
15.083400
15.083300
15.083300
15.083300
15.083300
15.083300
15.083200
15.083200
15.083200
15.083200
15.083200
15.083100
15.083100
15.083100
15.083100
15.083100
15.083100
15.083000
15.083000
15.083000
15.083000
15.083000
15.082900
15.082900
15.082900
15.082900
15.082900
15.082800
15.082800
15.082800
15.082800
15.082800
15.082700
15.082700
15.082700
15.082700
15.082700
15.082600
15.082600
15.082600
15.082600
15.082600
15.082500
15.082500
15.082500
15.082500
15.082500
15.082400
15.082400
15.082400
15.082400
15.082400
15.082400
15.082300
15.082300
15.082300
15.082300
15.082300
15.082200
15.082200
15.082200
15.082200
15.082200
15.082100
15.082100
15.082100
15.082100
15.082100
15.082000
15.082000
15.082000
15.082000
15.082000
15.081900
15.081900
15.081900
15.081900
15.081900
15.081800
15.081800
15.081800
15.081800
15.081800
15.081700
15.081700
15.081700
15.081700
15.081700
15.081600
15.081600
15.081600
15.081600
15.081600
15.081500
15.081500
15.081500
15.081500
15.081500
15.081400
15.081400
15.081400
15.081400
15.081400
15.081300
15.081300
15.081300
15.081300
15.081300
15.081300
15.081200
15.081200
15.081200
15.081200
15.081200
15.081100
15.081100
15.081100
15.081100
15.081100
15.081000
15.081000
15.081000
15.081000
15.081000
15.080900
15.080900
15.080900
15.080900
15.080900
15.080800
15.080800
15.080800
15.080800
15.080800
15.080700
15.080700
15.080700
15.080700
15.080700
15.080600
15.080600
15.080600
15.080600
15.080600
15.080500
15.080500
15.080500
15.080500
15.080500
15.080400
15.080400
15.080400
15.080400
15.080400
15.080300
15.080300
15.080300
15.080300
15.080300
15.080200
15.080200
15.080200
15.080200
15.080200
15.080100
15.080100
15.080100
15.080100
15.080100
15.080000
15.080000
15.080000
15.080000
15.080000
15.079900
15.079900
15.079900
15.079900
15.079900
15.079800
15.079800
15.079800
15.079800
15.079800
15.079700
15.079700
15.079700
15.079700
15.079700
15.079600
15.079600
15.079600
15.079600
15.079600
15.079500
15.079500
15.079500
15.079500
15.079500
15.079400
15.079400
15.079400
15.079400
15.079400
15.079300
15.079300
15.079300
15.079300
15.079300
15.079200
15.079200
15.079200
15.079200
15.079200
15.079100
15.079100
15.079100
15.079100
15.079100
15.079000
15.079000
15.079000
15.079000
15.079000
15.078900
15.078900
15.078900
15.078900
15.078900
15.078800
15.078800
15.078800
15.078800
15.078800
15.078700
15.078700
15.078700
15.078700
15.078700
15.081100
15.081600
15.081500
15.081300
15.081200
15.081000
15.080900
15.080800
15.080700
15.080600
15.080500
15.080400
15.080300
15.080200
15.080200
15.080100
15.080100
15.080000
15.080000
15.080000
15.080000
15.080000
15.080000
15.080000
15.080000
15.080100
15.080100
15.080100
15.080200
15.080200
15.080200
15.080300
15.080300
15.080400
15.080400
15.080500
15.080500
15.080600
15.080700
15.080700
15.080800
15.080800
15.080900
15.081000
15.081000
15.081100
15.081200
15.081300
15.081300
15.081400
15.081500
15.081500
15.081600
15.081700
15.081800
15.081900
15.081900
15.082000
15.082100
15.082200
15.082200
15.082300
15.082400
15.082500
15.082500
15.082600
15.082700
15.082800
15.082900
15.082900
15.083000
15.083100
15.083200
15.083200
15.083300
15.083400
15.083500
15.083500
15.083600
15.083700
15.083800
15.083800
15.083900
15.084000
15.084100
15.084100
15.084200
15.084300
15.084300
15.084400
15.084500
15.084600
15.084600
15.084700
15.084800
15.084800
15.084900
15.085000
15.085000
15.085100
15.085200
15.085200
15.085300
15.085400
15.085400
15.085500
15.085600
15.085600
15.085700
15.085700
15.085800
15.085900
15.085900
15.086000
15.086000
15.086100
15.086200
15.086200
15.086300
15.086300
15.086400
15.086400
15.086500
15.086600
15.086600
15.086700
15.086700
15.086800
15.086800
15.086900
15.086900
15.087000
15.087000
15.087100
15.087100
15.087200
15.087200
15.087300
15.087300
15.087400
15.087400
15.087400
15.087500
15.087500
15.087600
15.087600
15.087700
15.087700
15.087800
15.087800
15.087800
15.087900
15.087900
15.088000
15.088000
15.088000
15.088100
15.088100
15.088200
15.088200
15.088200
15.088300
15.088300
15.088300
15.088400
15.088400
15.088400
15.088500
15.088500
15.088500
15.088600
15.088600
15.088600
15.088700
15.088700
15.088700
15.088800
15.088800
15.088800
15.088800
15.088900
15.088900
15.088900
15.089000
15.089000
15.089000
15.089000
15.089100
15.089100
15.089100
15.089100
15.089200
15.089200
15.089200
15.089200
15.089300
15.089300
15.089300
15.089300
15.089300
15.089400
15.089400
15.089400
15.089400
15.089400
15.089500
15.089500
15.089500
15.089500
15.089500
15.089600
15.089600
15.089600
15.089600
15.089600
15.089600
15.089700
15.089700
15.089700
15.089700
15.089700
15.089700
15.089800
15.089800
15.089800
15.089800
15.089800
15.089800
15.089800
15.089800
15.089900
15.089900
15.089900
15.089900
15.089900
15.089900
15.089900
15.089900
15.089900
15.090000
15.090000
15.090000
15.090000
15.090000
15.090000
15.090000
15.090000
15.090000
15.090000
15.090000
15.090000
15.090100
15.090100
15.090100
15.090100
15.090100
15.090100
15.090100
15.090100
15.090100
15.090100
15.090100
15.090100
15.090100
15.090100
15.090100
15.090100
15.090100
15.090100
15.090100
15.090100
15.090100
15.090200
15.090200
15.090200
15.090200
15.090200
15.090200
15.090200
15.090200
15.090200
15.090200
15.090200
15.090200
15.090200
15.090200
15.090200
15.090200
15.090200
15.090200
15.090200
15.090200
15.090200
15.090200
15.090200
15.090200
15.090200
15.090200
15.090200
15.090200
15.090200
15.090200
15.090200
15.090200
15.090200
15.090200
15.090100
15.090100
15.090100
15.090100
15.090100
15.090100
15.090100
15.090100
15.090100
15.090100
15.090100
15.090100
15.090100
15.090100
15.090100
15.090100
15.090100
15.090100
15.090100
15.090100
15.090100
15.090100
15.090100
15.090100
15.090000
15.090000
15.090000
15.090000
15.090000
15.090000
15.090000
15.090000
15.090000
15.090000
15.090000
15.090000
15.090000
15.090000
15.090000
15.090000
15.089900
15.089900
15.089900
15.089900
15.089900
15.089900
15.089900
15.089900
15.089900
15.089900
15.089900
15.089900
15.089900
15.089800
15.089800
15.089800
15.089800
15.089800
15.089800
15.089800
15.089800
15.089800
15.089800
15.089800
15.089800
15.089700
15.089700
15.089700
15.089700
15.089700
15.089700
15.089700
15.089700
15.089700
15.089700
15.089600
15.089600
15.089600
15.089600
15.089600
15.089600
15.089600
15.089600
15.089600
15.089600
15.089500
15.089500
15.089500
15.089500
15.089500
15.089500
15.089500
15.089500
15.089500
15.089400
15.089400
15.089400
15.089400
15.089400
15.089400
15.089400
15.089400
15.089300
15.089300
15.089300
15.089300
15.089300
15.089300
15.089300
15.089300
15.089300
15.089200
15.089200
15.089200
15.089200
15.089200
15.089200
15.089200
15.089200
15.089100
15.089100
15.089100
15.089100
15.089100
15.089100
15.089100
15.089000
15.089000
15.089000
15.089000
15.089000
15.089000
15.089000
15.089000
15.088900
15.088900
15.088900
15.088900
15.088900
15.088900
15.088900
15.088800
15.088800
15.088800
15.088800
15.088800
15.088800
15.088800
15.088800
15.088700
15.088700
15.088700
15.088700
15.088700
15.088700
15.088700
15.088600
15.088600
15.088600
15.088600
15.088600
15.088600
15.088500
15.088500
15.088500
15.088500
15.088500
15.088500
15.088500
15.088400
15.088400
15.088400
15.088400
15.088400
15.088400
15.088400
15.088300
15.088300
15.088300
15.088300
15.088300
15.088300
15.088300
15.088200
15.088200
15.088200
15.088200
15.088200
15.088200
15.088100
15.088100
15.088100
15.088100
15.088100
15.088100
15.088000
15.088000
15.088000
15.088000
15.088000
15.088000
15.088000
15.087900
15.087900
15.087900
15.087900
15.087900
15.087900
15.087800
15.087800
15.087800
15.087800
15.087800
15.087800
15.087700
15.087700
15.087700
15.087700
15.087700
15.087700
15.087600
15.087600
15.087600
15.087600
15.087600
15.087600
15.087500
15.087500
15.087500
15.087500
15.087500
15.087500
15.087400
15.087400
15.087400
15.087400
15.087400
15.087400
15.087300
15.087300
15.087300
15.087300
15.087300
15.087300
15.087200
15.087200
15.087200
15.087200
15.087200
15.087200
15.087100
15.087100
15.087100
15.087100
15.087100
15.087100
15.087000
15.087000
15.087000
15.087000
15.087000
15.087000
15.086900
15.086900
15.086900
15.086900
15.086900
15.086900
15.086800
15.086800
15.086800
15.086800
15.086800
15.086700
15.086700
15.086700
15.086700
15.086700
15.086700
15.086600
15.086600
15.086600
15.086600
15.086600
15.086600
15.086500
15.086500
15.086500
15.086500
15.086500
15.086400
15.086400
15.086400
15.086400
15.086400
15.086400
15.086300
15.086300
15.086300
15.086300
15.086300
15.086300
15.086200
15.086200
15.086200
15.086200
15.086200
15.086100
15.086100
15.086100
15.086100
15.086100
15.086100
15.086000
15.086000
15.086000
15.086000
15.086000
15.085900
15.085900
15.085900
15.085900
15.085900
15.085900
15.085800
15.085800
15.085800
15.085800
15.085800
15.085700
15.085700
15.085700
15.085700
15.085700
15.085700
15.085600
15.085600
15.085600
15.085600
15.085600
15.085500
15.085500
15.085500
15.085500
15.085500
15.085500
15.085400
15.085400
15.085400
15.085400
15.085400
15.085300
15.085300
15.085300
15.085300
15.085300
15.085200
15.085200
15.085200
15.085200
15.085200
15.085200
15.085100
15.085100
15.085100
15.085100
15.085100
15.085000
15.085000
15.085000
15.085000
15.085000
15.084900
15.084900
15.084900
15.084900
15.084900
15.084900
15.084800
15.084800
15.084800
15.084800
15.084800
15.084700
15.084700
15.084700
15.084700
15.084700
15.084600
15.084600
15.084600
15.084600
15.084600
15.084600
15.084500
15.084500
15.084500
15.084500
15.084500
15.084400
15.084400
15.084400
15.084400
15.084400
15.084300
15.084300
15.084300
15.084300
15.084300
15.084200
15.084200
15.084200
15.084200
15.084200
15.084200
15.084100
15.084100
15.084100
15.084100
15.084100
15.084000
15.084000
15.084000
15.084000
15.084000
15.083900
15.083900
15.083900
15.083900
15.083900
15.083800
15.083800
15.083800
15.083800
15.083800
15.083800
15.083700
15.083700
15.083700
15.083700
15.083700
15.083600
15.083600
15.083600
15.083600
15.083600
15.083500
15.083500
15.083500
15.083500
15.083500
15.083400
15.083400
15.083400
15.083400
15.083400
15.083300
15.083300
15.083300
15.083300
15.083300
15.083300
15.083200
15.083200
15.083200
15.083200
15.083200
15.083100
15.083100
15.083100
15.083100
15.083100
15.083000
15.083000
15.083000
15.083000
15.083000
15.082900
15.082900
15.082900
15.082900
15.082900
15.082800
15.082800
15.082800
15.082800
15.082800
15.082700
15.082700
15.082700
15.082700
15.082700
15.082600
15.082600
15.082600
15.082600
15.082600
15.082600
15.082500
15.082500
15.082500
15.082500
15.082500
15.082400
15.082400
15.082400
15.082400
15.082400
15.082300
15.082300
15.082300
15.082300
15.082300
15.082200
15.082200
15.082200
15.082200
15.082200
15.082100
15.082100
15.082100
15.082100
15.082100
15.082000
15.082000
15.082000
15.082000
15.082000
15.081900
15.081900
15.081900
15.081900
15.081900
15.081800
15.081800
15.081800
15.081800
15.081800
15.081700
15.081700
15.081700
15.081700
15.081700
15.081700
15.081600
15.081600
15.081600
15.081600
15.081600
15.081500
15.081500
15.081500
15.081500
15.081500
15.081400
15.081400
15.081400
15.081400
15.081400
15.081300
15.081300
15.081300
15.081300
15.081300
15.081200
15.081200
15.081200
15.081200
15.081200
15.081100
15.081100
15.081100
15.081100
15.081100
15.081000
15.081000
15.081000
15.081000
15.081000
15.080900
15.080900
15.080900
15.080900
15.080900
15.080800
15.080800
15.080800
15.080800
15.080800
15.080700
15.080700
15.080700
15.080700
15.080700
15.080600
15.080600
15.080600
15.080600
15.080600
15.080500
15.080500
15.080500
15.080500
15.080500
15.080400
15.080400
15.080400
15.080400
15.080400
15.080300
15.080300
15.080300
15.080300
15.080300
15.080200
15.080200
15.080200
15.080200
15.080200
15.080100
15.080100
15.080100
15.080100
15.080100
15.080000
15.080000
15.080000
15.080000
15.080000
15.080000
15.079900
15.079900
15.079900
15.079900
15.079900
15.079800
15.079800
15.079800
15.079800
15.079800
15.079700
15.079700
15.079700
15.079700
15.079700
15.079600
15.079600
15.079600
15.079600
15.079600
15.079500
15.079500
15.079500
15.079500
15.079500
15.079400
15.079400
15.079400
15.079400
15.079400
15.079300
15.079300
15.079300
15.079300
15.079300
15.079200
15.079200
15.079200
15.079200
15.079200
15.079100
15.079100
15.079100
15.079100
15.079100
15.079000
15.079000
15.079000
15.079000
15.079000
15.078900
15.078900
15.078900
15.078900
15.078900
15.078800
15.078800
15.078800
15.078800
15.078800
15.078700
15.078700
15.078700
15.078700
15.081100
15.081600
15.081500
15.081300
15.081200
15.081000
15.080900
15.080800
15.080700
15.080600
15.080500
15.080400
15.080300
15.080200
15.080200
15.080100
15.080100
15.080000
15.080000
15.080000
15.080000
15.080000
15.080000
15.080000
15.080000
15.080100
15.080100
15.080100
15.080200
15.080200
15.080200
15.080300
15.080300
15.080400
15.080400
15.080500
15.080600
15.080600
15.080700
15.080700
15.080800
15.080900
15.080900
15.081000
15.081100
15.081100
15.081200
15.081300
15.081300
15.081400
15.081500
15.081600
15.081600
15.081700
15.081800
15.081900
15.081900
15.082000
15.082100
15.082200
15.082200
15.082300
15.082400
15.082500
15.082600
15.082600
15.082700
15.082800
15.082900
15.082900
15.083000
15.083100
15.083200
15.083200
15.083300
15.083400
15.083500
15.083500
15.083600
15.083700
15.083800
15.083800
15.083900
15.084000
15.084100
15.084100
15.084200
15.084300
15.084400
15.084400
15.084500
15.084600
15.084600
15.084700
15.084800
15.084800
15.084900
15.085000
15.085000
15.085100
15.085200
15.085200
15.085300
15.085400
15.085400
15.085500
15.085600
15.085600
15.085700
15.085700
15.085800
15.085900
15.085900
15.086000
15.086000
15.086100
15.086200
15.086200
15.086300
15.086300
15.086400
15.086400
15.086500
15.086600
15.086600
15.086700
15.086700
15.086800
15.086800
15.086900
15.086900
15.087000
15.087000
15.087100
15.087100
15.087200
15.087200
15.087300
15.087300
15.087400
15.087400
15.087500
15.087500
15.087500
15.087600
15.087600
15.087700
15.087700
15.087800
15.087800
15.087800
15.087900
15.087900
15.088000
15.088000
15.088000
15.088100
15.088100
15.088200
15.088200
15.088200
15.088300
15.088300
15.088300
15.088400
15.088400
15.088400
15.088500
15.088500
15.088500
15.088600
15.088600
15.088600
15.088700
15.088700
15.088700
15.088800
15.088800
15.088800
15.088900
15.088900
15.088900
15.088900
15.089000
15.089000
15.089000
15.089000
15.089100
15.089100
15.089100
15.089100
15.089200
15.089200
15.089200
15.089200
15.089300
15.089300
15.089300
15.089300
15.089400
15.089400
15.089400
15.089400
15.089400
15.089500
15.089500
15.089500
15.089500
15.089500
15.089500
15.089600
15.089600
15.089600
15.089600
15.089600
15.089700
15.089700
15.089700
15.089700
15.089700
15.089700
15.089700
15.089800
15.089800
15.089800
15.089800
15.089800
15.089800
15.089800
15.089800
15.089900
15.089900
15.089900
15.089900
15.089900
15.089900
15.089900
15.089900
15.089900
15.090000
15.090000
15.090000
15.090000
15.090000
15.090000
15.090000
15.090000
15.090000
15.090000
15.090000
15.090100
15.090100
15.090100
15.090100
15.090100
15.090100
15.090100
15.090100
15.090100
15.090100
15.090100
15.090100
15.090100
15.090100
15.090100
15.090100
15.090100
15.090100
15.090100
15.090100
15.090200
15.090200
15.090200
15.090200
15.090200
15.090200
15.090200
15.090200
15.090200
15.090200
15.090200
15.090200
15.090200
15.090200
15.090200
15.090200
15.090200
15.090200
15.090200
15.090200
15.090200
15.090200
15.090200
15.090200
15.090200
15.090200
15.090200
15.090200
15.090200
15.090200
15.090200
15.090200
15.090200
15.090200
15.090200
15.090200
15.090200
15.090200
15.090100
15.090100
15.090100
15.090100
15.090100
15.090100
15.090100
15.090100
15.090100
15.090100
15.090100
15.090100
15.090100
15.090100
15.090100
15.090100
15.090100
15.090100
15.090100
15.090100
15.090100
15.090100
15.090100
15.090100
15.090000
15.090000
15.090000
15.090000
15.090000
15.090000
15.090000
15.090000
15.090000
15.090000
15.090000
15.090000
15.090000
15.090000
15.090000
15.089900
15.089900
15.089900
15.089900
15.089900
15.089900
15.089900
15.089900
15.089900
15.089900
15.089900
15.089900
15.089900
15.089800
15.089800
15.089800
15.089800
15.089800
15.089800
15.089800
15.089800
15.089800
15.089800
15.089800
15.089700
15.089700
15.089700
15.089700
15.089700
15.089700
15.089700
15.089700
15.089700
15.089700
15.089700
15.089600
15.089600
15.089600
15.089600
15.089600
15.089600
15.089600
15.089600
15.089600
15.089500
15.089500
15.089500
15.089500
15.089500
15.089500
15.089500
15.089500
15.089500
15.089400
15.089400
15.089400
15.089400
15.089400
15.089400
15.089400
15.089400
15.089400
15.089300
15.089300
15.089300
15.089300
15.089300
15.089300
15.089300
15.089300
15.089200
15.089200
15.089200
15.089200
15.089200
15.089200
15.089200
15.089200
15.089100
15.089100
15.089100
15.089100
15.089100
15.089100
15.089100
15.089100
15.089000
15.089000
15.089000
15.089000
15.089000
15.089000
15.089000
15.089000
15.088900
15.088900
15.088900
15.088900
15.088900
15.088900
15.088900
15.088800
15.088800
15.088800
15.088800
15.088800
15.088800
15.088800
15.088700
15.088700
15.088700
15.088700
15.088700
15.088700
15.088700
15.088600
15.088600
15.088600
15.088600
15.088600
15.088600
15.088600
15.088500
15.088500
15.088500
15.088500
15.088500
15.088500
15.088500
15.088400
15.088400
15.088400
15.088400
15.088400
15.088400
15.088300
15.088300
15.088300
15.088300
15.088300
15.088300
15.088300
15.088200
15.088200
15.088200
15.088200
15.088200
15.088200
15.088100
15.088100
15.088100
15.088100
15.088100
15.088100
15.088100
15.088000
15.088000
15.088000
15.088000
15.088000
15.088000
15.087900
15.087900
15.087900
15.087900
15.087900
15.087900
15.087800
15.087800
15.087800
15.087800
15.087800
15.087800
15.087800
15.087700
15.087700
15.087700
15.087700
15.087700
15.087700
15.087600
15.087600
15.087600
15.087600
15.087600
15.087600
15.087500
15.087500
15.087500
15.087500
15.087500
15.087500
15.087400
15.087400
15.087400
15.087400
15.087400
15.087400
15.087300
15.087300
15.087300
15.087300
15.087300
15.087300
15.087200
15.087200
15.087200
15.087200
15.087200
15.087200
15.087100
15.087100
15.087100
15.087100
15.087100
15.087000
15.087000
15.087000
15.087000
15.087000
15.087000
15.086900
15.086900
15.086900
15.086900
15.086900
15.086900
15.086800
15.086800
15.086800
15.086800
15.086800
15.086800
15.086700
15.086700
15.086700
15.086700
15.086700
15.086600
15.086600
15.086600
15.086600
15.086600
15.086600
15.086500
15.086500
15.086500
15.086500
15.086500
15.086500
15.086400
15.086400
15.086400
15.086400
15.086400
15.086300
15.086300
15.086300
15.086300
15.086300
15.086300
15.086200
15.086200
15.086200
15.086200
15.086200
15.086200
15.086100
15.086100
15.086100
15.086100
15.086100
15.086000
15.086000
15.086000
15.086000
15.086000
15.086000
15.085900
15.085900
15.085900
15.085900
15.085900
15.085800
15.085800
15.085800
15.085800
15.085800
15.085800
15.085700
15.085700
15.085700
15.085700
15.085700
15.085600
15.085600
15.085600
15.085600
15.085600
15.085500
15.085500
15.085500
15.085500
15.085500
15.085500
15.085400
15.085400
15.085400
15.085400
15.085400
15.085300
15.085300
15.085300
15.085300
15.085300
15.085300
15.085200
15.085200
15.085200
15.085200
15.085200
15.085100
15.085100
15.085100
15.085100
15.085100
15.085000
15.085000
15.085000
15.085000
15.085000
15.085000
15.084900
15.084900
15.084900
15.084900
15.084900
15.084800
15.084800
15.084800
15.084800
15.084800
15.084700
15.084700
15.084700
15.084700
15.084700
15.084700
15.084600
15.084600
15.084600
15.084600
15.084600
15.084500
15.084500
15.084500
15.084500
15.084500
15.084400
15.084400
15.084400
15.084400
15.084400
15.084400
15.084300
15.084300
15.084300
15.084300
15.084300
15.084200
15.084200
15.084200
15.084200
15.084200
15.084100
15.084100
15.084100
15.084100
15.084100
15.084000
15.084000
15.084000
15.084000
15.084000
15.084000
15.083900
15.083900
15.083900
15.083900
15.083900
15.083800
15.083800
15.083800
15.083800
15.083800
15.083700
15.083700
15.083700
15.083700
15.083700
15.083600
15.083600
15.083600
15.083600
15.083600
15.083500
15.083500
15.083500
15.083500
15.083500
15.083500
15.083400
15.083400
15.083400
15.083400
15.083400
15.083300
15.083300
15.083300
15.083300
15.083300
15.083200
15.083200
15.083200
15.083200
15.083200
15.083100
15.083100
15.083100
15.083100
15.083100
15.083000
15.083000
15.083000
15.083000
15.083000
15.082900
15.082900
15.082900
15.082900
15.082900
15.082900
15.082800
15.082800
15.082800
15.082800
15.082800
15.082700
15.082700
15.082700
15.082700
15.082700
15.082600
15.082600
15.082600
15.082600
15.082600
15.082500
15.082500
15.082500
15.082500
15.082500
15.082400
15.082400
15.082400
15.082400
15.082400
15.082300
15.082300
15.082300
15.082300
15.082300
15.082200
15.082200
15.082200
15.082200
15.082200
15.082100
15.082100
15.082100
15.082100
15.082100
15.082100
15.082000
15.082000
15.082000
15.082000
15.082000
15.081900
15.081900
15.081900
15.081900
15.081900
15.081800
15.081800
15.081800
15.081800
15.081800
15.081700
15.081700
15.081700
15.081700
15.081700
15.081600
15.081600
15.081600
15.081600
15.081600
15.081500
15.081500
15.081500
15.081500
15.081500
15.081400
15.081400
15.081400
15.081400
15.081400
15.081300
15.081300
15.081300
15.081300
15.081300
15.081200
15.081200
15.081200
15.081200
15.081200
15.081100
15.081100
15.081100
15.081100
15.081100
15.081000
15.081000
15.081000
15.081000
15.081000
15.080900
15.080900
15.080900
15.080900
15.080900
15.080800
15.080800
15.080800
15.080800
15.080800
15.080800
15.080700
15.080700
15.080700
15.080700
15.080700
15.080600
15.080600
15.080600
15.080600
15.080600
15.080500
15.080500
15.080500
15.080500
15.080500
15.080400
15.080400
15.080400
15.080400
15.080400
15.080300
15.080300
15.080300
15.080300
15.080300
15.080200
15.080200
15.080200
15.080200
15.080200
15.080100
15.080100
15.080100
15.080100
15.080100
15.080000
15.080000
15.080000
15.080000
15.080000
15.079900
15.079900
15.079900
15.079900
15.079900
15.079800
15.079800
15.079800
15.079800
15.079800
15.079700
15.079700
15.079700
15.079700
15.079700
15.079600
15.079600
15.079600
15.079600
15.079600
15.079500
15.079500
15.079500
15.079500
15.079500
15.079400
15.079400
15.079400
15.079400
15.079400
15.079300
15.079300
15.079300
15.079300
15.079300
15.079200
15.079200
15.079200
15.079200
15.079200
15.079100
15.079100
15.079100
15.079100
15.079100
15.079000
15.079000
15.079000
15.079000
15.079000
15.078900
15.078900
15.078900
15.078900
15.078900
15.078800
15.078800
15.078800
15.078800
