0.088429
0.088525
0.088915
0.089827
0.091767
0.096612
0.373342
0.354432
0.349297
0.380493
0.435359
0.530433
0.660391
0.787900
0.897089
0.985526
1.055370
1.109490
1.150600
1.181250
1.203880
1.220690
1.233350
1.242910
1.249680
1.253490
1.254190
1.252050
1.247810
1.242290
1.236150
1.229740
1.223260
1.216740
1.210200
1.203620
1.196990
1.190310
1.183570
1.176770
1.169910
1.162990
1.156020
1.149010
1.141940
1.134830
1.127680
1.120500
1.113280
1.106040
1.098770
1.091480
1.084180
1.076860
1.069530
1.062190
1.054850
1.047510
1.040170
1.032830
1.025500
1.018180
1.010870
1.003570
0.996285
0.989016
0.981764
0.974532
0.967320
0.960130
0.952964
0.945822
0.938706
0.931618
0.924557
0.917525
0.910523
0.903552
0.896613
0.889707
0.882833
0.875994
0.869190
0.862421
0.855688
0.848991
0.842332
0.835711
0.829128
0.822583
0.816077
0.809611
0.803185
0.796799
0.790454
0.784150
0.777886
0.771665
0.765485
0.759347
0.753251
0.747198
0.741187
0.735219
0.729294
0.723412
0.717573
0.711778
0.706027
0.700318
0.694654
0.689033
0.683457
0.677924
0.672435
0.666989
0.661588
0.656231
0.650918
0.645649
0.640423
0.635242
0.630105
0.625011
0.619961
0.614955
0.609992
0.605073
0.600198
0.595366
0.590576
0.585831
0.581128
0.576468
0.571850
0.567275
0.562743
0.558253
0.553805
0.549399
0.545034
0.540711
0.536429
0.532189
0.527989
0.523830
0.519712
0.515634
0.511595
0.507597
0.503638
0.499719
0.495838
0.491996
0.488193
0.484428
0.480701
0.477012
0.473360
0.469746
0.466168
0.462627
0.459122
0.455654
0.452221
0.448824
0.445461
0.442134
0.438841
0.435583
0.432359
0.429168
0.426011
0.422887
0.419795
0.416736
0.413709
0.410715
0.407751
0.404819
0.401918
0.399048
0.396208
0.393398
0.390618
0.387867
0.385145
0.382453
0.379789
0.377153
0.374545
0.371964
0.369411
0.366885
0.364386
0.361914
0.359467
0.357047
0.354652
0.352282
0.349938
0.347618
0.345323
0.343052
0.340805
0.338581
0.336382
0.334205
0.332051
0.329920
0.327811
0.325724
0.323659
0.321616
0.319593
0.317593
0.315612
0.313653
0.311714
0.309795
0.307896
0.306016
0.304156
0.302315
0.300494
0.298691
0.296906
0.295140
0.293391
0.291661
0.289948
0.288253
0.286575
0.284914
0.283270
0.281643
0.280032
0.278437
0.276859
0.275296
0.273749
0.272217
0.270701
0.269200
0.267714
0.266242
0.264786
0.263343
0.261915
0.260501
0.259101
0.257715
0.256343
0.254984
0.253638
0.252305
0.250985
0.249679
0.248385
0.247103
0.245834
0.244577
0.243332
0.242099
0.240879
0.239669
0.238472
0.237286
0.236111
0.234947
0.233794
0.232653
0.231522
0.230402
0.229292
0.228193
0.227104
0.226026
0.224957
0.223899
0.222850
0.221812
0.220782
0.219763
0.218753
0.217752
0.216760
0.215778
0.214804
0.213840
0.212884
0.211938
0.210999
0.210070
0.209149
0.208236
0.207331
0.206435
0.205547
0.204666
0.203794
0.202930
0.202073
0.201224
0.200382
0.199548
0.198722
0.197903
0.197091
0.196286
0.195488
0.194698
0.193914
0.193137
0.192367
0.191604
0.190848
0.190098
0.189355
0.188618
0.187887
0.187163
0.186445
0.185733
0.185028
0.184328
0.183635
0.182947
0.182265
0.181590
0.180919
0.180255
0.179596
0.178943
0.178295
0.177653
0.177016
0.176385
0.175759
0.175138
0.174522
0.173912
0.173306
0.172706
0.172111
0.171520
0.170934
0.170354
0.169778
0.169206
0.168640
0.168078
0.167521
0.166968
0.166420
0.165876
0.165337
0.164802
0.164271
0.163745
0.163223
0.162705
0.162191
0.161681
0.161176
0.160674
0.160177
0.159683
0.159194
0.158708
0.158226
0.157748
0.157274
0.156803
0.156336
0.155873
0.155414
0.154958
0.154505
0.154056
0.153611
0.153169
0.152731
0.152296
0.151864
0.151436
0.151010
0.150589
0.150170
0.149755
0.149343
0.148934
0.148528
0.148125
0.147725
0.147328
0.146935
0.146544
0.146156
0.145771
0.145389
0.145010
0.144634
0.144261
0.143890
0.143522
0.143157
0.142795
0.142435
0.142078
0.141723
0.141372
0.141023
0.140676
0.140332
0.139990
0.139651
0.139315
0.138981
0.138649
0.138320
0.137993
0.137668
0.137346
0.137027
0.136709
0.136394
0.136081
0.135770
0.135462
0.135156
0.134852
0.134550
0.134250
0.133953
0.133657
0.133364
0.133073
0.132784
0.132497
0.132211
0.131928
0.131647
0.131368
0.131091
0.130816
0.130543
0.130271
0.130002
0.129734
0.129469
0.129205
0.128943
0.128683
0.128424
0.128168
0.127913
0.127660
0.127408
0.127159
0.126911
0.126665
0.126420
0.126177
0.125936
0.125697
0.125459
0.125223
0.124988
0.124755
0.124523
0.124293
0.124065
0.123838
0.123613
0.123389
0.123167
0.122946
0.122727
0.122509
0.122293
0.122078
0.121865
0.121653
0.121442
0.121233
0.121025
0.120818
0.120613
0.120410
0.120207
0.120006
0.119807
0.119608
0.119411
0.119215
0.119021
0.118828
0.118636
0.118445
0.118256
0.118067
0.117880
0.117695
0.117510
0.117327
0.117145
0.116964
0.116784
0.116605
0.116428
0.116251
0.116076
0.115902
0.115729
0.115557
0.115387
0.115217
0.115048
0.114881
0.114715
0.114549
0.114385
0.114222
0.114060
0.113899
0.113738
0.113579
0.113421
0.113264
0.113108
0.112953
0.112799
0.112646
0.112493
0.112342
0.112192
0.112043
0.111894
0.111747
0.111600
0.111455
0.111310
0.111166
0.111023
0.110881
0.110740
0.110600
0.110461
0.110322
0.110184
0.110048
0.109912
0.109777
0.109642
0.109509
0.109376
0.109245
0.109114
0.108984
0.108854
0.108726
0.108598
0.108471
0.108345
0.108219
0.108095
0.107971
0.107848
0.107725
0.107604
0.107483
0.107363
0.107243
0.107125
0.107007
0.106889
0.106773
0.106657
0.106542
0.106427
0.106314
0.106201
0.106088
0.105977
0.105866
0.105755
0.105646
0.105537
0.105428
0.105321
0.105214
0.105107
0.105001
0.104896
0.104792
0.104688
0.104585
0.104482
0.104380
0.104279
0.104178
0.104078
0.103978
0.103879
0.103781
0.103683
0.103586
0.103489
0.103393
0.103297
0.103202
0.103108
0.103014
0.102921
0.102828
0.102736
0.102644
0.102553
0.102463
0.102373
0.102283
0.102194
0.102106
0.102018
0.101930
0.101844
0.101757
0.101671
0.101586
0.101501
0.101417
0.101333
0.101249
0.101167
0.101084
0.101002
0.100921
0.100840
0.100759
0.100679
0.100600
0.100521
0.100442
0.100364
0.100286
0.100209
0.100132
0.100056
0.099980
0.099904
0.099829
0.099754
0.099680
0.099607
0.099533
0.099460
0.099388
0.099316
0.099244
0.099173
0.099102
0.099032
0.098962
0.098892
0.098823
0.098754
0.098686
0.098617
0.098550
0.098483
0.098416
0.098349
0.098283
0.098218
0.098152
0.098087
0.098023
0.097958
0.097895
0.097831
0.097768
0.097705
0.097643
0.097581
0.097519
0.097458
0.097397
0.097336
0.097276
0.097216
0.097156
0.097097
0.097038
0.096979
0.096921
0.096863
0.096806
0.096748
0.096691
0.096635
0.096578
0.096522
0.096467
0.096411
0.096356
0.096302
0.096247
0.096193
0.096139
0.096086
0.096033
0.095980
0.095927
0.095875
0.095823
0.095771
0.095720
0.095669
0.095618
0.095567
0.095517
0.095467
0.095417
0.095368
0.095319
0.095270
0.095221
0.095173
0.095125
0.095077
0.095030
0.094982
0.094935
0.094889
0.094842
0.094796
0.094750
0.094704
0.094659
0.094614
0.094569
0.094524
0.094480
0.094436
0.094392
0.094348
0.094305
0.094262
0.094219
0.094176
0.094133
0.094091
0.094049
0.094007
0.093966
0.093925
0.093884
0.093843
0.093802
0.093762
0.093722
0.093682
0.093642
0.093602
0.093563
0.093524
0.093485
0.093447
0.093408
0.093370
0.093332
0.093295
0.093257
0.093220
0.093183
0.093146
0.093109
0.093072
0.093036
0.093000
0.092964
0.092928
0.092893
0.092858
0.092822
0.092787
0.092753
0.092718
0.092684
0.092650
0.092616
0.092582
0.092548
0.092515
0.092482
0.092449
0.092416
0.092383
0.092351
0.092318
0.092286
0.092254
0.092223
0.092191
0.092160
0.092128
0.092097
0.092066
0.092036
0.092005
0.091975
0.091945
0.091914
0.091885
0.091855
0.091825
0.091796
0.091767
0.091738
0.091709
0.091680
0.091651
0.091623
0.091595
0.091567
0.091539
0.091511
0.091483
0.091456
0.091428
0.091401
0.091374
0.091347
0.091320
0.091294
0.091267
0.091241
0.091215
0.091189
0.091163
0.091137
0.091112
0.091086
0.091061
0.091036
0.091011
0.090986
0.090961
0.090937
0.090912
0.090888
0.090863
0.090839
0.090815
0.090792
0.090768
0.090745
0.090721
0.090698
0.090675
0.090652
0.090629
0.090606
0.090583
0.090561
0.090538
0.090516
0.090494
0.090472
0.090450
0.090428
0.090407
0.090385
0.090364
0.090342
0.090321
0.090300
0.090279
0.090258
0.090237
0.090217
0.090196
0.090176
0.090156
0.090135
0.090116
0.090096
0.090076
0.090056
0.090036
0.090017
0.089997
0.089978
0.089959
0.089940
0.089921
0.089902
0.089883
0.089865
0.089846
0.089828
0.089809
0.089791
0.089773
0.089755
0.089737
0.089719
0.089701
0.089684
0.089666
0.089649
0.089632
0.089614
0.089597
0.089580
0.089563
0.089546
0.089529
0.089513
0.089496
0.089480
0.089463
0.089447
0.089431
0.089415
0.089398
0.089383
0.089367
0.089351
0.089335
0.089319
0.089304
0.089289
0.089273
0.089258
0.089243
0.089228
0.089213
0.089198
0.089183
0.089168
0.089153
0.089139
0.089124
0.089110
0.089096
0.089081
0.089067
0.089053
0.089039
0.089025
0.089011
0.088997
0.088984
0.088970
0.088956
0.088943
0.088929
0.088916
0.088903
0.088890
0.088876
0.088863
0.088850
0.088838
0.088825
0.088812
0.088799
0.088787
0.088774
0.088762
0.088749
0.088737
0.088725
0.088712
0.088700
0.088688
0.088676
0.088664
0.088652
0.088641
0.088629
0.088617
0.088606
0.088594
0.088583
0.088571
0.088560
0.088549
0.088538
0.088526
0.088515
0.088504
0.088493
0.088483
0.088472
0.088461
0.088450
0.088440
0.088429
0.088525
0.088915
0.089827
0.091767
0.096614
0.373373
0.354433
0.349302
0.380503
0.435369
0.530439
0.660401
0.787913
0.897101
0.985534
1.055370
1.109500
1.150610
1.181260
1.203890
1.220690
1.233350
1.242910
1.249680
1.253490
1.254190
1.252050
1.247800
1.242290
1.236140
1.229740
1.223250
1.216740
1.210190
1.203620
1.196990
1.190310
1.183570
1.176770
1.169910
1.162990
1.156020
1.149000
1.141940
1.134830
1.127680
1.120500
1.113280
1.106040
1.098770
1.091480
1.084170
1.076860
1.069530
1.062190
1.054850
1.047510
1.040170
1.032830
1.025500
1.018180
1.010870
1.003570
0.996283
0.989013
0.981762
0.974529
0.967318
0.960128
0.952962
0.945820
0.938704
0.931615
0.924555
0.917523
0.910521
0.903550
0.896611
0.889704
0.882831
0.875992
0.869188
0.862419
0.855686
0.848990
0.842331
0.835709
0.829126
0.822581
0.816076
0.809610
0.803184
0.796798
0.790452
0.784148
0.777885
0.771663
0.765483
0.759345
0.753250
0.747196
0.741186
0.735218
0.729293
0.723411
0.717572
0.711777
0.706026
0.700317
0.694653
0.689032
0.683456
0.677923
0.672434
0.666989
0.661588
0.656230
0.650917
0.645648
0.640423
0.635241
0.630104
0.625010
0.619961
0.614954
0.609992
0.605073
0.600197
0.595365
0.590576
0.585830
0.581127
0.576467
0.571850
0.567275
0.562743
0.558253
0.553805
0.549398
0.545034
0.540711
0.536429
0.532189
0.527989
0.523830
0.519712
0.515634
0.511595
0.507597
0.503638
0.499719
0.495838
0.491996
0.488193
0.484428
0.480701
0.477012
0.473360
0.469746
0.466168
0.462627
0.459122
0.455654
0.452221
0.448824
0.445462
0.442134
0.438842
0.435583
0.432359
0.429168
0.426011
0.422887
0.419795
0.416736
0.413710
0.410715
0.407751
0.404819
0.401918
0.399048
0.396208
0.393398
0.390618
0.387867
0.385146
0.382453
0.379789
0.377153
0.374545
0.371964
0.369411
0.366886
0.364386
0.361914
0.359467
0.357047
0.354652
0.352282
0.349938
0.347618
0.345323
0.343052
0.340805
0.338582
0.336382
0.334205
0.332051
0.329920
0.327811
0.325724
0.323659
0.321616
0.319594
0.317593
0.315613
0.313653
0.311714
0.309795
0.307896
0.306017
0.304157
0.302316
0.300494
0.298691
0.296906
0.295140
0.293392
0.291661
0.289949
0.288254
0.286576
0.284915
0.283271
0.281643
0.280032
0.278438
0.276859
0.275296
0.273749
0.272218
0.270701
0.269200
0.267714
0.266243
0.264786
0.263344
0.261916
0.260502
0.259102
0.257716
0.256343
0.254984
0.253638
0.252305
0.250986
0.249679
0.248385
0.247103
0.245834
0.244577
0.243333
0.242100
0.240879
0.239670
0.238472
0.237286
0.236111
0.234947
0.233795
0.232653
0.231522
0.230402
0.229292
0.228193
0.227105
0.226026
0.224958
0.223899
0.222850
0.221812
0.220783
0.219763
0.218753
0.217752
0.216760
0.215778
0.214805
0.213840
0.212885
0.211938
0.211000
0.210070
0.209149
0.208236
0.207331
0.206435
0.205547
0.204667
0.203794
0.202930
0.202073
0.201224
0.200383
0.199549
0.198722
0.197903
0.197091
0.196286
0.195489
0.194698
0.193914
0.193138
0.192368
0.191605
0.190848
0.190098
0.189355
0.188618
0.187887
0.187163
0.186445
0.185734
0.185028
0.184328
0.183635
0.182947
0.182266
0.181590
0.180920
0.180255
0.179597
0.178943
0.178296
0.177654
0.177017
0.176385
0.175759
0.175138
0.174523
0.173912
0.173307
0.172706
0.172111
0.171520
0.170935
0.170354
0.169778
0.169207
0.168640
0.168078
0.167521
0.166968
0.166420
0.165876
0.165337
0.164802
0.164271
0.163745
0.163223
0.162705
0.162191
0.161682
0.161176
0.160675
0.160177
0.159683
0.159194
0.158708
0.158226
0.157748
0.157274
0.156803
0.156337
0.155873
0.155414
0.154958
0.154506
0.154057
0.153611
0.153169
0.152731
0.152296
0.151864
0.151436
0.151011
0.150589
0.150170
0.149755
0.149343
0.148934
0.148528
0.148125
0.147725
0.147329
0.146935
0.146544
0.146157
0.145772
0.145390
0.145011
0.144634
0.144261
0.143890
0.143522
0.143157
0.142795
0.142435
0.142078
0.141724
0.141372
0.141023
0.140676
0.140332
0.139991
0.139652
0.139315
0.138981
0.138649
0.138320
0.137993
0.137669
0.137347
0.137027
0.136709
0.136394
0.136081
0.135771
0.135462
0.135156
0.134852
0.134550
0.134251
0.133953
0.133658
0.133364
0.133073
0.132784
0.132497
0.132212
0.131929
0.131648
0.131369
0.131091
0.130816
0.130543
0.130272
0.130002
0.129735
0.129469
0.129205
0.128943
0.128683
0.128424
0.128168
0.127913
0.127660
0.127409
0.127159
0.126911
0.126665
0.126420
0.126178
0.125937
0.125697
0.125459
0.125223
0.124988
0.124755
0.124524
0.124294
0.124065
0.123839
0.123613
0.123390
0.123167
0.122947
0.122727
0.122510
0.122293
0.122078
0.121865
0.121653
0.121442
0.121233
0.121025
0.120819
0.120614
0.120410
0.120208
0.120007
0.119807
0.119609
0.119411
0.119216
0.119021
0.118828
0.118636
0.118445
0.118256
0.118068
0.117881
0.117695
0.117510
0.117327
0.117145
0.116964
0.116784
0.116605
0.116428
0.116252
0.116076
0.115902
0.115729
0.115558
0.115387
0.115217
0.115049
0.114881
0.114715
0.114550
0.114385
0.114222
0.114060
0.113899
0.113739
0.113580
0.113421
0.113264
0.113108
0.112953
0.112799
0.112646
0.112494
0.112343
0.112192
0.112043
0.111895
0.111747
0.111601
0.111455
0.111310
0.111166
0.111024
0.110882
0.110740
0.110600
0.110461
0.110322
0.110185
0.110048
0.109912
0.109777
0.109643
0.109509
0.109377
0.109245
0.109114
0.108984
0.108854
0.108726
0.108598
0.108471
0.108345
0.108220
0.108095
0.107971
0.107848
0.107726
0.107604
0.107483
0.107363
0.107244
0.107125
0.107007
0.106890
0.106773
0.106657
0.106542
0.106428
0.106314
0.106201
0.106089
0.105977
0.105866
0.105756
0.105646
0.105537
0.105429
0.105321
0.105214
0.105107
0.105002
0.104897
0.104792
0.104688
0.104585
0.104482
0.104380
0.104279
0.104178
0.104078
0.103978
0.103879
0.103781
0.103683
0.103586
0.103489
0.103393
0.103298
0.103203
0.103108
0.103014
0.102921
0.102828
0.102736
0.102645
0.102553
0.102463
0.102373
0.102283
0.102194
0.102106
0.102018
0.101931
0.101844
0.101757
0.101672
0.101586
0.101501
0.101417
0.101333
0.101250
0.101167
0.101084
0.101002
0.100921
0.100840
0.100760
0.100680
0.100600
0.100521
0.100442
0.100364
0.100286
0.100209
0.100132
0.100056
0.099980
0.099904
0.099829
0.099755
0.099681
0.099607
0.099534
0.099461
0.099388
0.099316
0.099244
0.099173
0.099102
0.099032
0.098962
0.098892
0.098823
0.098754
0.098686
0.098618
0.098550
0.098483
0.098416
0.098350
0.098283
0.098218
0.098153
0.098088
0.098023
0.097959
0.097895
0.097831
0.097768
0.097706
0.097643
0.097581
0.097519
0.097458
0.097397
0.097336
0.097276
0.097216
0.097156
0.097097
0.097038
0.096980
0.096921
0.096864
0.096806
0.096749
0.096692
0.096635
0.096579
0.096523
0.096467
0.096412
0.096357
0.096302
0.096247
0.096193
0.096140
0.096086
0.096033
0.095980
0.095927
0.095875
0.095823
0.095771
0.095720
0.095669
0.095618
0.095567
0.095517
0.095467
0.095418
0.095368
0.095319
0.095270
0.095222
0.095173
0.095125
0.095077
0.095030
0.094983
0.094936
0.094889
0.094842
0.094796
0.094750
0.094705
0.094659
0.094614
0.094569
0.094524
0.094480
0.094436
0.094392
0.094348
0.094305
0.094262
0.094219
0.094176
0.094134
0.094091
0.094049
0.094008
0.093966
0.093925
0.093884
0.093843
0.093802
0.093762
0.093722
0.093682
0.093642
0.093603
0.093564
0.093524
0.093486
0.093447
0.093409
0.093371
0.093332
0.093295
0.093257
0.093220
0.093183
0.093146
0.093109
0.093073
0.093036
0.093000
0.092964
0.092929
0.092893
0.092858
0.092823
0.092788
0.092753
0.092718
0.092684
0.092650
0.092616
0.092582
0.092549
0.092515
0.092482
0.092449
0.092416
0.092383
0.092351
0.092319
0.092287
0.092255
0.092223
0.092191
0.092160
0.092129
0.092098
0.092067
0.092036
0.092005
0.091975
0.091945
0.091915
0.091885
0.091855
0.091826
0.091796
0.091767
0.091738
0.091709
0.091680
0.091652
0.091623
0.091595
0.091567
0.091539
0.091511
0.091483
0.091456
0.091429
0.091401
0.091374
0.091347
0.091321
0.091294
0.091268
0.091241
0.091215
0.091189
0.091163
0.091138
0.091112
0.091087
0.091061
0.091036
0.091011
0.090986
0.090961
0.090937
0.090912
0.090888
0.090864
0.090840
0.090816
0.090792
0.090768
0.090745
0.090721
0.090698
0.090675
0.090652
0.090629
0.090606
0.090584
0.090561
0.090539
0.090516
0.090494
0.090472
0.090450
0.090429
0.090407
0.090385
0.090364
0.090343
0.090321
0.090300
0.090279
0.090258
0.090238
0.090217
0.090197
0.090176
0.090156
0.090136
0.090116
0.090096
0.090076
0.090056
0.090037
0.090017
0.089998
0.089979
0.089959
0.089940
0.089921
0.089902
0.089884
0.089865
0.089846
0.089828
0.089810
0.089791
0.089773
0.089755
0.089737
0.089719
0.089702
0.089684
0.089666
0.089649
0.089632
0.089614
0.089597
0.089580
0.089563
0.089546
0.089530
0.089513
0.089496
0.089480
0.089463
0.089447
0.089431
0.089415
0.089399
0.089383
0.089367
0.089351
0.089335
0.089320
0.089304
0.089289
0.089273
0.089258
0.089243
0.089228
0.089213
0.089198
0.089183
0.089168
0.089154
0.089139
0.089125
0.089110
0.089096
0.089082
0.089067
0.089053
0.089039
0.089025
0.089011
0.088997
0.088984
0.088970
0.088957
0.088943
0.088930
0.088916
0.088903
0.088890
0.088877
0.088864
0.088851
0.088838
0.088825
0.088812
0.088800
0.088787
0.088774
0.088762
0.088749
0.088737
0.088725
0.088713
0.088701
0.088688
0.088677
0.088665
0.088653
0.088641
0.088629
0.088618
0.088606
0.088594
0.088583
0.088572
0.088560
0.088549
0.088538
0.088527
0.088516
0.088505
0.088494
0.088483
0.088472
0.088461
0.088451
0.088440
0.088429
0.088525
0.088915
0.089827
0.091767
0.096613
0.373332
0.354397
0.349270
0.380473
0.435339
0.530406
0.660373
0.787882
0.897074
0.985510
1.055350
1.109470
1.150590
1.181240
1.203870
1.220660
1.233330
1.242890
1.249660
1.253470
1.254160
1.252030
1.247780
1.242270
1.236120
1.229720
1.223230
1.216720
1.210180
1.203600
1.196970
1.190290
1.183550
1.176750
1.169890
1.162970
1.156000
1.148980
1.141920
1.134810
1.127660
1.120480
1.113260
1.106020
1.098750
1.091460
1.084160
1.076840
1.069510
1.062170
1.054830
1.047490
1.040150
1.032810
1.025480
1.018160
1.010850
1.003550
0.996265
0.988996
0.981745
0.974512
0.967301
0.960111
0.952945
0.945803
0.938687
0.931599
0.924538
0.917507
0.910505
0.903534
0.896595
0.889689
0.882815
0.875976
0.869172
0.862403
0.855671
0.848974
0.842315
0.835694
0.829111
0.822567
0.816061
0.809595
0.803169
0.796783
0.790438
0.784134
0.777871
0.771649
0.765470
0.759332
0.753236
0.747183
0.741172
0.735204
0.729280
0.723398
0.717560
0.711765
0.706013
0.700305
0.694641
0.689020
0.683444
0.677911
0.672422
0.666977
0.661576
0.656219
0.650906
0.645637
0.640412
0.635231
0.630093
0.625000
0.619950
0.614944
0.609981
0.605063
0.600187
0.595355
0.590566
0.585820
0.581118
0.576458
0.571840
0.567266
0.562734
0.558244
0.553796
0.549390
0.545025
0.540702
0.536421
0.532180
0.527981
0.523822
0.519704
0.515625
0.511587
0.507589
0.503630
0.499711
0.495830
0.491988
0.488185
0.484420
0.480694
0.477004
0.473353
0.469738
0.466161
0.462620
0.459115
0.455647
0.452214
0.448817
0.445455
0.442127
0.438835
0.435576
0.432352
0.429161
0.426004
0.422880
0.419789
0.416730
0.413703
0.410709
0.407745
0.404813
0.401912
0.399042
0.396202
0.393392
0.390612
0.387861
0.385140
0.382447
0.379783
0.377147
0.374539
0.371959
0.369406
0.366880
0.364381
0.361909
0.359462
0.357042
0.354647
0.352277
0.349933
0.347613
0.345318
0.343047
0.340800
0.338577
0.336377
0.334200
0.332047
0.329915
0.327806
0.325720
0.323655
0.321611
0.319589
0.317589
0.315609
0.313649
0.311710
0.309791
0.307892
0.306013
0.304153
0.302312
0.300490
0.298687
0.296902
0.295136
0.293388
0.291658
0.289945
0.288250
0.286572
0.284911
0.283267
0.281640
0.280029
0.278434
0.276856
0.275293
0.273746
0.272214
0.270698
0.269197
0.267711
0.266240
0.264783
0.263341
0.261913
0.260499
0.259099
0.257713
0.256340
0.254981
0.253635
0.252303
0.250983
0.249676
0.248382
0.247101
0.245832
0.244575
0.243330
0.242097
0.240876
0.239667
0.238470
0.237283
0.236109
0.234945
0.233792
0.232651
0.231520
0.230400
0.229290
0.228191
0.227102
0.226024
0.224955
0.223897
0.222848
0.221810
0.220780
0.219761
0.218751
0.217750
0.216758
0.215776
0.214803
0.213838
0.212883
0.211936
0.210998
0.210068
0.209147
0.208234
0.207330
0.206433
0.205545
0.204665
0.203793
0.202928
0.202071
0.201222
0.200381
0.199547
0.198720
0.197901
0.197089
0.196285
0.195487
0.194696
0.193913
0.193136
0.192366
0.191603
0.190847
0.190097
0.189353
0.188616
0.187886
0.187162
0.186444
0.185732
0.185027
0.184327
0.183634
0.182946
0.182264
0.181589
0.180918
0.180254
0.179595
0.178942
0.178294
0.177652
0.177016
0.176384
0.175758
0.175137
0.174521
0.173911
0.173305
0.172705
0.172110
0.171519
0.170934
0.170353
0.169777
0.169206
0.168639
0.168077
0.167520
0.166967
0.166419
0.165875
0.165336
0.164801
0.164270
0.163744
0.163222
0.162704
0.162190
0.161681
0.161175
0.160674
0.160176
0.159683
0.159193
0.158707
0.158225
0.157747
0.157273
0.156803
0.156336
0.155873
0.155413
0.154957
0.154505
0.154056
0.153611
0.153169
0.152730
0.152295
0.151863
0.151435
0.151010
0.150588
0.150170
0.149754
0.149342
0.148933
0.148527
0.148124
0.147725
0.147328
0.146934
0.146544
0.146156
0.145771
0.145389
0.145010
0.144634
0.144260
0.143890
0.143522
0.143157
0.142794
0.142435
0.142078
0.141723
0.141371
0.141022
0.140676
0.140332
0.139990
0.139651
0.139314
0.138980
0.138649
0.138320
0.137993
0.137668
0.137346
0.137026
0.136709
0.136394
0.136081
0.135770
0.135462
0.135156
0.134852
0.134550
0.134250
0.133953
0.133657
0.133364
0.133073
0.132784
0.132496
0.132211
0.131928
0.131647
0.131368
0.131091
0.130816
0.130543
0.130271
0.130002
0.129734
0.129469
0.129205
0.128943
0.128682
0.128424
0.128167
0.127913
0.127660
0.127408
0.127159
0.126911
0.126665
0.126420
0.126177
0.125936
0.125697
0.125459
0.125223
0.124988
0.124755
0.124523
0.124293
0.124065
0.123838
0.123613
0.123389
0.123167
0.122946
0.122727
0.122509
0.122293
0.122078
0.121865
0.121653
0.121442
0.121233
0.121025
0.120819
0.120613
0.120410
0.120207
0.120006
0.119807
0.119608
0.119411
0.119215
0.119021
0.118828
0.118636
0.118445
0.118256
0.118067
0.117880
0.117695
0.117510
0.117327
0.117145
0.116964
0.116784
0.116605
0.116428
0.116252
0.116076
0.115902
0.115729
0.115557
0.115387
0.115217
0.115049
0.114881
0.114715
0.114549
0.114385
0.114222
0.114060
0.113899
0.113739
0.113579
0.113421
0.113264
0.113108
0.112953
0.112799
0.112646
0.112494
0.112342
0.112192
0.112043
0.111894
0.111747
0.111600
0.111455
0.111310
0.111166
0.111023
0.110881
0.110740
0.110600
0.110461
0.110322
0.110185
0.110048
0.109912
0.109777
0.109643
0.109509
0.109377
0.109245
0.109114
0.108984
0.108854
0.108726
0.108598
0.108471
0.108345
0.108220
0.108095
0.107971
0.107848
0.107726
0.107604
0.107483
0.107363
0.107243
0.107125
0.107007
0.106890
0.106773
0.106657
0.106542
0.106428
0.106314
0.106201
0.106089
0.105977
0.105866
0.105756
0.105646
0.105537
0.105429
0.105321
0.105214
0.105107
0.105002
0.104897
0.104792
0.104688
0.104585
0.104482
0.104380
0.104279
0.104178
0.104078
0.103978
0.103879
0.103781
0.103683
0.103586
0.103489
0.103393
0.103298
0.103203
0.103108
0.103014
0.102921
0.102828
0.102736
0.102645
0.102553
0.102463
0.102373
0.102283
0.102194
0.102106
0.102018
0.101931
0.101844
0.101757
0.101672
0.101586
0.101501
0.101417
0.101333
0.101250
0.101167
0.101084
0.101003
0.100921
0.100840
0.100760
0.100680
0.100600
0.100521
0.100442
0.100364
0.100286
0.100209
0.100132
0.100056
0.099980
0.099905
0.099829
0.099755
0.099681
0.099607
0.099534
0.099461
0.099388
0.099316
0.099244
0.099173
0.099102
0.099032
0.098962
0.098892
0.098823
0.098754
0.098686
0.098618
0.098550
0.098483
0.098416
0.098350
0.098284
0.098218
0.098153
0.098088
0.098023
0.097959
0.097895
0.097831
0.097768
0.097706
0.097643
0.097581
0.097519
0.097458
0.097397
0.097336
0.097276
0.097216
0.097157
0.097097
0.097038
0.096980
0.096921
0.096864
0.096806
0.096749
0.096692
0.096635
0.096579
0.096523
0.096467
0.096412
0.096357
0.096302
0.096248
0.096194
0.096140
0.096086
0.096033
0.095980
0.095927
0.095875
0.095823
0.095771
0.095720
0.095669
0.095618
0.095568
0.095517
0.095467
0.095418
0.095368
0.095319
0.095270
0.095222
0.095173
0.095125
0.095077
0.095030
0.094983
0.094936
0.094889
0.094843
0.094796
0.094750
0.094705
0.094659
0.094614
0.094569
0.094525
0.094480
0.094436
0.094392
0.094348
0.094305
0.094262
0.094219
0.094176
0.094134
0.094091
0.094050
0.094008
0.093966
0.093925
0.093884
0.093843
0.093802
0.093762
0.093722
0.093682
0.093642
0.093603
0.093564
0.093525
0.093486
0.093447
0.093409
0.093371
0.093333
0.093295
0.093257
0.093220
0.093183
0.093146
0.093109
0.093073
0.093036
0.093000
0.092964
0.092929
0.092893
0.092858
0.092823
0.092788
0.092753
0.092719
0.092684
0.092650
0.092616
0.092582
0.092549
0.092515
0.092482
0.092449
0.092416
0.092384
0.092351
0.092319
0.092287
0.092255
0.092223
0.092192
0.092160
0.092129
0.092098
0.092067
0.092036
0.092006
0.091975
0.091945
0.091915
0.091885
0.091855
0.091826
0.091796
0.091767
0.091738
0.091709
0.091680
0.091652
0.091623
0.091595
0.091567
0.091539
0.091511
0.091484
0.091456
0.091429
0.091402
0.091374
0.091348
0.091321
0.091294
0.091268
0.091242
0.091215
0.091189
0.091164
0.091138
0.091112
0.091087
0.091061
0.091036
0.091011
0.090986
0.090962
0.090937
0.090912
0.090888
0.090864
0.090840
0.090816
0.090792
0.090769
0.090745
0.090721
0.090698
0.090675
0.090652
0.090629
0.090606
0.090584
0.090561
0.090539
0.090516
0.090494
0.090472
0.090450
0.090429
0.090407
0.090385
0.090364
0.090343
0.090321
0.090300
0.090279
0.090259
0.090238
0.090217
0.090197
0.090176
0.090156
0.090136
0.090116
0.090096
0.090076
0.090056
0.090037
0.090017
0.089998
0.089979
0.089960
0.089940
0.089922
0.089903
0.089884
0.089865
0.089847
0.089828
0.089810
0.089792
0.089774
0.089755
0.089738
0.089720
0.089702
0.089684
0.089667
0.089649
0.089632
0.089615
0.089597
0.089580
0.089564
0.089547
0.089530
0.089513
0.089497
0.089480
0.089464
0.089447
0.089431
0.089415
0.089399
0.089383
0.089367
0.089351
0.089336
0.089320
0.089304
0.089289
0.089274
0.089258
0.089243
0.089228
0.089213
0.089198
0.089183
0.089169
0.089154
0.089139
0.089125
0.089110
0.089096
0.089082
0.089067
0.089053
0.089039
0.089025
0.089011
0.088998
0.088984
0.088970
0.088957
0.088943
0.088930
0.088916
0.088903
0.088890
0.088877
0.088864
0.088851
0.088838
0.088825
0.088812
0.088800
0.088787
0.088775
0.088762
0.088750
0.088737
0.088725
0.088713
0.088701
0.088689
0.088677
0.088665
0.088653
0.088641
0.088629
0.088618
0.088606
0.088595
0.088583
0.088572
0.088561
0.088549
0.088538
0.088527
0.088516
0.088505
0.088494
0.088483
0.088472
0.088461
0.088451
0.088440
0.088429
