1.046040
1.044310
1.042570
1.040840
1.039130
1.037420
1.035800
1.035300
1.036760
1.040500
1.047190
1.058170
1.076270
1.106530
1.155520
1.229960
1.335340
1.474930
1.649530
1.857710
2.096400
2.361620
2.649040
2.954450
3.274000
3.604180
3.941820
4.284030
4.628180
4.972000
5.313620
5.651580
5.984820
6.312500
6.634180
6.949470
7.258120
7.560120
7.855380
8.143820
8.425620
8.700790
8.969440
9.231680
9.487590
9.737270
9.980910
10.218600
10.450300
10.676400
10.896800
11.111600
11.321000
11.525100
11.723900
11.917500
12.106100
12.289600
12.468300
12.642200
12.811300
12.975700
13.135500
13.290900
13.441700
13.588100
13.730300
13.868200
14.001900
14.131400
14.256900
14.378400
14.495900
14.609500
14.719300
14.825200
14.927500
15.026100
15.121100
15.212500
15.300400
15.384900
15.466000
15.543700
15.618100
15.689300
15.757300
15.822100
15.883800
15.942500
15.998100
16.050800
16.100500
16.147400
16.191400
16.232600
16.271200
16.307000
16.340100
16.370600
16.398600
16.424000
16.447000
16.467500
16.485600
16.501300
16.514700
16.525800
16.534700
16.541400
16.545900
16.548200
16.548500
16.546700
16.543000
16.537200
16.529500
16.519800
16.508300
16.495000
16.479900
16.463000
16.444400
16.424100
16.402100
16.378400
16.353200
16.326500
16.298100
16.268300
16.237000
16.204300
16.170200
16.134700
16.097900
16.059800
16.020400
15.979700
15.937800
15.894700
15.850400
15.805000
15.758500
15.711000
15.662300
15.612700
15.562100
15.510400
15.457900
15.404400
15.350000
15.294800
15.238600
15.181800
15.124100
15.065700
15.006500
14.946500
14.885900
14.824600
14.762700
14.700100
14.637000
14.573200
14.508900
14.444100
14.378700
14.312900
14.246600
14.179800
14.112600
14.045000
13.977000
13.908600
13.839800
13.770800
13.701400
13.631700
13.561800
13.491500
13.421100
13.350400
13.279500
13.208500
13.137200
13.065800
12.994300
12.922600
12.850900
12.779000
12.707100
12.635100
12.563100
12.491000
12.418900
12.346900
12.274900
12.202900
12.130900
12.059000
11.987100
11.915400
11.843700
11.772200
11.700800
11.629500
11.558300
11.487400
11.416500
11.345900
11.275500
11.205300
11.135200
11.065500
10.995900
10.926600
10.857600
10.788700
10.720200
10.652000
10.584000
10.516400
10.449100
10.382100
10.315400
10.249000
10.183000
10.117300
10.052000
9.987070
9.922480
9.858290
9.794460
9.730990
9.667870
9.605230
9.542940
9.481070
9.419610
9.358510
9.297880
9.237670
9.177870
9.118490
9.059520
9.001030
8.942890
8.885280
8.828030
8.771260
8.714890
8.659010
8.603600
8.548540
8.494010
8.439850
8.386210
8.332990
8.280190
8.227860
8.175940
8.124500
8.073470
8.022920
7.972780
7.923120
7.873870
7.825090
7.776730
7.728790
7.681320
7.634260
7.587620
7.541390
7.495580
7.450240
7.405320
7.360810
7.316720
7.272980
7.229720
7.186870
7.144380
7.102300
7.060640
7.019390
6.978490
6.938020
6.897890
6.858190
6.818830
6.779900
6.741260
6.703030
6.665220
6.627710
6.590610
6.553800
6.517350
6.481320
6.445580
6.410200
6.375120
6.340450
6.306080
6.272000
6.238280
6.204850
6.171780
6.139010
6.106530
6.074410
6.042520
6.011000
5.979760
5.948830
5.918130
5.887760
5.857670
5.827860
5.798320
5.769070
5.740080
5.711370
5.682920
5.654730
5.626800
5.599120
5.571700
5.544530
5.517610
5.490900
5.464460
5.438260
5.412300
5.386570
5.361060
5.335790
5.310740
5.285920
5.261310
5.236920
5.212740
5.188780
5.165020
5.141470
5.118120
5.094970
5.072030
5.049270
5.026720
5.004350
4.982180
4.960190
4.938390
4.916760
4.895330
4.874060
4.852980
4.832070
4.811330
4.790760
4.770360
4.750130
4.730060
4.710150
4.690400
4.670810
4.651380
4.632100
4.612980
4.594000
4.575180
4.556500
4.537960
4.519580
4.501330
4.483230
4.465260
4.447430
4.429740
4.412190
4.394760
4.377460
4.360300
4.343270
4.326360
4.309580
4.292920
4.276380
4.259970
4.243670
4.227500
4.211430
4.195490
4.179660
4.163950
4.148340
4.132850
4.117460
4.102190
4.087030
4.071970
4.057010
4.042160
4.027410
4.012760
3.998210
3.983770
3.969420
3.955160
3.941010
3.926950
3.912980
3.899110
3.885330
3.871640
3.858040
3.844530
3.831110
3.817780
3.804540
3.791370
3.778300
3.765310
3.752400
3.739570
3.726830
3.714160
3.701580
3.689080
3.676650
3.664300
3.652030
3.639830
3.627720
3.615670
3.603700
3.591790
3.579970
3.568210
3.556530
3.544920
3.533370
3.521900
3.510490
3.499150
3.487880
3.476670
3.465530
3.454460
3.443440
3.432500
3.421620
3.410800
3.400040
3.389340
3.378700
3.368130
3.357610
3.347160
3.336760
3.326420
3.316140
3.305910
3.295750
3.285630
3.275580
3.265580
3.255630
3.245740
3.235910
3.226120
3.216390
3.206710
3.197080
3.187500
3.177980
3.168500
3.159080
3.149710
3.140380
3.131110
3.121870
3.112700
3.103570
3.094480
3.085450
3.076450
3.067510
3.058600
3.049750
3.040940
3.032180
3.023450
3.014780
3.006140
2.997560
2.989010
2.980500
2.972040
2.963620
2.955240
2.946900
2.938600
2.930340
2.922120
2.913950
2.905810
2.897710
2.889650
2.881630
2.873650
2.865700
2.857790
2.849920
2.842090
2.834290
2.826540
2.818810
2.811130
2.803480
2.795860
2.788280
2.780730
2.773220
2.765740
2.758300
2.750890
2.743520
2.736180
2.728870
2.721590
2.714350
2.707140
2.699960
2.692810
2.685700
2.678620
2.671570
2.664540
2.657560
2.650600
2.643670
2.636770
2.629900
2.623060
2.616250
2.609470
2.602720
2.596000
2.589310
2.582650
2.576010
2.569410
2.562830
2.556270
2.549750
2.543250
2.536780
2.530340
2.523930
2.517540
2.511170
2.504840
2.498530
2.492240
2.485980
2.479760
2.473550
2.467370
2.461210
2.455080
2.448970
2.442890
2.436840
2.430800
2.424790
2.418810
2.412850
2.406910
2.401000
2.395110
2.389240
2.383400
2.377580
2.371780
2.366000
2.360250
2.354520
2.348810
2.343130
2.337460
2.331830
2.326200
2.320610
2.315030
2.309470
2.303940
2.298420
2.292930
2.287460
2.282010
2.276580
2.271170
2.265780
2.260410
2.255070
2.249740
2.244430
2.239140
2.233870
2.228620
2.223390
2.218170
2.212980
2.207820
2.202660
2.197520
2.192410
2.187310
2.182230
2.177170
2.172130
2.167100
2.162100
2.157110
2.152140
2.147190
2.142250
2.137330
2.132440
2.127550
2.122690
2.117840
2.113010
2.108200
2.103400
2.098620
2.093860
2.089110
2.084390
2.079670
2.074970
2.070290
2.065630
2.060980
2.056350
2.051730
2.047130
2.042550
2.037980
2.033430
2.028890
2.024370
2.019860
2.015370
2.010900
2.006430
2.001990
1.997560
1.993140
1.988740
1.984360
1.979980
1.975630
1.971280
1.966960
1.962640
1.958350
1.954060
1.949790
1.945530
1.941290
1.937070
1.932850
1.928650
1.924460
1.920290
1.916130
1.911980
1.907850
1.903730
1.899620
1.895530
1.891450
1.887380
1.883330
1.879290
1.875260
1.871250
1.867250
1.863260
1.859290
1.855320
1.851370
1.847430
1.843500
1.839590
1.835690
1.831810
1.827930
1.824070
1.820210
1.816370
1.812540
1.808730
1.804920
1.801130
1.797350
1.793590
1.789830
1.786080
1.782350
1.778630
1.774910
1.771210
1.767530
1.763850
1.760180
1.756530
1.752890
1.749260
1.745640
1.742030
1.738430
1.734840
1.731260
1.727700
1.724140
1.720600
1.717060
1.713540
1.710030
1.706530
1.703030
1.699550
1.696080
1.692620
1.689170
1.685730
1.682300
1.678880
1.675470
1.672070
1.668680
1.665300
1.661940
1.658580
1.655230
1.651880
1.648550
1.645240
1.641920
1.638630
1.635330
1.632050
1.628780
1.625520
1.622260
1.619020
1.615790
1.612560
1.609340
1.606140
1.602940
1.599760
1.596580
1.593410
1.590250
1.587100
1.583960
1.580820
1.577700
1.574580
1.571470
1.568380
1.565290
1.562210
1.559140
1.556070
1.553020
1.549970
1.546930
1.543900
1.540890
1.537880
1.534870
1.531880
1.528890
1.525910
1.522940
1.519990
1.517030
1.514080
1.511150
1.508220
1.505300
1.502390
1.499490
1.496590
1.493700
1.490820
1.487950
1.485080
1.482230
1.479380
1.476540
1.473710
1.470880
1.468060
1.465250
1.462450
1.459650
1.456870
1.454090
1.451320
1.448550
1.445800
1.443050
1.440300
1.437570
1.434850
1.432130
1.429410
1.426710
1.424010
1.421320
1.418640
1.415960
1.413290
1.410630
1.407980
1.405330
1.402690
1.400060
1.397430
1.394810
1.392200
1.389590
1.387000
1.384410
1.381820
1.379240
1.376670
1.374110
1.371550
1.369000
1.366460
1.363920
1.361390
1.358860
1.356340
1.353840
1.351330
1.348840
1.346340
1.343860
1.341380
1.338910
1.336440
1.333980
1.331540
1.329090
1.326650
1.324220
1.321790
1.319370
1.316950
1.314550
1.312150
1.309750
1.307360
1.304970
1.302600
1.300230
1.297860
1.295500
1.293150
1.290800
1.288460
1.286130
1.283800
1.281480
1.279160
1.276850
1.274550
1.272250
1.269950
1.267670
1.265390
1.263110
1.260840
1.258580
1.256320
1.254070
1.251820
1.249570
1.247340
1.245110
1.242890
1.240670
1.238460
1.236250
1.234050
1.231850
1.229650
1.227470
1.225290
1.223120
1.220950
1.218790
1.216630
1.214470
1.212330
1.210180
1.208050
1.205910
1.203790
1.201670
1.199550
1.197440
1.195330
1.193240
1.191140
1.189050
1.186970
1.184890
1.182820
1.180750
1.178690
1.176630
1.174570
1.172520
1.170480
1.168440
1.166410
1.164380
1.162360
1.160340
1.158320
1.156320
1.154310
1.152310
1.150320
1.148330
1.146350
1.144370
1.142390
1.140430
1.138460
1.136500
1.134550
1.132600
1.130650
1.128710
1.126770
1.124840
1.122910
1.120990
1.119070
1.117170
1.115260
1.113350
1.111450
1.109560
1.107670
1.105790
1.103900
1.102030
1.100160
1.098290
1.096430
1.094570
1.092710
1.090860
1.089020
1.087180
1.085350
1.083510
1.081680
1.079860
1.078040
1.076230
1.074420
1.072620
1.070810
1.069020
1.067230
1.065440
1.063660
1.061880
1.060100
1.058330
1.056560
1.054800
1.053040
1.051290
1.049530
1.047790
1.046050
1.044310
1.042570
1.040850
1.039130
1.037420
1.035810
1.035310
1.036770
1.040510
1.047200
1.058170
1.076280
1.106540
1.155540
1.229980
1.335370
1.474960
1.649570
1.857750
2.096450
2.361670
2.649090
2.954510
3.274050
3.604230
3.941870
4.284080
4.628230
4.972050
5.313670
5.651630
5.984820
6.312560
6.634240
6.949470
7.258180
7.560130
7.855330
8.143830
8.425630
8.700800
8.969440
9.231630
9.487530
9.737270
9.980850
10.218500
10.450300
10.676300
10.896700
11.111600
11.320900
11.525000
11.723800
11.917400
12.106000
12.289600
12.468200
12.642100
12.811200
12.975600
13.135400
13.290800
13.441600
13.588000
13.730200
13.868100
14.001800
14.131300
14.256800
14.378300
14.495800
14.609300
14.719200
14.825100
14.927400
15.026000
15.120900
15.212400
15.300300
15.384800
15.465900
15.543600
15.618000
15.689200
15.757200
15.822000
15.883700
15.942400
15.998000
16.050700
16.100400
16.147300
16.191300
16.232500
16.271100
16.306900
16.340000
16.370500
16.398500
16.423900
16.446800
16.467300
16.485400
16.501200
16.514600
16.525700
16.534600
16.541200
16.545800
16.548100
16.548400
16.546600
16.542800
16.537000
16.529300
16.519700
16.508200
16.494900
16.479700
16.462800
16.444200
16.423900
16.401900
16.378300
16.353100
16.326300
16.298000
16.268200
16.236900
16.204200
16.170100
16.134600
16.097800
16.059600
16.020200
15.979500
15.937600
15.894600
15.850300
15.804900
15.758400
15.710800
15.662200
15.612600
15.561900
15.510300
15.457700
15.404300
15.349900
15.294600
15.238600
15.181700
15.123900
15.065500
15.006300
14.946400
14.885800
14.824500
14.762500
14.700000
14.636800
14.573100
14.508800
14.444000
14.378600
14.312800
14.246500
14.179700
14.112500
14.044900
13.976900
13.908500
13.839700
13.770700
13.701300
13.631600
13.561700
13.491400
13.421000
13.350300
13.279500
13.208300
13.137100
13.065700
12.994200
12.922500
12.850800
12.778900
12.707000
12.635000
12.563000
12.490900
12.418900
12.346800
12.274800
12.202700
12.130800
12.058900
11.987000
11.915300
11.843700
11.772100
11.700600
11.629400
11.558200
11.487200
11.416500
11.345800
11.275400
11.205100
11.135100
11.065300
10.995800
10.926500
10.857400
10.788700
10.720200
10.651900
10.584000
10.516400
10.449000
10.382000
10.315300
10.249000
10.182900
10.117300
10.052000
9.987010
9.922410
9.858170
9.794340
9.730870
9.667810
9.605170
9.542890
9.481010
9.419500
9.358450
9.297830
9.237610
9.177820
9.118430
9.059460
9.000910
8.942830
8.885170
8.827980
8.771200
8.714840
8.658960
8.603480
8.548490
8.493900
8.439800
8.386100
8.332880
8.280140
8.227750
8.175890
8.124450
8.073420
8.022870
7.972730
7.923070
7.873820
7.825040
7.776680
7.728740
7.681210
7.634150
7.587510
7.541350
7.495530
7.450200
7.405270
7.360710
7.316610
7.272940
7.229670
7.186770
7.144330
7.102260
7.060590
7.019340
6.978450
6.937970
6.897850
6.858140
6.818790
6.779800
6.741220
6.702990
6.665180
6.627670
6.590510
6.553760
6.517310
6.481280
6.445550
6.410160
6.375080
6.340410
6.305980
6.271960
6.238240
6.204810
6.171740
6.138970
6.106490
6.074370
6.042490
6.010960
5.979730
5.948730
5.918090
5.887710
5.857620
5.827810
5.798280
5.769020
5.740040
5.711320
5.682880
5.654680
5.626760
5.599080
5.571660
5.544490
5.517570
5.490890
5.464450
5.438260
5.412290
5.386560
5.361060
5.335790
5.310740
5.285910
5.261300
5.236910
5.212740
5.188770
5.165010
5.141460
5.118120
5.094970
5.072020
5.049270
5.026710
5.004350
4.982180
4.960190
4.938380
4.916760
4.895320
4.874060
4.852980
4.832070
4.811330
4.790760
4.770360
4.750130
4.730060
4.710150
4.690400
4.670810
4.651380
4.632100
4.612980
4.594000
4.575180
4.556500
4.537960
4.519570
4.501330
4.483230
4.465260
4.447430
4.429740
4.412180
4.394760
4.377460
4.360300
4.343270
4.326350
4.309580
4.292920
4.276380
4.259970
4.243670
4.227490
4.211430
4.195490
4.179660
4.163950
4.148340
4.132850
4.117460
4.102190
4.087030
4.071970
4.057010
4.042160
4.027410
4.012760
3.998210
3.983760
3.969420
3.955160
3.941010
3.926950
3.912980
3.899110
3.885330
3.871640
3.858040
3.844530
3.831110
3.817780
3.804530
3.791370
3.778290
3.765300
3.752400
3.739570
3.726830
3.714160
3.701580
3.689080
3.676650
3.664300
3.652030
3.639830
3.627720
3.615670
3.603700
3.591790
3.579970
3.568210
3.556530
3.544920
3.533370
3.521900
3.510490
3.499150
3.487880
3.476670
3.465530
3.454460
3.443440
3.432500
3.421620
3.410800
3.400040
3.389340
3.378700
3.368130
3.357610
3.347160
3.336760
3.326420
3.316140
3.305910
3.295750
3.285630
3.275580
3.265580
3.255630
3.245740
3.235910
3.226120
3.216390
3.206710
3.197080
3.187500
3.177980
3.168500
3.159080
3.149710
3.140380
3.131110
3.121870
3.112700
3.103570
3.094480
3.085450
3.076450
3.067510
3.058600
3.049750
3.040940
3.032180
3.023450
3.014780
3.006140
2.997560
2.989010
2.980500
2.972040
2.963620
2.955240
2.946900
2.938600
2.930340
2.922120
2.913950
2.905810
2.897710
2.889650
2.881630
2.873650
2.865700
2.857790
2.849920
2.842090
2.834290
2.826540
2.818810
2.811130
2.803480
2.795860
2.788280
2.780730
2.773220
2.765740
2.758300
2.750890
2.743520
2.736180
2.728870
2.721590
2.714350
2.707140
2.699960
2.692820
2.685700
2.678620
2.671570
2.664550
2.657560
2.650600
2.643670
2.636770
2.629900
2.623060
2.616250
2.609470
2.602720
2.596000
2.589310
2.582650
2.576010
2.569410
2.562830
2.556270
2.549750
2.543250
2.536790
2.530340
2.523930
2.517540
2.511170
2.504840
2.498530
2.492240
2.485990
2.479760
2.473550
2.467370
2.461210
2.455080
2.448970
2.442890
2.436840
2.430800
2.424790
2.418810
2.412850
2.406910
2.401000
2.395110
2.389240
2.383400
2.377580
2.371780
2.366000
2.360250
2.354520
2.348820
2.343130
2.337470
2.331830
2.326200
2.320610
2.315030
2.309470
2.303940
2.298420
2.292940
2.287460
2.282010
2.276580
2.271170
2.265780
2.260410
2.255070
2.249740
2.244430
2.239140
2.233870
2.228620
2.223390
2.218180
2.212980
2.207820
2.202660
2.197530
2.192410
2.187310
2.182230
2.177170
2.172130
2.167100
2.162100
2.157110
2.152140
2.147190
2.142250
2.137340
2.132440
2.127550
2.122690
2.117840
2.113010
2.108200
2.103400
2.098620
2.093860
2.089110
2.084390
2.079670
2.074970
2.070290
2.065630
2.060980
2.056350
2.051740
2.047140
2.042550
2.037980
2.033430
2.028890
2.024370
2.019860
2.015370
2.010900
2.006430
2.001990
1.997560
1.993150
1.988740
1.984360
1.979980
1.975630
1.971280
1.966960
1.962640
1.958350
1.954060
1.949790
1.945530
1.941290
1.937070
1.932850
1.928650
1.924460
1.920290
1.916130
1.911980
1.907850
1.903730
1.899620
1.895530
1.891450
1.887380
1.883330
1.879290
1.875260
1.871250
1.867250
1.863260
1.859290
1.855320
1.851370
1.847430
1.843510
1.839590
1.835690
1.831810
1.827930
1.824070
1.820210
1.816370
1.812540
1.808730
1.804920
1.801130
1.797360
1.793590
1.789830
1.786080
1.782350
1.778630
1.774920
1.771210
1.767530
1.763850
1.760180
1.756530
1.752890
1.749260
1.745640
1.742030
1.738430
1.734840
1.731260
1.727700
1.724140
1.720600
1.717060
1.713540
1.710030
1.706530
1.703040
1.699550
1.696080
1.692620
1.689170
1.685730
1.682300
1.678880
1.675470
1.672070
1.668690
1.665300
1.661940
1.658580
1.655230
1.651880
1.648550
1.645240
1.641930
1.638630
1.635330
1.632050
1.628780
1.625520
1.622260
1.619020
1.615790
1.612560
1.609350
1.606140
1.602940
1.599760
1.596580
1.593410
1.590250
1.587100
1.583960
1.580820
1.577700
1.574580
1.571470
1.568380
1.565290
1.562210
1.559140
1.556070
1.553020
1.549970
1.546940
1.543910
1.540890
1.537880
1.534870
1.531880
1.528890
1.525910
1.522940
1.519990
1.517030
1.514090
1.511150
1.508220
1.505300
1.502390
1.499490
1.496590
1.493700
1.490820
1.487950
1.485080
1.482230
1.479380
1.476540
1.473710
1.470880
1.468060
1.465250
1.462450
1.459660
1.456870
1.454090
1.451320
1.448550
1.445800
1.443050
1.440310
1.437570
1.434850
1.432130
1.429420
1.426710
1.424010
1.421320
1.418640
1.415960
1.413300
1.410630
1.407980
1.405330
1.402690
1.400060
1.397430
1.394810
1.392200
1.389600
1.387000
1.384410
1.381820
1.379240
1.376670
1.374110
1.371550
1.369000
1.366460
1.363920
1.361390
1.358860
1.356350
1.353840
1.351330
1.348840
1.346350
1.343860
1.341380
1.338910
1.336440
1.333990
1.331540
1.329090
1.326650
1.324220
1.321790
1.319370
1.316960
1.314550
1.312150
1.309750
1.307360
1.304980
1.302600
1.300230
1.297860
1.295500
1.293150
1.290800
1.288470
1.286130
1.283800
1.281480
1.279160
1.276850
1.274550
1.272250
1.269950
1.267670
1.265390
1.263110
1.260840
1.258580
1.256320
1.254070
1.251820
1.249580
1.247340
1.245110
1.242890
1.240670
1.238460
1.236250
1.234050
1.231850
1.229660
1.227470
1.225290
1.223120
1.220950
1.218790
1.216630
1.214480
1.212330
1.210190
1.208050
1.205920
1.203790
1.201670
1.199550
1.197440
1.195340
1.193240
1.191140
1.189050
1.186970
1.184890
1.182820
1.180750
1.178690
1.176630
1.174570
1.172520
1.170480
1.168450
1.166410
1.164380
1.162360
1.160340
1.158330
1.156320
1.154320
1.152310
1.150320
1.148330
1.146350
1.144370
1.142400
1.140430
1.138460
1.136500
1.134550
1.132600
1.130650
1.128710
1.126780
1.124850
1.122920
1.120990
1.119080
1.117170
1.115260
1.113350
1.111450
1.109560
1.107670
1.105790
1.103900
1.102030
1.100160
1.098290
1.096430
1.094570
1.092720
1.090870
1.089020
1.087180
1.085350
1.083510
1.081690
1.079860
1.078040
1.076230
1.074420
1.072620
1.070810
1.069020
1.067230
1.065440
1.063660
1.061880
1.060100
1.058330
1.056560
1.054800
1.053040
1.051290
1.049540
1.047790
1.046050
1.044310
1.042570
1.040850
1.039130
1.037420
1.035810
1.035310
1.036770
1.040510
1.047200
1.058170
1.076270
1.106530
1.155520
1.229960
1.335320
1.474910
1.649500
1.857660
2.096350
2.361560
2.648980
2.954390
3.273920
3.604080
3.941720
4.283910
4.628050
4.971860
5.313470
5.651420
5.984650
6.312320
6.634010
6.949230
7.257940
7.559900
7.855090
8.143530
8.425330
8.700500
8.969150
9.231330
9.487240
9.736980
9.980550
10.218200
10.450000
10.676000
10.896400
11.111200
11.320600
11.524600
11.723500
11.917100
12.105700
12.289200
12.467900
12.641700
12.810800
12.975200
13.135000
13.290400
13.441200
13.587600
13.729700
13.867700
14.001300
14.130800
14.256400
14.377800
14.495300
14.608900
14.718600
14.824600
14.926900
15.025400
15.120400
15.211900
15.299800
15.384300
15.465400
15.543100
15.617500
15.688700
15.756600
15.821400
15.883200
15.941800
15.997400
16.050100
16.099800
16.146700
16.190700
16.231900
16.270500
16.306300
16.339400
16.369900
16.397900
16.423300
16.446200
16.466800
16.484800
16.500600
16.514000
16.525100
16.534000
16.540600
16.545100
16.547500
16.547800
16.546000
16.542200
16.536400
16.528700
16.519100
16.507600
16.494300
16.479100
16.462200
16.443600
16.423300
16.401300
16.377600
16.352400
16.325600
16.297300
16.267500
16.236200
16.203500
16.169400
16.133900
16.097100
16.059000
16.019500
15.978800
15.936900
15.893800
15.849600
15.804200
15.757700
15.710200
15.661500
15.611900
15.561300
15.509600
15.457100
15.403500
15.349200
15.294000
15.237800
15.181000
15.123300
15.064900
15.005600
14.945700
14.885100
14.823800
14.761900
14.699400
14.636200
14.572400
14.508200
14.443300
14.378000
14.312100
14.245800
14.179000
14.111800
14.044200
13.976200
13.907800
13.839100
13.770000
13.700600
13.630900
13.561000
13.490800
13.420400
13.349700
13.278800
13.207700
13.136500
13.065100
12.993600
12.921900
12.850100
12.778300
12.706400
12.634400
12.562400
12.490300
12.418300
12.346200
12.274200
12.202200
12.130200
12.058300
11.986500
11.914700
11.843100
11.771500
11.700100
11.628800
11.557700
11.486700
11.415900
11.345300
11.274800
11.204600
11.134600
11.064900
10.995300
10.926000
10.857000
10.788200
10.719600
10.651400
10.583500
10.515800
10.448500
10.381500
10.314900
10.248500
10.182500
10.116800
10.051500
9.986540
9.921940
9.857760
9.793930
9.730460
9.667400
9.604700
9.542410
9.480540
9.419080
9.358040
9.297410
9.237200
9.177400
9.118020
9.059050
9.000560
8.942480
8.884810
8.827560
8.770790
8.714490
8.658600
8.603130
8.548130
8.493550
8.439440
8.385750
8.332530
8.279780
8.227450
8.175530
8.124090
8.073070
8.022510
7.972440
7.922710
7.873520
7.824690
7.776330
7.728440
7.680910
7.633860
7.587220
7.541050
7.495240
7.449900
7.404980
7.360470
7.316380
7.272640
7.229380
7.186530
7.144040
7.102020
7.060300
7.019050
6.978160
6.937680
6.897610
6.857850
6.818560
6.779560
6.740980
6.702750
6.664940
6.627430
6.590270
6.553530
6.517080
6.481040
6.445310
6.409930
6.374900
6.340170
6.305800
6.271720
6.238000
6.204640
6.171510
6.138730
6.106320
6.074140
6.042310
6.010780
5.979490
5.948550
5.917900
5.887530
5.857440
5.827640
5.798100
5.768850
5.739870
5.711150
5.682700
5.654520
5.626590
5.598920
5.571500
5.544330
5.517410
5.490730
5.464300
5.438100
5.412140
5.386410
5.360910
5.335630
5.310590
5.285760
5.261160
5.236770
5.212590
5.188630
5.164870
5.141320
5.117970
5.094830
5.071880
5.049130
5.026580
5.004220
4.982040
4.960060
4.938250
4.916630
4.895200
4.873930
4.852850
4.831950
4.811210
4.790640
4.770240
4.750010
4.729940
4.710030
4.690290
4.670690
4.651270
4.631990
4.612860
4.593890
4.575060
4.556380
4.537860
4.519470
4.501230
4.483120
4.465160
4.447330
4.429630
4.412080
4.394660
4.377360
4.360200
4.343170
4.326260
4.309480
4.292820
4.276280
4.259870
4.243570
4.227390
4.211340
4.195400
4.179570
4.163850
4.148250
4.132760
4.117380
4.102100
4.086940
4.071880
4.056920
4.042070
4.027320
4.012680
3.998130
3.983680
3.969330
3.955090
3.940930
3.926870
3.912900
3.899030
3.885250
3.871560
3.857960
3.844460
3.831030
3.817710
3.804460
3.791300
3.778220
3.765230
3.752320
3.739500
3.726760
3.714090
3.701510
3.689010
3.676580
3.664230
3.651960
3.639760
3.627640
3.615600
3.603630
3.591730
3.579900
3.568150
3.556470
3.544850
3.533310
3.521830
3.510420
3.499090
3.487820
3.476610
3.465470
3.454400
3.443380
3.432440
3.421560
3.410740
3.399980
3.389280
3.378640
3.368070
3.357550
3.347100
3.336700
3.326360
3.316080
3.305860
3.295690
3.285580
3.275520
3.265530
3.255580
3.245680
3.235850
3.226070
3.216340
3.206650
3.197030
3.187450
3.177930
3.168460
3.159030
3.149660
3.140330
3.131060
3.121830
3.112650
3.103510
3.094430
3.085390
3.076400
3.067460
3.058560
3.049700
3.040900
3.032130
3.023410
3.014730
3.006100
2.997510
2.988960
2.980460
2.972000
2.963570
2.955190
2.946860
2.938560
2.930300
2.922080
2.913900
2.905770
2.897670
2.889610
2.881590
2.873600
2.865660
2.857750
2.849880
2.842050
2.834250
2.826490
2.818770
2.811090
2.803440
2.795820
2.788240
2.780690
2.773180
2.765710
2.758260
2.750860
2.743480
2.736140
2.728830
2.721560
2.714310
2.707100
2.699920
2.692780
2.685660
2.678580
2.671530
2.664510
2.657520
2.650560
2.643630
2.636740
2.629870
2.623030
2.616220
2.609440
2.602690
2.595970
2.589280
2.582620
2.575980
2.569370
2.562790
2.556240
2.549720
2.543220
2.536750
2.530310
2.523890
2.517500
2.511140
2.504810
2.498500
2.492210
2.485960
2.479720
2.473520
2.467330
2.461180
2.455050
2.448940
2.442860
2.436800
2.430770
2.424760
2.418780
2.412820
2.406880
2.400970
2.395080
2.389210
2.383370
2.377550
2.371750
2.365970
2.360220
2.354490
2.348790
2.343100
2.337440
2.331800
2.326170
2.320580
2.315000
2.309450
2.303910
2.298400
2.292910
2.287440
2.281980
2.276560
2.271150
2.265760
2.260390
2.255040
2.249710
2.244400
2.239110
2.233840
2.228590
2.223360
2.218150
2.212960
2.207790
2.202640
2.197500
2.192380
2.187290
2.182210
2.177150
2.172100
2.167080
2.162070
2.157080
2.152110
2.147160
2.142230
2.137310
2.132410
2.127530
2.122660
2.117820
2.112990
2.108170
2.103380
2.098600
2.093830
2.089090
2.084360
2.079640
2.074950
2.070270
2.065600
2.060960
2.056330
2.051710
2.047110
2.042530
2.037960
2.033410
2.028870
2.024340
2.019840
2.015350
2.010870
2.006410
2.001970
1.997540
1.993120
1.988720
1.984330
1.979960
1.975610
1.971270
1.966930
1.962630
1.958320
1.954040
1.949770
1.945510
1.941270
1.937040
1.932830
1.928630
1.924440
1.920270
1.916110
1.911960
1.907830
1.903710
1.899600
1.895510
1.891430
1.887370
1.883310
1.879270
1.875250
1.871230
1.867230
1.863240
1.859260
1.855300
1.851350
1.847420
1.843490
1.839580
1.835680
1.831790
1.827910
1.824050
1.820200
1.816360
1.812530
1.808710
1.804910
1.801110
1.797330
1.793570
1.789810
1.786070
1.782330
1.778610
1.774890
1.771200
1.767510
1.763840
1.760170
1.756520
1.752870
1.749240
1.745620
1.742010
1.738410
1.734830
1.731250
1.727680
1.724120
1.720580
1.717050
1.713520
1.710010
1.706510
1.703020
1.699530
1.696070
1.692610
1.689160
1.685710
1.682280
1.678860
1.675450
1.672060
1.668670
1.665290
1.661920
1.658560
1.655210
1.651870
1.648540
1.645220
1.641910
1.638610
1.635320
1.632040
1.628770
1.625500
1.622250
1.619000
1.615770
1.612550
1.609330
1.606130
1.602930
1.599740
1.596560
1.593390
1.590230
1.587080
1.583940
1.580800
1.577680
1.574570
1.571460
1.568360
1.565270
1.562190
1.559120
1.556060
1.553000
1.549960
1.546920
1.543890
1.540870
1.537860
1.534860
1.531860
1.528880
1.525900
1.522930
1.519970
1.517020
1.514070
1.511140
1.508210
1.505290
1.502370
1.499470
1.496580
1.493680
1.490810
1.487940
1.485070
1.482220
1.479370
1.476530
1.473690
1.470870
1.468050
1.465240
1.462440
1.459640
1.456860
1.454080
1.451300
1.448540
1.445790
1.443040
1.440290
1.437560
1.434830
1.432110
1.429400
1.426700
1.424000
1.421310
1.418630
1.415950
1.413280
1.410620
1.407960
1.405320
1.402680
1.400050
1.397420
1.394800
1.392190
1.389580
1.386980
1.384390
1.381810
1.379230
1.376660
1.374090
1.371540
1.368990
1.366440
1.363910
1.361380
1.358850
1.356340
1.353830
1.351320
1.348820
1.346330
1.343850
1.341370
1.338900
1.336430
1.333980
1.331520
1.329080
1.326640
1.324210
1.321780
1.319360
1.316950
1.314530
1.312130
1.309740
1.307350
1.304970
1.302590
1.300220
1.297860
1.295500
1.293150
1.290800
1.288460
1.286120
1.283790
1.281470
1.279150
1.276840
1.274540
1.272240
1.269940
1.267660
1.265370
1.263100
1.260830
1.258560
1.256310
1.254050
1.251810
1.249570
1.247330
1.245100
1.242880
1.240660
1.238440
1.236240
1.234030
1.231840
1.229650
1.227460
1.225280
1.223110
1.220940
1.218770
1.216620
1.214470
1.212310
1.210170
1.208040
1.205910
1.203780
1.201660
1.199540
1.197430
1.195330
1.193230
1.191130
1.189050
1.186960
1.184880
1.182810
1.180740
1.178680
1.176620
1.174560
1.172520
1.170470
1.168430
1.166400
1.164380
1.162350
1.160330
1.158320
1.156310
1.154310
1.152310
1.150310
1.148330
1.146340
1.144360
1.142390
1.140420
1.138450
1.136490
1.134540
1.132590
1.130640
1.128700
1.126770
1.124830
1.122910
1.120990
1.119070
1.117150
1.115250
1.113340
1.111450
1.109550
1.107660
1.105770
1.103900
1.102020
1.100150
1.098280
1.096420
1.094560
1.092710
1.090860
1.089010
1.087170
1.085340
1.083510
1.081680
1.079860
1.078040
1.076230
1.074410
1.072610
1.070810
1.069010
1.067220
1.065430
1.063650
1.061870
1.060090
1.058320
1.056560
1.054790
1.053030
1.051280
1.049530
1.047780
1.046040
