6.502880
6.502860
6.502840
6.502820
6.502800
6.502850
6.506010
6.506810
6.506820
6.506770
6.506710
6.506650
6.506600
6.506540
6.506490
6.506440
6.506390
6.506350
6.506310
6.506260
6.506220
6.506190
6.506150
6.506120
6.506090
6.506060
6.506030
6.506010
6.505990
6.505970
6.505960
6.505950
6.505950
6.505940
6.505950
6.505950
6.505960
6.505970
6.505990
6.506010
6.506030
6.506050
6.506080
6.506110
6.506140
6.506170
6.506200
6.506240
6.506270
6.506310
6.506350
6.506390
6.506430
6.506470
6.506510
6.506550
6.506600
6.506640
6.506690
6.506740
6.506780
6.506830
6.506880
6.506930
6.506980
6.507020
6.507070
6.507120
6.507170
6.507220
6.507270
6.507320
6.507370
6.507430
6.507480
6.507530
6.507580
6.507630
6.507680
6.507730
6.507780
6.507820
6.507870
6.507920
6.507970
6.508020
6.508070
6.508120
6.508160
6.508210
6.508260
6.508300
6.508350
6.508390
6.508440
6.508480
6.508530
6.508570
6.508610
6.508660
6.508700
6.508740
6.508780
6.508820
6.508860
6.508900
6.508940
6.508980
6.509020
6.509060
6.509100
6.509130
6.509170
6.509210
6.509240
6.509280
6.509310
6.509350
6.509380
6.509420
6.509450
6.509480
6.509520
6.509550
6.509580
6.509610
6.509640
6.509670
6.509700
6.509730
6.509760
6.509790
6.509820
6.509850
6.509880
6.509900
6.509930
6.509960
6.509980
6.510010
6.510040
6.510060
6.510090
6.510110
6.510130
6.510160
6.510180
6.510200
6.510230
6.510250
6.510270
6.510290
6.510320
6.510340
6.510360
6.510380
6.510400
6.510420
6.510440
6.510460
6.510480
6.510500
6.510510
6.510530
6.510550
6.510570
6.510590
6.510600
6.510620
6.510640
6.510650
6.510670
6.510680
6.510700
6.510720
6.510730
6.510750
6.510760
6.510770
6.510790
6.510800
6.510820
6.510830
6.510840
6.510850
6.510870
6.510880
6.510890
6.510900
6.510920
6.510930
6.510940
6.510950
6.510960
6.510970
6.510980
6.510990
6.511000
6.511010
6.511020
6.511030
6.511040
6.511050
6.511060
6.511070
6.511080
6.511080
6.511090
6.511100
6.511110
6.511120
6.511120
6.511130
6.511140
6.511140
6.511150
6.511160
6.511160
6.511170
6.511180
6.511180
6.511190
6.511190
6.511200
6.511200
6.511210
6.511210
6.511220
6.511220
6.511230
6.511230
6.511240
6.511240
6.511250
6.511250
6.511250
6.511260
6.511260
6.511260
6.511270
6.511270
6.511270
6.511280
6.511280
6.511280
6.511280
6.511290
6.511290
6.511290
6.511290
6.511290
6.511290
6.511300
6.511300
6.511300
6.511300
6.511300
6.511300
6.511300
6.511300
6.511300
6.511300
6.511300
6.511310
6.511310
6.511310
6.511310
6.511310
6.511300
6.511300
6.511300
6.511300
6.511300
6.511300
6.511300
6.511300
6.511300
6.511300
6.511300
6.511300
6.511290
6.511290
6.511290
6.511290
6.511290
6.511290
6.511280
6.511280
6.511280
6.511280
6.511280
6.511270
6.511270
6.511270
6.511270
6.511260
6.511260
6.511260
6.511250
6.511250
6.511250
6.511240
6.511240
6.511240
6.511230
6.511230
6.511230
6.511220
6.511220
6.511220
6.511210
6.511210
6.511200
6.511200
6.511200
6.511190
6.511190
6.511180
6.511180
6.511170
6.511170
6.511170
6.511160
6.511160
6.511150
6.511150
6.511140
6.511140
6.511130
6.511130
6.511120
6.511120
6.511110
6.511110
6.511100
6.511090
6.511090
6.511080
6.511080
6.511070
6.511070
6.511060
6.511050
6.511050
6.511040
6.511040
6.511030
6.511020
6.511020
6.511010
6.511010
6.511000
6.510990
6.510990
6.510980
6.510970
6.510970
6.510960
6.510950
6.510950
6.510940
6.510930
6.510930
6.510920
6.510910
6.510900
6.510900
6.510890
6.510880
6.510880
6.510870
6.510860
6.510850
6.510850
6.510840
6.510830
6.510820
6.510820
6.510810
6.510800
6.510790
6.510790
6.510780
6.510770
6.510760
6.510750
6.510750
6.510740
6.510730
6.510720
6.510710
6.510710
6.510700
6.510690
6.510680
6.510670
6.510660
6.510660
6.510650
6.510640
6.510630
6.510620
6.510610
6.510610
6.510600
6.510590
6.510580
6.510570
6.510560
6.510550
6.510540
6.510540
6.510530
6.510520
6.510510
6.510500
6.510490
6.510480
6.510470
6.510460
6.510450
6.510440
6.510440
6.510430
6.510420
6.510410
6.510400
6.510390
6.510380
6.510370
6.510360
6.510350
6.510340
6.510330
6.510320
6.510310
6.510300
6.510290
6.510280
6.510270
6.510260
6.510250
6.510240
6.510230
6.510220
6.510210
6.510200
6.510190
6.510180
6.510170
6.510160
6.510150
6.510140
6.510130
6.510120
6.510110
6.510100
6.510090
6.510080
6.510070
6.510060
6.510050
6.510040
6.510030
6.510020
6.510010
6.510000
6.509990
6.509980
6.509970
6.509960
6.509950
6.509940
6.509930
6.509920
6.509900
6.509890
6.509880
6.509870
6.509860
6.509850
6.509840
6.509830
6.509820
6.509810
6.509800
6.509790
6.509780
6.509760
6.509750
6.509740
6.509730
6.509720
6.509710
6.509700
6.509690
6.509680
6.509670
6.509650
6.509640
6.509630
6.509620
6.509610
6.509600
6.509590
6.509580
6.509560
6.509550
6.509540
6.509530
6.509520
6.509510
6.509500
6.509480
6.509470
6.509460
6.509450
6.509440
6.509430
6.509420
6.509400
6.509390
6.509380
6.509370
6.509360
6.509350
6.509330
6.509320
6.509310
6.509300
6.509290
6.509280
6.509260
6.509250
6.509240
6.509230
6.509220
6.509210
6.509190
6.509180
6.509170
6.509160
6.509150
6.509130
6.509120
6.509110
6.509100
6.509090
6.509070
6.509060
6.509050
6.509040
6.509030
6.509010
6.509000
6.508990
6.508980
6.508970
6.508950
6.508940
6.508930
6.508920
6.508900
6.508890
6.508880
6.508870
6.508860
6.508840
6.508830
6.508820
6.508810
6.508790
6.508780
6.508770
6.508760
6.508750
6.508730
6.508720
6.508710
6.508700
6.508680
6.508670
6.508660
6.508650
6.508630
6.508620
6.508610
6.508600
6.508580
6.508570
6.508560
6.508550
6.508530
6.508520
6.508510
6.508500
6.508480
6.508470
6.508460
6.508450
6.508430
6.508420
6.508410
6.508390
6.508380
6.508370
6.508360
6.508340
6.508330
6.508320
6.508310
6.508290
6.508280
6.508270
6.508250
6.508240
6.508230
6.508220
6.508200
6.508190
6.508180
6.508160
6.508150
6.508140
6.508130
6.508110
6.508100
6.508090
6.508070
6.508060
6.508050
6.508040
6.508020
6.508010
6.508000
6.507980
6.507970
6.507960
6.507940
6.507930
6.507920
6.507910
6.507890
6.507880
6.507870
6.507850
6.507840
6.507830
6.507810
6.507800
6.507790
6.507770
6.507760
6.507750
6.507730
6.507720
6.507710
6.507700
6.507680
6.507670
6.507660
6.507640
6.507630
6.507620
6.507600
6.507590
6.507580
6.507560
6.507550
6.507540
6.507520
6.507510
6.507500
6.507480
6.507470
6.507460
6.507440
6.507430
6.507420
6.507400
6.507390
6.507380
6.507360
6.507350
6.507340
6.507320
6.507310
6.507300
6.507280
6.507270
6.507260
6.507240
6.507230
6.507220
6.507200
6.507190
6.507170
6.507160
6.507150
6.507130
6.507120
6.507110
6.507090
6.507080
6.507070
6.507050
6.507040
6.507030
6.507010
6.507000
6.506990
6.506970
6.506960
6.506940
6.506930
6.506920
6.506900
6.506890
6.506880
6.506860
6.506850
6.506840
6.506820
6.506810
6.506790
6.506780
6.506770
6.506750
6.506740
6.506730
6.506710
6.506700
6.506690
6.506670
6.506660
6.506640
6.506630
6.506620
6.506600
6.506590
6.506580
6.506560
6.506550
6.506530
6.506520
6.506510
6.506490
6.506480
6.506470
6.506450
6.506440
6.506420
6.506410
6.506400
6.506380
6.506370
6.506360
6.506340
6.506330
6.506310
6.506300
6.506290
6.506270
6.506260
6.506240
6.506230
6.506220
6.506200
6.506190
6.506180
6.506160
6.506150
6.506130
6.506120
6.506110
6.506090
6.506080
6.506060
6.506050
6.506040
6.506020
6.506010
6.505990
6.505980
6.505970
6.505950
6.505940
6.505920
6.505910
6.505900
6.505880
6.505870
6.505850
6.505840
6.505830
6.505810
6.505800
6.505780
6.505770
6.505760
6.505740
6.505730
6.505710
6.505700
6.505690
6.505670
6.505660
6.505640
6.505630
6.505620
6.505600
6.505590
6.505570
6.505560
6.505550
6.505530
6.505520
6.505500
6.505490
6.505480
6.505460
6.505450
6.505430
6.505420
6.505410
6.505390
6.505380
6.505360
6.505350
6.505330
6.505320
6.505310
6.505290
6.505280
6.505260
6.505250
6.505240
6.505220
6.505210
6.505190
6.505180
6.505160
6.505150
6.505140
6.505120
6.505110
6.505090
6.505080
6.505070
6.505050
6.505040
6.505020
6.505010
6.504990
6.504980
6.504970
6.504950
6.504940
6.504920
6.504910
6.504900
6.504880
6.504870
6.504850
6.504840
6.504820
6.504810
6.504800
6.504780
6.504770
6.504750
6.504740
6.504720
6.504710
6.504700
6.504680
6.504670
6.504650
6.504640
6.504620
6.504610
6.504600
6.504580
6.504570
6.504550
6.504540
6.504520
6.504510
6.504500
6.504480
6.504470
6.504450
6.504440
6.504420
6.504410
6.504400
6.504380
6.504370
6.504350
6.504340
6.504320
6.504310
6.504300
6.504280
6.504270
6.504250
6.504240
6.504220
6.504210
6.504190
6.504180
6.504170
6.504150
6.504140
6.504120
6.504110
6.504090
6.504080
6.504070
6.504050
6.504040
6.504020
6.504010
6.503990
6.503980
6.503960
6.503950
6.503940
6.503920
6.503910
6.503890
6.503880
6.503860
6.503850
6.503840
6.503820
6.503810
6.503790
6.503780
6.503760
6.503750
6.503730
6.503720
6.503710
6.503690
6.503680
6.503660
6.503650
6.503630
6.503620
6.503600
6.503590
6.503580
6.503560
6.503550
6.503530
6.503520
6.503500
6.503490
6.503470
6.503460
6.503450
6.503430
6.503420
6.503400
6.503390
6.503370
6.503360
6.503340
6.503330
6.503320
6.503300
6.503290
6.503270
6.503260
6.503240
6.503230
6.503210
6.503200
6.503190
6.503170
6.503160
6.503140
6.503130
6.503110
6.503100
6.503080
6.503070
6.503050
6.503040
6.503030
6.503010
6.503000
6.502980
6.502970
6.502950
6.502940
6.502920
6.502910
6.502900
6.502880
6.502860
6.502840
6.502820
6.502800
6.502850
6.506020
6.506810
6.506820
6.506770
6.506710
6.506650
6.506600
6.506540
6.506490
6.506440
6.506400
6.506350
6.506310
6.506260
6.506230
6.506190
6.506150
6.506120
6.506090
6.506060
6.506040
6.506010
6.505990
6.505980
6.505960
6.505950
6.505950
6.505950
6.505950
6.505950
6.505960
6.505980
6.505990
6.506010
6.506030
6.506060
6.506080
6.506110
6.506140
6.506170
6.506200
6.506240
6.506270
6.506310
6.506350
6.506390
6.506430
6.506470
6.506510
6.506560
6.506600
6.506650
6.506690
6.506740
6.506780
6.506830
6.506880
6.506930
6.506980
6.507030
6.507080
6.507130
6.507180
6.507230
6.507280
6.507330
6.507380
6.507430
6.507480
6.507530
6.507580
6.507630
6.507680
6.507730
6.507780
6.507830
6.507880
6.507920
6.507970
6.508020
6.508070
6.508120
6.508160
6.508210
6.508260
6.508300
6.508350
6.508390
6.508440
6.508480
6.508530
6.508570
6.508610
6.508660
6.508700
6.508740
6.508780
6.508820
6.508860
6.508900
6.508940
6.508980
6.509020
6.509060
6.509100
6.509140
6.509170
6.509210
6.509240
6.509280
6.509320
6.509350
6.509380
6.509420
6.509450
6.509490
6.509520
6.509550
6.509580
6.509610
6.509640
6.509670
6.509700
6.509730
6.509760
6.509790
6.509820
6.509850
6.509880
6.509900
6.509930
6.509960
6.509980
6.510010
6.510040
6.510060
6.510090
6.510110
6.510140
6.510160
6.510180
6.510210
6.510230
6.510250
6.510270
6.510300
6.510320
6.510340
6.510360
6.510380
6.510400
6.510420
6.510440
6.510460
6.510480
6.510500
6.510520
6.510530
6.510550
6.510570
6.510590
6.510600
6.510620
6.510640
6.510650
6.510670
6.510690
6.510700
6.510720
6.510730
6.510750
6.510760
6.510780
6.510790
6.510800
6.510820
6.510830
6.510840
6.510860
6.510870
6.510880
6.510890
6.510910
6.510920
6.510930
6.510940
6.510950
6.510960
6.510970
6.510980
6.510990
6.511000
6.511010
6.511020
6.511030
6.511040
6.511050
6.511060
6.511070
6.511080
6.511090
6.511090
6.511100
6.511110
6.511120
6.511120
6.511130
6.511140
6.511150
6.511150
6.511160
6.511170
6.511170
6.511180
6.511180
6.511190
6.511200
6.511200
6.511210
6.511210
6.511220
6.511220
6.511230
6.511230
6.511230
6.511240
6.511240
6.511250
6.511250
6.511250
6.511260
6.511260
6.511260
6.511270
6.511270
6.511270
6.511280
6.511280
6.511280
6.511280
6.511290
6.511290
6.511290
6.511290
6.511290
6.511300
6.511300
6.511300
6.511300
6.511300
6.511300
6.511300
6.511300
6.511300
6.511310
6.511310
6.511310
6.511310
6.511310
6.511310
6.511310
6.511310
6.511310
6.511310
6.511310
6.511300
6.511300
6.511300
6.511300
6.511300
6.511300
6.511300
6.511300
6.511300
6.511300
6.511290
6.511290
6.511290
6.511290
6.511290
6.511290
6.511280
6.511280
6.511280
6.511280
6.511270
6.511270
6.511270
6.511270
6.511260
6.511260
6.511260
6.511260
6.511250
6.511250
6.511250
6.511240
6.511240
6.511240
6.511230
6.511230
6.511230
6.511220
6.511220
6.511210
6.511210
6.511210
6.511200
6.511200
6.511190
6.511190
6.511180
6.511180
6.511180
6.511170
6.511170
6.511160
6.511160
6.511150
6.511150
6.511140
6.511140
6.511130
6.511130
6.511120
6.511120
6.511110
6.511110
6.511100
6.511100
6.511090
6.511080
6.511080
6.511070
6.511070
6.511060
6.511060
6.511050
6.511040
6.511040
6.511030
6.511030
6.511020
6.511010
6.511010
6.511000
6.510990
6.510990
6.510980
6.510970
6.510970
6.510960
6.510950
6.510950
6.510940
6.510930
6.510930
6.510920
6.510910
6.510910
6.510900
6.510890
6.510880
6.510880
6.510870
6.510860
6.510860
6.510850
6.510840
6.510830
6.510830
6.510820
6.510810
6.510800
6.510790
6.510790
6.510780
6.510770
6.510760
6.510760
6.510750
6.510740
6.510730
6.510720
6.510720
6.510710
6.510700
6.510690
6.510680
6.510670
6.510670
6.510660
6.510650
6.510640
6.510630
6.510620
6.510620
6.510610
6.510600
6.510590
6.510580
6.510570
6.510560
6.510550
6.510550
6.510540
6.510530
6.510520
6.510510
6.510500
6.510490
6.510480
6.510470
6.510460
6.510450
6.510450
6.510440
6.510430
6.510420
6.510410
6.510400
6.510390
6.510380
6.510370
6.510360
6.510350
6.510340
6.510330
6.510320
6.510310
6.510300
6.510290
6.510280
6.510270
6.510260
6.510260
6.510250
6.510240
6.510230
6.510220
6.510210
6.510200
6.510190
6.510180
6.510170
6.510160
6.510150
6.510140
6.510130
6.510110
6.510100
6.510090
6.510080
6.510070
6.510060
6.510050
6.510040
6.510030
6.510020
6.510010
6.510000
6.509990
6.509980
6.509970
6.509960
6.509950
6.509940
6.509930
6.509920
6.509910
6.509900
6.509880
6.509870
6.509860
6.509850
6.509840
6.509830
6.509820
6.509810
6.509800
6.509790
6.509780
6.509770
6.509750
6.509740
6.509730
6.509720
6.509710
6.509700
6.509690
6.509680
6.509670
6.509660
6.509640
6.509630
6.509620
6.509610
6.509600
6.509590
6.509580
6.509570
6.509550
6.509540
6.509530
6.509520
6.509510
6.509500
6.509490
6.509470
6.509460
6.509450
6.509440
6.509430
6.509420
6.509410
6.509390
6.509380
6.509370
6.509360
6.509350
6.509340
6.509320
6.509310
6.509300
6.509290
6.509280
6.509270
6.509250
6.509240
6.509230
6.509220
6.509210
6.509190
6.509180
6.509170
6.509160
6.509150
6.509140
6.509120
6.509110
6.509100
6.509090
6.509080
6.509060
6.509050
6.509040
6.509030
6.509020
6.509000
6.508990
6.508980
6.508970
6.508950
6.508940
6.508930
6.508920
6.508910
6.508890
6.508880
6.508870
6.508860
6.508850
6.508830
6.508820
6.508810
6.508800
6.508780
6.508770
6.508760
6.508750
6.508730
6.508720
6.508710
6.508700
6.508680
6.508670
6.508660
6.508650
6.508630
6.508620
6.508610
6.508600
6.508580
6.508570
6.508560
6.508550
6.508530
6.508520
6.508510
6.508500
6.508480
6.508470
6.508460
6.508450
6.508430
6.508420
6.508410
6.508400
6.508380
6.508370
6.508360
6.508350
6.508330
6.508320
6.508310
6.508290
6.508280
6.508270
6.508260
6.508240
6.508230
6.508220
6.508200
6.508190
6.508180
6.508170
6.508150
6.508140
6.508130
6.508110
6.508100
6.508090
6.508080
6.508060
6.508050
6.508040
6.508020
6.508010
6.508000
6.507980
6.507970
6.507960
6.507950
6.507930
6.507920
6.507910
6.507890
6.507880
6.507870
6.507850
6.507840
6.507830
6.507810
6.507800
6.507790
6.507780
6.507760
6.507750
6.507740
6.507720
6.507710
6.507700
6.507680
6.507670
6.507660
6.507640
6.507630
6.507620
6.507600
6.507590
6.507580
6.507560
6.507550
6.507540
6.507520
6.507510
6.507500
6.507480
6.507470
6.507460
6.507440
6.507430
6.507420
6.507400
6.507390
6.507380
6.507360
6.507350
6.507340
6.507320
6.507310
6.507300
6.507280
6.507270
6.507260
6.507240
6.507230
6.507220
6.507200
6.507190
6.507180
6.507160
6.507150
6.507140
6.507120
6.507110
6.507100
6.507080
6.507070
6.507050
6.507040
6.507030
6.507010
6.507000
6.506990
6.506970
6.506960
6.506950
6.506930
6.506920
6.506910
6.506890
6.506880
6.506860
6.506850
6.506840
6.506820
6.506810
6.506800
6.506780
6.506770
6.506760
6.506740
6.506730
6.506710
6.506700
6.506690
6.506670
6.506660
6.506650
6.506630
6.506620
6.506600
6.506590
6.506580
6.506560
6.506550
6.506540
6.506520
6.506510
6.506490
6.506480
6.506470
6.506450
6.506440
6.506430
6.506410
6.506400
6.506380
6.506370
6.506360
6.506340
6.506330
6.506310
6.506300
6.506290
6.506270
6.506260
6.506250
6.506230
6.506220
6.506200
6.506190
6.506180
6.506160
6.506150
6.506130
6.506120
6.506110
6.506090
6.506080
6.506070
6.506050
6.506040
6.506020
6.506010
6.506000
6.505980
6.505970
6.505950
6.505940
6.505930
6.505910
6.505900
6.505880
6.505870
6.505860
6.505840
6.505830
6.505810
6.505800
6.505790
6.505770
6.505760
6.505740
6.505730
6.505720
6.505700
6.505690
6.505670
6.505660
6.505650
6.505630
6.505620
6.505600
6.505590
6.505580
6.505560
6.505550
6.505530
6.505520
6.505500
6.505490
6.505480
6.505460
6.505450
6.505430
6.505420
6.505410
6.505390
6.505380
6.505360
6.505350
6.505340
6.505320
6.505310
6.505290
6.505280
6.505270
6.505250
6.505240
6.505220
6.505210
6.505190
6.505180
6.505170
6.505150
6.505140
6.505120
6.505110
6.505100
6.505080
6.505070
6.505050
6.505040
6.505020
6.505010
6.505000
6.504980
6.504970
6.504950
6.504940
6.504920
6.504910
6.504900
6.504880
6.504870
6.504850
6.504840
6.504830
6.504810
6.504800
6.504780
6.504770
6.504750
6.504740
6.504730
6.504710
6.504700
6.504680
6.504670
6.504650
6.504640
6.504630
6.504610
6.504600
6.504580
6.504570
6.504550
6.504540
6.504530
6.504510
6.504500
6.504480
6.504470
6.504450
6.504440
6.504430
6.504410
6.504400
6.504380
6.504370
6.504350
6.504340
6.504330
6.504310
6.504300
6.504280
6.504270
6.504250
6.504240
6.504220
6.504210
6.504200
6.504180
6.504170
6.504150
6.504140
6.504120
6.504110
6.504100
6.504080
6.504070
6.504050
6.504040
6.504020
6.504010
6.503990
6.503980
6.503970
6.503950
6.503940
6.503920
6.503910
6.503890
6.503880
6.503870
6.503850
6.503840
6.503820
6.503810
6.503790
6.503780
6.503760
6.503750
6.503740
6.503720
6.503710
6.503690
6.503680
6.503660
6.503650
6.503630
6.503620
6.503610
6.503590
6.503580
6.503560
6.503550
6.503530
6.503520
6.503500
6.503490
6.503480
6.503460
6.503450
6.503430
6.503420
6.503400
6.503390
6.503370
6.503360
6.503350
6.503330
6.503320
6.503300
6.503290
6.503270
6.503260
6.503240
6.503230
6.503220
6.503200
6.503190
6.503170
6.503160
6.503140
6.503130
6.503110
6.503100
6.503090
6.503070
6.503060
6.503040
6.503030
6.503010
6.503000
6.502980
6.502970
6.502950
6.502940
6.502930
6.502910
6.502900
6.502880
6.502870
6.502840
6.502820
6.502800
6.502850
6.506020
6.506810
6.506830
6.506770
6.506710
6.506660
6.506600
6.506550
6.506490
6.506440
6.506400
6.506350
6.506310
6.506270
6.506230
6.506190
6.506150
6.506120
6.506090
6.506060
6.506040
6.506010
6.505990
6.505980
6.505960
6.505950
6.505950
6.505950
6.505950
6.505950
6.505960
6.505980
6.505990
6.506010
6.506030
6.506060
6.506080
6.506110
6.506140
6.506170
6.506200
6.506240
6.506280
6.506310
6.506350
6.506390
6.506430
6.506470
6.506510
6.506560
6.506600
6.506650
6.506690
6.506740
6.506790
6.506830
6.506880
6.506930
6.506980
6.507030
6.507080
6.507130
6.507180
6.507230
6.507280
6.507330
6.507380
6.507430
6.507480
6.507530
6.507580
6.507630
6.507680
6.507730
6.507780
6.507830
6.507880
6.507930
6.507970
6.508020
6.508070
6.508120
6.508170
6.508210
6.508260
6.508300
6.508350
6.508400
6.508440
6.508490
6.508530
6.508570
6.508620
6.508660
6.508700
6.508740
6.508780
6.508830
6.508870
6.508910
6.508950
6.508980
6.509020
6.509060
6.509100
6.509140
6.509170
6.509210
6.509250
6.509280
6.509320
6.509350
6.509390
6.509420
6.509450
6.509490
6.509520
6.509550
6.509580
6.509610
6.509650
6.509680
6.509710
6.509740
6.509760
6.509790
6.509820
6.509850
6.509880
6.509910
6.509930
6.509960
6.509990
6.510010
6.510040
6.510060
6.510090
6.510110
6.510140
6.510160
6.510180
6.510210
6.510230
6.510250
6.510270
6.510300
6.510320
6.510340
6.510360
6.510380
6.510400
6.510420
6.510440
6.510460
6.510480
6.510500
6.510520
6.510540
6.510550
6.510570
6.510590
6.510610
6.510620
6.510640
6.510660
6.510670
6.510690
6.510700
6.510720
6.510730
6.510750
6.510760
6.510780
6.510790
6.510800
6.510820
6.510830
6.510840
6.510860
6.510870
6.510880
6.510890
6.510910
6.510920
6.510930
6.510940
6.510950
6.510960
6.510970
6.510980
6.510990
6.511000
6.511010
6.511020
6.511030
6.511040
6.511050
6.511060
6.511070
6.511080
6.511090
6.511100
6.511100
6.511110
6.511120
6.511130
6.511130
6.511140
6.511150
6.511150
6.511160
6.511170
6.511170
6.511180
6.511190
6.511190
6.511200
6.511200
6.511210
6.511210
6.511220
6.511220
6.511230
6.511230
6.511240
6.511240
6.511240
6.511250
6.511250
6.511260
6.511260
6.511260
6.511270
6.511270
6.511270
6.511280
6.511280
6.511280
6.511280
6.511290
6.511290
6.511290
6.511290
6.511290
6.511300
6.511300
6.511300
6.511300
6.511300
6.511300
6.511300
6.511300
6.511310
6.511310
6.511310
6.511310
6.511310
6.511310
6.511310
6.511310
6.511310
6.511310
6.511310
6.511310
6.511310
6.511310
6.511310
6.511300
6.511300
6.511300
6.511300
6.511300
6.511300
6.511300
6.511300
6.511300
6.511290
6.511290
6.511290
6.511290
6.511290
6.511280
6.511280
6.511280
6.511280
6.511280
6.511270
6.511270
6.511270
6.511270
6.511260
6.511260
6.511260
6.511250
6.511250
6.511250
6.511240
6.511240
6.511240
6.511230
6.511230
6.511230
6.511220
6.511220
6.511220
6.511210
6.511210
6.511200
6.511200
6.511190
6.511190
6.511190
6.511180
6.511180
6.511170
6.511170
6.511160
6.511160
6.511150
6.511150
6.511140
6.511140
6.511130
6.511130
6.511120
6.511120
6.511110
6.511110
6.511100
6.511100
6.511090
6.511090
6.511080
6.511070
6.511070
6.511060
6.511060
6.511050
6.511050
6.511040
6.511030
6.511030
6.511020
6.511010
6.511010
6.511000
6.511000
6.510990
6.510980
6.510980
6.510970
6.510960
6.510960
6.510950
6.510940
6.510940
6.510930
6.510920
6.510910
6.510910
6.510900
6.510890
6.510890
6.510880
6.510870
6.510860
6.510860
6.510850
6.510840
6.510830
6.510830
6.510820
6.510810
6.510800
6.510800
6.510790
6.510780
6.510770
6.510760
6.510760
6.510750
6.510740
6.510730
6.510720
6.510720
6.510710
6.510700
6.510690
6.510680
6.510680
6.510670
6.510660
6.510650
6.510640
6.510630
6.510620
6.510620
6.510610
6.510600
6.510590
6.510580
6.510570
6.510560
6.510560
6.510550
6.510540
6.510530
6.510520
6.510510
6.510500
6.510490
6.510480
6.510470
6.510470
6.510460
6.510450
6.510440
6.510430
6.510420
6.510410
6.510400
6.510390
6.510380
6.510370
6.510360
6.510350
6.510340
6.510330
6.510320
6.510310
6.510310
6.510300
6.510290
6.510280
6.510270
6.510260
6.510250
6.510240
6.510230
6.510220
6.510210
6.510200
6.510190
6.510180
6.510170
6.510160
6.510150
6.510140
6.510130
6.510120
6.510110
6.510100
6.510090
6.510080
6.510060
6.510050
6.510040
6.510030
6.510020
6.510010
6.510000
6.509990
6.509980
6.509970
6.509960
6.509950
6.509940
6.509930
6.509920
6.509910
6.509900
6.509890
6.509880
6.509860
6.509850
6.509840
6.509830
6.509820
6.509810
6.509800
6.509790
6.509780
6.509770
6.509760
6.509750
6.509730
6.509720
6.509710
6.509700
6.509690
6.509680
6.509670
6.509660
6.509650
6.509630
6.509620
6.509610
6.509600
6.509590
6.509580
6.509570
6.509560
6.509540
6.509530
6.509520
6.509510
6.509500
6.509490
6.509480
6.509460
6.509450
6.509440
6.509430
6.509420
6.509410
6.509400
6.509380
6.509370
6.509360
6.509350
6.509340
6.509330
6.509310
6.509300
6.509290
6.509280
6.509270
6.509260
6.509240
6.509230
6.509220
6.509210
6.509200
6.509180
6.509170
6.509160
6.509150
6.509140
6.509120
6.509110
6.509100
6.509090
6.509080
6.509060
6.509050
6.509040
6.509030
6.509020
6.509000
6.508990
6.508980
6.508970
6.508960
6.508940
6.508930
6.508920
6.508910
6.508900
6.508880
6.508870
6.508860
6.508850
6.508830
6.508820
6.508810
6.508800
6.508780
6.508770
6.508760
6.508750
6.508740
6.508720
6.508710
6.508700
6.508690
6.508670
6.508660
6.508650
6.508640
6.508620
6.508610
6.508600
6.508590
6.508570
6.508560
6.508550
6.508540
6.508520
6.508510
6.508500
6.508490
6.508470
6.508460
6.508450
6.508440
6.508420
6.508410
6.508400
6.508380
6.508370
6.508360
6.508350
6.508330
6.508320
6.508310
6.508300
6.508280
6.508270
6.508260
6.508240
6.508230
6.508220
6.508210
6.508190
6.508180
6.508170
6.508150
6.508140
6.508130
6.508120
6.508100
6.508090
6.508080
6.508060
6.508050
6.508040
6.508020
6.508010
6.508000
6.507990
6.507970
6.507960
6.507950
6.507930
6.507920
6.507910
6.507890
6.507880
6.507870
6.507860
6.507840
6.507830
6.507820
6.507800
6.507790
6.507780
6.507760
6.507750
6.507740
6.507720
6.507710
6.507700
6.507680
6.507670
6.507660
6.507640
6.507630
6.507620
6.507610
6.507590
6.507580
6.507570
6.507550
6.507540
6.507530
6.507510
6.507500
6.507490
6.507470
6.507460
6.507450
6.507430
6.507420
6.507410
6.507390
6.507380
6.507370
6.507350
6.507340
6.507330
6.507310
6.507300
6.507280
6.507270
6.507260
6.507240
6.507230
6.507220
6.507200
6.507190
6.507180
6.507160
6.507150
6.507140
6.507120
6.507110
6.507100
6.507080
6.507070
6.507060
6.507040
6.507030
6.507020
6.507000
6.506990
6.506970
6.506960
6.506950
6.506930
6.506920
6.506910
6.506890
6.506880
6.506870
6.506850
6.506840
6.506820
6.506810
6.506800
6.506780
6.506770
6.506760
6.506740
6.506730
6.506720
6.506700
6.506690
6.506670
6.506660
6.506650
6.506630
6.506620
6.506610
6.506590
6.506580
6.506560
6.506550
6.506540
6.506520
6.506510
6.506500
6.506480
6.506470
6.506450
6.506440
6.506430
6.506410
6.506400
6.506390
6.506370
6.506360
6.506340
6.506330
6.506320
6.506300
6.506290
6.506270
6.506260
6.506250
6.506230
6.506220
6.506210
6.506190
6.506180
6.506160
6.506150
6.506140
6.506120
6.506110
6.506090
6.506080
6.506070
6.506050
6.506040
6.506020
6.506010
6.506000
6.505980
6.505970
6.505950
6.505940
6.505930
6.505910
6.505900
6.505890
6.505870
6.505860
6.505840
6.505830
6.505820
6.505800
6.505790
6.505770
6.505760
6.505750
6.505730
6.505720
6.505700
6.505690
6.505670
6.505660
6.505650
6.505630
6.505620
6.505600
6.505590
6.505580
6.505560
6.505550
6.505530
6.505520
6.505510
6.505490
6.505480
6.505460
6.505450
6.505440
6.505420
6.505410
6.505390
6.505380
6.505370
6.505350
6.505340
6.505320
6.505310
6.505290
6.505280
6.505270
6.505250
6.505240
6.505220
6.505210
6.505200
6.505180
6.505170
6.505150
6.505140
6.505120
6.505110
6.505100
6.505080
6.505070
6.505050
6.505040
6.505030
6.505010
6.505000
6.504980
6.504970
6.504950
6.504940
6.504930
6.504910
6.504900
6.504880
6.504870
6.504850
6.504840
6.504830
6.504810
6.504800
6.504780
6.504770
6.504760
6.504740
6.504730
6.504710
6.504700
6.504680
6.504670
6.504660
6.504640
6.504630
6.504610
6.504600
6.504580
6.504570
6.504560
6.504540
6.504530
6.504510
6.504500
6.504480
6.504470
6.504460
6.504440
6.504430
6.504410
6.504400
6.504380
6.504370
6.504360
6.504340
6.504330
6.504310
6.504300
6.504280
6.504270
6.504250
6.504240
6.504230
6.504210
6.504200
6.504180
6.504170
6.504150
6.504140
6.504130
6.504110
6.504100
6.504080
6.504070
6.504050
6.504040
6.504030
6.504010
6.504000
6.503980
6.503970
6.503950
6.503940
6.503920
6.503910
6.503900
6.503880
6.503870
6.503850
6.503840
6.503820
6.503810
6.503790
6.503780
6.503770
6.503750
6.503740
6.503720
6.503710
6.503690
6.503680
6.503660
6.503650
6.503640
6.503620
6.503610
6.503590
6.503580
6.503560
6.503550
6.503530
6.503520
6.503510
6.503490
6.503480
6.503460
6.503450
6.503430
6.503420
6.503400
6.503390
6.503380
6.503360
6.503350
6.503330
6.503320
6.503300
6.503290
6.503270
6.503260
6.503250
6.503230
6.503220
6.503200
6.503190
6.503170
6.503160
6.503140
6.503130
6.503120
6.503100
6.503090
6.503070
6.503060
6.503040
6.503030
6.503010
6.503000
6.502980
6.502970
6.502960
6.502940
6.502930
6.502910
6.502900
6.502880
