11.461700
11.461700
11.461700
11.461600
11.461600
11.461700
11.464400
11.464900
11.464800
11.464700
11.464600
11.464500
11.464400
11.464300
11.464200
11.464100
11.464100
11.464000
11.463900
11.463800
11.463700
11.463700
11.463600
11.463500
11.463400
11.463400
11.463300
11.463300
11.463200
11.463200
11.463100
11.463100
11.463000
11.463000
11.463000
11.462900
11.462900
11.462900
11.462900
11.462800
11.462800
11.462800
11.462800
11.462800
11.462800
11.462800
11.462800
11.462800
11.462900
11.462900
11.462900
11.462900
11.462900
11.463000
11.463000
11.463000
11.463100
11.463100
11.463100
11.463200
11.463200
11.463300
11.463300
11.463300
11.463400
11.463400
11.463500
11.463500
11.463600
11.463600
11.463700
11.463700
11.463800
11.463900
11.463900
11.464000
11.464000
11.464100
11.464200
11.464200
11.464300
11.464300
11.464400
11.464500
11.464500
11.464600
11.464600
11.464700
11.464800
11.464800
11.464900
11.465000
11.465000
11.465100
11.465100
11.465200
11.465300
11.465300
11.465400
11.465400
11.465500
11.465600
11.465600
11.465700
11.465700
11.465800
11.465900
11.465900
11.466000
11.466000
11.466100
11.466100
11.466200
11.466300
11.466300
11.466400
11.466400
11.466500
11.466500
11.466600
11.466600
11.466700
11.466700
11.466800
11.466800
11.466900
11.466900
11.467000
11.467000
11.467100
11.467100
11.467200
11.467200
11.467300
11.467300
11.467300
11.467400
11.467400
11.467500
11.467500
11.467600
11.467600
11.467600
11.467700
11.467700
11.467800
11.467800
11.467800
11.467900
11.467900
11.468000
11.468000
11.468000
11.468100
11.468100
11.468100
11.468200
11.468200
11.468200
11.468300
11.468300
11.468300
11.468400
11.468400
11.468400
11.468500
11.468500
11.468500
11.468600
11.468600
11.468600
11.468600
11.468700
11.468700
11.468700
11.468800
11.468800
11.468800
11.468800
11.468900
11.468900
11.468900
11.468900
11.469000
11.469000
11.469000
11.469000
11.469000
11.469100
11.469100
11.469100
11.469100
11.469200
11.469200
11.469200
11.469200
11.469200
11.469300
11.469300
11.469300
11.469300
11.469300
11.469300
11.469400
11.469400
11.469400
11.469400
11.469400
11.469400
11.469500
11.469500
11.469500
11.469500
11.469500
11.469500
11.469600
11.469600
11.469600
11.469600
11.469600
11.469600
11.469600
11.469600
11.469700
11.469700
11.469700
11.469700
11.469700
11.469700
11.469700
11.469700
11.469800
11.469800
11.469800
11.469800
11.469800
11.469800
11.469800
11.469800
11.469800
11.469800
11.469800
11.469900
11.469900
11.469900
11.469900
11.469900
11.469900
11.469900
11.469900
11.469900
11.469900
11.469900
11.469900
11.469900
11.469900
11.470000
11.470000
11.470000
11.470000
11.470000
11.470000
11.470000
11.470000
11.470000
11.470000
11.470000
11.470000
11.470000
11.470000
11.470000
11.470000
11.470000
11.470000
11.470000
11.470000
11.470000
11.470000
11.470000
11.470000
11.470000
11.470100
11.470100
11.470100
11.470100
11.470100
11.470100
11.470100
11.470100
11.470100
11.470100
11.470100
11.470100
11.470100
11.470100
11.470100
11.470100
11.470100
11.470100
11.470100
11.470100
11.470100
11.470100
11.470100
11.470100
11.470100
11.470100
11.470100
11.470100
11.470100
11.470100
11.470100
11.470100
11.470100
11.470100
11.470000
11.470000
11.470000
11.470000
11.470000
11.470000
11.470000
11.470000
11.470000
11.470000
11.470000
11.470000
11.470000
11.470000
11.470000
11.470000
11.470000
11.470000
11.470000
11.470000
11.470000
11.470000
11.470000
11.470000
11.470000
11.470000
11.470000
11.470000
11.470000
11.470000
11.470000
11.469900
11.469900
11.469900
11.469900
11.469900
11.469900
11.469900
11.469900
11.469900
11.469900
11.469900
11.469900
11.469900
11.469900
11.469900
11.469900
11.469900
11.469900
11.469900
11.469800
11.469800
11.469800
11.469800
11.469800
11.469800
11.469800
11.469800
11.469800
11.469800
11.469800
11.469800
11.469800
11.469800
11.469800
11.469800
11.469700
11.469700
11.469700
11.469700
11.469700
11.469700
11.469700
11.469700
11.469700
11.469700
11.469700
11.469700
11.469700
11.469700
11.469600
11.469600
11.469600
11.469600
11.469600
11.469600
11.469600
11.469600
11.469600
11.469600
11.469600
11.469600
11.469500
11.469500
11.469500
11.469500
11.469500
11.469500
11.469500
11.469500
11.469500
11.469500
11.469500
11.469500
11.469400
11.469400
11.469400
11.469400
11.469400
11.469400
11.469400
11.469400
11.469400
11.469400
11.469400
11.469400
11.469300
11.469300
11.469300
11.469300
11.469300
11.469300
11.469300
11.469300
11.469300
11.469300
11.469200
11.469200
11.469200
11.469200
11.469200
11.469200
11.469200
11.469200
11.469200
11.469200
11.469200
11.469100
11.469100
11.469100
11.469100
11.469100
11.469100
11.469100
11.469100
11.469100
11.469100
11.469000
11.469000
11.469000
11.469000
11.469000
11.469000
11.469000
11.469000
11.469000
11.468900
11.468900
11.468900
11.468900
11.468900
11.468900
11.468900
11.468900
11.468900
11.468900
11.468800
11.468800
11.468800
11.468800
11.468800
11.468800
11.468800
11.468800
11.468800
11.468700
11.468700
11.468700
11.468700
11.468700
11.468700
11.468700
11.468700
11.468700
11.468600
11.468600
11.468600
11.468600
11.468600
11.468600
11.468600
11.468600
11.468600
11.468500
11.468500
11.468500
11.468500
11.468500
11.468500
11.468500
11.468500
11.468400
11.468400
11.468400
11.468400
11.468400
11.468400
11.468400
11.468400
11.468400
11.468300
11.468300
11.468300
11.468300
11.468300
11.468300
11.468300
11.468300
11.468200
11.468200
11.468200
11.468200
11.468200
11.468200
11.468200
11.468200
11.468200
11.468100
11.468100
11.468100
11.468100
11.468100
11.468100
11.468100
11.468100
11.468000
11.468000
11.468000
11.468000
11.468000
11.468000
11.468000
11.468000
11.467900
11.467900
11.467900
11.467900
11.467900
11.467900
11.467900
11.467900
11.467800
11.467800
11.467800
11.467800
11.467800
11.467800
11.467800
11.467800
11.467700
11.467700
11.467700
11.467700
11.467700
11.467700
11.467700
11.467700
11.467600
11.467600
11.467600
11.467600
11.467600
11.467600
11.467600
11.467600
11.467500
11.467500
11.467500
11.467500
11.467500
11.467500
11.467500
11.467500
11.467400
11.467400
11.467400
11.467400
11.467400
11.467400
11.467400
11.467300
11.467300
11.467300
11.467300
11.467300
11.467300
11.467300
11.467300
11.467200
11.467200
11.467200
11.467200
11.467200
11.467200
11.467200
11.467200
11.467100
11.467100
11.467100
11.467100
11.467100
11.467100
11.467100
11.467000
11.467000
11.467000
11.467000
11.467000
11.467000
11.467000
11.467000
11.466900
11.466900
11.466900
11.466900
11.466900
11.466900
11.466900
11.466800
11.466800
11.466800
11.466800
11.466800
11.466800
11.466800
11.466800
11.466700
11.466700
11.466700
11.466700
11.466700
11.466700
11.466700
11.466600
11.466600
11.466600
11.466600
11.466600
11.466600
11.466600
11.466500
11.466500
11.466500
11.466500
11.466500
11.466500
11.466500
11.466500
11.466400
11.466400
11.466400
11.466400
11.466400
11.466400
11.466400
11.466300
11.466300
11.466300
11.466300
11.466300
11.466300
11.466300
11.466200
11.466200
11.466200
11.466200
11.466200
11.466200
11.466200
11.466100
11.466100
11.466100
11.466100
11.466100
11.466100
11.466100
11.466100
11.466000
11.466000
11.466000
11.466000
11.466000
11.466000
11.466000
11.465900
11.465900
11.465900
11.465900
11.465900
11.465900
11.465900
11.465800
11.465800
11.465800
11.465800
11.465800
11.465800
11.465800
11.465700
11.465700
11.465700
11.465700
11.465700
11.465700
11.465700
11.465600
11.465600
11.465600
11.465600
11.465600
11.465600
11.465600
11.465500
11.465500
11.465500
11.465500
11.465500
11.465500
11.465500
11.465400
11.465400
11.465400
11.465400
11.465400
11.465400
11.465400
11.465300
11.465300
11.465300
11.465300
11.465300
11.465300
11.465300
11.465200
11.465200
11.465200
11.465200
11.465200
11.465200
11.465200
11.465100
11.465100
11.465100
11.465100
11.465100
11.465100
11.465100
11.465000
11.465000
11.465000
11.465000
11.465000
11.465000
11.465000
11.464900
11.464900
11.464900
11.464900
11.464900
11.464900
11.464900
11.464800
11.464800
11.464800
11.464800
11.464800
11.464800
11.464800
11.464700
11.464700
11.464700
11.464700
11.464700
11.464700
11.464700
11.464600
11.464600
11.464600
11.464600
11.464600
11.464600
11.464600
11.464500
11.464500
11.464500
11.464500
11.464500
11.464500
11.464500
11.464400
11.464400
11.464400
11.464400
11.464400
11.464400
11.464400
11.464300
11.464300
11.464300
11.464300
11.464300
11.464300
11.464300
11.464200
11.464200
11.464200
11.464200
11.464200
11.464200
11.464200
11.464100
11.464100
11.464100
11.464100
11.464100
11.464100
11.464100
11.464000
11.464000
11.464000
11.464000
11.464000
11.464000
11.464000
11.463900
11.463900
11.463900
11.463900
11.463900
11.463900
11.463800
11.463800
11.463800
11.463800
11.463800
11.463800
11.463800
11.463700
11.463700
11.463700
11.463700
11.463700
11.463700
11.463700
11.463600
11.463600
11.463600
11.463600
11.463600
11.463600
11.463600
11.463500
11.463500
11.463500
11.463500
11.463500
11.463500
11.463500
11.463400
11.463400
11.463400
11.463400
11.463400
11.463400
11.463400
11.463300
11.463300
11.463300
11.463300
11.463300
11.463300
11.463200
11.463200
11.463200
11.463200
11.463200
11.463200
11.463200
11.463100
11.463100
11.463100
11.463100
11.463100
11.463100
11.463100
11.463000
11.463000
11.463000
11.463000
11.463000
11.463000
11.463000
11.462900
11.462900
11.462900
11.462900
11.462900
11.462900
11.462900
11.462800
11.462800
11.462800
11.462800
11.462800
11.462800
11.462700
11.462700
11.462700
11.462700
11.462700
11.462700
11.462700
11.462600
11.462600
11.462600
11.462600
11.462600
11.462600
11.462600
11.462500
11.462500
11.462500
11.462500
11.462500
11.462500
11.462500
11.462400
11.462400
11.462400
11.462400
11.462400
11.462400
11.462300
11.462300
11.462300
11.462300
11.462300
11.462300
11.462300
11.462200
11.462200
11.462200
11.462200
11.462200
11.462200
11.462200
11.462100
11.462100
11.462100
11.462100
11.462100
11.462100
11.462100
11.462000
11.462000
11.462000
11.462000
11.462000
11.462000
11.461900
11.461900
11.461900
11.461900
11.461900
11.461900
11.461900
11.461800
11.461800
11.461800
11.461800
11.461800
11.461800
11.461800
11.461700
11.461700
11.461700
11.461700
11.461700
11.461600
11.461600
11.461700
11.464400
11.464900
11.464800
11.464700
11.464600
11.464500
11.464400
11.464300
11.464200
11.464100
11.464100
11.464000
11.463900
11.463800
11.463700
11.463700
11.463600
11.463500
11.463400
11.463400
11.463300
11.463300
11.463200
11.463200
11.463100
11.463100
11.463000
11.463000
11.463000
11.462900
11.462900
11.462900
11.462900
11.462800
11.462800
11.462800
11.462800
11.462800
11.462800
11.462800
11.462800
11.462800
11.462900
11.462900
11.462900
11.462900
11.462900
11.463000
11.463000
11.463000
11.463100
11.463100
11.463100
11.463200
11.463200
11.463300
11.463300
11.463300
11.463400
11.463400
11.463500
11.463500
11.463600
11.463600
11.463700
11.463700
11.463800
11.463900
11.463900
11.464000
11.464000
11.464100
11.464200
11.464200
11.464300
11.464300
11.464400
11.464500
11.464500
11.464600
11.464600
11.464700
11.464800
11.464800
11.464900
11.465000
11.465000
11.465100
11.465100
11.465200
11.465300
11.465300
11.465400
11.465400
11.465500
11.465600
11.465600
11.465700
11.465700
11.465800
11.465900
11.465900
11.466000
11.466000
11.466100
11.466100
11.466200
11.466300
11.466300
11.466400
11.466400
11.466500
11.466500
11.466600
11.466600
11.466700
11.466700
11.466800
11.466800
11.466900
11.466900
11.467000
11.467000
11.467100
11.467100
11.467200
11.467200
11.467300
11.467300
11.467400
11.467400
11.467400
11.467500
11.467500
11.467600
11.467600
11.467600
11.467700
11.467700
11.467800
11.467800
11.467800
11.467900
11.467900
11.468000
11.468000
11.468000
11.468100
11.468100
11.468100
11.468200
11.468200
11.468200
11.468300
11.468300
11.468300
11.468400
11.468400
11.468400
11.468500
11.468500
11.468500
11.468600
11.468600
11.468600
11.468600
11.468700
11.468700
11.468700
11.468800
11.468800
11.468800
11.468800
11.468900
11.468900
11.468900
11.468900
11.469000
11.469000
11.469000
11.469000
11.469000
11.469100
11.469100
11.469100
11.469100
11.469200
11.469200
11.469200
11.469200
11.469200
11.469300
11.469300
11.469300
11.469300
11.469300
11.469400
11.469400
11.469400
11.469400
11.469400
11.469400
11.469500
11.469500
11.469500
11.469500
11.469500
11.469500
11.469500
11.469600
11.469600
11.469600
11.469600
11.469600
11.469600
11.469600
11.469700
11.469700
11.469700
11.469700
11.469700
11.469700
11.469700
11.469700
11.469700
11.469800
11.469800
11.469800
11.469800
11.469800
11.469800
11.469800
11.469800
11.469800
11.469800
11.469900
11.469900
11.469900
11.469900
11.469900
11.469900
11.469900
11.469900
11.469900
11.469900
11.469900
11.469900
11.469900
11.469900
11.470000
11.470000
11.470000
11.470000
11.470000
11.470000
11.470000
11.470000
11.470000
11.470000
11.470000
11.470000
11.470000
11.470000
11.470000
11.470000
11.470000
11.470000
11.470000
11.470000
11.470000
11.470000
11.470000
11.470000
11.470000
11.470100
11.470100
11.470100
11.470100
11.470100
11.470100
11.470100
11.470100
11.470100
11.470100
11.470100
11.470100
11.470100
11.470100
11.470100
11.470100
11.470100
11.470100
11.470100
11.470100
11.470100
11.470100
11.470100
11.470100
11.470100
11.470100
11.470100
11.470100
11.470100
11.470100
11.470100
11.470100
11.470100
11.470100
11.470100
11.470100
11.470000
11.470000
11.470000
11.470000
11.470000
11.470000
11.470000
11.470000
11.470000
11.470000
11.470000
11.470000
11.470000
11.470000
11.470000
11.470000
11.470000
11.470000
11.470000
11.470000
11.470000
11.470000
11.470000
11.470000
11.470000
11.470000
11.470000
11.470000
11.470000
11.470000
11.469900
11.469900
11.469900
11.469900
11.469900
11.469900
11.469900
11.469900
11.469900
11.469900
11.469900
11.469900
11.469900
11.469900
11.469900
11.469900
11.469900
11.469900
11.469900
11.469900
11.469800
11.469800
11.469800
11.469800
11.469800
11.469800
11.469800
11.469800
11.469800
11.469800
11.469800
11.469800
11.469800
11.469800
11.469800
11.469700
11.469700
11.469700
11.469700
11.469700
11.469700
11.469700
11.469700
11.469700
11.469700
11.469700
11.469700
11.469700
11.469700
11.469600
11.469600
11.469600
11.469600
11.469600
11.469600
11.469600
11.469600
11.469600
11.469600
11.469600
11.469600
11.469600
11.469500
11.469500
11.469500
11.469500
11.469500
11.469500
11.469500
11.469500
11.469500
11.469500
11.469500
11.469500
11.469400
11.469400
11.469400
11.469400
11.469400
11.469400
11.469400
11.469400
11.469400
11.469400
11.469400
11.469300
11.469300
11.469300
11.469300
11.469300
11.469300
11.469300
11.469300
11.469300
11.469300
11.469300
11.469200
11.469200
11.469200
11.469200
11.469200
11.469200
11.469200
11.469200
11.469200
11.469200
11.469100
11.469100
11.469100
11.469100
11.469100
11.469100
11.469100
11.469100
11.469100
11.469100
11.469000
11.469000
11.469000
11.469000
11.469000
11.469000
11.469000
11.469000
11.469000
11.469000
11.468900
11.468900
11.468900
11.468900
11.468900
11.468900
11.468900
11.468900
11.468900
11.468800
11.468800
11.468800
11.468800
11.468800
11.468800
11.468800
11.468800
11.468800
11.468700
11.468700
11.468700
11.468700
11.468700
11.468700
11.468700
11.468700
11.468700
11.468600
11.468600
11.468600
11.468600
11.468600
11.468600
11.468600
11.468600
11.468600
11.468500
11.468500
11.468500
11.468500
11.468500
11.468500
11.468500
11.468500
11.468500
11.468400
11.468400
11.468400
11.468400
11.468400
11.468400
11.468400
11.468400
11.468300
11.468300
11.468300
11.468300
11.468300
11.468300
11.468300
11.468300
11.468300
11.468200
11.468200
11.468200
11.468200
11.468200
11.468200
11.468200
11.468200
11.468100
11.468100
11.468100
11.468100
11.468100
11.468100
11.468100
11.468100
11.468000
11.468000
11.468000
11.468000
11.468000
11.468000
11.468000
11.468000
11.467900
11.467900
11.467900
11.467900
11.467900
11.467900
11.467900
11.467900
11.467800
11.467800
11.467800
11.467800
11.467800
11.467800
11.467800
11.467800
11.467700
11.467700
11.467700
11.467700
11.467700
11.467700
11.467700
11.467700
11.467600
11.467600
11.467600
11.467600
11.467600
11.467600
11.467600
11.467600
11.467500
11.467500
11.467500
11.467500
11.467500
11.467500
11.467500
11.467500
11.467400
11.467400
11.467400
11.467400
11.467400
11.467400
11.467400
11.467400
11.467300
11.467300
11.467300
11.467300
11.467300
11.467300
11.467300
11.467200
11.467200
11.467200
11.467200
11.467200
11.467200
11.467200
11.467200
11.467100
11.467100
11.467100
11.467100
11.467100
11.467100
11.467100
11.467000
11.467000
11.467000
11.467000
11.467000
11.467000
11.467000
11.467000
11.466900
11.466900
11.466900
11.466900
11.466900
11.466900
11.466900
11.466800
11.466800
11.466800
11.466800
11.466800
11.466800
11.466800
11.466800
11.466700
11.466700
11.466700
11.466700
11.466700
11.466700
11.466700
11.466600
11.466600
11.466600
11.466600
11.466600
11.466600
11.466600
11.466500
11.466500
11.466500
11.466500
11.466500
11.466500
11.466500
11.466500
11.466400
11.466400
11.466400
11.466400
11.466400
11.466400
11.466400
11.466300
11.466300
11.466300
11.466300
11.466300
11.466300
11.466300
11.466200
11.466200
11.466200
11.466200
11.466200
11.466200
11.466200
11.466200
11.466100
11.466100
11.466100
11.466100
11.466100
11.466100
11.466100
11.466000
11.466000
11.466000
11.466000
11.466000
11.466000
11.466000
11.465900
11.465900
11.465900
11.465900
11.465900
11.465900
11.465900
11.465800
11.465800
11.465800
11.465800
11.465800
11.465800
11.465800
11.465700
11.465700
11.465700
11.465700
11.465700
11.465700
11.465700
11.465600
11.465600
11.465600
11.465600
11.465600
11.465600
11.465600
11.465500
11.465500
11.465500
11.465500
11.465500
11.465500
11.465500
11.465400
11.465400
11.465400
11.465400
11.465400
11.465400
11.465400
11.465400
11.465300
11.465300
11.465300
11.465300
11.465300
11.465300
11.465300
11.465200
11.465200
11.465200
11.465200
11.465200
11.465200
11.465200
11.465100
11.465100
11.465100
11.465100
11.465100
11.465100
11.465100
11.465000
11.465000
11.465000
11.465000
11.465000
11.465000
11.465000
11.464900
11.464900
11.464900
11.464900
11.464900
11.464900
11.464900
11.464800
11.464800
11.464800
11.464800
11.464800
11.464800
11.464800
11.464700
11.464700
11.464700
11.464700
11.464700
11.464700
11.464600
11.464600
11.464600
11.464600
11.464600
11.464600
11.464600
11.464500
11.464500
11.464500
11.464500
11.464500
11.464500
11.464500
11.464400
11.464400
11.464400
11.464400
11.464400
11.464400
11.464400
11.464300
11.464300
11.464300
11.464300
11.464300
11.464300
11.464300
11.464200
11.464200
11.464200
11.464200
11.464200
11.464200
11.464200
11.464100
11.464100
11.464100
11.464100
11.464100
11.464100
11.464100
11.464000
11.464000
11.464000
11.464000
11.464000
11.464000
11.464000
11.463900
11.463900
11.463900
11.463900
11.463900
11.463900
11.463900
11.463800
11.463800
11.463800
11.463800
11.463800
11.463800
11.463700
11.463700
11.463700
11.463700
11.463700
11.463700
11.463700
11.463600
11.463600
11.463600
11.463600
11.463600
11.463600
11.463600
11.463500
11.463500
11.463500
11.463500
11.463500
11.463500
11.463500
11.463400
11.463400
11.463400
11.463400
11.463400
11.463400
11.463400
11.463300
11.463300
11.463300
11.463300
11.463300
11.463300
11.463300
11.463200
11.463200
11.463200
11.463200
11.463200
11.463200
11.463100
11.463100
11.463100
11.463100
11.463100
11.463100
11.463100
11.463000
11.463000
11.463000
11.463000
11.463000
11.463000
11.463000
11.462900
11.462900
11.462900
11.462900
11.462900
11.462900
11.462900
11.462800
11.462800
11.462800
11.462800
11.462800
11.462800
11.462700
11.462700
11.462700
11.462700
11.462700
11.462700
11.462700
11.462600
11.462600
11.462600
11.462600
11.462600
11.462600
11.462600
11.462500
11.462500
11.462500
11.462500
11.462500
11.462500
11.462500
11.462400
11.462400
11.462400
11.462400
11.462400
11.462400
11.462400
11.462300
11.462300
11.462300
11.462300
11.462300
11.462300
11.462200
11.462200
11.462200
11.462200
11.462200
11.462200
11.462200
11.462100
11.462100
11.462100
11.462100
11.462100
11.462100
11.462100
11.462000
11.462000
11.462000
11.462000
11.462000
11.462000
11.462000
11.461900
11.461900
11.461900
11.461900
11.461900
11.461900
11.461800
11.461800
11.461800
11.461800
11.461800
11.461800
11.461800
11.461700
11.461700
11.461700
11.461700
11.461700
11.461600
11.461600
11.461700
11.464400
11.464900
11.464800
11.464700
11.464600
11.464500
11.464400
11.464300
11.464200
11.464100
11.464100
11.464000
11.463900
11.463800
11.463700
11.463700
11.463600
11.463500
11.463400
11.463400
11.463300
11.463300
11.463200
11.463200
11.463100
11.463100
11.463000
11.463000
11.463000
11.462900
11.462900
11.462900
11.462900
11.462800
11.462800
11.462800
11.462800
11.462800
11.462800
11.462800
11.462800
11.462800
11.462900
11.462900
11.462900
11.462900
11.462900
11.463000
11.463000
11.463000
11.463100
11.463100
11.463100
11.463200
11.463200
11.463300
11.463300
11.463300
11.463400
11.463400
11.463500
11.463500
11.463600
11.463600
11.463700
11.463800
11.463800
11.463900
11.463900
11.464000
11.464000
11.464100
11.464200
11.464200
11.464300
11.464300
11.464400
11.464500
11.464500
11.464600
11.464600
11.464700
11.464800
11.464800
11.464900
11.465000
11.465000
11.465100
11.465100
11.465200
11.465300
11.465300
11.465400
11.465400
11.465500
11.465600
11.465600
11.465700
11.465700
11.465800
11.465900
11.465900
11.466000
11.466000
11.466100
11.466200
11.466200
11.466300
11.466300
11.466400
11.466400
11.466500
11.466500
11.466600
11.466600
11.466700
11.466700
11.466800
11.466800
11.466900
11.466900
11.467000
11.467000
11.467100
11.467100
11.467200
11.467200
11.467300
11.467300
11.467400
11.467400
11.467400
11.467500
11.467500
11.467600
11.467600
11.467700
11.467700
11.467700
11.467800
11.467800
11.467800
11.467900
11.467900
11.468000
11.468000
11.468000
11.468100
11.468100
11.468100
11.468200
11.468200
11.468200
11.468300
11.468300
11.468300
11.468400
11.468400
11.468400
11.468500
11.468500
11.468500
11.468600
11.468600
11.468600
11.468600
11.468700
11.468700
11.468700
11.468800
11.468800
11.468800
11.468800
11.468900
11.468900
11.468900
11.468900
11.469000
11.469000
11.469000
11.469000
11.469100
11.469100
11.469100
11.469100
11.469100
11.469200
11.469200
11.469200
11.469200
11.469200
11.469300
11.469300
11.469300
11.469300
11.469300
11.469400
11.469400
11.469400
11.469400
11.469400
11.469400
11.469500
11.469500
11.469500
11.469500
11.469500
11.469500
11.469500
11.469600
11.469600
11.469600
11.469600
11.469600
11.469600
11.469600
11.469700
11.469700
11.469700
11.469700
11.469700
11.469700
11.469700
11.469700
11.469700
11.469800
11.469800
11.469800
11.469800
11.469800
11.469800
11.469800
11.469800
11.469800
11.469800
11.469900
11.469900
11.469900
11.469900
11.469900
11.469900
11.469900
11.469900
11.469900
11.469900
11.469900
11.469900
11.469900
11.469900
11.470000
11.470000
11.470000
11.470000
11.470000
11.470000
11.470000
11.470000
11.470000
11.470000
11.470000
11.470000
11.470000
11.470000
11.470000
11.470000
11.470000
11.470000
11.470000
11.470000
11.470000
11.470000
11.470000
11.470000
11.470100
11.470100
11.470100
11.470100
11.470100
11.470100
11.470100
11.470100
11.470100
11.470100
11.470100
11.470100
11.470100
11.470100
11.470100
11.470100
11.470100
11.470100
11.470100
11.470100
11.470100
11.470100
11.470100
11.470100
11.470100
11.470100
11.470100
11.470100
11.470100
11.470100
11.470100
11.470100
11.470100
11.470100
11.470100
11.470100
11.470100
11.470100
11.470100
11.470000
11.470000
11.470000
11.470000
11.470000
11.470000
11.470000
11.470000
11.470000
11.470000
11.470000
11.470000
11.470000
11.470000
11.470000
11.470000
11.470000
11.470000
11.470000
11.470000
11.470000
11.470000
11.470000
11.470000
11.470000
11.470000
11.470000
11.470000
11.470000
11.469900
11.469900
11.469900
11.469900
11.469900
11.469900
11.469900
11.469900
11.469900
11.469900
11.469900
11.469900
11.469900
11.469900
11.469900
11.469900
11.469900
11.469900
11.469900
11.469800
11.469800
11.469800
11.469800
11.469800
11.469800
11.469800
11.469800
11.469800
11.469800
11.469800
11.469800
11.469800
11.469800
11.469800
11.469800
11.469700
11.469700
11.469700
11.469700
11.469700
11.469700
11.469700
11.469700
11.469700
11.469700
11.469700
11.469700
11.469700
11.469700
11.469600
11.469600
11.469600
11.469600
11.469600
11.469600
11.469600
11.469600
11.469600
11.469600
11.469600
11.469600
11.469500
11.469500
11.469500
11.469500
11.469500
11.469500
11.469500
11.469500
11.469500
11.469500
11.469500
11.469500
11.469400
11.469400
11.469400
11.469400
11.469400
11.469400
11.469400
11.469400
11.469400
11.469400
11.469400
11.469300
11.469300
11.469300
11.469300
11.469300
11.469300
11.469300
11.469300
11.469300
11.469300
11.469300
11.469200
11.469200
11.469200
11.469200
11.469200
11.469200
11.469200
11.469200
11.469200
11.469200
11.469100
11.469100
11.469100
11.469100
11.469100
11.469100
11.469100
11.469100
11.469100
11.469100
11.469000
11.469000
11.469000
11.469000
11.469000
11.469000
11.469000
11.469000
11.469000
11.469000
11.468900
11.468900
11.468900
11.468900
11.468900
11.468900
11.468900
11.468900
11.468900
11.468800
11.468800
11.468800
11.468800
11.468800
11.468800
11.468800
11.468800
11.468800
11.468700
11.468700
11.468700
11.468700
11.468700
11.468700
11.468700
11.468700
11.468700
11.468600
11.468600
11.468600
11.468600
11.468600
11.468600
11.468600
11.468600
11.468600
11.468500
11.468500
11.468500
11.468500
11.468500
11.468500
11.468500
11.468500
11.468500
11.468400
11.468400
11.468400
11.468400
11.468400
11.468400
11.468400
11.468400
11.468400
11.468300
11.468300
11.468300
11.468300
11.468300
11.468300
11.468300
11.468300
11.468200
11.468200
11.468200
11.468200
11.468200
11.468200
11.468200
11.468200
11.468100
11.468100
11.468100
11.468100
11.468100
11.468100
11.468100
11.468100
11.468100
11.468000
11.468000
11.468000
11.468000
11.468000
11.468000
11.468000
11.468000
11.467900
11.467900
11.467900
11.467900
11.467900
11.467900
11.467900
11.467900
11.467800
11.467800
11.467800
11.467800
11.467800
11.467800
11.467800
11.467800
11.467700
11.467700
11.467700
11.467700
11.467700
11.467700
11.467700
11.467700
11.467600
11.467600
11.467600
11.467600
11.467600
11.467600
11.467600
11.467500
11.467500
11.467500
11.467500
11.467500
11.467500
11.467500
11.467500
11.467400
11.467400
11.467400
11.467400
11.467400
11.467400
11.467400
11.467400
11.467300
11.467300
11.467300
11.467300
11.467300
11.467300
11.467300
11.467200
11.467200
11.467200
11.467200
11.467200
11.467200
11.467200
11.467200
11.467100
11.467100
11.467100
11.467100
11.467100
11.467100
11.467100
11.467100
11.467000
11.467000
11.467000
11.467000
11.467000
11.467000
11.467000
11.466900
11.466900
11.466900
11.466900
11.466900
11.466900
11.466900
11.466900
11.466800
11.466800
11.466800
11.466800
11.466800
11.466800
11.466800
11.466700
11.466700
11.466700
11.466700
11.466700
11.466700
11.466700
11.466600
11.466600
11.466600
11.466600
11.466600
11.466600
11.466600
11.466600
11.466500
11.466500
11.466500
11.466500
11.466500
11.466500
11.466500
11.466400
11.466400
11.466400
11.466400
11.466400
11.466400
11.466400
11.466300
11.466300
11.466300
11.466300
11.466300
11.466300
11.466300
11.466300
11.466200
11.466200
11.466200
11.466200
11.466200
11.466200
11.466200
11.466100
11.466100
11.466100
11.466100
11.466100
11.466100
11.466100
11.466000
11.466000
11.466000
11.466000
11.466000
11.466000
11.466000
11.465900
11.465900
11.465900
11.465900
11.465900
11.465900
11.465900
11.465800
11.465800
11.465800
11.465800
11.465800
11.465800
11.465800
11.465700
11.465700
11.465700
11.465700
11.465700
11.465700
11.465700
11.465700
11.465600
11.465600
11.465600
11.465600
11.465600
11.465600
11.465600
11.465500
11.465500
11.465500
11.465500
11.465500
11.465500
11.465500
11.465400
11.465400
11.465400
11.465400
11.465400
11.465400
11.465400
11.465300
11.465300
11.465300
11.465300
11.465300
11.465300
11.465300
11.465200
11.465200
11.465200
11.465200
11.465200
11.465200
11.465200
11.465100
11.465100
11.465100
11.465100
11.465100
11.465100
11.465100
11.465000
11.465000
11.465000
11.465000
11.465000
11.465000
11.465000
11.464900
11.464900
11.464900
11.464900
11.464900
11.464900
11.464900
11.464800
11.464800
11.464800
11.464800
11.464800
11.464800
11.464800
11.464700
11.464700
11.464700
11.464700
11.464700
11.464700
11.464700
11.464600
11.464600
11.464600
11.464600
11.464600
11.464600
11.464600
11.464500
11.464500
11.464500
11.464500
11.464500
11.464500
11.464500
11.464400
11.464400
11.464400
11.464400
11.464400
11.464400
11.464300
11.464300
11.464300
11.464300
11.464300
11.464300
11.464300
11.464200
11.464200
11.464200
11.464200
11.464200
11.464200
11.464200
11.464100
11.464100
11.464100
11.464100
11.464100
11.464100
11.464100
11.464000
11.464000
11.464000
11.464000
11.464000
11.464000
11.464000
11.463900
11.463900
11.463900
11.463900
11.463900
11.463900
11.463900
11.463800
11.463800
11.463800
11.463800
11.463800
11.463800
11.463800
11.463700
11.463700
11.463700
11.463700
11.463700
11.463700
11.463600
11.463600
11.463600
11.463600
11.463600
11.463600
11.463600
11.463500
11.463500
11.463500
11.463500
11.463500
11.463500
11.463500
11.463400
11.463400
11.463400
11.463400
11.463400
11.463400
11.463400
11.463300
11.463300
11.463300
11.463300
11.463300
11.463300
11.463300
11.463200
11.463200
11.463200
11.463200
11.463200
11.463200
11.463200
11.463100
11.463100
11.463100
11.463100
11.463100
11.463100
11.463000
11.463000
11.463000
11.463000
11.463000
11.463000
11.463000
11.462900
11.462900
11.462900
11.462900
11.462900
11.462900
11.462900
11.462800
11.462800
11.462800
11.462800
11.462800
11.462800
11.462800
11.462700
11.462700
11.462700
11.462700
11.462700
11.462700
11.462600
11.462600
11.462600
11.462600
11.462600
11.462600
11.462600
11.462500
11.462500
11.462500
11.462500
11.462500
11.462500
11.462500
11.462400
11.462400
11.462400
11.462400
11.462400
11.462400
11.462400
11.462300
11.462300
11.462300
11.462300
11.462300
11.462300
11.462300
11.462200
11.462200
11.462200
11.462200
11.462200
11.462200
11.462100
11.462100
11.462100
11.462100
11.462100
11.462100
11.462100
11.462000
11.462000
11.462000
11.462000
11.462000
11.462000
11.462000
11.461900
11.461900
11.461900
11.461900
11.461900
11.461900
11.461800
11.461800
11.461800
11.461800
11.461800
11.461800
11.461800
11.461700
11.461700
11.461700
