1.084560
1.082720
1.080880
1.079050
1.077230
1.075420
1.073680
1.073000
1.074210
1.077280
1.082060
1.088470
1.096780
1.107820
1.123000
1.144230
1.173870
1.214550
1.269050
1.340050
1.430020
1.541010
1.674510
1.831390
2.011740
2.214940
2.439610
2.683800
2.945090
3.220810
3.508260
3.804830
4.108220
4.416380
4.727640
5.040610
5.354170
5.667380
5.979510
6.289840
6.597850
6.902970
7.204790
7.502880
7.796930
8.086660
8.371870
8.652390
8.928100
9.199050
9.465010
9.726100
9.982320
10.233600
10.480000
10.721600
10.958300
11.190300
11.417600
11.640100
11.857900
12.071200
12.279900
12.484000
12.683600
12.878700
13.069400
13.255800
13.437700
13.615400
13.788700
13.957900
14.122900
14.283600
14.440300
14.592900
14.741400
14.886000
15.026600
15.163200
15.296100
15.425100
15.550200
15.671600
15.789300
15.903300
16.013700
16.120400
16.223700
16.323300
16.419600
16.512400
16.601700
16.687700
16.770300
16.849700
16.925900
16.998900
17.068700
17.135400
17.199000
17.259500
17.317100
17.371700
17.423400
17.472200
17.518200
17.561300
17.601700
17.639300
17.674300
17.706600
17.736200
17.763300
17.787900
17.809900
17.829500
17.846700
17.861400
17.873800
17.883900
17.891700
17.897300
17.900600
17.901700
17.900800
17.897700
17.892500
17.885400
17.876200
17.865000
17.851900
17.836900
17.820200
17.801400
17.781000
17.758700
17.734800
17.709200
17.681800
17.652900
17.622300
17.590200
17.556500
17.521300
17.484700
17.446600
17.407100
17.366200
17.324000
17.280400
17.235500
17.189400
17.142000
17.093400
17.043700
16.992800
16.940800
16.887600
16.833500
16.778200
16.722000
16.664700
16.606600
16.547400
16.487400
16.426500
16.364700
16.302100
16.238600
16.174400
16.109400
16.043700
15.977300
15.910200
15.842400
15.774000
15.705000
15.635300
15.565100
15.494400
15.423000
15.351200
15.278900
15.206100
15.132900
15.059300
14.985200
14.910800
14.836000
14.760800
14.685300
14.609500
14.533400
14.457000
14.380400
14.303600
14.226500
14.149200
14.071700
13.994100
13.916300
13.838400
13.760400
13.682300
13.604100
13.525800
13.447500
13.369100
13.290700
13.212300
13.133900
13.055500
12.977200
12.898900
12.820700
12.742600
12.664600
12.586600
12.508900
12.431200
12.353700
12.276300
12.199100
12.122000
12.045300
11.968600
11.892200
11.816100
11.740200
11.664500
11.589100
11.514000
11.439100
11.364500
11.290300
11.216300
11.142700
11.069400
10.996400
10.923800
10.851600
10.779700
10.708100
10.637000
10.566200
10.495800
10.425900
10.356300
10.287100
10.218400
10.150000
10.082200
10.014700
9.947730
9.881130
9.815020
9.749380
9.684170
9.619380
9.555130
9.491300
9.427950
9.365090
9.302640
9.240740
9.179320
9.118320
9.057860
8.997880
8.938380
8.879370
8.820830
8.762780
8.705210
8.648180
8.591630
8.535500
8.479910
8.424810
8.370180
8.316100
8.262440
8.209260
8.156560
8.104400
8.052670
8.001410
7.950700
7.900400
7.850530
7.801200
7.752350
7.703930
7.655980
7.608450
7.561410
7.514790
7.468710
7.422980
7.377750
7.332930
7.288530
7.244610
7.201120
7.157990
7.115330
7.073100
7.031290
6.989900
6.948870
6.908270
6.868080
6.828260
6.788850
6.749870
6.711190
6.672930
6.635090
6.597550
6.560430
6.523670
6.487280
6.451240
6.415570
6.380190
6.345180
6.310590
6.276240
6.242250
6.208620
6.175290
6.142330
6.109660
6.077290
6.045230
6.013520
5.982090
5.950960
5.920140
5.889610
5.859360
5.829410
5.799740
5.770350
5.741240
5.712400
5.683840
5.655540
5.627510
5.599730
5.572210
5.544950
5.517940
5.491180
5.464670
5.438390
5.412360
5.386560
5.361000
5.335660
5.310550
5.285670
5.261010
5.236580
5.212350
5.188340
5.164540
5.140950
5.117570
5.094390
5.071410
5.048630
5.026050
5.003660
4.981460
4.959450
4.937630
4.915990
4.894530
4.873250
4.852160
4.831230
4.810480
4.789900
4.769490
4.749250
4.729170
4.709260
4.689510
4.669920
4.650480
4.631200
4.612070
4.593090
4.574270
4.555590
4.537060
4.518680
4.500440
4.482340
4.464370
4.446550
4.428860
4.411310
4.393890
4.376600
4.359440
4.342420
4.325510
4.308740
4.292090
4.275560
4.259150
4.242870
4.226700
4.210650
4.194720
4.178900
4.163190
4.147600
4.132120
4.116750
4.101480
4.086320
4.071270
4.056330
4.041490
4.026750
4.012110
3.997580
3.983140
3.968800
3.954560
3.940410
3.926370
3.912410
3.898550
3.884780
3.871110
3.857520
3.844020
3.830610
3.817290
3.804050
3.790900
3.777840
3.764860
3.751960
3.739140
3.726410
3.713750
3.701180
3.688690
3.676280
3.663940
3.651670
3.639490
3.627380
3.615340
3.603380
3.591490
3.579670
3.567920
3.556250
3.544640
3.533110
3.521640
3.510240
3.498920
3.487650
3.476450
3.465320
3.454250
3.443250
3.432310
3.421440
3.410620
3.399870
3.389180
3.378550
3.367990
3.357480
3.347030
3.336640
3.326300
3.316030
3.305810
3.295650
3.285540
3.275490
3.265500
3.255560
3.245670
3.235840
3.226060
3.216330
3.206660
3.197040
3.187470
3.177940
3.168480
3.159050
3.149690
3.140360
3.131090
3.121870
3.112700
3.103560
3.094490
3.085450
3.076460
3.067520
3.058620
3.049770
3.040960
3.032200
3.023480
3.014810
3.006180
2.997590
2.989050
2.980540
2.972080
2.963660
2.955290
2.946950
2.938650
2.930390
2.922180
2.914000
2.905860
2.897770
2.889710
2.881690
2.873700
2.865760
2.857850
2.849980
2.842150
2.834350
2.826590
2.818880
2.811190
2.803530
2.795920
2.788340
2.780790
2.773280
2.765800
2.758360
2.750950
2.743570
2.736230
2.728920
2.721650
2.714400
2.707190
2.700010
2.692860
2.685740
2.678660
2.671610
2.664590
2.657600
2.650640
2.643710
2.636810
2.629930
2.623090
2.616280
2.609500
2.602750
2.596020
2.589330
2.582660
2.576030
2.569420
2.562830
2.556280
2.549750
2.543250
2.536780
2.530330
2.523920
2.517520
2.511160
2.504820
2.498510
2.492220
2.485960
2.479720
2.473510
2.467330
2.461170
2.455030
2.448920
2.442840
2.436770
2.430740
2.424720
2.418740
2.412770
2.406830
2.400910
2.395020
2.389140
2.383300
2.377470
2.371670
2.365890
2.360140
2.354400
2.348690
2.343000
2.337330
2.331680
2.326060
2.320450
2.314870
2.309310
2.303770
2.298260
2.292760
2.287280
2.281830
2.276390
2.270970
2.265580
2.260210
2.254850
2.249520
2.244200
2.238910
2.233630
2.228380
2.223140
2.217930
2.212730
2.207550
2.202390
2.197250
2.192130
2.187020
2.181940
2.176870
2.171830
2.166800
2.161780
2.156790
2.151810
2.146850
2.141920
2.136990
2.132090
2.127190
2.122330
2.117470
2.112640
2.107820
2.103010
2.098230
2.093460
2.088700
2.083970
2.079250
2.074550
2.069860
2.065190
2.060540
2.055900
2.051270
2.046670
2.042080
2.037500
2.032940
2.028400
2.023870
2.019360
2.014860
2.010380
2.005910
2.001460
1.997020
1.992600
1.988190
1.983800
1.979420
1.975060
1.970710
1.966380
1.962060
1.957750
1.953460
1.949180
1.944920
1.940670
1.936430
1.932210
1.928000
1.923810
1.919630
1.915470
1.911310
1.907170
1.903040
1.898930
1.894830
1.890750
1.886670
1.882610
1.878560
1.874530
1.870510
1.866500
1.862510
1.858530
1.854560
1.850600
1.846650
1.842720
1.838800
1.834890
1.831000
1.827110
1.823240
1.819380
1.815540
1.811700
1.807880
1.804060
1.800270
1.796480
1.792700
1.788940
1.785190
1.781440
1.777710
1.774000
1.770290
1.766600
1.762920
1.759240
1.755580
1.751930
1.748290
1.744660
1.741050
1.737440
1.733850
1.730260
1.726690
1.723130
1.719570
1.716030
1.712500
1.708980
1.705470
1.701970
1.698490
1.695010
1.691540
1.688080
1.684640
1.681200
1.677770
1.674360
1.670950
1.667550
1.664160
1.660790
1.657420
1.654060
1.650720
1.647380
1.644050
1.640740
1.637430
1.634130
1.630840
1.627560
1.624300
1.621040
1.617780
1.614550
1.611310
1.608090
1.604870
1.601670
1.598480
1.595290
1.592110
1.588950
1.585790
1.582640
1.579500
1.576370
1.573250
1.570130
1.567030
1.563930
1.560840
1.557760
1.554690
1.551630
1.548580
1.545540
1.542500
1.539470
1.536450
1.533450
1.530440
1.527450
1.524460
1.521490
1.518520
1.515560
1.512610
1.509670
1.506730
1.503810
1.500880
1.497980
1.495070
1.492180
1.489290
1.486410
1.483540
1.480670
1.477820
1.474970
1.472130
1.469300
1.466480
1.463660
1.460850
1.458050
1.455260
1.452470
1.449690
1.446920
1.444160
1.441400
1.438650
1.435910
1.433180
1.430450
1.427730
1.425020
1.422310
1.419620
1.416930
1.414250
1.411570
1.408910
1.406240
1.403580
1.400930
1.398290
1.395660
1.393030
1.390420
1.387810
1.385200
1.382600
1.380010
1.377430
1.374850
1.372280
1.369720
1.367160
1.364610
1.362060
1.359520
1.356990
1.354470
1.351950
1.349440
1.346940
1.344440
1.341950
1.339470
1.336990
1.334520
1.332050
1.329600
1.327140
1.324690
1.322260
1.319820
1.317400
1.314980
1.312560
1.310150
1.307750
1.305350
1.302960
1.300580
1.298210
1.295840
1.293470
1.291110
1.288750
1.286410
1.284070
1.281730
1.279410
1.277080
1.274770
1.272450
1.270150
1.267850
1.265560
1.263270
1.260990
1.258710
1.256440
1.254180
1.251910
1.249660
1.247410
1.245180
1.242940
1.240710
1.238480
1.236260
1.234050
1.231840
1.229640
1.227440
1.225250
1.223060
1.220880
1.218710
1.216540
1.214370
1.212220
1.210060
1.207910
1.205770
1.203640
1.201500
1.199380
1.197250
1.195140
1.193020
1.190920
1.188820
1.186730
1.184630
1.182550
1.180470
1.178390
1.176320
1.174260
1.172200
1.170150
1.168100
1.166060
1.164020
1.161980
1.159960
1.157930
1.155910
1.153900
1.151890
1.149890
1.147880
1.145890
1.143900
1.141910
1.139930
1.137960
1.135990
1.134020
1.132060
1.130100
1.128160
1.126210
1.124270
1.122330
1.120400
1.118470
1.116550
1.114630
1.112710
1.110810
1.108900
1.107000
1.105110
1.103210
1.101330
1.099450
1.097570
1.095700
1.093830
1.091960
1.090110
1.088250
1.086410
1.084560
1.082720
1.080880
1.079050
1.077230
1.075420
1.073680
1.073000
1.074210
1.077280
1.082060
1.088460
1.096780
1.107820
1.122990
1.144220
1.173850
1.214540
1.269030
1.340030
1.429990
1.540970
1.674470
1.831340
2.011690
2.214880
2.439550
2.683730
2.945020
3.220740
3.508180
3.804760
4.108130
4.416290
4.727560
5.040530
5.354080
5.667290
5.979410
6.289780
6.597730
6.902910
7.204670
7.502760
7.796810
8.086540
8.371750
8.652270
8.928040
9.198930
9.464950
9.726040
9.982200
10.233500
10.480000
10.721500
10.958300
11.190200
11.417500
11.640000
11.857900
12.071100
12.279800
12.483900
12.683500
12.878700
13.069400
13.255700
13.437700
13.615300
13.788700
13.957800
14.122700
14.283500
14.440200
14.592800
14.741400
14.885900
15.026500
15.163200
15.296000
15.424900
15.550100
15.671500
15.789200
15.903300
16.013600
16.120400
16.223600
16.323300
16.419500
16.512300
16.601600
16.687600
16.770300
16.849700
16.925800
16.998800
17.068600
17.135300
17.198900
17.259500
17.317000
17.371600
17.423400
17.472100
17.518100
17.561200
17.601600
17.639300
17.674200
17.706500
17.736200
17.763200
17.787800
17.809900
17.829400
17.846600
17.861400
17.873800
17.883800
17.891600
17.897200
17.900500
17.901700
17.900700
17.897600
17.892500
17.885300
17.876100
17.865000
17.851900
17.836900
17.820000
17.801400
17.780900
17.758700
17.734700
17.709000
17.681700
17.652800
17.622200
17.590100
17.556400
17.521200
17.484600
17.446500
17.407000
17.366100
17.323800
17.280300
17.235500
17.189300
17.141900
17.093400
17.043600
16.992700
16.940700
16.887600
16.833400
16.778100
16.721900
16.664700
16.606500
16.547400
16.487300
16.426400
16.364600
16.302000
16.238600
16.174300
16.109400
16.043700
15.977300
15.910100
15.842400
15.773900
15.704900
15.635300
15.565000
15.494300
15.423000
15.351200
15.278900
15.206100
15.132900
15.059200
14.985100
14.910700
14.835900
14.760700
14.685200
14.609400
14.533300
14.457000
14.380300
14.303500
14.226400
14.149200
14.071700
13.994100
13.916300
13.838400
13.760300
13.682200
13.604000
13.525700
13.447300
13.369000
13.290600
13.212200
13.133900
13.055500
12.977100
12.898900
12.820700
12.742500
12.664500
12.586600
12.508800
12.431100
12.353600
12.276200
12.199000
12.122000
12.045200
11.968600
11.892200
11.816000
11.740100
11.664400
11.589000
11.513900
11.439000
11.364500
11.290200
11.216200
11.142600
11.069300
10.996400
10.923700
10.851500
10.779600
10.708100
10.636900
10.566200
10.495800
10.425800
10.356200
10.287100
10.218300
10.150000
10.082100
10.014700
9.947670
9.881070
9.814960
9.749320
9.684110
9.619380
9.555070
9.491240
9.427890
9.365030
9.302640
9.240680
9.179260
9.118320
9.057800
8.997820
8.938320
8.879310
8.820770
8.762720
8.705210
8.648120
8.591570
8.535500
8.479910
8.424810
8.370180
8.316040
8.262380
8.209200
8.156560
8.104340
8.052610
8.001410
7.950640
7.900340
7.850530
7.801140
7.752290
7.703870
7.655920
7.608390
7.561350
7.514790
7.468650
7.422920
7.377690
7.332870
7.288530
7.244550
7.201060
7.157990
7.115330
7.073100
7.031230
6.989840
6.948810
6.908270
6.868020
6.828260
6.788850
6.749810
6.711190
6.672930
6.635030
6.597550
6.560430
6.523670
6.487280
6.451180
6.415510
6.380190
6.345180
6.310530
6.276240
6.242250
6.208620
6.175290
6.142330
6.109600
6.077290
6.045230
6.013500
5.982070
5.950940
5.920120
5.889580
5.859340
5.829390
5.799720
5.770330
5.741220
5.712380
5.683810
5.655520
5.627480
5.599710
5.572200
5.544930
5.517930
5.491160
5.464650
5.438370
5.412340
5.386540
5.360980
5.335650
5.310540
5.285650
5.260990
5.236560
5.212330
5.188320
5.164530
5.140940
5.117550
5.094370
5.071400
5.048620
5.026030
5.003640
4.981440
4.959440
4.937610
4.915970
4.894510
4.873240
4.852140
4.831220
4.810470
4.789890
4.769480
4.749240
4.729160
4.709250
4.689490
4.669900
4.650470
4.631190
4.612060
4.593080
4.574260
4.555580
4.537050
4.518670
4.500430
4.482320
4.464360
4.446540
4.428850
4.411290
4.393880
4.376590
4.359430
4.342410
4.325500
4.308730
4.292080
4.275550
4.259150
4.242860
4.226690
4.210640
4.194710
4.178890
4.163180
4.147590
4.132110
4.116730
4.101470
4.086320
4.071270
4.056320
4.041480
4.026740
4.012110
3.997570
3.983130
3.968800
3.954550
3.940410
3.926360
3.912400
3.898540
3.884770
3.871100
3.857510
3.844010
3.830600
3.817280
3.804050
3.790900
3.777830
3.764850
3.751960
3.739140
3.726410
3.713750
3.701180
3.688690
3.676270
3.663930
3.651660
3.639480
3.627370
3.615330
3.603370
3.591480
3.579670
3.567920
3.556250
3.544640
3.533100
3.521640
3.510240
3.498910
3.487640
3.476450
3.465320
3.454250
3.443240
3.432310
3.421430
3.410610
3.399860
3.389170
3.378550
3.367980
3.357470
3.347020
3.336630
3.326300
3.316020
3.305810
3.295650
3.285540
3.275490
3.265490
3.255560
3.245670
3.235840
3.226050
3.216330
3.206650
3.197030
3.187460
3.177940
3.168470
3.159050
3.149680
3.140360
3.131090
3.121860
3.112690
3.103560
3.094480
3.085440
3.076460
3.067520
3.058620
3.049760
3.040960
3.032200
3.023480
3.014810
3.006170
2.997580
2.989040
2.980540
2.972080
2.963660
2.955280
2.946940
2.938650
2.930390
2.922170
2.914000
2.905860
2.897760
2.889710
2.881680
2.873700
2.865760
2.857850
2.849980
2.842140
2.834350
2.826590
2.818870
2.811180
2.803530
2.795910
2.788330
2.780790
2.773280
2.765800
2.758360
2.750940
2.743570
2.736230
2.728920
2.721640
2.714400
2.707180
2.700010
2.692860
2.685740
2.678660
2.671610
2.664580
2.657590
2.650630
2.643700
2.636800
2.629930
2.623090
2.616280
2.609500
2.602740
2.596020
2.589330
2.582660
2.576020
2.569410
2.562830
2.556270
2.549750
2.543250
2.536770
2.530330
2.523910
2.517520
2.511150
2.504820
2.498500
2.492210
2.485950
2.479720
2.473500
2.467320
2.461160
2.455030
2.448920
2.442830
2.436770
2.430730
2.424720
2.418730
2.412770
2.406820
2.400910
2.395020
2.389140
2.383300
2.377470
2.371670
2.365890
2.360130
2.354400
2.348690
2.343000
2.337320
2.331680
2.326060
2.320450
2.314870
2.309310
2.303770
2.298250
2.292760
2.287280
2.281820
2.276390
2.270970
2.265580
2.260210
2.254850
2.249520
2.244200
2.238910
2.233630
2.228380
2.223140
2.217930
2.212730
2.207550
2.202390
2.197250
2.192120
2.187020
2.181940
2.176870
2.171820
2.166790
2.161780
2.156790
2.151810
2.146850
2.141910
2.136990
2.132080
2.127190
2.122320
2.117470
2.112630
2.107810
2.103010
2.098220
2.093460
2.088700
2.083970
2.079250
2.074540
2.069860
2.065190
2.060530
2.055890
2.051270
2.046670
2.042080
2.037500
2.032940
2.028400
2.023870
2.019360
2.014860
2.010380
2.005910
2.001460
1.997020
1.992600
1.988190
1.983800
1.979420
1.975060
1.970710
1.966370
1.962050
1.957750
1.953460
1.949180
1.944910
1.940670
1.936430
1.932210
1.928000
1.923810
1.919630
1.915460
1.911310
1.907170
1.903040
1.898930
1.894830
1.890750
1.886670
1.882610
1.878560
1.874530
1.870510
1.866500
1.862500
1.858520
1.854550
1.850590
1.846650
1.842720
1.838790
1.834890
1.830990
1.827110
1.823240
1.819380
1.815530
1.811700
1.807870
1.804060
1.800260
1.796480
1.792700
1.788930
1.785190
1.781440
1.777710
1.774000
1.770290
1.766600
1.762910
1.759240
1.755580
1.751920
1.748290
1.744660
1.741040
1.737440
1.733840
1.730260
1.726690
1.723120
1.719570
1.716030
1.712500
1.708980
1.705470
1.701970
1.698490
1.695010
1.691540
1.688080
1.684630
1.681200
1.677770
1.674360
1.670940
1.667550
1.664160
1.660790
1.657420
1.654060
1.650720
1.647380
1.644050
1.640740
1.637430
1.634130
1.630840
1.627560
1.624290
1.621030
1.617780
1.614540
1.611310
1.608080
1.604870
1.601670
1.598470
1.595290
1.592110
1.588940
1.585780
1.582640
1.579500
1.576360
1.573240
1.570130
1.567030
1.563930
1.560840
1.557760
1.554690
1.551630
1.548580
1.545530
1.542500
1.539470
1.536450
1.533450
1.530440
1.527450
1.524460
1.521490
1.518520
1.515560
1.512610
1.509670
1.506730
1.503800
1.500880
1.497970
1.495070
1.492170
1.489290
1.486410
1.483540
1.480670
1.477820
1.474970
1.472130
1.469300
1.466480
1.463660
1.460850
1.458050
1.455250
1.452470
1.449690
1.446920
1.444160
1.441400
1.438650
1.435910
1.433180
1.430450
1.427730
1.425020
1.422310
1.419620
1.416930
1.414250
1.411570
1.408900
1.406240
1.403590
1.400940
1.398300
1.395670
1.393040
1.390420
1.387810
1.385210
1.382610
1.380020
1.377430
1.374860
1.372280
1.369710
1.367150
1.364600
1.362060
1.359520
1.356990
1.354470
1.351950
1.349440
1.346940
1.344440
1.341950
1.339460
1.336990
1.334520
1.332050
1.329590
1.327140
1.324690
1.322260
1.319820
1.317400
1.314970
1.312560
1.310150
1.307750
1.305350
1.302960
1.300580
1.298210
1.295840
1.293460
1.291110
1.288750
1.286410
1.284070
1.281730
1.279410
1.277080
1.274760
1.272450
1.270150
1.267850
1.265550
1.263270
1.260990
1.258710
1.256440
1.254180
1.251910
1.249660
1.247410
1.245170
1.242940
1.240710
1.238480
1.236260
1.234050
1.231840
1.229640
1.227440
1.225250
1.223060
1.220880
1.218710
1.216530
1.214370
1.212220
1.210060
1.207910
1.205770
1.203630
1.201500
1.199370
1.197250
1.195140
1.193020
1.190920
1.188820
1.186730
1.184630
1.182550
1.180470
1.178390
1.176320
1.174260
1.172200
1.170150
1.168100
1.166060
1.164020
1.161980
1.159950
1.157930
1.155910
1.153890
1.151880
1.149880
1.147880
1.145880
1.143900
1.141910
1.139930
1.137960
1.135990
1.134020
1.132060
1.130100
1.128160
1.126210
1.124260
1.122330
1.120400
1.118470
1.116550
1.114630
1.112710
1.110810
1.108900
1.107000
1.105100
1.103210
1.101330
1.099450
1.097570
1.095690
1.093830
1.091960
1.090110
1.088250
1.086400
1.084560
1.082710
1.080880
1.079050
1.077230
1.075420
1.073680
1.073000
1.074210
1.077280
1.082060
1.088470
1.096780
1.107820
1.122990
1.144210
1.173850
1.214530
1.269020
1.340020
1.429980
1.540960
1.674460
1.831330
2.011670
2.214860
2.439530
2.683720
2.945000
3.220710
3.508150
3.804720
4.108100
4.416260
4.727530
5.040490
5.354040
5.667260
5.979370
6.289710
6.597730
6.902850
7.204610
7.502700
7.796750
8.086480
8.371690
8.652210
8.927980
9.198870
9.464890
9.725980
9.982140
10.233400
10.479800
10.721400
10.958200
11.190200
11.417400
11.639900
11.857800
12.071000
12.279700
12.483800
12.683400
12.878500
13.069200
13.255600
13.437500
13.615200
13.788600
13.957700
14.122600
14.283400
14.440100
14.592700
14.741200
14.885800
15.026400
15.163100
15.295800
15.424800
15.550000
15.671400
15.789100
15.903100
16.013500
16.120300
16.223400
16.323200
16.419400
16.512100
16.601500
16.687500
16.770100
16.849600
16.925700
16.998600
17.068500
17.135100
17.198800
17.259300
17.316900
17.371500
17.423200
17.472000
17.517900
17.561100
17.601400
17.639100
17.674000
17.706300
17.736000
17.763100
17.787700
17.809700
17.829300
17.846400
17.861200
17.873600
17.883700
17.891400
17.897000
17.900300
17.901600
17.900500
17.897500
17.892300
17.885100
17.875900
17.864800
17.851700
17.836700
17.819900
17.801200
17.780800
17.758500
17.734600
17.708900
17.681600
17.652600
17.622100
17.589900
17.556200
17.521100
17.484400
17.446300
17.406800
17.366000
17.323700
17.280100
17.235300
17.189200
17.141700
17.093200
17.043400
16.992600
16.940500
16.887400
16.833200
16.778000
16.721700
16.664500
16.606300
16.547100
16.487100
16.426200
16.364400
16.301800
16.238300
16.174200
16.109200
16.043500
15.977100
15.909900
15.842200
15.773700
15.704700
15.635100
15.564900
15.494100
15.422800
15.350900
15.278600
15.205900
15.132700
15.059000
14.984900
14.910500
14.835700
14.760500
14.685000
14.609200
14.533100
14.456800
14.380200
14.303300
14.226200
14.149000
14.071500
13.993800
13.916100
13.838100
13.760100
13.682000
13.603800
13.525500
13.447200
13.368800
13.290400
13.212100
13.133700
13.055300
12.977000
12.898700
12.820500
12.742300
12.664300
12.586400
12.508600
12.431000
12.353400
12.276000
12.198900
12.121900
12.045000
11.968400
11.892000
11.815800
11.739900
11.664300
11.588900
11.513700
11.438900
11.364300
11.290000
11.216100
11.142500
11.069100
10.996200
10.923600
10.851300
10.779400
10.707900
10.636800
10.566000
10.495700
10.425600
10.356100
10.287000
10.218200
10.149900
10.082000
10.014600
9.947550
9.880950
9.814840
9.749200
9.683990
9.619200
9.554950
9.491120
9.427770
9.364910
9.302520
9.240560
9.179140
9.118200
9.057680
8.997700
8.938200
8.879190
8.820650
8.762660
8.705090
8.648000
8.591450
8.535380
8.479790
8.424690
8.370060
8.315920
8.262260
8.209140
8.156440
8.104280
8.052550
8.001290
7.950520
7.900220
7.850410
7.801080
7.752170
7.703810
7.655800
7.608330
7.561290
7.514670
7.468530
7.422860
7.377630
7.332810
7.288410
7.244490
7.201000
7.157930
7.115270
7.072980
7.031170
6.989780
6.948750
6.908150
6.867960
6.828140
6.788730
6.749750
6.711130
6.672870
6.634970
6.597490
6.560370
6.523610
6.487160
6.451120
6.415450
6.380130
6.345120
6.310470
6.276180
6.242190
6.208560
6.175230
6.142210
6.109540
6.077230
6.045170
6.013440
5.982010
5.950880
5.920060
5.889520
5.859290
5.829330
5.799660
5.770270
5.741160
5.712320
5.683760
5.655460
5.627430
5.599660
5.572140
5.544880
5.517870
5.491110
5.464600
5.438320
5.412290
5.386490
5.360930
5.335600
5.310490
5.285610
5.260950
5.236510
5.212290
5.188280
5.164480
5.140890
5.117510
5.094330
5.071360
5.048570
5.025990
5.003600
4.981410
4.959390
4.937570
4.915940
4.894480
4.873200
4.852100
4.831180
4.810430
4.789860
4.769440
4.749200
4.729130
4.709210
4.689460
4.669870
4.650430
4.631150
4.612030
4.593050
4.574220
4.555550
4.537020
4.518630
4.500390
4.482290
4.464330
4.446510
4.428820
4.411260
4.393850
4.376560
4.359400
4.342380
4.325470
4.308700
4.292050
4.275520
4.259120
4.242830
4.226660
4.210610
4.194680
4.178860
4.163160
4.147570
4.132080
4.116710
4.101450
4.086290
4.071240
4.056290
4.041450
4.026720
4.012080
3.997540
3.983110
3.968770
3.954530
3.940380
3.926340
3.912380
3.898520
3.884750
3.871070
3.857490
3.843990
3.830580
3.817260
3.804020
3.790870
3.777810
3.764820
3.751930
3.739110
3.726380
3.713720
3.701160
3.688660
3.676250
3.663910
3.651650
3.639460
3.627350
3.615310
3.603350
3.591460
3.579640
3.567900
3.556220
3.544620
3.533080
3.521610
3.510220
3.498890
3.487620
3.476430
3.465290
3.454230
3.443230
3.432280
3.421410
3.410600
3.399850
3.389160
3.378530
3.367960
3.357450
3.347000
3.336610
3.326280
3.316000
3.305790
3.295620
3.285520
3.275470
3.265480
3.255540
3.245650
3.235820
3.226040
3.216310
3.206630
3.197020
3.187440
3.177930
3.168450
3.159040
3.149660
3.140350
3.131070
3.121850
3.112670
3.103550
3.094460
3.085430
3.076440
3.067500
3.058600
3.049750
3.040950
3.032180
3.023460
3.014790
3.006160
2.997570
2.989020
2.980520
2.972060
2.963640
2.955260
2.946930
2.938630
2.930370
2.922160
2.913980
2.905850
2.897750
2.889690
2.881670
2.873690
2.865740
2.857830
2.849970
2.842130
2.834340
2.826580
2.818860
2.811170
2.803520
2.795900
2.788320
2.780770
2.773260
2.765790
2.758340
2.750930
2.743560
2.736210
2.728900
2.721630
2.714390
2.707170
2.700000
2.692840
2.685730
2.678650
2.671590
2.664570
2.657580
2.650620
2.643690
2.636790
2.629920
2.623080
2.616270
2.609490
2.602730
2.596010
2.589320
2.582640
2.576010
2.569400
2.562820
2.556260
2.549740
2.543230
2.536760
2.530320
2.523900
2.517510
2.511140
2.504800
2.498490
2.492200
2.485940
2.479710
2.473500
2.467310
2.461150
2.455020
2.448910
2.442820
2.436760
2.430720
2.424710
2.418720
2.412760
2.406810
2.400900
2.395000
2.389130
2.383280
2.377460
2.371660
2.365880
2.360120
2.354380
2.348670
2.342980
2.337320
2.331670
2.326040
2.320440
2.314860
2.309300
2.303760
2.298240
2.292750
2.287270
2.281810
2.276380
2.270960
2.265570
2.260190
2.254840
2.249510
2.244190
2.238900
2.233620
2.228370
2.223130
2.217910
2.212720
2.207540
2.202380
2.197240
2.192120
2.187010
2.181930
2.176860
2.171810
2.166780
2.161770
2.156770
2.151800
2.146840
2.141900
2.136980
2.132070
2.127180
2.122320
2.117460
2.112620
2.107810
2.103000
2.098220
2.093450
2.088690
2.083960
2.079240
2.074540
2.069850
2.065180
2.060530
2.055890
2.051270
2.046660
2.042070
2.037490
2.032930
2.028390
2.023860
2.019350
2.014850
2.010370
2.005900
2.001450
1.997010
1.992590
1.988190
1.983790
1.979410
1.975050
1.970700
1.966370
1.962050
1.957740
1.953450
1.949170
1.944910
1.940660
1.936430
1.932200
1.928000
1.923800
1.919620
1.915450
1.911300
1.907160
1.903040
1.898920
1.894830
1.890730
1.886660
1.882600
1.878560
1.874520
1.870500
1.866490
1.862500
1.858510
1.854540
1.850580
1.846640
1.842710
1.838790
1.834880
1.830980
1.827100
1.823230
1.819370
1.815520
1.811690
1.807870
1.804060
1.800260
1.796470
1.792690
1.788930
1.785170
1.781440
1.777710
1.773990
1.770280
1.766580
1.762900
1.759230
1.755570
1.751920
1.748280
1.744650
1.741040
1.737430
1.733830
1.730250
1.726680
1.723110
1.719560
1.716020
1.712490
1.708970
1.705460
1.701960
1.698480
1.695000
1.691530
1.688070
1.684620
1.681190
1.677760
1.674350
1.670940
1.667550
1.664160
1.660780
1.657410
1.654060
1.650710
1.647370
1.644050
1.640730
1.637420
1.634120
1.630840
1.627560
1.624290
1.621020
1.617780
1.614530
1.611300
1.608080
1.604870
1.601670
1.598470
1.595280
1.592110
1.588940
1.585780
1.582630
1.579490
1.576360
1.573230
1.570120
1.567020
1.563920
1.560840
1.557760
1.554690
1.551630
1.548570
1.545530
1.542490
1.539470
1.536450
1.533440
1.530440
1.527440
1.524460
1.521480
1.518510
1.515550
1.512600
1.509660
1.506720
1.503790
1.500880
1.497960
1.495060
1.492170
1.489280
1.486400
1.483530
1.480670
1.477810
1.474970
1.472130
1.469290
1.466470
1.463650
1.460850
1.458040
1.455250
1.452460
1.449690
1.446910
1.444150
1.441400
1.438650
1.435900
1.433170
1.430450
1.427730
1.425020
1.422310
1.419610
1.416920
1.414240
1.411560
1.408900
1.406230
1.403580
1.400930
1.398290
1.395660
1.393040
1.390420
1.387810
1.385200
1.382600
1.380010
1.377430
1.374850
1.372280
1.369720
1.367160
1.364610
1.362070
1.359530
1.356990
1.354470
1.351950
1.349440
1.346940
1.344450
1.341950
1.339460
1.336980
1.334510
1.332040
1.329590
1.327140
1.324690
1.322250
1.319810
1.317390
1.314970
1.312550
1.310150
1.307750
1.305350
1.302960
1.300580
1.298200
1.295830
1.293460
1.291110
1.288750
1.286400
1.284060
1.281730
1.279400
1.277080
1.274760
1.272450
1.270140
1.267840
1.265550
1.263260
1.260980
1.258710
1.256430
1.254170
1.251910
1.249660
1.247410
1.245170
1.242930
1.240700
1.238470
1.236250
1.234040
1.231830
1.229630
1.227440
1.225250
1.223060
1.220880
1.218700
1.216530
1.214370
1.212210
1.210060
1.207910
1.205770
1.203630
1.201490
1.199370
1.197250
1.195130
1.193020
1.190910
1.188810
1.186720
1.184630
1.182540
1.180460
1.178390
1.176320
1.174260
1.172200
1.170140
1.168090
1.166050
1.164010
1.161980
1.159950
1.157920
1.155910
1.153890
1.151880
1.149880
1.147880
1.145880
1.143890
1.141910
1.139930
1.137960
1.135980
1.134020
1.132050
1.130100
1.128150
1.126200
1.124260
1.122330
1.120390
1.118460
1.116540
1.114630
1.112710
1.110800
1.108900
1.107000
1.105100
1.103210
1.101330
1.099440
1.097570
1.095690
1.093820
1.091960
1.090110
1.088250
1.086400
1.084550
