0.094936
0.095026
0.095424
0.096379
0.098442
0.103517
0.411089
0.387139
0.379592
0.418683
0.490283
0.614145
0.780500
0.937775
1.063600
1.155550
1.218800
1.260360
1.287150
1.305070
1.318070
1.327920
1.334670
1.338020
1.338430
1.337070
1.335020
1.332910
1.330950
1.329150
1.327450
1.325770
1.324060
1.322280
1.320420
1.318450
1.316390
1.314210
1.311930
1.309540
1.307040
1.304450
1.301750
1.298970
1.296080
1.293120
1.290060
1.286930
1.283720
1.280430
1.277070
1.273640
1.270140
1.266570
1.262940
1.259250
1.255500
1.251700
1.247830
1.243920
1.239950
1.235920
1.231850
1.227730
1.223560
1.219350
1.215090
1.210790
1.206450
1.202060
1.197640
1.193180
1.188680
1.184150
1.179580
1.174980
1.170340
1.165670
1.160970
1.156240
1.151480
1.146700
1.141880
1.137040
1.132170
1.127280
1.122370
1.117430
1.112470
1.107480
1.102480
1.097460
1.092410
1.087350
1.082270
1.077180
1.072070
1.066940
1.061800
1.056640
1.051470
1.046290
1.041100
1.035890
1.030680
1.025450
1.020220
1.014980
1.009730
1.004470
0.999204
0.993935
0.988660
0.983381
0.978098
0.972812
0.967523
0.962232
0.956940
0.951647
0.946354
0.941061
0.935769
0.930479
0.925191
0.919906
0.914625
0.909347
0.904073
0.898805
0.893542
0.888286
0.883036
0.877793
0.872558
0.867331
0.862113
0.856905
0.851706
0.846517
0.841339
0.836173
0.831018
0.825876
0.820746
0.815629
0.810526
0.805437
0.800363
0.795304
0.790260
0.785232
0.780220
0.775225
0.770246
0.765286
0.760343
0.755418
0.750513
0.745626
0.740758
0.735910
0.731082
0.726275
0.721488
0.716723
0.711979
0.707256
0.702556
0.697877
0.693222
0.688589
0.683979
0.679393
0.674830
0.670292
0.665777
0.661287
0.656821
0.652380
0.647964
0.643574
0.639208
0.634869
0.630555
0.626267
0.622005
0.617770
0.613560
0.609377
0.605221
0.601092
0.596990
0.592914
0.588866
0.584844
0.580850
0.576884
0.572944
0.569032
0.565148
0.561291
0.557462
0.553660
0.549886
0.546140
0.542421
0.538730
0.535067
0.531431
0.527823
0.524243
0.520690
0.517165
0.513667
0.510197
0.506754
0.503338
0.499950
0.496589
0.493255
0.489949
0.486669
0.483416
0.480191
0.476991
0.473819
0.470673
0.467554
0.464461
0.461394
0.458353
0.455338
0.452349
0.449386
0.446448
0.443536
0.440649
0.437787
0.434951
0.432139
0.429352
0.426589
0.423851
0.421138
0.418448
0.415783
0.413141
0.410523
0.407928
0.405357
0.402809
0.400283
0.397781
0.395301
0.392844
0.390409
0.387996
0.385606
0.383237
0.380889
0.378563
0.376259
0.373975
0.371712
0.369471
0.367249
0.365048
0.362867
0.360707
0.358566
0.356445
0.354343
0.352261
0.350197
0.348153
0.346128
0.344121
0.342133
0.340163
0.338211
0.336277
0.334361
0.332462
0.330581
0.328717
0.326871
0.325041
0.323228
0.321431
0.319651
0.317888
0.316140
0.314408
0.312693
0.310992
0.309308
0.307638
0.305984
0.304345
0.302720
0.301111
0.299516
0.297935
0.296369
0.294816
0.293278
0.291753
0.290242
0.288745
0.287261
0.285791
0.284333
0.282888
0.281457
0.280038
0.278631
0.277237
0.275855
0.274486
0.273128
0.271783
0.270449
0.269127
0.267817
0.266517
0.265230
0.263953
0.262687
0.261433
0.260189
0.258956
0.257734
0.256522
0.255320
0.254129
0.252948
0.251777
0.250616
0.249465
0.248324
0.247192
0.246070
0.244957
0.243854
0.242759
0.241675
0.240599
0.239532
0.238474
0.237425
0.236384
0.235352
0.234329
0.233314
0.232307
0.231309
0.230319
0.229337
0.228363
0.227397
0.226439
0.225489
0.224547
0.223612
0.222684
0.221765
0.220852
0.219947
0.219050
0.218159
0.217276
0.216399
0.215530
0.214668
0.213812
0.212964
0.212122
0.211287
0.210458
0.209636
0.208821
0.208012
0.207209
0.206413
0.205623
0.204839
0.204062
0.203290
0.202525
0.201765
0.201012
0.200264
0.199523
0.198787
0.198056
0.197332
0.196613
0.195900
0.195192
0.194490
0.193793
0.193101
0.192415
0.191734
0.191059
0.190389
0.189723
0.189063
0.188409
0.187759
0.187114
0.186474
0.185839
0.185209
0.184583
0.183963
0.183347
0.182736
0.182129
0.181527
0.180930
0.180337
0.179749
0.179165
0.178586
0.178011
0.177440
0.176874
0.176312
0.175754
0.175201
0.174652
0.174106
0.173565
0.173028
0.172495
0.171966
0.171441
0.170920
0.170403
0.169889
0.169380
0.168874
0.168372
0.167874
0.167380
0.166889
0.166402
0.165918
0.165438
0.164962
0.164489
0.164019
0.163553
0.163091
0.162632
0.162176
0.161724
0.161274
0.160829
0.160386
0.159947
0.159511
0.159078
0.158648
0.158222
0.157798
0.157378
0.156960
0.156546
0.156135
0.155727
0.155321
0.154919
0.154519
0.154122
0.153729
0.153338
0.152949
0.152564
0.152181
0.151802
0.151424
0.151050
0.150678
0.150309
0.149942
0.149578
0.149217
0.148858
0.148502
0.148148
0.147797
0.147448
0.147102
0.146758
0.146417
0.146078
0.145741
0.145407
0.145075
0.144745
0.144418
0.144093
0.143770
0.143450
0.143131
0.142815
0.142501
0.142190
0.141880
0.141573
0.141268
0.140964
0.140663
0.140364
0.140067
0.139772
0.139479
0.139189
0.138900
0.138613
0.138328
0.138045
0.137764
0.137485
0.137207
0.136932
0.136658
0.136387
0.136117
0.135849
0.135583
0.135318
0.135055
0.134795
0.134536
0.134278
0.134022
0.133769
0.133516
0.133266
0.133017
0.132770
0.132524
0.132280
0.132038
0.131797
0.131558
0.131320
0.131085
0.130850
0.130617
0.130386
0.130156
0.129928
0.129701
0.129476
0.129252
0.129030
0.128809
0.128589
0.128371
0.128155
0.127940
0.127726
0.127513
0.127302
0.127093
0.126884
0.126678
0.126472
0.126268
0.126065
0.125863
0.125663
0.125464
0.125266
0.125070
0.124874
0.124680
0.124488
0.124296
0.124106
0.123917
0.123729
0.123542
0.123357
0.123172
0.122989
0.122807
0.122627
0.122447
0.122268
0.122091
0.121915
0.121740
0.121566
0.121393
0.121221
0.121050
0.120880
0.120712
0.120544
0.120377
0.120212
0.120048
0.119884
0.119722
0.119560
0.119400
0.119241
0.119082
0.118925
0.118768
0.118613
0.118458
0.118305
0.118152
0.118000
0.117850
0.117700
0.117551
0.117403
0.117256
0.117110
0.116965
0.116820
0.116677
0.116534
0.116393
0.116252
0.116112
0.115973
0.115835
0.115697
0.115561
0.115425
0.115290
0.115156
0.115022
0.114890
0.114758
0.114627
0.114497
0.114368
0.114240
0.114112
0.113985
0.113859
0.113733
0.113608
0.113485
0.113361
0.113239
0.113117
0.112996
0.112876
0.112756
0.112638
0.112520
0.112402
0.112285
0.112169
0.112054
0.111939
0.111826
0.111712
0.111600
0.111488
0.111377
0.111266
0.111156
0.111047
0.110938
0.110830
0.110723
0.110616
0.110510
0.110405
0.110300
0.110196
0.110092
0.109989
0.109887
0.109785
0.109684
0.109583
0.109483
0.109384
0.109285
0.109187
0.109089
0.108992
0.108895
0.108799
0.108704
0.108609
0.108515
0.108421
0.108328
0.108235
0.108143
0.108052
0.107961
0.107870
0.107780
0.107691
0.107602
0.107513
0.107425
0.107338
0.107251
0.107165
0.107079
0.106993
0.106908
0.106824
0.106740
0.106657
0.106574
0.106491
0.106409
0.106328
0.106247
0.106166
0.106086
0.106006
0.105927
0.105848
0.105770
0.105692
0.105615
0.105538
0.105461
0.105385
0.105310
0.105234
0.105160
0.105085
0.105011
0.104938
0.104865
0.104792
0.104720
0.104648
0.104577
0.104505
0.104435
0.104365
0.104295
0.104225
0.104156
0.104088
0.104019
0.103952
0.103884
0.103817
0.103750
0.103684
0.103618
0.103552
0.103487
0.103422
0.103358
0.103294
0.103230
0.103167
0.103104
0.103041
0.102979
0.102917
0.102855
0.102794
0.102733
0.102672
0.102612
0.102552
0.102493
0.102433
0.102374
0.102316
0.102258
0.102200
0.102142
0.102085
0.102028
0.101971
0.101915
0.101859
0.101803
0.101748
0.101693
0.101638
0.101584
0.101530
0.101476
0.101422
0.101369
0.101316
0.101263
0.101211
0.101159
0.101107
0.101056
0.101005
0.100954
0.100903
0.100853
0.100803
0.100753
0.100703
0.100654
0.100605
0.100557
0.100508
0.100460
0.100412
0.100365
0.100317
0.100270
0.100223
0.100177
0.100130
0.100084
0.100039
0.099993
0.099948
0.099903
0.099858
0.099814
0.099769
0.099725
0.099682
0.099638
0.099595
0.099552
0.099509
0.099466
0.099424
0.099382
0.099340
0.099298
0.099257
0.099215
0.099175
0.099134
0.099093
0.099053
0.099013
0.098973
0.098934
0.098894
0.098855
0.098816
0.098777
0.098739
0.098700
0.098662
0.098624
0.098587
0.098549
0.098512
0.098475
0.098438
0.098401
0.098365
0.098328
0.098292
0.098256
0.098221
0.098185
0.098150
0.098115
0.098080
0.098045
0.098011
0.097977
0.097942
0.097908
0.097875
0.097841
0.097808
0.097775
0.097742
0.097709
0.097676
0.097643
0.097611
0.097579
0.097547
0.097515
0.097484
0.097452
0.097421
0.097390
0.097359
0.097328
0.097298
0.097267
0.097237
0.097207
0.097177
0.097147
0.097118
0.097088
0.097059
0.097030
0.097001
0.096972
0.096944
0.096915
0.096887
0.096859
0.096831
0.096803
0.096775
0.096748
0.096721
0.096693
0.096666
0.096639
0.096612
0.096586
0.096559
0.096533
0.096507
0.096481
0.096455
0.096429
0.096403
0.096378
0.096352
0.096327
0.096302
0.096277
0.096252
0.096228
0.096203
0.096179
0.096155
0.096131
0.096107
0.096083
0.096059
0.096035
0.096012
0.095989
0.095965
0.095942
0.095919
0.095896
0.095874
0.095851
0.095829
0.095806
0.095784
0.095762
0.095740
0.095718
0.095696
0.095675
0.095653
0.095632
0.095611
0.095590
0.095569
0.095548
0.095527
0.095506
0.095486
0.095465
0.095445
0.095425
0.095405
0.095385
0.095365
0.095345
0.095325
0.095306
0.095286
0.095267
0.095248
0.095228
0.095209
0.095190
0.095172
0.095153
0.095134
0.095116
0.095097
0.095079
0.095061
0.095043
0.095025
0.095007
0.094989
0.094971
0.094954
0.094936
0.095027
0.095424
0.096379
0.098442
0.103513
0.410985
0.387103
0.379543
0.418620
0.490213
0.614085
0.780450
0.937721
1.063550
1.155520
1.218770
1.260320
1.287130
1.305050
1.318060
1.327900
1.334650
1.338000
1.338410
1.337050
1.335000
1.332890
1.330930
1.329130
1.327430
1.325750
1.324040
1.322260
1.320400
1.318430
1.316370
1.314190
1.311910
1.309520
1.307020
1.304430
1.301730
1.298940
1.296060
1.293090
1.290040
1.286910
1.283690
1.280400
1.277040
1.273610
1.270110
1.266550
1.262920
1.259230
1.255480
1.251670
1.247810
1.243890
1.239920
1.235900
1.231820
1.227700
1.223540
1.219320
1.215060
1.210760
1.206420
1.202040
1.197620
1.193150
1.188660
1.184120
1.179550
1.174950
1.170310
1.165640
1.160950
1.156220
1.151460
1.146670
1.141850
1.137010
1.132150
1.127250
1.122340
1.117400
1.112440
1.107460
1.102450
1.097430
1.092390
1.087320
1.082250
1.077150
1.072040
1.066910
1.061770
1.056610
1.051440
1.046260
1.041070
1.035860
1.030650
1.025420
1.020190
1.014950
1.009700
1.004440
0.999175
0.993906
0.988631
0.983352
0.978069
0.972783
0.967494
0.962203
0.956911
0.951618
0.946325
0.941032
0.935740
0.930450
0.925162
0.919877
0.914596
0.909318
0.904044
0.898776
0.893513
0.888257
0.883007
0.877764
0.872529
0.867303
0.862085
0.856876
0.851677
0.846489
0.841311
0.836144
0.830990
0.825847
0.820718
0.815601
0.810498
0.805409
0.800335
0.795276
0.790232
0.785204
0.780192
0.775197
0.770219
0.765258
0.760316
0.755391
0.750485
0.745599
0.740731
0.735883
0.731056
0.726248
0.721462
0.716696
0.711952
0.707230
0.702529
0.697851
0.693196
0.688563
0.683954
0.679367
0.674805
0.670266
0.665752
0.661262
0.656796
0.652355
0.647940
0.643549
0.639184
0.634844
0.630531
0.626243
0.621981
0.617746
0.613536
0.609354
0.605198
0.601069
0.596966
0.592891
0.588843
0.584821
0.580828
0.576861
0.572922
0.569010
0.565126
0.561269
0.557440
0.553638
0.549865
0.546118
0.542400
0.538709
0.535046
0.531410
0.527802
0.524222
0.520669
0.517144
0.513647
0.510176
0.506734
0.503318
0.499930
0.496570
0.493236
0.489930
0.486650
0.483398
0.480172
0.476973
0.473801
0.470655
0.467536
0.464443
0.461376
0.458335
0.455321
0.452332
0.449369
0.446431
0.443519
0.440632
0.437771
0.434934
0.432122
0.429336
0.426573
0.423835
0.421122
0.418432
0.415767
0.413125
0.410507
0.407913
0.405342
0.402794
0.400269
0.397766
0.395287
0.392830
0.390395
0.387982
0.385592
0.383223
0.380875
0.378550
0.376245
0.373962
0.371699
0.369457
0.367236
0.365035
0.362854
0.360694
0.358553
0.356432
0.354330
0.352248
0.350185
0.348141
0.346116
0.344109
0.342121
0.340151
0.338199
0.336265
0.334349
0.332451
0.330570
0.328706
0.326859
0.325030
0.323217
0.321420
0.319641
0.317877
0.316129
0.314398
0.312682
0.310982
0.309297
0.307628
0.305974
0.304335
0.302710
0.301101
0.299506
0.297925
0.296359
0.294807
0.293268
0.291744
0.290233
0.288736
0.287252
0.285781
0.284324
0.282879
0.281448
0.280029
0.278622
0.277228
0.275847
0.274477
0.273120
0.271774
0.270441
0.269119
0.267808
0.266509
0.265221
0.263945
0.262679
0.261425
0.260181
0.258948
0.257726
0.256514
0.255313
0.254121
0.252940
0.251770
0.250609
0.249458
0.248316
0.247184
0.246062
0.244950
0.243846
0.242752
0.241667
0.240592
0.239525
0.238467
0.237418
0.236377
0.235345
0.234322
0.233307
0.232301
0.231303
0.230313
0.229331
0.228357
0.227391
0.226433
0.225483
0.224540
0.223606
0.222678
0.221759
0.220846
0.219941
0.219044
0.218153
0.217270
0.216394
0.215524
0.214662
0.213807
0.212958
0.212116
0.211281
0.210453
0.209631
0.208815
0.208006
0.207204
0.206408
0.205618
0.204834
0.204056
0.203285
0.202520
0.201760
0.201007
0.200259
0.199517
0.198781
0.198051
0.197327
0.196608
0.195895
0.195187
0.194485
0.193788
0.193096
0.192410
0.191730
0.191054
0.190384
0.189719
0.189059
0.188404
0.187754
0.187109
0.186469
0.185834
0.185204
0.184579
0.183958
0.183342
0.182731
0.182125
0.181523
0.180926
0.180333
0.179745
0.179161
0.178582
0.178007
0.177436
0.176870
0.176308
0.175750
0.175197
0.174648
0.174102
0.173561
0.173024
0.172491
0.171962
0.171437
0.170916
0.170399
0.169886
0.169376
0.168871
0.168369
0.167870
0.167376
0.166885
0.166398
0.165914
0.165435
0.164958
0.164485
0.164016
0.163550
0.163087
0.162628
0.162173
0.161720
0.161271
0.160825
0.160383
0.159944
0.159508
0.159075
0.158645
0.158219
0.157795
0.157375
0.156957
0.156543
0.156132
0.155723
0.155318
0.154916
0.154516
0.154119
0.153726
0.153335
0.152947
0.152561
0.152179
0.151799
0.151422
0.151047
0.150675
0.150306
0.149940
0.149576
0.149214
0.148856
0.148499
0.148146
0.147795
0.147446
0.147100
0.146756
0.146414
0.146075
0.145739
0.145404
0.145072
0.144743
0.144416
0.144091
0.143768
0.143447
0.143129
0.142813
0.142499
0.142187
0.141878
0.141571
0.141265
0.140962
0.140661
0.140362
0.140065
0.139770
0.139477
0.139186
0.138898
0.138611
0.138326
0.138043
0.137762
0.137482
0.137205
0.136930
0.136656
0.136385
0.136115
0.135847
0.135581
0.135316
0.135054
0.134793
0.134534
0.134276
0.134021
0.133767
0.133514
0.133264
0.133015
0.132768
0.132522
0.132278
0.132036
0.131795
0.131556
0.131319
0.131083
0.130848
0.130616
0.130384
0.130154
0.129926
0.129699
0.129474
0.129250
0.129028
0.128807
0.128588
0.128370
0.128153
0.127938
0.127724
0.127512
0.127301
0.127091
0.126883
0.126676
0.126470
0.126266
0.126063
0.125862
0.125661
0.125462
0.125265
0.125068
0.124873
0.124679
0.124486
0.124295
0.124104
0.123915
0.123727
0.123541
0.123355
0.123171
0.122988
0.122806
0.122625
0.122446
0.122267
0.122090
0.121913
0.121738
0.121564
0.121391
0.121219
0.121049
0.120879
0.120710
0.120543
0.120376
0.120211
0.120046
0.119883
0.119720
0.119559
0.119399
0.119239
0.119081
0.118923
0.118767
0.118612
0.118457
0.118304
0.118151
0.117999
0.117849
0.117699
0.117550
0.117402
0.117255
0.117109
0.116964
0.116819
0.116676
0.116533
0.116392
0.116251
0.116111
0.115972
0.115833
0.115696
0.115559
0.115424
0.115289
0.115155
0.115021
0.114889
0.114757
0.114626
0.114496
0.114367
0.114239
0.114111
0.113984
0.113858
0.113732
0.113608
0.113484
0.113360
0.113238
0.113116
0.112995
0.112875
0.112755
0.112637
0.112519
0.112401
0.112285
0.112169
0.112053
0.111939
0.111825
0.111711
0.111599
0.111487
0.111376
0.111265
0.111155
0.111046
0.110937
0.110829
0.110722
0.110615
0.110509
0.110404
0.110299
0.110195
0.110091
0.109988
0.109886
0.109784
0.109683
0.109582
0.109482
0.109383
0.109284
0.109186
0.109088
0.108991
0.108895
0.108799
0.108703
0.108608
0.108514
0.108420
0.108327
0.108234
0.108142
0.108051
0.107960
0.107869
0.107779
0.107690
0.107601
0.107513
0.107425
0.107337
0.107250
0.107164
0.107078
0.106993
0.106908
0.106823
0.106739
0.106656
0.106573
0.106491
0.106409
0.106327
0.106246
0.106165
0.106085
0.106006
0.105926
0.105848
0.105769
0.105692
0.105614
0.105537
0.105461
0.105385
0.105309
0.105234
0.105159
0.105085
0.105011
0.104937
0.104864
0.104791
0.104719
0.104647
0.104576
0.104505
0.104434
0.104364
0.104294
0.104225
0.104156
0.104087
0.104019
0.103951
0.103884
0.103816
0.103750
0.103683
0.103617
0.103552
0.103487
0.103422
0.103357
0.103293
0.103229
0.103166
0.103103
0.103040
0.102978
0.102916
0.102854
0.102793
0.102732
0.102672
0.102611
0.102552
0.102492
0.102433
0.102374
0.102315
0.102257
0.102199
0.102142
0.102084
0.102027
0.101971
0.101914
0.101858
0.101803
0.101747
0.101692
0.101638
0.101583
0.101529
0.101475
0.101422
0.101368
0.101316
0.101263
0.101211
0.101159
0.101107
0.101055
0.101004
0.100953
0.100903
0.100852
0.100802
0.100752
0.100703
0.100654
0.100605
0.100556
0.100508
0.100460
0.100412
0.100364
0.100317
0.100270
0.100223
0.100176
0.100130
0.100084
0.100038
0.099993
0.099948
0.099903
0.099858
0.099813
0.099769
0.099725
0.099681
0.099638
0.099594
0.099551
0.099508
0.099466
0.099423
0.099381
0.099339
0.099298
0.099256
0.099215
0.099174
0.099133
0.099093
0.099053
0.099013
0.098973
0.098933
0.098894
0.098854
0.098816
0.098777
0.098738
0.098700
0.098662
0.098624
0.098586
0.098549
0.098511
0.098474
0.098437
0.098401
0.098364
0.098328
0.098292
0.098256
0.098221
0.098185
0.098150
0.098115
0.098080
0.098045
0.098011
0.097976
0.097942
0.097908
0.097874
0.097841
0.097807
0.097774
0.097741
0.097708
0.097676
0.097643
0.097611
0.097579
0.097547
0.097515
0.097484
0.097452
0.097421
0.097390
0.097359
0.097328
0.097297
0.097267
0.097237
0.097207
0.097177
0.097147
0.097118
0.097088
0.097059
0.097030
0.097001
0.096972
0.096944
0.096915
0.096887
0.096859
0.096831
0.096803
0.096775
0.096748
0.096720
0.096693
0.096666
0.096639
0.096612
0.096586
0.096559
0.096533
0.096506
0.096481
0.096455
0.096429
0.096403
0.096378
0.096352
0.096327
0.096302
0.096277
0.096252
0.096228
0.096203
0.096179
0.096154
0.096130
0.096106
0.096083
0.096059
0.096035
0.096012
0.095988
0.095965
0.095942
0.095919
0.095896
0.095874
0.095851
0.095828
0.095806
0.095784
0.095762
0.095740
0.095718
0.095696
0.095675
0.095653
0.095632
0.095611
0.095590
0.095568
0.095548
0.095527
0.095506
0.095486
0.095465
0.095445
0.095424
0.095404
0.095384
0.095365
0.095345
0.095325
0.095306
0.095286
0.095267
0.095247
0.095228
0.095209
0.095190
0.095171
0.095153
0.095134
0.095116
0.095097
0.095079
0.095061
0.095043
0.095025
0.095007
0.094989
0.094971
0.094954
0.094936
0.095026
0.095424
0.096379
0.098442
0.103513
0.410977
0.387084
0.379526
0.418607
0.490203
0.614038
0.780405
0.937683
1.063520
1.155490
1.218750
1.260310
1.287120
1.305040
1.318040
1.327890
1.334640
1.337990
1.338410
1.337040
1.334990
1.332880
1.330920
1.329120
1.327420
1.325740
1.324030
1.322250
1.320390
1.318420
1.316360
1.314180
1.311900
1.309510
1.307010
1.304420
1.301720
1.298930
1.296050
1.293080
1.290030
1.286890
1.283680
1.280390
1.277030
1.273600
1.270100
1.266540
1.262910
1.259220
1.255470
1.251660
1.247800
1.243880
1.239910
1.235890
1.231810
1.227690
1.223520
1.219310
1.215050
1.210750
1.206410
1.202030
1.197600
1.193140
1.188650
1.184110
1.179540
1.174940
1.170300
1.165630
1.160930
1.156200
1.151440
1.146660
1.141840
1.137000
1.132130
1.127240
1.122330
1.117390
1.112430
1.107440
1.102440
1.097420
1.092370
1.087310
1.082230
1.077140
1.072030
1.066900
1.061760
1.056600
1.051430
1.046250
1.041060
1.035850
1.030640
1.025410
1.020180
1.014930
1.009680
1.004430
0.999164
0.993894
0.988620
0.983340
0.978057
0.972771
0.967482
0.962192
0.956899
0.951606
0.946313
0.941021
0.935729
0.930439
0.925151
0.919866
0.914584
0.909307
0.904033
0.898765
0.893502
0.888246
0.882996
0.877753
0.872518
0.867292
0.862074
0.856865
0.851666
0.846478
0.841300
0.836134
0.830979
0.825837
0.820707
0.815591
0.810488
0.805399
0.800325
0.795265
0.790222
0.785194
0.780182
0.775187
0.770209
0.765248
0.760306
0.755381
0.750475
0.745589
0.740721
0.735873
0.731046
0.726239
0.721452
0.716687
0.711943
0.707220
0.702520
0.697842
0.693186
0.688554
0.683944
0.679358
0.674796
0.670257
0.665743
0.661253
0.656787
0.652346
0.647931
0.643540
0.639175
0.634836
0.630522
0.626234
0.621972
0.617737
0.613528
0.609345
0.605189
0.601060
0.596958
0.592882
0.588834
0.584813
0.580819
0.576853
0.572914
0.569002
0.565118
0.561261
0.557432
0.553631
0.549857
0.546111
0.542392
0.538701
0.535038
0.531403
0.527795
0.524215
0.520662
0.517137
0.513639
0.510169
0.506727
0.503311
0.499923
0.496563
0.493229
0.489922
0.486643
0.483391
0.480165
0.476966
0.473794
0.470648
0.467529
0.464436
0.461369
0.458329
0.455314
0.452325
0.449362
0.446425
0.443513
0.440626
0.437764
0.434928
0.432116
0.429329
0.426567
0.423829
0.421116
0.418427
0.415761
0.413119
0.410501
0.407907
0.405336
0.402788
0.400263
0.397761
0.395281
0.392824
0.390389
0.387977
0.385586
0.383217
0.380870
0.378544
0.376240
0.373956
0.371694
0.369452
0.367231
0.365030
0.362849
0.360689
0.358548
0.356427
0.354326
0.352243
0.350180
0.348136
0.346111
0.344104
0.342116
0.340146
0.338195
0.336261
0.334345
0.332446
0.330565
0.328702
0.326855
0.325025
0.323213
0.321416
0.319636
0.317873
0.316125
0.314394
0.312678
0.310978
0.309293
0.307624
0.305970
0.304331
0.302707
0.301097
0.299502
0.297921
0.296355
0.294803
0.293265
0.291741
0.290230
0.288733
0.287249
0.285778
0.284321
0.282876
0.281445
0.280026
0.278619
0.277225
0.275844
0.274474
0.273117
0.271771
0.270438
0.269116
0.267805
0.266506
0.265218
0.263942
0.262677
0.261422
0.260178
0.258945
0.257723
0.256511
0.255310
0.254119
0.252938
0.251767
0.250606
0.249455
0.248313
0.247182
0.246060
0.244947
0.243844
0.242750
0.241665
0.240589
0.239522
0.238464
0.237415
0.236375
0.235343
0.234320
0.233305
0.232298
0.231300
0.230310
0.229328
0.228355
0.227389
0.226431
0.225481
0.224538
0.223603
0.222676
0.221756
0.220844
0.219939
0.219041
0.218151
0.217268
0.216391
0.215522
0.214660
0.213805
0.212956
0.212114
0.211279
0.210451
0.209629
0.208813
0.208004
0.207202
0.206406
0.205616
0.204832
0.204054
0.203283
0.202518
0.201758
0.201005
0.200257
0.199516
0.198780
0.198049
0.197325
0.196606
0.195893
0.195185
0.194483
0.193786
0.193095
0.192409
0.191728
0.191053
0.190382
0.189717
0.189057
0.188402
0.187752
0.187108
0.186468
0.185833
0.185202
0.184577
0.183957
0.183341
0.182730
0.182123
0.181521
0.180924
0.180332
0.179743
0.179160
0.178580
0.178005
0.177435
0.176869
0.176307
0.175749
0.175196
0.174646
0.174101
0.173560
0.173023
0.172490
0.171961
0.171436
0.170915
0.170398
0.169884
0.169375
0.168869
0.168367
0.167869
0.167375
0.166884
0.166397
0.165913
0.165433
0.164957
0.164484
0.164015
0.163549
0.163086
0.162627
0.162171
0.161719
0.161270
0.160824
0.160382
0.159943
0.159507
0.159074
0.158644
0.158217
0.157794
0.157374
0.156956
0.156542
0.156131
0.155722
0.155317
0.154915
0.154515
0.154118
0.153725
0.153334
0.152946
0.152560
0.152178
0.151798
0.151421
0.151046
0.150674
0.150305
0.149939
0.149575
0.149213
0.148855
0.148498
0.148145
0.147794
0.147445
0.147099
0.146755
0.146413
0.146074
0.145738
0.145404
0.145072
0.144742
0.144415
0.144090
0.143767
0.143447
0.143128
0.142812
0.142498
0.142187
0.141877
0.141570
0.141264
0.140961
0.140660
0.140361
0.140064
0.139769
0.139477
0.139186
0.138897
0.138610
0.138325
0.138042
0.137761
0.137482
0.137204
0.136929
0.136656
0.136384
0.136114
0.135846
0.135580
0.135315
0.135053
0.134792
0.134533
0.134276
0.134020
0.133766
0.133514
0.133263
0.133014
0.132767
0.132522
0.132278
0.132035
0.131795
0.131556
0.131318
0.131082
0.130848
0.130615
0.130384
0.130154
0.129926
0.129699
0.129474
0.129250
0.129027
0.128807
0.128587
0.128369
0.128153
0.127937
0.127724
0.127511
0.127300
0.127091
0.126882
0.126675
0.126470
0.126266
0.126063
0.125861
0.125661
0.125462
0.125264
0.125068
0.124872
0.124678
0.124486
0.124294
0.124104
0.123915
0.123727
0.123540
0.123355
0.123171
0.122987
0.122806
0.122625
0.122445
0.122267
0.122089
0.121913
0.121738
0.121564
0.121391
0.121219
0.121048
0.120879
0.120710
0.120542
0.120376
0.120210
0.120046
0.119882
0.119720
0.119559
0.119398
0.119239
0.119080
0.118923
0.118767
0.118611
0.118457
0.118303
0.118151
0.117999
0.117848
0.117698
0.117550
0.117402
0.117255
0.117108
0.116963
0.116819
0.116676
0.116533
0.116391
0.116250
0.116110
0.115971
0.115833
0.115696
0.115559
0.115423
0.115288
0.115154
0.115021
0.114889
0.114757
0.114626
0.114496
0.114367
0.114238
0.114110
0.113983
0.113857
0.113732
0.113607
0.113483
0.113360
0.113238
0.113116
0.112995
0.112875
0.112755
0.112636
0.112518
0.112401
0.112284
0.112168
0.112053
0.111938
0.111824
0.111711
0.111599
0.111487
0.111375
0.111265
0.111155
0.111046
0.110937
0.110829
0.110722
0.110615
0.110509
0.110403
0.110299
0.110194
0.110091
0.109988
0.109886
0.109784
0.109683
0.109582
0.109482
0.109383
0.109284
0.109186
0.109088
0.108991
0.108894
0.108798
0.108703
0.108608
0.108514
0.108420
0.108327
0.108234
0.108142
0.108051
0.107960
0.107869
0.107779
0.107690
0.107601
0.107512
0.107424
0.107337
0.107250
0.107164
0.107078
0.106992
0.106908
0.106823
0.106739
0.106656
0.106573
0.106490
0.106408
0.106327
0.106246
0.106165
0.106085
0.106005
0.105926
0.105848
0.105769
0.105691
0.105614
0.105537
0.105460
0.105384
0.105309
0.105234
0.105159
0.105084
0.105010
0.104937
0.104864
0.104791
0.104719
0.104647
0.104576
0.104505
0.104434
0.104364
0.104294
0.104225
0.104156
0.104087
0.104019
0.103951
0.103883
0.103816
0.103750
0.103683
0.103617
0.103552
0.103486
0.103422
0.103357
0.103293
0.103229
0.103166
0.103103
0.103040
0.102978
0.102916
0.102854
0.102793
0.102732
0.102672
0.102611
0.102551
0.102492
0.102433
0.102374
0.102315
0.102257
0.102199
0.102141
0.102084
0.102027
0.101971
0.101914
0.101858
0.101803
0.101747
0.101692
0.101637
0.101583
0.101529
0.101475
0.101422
0.101368
0.101315
0.101263
0.101210
0.101158
0.101107
0.101055
0.101004
0.100953
0.100902
0.100852
0.100802
0.100752
0.100703
0.100654
0.100605
0.100556
0.100508
0.100459
0.100412
0.100364
0.100317
0.100270
0.100223
0.100176
0.100130
0.100084
0.100038
0.099993
0.099947
0.099902
0.099858
0.099813
0.099769
0.099725
0.099681
0.099637
0.099594
0.099551
0.099508
0.099466
0.099423
0.099381
0.099339
0.099298
0.099256
0.099215
0.099174
0.099133
0.099093
0.099053
0.099013
0.098973
0.098933
0.098894
0.098854
0.098816
0.098777
0.098738
0.098700
0.098662
0.098624
0.098586
0.098549
0.098511
0.098474
0.098437
0.098401
0.098364
0.098328
0.098292
0.098256
0.098220
0.098185
0.098150
0.098115
0.098080
0.098045
0.098011
0.097976
0.097942
0.097908
0.097874
0.097841
0.097807
0.097774
0.097741
0.097708
0.097676
0.097643
0.097611
0.097579
0.097547
0.097515
0.097483
0.097452
0.097421
0.097390
0.097359
0.097328
0.097297
0.097267
0.097237
0.097207
0.097177
0.097147
0.097118
0.097088
0.097059
0.097030
0.097001
0.096972
0.096944
0.096915
0.096887
0.096859
0.096831
0.096803
0.096775
0.096748
0.096720
0.096693
0.096666
0.096639
0.096612
0.096586
0.096559
0.096533
0.096506
0.096480
0.096454
0.096429
0.096403
0.096378
0.096352
0.096327
0.096302
0.096277
0.096252
0.096228
0.096203
0.096179
0.096154
0.096130
0.096106
0.096082
0.096059
0.096035
0.096012
0.095988
0.095965
0.095942
0.095919
0.095896
0.095874
0.095851
0.095828
0.095806
0.095784
0.095762
0.095740
0.095718
0.095696
0.095675
0.095653
0.095632
0.095611
0.095589
0.095568
0.095548
0.095527
0.095506
0.095486
0.095465
0.095445
0.095424
0.095404
0.095384
0.095365
0.095345
0.095325
0.095305
0.095286
0.095267
0.095247
0.095228
0.095209
0.095190
0.095171
0.095153
0.095134
0.095116
0.095097
0.095079
0.095061
0.095043
0.095025
0.095007
0.094989
0.094971
0.094954
0.094936
