11.002300
11.002300
11.002300
11.002300
11.002200
11.002300
11.005100
11.005600
11.005600
11.005600
11.005500
11.005400
11.005400
11.005300
11.005300
11.005200
11.005200
11.005200
11.005100
11.005100
11.005000
11.005000
11.005000
11.005000
11.005000
11.004900
11.004900
11.004900
11.004900
11.004900
11.004900
11.004900
11.005000
11.005000
11.005000
11.005000
11.005000
11.005000
11.005000
11.005100
11.005100
11.005100
11.005100
11.005200
11.005200
11.005200
11.005300
11.005300
11.005300
11.005400
11.005400
11.005400
11.005500
11.005500
11.005600
11.005600
11.005600
11.005700
11.005700
11.005800
11.005800
11.005800
11.005900
11.005900
11.006000
11.006000
11.006100
11.006100
11.006100
11.006200
11.006200
11.006300
11.006300
11.006400
11.006400
11.006500
11.006500
11.006500
11.006600
11.006600
11.006700
11.006700
11.006800
11.006800
11.006800
11.006900
11.006900
11.007000
11.007000
11.007100
11.007100
11.007100
11.007200
11.007200
11.007300
11.007300
11.007300
11.007400
11.007400
11.007500
11.007500
11.007500
11.007600
11.007600
11.007700
11.007700
11.007700
11.007800
11.007800
11.007800
11.007900
11.007900
11.008000
11.008000
11.008000
11.008100
11.008100
11.008100
11.008200
11.008200
11.008200
11.008300
11.008300
11.008300
11.008400
11.008400
11.008400
11.008500
11.008500
11.008500
11.008600
11.008600
11.008600
11.008600
11.008700
11.008700
11.008700
11.008800
11.008800
11.008800
11.008900
11.008900
11.008900
11.008900
11.009000
11.009000
11.009000
11.009000
11.009100
11.009100
11.009100
11.009100
11.009200
11.009200
11.009200
11.009200
11.009300
11.009300
11.009300
11.009300
11.009400
11.009400
11.009400
11.009400
11.009400
11.009500
11.009500
11.009500
11.009500
11.009600
11.009600
11.009600
11.009600
11.009600
11.009700
11.009700
11.009700
11.009700
11.009700
11.009700
11.009800
11.009800
11.009800
11.009800
11.009800
11.009800
11.009900
11.009900
11.009900
11.009900
11.009900
11.009900
11.010000
11.010000
11.010000
11.010000
11.010000
11.010000
11.010000
11.010100
11.010100
11.010100
11.010100
11.010100
11.010100
11.010100
11.010100
11.010200
11.010200
11.010200
11.010200
11.010200
11.010200
11.010200
11.010200
11.010200
11.010300
11.010300
11.010300
11.010300
11.010300
11.010300
11.010300
11.010300
11.010300
11.010300
11.010300
11.010300
11.010400
11.010400
11.010400
11.010400
11.010400
11.010400
11.010400
11.010400
11.010400
11.010400
11.010400
11.010400
11.010400
11.010400
11.010400
11.010400
11.010500
11.010500
11.010500
11.010500
11.010500
11.010500
11.010500
11.010500
11.010500
11.010500
11.010500
11.010500
11.010500
11.010500
11.010500
11.010500
11.010500
11.010500
11.010500
11.010500
11.010500
11.010500
11.010500
11.010500
11.010500
11.010500
11.010500
11.010500
11.010500
11.010500
11.010500
11.010500
11.010500
11.010500
11.010500
11.010500
11.010500
11.010500
11.010500
11.010500
11.010500
11.010500
11.010500
11.010500
11.010500
11.010500
11.010500
11.010500
11.010500
11.010500
11.010500
11.010500
11.010500
11.010500
11.010500
11.010500
11.010500
11.010500
11.010500
11.010500
11.010500
11.010500
11.010500
11.010500
11.010500
11.010500
11.010500
11.010500
11.010500
11.010500
11.010500
11.010500
11.010500
11.010500
11.010500
11.010500
11.010500
11.010500
11.010500
11.010500
11.010400
11.010400
11.010400
11.010400
11.010400
11.010400
11.010400
11.010400
11.010400
11.010400
11.010400
11.010400
11.010400
11.010400
11.010400
11.010400
11.010400
11.010400
11.010400
11.010400
11.010400
11.010300
11.010300
11.010300
11.010300
11.010300
11.010300
11.010300
11.010300
11.010300
11.010300
11.010300
11.010300
11.010300
11.010300
11.010300
11.010300
11.010300
11.010200
11.010200
11.010200
11.010200
11.010200
11.010200
11.010200
11.010200
11.010200
11.010200
11.010200
11.010200
11.010200
11.010200
11.010200
11.010100
11.010100
11.010100
11.010100
11.010100
11.010100
11.010100
11.010100
11.010100
11.010100
11.010100
11.010100
11.010100
11.010000
11.010000
11.010000
11.010000
11.010000
11.010000
11.010000
11.010000
11.010000
11.010000
11.010000
11.010000
11.010000
11.009900
11.009900
11.009900
11.009900
11.009900
11.009900
11.009900
11.009900
11.009900
11.009900
11.009900
11.009800
11.009800
11.009800
11.009800
11.009800
11.009800
11.009800
11.009800
11.009800
11.009800
11.009800
11.009700
11.009700
11.009700
11.009700
11.009700
11.009700
11.009700
11.009700
11.009700
11.009700
11.009700
11.009600
11.009600
11.009600
11.009600
11.009600
11.009600
11.009600
11.009600
11.009600
11.009600
11.009500
11.009500
11.009500
11.009500
11.009500
11.009500
11.009500
11.009500
11.009500
11.009500
11.009400
11.009400
11.009400
11.009400
11.009400
11.009400
11.009400
11.009400
11.009400
11.009400
11.009300
11.009300
11.009300
11.009300
11.009300
11.009300
11.009300
11.009300
11.009300
11.009200
11.009200
11.009200
11.009200
11.009200
11.009200
11.009200
11.009200
11.009200
11.009200
11.009100
11.009100
11.009100
11.009100
11.009100
11.009100
11.009100
11.009100
11.009100
11.009000
11.009000
11.009000
11.009000
11.009000
11.009000
11.009000
11.009000
11.009000
11.008900
11.008900
11.008900
11.008900
11.008900
11.008900
11.008900
11.008900
11.008900
11.008800
11.008800
11.008800
11.008800
11.008800
11.008800
11.008800
11.008800
11.008700
11.008700
11.008700
11.008700
11.008700
11.008700
11.008700
11.008700
11.008700
11.008600
11.008600
11.008600
11.008600
11.008600
11.008600
11.008600
11.008600
11.008600
11.008500
11.008500
11.008500
11.008500
11.008500
11.008500
11.008500
11.008500
11.008400
11.008400
11.008400
11.008400
11.008400
11.008400
11.008400
11.008400
11.008300
11.008300
11.008300
11.008300
11.008300
11.008300
11.008300
11.008300
11.008300
11.008200
11.008200
11.008200
11.008200
11.008200
11.008200
11.008200
11.008200
11.008100
11.008100
11.008100
11.008100
11.008100
11.008100
11.008100
11.008100
11.008000
11.008000
11.008000
11.008000
11.008000
11.008000
11.008000
11.008000
11.007900
11.007900
11.007900
11.007900
11.007900
11.007900
11.007900
11.007900
11.007800
11.007800
11.007800
11.007800
11.007800
11.007800
11.007800
11.007800
11.007700
11.007700
11.007700
11.007700
11.007700
11.007700
11.007700
11.007700
11.007600
11.007600
11.007600
11.007600
11.007600
11.007600
11.007600
11.007600
11.007500
11.007500
11.007500
11.007500
11.007500
11.007500
11.007500
11.007400
11.007400
11.007400
11.007400
11.007400
11.007400
11.007400
11.007400
11.007300
11.007300
11.007300
11.007300
11.007300
11.007300
11.007300
11.007300
11.007200
11.007200
11.007200
11.007200
11.007200
11.007200
11.007200
11.007100
11.007100
11.007100
11.007100
11.007100
11.007100
11.007100
11.007100
11.007000
11.007000
11.007000
11.007000
11.007000
11.007000
11.007000
11.007000
11.006900
11.006900
11.006900
11.006900
11.006900
11.006900
11.006900
11.006800
11.006800
11.006800
11.006800
11.006800
11.006800
11.006800
11.006800
11.006700
11.006700
11.006700
11.006700
11.006700
11.006700
11.006700
11.006600
11.006600
11.006600
11.006600
11.006600
11.006600
11.006600
11.006600
11.006500
11.006500
11.006500
11.006500
11.006500
11.006500
11.006500
11.006400
11.006400
11.006400
11.006400
11.006400
11.006400
11.006400
11.006400
11.006300
11.006300
11.006300
11.006300
11.006300
11.006300
11.006300
11.006200
11.006200
11.006200
11.006200
11.006200
11.006200
11.006200
11.006200
11.006100
11.006100
11.006100
11.006100
11.006100
11.006100
11.006100
11.006000
11.006000
11.006000
11.006000
11.006000
11.006000
11.006000
11.006000
11.005900
11.005900
11.005900
11.005900
11.005900
11.005900
11.005900
11.005800
11.005800
11.005800
11.005800
11.005800
11.005800
11.005800
11.005700
11.005700
11.005700
11.005700
11.005700
11.005700
11.005700
11.005700
11.005600
11.005600
11.005600
11.005600
11.005600
11.005600
11.005600
11.005500
11.005500
11.005500
11.005500
11.005500
11.005500
11.005500
11.005400
11.005400
11.005400
11.005400
11.005400
11.005400
11.005400
11.005300
11.005300
11.005300
11.005300
11.005300
11.005300
11.005300
11.005300
11.005200
11.005200
11.005200
11.005200
11.005200
11.005200
11.005200
11.005100
11.005100
11.005100
11.005100
11.005100
11.005100
11.005100
11.005000
11.005000
11.005000
11.005000
11.005000
11.005000
11.005000
11.004900
11.004900
11.004900
11.004900
11.004900
11.004900
11.004900
11.004900
11.004800
11.004800
11.004800
11.004800
11.004800
11.004800
11.004800
11.004700
11.004700
11.004700
11.004700
11.004700
11.004700
11.004700
11.004600
11.004600
11.004600
11.004600
11.004600
11.004600
11.004600
11.004500
11.004500
11.004500
11.004500
11.004500
11.004500
11.004500
11.004400
11.004400
11.004400
11.004400
11.004400
11.004400
11.004400
11.004400
11.004300
11.004300
11.004300
11.004300
11.004300
11.004300
11.004300
11.004200
11.004200
11.004200
11.004200
11.004200
11.004200
11.004200
11.004100
11.004100
11.004100
11.004100
11.004100
11.004100
11.004100
11.004000
11.004000
11.004000
11.004000
11.004000
11.004000
11.004000
11.003900
11.003900
11.003900
11.003900
11.003900
11.003900
11.003900
11.003800
11.003800
11.003800
11.003800
11.003800
11.003800
11.003800
11.003800
11.003700
11.003700
11.003700
11.003700
11.003700
11.003700
11.003700
11.003600
11.003600
11.003600
11.003600
11.003600
11.003600
11.003600
11.003500
11.003500
11.003500
11.003500
11.003500
11.003500
11.003500
11.003400
11.003400
11.003400
11.003400
11.003400
11.003400
11.003400
11.003300
11.003300
11.003300
11.003300
11.003300
11.003300
11.003300
11.003200
11.003200
11.003200
11.003200
11.003200
11.003200
11.003200
11.003100
11.003100
11.003100
11.003100
11.003100
11.003100
11.003100
11.003000
11.003000
11.003000
11.003000
11.003000
11.003000
11.003000
11.002900
11.002900
11.002900
11.002900
11.002900
11.002900
11.002900
11.002800
11.002800
11.002800
11.002800
11.002800
11.002800
11.002800
11.002800
11.002700
11.002700
11.002700
11.002700
11.002700
11.002700
11.002700
11.002600
11.002600
11.002600
11.002600
11.002600
11.002600
11.002600
11.002500
11.002500
11.002500
11.002500
11.002500
11.002500
11.002500
11.002400
11.002400
11.002400
11.002400
11.002400
11.002400
11.002400
11.002300
11.002300
11.002300
11.002300
11.002300
11.002300
11.002200
11.002300
11.005100
11.005600
11.005600
11.005600
11.005500
11.005400
11.005400
11.005300
11.005300
11.005200
11.005200
11.005200
11.005100
11.005100
11.005000
11.005000
11.005000
11.005000
11.005000
11.004900
11.004900
11.004900
11.004900
11.004900
11.004900
11.004900
11.005000
11.005000
11.005000
11.005000
11.005000
11.005000
11.005100
11.005100
11.005100
11.005100
11.005100
11.005200
11.005200
11.005200
11.005300
11.005300
11.005300
11.005400
11.005400
11.005400
11.005500
11.005500
11.005600
11.005600
11.005600
11.005700
11.005700
11.005800
11.005800
11.005800
11.005900
11.005900
11.006000
11.006000
11.006100
11.006100
11.006100
11.006200
11.006200
11.006300
11.006300
11.006400
11.006400
11.006500
11.006500
11.006500
11.006600
11.006600
11.006700
11.006700
11.006800
11.006800
11.006800
11.006900
11.006900
11.007000
11.007000
11.007100
11.007100
11.007100
11.007200
11.007200
11.007300
11.007300
11.007300
11.007400
11.007400
11.007500
11.007500
11.007500
11.007600
11.007600
11.007700
11.007700
11.007700
11.007800
11.007800
11.007800
11.007900
11.007900
11.008000
11.008000
11.008000
11.008100
11.008100
11.008100
11.008200
11.008200
11.008200
11.008300
11.008300
11.008300
11.008400
11.008400
11.008400
11.008500
11.008500
11.008500
11.008600
11.008600
11.008600
11.008600
11.008700
11.008700
11.008700
11.008800
11.008800
11.008800
11.008900
11.008900
11.008900
11.008900
11.009000
11.009000
11.009000
11.009000
11.009100
11.009100
11.009100
11.009100
11.009200
11.009200
11.009200
11.009200
11.009300
11.009300
11.009300
11.009300
11.009400
11.009400
11.009400
11.009400
11.009500
11.009500
11.009500
11.009500
11.009500
11.009600
11.009600
11.009600
11.009600
11.009600
11.009700
11.009700
11.009700
11.009700
11.009700
11.009700
11.009800
11.009800
11.009800
11.009800
11.009800
11.009800
11.009900
11.009900
11.009900
11.009900
11.009900
11.009900
11.010000
11.010000
11.010000
11.010000
11.010000
11.010000
11.010000
11.010100
11.010100
11.010100
11.010100
11.010100
11.010100
11.010100
11.010100
11.010200
11.010200
11.010200
11.010200
11.010200
11.010200
11.010200
11.010200
11.010200
11.010300
11.010300
11.010300
11.010300
11.010300
11.010300
11.010300
11.010300
11.010300
11.010300
11.010300
11.010300
11.010400
11.010400
11.010400
11.010400
11.010400
11.010400
11.010400
11.010400
11.010400
11.010400
11.010400
11.010400
11.010400
11.010400
11.010400
11.010400
11.010500
11.010500
11.010500
11.010500
11.010500
11.010500
11.010500
11.010500
11.010500
11.010500
11.010500
11.010500
11.010500
11.010500
11.010500
11.010500
11.010500
11.010500
11.010500
11.010500
11.010500
11.010500
11.010500
11.010500
11.010500
11.010500
11.010500
11.010500
11.010500
11.010500
11.010500
11.010500
11.010500
11.010500
11.010500
11.010500
11.010500
11.010500
11.010500
11.010500
11.010500
11.010500
11.010500
11.010500
11.010500
11.010500
11.010500
11.010500
11.010500
11.010500
11.010500
11.010500
11.010500
11.010500
11.010500
11.010500
11.010500
11.010500
11.010500
11.010500
11.010500
11.010500
11.010500
11.010500
11.010500
11.010500
11.010500
11.010500
11.010500
11.010500
11.010500
11.010500
11.010500
11.010500
11.010500
11.010500
11.010500
11.010500
11.010500
11.010500
11.010400
11.010400
11.010400
11.010400
11.010400
11.010400
11.010400
11.010400
11.010400
11.010400
11.010400
11.010400
11.010400
11.010400
11.010400
11.010400
11.010400
11.010400
11.010400
11.010400
11.010400
11.010400
11.010300
11.010300
11.010300
11.010300
11.010300
11.010300
11.010300
11.010300
11.010300
11.010300
11.010300
11.010300
11.010300
11.010300
11.010300
11.010300
11.010200
11.010200
11.010200
11.010200
11.010200
11.010200
11.010200
11.010200
11.010200
11.010200
11.010200
11.010200
11.010200
11.010200
11.010200
11.010100
11.010100
11.010100
11.010100
11.010100
11.010100
11.010100
11.010100
11.010100
11.010100
11.010100
11.010100
11.010100
11.010000
11.010000
11.010000
11.010000
11.010000
11.010000
11.010000
11.010000
11.010000
11.010000
11.010000
11.010000
11.010000
11.009900
11.009900
11.009900
11.009900
11.009900
11.009900
11.009900
11.009900
11.009900
11.009900
11.009900
11.009800
11.009800
11.009800
11.009800
11.009800
11.009800
11.009800
11.009800
11.009800
11.009800
11.009800
11.009700
11.009700
11.009700
11.009700
11.009700
11.009700
11.009700
11.009700
11.009700
11.009700
11.009700
11.009600
11.009600
11.009600
11.009600
11.009600
11.009600
11.009600
11.009600
11.009600
11.009600
11.009500
11.009500
11.009500
11.009500
11.009500
11.009500
11.009500
11.009500
11.009500
11.009500
11.009400
11.009400
11.009400
11.009400
11.009400
11.009400
11.009400
11.009400
11.009400
11.009400
11.009300
11.009300
11.009300
11.009300
11.009300
11.009300
11.009300
11.009300
11.009300
11.009300
11.009200
11.009200
11.009200
11.009200
11.009200
11.009200
11.009200
11.009200
11.009200
11.009100
11.009100
11.009100
11.009100
11.009100
11.009100
11.009100
11.009100
11.009100
11.009000
11.009000
11.009000
11.009000
11.009000
11.009000
11.009000
11.009000
11.009000
11.008900
11.008900
11.008900
11.008900
11.008900
11.008900
11.008900
11.008900
11.008900
11.008800
11.008800
11.008800
11.008800
11.008800
11.008800
11.008800
11.008800
11.008800
11.008700
11.008700
11.008700
11.008700
11.008700
11.008700
11.008700
11.008700
11.008600
11.008600
11.008600
11.008600
11.008600
11.008600
11.008600
11.008600
11.008600
11.008500
11.008500
11.008500
11.008500
11.008500
11.008500
11.008500
11.008500
11.008400
11.008400
11.008400
11.008400
11.008400
11.008400
11.008400
11.008400
11.008300
11.008300
11.008300
11.008300
11.008300
11.008300
11.008300
11.008300
11.008300
11.008200
11.008200
11.008200
11.008200
11.008200
11.008200
11.008200
11.008200
11.008100
11.008100
11.008100
11.008100
11.008100
11.008100
11.008100
11.008100
11.008000
11.008000
11.008000
11.008000
11.008000
11.008000
11.008000
11.008000
11.007900
11.007900
11.007900
11.007900
11.007900
11.007900
11.007900
11.007900
11.007800
11.007800
11.007800
11.007800
11.007800
11.007800
11.007800
11.007800
11.007700
11.007700
11.007700
11.007700
11.007700
11.007700
11.007700
11.007700
11.007600
11.007600
11.007600
11.007600
11.007600
11.007600
11.007600
11.007600
11.007500
11.007500
11.007500
11.007500
11.007500
11.007500
11.007500
11.007400
11.007400
11.007400
11.007400
11.007400
11.007400
11.007400
11.007400
11.007300
11.007300
11.007300
11.007300
11.007300
11.007300
11.007300
11.007300
11.007200
11.007200
11.007200
11.007200
11.007200
11.007200
11.007200
11.007200
11.007100
11.007100
11.007100
11.007100
11.007100
11.007100
11.007100
11.007000
11.007000
11.007000
11.007000
11.007000
11.007000
11.007000
11.007000
11.006900
11.006900
11.006900
11.006900
11.006900
11.006900
11.006900
11.006800
11.006800
11.006800
11.006800
11.006800
11.006800
11.006800
11.006800
11.006700
11.006700
11.006700
11.006700
11.006700
11.006700
11.006700
11.006700
11.006600
11.006600
11.006600
11.006600
11.006600
11.006600
11.006600
11.006500
11.006500
11.006500
11.006500
11.006500
11.006500
11.006500
11.006400
11.006400
11.006400
11.006400
11.006400
11.006400
11.006400
11.006400
11.006300
11.006300
11.006300
11.006300
11.006300
11.006300
11.006300
11.006200
11.006200
11.006200
11.006200
11.006200
11.006200
11.006200
11.006200
11.006100
11.006100
11.006100
11.006100
11.006100
11.006100
11.006100
11.006000
11.006000
11.006000
11.006000
11.006000
11.006000
11.006000
11.006000
11.005900
11.005900
11.005900
11.005900
11.005900
11.005900
11.005900
11.005800
11.005800
11.005800
11.005800
11.005800
11.005800
11.005800
11.005700
11.005700
11.005700
11.005700
11.005700
11.005700
11.005700
11.005700
11.005600
11.005600
11.005600
11.005600
11.005600
11.005600
11.005600
11.005500
11.005500
11.005500
11.005500
11.005500
11.005500
11.005500
11.005400
11.005400
11.005400
11.005400
11.005400
11.005400
11.005400
11.005400
11.005300
11.005300
11.005300
11.005300
11.005300
11.005300
11.005300
11.005200
11.005200
11.005200
11.005200
11.005200
11.005200
11.005200
11.005100
11.005100
11.005100
11.005100
11.005100
11.005100
11.005100
11.005000
11.005000
11.005000
11.005000
11.005000
11.005000
11.005000
11.005000
11.004900
11.004900
11.004900
11.004900
11.004900
11.004900
11.004900
11.004800
11.004800
11.004800
11.004800
11.004800
11.004800
11.004800
11.004700
11.004700
11.004700
11.004700
11.004700
11.004700
11.004700
11.004600
11.004600
11.004600
11.004600
11.004600
11.004600
11.004600
11.004500
11.004500
11.004500
11.004500
11.004500
11.004500
11.004500
11.004500
11.004400
11.004400
11.004400
11.004400
11.004400
11.004400
11.004400
11.004300
11.004300
11.004300
11.004300
11.004300
11.004300
11.004300
11.004200
11.004200
11.004200
11.004200
11.004200
11.004200
11.004200
11.004100
11.004100
11.004100
11.004100
11.004100
11.004100
11.004100
11.004000
11.004000
11.004000
11.004000
11.004000
11.004000
11.004000
11.003900
11.003900
11.003900
11.003900
11.003900
11.003900
11.003900
11.003800
11.003800
11.003800
11.003800
11.003800
11.003800
11.003800
11.003800
11.003700
11.003700
11.003700
11.003700
11.003700
11.003700
11.003700
11.003600
11.003600
11.003600
11.003600
11.003600
11.003600
11.003600
11.003500
11.003500
11.003500
11.003500
11.003500
11.003500
11.003500
11.003400
11.003400
11.003400
11.003400
11.003400
11.003400
11.003400
11.003300
11.003300
11.003300
11.003300
11.003300
11.003300
11.003300
11.003200
11.003200
11.003200
11.003200
11.003200
11.003200
11.003200
11.003100
11.003100
11.003100
11.003100
11.003100
11.003100
11.003100
11.003000
11.003000
11.003000
11.003000
11.003000
11.003000
11.003000
11.002900
11.002900
11.002900
11.002900
11.002900
11.002900
11.002900
11.002900
11.002800
11.002800
11.002800
11.002800
11.002800
11.002800
11.002800
11.002700
11.002700
11.002700
11.002700
11.002700
11.002700
11.002700
11.002600
11.002600
11.002600
11.002600
11.002600
11.002600
11.002600
11.002500
11.002500
11.002500
11.002500
11.002500
11.002500
11.002500
11.002400
11.002400
11.002400
11.002400
11.002400
11.002400
11.002400
11.002300
11.002300
11.002300
11.002300
11.002300
11.002300
11.002200
11.002300
11.005100
11.005600
11.005600
11.005600
11.005500
11.005400
11.005400
11.005300
11.005300
11.005200
11.005200
11.005200
11.005100
11.005100
11.005000
11.005000
11.005000
11.005000
11.005000
11.004900
11.004900
11.004900
11.004900
11.004900
11.004900
11.004900
11.005000
11.005000
11.005000
11.005000
11.005000
11.005000
11.005100
11.005100
11.005100
11.005100
11.005100
11.005200
11.005200
11.005200
11.005300
11.005300
11.005300
11.005400
11.005400
11.005400
11.005500
11.005500
11.005600
11.005600
11.005600
11.005700
11.005700
11.005800
11.005800
11.005800
11.005900
11.005900
11.006000
11.006000
11.006100
11.006100
11.006100
11.006200
11.006200
11.006300
11.006300
11.006400
11.006400
11.006500
11.006500
11.006500
11.006600
11.006600
11.006700
11.006700
11.006800
11.006800
11.006800
11.006900
11.006900
11.007000
11.007000
11.007100
11.007100
11.007100
11.007200
11.007200
11.007300
11.007300
11.007300
11.007400
11.007400
11.007500
11.007500
11.007500
11.007600
11.007600
11.007700
11.007700
11.007700
11.007800
11.007800
11.007800
11.007900
11.007900
11.008000
11.008000
11.008000
11.008100
11.008100
11.008100
11.008200
11.008200
11.008200
11.008300
11.008300
11.008300
11.008400
11.008400
11.008400
11.008500
11.008500
11.008500
11.008600
11.008600
11.008600
11.008700
11.008700
11.008700
11.008700
11.008800
11.008800
11.008800
11.008900
11.008900
11.008900
11.008900
11.009000
11.009000
11.009000
11.009000
11.009100
11.009100
11.009100
11.009100
11.009200
11.009200
11.009200
11.009200
11.009300
11.009300
11.009300
11.009300
11.009400
11.009400
11.009400
11.009400
11.009500
11.009500
11.009500
11.009500
11.009500
11.009600
11.009600
11.009600
11.009600
11.009600
11.009700
11.009700
11.009700
11.009700
11.009700
11.009700
11.009800
11.009800
11.009800
11.009800
11.009800
11.009900
11.009900
11.009900
11.009900
11.009900
11.009900
11.009900
11.010000
11.010000
11.010000
11.010000
11.010000
11.010000
11.010000
11.010100
11.010100
11.010100
11.010100
11.010100
11.010100
11.010100
11.010100
11.010200
11.010200
11.010200
11.010200
11.010200
11.010200
11.010200
11.010200
11.010200
11.010300
11.010300
11.010300
11.010300
11.010300
11.010300
11.010300
11.010300
11.010300
11.010300
11.010300
11.010300
11.010400
11.010400
11.010400
11.010400
11.010400
11.010400
11.010400
11.010400
11.010400
11.010400
11.010400
11.010400
11.010400
11.010400
11.010400
11.010400
11.010500
11.010500
11.010500
11.010500
11.010500
11.010500
11.010500
11.010500
11.010500
11.010500
11.010500
11.010500
11.010500
11.010500
11.010500
11.010500
11.010500
11.010500
11.010500
11.010500
11.010500
11.010500
11.010500
11.010500
11.010500
11.010500
11.010500
11.010500
11.010500
11.010500
11.010500
11.010500
11.010500
11.010500
11.010500
11.010500
11.010500
11.010500
11.010500
11.010500
11.010500
11.010500
11.010500
11.010500
11.010500
11.010500
11.010500
11.010500
11.010500
11.010500
11.010500
11.010500
11.010500
11.010500
11.010500
11.010500
11.010500
11.010500
11.010500
11.010500
11.010500
11.010500
11.010500
11.010500
11.010500
11.010500
11.010500
11.010500
11.010500
11.010500
11.010500
11.010500
11.010500
11.010500
11.010500
11.010500
11.010500
11.010500
11.010500
11.010500
11.010500
11.010400
11.010400
11.010400
11.010400
11.010400
11.010400
11.010400
11.010400
11.010400
11.010400
11.010400
11.010400
11.010400
11.010400
11.010400
11.010400
11.010400
11.010400
11.010400
11.010400
11.010400
11.010300
11.010300
11.010300
11.010300
11.010300
11.010300
11.010300
11.010300
11.010300
11.010300
11.010300
11.010300
11.010300
11.010300
11.010300
11.010300
11.010300
11.010200
11.010200
11.010200
11.010200
11.010200
11.010200
11.010200
11.010200
11.010200
11.010200
11.010200
11.010200
11.010200
11.010200
11.010100
11.010100
11.010100
11.010100
11.010100
11.010100
11.010100
11.010100
11.010100
11.010100
11.010100
11.010100
11.010100
11.010000
11.010000
11.010000
11.010000
11.010000
11.010000
11.010000
11.010000
11.010000
11.010000
11.010000
11.010000
11.010000
11.009900
11.009900
11.009900
11.009900
11.009900
11.009900
11.009900
11.009900
11.009900
11.009900
11.009900
11.009800
11.009800
11.009800
11.009800
11.009800
11.009800
11.009800
11.009800
11.009800
11.009800
11.009800
11.009700
11.009700
11.009700
11.009700
11.009700
11.009700
11.009700
11.009700
11.009700
11.009700
11.009700
11.009600
11.009600
11.009600
11.009600
11.009600
11.009600
11.009600
11.009600
11.009600
11.009600
11.009500
11.009500
11.009500
11.009500
11.009500
11.009500
11.009500
11.009500
11.009500
11.009500
11.009400
11.009400
11.009400
11.009400
11.009400
11.009400
11.009400
11.009400
11.009400
11.009400
11.009300
11.009300
11.009300
11.009300
11.009300
11.009300
11.009300
11.009300
11.009300
11.009300
11.009200
11.009200
11.009200
11.009200
11.009200
11.009200
11.009200
11.009200
11.009200
11.009100
11.009100
11.009100
11.009100
11.009100
11.009100
11.009100
11.009100
11.009100
11.009000
11.009000
11.009000
11.009000
11.009000
11.009000
11.009000
11.009000
11.009000
11.008900
11.008900
11.008900
11.008900
11.008900
11.008900
11.008900
11.008900
11.008900
11.008800
11.008800
11.008800
11.008800
11.008800
11.008800
11.008800
11.008800
11.008800
11.008700
11.008700
11.008700
11.008700
11.008700
11.008700
11.008700
11.008700
11.008600
11.008600
11.008600
11.008600
11.008600
11.008600
11.008600
11.008600
11.008600
11.008500
11.008500
11.008500
11.008500
11.008500
11.008500
11.008500
11.008500
11.008400
11.008400
11.008400
11.008400
11.008400
11.008400
11.008400
11.008400
11.008300
11.008300
11.008300
11.008300
11.008300
11.008300
11.008300
11.008300
11.008300
11.008200
11.008200
11.008200
11.008200
11.008200
11.008200
11.008200
11.008200
11.008100
11.008100
11.008100
11.008100
11.008100
11.008100
11.008100
11.008100
11.008000
11.008000
11.008000
11.008000
11.008000
11.008000
11.008000
11.008000
11.007900
11.007900
11.007900
11.007900
11.007900
11.007900
11.007900
11.007900
11.007800
11.007800
11.007800
11.007800
11.007800
11.007800
11.007800
11.007800
11.007700
11.007700
11.007700
11.007700
11.007700
11.007700
11.007700
11.007700
11.007600
11.007600
11.007600
11.007600
11.007600
11.007600
11.007600
11.007600
11.007500
11.007500
11.007500
11.007500
11.007500
11.007500
11.007500
11.007400
11.007400
11.007400
11.007400
11.007400
11.007400
11.007400
11.007400
11.007300
11.007300
11.007300
11.007300
11.007300
11.007300
11.007300
11.007300
11.007200
11.007200
11.007200
11.007200
11.007200
11.007200
11.007200
11.007200
11.007100
11.007100
11.007100
11.007100
11.007100
11.007100
11.007100
11.007000
11.007000
11.007000
11.007000
11.007000
11.007000
11.007000
11.007000
11.006900
11.006900
11.006900
11.006900
11.006900
11.006900
11.006900
11.006800
11.006800
11.006800
11.006800
11.006800
11.006800
11.006800
11.006800
11.006700
11.006700
11.006700
11.006700
11.006700
11.006700
11.006700
11.006700
11.006600
11.006600
11.006600
11.006600
11.006600
11.006600
11.006600
11.006500
11.006500
11.006500
11.006500
11.006500
11.006500
11.006500
11.006500
11.006400
11.006400
11.006400
11.006400
11.006400
11.006400
11.006400
11.006300
11.006300
11.006300
11.006300
11.006300
11.006300
11.006300
11.006200
11.006200
11.006200
11.006200
11.006200
11.006200
11.006200
11.006200
11.006100
11.006100
11.006100
11.006100
11.006100
11.006100
11.006100
11.006000
11.006000
11.006000
11.006000
11.006000
11.006000
11.006000
11.006000
11.005900
11.005900
11.005900
11.005900
11.005900
11.005900
11.005900
11.005800
11.005800
11.005800
11.005800
11.005800
11.005800
11.005800
11.005700
11.005700
11.005700
11.005700
11.005700
11.005700
11.005700
11.005700
11.005600
11.005600
11.005600
11.005600
11.005600
11.005600
11.005600
11.005500
11.005500
11.005500
11.005500
11.005500
11.005500
11.005500
11.005400
11.005400
11.005400
11.005400
11.005400
11.005400
11.005400
11.005400
11.005300
11.005300
11.005300
11.005300
11.005300
11.005300
11.005300
11.005200
11.005200
11.005200
11.005200
11.005200
11.005200
11.005200
11.005100
11.005100
11.005100
11.005100
11.005100
11.005100
11.005100
11.005000
11.005000
11.005000
11.005000
11.005000
11.005000
11.005000
11.005000
11.004900
11.004900
11.004900
11.004900
11.004900
11.004900
11.004900
11.004800
11.004800
11.004800
11.004800
11.004800
11.004800
11.004800
11.004700
11.004700
11.004700
11.004700
11.004700
11.004700
11.004700
11.004600
11.004600
11.004600
11.004600
11.004600
11.004600
11.004600
11.004500
11.004500
11.004500
11.004500
11.004500
11.004500
11.004500
11.004500
11.004400
11.004400
11.004400
11.004400
11.004400
11.004400
11.004400
11.004300
11.004300
11.004300
11.004300
11.004300
11.004300
11.004300
11.004200
11.004200
11.004200
11.004200
11.004200
11.004200
11.004200
11.004100
11.004100
11.004100
11.004100
11.004100
11.004100
11.004100
11.004000
11.004000
11.004000
11.004000
11.004000
11.004000
11.004000
11.003900
11.003900
11.003900
11.003900
11.003900
11.003900
11.003900
11.003900
11.003800
11.003800
11.003800
11.003800
11.003800
11.003800
11.003800
11.003700
11.003700
11.003700
11.003700
11.003700
11.003700
11.003700
11.003600
11.003600
11.003600
11.003600
11.003600
11.003600
11.003600
11.003500
11.003500
11.003500
11.003500
11.003500
11.003500
11.003500
11.003400
11.003400
11.003400
11.003400
11.003400
11.003400
11.003400
11.003300
11.003300
11.003300
11.003300
11.003300
11.003300
11.003300
11.003200
11.003200
11.003200
11.003200
11.003200
11.003200
11.003200
11.003100
11.003100
11.003100
11.003100
11.003100
11.003100
11.003100
11.003000
11.003000
11.003000
11.003000
11.003000
11.003000
11.003000
11.003000
11.002900
11.002900
11.002900
11.002900
11.002900
11.002900
11.002900
11.002800
11.002800
11.002800
11.002800
11.002800
11.002800
11.002800
11.002700
11.002700
11.002700
11.002700
11.002700
11.002700
11.002700
11.002600
11.002600
11.002600
11.002600
11.002600
11.002600
11.002600
11.002500
11.002500
11.002500
11.002500
11.002500
11.002500
11.002500
11.002400
11.002400
11.002400
11.002400
11.002400
11.002400
11.002400
11.002300
11.002300
11.002300
