0.103442
0.103589
0.104167
0.105516
0.108439
0.117332
0.512881
0.500395
0.508255
0.556147
0.627206
0.742214
0.888834
1.021800
1.125760
1.201290
1.253920
1.289840
1.314580
1.332470
1.346170
1.356760
1.364230
1.368370
1.369570
1.368770
1.366920
1.364620
1.362190
1.359710
1.357210
1.354650
1.352010
1.349270
1.346420
1.343460
1.340380
1.337180
1.333880
1.330460
1.326930
1.323300
1.319560
1.315720
1.311780
1.307750
1.303610
1.299390
1.295070
1.290670
1.286180
1.281620
1.276980
1.272260
1.267470
1.262610
1.257680
1.252690
1.247640
1.242530
1.237360
1.232140
1.226870
1.221540
1.216170
1.210750
1.205290
1.199790
1.194240
1.188660
1.183040
1.177390
1.171700
1.165990
1.160240
1.154460
1.148660
1.142830
1.136980
1.131110
1.125210
1.119300
1.113370
1.107420
1.101450
1.095480
1.089480
1.083480
1.077470
1.071440
1.065410
1.059370
1.053320
1.047270
1.041220
1.035160
1.029100
1.023040
1.016970
1.010910
1.004850
0.998792
0.992736
0.986685
0.980639
0.974599
0.968564
0.962538
0.956519
0.950509
0.944508
0.938518
0.932539
0.926571
0.920615
0.914673
0.908744
0.902829
0.896930
0.891045
0.885177
0.879326
0.873491
0.867675
0.861877
0.856098
0.850338
0.844599
0.838880
0.833182
0.827505
0.821850
0.816218
0.810609
0.805023
0.799461
0.793923
0.788409
0.782921
0.777458
0.772021
0.766610
0.761225
0.755867
0.750537
0.745234
0.739959
0.734712
0.729494
0.724304
0.719143
0.714012
0.708910
0.703838
0.698797
0.693785
0.688804
0.683854
0.678935
0.674047
0.669190
0.664364
0.659571
0.654809
0.650079
0.645381
0.640715
0.636082
0.631481
0.626912
0.622377
0.617874
0.613403
0.608966
0.604561
0.600189
0.595850
0.591545
0.587272
0.583032
0.578825
0.574651
0.570511
0.566403
0.562328
0.558286
0.554277
0.550301
0.546357
0.542447
0.538568
0.534723
0.530910
0.527129
0.523381
0.519664
0.515980
0.512328
0.508708
0.505119
0.501562
0.498037
0.494542
0.491079
0.487648
0.484247
0.480876
0.477536
0.474227
0.470948
0.467699
0.464480
0.461290
0.458130
0.455000
0.451899
0.448826
0.445783
0.442768
0.439781
0.436823
0.433892
0.430990
0.428115
0.425267
0.422447
0.419654
0.416887
0.414147
0.411433
0.408745
0.406083
0.403447
0.400837
0.398251
0.395691
0.393156
0.390645
0.388158
0.385696
0.383258
0.380843
0.378452
0.376084
0.373740
0.371418
0.369119
0.366842
0.364587
0.362355
0.360144
0.357955
0.355787
0.353641
0.351515
0.349410
0.347326
0.345262
0.343218
0.341194
0.339190
0.337205
0.335240
0.333293
0.331366
0.329457
0.327567
0.325695
0.323841
0.322005
0.320187
0.318387
0.316603
0.314837
0.313088
0.311356
0.309640
0.307941
0.306258
0.304592
0.302941
0.301306
0.299686
0.298082
0.296493
0.294919
0.293360
0.291816
0.290286
0.288771
0.287270
0.285783
0.284310
0.282851
0.281405
0.279973
0.278554
0.277148
0.275756
0.274376
0.273009
0.271655
0.270313
0.268983
0.267666
0.266361
0.265067
0.263786
0.262516
0.261257
0.260010
0.258775
0.257550
0.256336
0.255134
0.253942
0.252761
0.251590
0.250430
0.249280
0.248140
0.247011
0.245891
0.244782
0.243682
0.242591
0.241511
0.240440
0.239378
0.238325
0.237282
0.236247
0.235222
0.234205
0.233198
0.232199
0.231208
0.230226
0.229253
0.228288
0.227331
0.226382
0.225442
0.224509
0.223584
0.222667
0.221758
0.220857
0.219963
0.219077
0.218198
0.217327
0.216463
0.215606
0.214756
0.213914
0.213078
0.212249
0.211428
0.210613
0.209805
0.209003
0.208209
0.207420
0.206639
0.205864
0.205095
0.204332
0.203576
0.202826
0.202082
0.201344
0.200613
0.199887
0.199167
0.198453
0.197745
0.197043
0.196346
0.195655
0.194970
0.194290
0.193616
0.192947
0.192283
0.191625
0.190973
0.190325
0.189683
0.189046
0.188414
0.187787
0.187165
0.186549
0.185937
0.185330
0.184728
0.184130
0.183538
0.182950
0.182367
0.181788
0.181215
0.180645
0.180081
0.179520
0.178965
0.178413
0.177866
0.177323
0.176785
0.176251
0.175721
0.175195
0.174674
0.174156
0.173643
0.173133
0.172628
0.172127
0.171629
0.171135
0.170646
0.170160
0.169678
0.169199
0.168725
0.168254
0.167787
0.167323
0.166863
0.166407
0.165954
0.165505
0.165059
0.164616
0.164177
0.163742
0.163309
0.162880
0.162455
0.162032
0.161613
0.161197
0.160785
0.160375
0.159969
0.159565
0.159165
0.158768
0.158374
0.157983
0.157595
0.157209
0.156827
0.156448
0.156071
0.155698
0.155327
0.154959
0.154594
0.154231
0.153871
0.153514
0.153160
0.152808
0.152459
0.152113
0.151769
0.151428
0.151089
0.150753
0.150419
0.150088
0.149759
0.149433
0.149109
0.148788
0.148469
0.148152
0.147837
0.147525
0.147216
0.146908
0.146603
0.146300
0.145999
0.145701
0.145405
0.145111
0.144819
0.144529
0.144241
0.143956
0.143672
0.143391
0.143111
0.142834
0.142558
0.142285
0.142014
0.141744
0.141477
0.141211
0.140948
0.140686
0.140426
0.140168
0.139912
0.139658
0.139406
0.139155
0.138906
0.138659
0.138414
0.138171
0.137929
0.137689
0.137451
0.137214
0.136979
0.136746
0.136514
0.136284
0.136056
0.135829
0.135604
0.135381
0.135159
0.134939
0.134720
0.134503
0.134287
0.134073
0.133860
0.133649
0.133439
0.133231
0.133024
0.132819
0.132615
0.132412
0.132211
0.132012
0.131813
0.131616
0.131421
0.131227
0.131034
0.130843
0.130652
0.130464
0.130276
0.130090
0.129905
0.129721
0.129539
0.129358
0.129178
0.128999
0.128822
0.128646
0.128471
0.128297
0.128125
0.127953
0.127783
0.127614
0.127446
0.127279
0.127114
0.126949
0.126786
0.126624
0.126462
0.126302
0.126143
0.125986
0.125829
0.125673
0.125518
0.125365
0.125212
0.125061
0.124910
0.124761
0.124612
0.124465
0.124318
0.124172
0.124028
0.123884
0.123742
0.123600
0.123459
0.123320
0.123181
0.123043
0.122906
0.122770
0.122635
0.122501
0.122367
0.122235
0.122103
0.121973
0.121843
0.121714
0.121586
0.121459
0.121332
0.121207
0.121082
0.120958
0.120835
0.120713
0.120591
0.120471
0.120351
0.120232
0.120114
0.119996
0.119879
0.119763
0.119648
0.119534
0.119420
0.119307
0.119195
0.119084
0.118973
0.118863
0.118754
0.118645
0.118538
0.118430
0.118324
0.118218
0.118113
0.118009
0.117905
0.117802
0.117700
0.117598
0.117498
0.117397
0.117298
0.117199
0.117100
0.117003
0.116905
0.116809
0.116713
0.116618
0.116523
0.116430
0.116336
0.116243
0.116151
0.116060
0.115969
0.115878
0.115789
0.115700
0.115611
0.115523
0.115435
0.115349
0.115262
0.115176
0.115091
0.115006
0.114922
0.114839
0.114756
0.114673
0.114591
0.114510
0.114429
0.114348
0.114269
0.114189
0.114110
0.114032
0.113954
0.113877
0.113800
0.113724
0.113648
0.113572
0.113497
0.113423
0.113349
0.113276
0.113203
0.113130
0.113058
0.112986
0.112915
0.112845
0.112774
0.112705
0.112635
0.112566
0.112498
0.112430
0.112362
0.112295
0.112228
0.112162
0.112096
0.112031
0.111966
0.111901
0.111837
0.111773
0.111710
0.111647
0.111584
0.111522
0.111460
0.111399
0.111338
0.111277
0.111217
0.111157
0.111098
0.111038
0.110980
0.110921
0.110863
0.110806
0.110749
0.110692
0.110635
0.110579
0.110523
0.110468
0.110413
0.110358
0.110304
0.110250
0.110196
0.110142
0.110089
0.110037
0.109984
0.109932
0.109881
0.109829
0.109778
0.109728
0.109677
0.109627
0.109577
0.109528
0.109479
0.109430
0.109381
0.109333
0.109285
0.109238
0.109191
0.109144
0.109097
0.109050
0.109004
0.108959
0.108913
0.108868
0.108823
0.108778
0.108734
0.108690
0.108646
0.108602
0.108559
0.108516
0.108473
0.108431
0.108389
0.108347
0.108305
0.108264
0.108223
0.108182
0.108141
0.108101
0.108061
0.108021
0.107981
0.107942
0.107903
0.107864
0.107826
0.107787
0.107749
0.107711
0.107674
0.107636
0.107599
0.107562
0.107526
0.107489
0.107453
0.107417
0.107381
0.107346
0.107310
0.107275
0.107240
0.107206
0.107171
0.107137
0.107103
0.107069
0.107036
0.107003
0.106969
0.106937
0.106904
0.106871
0.106839
0.106807
0.106775
0.106743
0.106712
0.106681
0.106650
0.106619
0.106588
0.106558
0.106527
0.106497
0.106467
0.106438
0.106408
0.106379
0.106350
0.106321
0.106292
0.106263
0.106235
0.106207
0.106179
0.106151
0.106123
0.106095
0.106068
0.106041
0.106014
0.105987
0.105960
0.105934
0.105908
0.105881
0.105856
0.105830
0.105804
0.105779
0.105753
0.105728
0.105703
0.105678
0.105654
0.105629
0.105605
0.105581
0.105556
0.105533
0.105509
0.105485
0.105462
0.105439
0.105415
0.105392
0.105370
0.105347
0.105324
0.105302
0.105280
0.105258
0.105236
0.105214
0.105192
0.105171
0.105149
0.105128
0.105107
0.105086
0.105065
0.105044
0.105024
0.105003
0.104983
0.104963
0.104943
0.104923
0.104903
0.104883
0.104864
0.104844
0.104825
0.104806
0.104787
0.104768
0.104749
0.104731
0.104712
0.104694
0.104675
0.104657
0.104639
0.104621
0.104603
0.104586
0.104568
0.104550
0.104533
0.104516
0.104499
0.104482
0.104465
0.104448
0.104431
0.104415
0.104398
0.104382
0.104366
0.104350
0.104334
0.104318
0.104302
0.104286
0.104270
0.104255
0.104240
0.104224
0.104209
0.104194
0.104179
0.104164
0.104149
0.104135
0.104120
0.104105
0.104091
0.104077
0.104062
0.104048
0.104034
0.104020
0.104007
0.103993
0.103979
0.103966
0.103952
0.103939
0.103925
0.103912
0.103899
0.103886
0.103873
0.103860
0.103848
0.103835
0.103822
0.103810
0.103797
0.103785
0.103773
0.103761
0.103749
0.103737
0.103725
0.103713
0.103701
0.103690
0.103678
0.103666
0.103655
0.103644
0.103632
0.103621
0.103610
0.103599
0.103588
0.103577
0.103566
0.103556
0.103545
0.103534
0.103524
0.103513
0.103503
0.103493
0.103483
0.103472
0.103462
0.103452
0.103442
0.103589
0.104167
0.105516
0.108439
0.117332
0.512848
0.500372
0.508234
0.556123
0.627178
0.742156
0.888780
1.021760
1.125730
1.201270
1.253910
1.289830
1.314580
1.332460
1.346160
1.356760
1.364220
1.368360
1.369570
1.368770
1.366910
1.364610
1.362170
1.359700
1.357200
1.354640
1.352000
1.349260
1.346410
1.343440
1.340360
1.337170
1.333860
1.330440
1.326920
1.323290
1.319550
1.315710
1.311770
1.307730
1.303600
1.299370
1.295050
1.290650
1.286170
1.281600
1.276960
1.272240
1.267450
1.262590
1.257670
1.252680
1.247620
1.242510
1.237350
1.232130
1.226850
1.221530
1.216150
1.210740
1.205270
1.199770
1.194230
1.188650
1.183030
1.177370
1.171690
1.165970
1.160220
1.154450
1.148640
1.142820
1.136960
1.131090
1.125200
1.119280
1.113350
1.107400
1.101440
1.095460
1.089470
1.083460
1.077450
1.071430
1.065390
1.059350
1.053310
1.047260
1.041200
1.035140
1.029080
1.023020
1.016960
1.010890
1.004830
0.998776
0.992721
0.986670
0.980624
0.974583
0.968549
0.962522
0.956504
0.950494
0.944493
0.938503
0.932523
0.926556
0.920600
0.914658
0.908729
0.902814
0.896915
0.891031
0.885162
0.879311
0.873477
0.867661
0.861863
0.856084
0.850324
0.844585
0.838866
0.833168
0.827491
0.821837
0.816204
0.810595
0.805009
0.799447
0.793909
0.788396
0.782907
0.777444
0.772007
0.766596
0.761212
0.755854
0.750524
0.745221
0.739946
0.734699
0.729481
0.724291
0.719131
0.713999
0.708898
0.703826
0.698785
0.693773
0.688792
0.683842
0.678923
0.674035
0.669178
0.664353
0.659559
0.654798
0.650068
0.645370
0.640704
0.636071
0.631470
0.626902
0.622366
0.617863
0.613393
0.608955
0.604551
0.600179
0.595840
0.591535
0.587262
0.583022
0.578815
0.574642
0.570501
0.566393
0.562318
0.558277
0.554268
0.550291
0.546348
0.542437
0.538559
0.534714
0.530901
0.527120
0.523372
0.519656
0.515971
0.512319
0.508699
0.505111
0.501554
0.498028
0.494534
0.491071
0.487639
0.484238
0.480868
0.477529
0.474219
0.470940
0.467691
0.464472
0.461283
0.458123
0.454993
0.451891
0.448819
0.445776
0.442761
0.439774
0.436816
0.433886
0.430983
0.428108
0.425261
0.422440
0.419647
0.416880
0.414140
0.411427
0.408739
0.406077
0.403441
0.400831
0.398245
0.395685
0.393150
0.390639
0.388153
0.385690
0.383252
0.380837
0.378446
0.376079
0.373734
0.371412
0.369113
0.366836
0.364582
0.362350
0.360139
0.357950
0.355782
0.353636
0.351510
0.349405
0.347321
0.345257
0.343213
0.341189
0.339185
0.337200
0.335235
0.333288
0.331361
0.329452
0.327562
0.325690
0.323836
0.322001
0.320182
0.318382
0.316599
0.314833
0.313084
0.311352
0.309636
0.307937
0.306254
0.304587
0.302936
0.301301
0.299682
0.298078
0.296489
0.294915
0.293356
0.291812
0.290282
0.288767
0.287266
0.285779
0.284306
0.282847
0.281401
0.279969
0.278550
0.277145
0.275752
0.274373
0.273006
0.271651
0.270309
0.268980
0.267663
0.266357
0.265064
0.263782
0.262512
0.261254
0.260007
0.258771
0.257547
0.256333
0.255131
0.253939
0.252758
0.251587
0.250427
0.249277
0.248137
0.247008
0.245888
0.244778
0.243679
0.242588
0.241508
0.240436
0.239375
0.238322
0.237279
0.236244
0.235219
0.234203
0.233195
0.232196
0.231205
0.230224
0.229250
0.228285
0.227328
0.226379
0.225439
0.224506
0.223582
0.222665
0.221756
0.220854
0.219961
0.219074
0.218196
0.217324
0.216460
0.215603
0.214754
0.213911
0.213076
0.212247
0.211425
0.210611
0.209802
0.209001
0.208206
0.207418
0.206637
0.205861
0.205093
0.204330
0.203574
0.202824
0.202080
0.201342
0.200611
0.199885
0.199165
0.198451
0.197743
0.197041
0.196344
0.195653
0.194968
0.194288
0.193614
0.192945
0.192282
0.191624
0.190971
0.190323
0.189681
0.189044
0.188412
0.187785
0.187164
0.186547
0.185935
0.185328
0.184726
0.184129
0.183536
0.182948
0.182365
0.181787
0.181213
0.180644
0.180079
0.179519
0.178963
0.178412
0.177865
0.177322
0.176783
0.176249
0.175719
0.175194
0.174672
0.174155
0.173641
0.173132
0.172626
0.172125
0.171628
0.171134
0.170644
0.170158
0.169676
0.169198
0.168723
0.168253
0.167785
0.167322
0.166862
0.166405
0.165953
0.165503
0.165057
0.164615
0.164176
0.163740
0.163308
0.162879
0.162453
0.162031
0.161612
0.161196
0.160783
0.160374
0.159968
0.159564
0.159164
0.158767
0.158373
0.157982
0.157593
0.157208
0.156826
0.156447
0.156070
0.155697
0.155326
0.154958
0.154592
0.154230
0.153870
0.153513
0.153159
0.152807
0.152458
0.152112
0.151768
0.151427
0.151088
0.150752
0.150418
0.150087
0.149758
0.149432
0.149108
0.148787
0.148468
0.148151
0.147837
0.147525
0.147215
0.146907
0.146602
0.146299
0.145999
0.145700
0.145404
0.145110
0.144818
0.144528
0.144240
0.143955
0.143671
0.143390
0.143110
0.142833
0.142558
0.142284
0.142013
0.141744
0.141476
0.141211
0.140947
0.140685
0.140426
0.140168
0.139912
0.139657
0.139405
0.139154
0.138906
0.138659
0.138413
0.138170
0.137928
0.137688
0.137450
0.137213
0.136978
0.136745
0.136514
0.136284
0.136055
0.135829
0.135604
0.135380
0.135158
0.134938
0.134719
0.134502
0.134286
0.134072
0.133859
0.133648
0.133438
0.133230
0.133023
0.132818
0.132614
0.132412
0.132211
0.132011
0.131813
0.131616
0.131420
0.131226
0.131034
0.130842
0.130652
0.130463
0.130276
0.130089
0.129905
0.129721
0.129539
0.129357
0.129178
0.128999
0.128822
0.128645
0.128470
0.128297
0.128124
0.127953
0.127782
0.127613
0.127446
0.127279
0.127113
0.126949
0.126785
0.126623
0.126462
0.126302
0.126143
0.125985
0.125828
0.125673
0.125518
0.125364
0.125212
0.125060
0.124910
0.124760
0.124612
0.124464
0.124318
0.124172
0.124028
0.123884
0.123741
0.123600
0.123459
0.123319
0.123180
0.123043
0.122906
0.122770
0.122634
0.122500
0.122367
0.122235
0.122103
0.121972
0.121842
0.121714
0.121585
0.121458
0.121332
0.121206
0.121082
0.120958
0.120835
0.120712
0.120591
0.120470
0.120350
0.120231
0.120113
0.119996
0.119879
0.119763
0.119648
0.119534
0.119420
0.119307
0.119195
0.119083
0.118973
0.118863
0.118754
0.118645
0.118537
0.118430
0.118324
0.118218
0.118113
0.118009
0.117905
0.117802
0.117700
0.117598
0.117497
0.117397
0.117297
0.117198
0.117100
0.117002
0.116905
0.116809
0.116713
0.116618
0.116523
0.116429
0.116336
0.116243
0.116151
0.116060
0.115969
0.115878
0.115789
0.115699
0.115611
0.115523
0.115435
0.115348
0.115262
0.115176
0.115091
0.115006
0.114922
0.114839
0.114756
0.114673
0.114591
0.114510
0.114429
0.114348
0.114268
0.114189
0.114110
0.114032
0.113954
0.113877
0.113800
0.113723
0.113648
0.113572
0.113497
0.113423
0.113349
0.113275
0.113202
0.113130
0.113058
0.112986
0.112915
0.112844
0.112774
0.112704
0.112635
0.112566
0.112498
0.112430
0.112362
0.112295
0.112228
0.112162
0.112096
0.112031
0.111966
0.111901
0.111837
0.111773
0.111710
0.111647
0.111584
0.111522
0.111460
0.111399
0.111338
0.111277
0.111217
0.111157
0.111097
0.111038
0.110980
0.110921
0.110863
0.110806
0.110748
0.110692
0.110635
0.110579
0.110523
0.110468
0.110413
0.110358
0.110304
0.110249
0.110196
0.110142
0.110089
0.110037
0.109984
0.109932
0.109881
0.109829
0.109778
0.109728
0.109677
0.109627
0.109577
0.109528
0.109479
0.109430
0.109381
0.109333
0.109285
0.109238
0.109190
0.109143
0.109097
0.109050
0.109004
0.108958
0.108913
0.108868
0.108823
0.108778
0.108734
0.108690
0.108646
0.108602
0.108559
0.108516
0.108473
0.108431
0.108389
0.108347
0.108305
0.108264
0.108223
0.108182
0.108141
0.108101
0.108061
0.108021
0.107981
0.107942
0.107903
0.107864
0.107826
0.107787
0.107749
0.107711
0.107674
0.107636
0.107599
0.107562
0.107526
0.107489
0.107453
0.107417
0.107381
0.107346
0.107310
0.107275
0.107240
0.107206
0.107171
0.107137
0.107103
0.107069
0.107036
0.107003
0.106969
0.106937
0.106904
0.106871
0.106839
0.106807
0.106775
0.106743
0.106712
0.106681
0.106650
0.106619
0.106588
0.106558
0.106527
0.106497
0.106467
0.106438
0.106408
0.106379
0.106350
0.106321
0.106292
0.106263
0.106235
0.106207
0.106179
0.106151
0.106123
0.106095
0.106068
0.106041
0.106014
0.105987
0.105960
0.105934
0.105908
0.105882
0.105856
0.105830
0.105804
0.105779
0.105753
0.105728
0.105703
0.105678
0.105654
0.105629
0.105605
0.105581
0.105557
0.105533
0.105509
0.105485
0.105462
0.105439
0.105415
0.105392
0.105370
0.105347
0.105324
0.105302
0.105280
0.105258
0.105236
0.105214
0.105192
0.105171
0.105149
0.105128
0.105107
0.105086
0.105065
0.105044
0.105024
0.105003
0.104983
0.104963
0.104943
0.104923
0.104903
0.104883
0.104864
0.104844
0.104825
0.104806
0.104787
0.104768
0.104749
0.104731
0.104712
0.104694
0.104675
0.104657
0.104639
0.104621
0.104603
0.104586
0.104568
0.104551
0.104533
0.104516
0.104499
0.104482
0.104465
0.104448
0.104431
0.104415
0.104398
0.104382
0.104366
0.104350
0.104334
0.104318
0.104302
0.104286
0.104271
0.104255
0.104240
0.104224
0.104209
0.104194
0.104179
0.104164
0.104149
0.104135
0.104120
0.104105
0.104091
0.104077
0.104063
0.104048
0.104034
0.104020
0.104007
0.103993
0.103979
0.103966
0.103952
0.103939
0.103926
0.103912
0.103899
0.103886
0.103873
0.103860
0.103848
0.103835
0.103822
0.103810
0.103798
0.103785
0.103773
0.103761
0.103749
0.103737
0.103725
0.103713
0.103701
0.103690
0.103678
0.103666
0.103655
0.103644
0.103632
0.103621
0.103610
0.103599
0.103588
0.103577
0.103566
0.103556
0.103545
0.103534
0.103524
0.103513
0.103503
0.103493
0.103483
0.103472
0.103462
0.103452
0.103442
0.103589
0.104168
0.105516
0.108439
0.117334
0.512884
0.500391
0.508255
0.556148
0.627209
0.742183
0.888807
1.021780
1.125750
1.201290
1.253910
1.289830
1.314580
1.332460
1.346160
1.356750
1.364210
1.368350
1.369560
1.368760
1.366890
1.364590
1.362160
1.359690
1.357180
1.354620
1.351980
1.349240
1.346390
1.343430
1.340350
1.337150
1.333850
1.330430
1.326900
1.323270
1.319530
1.315690
1.311750
1.307710
1.303580
1.299350
1.295040
1.290640
1.286150
1.281590
1.276940
1.272220
1.267430
1.262580
1.257650
1.252660
1.247610
1.242500
1.237330
1.232110
1.226830
1.221510
1.216140
1.210720
1.205260
1.199750
1.194210
1.188630
1.183010
1.177360
1.171670
1.165950
1.160210
1.154430
1.148630
1.142800
1.136950
1.131070
1.125180
1.119270
1.113330
1.107390
1.101420
1.095440
1.089450
1.083450
1.077430
1.071410
1.065380
1.059340
1.053290
1.047240
1.041190
1.035130
1.029070
1.023000
1.016940
1.010880
1.004820
0.998761
0.992706
0.986655
0.980609
0.974569
0.968535
0.962508
0.956489
0.950479
0.944479
0.938489
0.932509
0.926542
0.920586
0.914644
0.908715
0.902801
0.896901
0.891017
0.885149
0.879298
0.873464
0.867647
0.861850
0.856071
0.850311
0.844572
0.838853
0.833155
0.827478
0.821824
0.816192
0.810583
0.804997
0.799435
0.793897
0.788384
0.782895
0.777433
0.771995
0.766585
0.761200
0.755843
0.750512
0.745210
0.739935
0.734688
0.729470
0.724280
0.719120
0.713989
0.708887
0.703815
0.698774
0.693762
0.688782
0.683831
0.678912
0.674024
0.669168
0.664343
0.659549
0.654787
0.650057
0.645360
0.640694
0.636061
0.631460
0.626892
0.622356
0.617853
0.613383
0.608946
0.604541
0.600170
0.595831
0.591525
0.587253
0.583013
0.578806
0.574633
0.570492
0.566384
0.562310
0.558268
0.554259
0.550283
0.546340
0.542429
0.538551
0.534706
0.530893
0.527112
0.523364
0.519648
0.515964
0.512312
0.508692
0.505103
0.501546
0.498021
0.494527
0.491064
0.487632
0.484231
0.480861
0.477522
0.474212
0.470933
0.467684
0.464465
0.461276
0.458116
0.454986
0.451885
0.448812
0.445769
0.442754
0.439768
0.436810
0.433879
0.430977
0.428102
0.425255
0.422434
0.419641
0.416875
0.414135
0.411421
0.408733
0.406072
0.403436
0.400825
0.398240
0.395680
0.393145
0.390634
0.388147
0.385685
0.383247
0.380832
0.378441
0.376074
0.373729
0.371407
0.369108
0.366832
0.364577
0.362345
0.360134
0.357945
0.355778
0.353631
0.351506
0.349401
0.347317
0.345253
0.343209
0.341185
0.339181
0.337196
0.335231
0.333284
0.331357
0.329448
0.327558
0.325686
0.323833
0.321997
0.320179
0.318378
0.316595
0.314829
0.313080
0.311348
0.309633
0.307934
0.306251
0.304584
0.302933
0.301298
0.299679
0.298075
0.296486
0.294912
0.293353
0.291809
0.290279
0.288764
0.287263
0.285776
0.284303
0.282844
0.281398
0.279966
0.278548
0.277142
0.275750
0.274370
0.273003
0.271649
0.270307
0.268977
0.267660
0.266355
0.265061
0.263780
0.262510
0.261252
0.260005
0.258769
0.257544
0.256331
0.255128
0.253936
0.252755
0.251585
0.250425
0.249275
0.248135
0.247006
0.245886
0.244776
0.243676
0.242586
0.241506
0.240434
0.239373
0.238320
0.237277
0.236242
0.235217
0.234201
0.233193
0.232194
0.231204
0.230222
0.229248
0.228283
0.227326
0.226378
0.225437
0.224504
0.223580
0.222663
0.221754
0.220853
0.219959
0.219073
0.218194
0.217323
0.216459
0.215602
0.214752
0.213910
0.213074
0.212245
0.211424
0.210609
0.209801
0.209000
0.208205
0.207417
0.206635
0.205860
0.205091
0.204329
0.203572
0.202822
0.202079
0.201341
0.200609
0.199883
0.199164
0.198450
0.197742
0.197039
0.196343
0.195652
0.194966
0.194287
0.193612
0.192944
0.192280
0.191622
0.190970
0.190322
0.189680
0.189043
0.188411
0.187784
0.187162
0.186546
0.185934
0.185327
0.184725
0.184127
0.183535
0.182947
0.182364
0.181786
0.181212
0.180643
0.180078
0.179518
0.178962
0.178410
0.177863
0.177321
0.176782
0.176248
0.175718
0.175193
0.174671
0.174154
0.173640
0.173131
0.172625
0.172124
0.171627
0.171133
0.170643
0.170158
0.169675
0.169197
0.168723
0.168252
0.167785
0.167321
0.166861
0.166405
0.165952
0.165502
0.165057
0.164614
0.164175
0.163739
0.163307
0.162878
0.162453
0.162030
0.161611
0.161195
0.160783
0.160373
0.159967
0.159564
0.159163
0.158766
0.158372
0.157981
0.157593
0.157208
0.156825
0.156446
0.156070
0.155696
0.155325
0.154957
0.154592
0.154229
0.153870
0.153513
0.153158
0.152807
0.152458
0.152111
0.151767
0.151426
0.151087
0.150751
0.150418
0.150086
0.149758
0.149431
0.149108
0.148786
0.148467
0.148150
0.147836
0.147524
0.147214
0.146907
0.146602
0.146299
0.145998
0.145700
0.145403
0.145109
0.144817
0.144528
0.144240
0.143954
0.143671
0.143389
0.143110
0.142833
0.142557
0.142284
0.142013
0.141743
0.141476
0.141210
0.140947
0.140685
0.140425
0.140167
0.139911
0.139657
0.139405
0.139154
0.138905
0.138658
0.138413
0.138170
0.137928
0.137688
0.137450
0.137213
0.136978
0.136745
0.136513
0.136283
0.136055
0.135828
0.135603
0.135380
0.135158
0.134938
0.134719
0.134502
0.134286
0.134072
0.133859
0.133648
0.133438
0.133230
0.133023
0.132818
0.132614
0.132411
0.132210
0.132011
0.131813
0.131616
0.131420
0.131226
0.131033
0.130842
0.130652
0.130463
0.130275
0.130089
0.129904
0.129721
0.129538
0.129357
0.129177
0.128999
0.128821
0.128645
0.128470
0.128296
0.128124
0.127952
0.127782
0.127613
0.127445
0.127279
0.127113
0.126949
0.126785
0.126623
0.126462
0.126302
0.126143
0.125985
0.125828
0.125672
0.125518
0.125364
0.125212
0.125060
0.124909
0.124760
0.124611
0.124464
0.124317
0.124172
0.124027
0.123884
0.123741
0.123600
0.123459
0.123319
0.123180
0.123042
0.122906
0.122769
0.122634
0.122500
0.122367
0.122234
0.122103
0.121972
0.121842
0.121713
0.121585
0.121458
0.121332
0.121206
0.121081
0.120958
0.120835
0.120712
0.120591
0.120470
0.120350
0.120231
0.120113
0.119996
0.119879
0.119763
0.119648
0.119533
0.119420
0.119307
0.119195
0.119083
0.118973
0.118863
0.118753
0.118645
0.118537
0.118430
0.118324
0.118218
0.118113
0.118009
0.117905
0.117802
0.117700
0.117598
0.117497
0.117397
0.117297
0.117198
0.117100
0.117002
0.116905
0.116809
0.116713
0.116618
0.116523
0.116429
0.116336
0.116243
0.116151
0.116060
0.115969
0.115878
0.115788
0.115699
0.115611
0.115523
0.115435
0.115348
0.115262
0.115176
0.115091
0.115006
0.114922
0.114839
0.114756
0.114673
0.114591
0.114510
0.114429
0.114348
0.114268
0.114189
0.114110
0.114032
0.113954
0.113877
0.113800
0.113723
0.113648
0.113572
0.113497
0.113423
0.113349
0.113275
0.113202
0.113130
0.113058
0.112986
0.112915
0.112844
0.112774
0.112704
0.112635
0.112566
0.112498
0.112430
0.112362
0.112295
0.112228
0.112162
0.112096
0.112031
0.111966
0.111901
0.111837
0.111773
0.111710
0.111647
0.111584
0.111522
0.111460
0.111399
0.111338
0.111277
0.111217
0.111157
0.111097
0.111038
0.110980
0.110921
0.110863
0.110806
0.110749
0.110692
0.110635
0.110579
0.110523
0.110468
0.110413
0.110358
0.110304
0.110250
0.110196
0.110142
0.110089
0.110037
0.109984
0.109932
0.109881
0.109829
0.109778
0.109728
0.109677
0.109627
0.109577
0.109528
0.109479
0.109430
0.109381
0.109333
0.109285
0.109238
0.109191
0.109144
0.109097
0.109050
0.109004
0.108959
0.108913
0.108868
0.108823
0.108778
0.108734
0.108690
0.108646
0.108602
0.108559
0.108516
0.108473
0.108431
0.108389
0.108347
0.108305
0.108264
0.108223
0.108182
0.108141
0.108101
0.108061
0.108021
0.107981
0.107942
0.107903
0.107864
0.107826
0.107787
0.107749
0.107711
0.107674
0.107636
0.107599
0.107562
0.107526
0.107489
0.107453
0.107417
0.107381
0.107346
0.107310
0.107275
0.107241
0.107206
0.107171
0.107137
0.107103
0.107070
0.107036
0.107003
0.106970
0.106937
0.106904
0.106871
0.106839
0.106807
0.106775
0.106744
0.106712
0.106681
0.106650
0.106619
0.106588
0.106558
0.106527
0.106497
0.106467
0.106438
0.106408
0.106379
0.106350
0.106321
0.106292
0.106263
0.106235
0.106207
0.106179
0.106151
0.106123
0.106096
0.106068
0.106041
0.106014
0.105987
0.105961
0.105934
0.105908
0.105882
0.105856
0.105830
0.105804
0.105779
0.105753
0.105728
0.105703
0.105678
0.105654
0.105629
0.105605
0.105581
0.105557
0.105533
0.105509
0.105485
0.105462
0.105439
0.105416
0.105393
0.105370
0.105347
0.105325
0.105302
0.105280
0.105258
0.105236
0.105214
0.105192
0.105171
0.105149
0.105128
0.105107
0.105086
0.105065
0.105044
0.105024
0.105003
0.104983
0.104963
0.104943
0.104923
0.104903
0.104883
0.104864
0.104844
0.104825
0.104806
0.104787
0.104768
0.104749
0.104731
0.104712
0.104694
0.104675
0.104657
0.104639
0.104621
0.104603
0.104586
0.104568
0.104551
0.104533
0.104516
0.104499
0.104482
0.104465
0.104448
0.104432
0.104415
0.104398
0.104382
0.104366
0.104350
0.104334
0.104318
0.104302
0.104286
0.104271
0.104255
0.104240
0.104224
0.104209
0.104194
0.104179
0.104164
0.104149
0.104135
0.104120
0.104106
0.104091
0.104077
0.104063
0.104049
0.104035
0.104021
0.104007
0.103993
0.103979
0.103966
0.103952
0.103939
0.103926
0.103912
0.103899
0.103886
0.103873
0.103861
0.103848
0.103835
0.103823
0.103810
0.103798
0.103785
0.103773
0.103761
0.103749
0.103737
0.103725
0.103713
0.103701
0.103690
0.103678
0.103667
0.103655
0.103644
0.103633
0.103621
0.103610
0.103599
0.103588
0.103577
0.103567
0.103556
0.103545
0.103535
0.103524
0.103514
0.103503
0.103493
0.103483
0.103473
0.103463
0.103453
0.103443
