16.074900
16.074800
16.074800
16.074800
16.074700
16.074800
16.077000
16.077600
16.077400
16.077300
16.077100
16.077000
16.076800
16.076700
16.076600
16.076400
16.076300
16.076200
16.076100
16.076100
16.076000
16.075900
16.075900
16.075800
16.075800
16.075700
16.075700
16.075700
16.075700
16.075700
16.075700
16.075700
16.075700
16.075800
16.075800
16.075800
16.075900
16.075900
16.075900
16.076000
16.076000
16.076100
16.076100
16.076200
16.076200
16.076300
16.076300
16.076400
16.076500
16.076500
16.076600
16.076700
16.076700
16.076800
16.076900
16.076900
16.077000
16.077100
16.077100
16.077200
16.077300
16.077400
16.077400
16.077500
16.077600
16.077700
16.077700
16.077800
16.077900
16.078000
16.078000
16.078100
16.078200
16.078300
16.078300
16.078400
16.078500
16.078600
16.078600
16.078700
16.078800
16.078900
16.078900
16.079000
16.079100
16.079200
16.079200
16.079300
16.079400
16.079500
16.079500
16.079600
16.079700
16.079800
16.079800
16.079900
16.080000
16.080000
16.080100
16.080200
16.080300
16.080300
16.080400
16.080500
16.080500
16.080600
16.080700
16.080700
16.080800
16.080900
16.080900
16.081000
16.081100
16.081100
16.081200
16.081300
16.081300
16.081400
16.081400
16.081500
16.081600
16.081600
16.081700
16.081700
16.081800
16.081900
16.081900
16.082000
16.082000
16.082100
16.082200
16.082200
16.082300
16.082300
16.082400
16.082400
16.082500
16.082500
16.082600
16.082700
16.082700
16.082800
16.082800
16.082900
16.082900
16.083000
16.083000
16.083100
16.083100
16.083200
16.083200
16.083300
16.083300
16.083400
16.083400
16.083500
16.083500
16.083500
16.083600
16.083600
16.083700
16.083700
16.083800
16.083800
16.083900
16.083900
16.083900
16.084000
16.084000
16.084100
16.084100
16.084100
16.084200
16.084200
16.084300
16.084300
16.084300
16.084400
16.084400
16.084500
16.084500
16.084500
16.084600
16.084600
16.084600
16.084700
16.084700
16.084700
16.084800
16.084800
16.084800
16.084900
16.084900
16.084900
16.085000
16.085000
16.085000
16.085100
16.085100
16.085100
16.085100
16.085200
16.085200
16.085200
16.085300
16.085300
16.085300
16.085300
16.085400
16.085400
16.085400
16.085400
16.085500
16.085500
16.085500
16.085500
16.085600
16.085600
16.085600
16.085600
16.085700
16.085700
16.085700
16.085700
16.085700
16.085800
16.085800
16.085800
16.085800
16.085800
16.085900
16.085900
16.085900
16.085900
16.085900
16.086000
16.086000
16.086000
16.086000
16.086000
16.086000
16.086100
16.086100
16.086100
16.086100
16.086100
16.086100
16.086100
16.086200
16.086200
16.086200
16.086200
16.086200
16.086200
16.086200
16.086300
16.086300
16.086300
16.086300
16.086300
16.086300
16.086300
16.086300
16.086300
16.086400
16.086400
16.086400
16.086400
16.086400
16.086400
16.086400
16.086400
16.086400
16.086400
16.086400
16.086500
16.086500
16.086500
16.086500
16.086500
16.086500
16.086500
16.086500
16.086500
16.086500
16.086500
16.086500
16.086500
16.086500
16.086500
16.086500
16.086600
16.086600
16.086600
16.086600
16.086600
16.086600
16.086600
16.086600
16.086600
16.086600
16.086600
16.086600
16.086600
16.086600
16.086600
16.086600
16.086600
16.086600
16.086600
16.086600
16.086600
16.086600
16.086600
16.086600
16.086600
16.086600
16.086600
16.086600
16.086600
16.086600
16.086600
16.086600
16.086600
16.086600
16.086600
16.086600
16.086600
16.086600
16.086600
16.086600
16.086600
16.086600
16.086600
16.086600
16.086600
16.086600
16.086600
16.086600
16.086600
16.086600
16.086600
16.086600
16.086600
16.086600
16.086600
16.086500
16.086500
16.086500
16.086500
16.086500
16.086500
16.086500
16.086500
16.086500
16.086500
16.086500
16.086500
16.086500
16.086500
16.086500
16.086500
16.086500
16.086500
16.086500
16.086500
16.086400
16.086400
16.086400
16.086400
16.086400
16.086400
16.086400
16.086400
16.086400
16.086400
16.086400
16.086400
16.086400
16.086400
16.086300
16.086300
16.086300
16.086300
16.086300
16.086300
16.086300
16.086300
16.086300
16.086300
16.086300
16.086300
16.086200
16.086200
16.086200
16.086200
16.086200
16.086200
16.086200
16.086200
16.086200
16.086200
16.086200
16.086100
16.086100
16.086100
16.086100
16.086100
16.086100
16.086100
16.086100
16.086100
16.086100
16.086000
16.086000
16.086000
16.086000
16.086000
16.086000
16.086000
16.086000
16.086000
16.085900
16.085900
16.085900
16.085900
16.085900
16.085900
16.085900
16.085900
16.085900
16.085800
16.085800
16.085800
16.085800
16.085800
16.085800
16.085800
16.085800
16.085700
16.085700
16.085700
16.085700
16.085700
16.085700
16.085700
16.085700
16.085600
16.085600
16.085600
16.085600
16.085600
16.085600
16.085600
16.085600
16.085500
16.085500
16.085500
16.085500
16.085500
16.085500
16.085500
16.085400
16.085400
16.085400
16.085400
16.085400
16.085400
16.085400
16.085300
16.085300
16.085300
16.085300
16.085300
16.085300
16.085300
16.085200
16.085200
16.085200
16.085200
16.085200
16.085200
16.085200
16.085100
16.085100
16.085100
16.085100
16.085100
16.085100
16.085100
16.085000
16.085000
16.085000
16.085000
16.085000
16.085000
16.084900
16.084900
16.084900
16.084900
16.084900
16.084900
16.084900
16.084800
16.084800
16.084800
16.084800
16.084800
16.084800
16.084700
16.084700
16.084700
16.084700
16.084700
16.084700
16.084600
16.084600
16.084600
16.084600
16.084600
16.084600
16.084500
16.084500
16.084500
16.084500
16.084500
16.084500
16.084400
16.084400
16.084400
16.084400
16.084400
16.084400
16.084300
16.084300
16.084300
16.084300
16.084300
16.084300
16.084200
16.084200
16.084200
16.084200
16.084200
16.084200
16.084100
16.084100
16.084100
16.084100
16.084100
16.084100
16.084000
16.084000
16.084000
16.084000
16.084000
16.084000
16.083900
16.083900
16.083900
16.083900
16.083900
16.083800
16.083800
16.083800
16.083800
16.083800
16.083800
16.083700
16.083700
16.083700
16.083700
16.083700
16.083700
16.083600
16.083600
16.083600
16.083600
16.083600
16.083500
16.083500
16.083500
16.083500
16.083500
16.083500
16.083400
16.083400
16.083400
16.083400
16.083400
16.083300
16.083300
16.083300
16.083300
16.083300
16.083300
16.083200
16.083200
16.083200
16.083200
16.083200
16.083100
16.083100
16.083100
16.083100
16.083100
16.083000
16.083000
16.083000
16.083000
16.083000
16.083000
16.082900
16.082900
16.082900
16.082900
16.082900
16.082800
16.082800
16.082800
16.082800
16.082800
16.082700
16.082700
16.082700
16.082700
16.082700
16.082700
16.082600
16.082600
16.082600
16.082600
16.082600
16.082500
16.082500
16.082500
16.082500
16.082500
16.082400
16.082400
16.082400
16.082400
16.082400
16.082300
16.082300
16.082300
16.082300
16.082300
16.082200
16.082200
16.082200
16.082200
16.082200
16.082100
16.082100
16.082100
16.082100
16.082100
16.082000
16.082000
16.082000
16.082000
16.082000
16.082000
16.081900
16.081900
16.081900
16.081900
16.081900
16.081800
16.081800
16.081800
16.081800
16.081800
16.081700
16.081700
16.081700
16.081700
16.081700
16.081600
16.081600
16.081600
16.081600
16.081600
16.081500
16.081500
16.081500
16.081500
16.081500
16.081400
16.081400
16.081400
16.081400
16.081400
16.081300
16.081300
16.081300
16.081300
16.081300
16.081200
16.081200
16.081200
16.081200
16.081200
16.081100
16.081100
16.081100
16.081100
16.081100
16.081000
16.081000
16.081000
16.081000
16.080900
16.080900
16.080900
16.080900
16.080900
16.080800
16.080800
16.080800
16.080800
16.080800
16.080700
16.080700
16.080700
16.080700
16.080700
16.080600
16.080600
16.080600
16.080600
16.080600
16.080500
16.080500
16.080500
16.080500
16.080500
16.080400
16.080400
16.080400
16.080400
16.080400
16.080300
16.080300
16.080300
16.080300
16.080300
16.080200
16.080200
16.080200
16.080200
16.080200
16.080100
16.080100
16.080100
16.080100
16.080000
16.080000
16.080000
16.080000
16.080000
16.079900
16.079900
16.079900
16.079900
16.079900
16.079800
16.079800
16.079800
16.079800
16.079800
16.079700
16.079700
16.079700
16.079700
16.079700
16.079600
16.079600
16.079600
16.079600
16.079500
16.079500
16.079500
16.079500
16.079500
16.079400
16.079400
16.079400
16.079400
16.079400
16.079300
16.079300
16.079300
16.079300
16.079300
16.079200
16.079200
16.079200
16.079200
16.079100
16.079100
16.079100
16.079100
16.079100
16.079000
16.079000
16.079000
16.079000
16.079000
16.078900
16.078900
16.078900
16.078900
16.078900
16.078800
16.078800
16.078800
16.078800
16.078700
16.078700
16.078700
16.078700
16.078700
16.078600
16.078600
16.078600
16.078600
16.078600
16.078500
16.078500
16.078500
16.078500
16.078500
16.078400
16.078400
16.078400
16.078400
16.078300
16.078300
16.078300
16.078300
16.078300
16.078200
16.078200
16.078200
16.078200
16.078200
16.078100
16.078100
16.078100
16.078100
16.078000
16.078000
16.078000
16.078000
16.078000
16.077900
16.077900
16.077900
16.077900
16.077900
16.077800
16.077800
16.077800
16.077800
16.077800
16.077700
16.077700
16.077700
16.077700
16.077600
16.077600
16.077600
16.077600
16.077600
16.077500
16.077500
16.077500
16.077500
16.077500
16.077400
16.077400
16.077400
16.077400
16.077300
16.077300
16.077300
16.077300
16.077300
16.077200
16.077200
16.077200
16.077200
16.077200
16.077100
16.077100
16.077100
16.077100
16.077000
16.077000
16.077000
16.077000
16.077000
16.076900
16.076900
16.076900
16.076900
16.076900
16.076800
16.076800
16.076800
16.076800
16.076700
16.076700
16.076700
16.076700
16.076700
16.076600
16.076600
16.076600
16.076600
16.076500
16.076500
16.076500
16.076500
16.076500
16.076400
16.076400
16.076400
16.076400
16.076400
16.076300
16.076300
16.076300
16.076300
16.076200
16.076200
16.076200
16.076200
16.076200
16.076100
16.076100
16.076100
16.076100
16.076100
16.076000
16.076000
16.076000
16.076000
16.075900
16.075900
16.075900
16.075900
16.075900
16.075800
16.075800
16.075800
16.075800
16.075800
16.075700
16.075700
16.075700
16.075700
16.075600
16.075600
16.075600
16.075600
16.075600
16.075500
16.075500
16.075500
16.075500
16.075400
16.075400
16.075400
16.075400
16.075400
16.075300
16.075300
16.075300
16.075300
16.075300
16.075200
16.075200
16.075200
16.075200
16.075100
16.075100
16.075100
16.075100
16.075100
16.075000
16.075000
16.075000
16.075000
16.074900
16.074900
16.074900
16.074900
16.074900
16.074800
16.074800
16.074800
16.074700
16.074800
16.077000
16.077600
16.077400
16.077300
16.077100
16.077000
16.076800
16.076700
16.076600
16.076400
16.076300
16.076200
16.076100
16.076100
16.076000
16.075900
16.075900
16.075800
16.075800
16.075700
16.075700
16.075700
16.075700
16.075700
16.075700
16.075700
16.075700
16.075800
16.075800
16.075800
16.075900
16.075900
16.075900
16.076000
16.076000
16.076100
16.076100
16.076200
16.076200
16.076300
16.076300
16.076400
16.076500
16.076500
16.076600
16.076700
16.076700
16.076800
16.076900
16.076900
16.077000
16.077100
16.077100
16.077200
16.077300
16.077400
16.077400
16.077500
16.077600
16.077700
16.077700
16.077800
16.077900
16.078000
16.078000
16.078100
16.078200
16.078300
16.078300
16.078400
16.078500
16.078600
16.078600
16.078700
16.078800
16.078900
16.079000
16.079000
16.079100
16.079200
16.079200
16.079300
16.079400
16.079500
16.079500
16.079600
16.079700
16.079800
16.079800
16.079900
16.080000
16.080000
16.080100
16.080200
16.080300
16.080300
16.080400
16.080500
16.080500
16.080600
16.080700
16.080700
16.080800
16.080900
16.080900
16.081000
16.081100
16.081100
16.081200
16.081300
16.081300
16.081400
16.081400
16.081500
16.081600
16.081600
16.081700
16.081800
16.081800
16.081900
16.081900
16.082000
16.082000
16.082100
16.082200
16.082200
16.082300
16.082300
16.082400
16.082400
16.082500
16.082600
16.082600
16.082700
16.082700
16.082800
16.082800
16.082900
16.082900
16.083000
16.083000
16.083100
16.083100
16.083200
16.083200
16.083300
16.083300
16.083400
16.083400
16.083500
16.083500
16.083500
16.083600
16.083600
16.083700
16.083700
16.083800
16.083800
16.083900
16.083900
16.083900
16.084000
16.084000
16.084100
16.084100
16.084100
16.084200
16.084200
16.084300
16.084300
16.084300
16.084400
16.084400
16.084500
16.084500
16.084500
16.084600
16.084600
16.084600
16.084700
16.084700
16.084700
16.084800
16.084800
16.084800
16.084900
16.084900
16.084900
16.085000
16.085000
16.085000
16.085100
16.085100
16.085100
16.085100
16.085200
16.085200
16.085200
16.085300
16.085300
16.085300
16.085300
16.085400
16.085400
16.085400
16.085400
16.085500
16.085500
16.085500
16.085500
16.085600
16.085600
16.085600
16.085600
16.085700
16.085700
16.085700
16.085700
16.085700
16.085800
16.085800
16.085800
16.085800
16.085800
16.085900
16.085900
16.085900
16.085900
16.085900
16.086000
16.086000
16.086000
16.086000
16.086000
16.086000
16.086100
16.086100
16.086100
16.086100
16.086100
16.086100
16.086200
16.086200
16.086200
16.086200
16.086200
16.086200
16.086200
16.086200
16.086300
16.086300
16.086300
16.086300
16.086300
16.086300
16.086300
16.086300
16.086300
16.086400
16.086400
16.086400
16.086400
16.086400
16.086400
16.086400
16.086400
16.086400
16.086400
16.086500
16.086500
16.086500
16.086500
16.086500
16.086500
16.086500
16.086500
16.086500
16.086500
16.086500
16.086500
16.086500
16.086500
16.086500
16.086500
16.086600
16.086600
16.086600
16.086600
16.086600
16.086600
16.086600
16.086600
16.086600
16.086600
16.086600
16.086600
16.086600
16.086600
16.086600
16.086600
16.086600
16.086600
16.086600
16.086600
16.086600
16.086600
16.086600
16.086600
16.086600
16.086600
16.086600
16.086600
16.086600
16.086600
16.086600
16.086600
16.086600
16.086600
16.086600
16.086600
16.086600
16.086600
16.086600
16.086600
16.086600
16.086600
16.086600
16.086600
16.086600
16.086600
16.086600
16.086600
16.086600
16.086600
16.086600
16.086600
16.086600
16.086600
16.086600
16.086600
16.086600
16.086500
16.086500
16.086500
16.086500
16.086500
16.086500
16.086500
16.086500
16.086500
16.086500
16.086500
16.086500
16.086500
16.086500
16.086500
16.086500
16.086500
16.086500
16.086500
16.086400
16.086400
16.086400
16.086400
16.086400
16.086400
16.086400
16.086400
16.086400
16.086400
16.086400
16.086400
16.086400
16.086400
16.086400
16.086300
16.086300
16.086300
16.086300
16.086300
16.086300
16.086300
16.086300
16.086300
16.086300
16.086300
16.086300
16.086200
16.086200
16.086200
16.086200
16.086200
16.086200
16.086200
16.086200
16.086200
16.086200
16.086100
16.086100
16.086100
16.086100
16.086100
16.086100
16.086100
16.086100
16.086100
16.086100
16.086000
16.086000
16.086000
16.086000
16.086000
16.086000
16.086000
16.086000
16.086000
16.085900
16.085900
16.085900
16.085900
16.085900
16.085900
16.085900
16.085900
16.085900
16.085800
16.085800
16.085800
16.085800
16.085800
16.085800
16.085800
16.085800
16.085700
16.085700
16.085700
16.085700
16.085700
16.085700
16.085700
16.085700
16.085600
16.085600
16.085600
16.085600
16.085600
16.085600
16.085600
16.085600
16.085500
16.085500
16.085500
16.085500
16.085500
16.085500
16.085500
16.085400
16.085400
16.085400
16.085400
16.085400
16.085400
16.085400
16.085400
16.085300
16.085300
16.085300
16.085300
16.085300
16.085300
16.085200
16.085200
16.085200
16.085200
16.085200
16.085200
16.085200
16.085100
16.085100
16.085100
16.085100
16.085100
16.085100
16.085100
16.085000
16.085000
16.085000
16.085000
16.085000
16.085000
16.085000
16.084900
16.084900
16.084900
16.084900
16.084900
16.084900
16.084800
16.084800
16.084800
16.084800
16.084800
16.084800
16.084700
16.084700
16.084700
16.084700
16.084700
16.084700
16.084700
16.084600
16.084600
16.084600
16.084600
16.084600
16.084600
16.084500
16.084500
16.084500
16.084500
16.084500
16.084500
16.084400
16.084400
16.084400
16.084400
16.084400
16.084400
16.084300
16.084300
16.084300
16.084300
16.084300
16.084300
16.084200
16.084200
16.084200
16.084200
16.084200
16.084200
16.084100
16.084100
16.084100
16.084100
16.084100
16.084000
16.084000
16.084000
16.084000
16.084000
16.084000
16.083900
16.083900
16.083900
16.083900
16.083900
16.083900
16.083800
16.083800
16.083800
16.083800
16.083800
16.083700
16.083700
16.083700
16.083700
16.083700
16.083700
16.083600
16.083600
16.083600
16.083600
16.083600
16.083500
16.083500
16.083500
16.083500
16.083500
16.083500
16.083400
16.083400
16.083400
16.083400
16.083400
16.083300
16.083300
16.083300
16.083300
16.083300
16.083300
16.083200
16.083200
16.083200
16.083200
16.083200
16.083100
16.083100
16.083100
16.083100
16.083100
16.083100
16.083000
16.083000
16.083000
16.083000
16.083000
16.082900
16.082900
16.082900
16.082900
16.082900
16.082800
16.082800
16.082800
16.082800
16.082800
16.082800
16.082700
16.082700
16.082700
16.082700
16.082700
16.082600
16.082600
16.082600
16.082600
16.082600
16.082500
16.082500
16.082500
16.082500
16.082500
16.082400
16.082400
16.082400
16.082400
16.082400
16.082300
16.082300
16.082300
16.082300
16.082300
16.082200
16.082200
16.082200
16.082200
16.082200
16.082200
16.082100
16.082100
16.082100
16.082100
16.082100
16.082000
16.082000
16.082000
16.082000
16.082000
16.081900
16.081900
16.081900
16.081900
16.081900
16.081800
16.081800
16.081800
16.081800
16.081800
16.081700
16.081700
16.081700
16.081700
16.081700
16.081600
16.081600
16.081600
16.081600
16.081600
16.081500
16.081500
16.081500
16.081500
16.081500
16.081400
16.081400
16.081400
16.081400
16.081400
16.081300
16.081300
16.081300
16.081300
16.081300
16.081200
16.081200
16.081200
16.081200
16.081200
16.081100
16.081100
16.081100
16.081100
16.081100
16.081000
16.081000
16.081000
16.081000
16.081000
16.080900
16.080900
16.080900
16.080900
16.080900
16.080800
16.080800
16.080800
16.080800
16.080800
16.080700
16.080700
16.080700
16.080700
16.080600
16.080600
16.080600
16.080600
16.080600
16.080500
16.080500
16.080500
16.080500
16.080500
16.080400
16.080400
16.080400
16.080400
16.080400
16.080300
16.080300
16.080300
16.080300
16.080300
16.080200
16.080200
16.080200
16.080200
16.080200
16.080100
16.080100
16.080100
16.080100
16.080100
16.080000
16.080000
16.080000
16.080000
16.079900
16.079900
16.079900
16.079900
16.079900
16.079800
16.079800
16.079800
16.079800
16.079800
16.079700
16.079700
16.079700
16.079700
16.079700
16.079600
16.079600
16.079600
16.079600
16.079600
16.079500
16.079500
16.079500
16.079500
16.079400
16.079400
16.079400
16.079400
16.079400
16.079300
16.079300
16.079300
16.079300
16.079300
16.079200
16.079200
16.079200
16.079200
16.079200
16.079100
16.079100
16.079100
16.079100
16.079000
16.079000
16.079000
16.079000
16.079000
16.078900
16.078900
16.078900
16.078900
16.078900
16.078800
16.078800
16.078800
16.078800
16.078800
16.078700
16.078700
16.078700
16.078700
16.078600
16.078600
16.078600
16.078600
16.078600
16.078500
16.078500
16.078500
16.078500
16.078500
16.078400
16.078400
16.078400
16.078400
16.078400
16.078300
16.078300
16.078300
16.078300
16.078200
16.078200
16.078200
16.078200
16.078200
16.078100
16.078100
16.078100
16.078100
16.078100
16.078000
16.078000
16.078000
16.078000
16.077900
16.077900
16.077900
16.077900
16.077900
16.077800
16.077800
16.077800
16.077800
16.077800
16.077700
16.077700
16.077700
16.077700
16.077600
16.077600
16.077600
16.077600
16.077600
16.077500
16.077500
16.077500
16.077500
16.077500
16.077400
16.077400
16.077400
16.077400
16.077300
16.077300
16.077300
16.077300
16.077300
16.077200
16.077200
16.077200
16.077200
16.077200
16.077100
16.077100
16.077100
16.077100
16.077000
16.077000
16.077000
16.077000
16.077000
16.076900
16.076900
16.076900
16.076900
16.076900
16.076800
16.076800
16.076800
16.076800
16.076700
16.076700
16.076700
16.076700
16.076700
16.076600
16.076600
16.076600
16.076600
16.076600
16.076500
16.076500
16.076500
16.076500
16.076400
16.076400
16.076400
16.076400
16.076400
16.076300
16.076300
16.076300
16.076300
16.076300
16.076200
16.076200
16.076200
16.076200
16.076100
16.076100
16.076100
16.076100
16.076100
16.076000
16.076000
16.076000
16.076000
16.075900
16.075900
16.075900
16.075900
16.075900
16.075800
16.075800
16.075800
16.075800
16.075800
16.075700
16.075700
16.075700
16.075700
16.075600
16.075600
16.075600
16.075600
16.075600
16.075500
16.075500
16.075500
16.075500
16.075500
16.075400
16.075400
16.075400
16.075400
16.075300
16.075300
16.075300
16.075300
16.075300
16.075200
16.075200
16.075200
16.075200
16.075100
16.075100
16.075100
16.075100
16.075100
16.075000
16.075000
16.075000
16.075000
16.075000
16.074900
16.074900
16.074900
16.074900
16.074800
16.074800
16.074800
16.074700
16.074800
16.077100
16.077600
16.077400
16.077300
16.077100
16.077000
16.076800
16.076700
16.076600
16.076400
16.076300
16.076200
16.076100
16.076100
16.076000
16.075900
16.075900
16.075800
16.075800
16.075700
16.075700
16.075700
16.075700
16.075700
16.075700
16.075700
16.075800
16.075800
16.075800
16.075800
16.075900
16.075900
16.075900
16.076000
16.076000
16.076100
16.076100
16.076200
16.076200
16.076300
16.076400
16.076400
16.076500
16.076500
16.076600
16.076700
16.076700
16.076800
16.076900
16.076900
16.077000
16.077100
16.077100
16.077200
16.077300
16.077400
16.077400
16.077500
16.077600
16.077700
16.077700
16.077800
16.077900
16.078000
16.078000
16.078100
16.078200
16.078300
16.078300
16.078400
16.078500
16.078600
16.078700
16.078700
16.078800
16.078900
16.079000
16.079000
16.079100
16.079200
16.079300
16.079300
16.079400
16.079500
16.079500
16.079600
16.079700
16.079800
16.079800
16.079900
16.080000
16.080100
16.080100
16.080200
16.080300
16.080300
16.080400
16.080500
16.080500
16.080600
16.080700
16.080700
16.080800
16.080900
16.080900
16.081000
16.081100
16.081100
16.081200
16.081300
16.081300
16.081400
16.081400
16.081500
16.081600
16.081600
16.081700
16.081800
16.081800
16.081900
16.081900
16.082000
16.082100
16.082100
16.082200
16.082200
16.082300
16.082300
16.082400
16.082400
16.082500
16.082600
16.082600
16.082700
16.082700
16.082800
16.082800
16.082900
16.082900
16.083000
16.083000
16.083100
16.083100
16.083200
16.083200
16.083300
16.083300
16.083400
16.083400
16.083500
16.083500
16.083600
16.083600
16.083600
16.083700
16.083700
16.083800
16.083800
16.083900
16.083900
16.083900
16.084000
16.084000
16.084100
16.084100
16.084200
16.084200
16.084200
16.084300
16.084300
16.084300
16.084400
16.084400
16.084500
16.084500
16.084500
16.084600
16.084600
16.084600
16.084700
16.084700
16.084700
16.084800
16.084800
16.084800
16.084900
16.084900
16.084900
16.085000
16.085000
16.085000
16.085100
16.085100
16.085100
16.085200
16.085200
16.085200
16.085200
16.085300
16.085300
16.085300
16.085300
16.085400
16.085400
16.085400
16.085400
16.085500
16.085500
16.085500
16.085500
16.085600
16.085600
16.085600
16.085600
16.085700
16.085700
16.085700
16.085700
16.085700
16.085800
16.085800
16.085800
16.085800
16.085900
16.085900
16.085900
16.085900
16.085900
16.085900
16.086000
16.086000
16.086000
16.086000
16.086000
16.086000
16.086100
16.086100
16.086100
16.086100
16.086100
16.086100
16.086200
16.086200
16.086200
16.086200
16.086200
16.086200
16.086200
16.086300
16.086300
16.086300
16.086300
16.086300
16.086300
16.086300
16.086300
16.086300
16.086400
16.086400
16.086400
16.086400
16.086400
16.086400
16.086400
16.086400
16.086400
16.086400
16.086400
16.086500
16.086500
16.086500
16.086500
16.086500
16.086500
16.086500
16.086500
16.086500
16.086500
16.086500
16.086500
16.086500
16.086500
16.086500
16.086600
16.086600
16.086600
16.086600
16.086600
16.086600
16.086600
16.086600
16.086600
16.086600
16.086600
16.086600
16.086600
16.086600
16.086600
16.086600
16.086600
16.086600
16.086600
16.086600
16.086600
16.086600
16.086600
16.086600
16.086600
16.086600
16.086600
16.086600
16.086600
16.086600
16.086600
16.086600
16.086600
16.086600
16.086600
16.086600
16.086600
16.086600
16.086600
16.086600
16.086600
16.086600
16.086600
16.086600
16.086600
16.086600
16.086600
16.086600
16.086600
16.086600
16.086600
16.086600
16.086600
16.086600
16.086600
16.086600
16.086600
16.086600
16.086600
16.086600
16.086500
16.086500
16.086500
16.086500
16.086500
16.086500
16.086500
16.086500
16.086500
16.086500
16.086500
16.086500
16.086500
16.086500
16.086500
16.086500
16.086500
16.086500
16.086400
16.086400
16.086400
16.086400
16.086400
16.086400
16.086400
16.086400
16.086400
16.086400
16.086400
16.086400
16.086400
16.086400
16.086300
16.086300
16.086300
16.086300
16.086300
16.086300
16.086300
16.086300
16.086300
16.086300
16.086300
16.086300
16.086200
16.086200
16.086200
16.086200
16.086200
16.086200
16.086200
16.086200
16.086200
16.086200
16.086200
16.086100
16.086100
16.086100
16.086100
16.086100
16.086100
16.086100
16.086100
16.086100
16.086100
16.086000
16.086000
16.086000
16.086000
16.086000
16.086000
16.086000
16.086000
16.086000
16.085900
16.085900
16.085900
16.085900
16.085900
16.085900
16.085900
16.085900
16.085900
16.085800
16.085800
16.085800
16.085800
16.085800
16.085800
16.085800
16.085800
16.085700
16.085700
16.085700
16.085700
16.085700
16.085700
16.085700
16.085700
16.085600
16.085600
16.085600
16.085600
16.085600
16.085600
16.085600
16.085500
16.085500
16.085500
16.085500
16.085500
16.085500
16.085500
16.085500
16.085400
16.085400
16.085400
16.085400
16.085400
16.085400
16.085400
16.085300
16.085300
16.085300
16.085300
16.085300
16.085300
16.085300
16.085200
16.085200
16.085200
16.085200
16.085200
16.085200
16.085200
16.085100
16.085100
16.085100
16.085100
16.085100
16.085100
16.085000
16.085000
16.085000
16.085000
16.085000
16.085000
16.085000
16.084900
16.084900
16.084900
16.084900
16.084900
16.084900
16.084800
16.084800
16.084800
16.084800
16.084800
16.084800
16.084800
16.084700
16.084700
16.084700
16.084700
16.084700
16.084700
16.084600
16.084600
16.084600
16.084600
16.084600
16.084600
16.084500
16.084500
16.084500
16.084500
16.084500
16.084500
16.084400
16.084400
16.084400
16.084400
16.084400
16.084400
16.084300
16.084300
16.084300
16.084300
16.084300
16.084300
16.084200
16.084200
16.084200
16.084200
16.084200
16.084200
16.084100
16.084100
16.084100
16.084100
16.084100
16.084100
16.084000
16.084000
16.084000
16.084000
16.084000
16.083900
16.083900
16.083900
16.083900
16.083900
16.083900
16.083800
16.083800
16.083800
16.083800
16.083800
16.083800
16.083700
16.083700
16.083700
16.083700
16.083700
16.083600
16.083600
16.083600
16.083600
16.083600
16.083600
16.083500
16.083500
16.083500
16.083500
16.083500
16.083400
16.083400
16.083400
16.083400
16.083400
16.083400
16.083300
16.083300
16.083300
16.083300
16.083300
16.083200
16.083200
16.083200
16.083200
16.083200
16.083200
16.083100
16.083100
16.083100
16.083100
16.083100
16.083000
16.083000
16.083000
16.083000
16.083000
16.082900
16.082900
16.082900
16.082900
16.082900
16.082900
16.082800
16.082800
16.082800
16.082800
16.082800
16.082700
16.082700
16.082700
16.082700
16.082700
16.082600
16.082600
16.082600
16.082600
16.082600
16.082500
16.082500
16.082500
16.082500
16.082500
16.082400
16.082400
16.082400
16.082400
16.082400
16.082400
16.082300
16.082300
16.082300
16.082300
16.082300
16.082200
16.082200
16.082200
16.082200
16.082200
16.082100
16.082100
16.082100
16.082100
16.082100
16.082000
16.082000
16.082000
16.082000
16.082000
16.081900
16.081900
16.081900
16.081900
16.081900
16.081800
16.081800
16.081800
16.081800
16.081800
16.081700
16.081700
16.081700
16.081700
16.081700
16.081600
16.081600
16.081600
16.081600
16.081600
16.081500
16.081500
16.081500
16.081500
16.081500
16.081400
16.081400
16.081400
16.081400
16.081400
16.081300
16.081300
16.081300
16.081300
16.081300
16.081200
16.081200
16.081200
16.081200
16.081200
16.081100
16.081100
16.081100
16.081100
16.081100
16.081000
16.081000
16.081000
16.081000
16.081000
16.080900
16.080900
16.080900
16.080900
16.080900
16.080800
16.080800
16.080800
16.080800
16.080800
16.080700
16.080700
16.080700
16.080700
16.080700
16.080600
16.080600
16.080600
16.080600
16.080600
16.080500
16.080500
16.080500
16.080500
16.080400
16.080400
16.080400
16.080400
16.080400
16.080300
16.080300
16.080300
16.080300
16.080300
16.080200
16.080200
16.080200
16.080200
16.080200
16.080100
16.080100
16.080100
16.080100
16.080100
16.080000
16.080000
16.080000
16.080000
16.080000
16.079900
16.079900
16.079900
16.079900
16.079800
16.079800
16.079800
16.079800
16.079800
16.079700
16.079700
16.079700
16.079700
16.079700
16.079600
16.079600
16.079600
16.079600
16.079600
16.079500
16.079500
16.079500
16.079500
16.079500
16.079400
16.079400
16.079400
16.079400
16.079300
16.079300
16.079300
16.079300
16.079300
16.079200
16.079200
16.079200
16.079200
16.079200
16.079100
16.079100
16.079100
16.079100
16.079100
16.079000
16.079000
16.079000
16.079000
16.078900
16.078900
16.078900
16.078900
16.078900
16.078800
16.078800
16.078800
16.078800
16.078800
16.078700
16.078700
16.078700
16.078700
16.078700
16.078600
16.078600
16.078600
16.078600
16.078500
16.078500
16.078500
16.078500
16.078500
16.078400
16.078400
16.078400
16.078400
16.078400
16.078300
16.078300
16.078300
16.078300
16.078300
16.078200
16.078200
16.078200
16.078200
16.078100
16.078100
16.078100
16.078100
16.078100
16.078000
16.078000
16.078000
16.078000
16.078000
16.077900
16.077900
16.077900
16.077900
16.077800
16.077800
16.077800
16.077800
16.077800
16.077700
16.077700
16.077700
16.077700
16.077700
16.077600
16.077600
16.077600
16.077600
16.077500
16.077500
16.077500
16.077500
16.077500
16.077400
16.077400
16.077400
16.077400
16.077400
16.077300
16.077300
16.077300
16.077300
16.077200
16.077200
16.077200
16.077200
16.077200
16.077100
16.077100
16.077100
16.077100
16.077100
16.077000
16.077000
16.077000
16.077000
16.076900
16.076900
16.076900
16.076900
16.076900
16.076800
16.076800
16.076800
16.076800
16.076800
16.076700
16.076700
16.076700
16.076700
16.076600
16.076600
16.076600
16.076600
16.076600
16.076500
16.076500
16.076500
16.076500
16.076500
16.076400
16.076400
16.076400
16.076400
16.076300
16.076300
16.076300
16.076300
16.076300
16.076200
16.076200
16.076200
16.076200
16.076100
16.076100
16.076100
16.076100
16.076100
16.076000
16.076000
16.076000
16.076000
16.076000
16.075900
16.075900
16.075900
16.075900
16.075800
16.075800
16.075800
16.075800
16.075800
16.075700
16.075700
16.075700
16.075700
16.075700
16.075600
16.075600
16.075600
16.075600
16.075500
16.075500
16.075500
16.075500
16.075500
16.075400
16.075400
16.075400
16.075400
16.075300
16.075300
16.075300
16.075300
16.075300
16.075200
16.075200
16.075200
16.075200
16.075200
16.075100
16.075100
16.075100
16.075100
16.075000
16.075000
16.075000
16.075000
16.075000
16.074900
16.074900
16.074900
16.074900
