1.478520
1.476080
1.473650
1.471220
1.468810
1.466420
1.464110
1.463440
1.466450
1.474150
1.488030
1.510710
1.547420
1.606590
1.697790
1.829050
2.004910
2.225850
2.489010
2.789450
3.121310
3.478760
3.856420
4.249400
4.653310
5.064180
5.478650
5.894000
6.308170
6.719720
7.127610
7.531150
7.929970
8.323840
8.712620
9.096210
9.474720
9.848210
10.216700
10.580400
10.939200
11.293300
11.642900
11.988000
12.328600
12.664900
12.996900
13.324700
13.648400
13.967900
14.283400
14.594900
14.902500
15.206100
15.505800
15.801600
16.093600
16.381700
16.666100
16.946700
17.223500
17.496600
17.766000
18.031700
18.293700
18.552000
18.806700
19.057700
19.305100
19.548800
19.789000
20.025500
20.258500
20.488000
20.713900
20.936300
21.155200
21.370600
21.582600
21.791100
21.996200
22.197900
22.396100
22.590900
22.782400
22.970600
23.155400
23.336800
23.515100
23.690000
23.861700
24.030100
24.195300
24.357400
24.516200
24.671900
24.824400
24.973800
25.120200
25.263500
25.403700
25.540900
25.675100
25.806300
25.934600
26.059900
26.182300
26.301800
26.418400
26.532200
26.643200
26.751300
26.856600
26.959300
27.059100
27.156300
27.250700
27.342500
27.431700
27.518200
27.602100
27.683400
27.762200
27.838400
27.912100
27.983400
28.052200
28.118500
28.182300
28.243800
28.302900
28.359700
28.414100
28.466200
28.516000
28.563500
28.608800
28.651900
28.692700
28.731400
28.767900
28.802200
28.834500
28.864600
28.892600
28.918600
28.942600
28.964500
28.984400
29.002300
29.018300
29.032300
29.044500
29.054700
29.063000
29.069500
29.074100
29.076900
29.077900
29.077100
29.074500
29.070200
29.064200
29.056500
29.047000
29.035900
29.023100
29.008700
28.992700
28.975100
28.955900
28.935100
28.912800
28.889000
28.863600
28.836800
28.808500
28.778600
28.747400
28.714800
28.680700
28.645200
28.608400
28.570200
28.530700
28.489800
28.447600
28.404200
28.359400
28.313500
28.266200
28.217800
28.168100
28.117200
28.065200
28.011900
27.957600
27.902100
27.845500
27.787700
27.728900
27.669000
27.608100
27.546100
27.483100
27.419100
27.354000
27.288100
27.221100
27.153200
27.084300
27.014500
26.943800
26.872200
26.799800
26.726400
26.652200
26.577100
26.501300
26.424500
26.347100
26.268800
26.189700
26.110000
26.029400
25.948100
25.866100
25.783400
25.699900
25.615800
25.531100
25.445600
25.359600
25.272800
25.185500
25.097600
25.009000
24.919900
24.830300
24.740000
24.649200
24.557900
24.466000
24.373700
24.280800
24.187400
24.093600
23.999300
23.904500
23.809300
23.713600
23.617600
23.521100
23.424200
23.326900
23.229200
23.131200
23.032800
22.934100
22.835000
22.735600
22.635900
22.535800
22.435500
22.334900
22.233900
22.132700
22.031300
21.929600
21.827600
21.725500
21.623100
21.520400
21.417700
21.314600
21.211400
21.108000
21.004500
20.900800
20.796900
20.692900
20.588800
20.484500
20.380200
20.275700
20.171100
20.066400
19.961600
19.856800
19.751900
19.646900
19.542000
19.436900
19.331800
19.226700
19.121600
19.016500
18.911400
18.806200
18.701100
18.596000
18.491000
18.385900
18.281000
18.176100
18.071200
17.966400
17.861800
17.757100
17.652600
17.548100
17.443800
17.339600
17.235500
17.131600
17.027800
16.924100
16.820600
16.717300
16.614100
16.511100
16.408300
16.305600
16.203200
16.101000
15.999000
15.897200
15.795600
15.694300
15.593200
15.492400
15.391800
15.291500
15.191400
15.091700
14.992200
14.893000
14.794100
14.695600
14.597400
14.499500
14.401800
14.304600
14.207700
14.111200
14.015000
13.919100
13.823700
13.728600
13.633900
13.539700
13.445800
13.352300
13.259300
13.166700
13.074400
12.982700
12.891300
12.800500
12.710100
12.620100
12.530600
12.441600
12.353100
12.265000
12.177500
12.090500
12.003900
11.917800
11.832300
11.747400
11.662900
11.578900
11.495500
11.412700
11.330400
11.248600
11.167400
11.086700
11.006700
10.927100
10.848200
10.769800
10.692000
10.614800
10.538200
10.462200
10.386700
10.311900
10.237600
10.163900
10.090800
10.018400
9.946490
9.875270
9.804590
9.734560
9.665080
9.596250
9.528010
9.460380
9.393340
9.326960
9.261110
9.195930
9.131280
9.067290
9.003900
8.941100
8.878900
8.817300
8.756300
8.695890
8.636080
8.576810
8.518200
8.460120
8.402640
8.345700
8.289360
8.233620
8.178410
8.123800
8.069720
8.016190
7.963250
7.910790
7.858930
7.807610
7.756820
7.706570
7.656860
7.607630
7.558930
7.510780
7.463100
7.415950
7.369290
7.323100
7.277460
7.232290
7.187530
7.143320
7.099580
7.056270
7.013430
6.971060
6.929120
6.887660
6.846610
6.806040
6.765890
6.726150
6.686840
6.647880
6.609410
6.571350
6.533640
6.496360
6.459500
6.422990
6.386860
6.351070
6.315760
6.280750
6.246100
6.211860
6.177920
6.144340
6.111120
6.078260
6.045700
6.013500
5.981650
5.950080
5.918850
5.887930
5.857330
5.827040
5.797040
5.767360
5.737960
5.708860
5.680040
5.651510
5.623260
5.595290
5.567590
5.540160
5.513000
5.486100
5.459450
5.433070
5.406940
5.381050
5.355410
5.330020
5.304860
5.279940
5.255250
5.230800
5.206560
5.182560
5.158770
5.135210
5.111850
5.088720
5.065780
5.043060
5.020540
4.998220
4.976100
4.954180
4.932450
4.910920
4.889570
4.868410
4.847420
4.826630
4.806010
4.785570
4.765300
4.745200
4.725280
4.705530
4.685940
4.666520
4.647250
4.628150
4.609200
4.590410
4.571770
4.553290
4.534960
4.516770
4.498730
4.480840
4.463080
4.445470
4.428000
4.410670
4.393470
4.376400
4.359470
4.342670
4.326000
4.309460
4.293050
4.276760
4.260590
4.244550
4.228620
4.212820
4.197130
4.181560
4.166110
4.150760
4.135540
4.120420
4.105410
4.090510
4.075720
4.061030
4.046450
4.031980
4.017610
4.003330
3.989160
3.975090
3.961110
3.947230
3.933460
3.919770
3.906180
3.892680
3.879270
3.865950
3.852720
3.839590
3.826540
3.813580
3.800700
3.787910
3.775200
3.762580
3.750040
3.737580
3.725200
3.712900
3.700680
3.688540
3.676480
3.664490
3.652590
3.640750
3.628990
3.617300
3.605690
3.594150
3.582670
3.571270
3.559950
3.548680
3.537490
3.526370
3.515310
3.504330
3.493400
3.482540
3.471750
3.461020
3.450360
3.439760
3.429220
3.418740
3.408320
3.397960
3.387670
3.377430
3.367250
3.357130
3.347070
3.337070
3.327120
3.317220
3.307390
3.297610
3.287880
3.278210
3.268590
3.259030
3.249520
3.240060
3.230650
3.221290
3.211990
3.202730
3.193530
3.184370
3.175260
3.166200
3.157190
3.148240
3.139320
3.130460
3.121630
3.112860
3.104130
3.095450
3.086810
3.078220
3.069670
3.061170
3.052710
3.044290
3.035910
3.027580
3.019290
3.011040
3.002830
2.994670
2.986550
2.978460
2.970410
2.962410
2.954440
2.946520
2.938630
2.930790
2.922970
2.915210
2.907470
2.899770
2.892110
2.884490
2.876910
2.869360
2.861840
2.854370
2.846920
2.839510
2.832140
2.824800
2.817500
2.810230
2.802990
2.795790
2.788620
2.781490
2.774390
2.767310
2.760270
2.753270
2.746300
2.739360
2.732440
2.725570
2.718710
2.711900
2.705110
2.698350
2.691620
2.684930
2.678260
2.671620
2.665020
2.658430
2.651880
2.645360
2.638860
2.632400
2.625970
2.619550
2.613170
2.606820
2.600490
2.594190
2.587920
2.581670
2.575450
2.569260
2.563090
2.556950
2.550830
2.544740
2.538680
2.532640
2.526630
2.520640
2.514670
2.508730
2.502820
2.496930
2.491070
2.485220
2.479400
2.473610
2.467840
2.462090
2.456360
2.450660
2.444990
2.439330
2.433690
2.428080
2.422500
2.416930
2.411390
2.405870
2.400370
2.394890
2.389430
2.384000
2.378580
2.373190
2.367820
2.362470
2.357140
2.351830
2.346550
2.341280
2.336030
2.330800
2.325590
2.320410
2.315240
2.310090
2.304960
2.299850
2.294760
2.289690
2.284640
2.279610
2.274600
2.269600
2.264620
2.259670
2.254730
2.249810
2.244910
2.240020
2.235160
2.230310
2.225480
2.220670
2.215870
2.211100
2.206330
2.201590
2.196860
2.192160
2.187470
2.182790
2.178140
2.173500
2.168870
2.164270
2.159680
2.155100
2.150550
2.146000
2.141480
2.136970
2.132470
2.128000
2.123540
2.119090
2.114660
2.110250
2.105850
2.101460
2.097100
2.092740
2.088400
2.084080
2.079780
2.075480
2.071200
2.066940
2.062690
2.058460
2.054230
2.050030
2.045840
2.041660
2.037500
2.033350
2.029220
2.025100
2.020990
2.016900
2.012820
2.008760
2.004710
2.000670
1.996650
1.992640
1.988640
1.984660
1.980680
1.976730
1.972780
1.968850
1.964930
1.961030
1.957140
1.953260
1.949390
1.945540
1.941700
1.937870
1.934060
1.930250
1.926460
1.922680
1.918910
1.915160
1.911420
1.907690
1.903970
1.900270
1.896570
1.892890
1.889220
1.885560
1.881910
1.878280
1.874650
1.871040
1.867440
1.863850
1.860270
1.856710
1.853160
1.849610
1.846080
1.842560
1.839040
1.835550
1.832060
1.828580
1.825120
1.821660
1.818210
1.814780
1.811360
1.807940
1.804540
1.801150
1.797770
1.794400
1.791040
1.787680
1.784350
1.781020
1.777700
1.774390
1.771090
1.767800
1.764530
1.761260
1.757990
1.754750
1.751510
1.748280
1.745060
1.741850
1.738650
1.735460
1.732280
1.729110
1.725950
1.722800
1.719650
1.716520
1.713400
1.710290
1.707180
1.704080
1.700990
1.697920
1.694850
1.691790
1.688750
1.685700
1.682670
1.679650
1.676640
1.673630
1.670630
1.667650
1.664670
1.661700
1.658730
1.655780
1.652840
1.649900
1.646980
1.644060
1.641150
1.638250
1.635360
1.632480
1.629600
1.626730
1.623870
1.621020
1.618180
1.615350
1.612520
1.609700
1.606890
1.604090
1.601300
1.598510
1.595730
1.592960
1.590200
1.587450
1.584700
1.581960
1.579230
1.576510
1.573800
1.571090
1.568390
1.565690
1.563010
1.560330
1.557660
1.555010
1.552350
1.549710
1.547060
1.544430
1.541810
1.539190
1.536580
1.533980
1.531390
1.528800
1.526220
1.523640
1.521070
1.518520
1.515970
1.513420
1.510880
1.508350
1.505830
1.503310
1.500800
1.498300
1.495810
1.493320
1.490840
1.488360
1.485890
1.483430
1.480980
1.478530
1.476080
1.473650
1.471230
1.468820
1.466430
1.464120
1.463440
1.466460
1.474160
1.488030
1.510710
1.547420
1.606570
1.697770
1.829020
2.004870
2.225790
2.488950
2.789380
3.121220
3.478650
3.856280
4.249250
4.653140
5.064000
5.478460
5.893800
6.307940
6.719480
7.127320
7.530870
7.929690
8.323490
8.712210
9.095850
9.474360
9.847790
10.216300
10.579900
10.938700
11.292900
11.642400
11.987400
12.328100
12.664300
12.996300
13.324100
13.647800
13.967300
14.282900
14.594300
14.901800
15.205400
15.505100
15.800900
16.092900
16.381000
16.665400
16.945900
17.222800
17.495900
17.765200
18.030900
18.292900
18.551100
18.805800
19.056800
19.304200
19.547900
19.788100
20.024600
20.257600
20.487000
20.712900
20.935300
21.154200
21.369600
21.581500
21.790100
21.995100
22.196700
22.395000
22.589800
22.781300
22.969400
23.154200
23.335700
23.513900
23.688800
23.860500
24.028900
24.194100
24.356100
24.514900
24.670600
24.823200
24.972600
25.118900
25.262200
25.402400
25.539600
25.673700
25.804900
25.933200
26.058500
26.180900
26.300400
26.417000
26.530800
26.641700
26.749900
26.855200
26.957800
27.057600
27.154800
27.249300
27.341000
27.430100
27.516600
27.600500
27.681800
27.760600
27.836800
27.910500
27.981800
28.050500
28.116900
28.180700
28.242200
28.301300
28.358100
28.412500
28.464600
28.514400
28.561900
28.607200
28.650200
28.691000
28.729700
28.766200
28.800600
28.832800
28.862900
28.891000
28.916900
28.940900
28.962800
28.982700
29.000600
29.016600
29.030600
29.042700
29.052900
29.061200
29.067600
29.072300
29.075100
29.076100
29.075300
29.072700
29.068400
29.062400
29.054600
29.045200
29.034100
29.021300
29.006900
28.990900
28.973200
28.954000
28.933200
28.910900
28.887100
28.861700
28.834900
28.806500
28.776700
28.745500
28.712800
28.678700
28.643300
28.606400
28.568300
28.528700
28.487800
28.445700
28.402200
28.357500
28.311500
28.264300
28.215700
28.166100
28.115200
28.063100
28.009900
27.955500
27.900000
27.843500
27.785700
27.726900
27.667000
27.606100
27.544100
27.481100
27.417000
27.352000
27.286100
27.219100
27.151100
27.082300
27.012500
26.941800
26.870100
26.797700
26.724300
26.650100
26.575000
26.499200
26.422500
26.345000
26.266700
26.187700
26.107900
26.027300
25.946000
25.864000
25.781300
25.697800
25.613700
25.529000
25.443500
25.357500
25.270700
25.183400
25.095500
25.006900
24.917900
24.828200
24.737900
24.647100
24.555800
24.463900
24.371600
24.278700
24.185300
24.091500
23.997200
23.902400
23.807200
23.711500
23.615500
23.519000
23.422100
23.324800
23.227100
23.129200
23.030800
22.932000
22.832900
22.733500
22.633800
22.533700
22.433400
22.332800
22.231800
22.130600
22.029200
21.927500
21.825600
21.723400
21.621000
21.518400
21.415600
21.312600
21.209400
21.105900
21.002400
20.898700
20.794900
20.690900
20.586700
20.482500
20.378100
20.273600
20.169000
20.064300
19.959600
19.854800
19.749900
19.645000
19.539900
19.434900
19.329900
19.224700
19.119600
19.014500
18.909300
18.804200
18.699100
18.594000
18.489000
18.384000
18.279100
18.174100
18.069300
17.964500
17.859800
17.755200
17.650700
17.546200
17.441900
17.337700
17.233600
17.129700
17.025900
16.922200
16.818700
16.715400
16.612200
16.509200
16.406400
16.303800
16.201300
16.099100
15.997100
15.895300
15.793700
15.692500
15.591400
15.490500
15.390000
15.289600
15.189600
15.089900
14.990400
14.891200
14.792400
14.693800
14.595600
14.497700
14.400100
14.302900
14.206000
14.109400
14.013200
13.917500
13.822000
13.726900
13.632300
13.538000
13.444100
13.350700
13.257600
13.165000
13.072800
12.981000
12.889700
12.798800
12.708400
12.618400
12.529000
12.440000
12.351500
12.263400
12.175900
12.088800
12.002300
11.916300
11.830800
11.745800
11.661300
11.577400
11.494000
11.411200
11.328900
11.247200
11.166000
11.085300
11.005200
10.925700
10.846800
10.768500
10.690700
10.613500
10.536800
10.460800
10.385300
10.310500
10.236300
10.162600
10.089500
10.017100
9.945240
9.873960
9.803340
9.733310
9.663820
9.594990
9.526760
9.459180
9.392150
9.325770
9.259920
9.194740
9.130150
9.066160
9.002770
8.939970
8.877830
8.816230
8.755230
8.694820
8.635020
8.575740
8.517130
8.459060
8.401580
8.344700
8.288360
8.232610
8.177460
8.122790
8.068780
8.015250
7.962310
7.909910
7.858050
7.806720
7.755940
7.705690
7.655980
7.606750
7.558110
7.509950
7.462270
7.415130
7.368470
7.322280
7.276640
7.231470
7.186770
7.142560
7.098760
7.055510
7.012670
6.970310
6.928420
6.886960
6.845910
6.805340
6.765190
6.725460
6.686140
6.647250
6.608770
6.570650
6.533010
6.495720
6.458860
6.422350
6.386270
6.350540
6.315160
6.280150
6.245560
6.211260
6.177390
6.143810
6.110590
6.077720
6.045160
6.012960
5.981110
5.949570
5.918350
5.887430
5.856840
5.826540
5.796560
5.766870
5.737480
5.708380
5.679570
5.651050
5.622800
5.594830
5.567140
5.539710
5.512560
5.485660
5.459020
5.432640
5.406510
5.380630
5.355000
5.329610
5.304460
5.279540
5.254860
5.230400
5.206180
5.182170
5.158390
5.134830
5.111480
5.088340
5.065410
5.042690
5.020180
4.997860
4.975750
4.953830
4.932100
4.910570
4.889220
4.868060
4.847090
4.826290
4.805680
4.785240
4.764980
4.744890
4.724960
4.705210
4.685620
4.666210
4.646940
4.627840
4.608890
4.590110
4.571470
4.552990
4.534660
4.516480
4.498440
4.480550
4.462800
4.445190
4.427720
4.410390
4.393190
4.376130
4.359210
4.342400
4.325740
4.309200
4.292780
4.276500
4.260330
4.244290
4.228370
4.212570
4.196880
4.181310
4.165860
4.150520
4.135290
4.120180
4.105170
4.090270
4.075480
4.060800
4.046230
4.031750
4.017370
4.003110
3.988930
3.974860
3.960890
3.947020
3.933240
3.919550
3.905960
3.892460
3.879060
3.865740
3.852520
3.839380
3.826330
3.813370
3.800500
3.787710
3.775000
3.762380
3.749840
3.737380
3.725010
3.712710
3.700490
3.688350
3.676290
3.664300
3.652390
3.640560
3.628800
3.617120
3.605500
3.593970
3.582500
3.571100
3.559770
3.548510
3.537320
3.526190
3.515140
3.504150
3.493230
3.482370
3.471580
3.460850
3.450190
3.439590
3.429050
3.418580
3.408160
3.397800
3.387510
3.377270
3.367100
3.356970
3.346910
3.336910
3.326960
3.317070
3.307230
3.297460
3.287730
3.278060
3.268450
3.258880
3.249370
3.239910
3.230500
3.221150
3.211840
3.202580
3.193380
3.184230
3.175120
3.166070
3.157060
3.148090
3.139180
3.130320
3.121490
3.112720
3.103990
3.095310
3.086680
3.078090
3.069540
3.061040
3.052570
3.044160
3.035780
3.027450
3.019160
3.010910
3.002710
2.994540
2.986420
2.978340
2.970290
2.962290
2.954320
2.946400
2.938520
2.930660
2.922850
2.915090
2.907350
2.899650
2.891990
2.884380
2.876790
2.869240
2.861730
2.854250
2.846810
2.839400
2.832030
2.824690
2.817390
2.810120
2.802890
2.795680
2.788510
2.781380
2.774280
2.767200
2.760170
2.753160
2.746190
2.739250
2.732340
2.725460
2.718610
2.711790
2.705010
2.698250
2.691520
2.684820
2.678160
2.671520
2.664920
2.658340
2.651780
2.645260
2.638770
2.632300
2.625870
2.619460
2.613080
2.606720
2.600390
2.594100
2.587820
2.581580
2.575360
2.569160
2.563000
2.556850
2.550740
2.544650
2.538590
2.532550
2.526540
2.520550
2.514580
2.508640
2.502730
2.496840
2.490980
2.485130
2.479310
2.473520
2.467750
2.462000
2.456280
2.450570
2.444900
2.439250
2.433610
2.428000
2.422410
2.416850
2.411310
2.405790
2.400280
2.394800
2.389350
2.383920
2.378510
2.373110
2.367740
2.362390
2.357060
2.351750
2.346460
2.341200
2.335950
2.330720
2.325510
2.320330
2.315160
2.310010
2.304880
2.299770
2.294680
2.289620
2.284560
2.279530
2.274520
2.269520
2.264550
2.259590
2.254650
2.249740
2.244830
2.239950
2.235090
2.230230
2.225410
2.220600
2.215800
2.211020
2.206260
2.201520
2.196800
2.192090
2.187400
2.182720
2.178070
2.173430
2.168810
2.164200
2.159610
2.155030
2.150480
2.145930
2.141410
2.136900
2.132410
2.127930
2.123470
2.119020
2.114600
2.110180
2.105780
2.101400
2.097030
2.092680
2.088340
2.084020
2.079710
2.075410
2.071140
2.066880
2.062630
2.058390
2.054170
2.049970
2.045780
2.041600
2.037440
2.033290
2.029160
2.025040
2.020930
2.016840
2.012760
2.008700
2.004650
2.000610
1.996590
1.992580
1.988580
1.984600
1.980630
1.976670
1.972720
1.968790
1.964880
1.960970
1.957080
1.953200
1.949340
1.945480
1.941640
1.937810
1.934000
1.930200
1.926400
1.922630
1.918860
1.915100
1.911360
1.907630
1.903920
1.900210
1.896520
1.892830
1.889170
1.885500
1.881860
1.878230
1.874600
1.870990
1.867390
1.863800
1.860220
1.856660
1.853100
1.849560
1.846030
1.842500
1.839000
1.835490
1.832000
1.828530
1.825060
1.821610
1.818160
1.814730
1.811300
1.807890
1.804490
1.801100
1.797720
1.794350
1.790990
1.787640
1.784300
1.780970
1.777650
1.774340
1.771040
1.767750
1.764480
1.761210
1.757950
1.754700
1.751460
1.748230
1.745010
1.741800
1.738610
1.735420
1.732230
1.729060
1.725900
1.722750
1.719610
1.716480
1.713350
1.710240
1.707130
1.704040
1.700950
1.697880
1.694800
1.691750
1.688700
1.685660
1.682630
1.679600
1.676590
1.673590
1.670590
1.667600
1.664630
1.661660
1.658690
1.655740
1.652800
1.649860
1.646930
1.644020
1.641110
1.638210
1.635320
1.632430
1.629560
1.626690
1.623830
1.620980
1.618140
1.615300
1.612480
1.609660
1.606850
1.604050
1.601260
1.598470
1.595690
1.592920
1.590160
1.587410
1.584660
1.581920
1.579190
1.576470
1.573750
1.571050
1.568350
1.565660
1.562970
1.560290
1.557630
1.554960
1.552310
1.549660
1.547030
1.544390
1.541770
1.539150
1.536540
1.533940
1.531350
1.528760
1.526180
1.523610
1.521040
1.518480
1.515930
1.513380
1.510850
1.508320
1.505790
1.503280
1.500770
1.498260
1.495770
1.493280
1.490800
1.488330
1.485860
1.483400
1.480940
1.478490
1.476050
1.473620
1.471190
1.468780
1.466400
1.464090
1.463410
1.466420
1.474120
1.488000
1.510690
1.547390
1.606560
1.697770
1.829040
2.004890
2.225820
2.488990
2.789420
3.121270
3.478720
3.856380
4.249360
4.653260
5.064140
5.478600
5.893950
6.308110
6.719660
7.127500
7.531040
7.929860
8.323730
8.712450
9.096090
9.474600
9.848090
10.216600
10.580200
10.939000
11.293200
11.642700
11.987800
12.328400
12.664700
12.996700
13.324500
13.648100
13.967700
14.283200
14.594700
14.902200
15.205800
15.505500
15.801300
16.093300
16.381500
16.665800
16.946400
17.223200
17.496300
17.765700
18.031300
18.293300
18.551700
18.806300
19.057300
19.304700
19.548500
19.788600
20.025100
20.258200
20.487700
20.713600
20.936000
21.154900
21.370300
21.582300
21.790800
21.995800
22.197500
22.395700
22.590600
22.782100
22.970200
23.155000
23.336500
23.514700
23.689600
23.861300
24.029700
24.194900
24.357000
24.515800
24.671500
24.824000
24.973400
25.119800
25.263000
25.403300
25.540500
25.674700
25.805900
25.934100
26.059400
26.181900
26.301400
26.418000
26.531700
26.642700
26.750800
26.856200
26.958800
27.058700
27.155800
27.250400
27.342200
27.431400
27.517900
27.601800
27.683100
27.761900
27.838100
27.911900
27.983100
28.051900
28.118200
28.182000
28.243500
28.302600
28.359400
28.413800
28.465900
28.515700
28.563200
28.608500
28.651600
28.692400
28.731100
28.767600
28.801900
28.834100
28.864300
28.892300
28.918300
28.942200
28.964200
28.984100
29.002000
29.018000
29.032000
29.044100
29.054300
29.062700
29.069100
29.073700
29.076500
29.077600
29.076700
29.074200
29.069900
29.063900
29.056100
29.046700
29.035600
29.022800
29.008400
28.992400
28.974700
28.955600
28.934800
28.912500
28.888600
28.863200
28.836400
28.808100
28.778300
28.747100
28.714400
28.680400
28.644900
28.608100
28.569900
28.530300
28.489500
28.447300
28.403800
28.359100
28.313100
28.265900
28.217400
28.167700
28.116900
28.064800
28.011600
27.957200
27.901700
27.845100
27.787300
27.728600
27.668700
27.607700
27.545700
27.482700
27.418700
27.353700
27.287700
27.220800
27.152800
27.083900
27.014100
26.943500
26.871800
26.799300
26.726000
26.651800
26.576800
26.500900
26.424200
26.346700
26.268400
26.189400
26.109500
26.029000
25.947700
25.865700
25.782800
25.699400
25.615300
25.530500
25.445100
25.359000
25.272300
25.185000
25.097100
25.008500
24.919400
24.829700
24.739500
24.648700
24.557400
24.465500
24.373100
24.280200
24.186900
24.093100
23.998700
23.904000
23.808800
23.713100
23.617000
23.520500
23.423700
23.326400
23.228700
23.130700
23.032300
22.933600
22.834500
22.735100
22.635300
22.535300
22.434900
22.334300
22.233400
22.132200
22.030800
21.929100
21.827100
21.724900
21.622600
21.519900
21.417100
21.314100
21.210900
21.107500
21.004000
20.900300
20.796400
20.692400
20.588300
20.484000
20.379600
20.275200
20.170600
20.065900
19.961200
19.856300
19.751400
19.646500
19.541500
19.436400
19.331300
19.226300
19.121200
19.016000
18.910900
18.805700
18.700600
18.595500
18.490500
18.385500
18.280600
18.175600
18.070800
17.966000
17.861300
17.756700
17.652100
17.547700
17.443400
17.339200
17.235100
17.131200
17.027300
16.923700
16.820200
16.716800
16.613600
16.510600
16.407800
16.305200
16.202700
16.100500
15.998500
15.896700
15.795200
15.693900
15.592800
15.491900
15.391400
15.291000
15.191000
15.091200
14.991800
14.892600
14.793800
14.695200
14.596900
14.499000
14.401500
14.304200
14.207300
14.110800
14.014600
13.918700
13.823300
13.728200
13.633600
13.539300
13.445400
13.351900
13.258900
13.166300
13.074100
12.982300
12.891000
12.800100
12.709700
12.619800
12.530300
12.441200
12.352700
12.264700
12.177100
12.090100
12.003600
11.917500
11.832000
11.747000
11.662500
11.578600
11.495200
11.412400
11.330000
11.248300
11.167100
11.086400
11.006400
10.926800
10.847900
10.769500
10.691700
10.614500
10.537900
10.461900
10.386400
10.311600
10.237300
10.163600
10.090500
10.018100
9.946250
9.874970
9.804290
9.734270
9.664840
9.595950
9.527720
9.460080
9.393100
9.326660
9.260880
9.195630
9.131050
9.067060
9.003660
8.940870
8.878670
8.817070
8.756070
8.695660
8.635850
8.576580
8.517970
8.459890
8.402410
8.345470
8.289130
8.233390
8.178180
8.123570
8.069500
8.015960
7.963030
7.910630
7.858760
7.807440
7.756650
7.706410
7.656640
7.607460
7.558770
7.510550
7.462930
7.415730
7.369130
7.322940
7.277290
7.232060
7.187370
7.143160
7.099360
7.056100
7.013260
6.970900
6.928960
6.887490
6.846450
6.805880
6.765730
6.725990
6.686680
6.647720
6.609250
6.571190
6.533490
6.496200
6.459340
6.422830
6.386740
6.351010
6.315640
6.280630
6.245980
6.211740
6.177800
6.144220
6.111000
6.078140
6.045640
6.013440
5.981530
5.949990
5.918750
5.887840
5.857240
5.826940
5.796950
5.767260
5.737860
5.708770
5.679950
5.651420
5.623170
5.595200
5.567500
5.540070
5.512910
5.486010
5.459370
5.432990
5.406850
5.380970
5.355330
5.329940
5.304780
5.279860
5.255170
5.230720
5.206490
5.182480
5.158700
5.135130
5.111780
5.088640
5.065710
5.042990
5.020470
4.998160
4.976040
4.954110
4.932380
4.910850
4.889500
4.868340
4.847360
4.826560
4.805940
4.785500
4.765240
4.745140
4.725220
4.705470
4.685880
4.666450
4.647190
4.628090
4.609140
4.590350
4.571710
4.553230
4.534900
4.516710
4.498670
4.480780
4.463020
4.445420
4.427950
4.410610
4.393420
4.376350
4.359420
4.342630
4.325960
4.309410
4.293000
4.276710
4.260540
4.244500
4.228570
4.212770
4.197080
4.181510
4.166060
4.150720
4.135490
4.120370
4.105370
4.090470
4.075680
4.060990
4.046410
4.031930
4.017560
4.003290
3.989120
3.975050
3.961070
3.947190
3.933420
3.919730
3.906130
3.892640
3.879230
3.865910
3.852690
3.839550
3.826500
3.813540
3.800660
3.787870
3.775170
3.762540
3.750000
3.737540
3.725160
3.712870
3.700650
3.688510
3.676440
3.664460
3.652550
3.640710
3.628960
3.617270
3.605650
3.594110
3.582640
3.571240
3.559910
3.548650
3.537460
3.526340
3.515280
3.504290
3.493370
3.482510
3.471720
3.460990
3.450330
3.439730
3.429190
3.418710
3.408290
3.397930
3.387640
3.377400
3.367220
3.357100
3.347040
3.337040
3.327090
3.317190
3.307360
3.297580
3.287850
3.278180
3.268570
3.259000
3.249490
3.240030
3.230620
3.221260
3.211960
3.202700
3.193500
3.184340
3.175240
3.166180
3.157170
3.148210
3.139290
3.130430
3.121610
3.112840
3.104110
3.095430
3.086790
3.078190
3.069640
3.061140
3.052680
3.044260
3.035890
3.027550
3.019260
3.011020
3.002810
2.994640
2.986520
2.978440
2.970390
2.962390
2.954430
2.946500
2.938610
2.930770
2.922960
2.915180
2.907450
2.899750
2.892090
2.884470
2.876880
2.869330
2.861820
2.854340
2.846900
2.839490
2.832120
2.824780
2.817480
2.810210
2.802980
2.795770
2.788600
2.781470
2.774360
2.767290
2.760260
2.753250
2.746270
2.739330
2.732420
2.725540
2.718690
2.711880
2.705090
2.698330
2.691600
2.684910
2.678240
2.671610
2.664990
2.658410
2.651870
2.645340
2.638850
2.632380
2.625950
2.619540
2.613160
2.606800
2.600470
2.594170
2.587900
2.581660
2.575440
2.569240
2.563070
2.556930
2.550810
2.544730
2.538660
2.532630
2.526610
2.520620
2.514660
2.508720
2.502810
2.496910
2.491050
2.485200
2.479380
2.473590
2.467820
2.462080
2.456350
2.450650
2.444970
2.439310
2.433680
2.428070
2.422480
2.416920
2.411370
2.405850
2.400360
2.394880
2.389420
2.383980
2.378570
2.373180
2.367800
2.362460
2.357130
2.351820
2.346530
2.341260
2.336010
2.330780
2.325580
2.320390
2.315230
2.310080
2.304950
2.299840
2.294750
2.289680
2.284630
2.279600
2.274580
2.269590
2.264610
2.259650
2.254710
2.249800
2.244900
2.240010
2.235150
2.230290
2.225470
2.220660
2.215860
2.211080
2.206320
2.201580
2.196850
2.192140
2.187450
2.182780
2.178130
2.173480
2.168860
2.164250
2.159660
2.155090
2.150530
2.145990
2.141470
2.136950
2.132460
2.127990
2.123520
2.119080
2.114650
2.110240
2.105840
2.101450
2.097080
2.092730
2.088390
2.084070
2.079760
2.075470
2.071190
2.066930
2.062680
2.058450
2.054230
2.050020
2.045830
2.041650
2.037490
2.033340
2.029210
2.025090
2.020980
2.016890
2.012810
2.008750
2.004700
2.000660
1.996640
1.992630
1.988630
1.984640
1.980680
1.976720
1.972770
1.968840
1.964930
1.961020
1.957130
1.953250
1.949390
1.945530
1.941690
1.937860
1.934040
1.930240
1.926450
1.922670
1.918900
1.915150
1.911410
1.907680
1.903960
1.900260
1.896560
1.892880
1.889210
1.885550
1.881900
1.878270
1.874650
1.871030
1.867430
1.863840
1.860270
1.856700
1.853140
1.849600
1.846070
1.842540
1.839040
1.835540
1.832050
1.828570
1.825100
1.821650
1.818200
1.814770
1.811340
1.807930
1.804530
1.801140
1.797760
1.794390
1.791030
1.787680
1.784340
1.781010
1.777690
1.774380
1.771080
1.767790
1.764510
1.761240
1.757990
1.754740
1.751500
1.748270
1.745050
1.741840
1.738640
1.735450
1.732270
1.729100
1.725940
1.722790
1.719650
1.716510
1.713390
1.710270
1.707170
1.704080
1.700990
1.697910
1.694850
1.691790
1.688730
1.685690
1.682660
1.679640
1.676630
1.673620
1.670620
1.667640
1.664660
1.661690
1.658730
1.655780
1.652830
1.649900
1.646970
1.644050
1.641140
1.638250
1.635350
1.632470
1.629590
1.626730
1.623870
1.621020
1.618170
1.615340
1.612510
1.609690
1.606880
1.604080
1.601290
1.598500
1.595720
1.592960
1.590190
1.587440
1.584690
1.581960
1.579230
1.576500
1.573790
1.571080
1.568380
1.565690
1.563010
1.560330
1.557660
1.555000
1.552340
1.549700
1.547060
1.544420
1.541800
1.539180
1.536570
1.533970
1.531380
1.528790
1.526210
1.523640
1.521070
1.518510
1.515960
1.513410
1.510880
1.508350
1.505830
1.503310
1.500800
1.498300
1.495800
1.493310
1.490830
1.488360
1.485890
1.483430
1.480970
1.478520
