16.469300
16.471700
16.473200
16.473100
16.473000
16.472900
16.472800
16.472800
16.472800
16.472800
16.472900
16.472900
16.472900
16.473000
16.473000
16.473100
16.473100
16.473100
16.473100
16.473100
16.473100
16.473100
16.473100
16.473000
16.473000
16.472900
16.472900
16.472800
16.472700
16.472700
16.472600
16.472500
16.472500
16.472400
16.472300
16.472200
16.472100
16.472000
16.472000
16.471900
16.471800
16.471700
16.471600
16.471500
16.471400
16.471300
16.471200
16.471100
16.471100
16.471000
16.470900
16.470800
16.470700
16.470600
16.470500
16.470400
16.470400
16.470300
16.470200
16.470100
16.470000
16.469900
16.469900
16.469800
16.469700
16.469600
16.469600
16.469500
16.469400
16.469300
16.469300
16.469200
16.469100
16.469100
16.469000
16.468900
16.468900
16.468800
16.468800
16.468700
16.468600
16.468600
16.468500
16.468500
16.468400
16.468400
16.468300
16.468300
16.468200
16.468200
16.468200
16.468100
16.468100
16.468000
16.468000
16.468000
16.467900
16.467900
16.467900
16.467800
16.467800
16.467800
16.467800
16.467700
16.467700
16.467700
16.467700
16.467600
16.467600
16.467600
16.467600
16.467600
16.467600
16.467600
16.467600
16.467500
16.467500
16.467500
16.467500
16.467500
16.467500
16.467500
16.467500
16.467500
16.467500
16.467500
16.467500
16.467600
16.467600
16.467600
16.467600
16.467600
16.467600
16.467600
16.467700
16.467700
16.467700
16.467700
16.467700
16.467800
16.467800
16.467800
16.467800
16.467900
16.467900
16.467900
16.468000
16.468000
16.468000
16.468100
16.468100
16.468200
16.468200
16.468200
16.468300
16.468300
16.468400
16.468400
16.468500
16.468500
16.468600
16.468600
16.468700
16.468800
16.468800
16.468900
16.468900
16.469000
16.469000
16.469100
16.469200
16.469200
16.469300
16.469400
16.469400
16.469500
16.469600
16.469600
16.469700
16.469800
16.469900
16.469900
16.470000
16.470100
16.470100
16.470200
16.470300
16.470400
16.470400
16.470500
16.470600
16.470700
16.470700
16.470800
16.470900
16.471000
16.471000
16.471100
16.471200
16.471300
16.471400
16.471400
16.471500
16.471600
16.471700
16.471700
16.471800
16.471900
16.472000
16.472000
16.472100
16.472200
16.472200
16.472300
16.472400
16.472500
16.472500
16.472600
16.472700
16.472700
16.472800
16.472900
16.472900
16.473000
16.473000
16.473100
16.473200
16.473200
16.473300
16.473300
16.473400
16.473400
16.473500
16.473500
16.473600
16.473700
16.473700
16.473800
16.473800
16.473800
16.473900
16.473900
16.474000
16.474000
16.474100
16.474100
16.474200
16.474200
16.474300
16.474300
16.474300
16.474400
16.474400
16.474500
16.474500
16.474500
16.474600
16.474600
16.474600
16.474700
16.474700
16.474800
16.474800
16.474800
16.474900
16.474900
16.474900
16.475000
16.475000
16.475000
16.475100
16.475100
16.475100
16.475200
16.475200
16.475200
16.475200
16.475300
16.475300
16.475300
16.475400
16.475400
16.475400
16.475400
16.475500
16.475500
16.475500
16.475600
16.475600
16.475600
16.475600
16.475700
16.475700
16.475700
16.475700
16.475800
16.475800
16.475800
16.475800
16.475900
16.475900
16.475900
16.475900
16.475900
16.476000
16.476000
16.476000
16.476000
16.476100
16.476100
16.476100
16.476100
16.476100
16.476200
16.476200
16.476200
16.476200
16.476200
16.476200
16.476300
16.476300
16.476300
16.476300
16.476300
16.476400
16.476400
16.476400
16.476400
16.476400
16.476400
16.476500
16.476500
16.476500
16.476500
16.476500
16.476500
16.476500
16.476600
16.476600
16.476600
16.476600
16.476600
16.476600
16.476600
16.476600
16.476700
16.476700
16.476700
16.476700
16.476700
16.476700
16.476700
16.476700
16.476800
16.476800
16.476800
16.476800
16.476800
16.476800
16.476800
16.476800
16.476800
16.476800
16.476900
16.476900
16.476900
16.476900
16.476900
16.476900
16.476900
16.476900
16.476900
16.476900
16.476900
16.476900
16.477000
16.477000
16.477000
16.477000
16.477000
16.477000
16.477000
16.477000
16.477000
16.477000
16.477000
16.477000
16.477000
16.477000
16.477000
16.477000
16.477000
16.477000
16.477100
16.477100
16.477100
16.477100
16.477100
16.477100
16.477100
16.477100
16.477100
16.477100
16.477100
16.477100
16.477100
16.477100
16.477100
16.477100
16.477100
16.477100
16.477100
16.477100
16.477100
16.477100
16.477100
16.477100
16.477100
16.477100
16.477100
16.477100
16.477100
16.477100
16.477100
16.477100
16.477100
16.477100
16.477100
16.477100
16.477100
16.477100
16.477100
16.477100
16.477100
16.477100
16.477100
16.477100
16.477100
16.477100
16.477100
16.477100
16.477100
16.477100
16.477100
16.477100
16.477100
16.477100
16.477100
16.477100
16.477100
16.477100
16.477100
16.477100
16.477100
16.477100
16.477100
16.477100
16.477100
16.477100
16.477100
16.477100
16.477100
16.477000
16.477000
16.477000
16.477000
16.477000
16.477000
16.477000
16.477000
16.477000
16.477000
16.477000
16.477000
16.477000
16.477000
16.477000
16.477000
16.477000
16.477000
16.477000
16.477000
16.477000
16.476900
16.476900
16.476900
16.476900
16.476900
16.476900
16.476900
16.476900
16.476900
16.476900
16.476900
16.476900
16.476900
16.476900
16.476900
16.476900
16.476800
16.476800
16.476800
16.476800
16.476800
16.476800
16.476800
16.476800
16.476800
16.476800
16.476800
16.476800
16.476800
16.476800
16.476700
16.476700
16.476700
16.476700
16.476700
16.476700
16.476700
16.476700
16.476700
16.476700
16.476700
16.476700
16.476600
16.476600
16.476600
16.476600
16.476600
16.476600
16.476600
16.476600
16.476600
16.476600
16.476600
16.476600
16.476500
16.476500
16.476500
16.476500
16.476500
16.476500
16.476500
16.476500
16.476500
16.476500
16.476400
16.476400
16.476400
16.476400
16.476400
16.476400
16.476400
16.476400
16.476400
16.476400
16.476300
16.476300
16.476300
16.476300
16.476300
16.476300
16.476300
16.476300
16.476300
16.476200
16.476200
16.476200
16.476200
16.476200
16.476200
16.476200
16.476200
16.476200
16.476200
16.476100
16.476100
16.476100
16.476100
16.476100
16.476100
16.476100
16.476100
16.476000
16.476000
16.476000
16.476000
16.476000
16.476000
16.476000
16.476000
16.476000
16.475900
16.475900
16.475900
16.475900
16.475900
16.475900
16.475900
16.475900
16.475800
16.475800
16.475800
16.475800
16.475800
16.475800
16.475800
16.475800
16.475700
16.475700
16.475700
16.475700
16.475700
16.475700
16.475700
16.475700
16.475600
16.475600
16.475600
16.475600
16.475600
16.475600
16.475600
16.475600
16.475500
16.475500
16.475500
16.475500
16.475500
16.475500
16.475500
16.475400
16.475400
16.475400
16.475400
16.475400
16.475400
16.475400
16.475400
16.475300
16.475300
16.475300
16.475300
16.475300
16.475300
16.475300
16.475200
16.475200
16.475200
16.475200
16.475200
16.475200
16.475200
16.475100
16.475100
16.475100
16.475100
16.475100
16.475100
16.475100
16.475000
16.475000
16.475000
16.475000
16.475000
16.475000
16.475000
16.474900
16.474900
16.474900
16.474900
16.474900
16.474900
16.474900
16.474800
16.474800
16.474800
16.474800
16.474800
16.474800
16.474800
16.474700
16.474700
16.474700
16.474700
16.474700
16.474700
16.474700
16.474600
16.474600
16.474600
16.474600
16.474600
16.474600
16.474500
16.474500
16.474500
16.474500
16.474500
16.474500
16.474500
16.474400
16.474400
16.474400
16.474400
16.474400
16.474400
16.474400
16.474300
16.474300
16.474300
16.474300
16.474300
16.474300
16.474200
16.474200
16.474200
16.474200
16.474200
16.474200
16.474100
16.474100
16.474100
16.474100
16.474100
16.474100
16.474100
16.474000
16.474000
16.474000
16.474000
16.474000
16.474000
16.473900
16.473900
16.473900
16.473900
16.473900
16.473900
16.473900
16.473800
16.473800
16.473800
16.473800
16.473800
16.473800
16.473700
16.473700
16.473700
16.473700
16.473700
16.473700
16.473600
16.473600
16.473600
16.473600
16.473600
16.473600
16.473500
16.473500
16.473500
16.473500
16.473500
16.473500
16.473400
16.473400
16.473400
16.473400
16.473400
16.473400
16.473300
16.473300
16.473300
16.473300
16.473300
16.473300
16.473300
16.473200
16.473200
16.473200
16.473200
16.473200
16.473200
16.473100
16.473100
16.473100
16.473100
16.473100
16.473100
16.473000
16.473000
16.473000
16.473000
16.473000
16.473000
16.472900
16.472900
16.472900
16.472900
16.472900
16.472900
16.472800
16.472800
16.472800
16.472800
16.472800
16.472800
16.472700
16.472700
16.472700
16.472700
16.472700
16.472600
16.472600
16.472600
16.472600
16.472600
16.472600
16.472500
16.472500
16.472500
16.472500
16.472500
16.472500
16.472400
16.472400
16.472400
16.472400
16.472400
16.472400
16.472300
16.472300
16.472300
16.472300
16.472300
16.472300
16.472200
16.472200
16.472200
16.472200
16.472200
16.472200
16.472100
16.472100
16.472100
16.472100
16.472100
16.472100
16.472000
16.472000
16.472000
16.472000
16.472000
16.471900
16.471900
16.471900
16.471900
16.471900
16.471900
16.471800
16.471800
16.471800
16.471800
16.471800
16.471800
16.471700
16.471700
16.471700
16.471700
16.471700
16.471700
16.471600
16.471600
16.471600
16.471600
16.471600
16.471500
16.471500
16.471500
16.471500
16.471500
16.471500
16.471400
16.471400
16.471400
16.471400
16.471400
16.471400
16.471300
16.471300
16.471300
16.471300
16.471300
16.471200
16.471200
16.471200
16.471200
16.471200
16.471200
16.471100
16.471100
16.471100
16.471100
16.471100
16.471100
16.471000
16.471000
16.471000
16.471000
16.471000
16.470900
16.470900
16.470900
16.470900
16.470900
16.470900
16.470800
16.470800
16.470800
16.470800
16.470800
16.470800
16.470700
16.470700
16.470700
16.470700
16.470700
16.470600
16.470600
16.470600
16.470600
16.470600
16.470600
16.470500
16.470500
16.470500
16.470500
16.470500
16.470500
16.470400
16.470400
16.470400
16.470400
16.470400
16.470300
16.470300
16.470300
16.470300
16.470300
16.470300
16.470200
16.470200
16.470200
16.470200
16.470200
16.470100
16.470100
16.470100
16.470100
16.470100
16.470100
16.470000
16.470000
16.470000
16.470000
16.470000
16.469900
16.469900
16.469900
16.469900
16.469900
16.469900
16.469800
16.469800
16.469800
16.469800
16.469800
16.469800
16.469700
16.469700
16.469700
16.469700
16.469700
16.469600
16.469600
16.469600
16.469600
16.469600
16.469600
16.469500
16.469500
16.469500
16.469500
16.469500
16.469400
16.469400
16.469400
16.469400
16.469400
16.469400
16.471800
16.473300
16.473100
16.473000
16.472900
16.472900
16.472900
16.472900
16.472900
16.472900
16.473000
16.473000
16.473000
16.473100
16.473100
16.473200
16.473200
16.473200
16.473200
16.473200
16.473100
16.473100
16.473100
16.473000
16.473000
16.472900
16.472900
16.472800
16.472700
16.472700
16.472600
16.472500
16.472400
16.472400
16.472300
16.472200
16.472100
16.472000
16.471900
16.471800
16.471700
16.471700
16.471600
16.471500
16.471400
16.471300
16.471200
16.471100
16.471000
16.470900
16.470800
16.470800
16.470700
16.470600
16.470500
16.470400
16.470300
16.470200
16.470200
16.470100
16.470000
16.469900
16.469800
16.469800
16.469700
16.469600
16.469500
16.469500
16.469400
16.469300
16.469300
16.469200
16.469100
16.469100
16.469000
16.468900
16.468900
16.468800
16.468800
16.468700
16.468600
16.468600
16.468500
16.468500
16.468400
16.468400
16.468300
16.468300
16.468300
16.468200
16.468200
16.468100
16.468100
16.468100
16.468000
16.468000
16.467900
16.467900
16.467900
16.467900
16.467800
16.467800
16.467800
16.467800
16.467700
16.467700
16.467700
16.467700
16.467700
16.467700
16.467600
16.467600
16.467600
16.467600
16.467600
16.467600
16.467600
16.467600
16.467600
16.467600
16.467600
16.467600
16.467600
16.467600
16.467600
16.467600
16.467600
16.467600
16.467600
16.467600
16.467700
16.467700
16.467700
16.467700
16.467700
16.467800
16.467800
16.467800
16.467800
16.467800
16.467900
16.467900
16.467900
16.468000
16.468000
16.468000
16.468100
16.468100
16.468100
16.468200
16.468200
16.468300
16.468300
16.468300
16.468400
16.468400
16.468500
16.468500
16.468600
16.468600
16.468700
16.468800
16.468800
16.468900
16.468900
16.469000
16.469000
16.469100
16.469200
16.469200
16.469300
16.469400
16.469400
16.469500
16.469600
16.469600
16.469700
16.469800
16.469800
16.469900
16.470000
16.470100
16.470100
16.470200
16.470300
16.470300
16.470400
16.470500
16.470600
16.470600
16.470700
16.470800
16.470900
16.470900
16.471000
16.471100
16.471200
16.471300
16.471300
16.471400
16.471500
16.471600
16.471600
16.471700
16.471800
16.471900
16.471900
16.472000
16.472100
16.472200
16.472200
16.472300
16.472400
16.472400
16.472500
16.472600
16.472700
16.472700
16.472800
16.472900
16.472900
16.473000
16.473000
16.473100
16.473200
16.473200
16.473300
16.473300
16.473400
16.473400
16.473500
16.473600
16.473600
16.473700
16.473700
16.473800
16.473800
16.473900
16.473900
16.474000
16.474000
16.474000
16.474100
16.474100
16.474200
16.474200
16.474300
16.474300
16.474400
16.474400
16.474400
16.474500
16.474500
16.474600
16.474600
16.474600
16.474700
16.474700
16.474700
16.474800
16.474800
16.474800
16.474900
16.474900
16.475000
16.475000
16.475000
16.475100
16.475100
16.475100
16.475100
16.475200
16.475200
16.475200
16.475300
16.475300
16.475300
16.475400
16.475400
16.475400
16.475400
16.475500
16.475500
16.475500
16.475600
16.475600
16.475600
16.475600
16.475700
16.475700
16.475700
16.475700
16.475800
16.475800
16.475800
16.475800
16.475900
16.475900
16.475900
16.475900
16.476000
16.476000
16.476000
16.476000
16.476000
16.476100
16.476100
16.476100
16.476100
16.476200
16.476200
16.476200
16.476200
16.476200
16.476200
16.476300
16.476300
16.476300
16.476300
16.476300
16.476400
16.476400
16.476400
16.476400
16.476400
16.476400
16.476500
16.476500
16.476500
16.476500
16.476500
16.476500
16.476600
16.476600
16.476600
16.476600
16.476600
16.476600
16.476600
16.476700
16.476700
16.476700
16.476700
16.476700
16.476700
16.476700
16.476700
16.476800
16.476800
16.476800
16.476800
16.476800
16.476800
16.476800
16.476800
16.476800
16.476900
16.476900
16.476900
16.476900
16.476900
16.476900
16.476900
16.476900
16.476900
16.476900
16.476900
16.477000
16.477000
16.477000
16.477000
16.477000
16.477000
16.477000
16.477000
16.477000
16.477000
16.477000
16.477000
16.477000
16.477000
16.477100
16.477100
16.477100
16.477100
16.477100
16.477100
16.477100
16.477100
16.477100
16.477100
16.477100
16.477100
16.477100
16.477100
16.477100
16.477100
16.477100
16.477100
16.477100
16.477100
16.477100
16.477100
16.477100
16.477200
16.477200
16.477200
16.477200
16.477200
16.477200
16.477200
16.477200
16.477200
16.477200
16.477200
16.477200
16.477200
16.477200
16.477200
16.477200
16.477200
16.477200
16.477200
16.477200
16.477200
16.477200
16.477200
16.477200
16.477200
16.477200
16.477200
16.477200
16.477200
16.477200
16.477200
16.477200
16.477200
16.477200
16.477200
16.477200
16.477200
16.477200
16.477200
16.477200
16.477200
16.477200
16.477200
16.477100
16.477100
16.477100
16.477100
16.477100
16.477100
16.477100
16.477100
16.477100
16.477100
16.477100
16.477100
16.477100
16.477100
16.477100
16.477100
16.477100
16.477100
16.477100
16.477100
16.477100
16.477100
16.477100
16.477100
16.477100
16.477100
16.477100
16.477000
16.477000
16.477000
16.477000
16.477000
16.477000
16.477000
16.477000
16.477000
16.477000
16.477000
16.477000
16.477000
16.477000
16.477000
16.477000
16.477000
16.477000
16.476900
16.476900
16.476900
16.476900
16.476900
16.476900
16.476900
16.476900
16.476900
16.476900
16.476900
16.476900
16.476900
16.476900
16.476800
16.476800
16.476800
16.476800
16.476800
16.476800
16.476800
16.476800
16.476800
16.476800
16.476800
16.476800
16.476800
16.476700
16.476700
16.476700
16.476700
16.476700
16.476700
16.476700
16.476700
16.476700
16.476700
16.476700
16.476700
16.476600
16.476600
16.476600
16.476600
16.476600
16.476600
16.476600
16.476600
16.476600
16.476600
16.476600
16.476500
16.476500
16.476500
16.476500
16.476500
16.476500
16.476500
16.476500
16.476500
16.476500
16.476400
16.476400
16.476400
16.476400
16.476400
16.476400
16.476400
16.476400
16.476400
16.476300
16.476300
16.476300
16.476300
16.476300
16.476300
16.476300
16.476300
16.476300
16.476300
16.476200
16.476200
16.476200
16.476200
16.476200
16.476200
16.476200
16.476200
16.476200
16.476100
16.476100
16.476100
16.476100
16.476100
16.476100
16.476100
16.476100
16.476000
16.476000
16.476000
16.476000
16.476000
16.476000
16.476000
16.476000
16.476000
16.475900
16.475900
16.475900
16.475900
16.475900
16.475900
16.475900
16.475900
16.475800
16.475800
16.475800
16.475800
16.475800
16.475800
16.475800
16.475800
16.475700
16.475700
16.475700
16.475700
16.475700
16.475700
16.475700
16.475600
16.475600
16.475600
16.475600
16.475600
16.475600
16.475600
16.475600
16.475500
16.475500
16.475500
16.475500
16.475500
16.475500
16.475500
16.475400
16.475400
16.475400
16.475400
16.475400
16.475400
16.475400
16.475400
16.475300
16.475300
16.475300
16.475300
16.475300
16.475300
16.475300
16.475200
16.475200
16.475200
16.475200
16.475200
16.475200
16.475200
16.475100
16.475100
16.475100
16.475100
16.475100
16.475100
16.475100
16.475000
16.475000
16.475000
16.475000
16.475000
16.475000
16.475000
16.474900
16.474900
16.474900
16.474900
16.474900
16.474900
16.474900
16.474800
16.474800
16.474800
16.474800
16.474800
16.474800
16.474800
16.474700
16.474700
16.474700
16.474700
16.474700
16.474700
16.474600
16.474600
16.474600
16.474600
16.474600
16.474600
16.474600
16.474500
16.474500
16.474500
16.474500
16.474500
16.474500
16.474500
16.474400
16.474400
16.474400
16.474400
16.474400
16.474400
16.474300
16.474300
16.474300
16.474300
16.474300
16.474300
16.474300
16.474200
16.474200
16.474200
16.474200
16.474200
16.474200
16.474100
16.474100
16.474100
16.474100
16.474100
16.474100
16.474000
16.474000
16.474000
16.474000
16.474000
16.474000
16.474000
16.473900
16.473900
16.473900
16.473900
16.473900
16.473900
16.473800
16.473800
16.473800
16.473800
16.473800
16.473800
16.473700
16.473700
16.473700
16.473700
16.473700
16.473700
16.473700
16.473600
16.473600
16.473600
16.473600
16.473600
16.473600
16.473500
16.473500
16.473500
16.473500
16.473500
16.473500
16.473400
16.473400
16.473400
16.473400
16.473400
16.473400
16.473300
16.473300
16.473300
16.473300
16.473300
16.473300
16.473200
16.473200
16.473200
16.473200
16.473200
16.473200
16.473100
16.473100
16.473100
16.473100
16.473100
16.473100
16.473000
16.473000
16.473000
16.473000
16.473000
16.473000
16.472900
16.472900
16.472900
16.472900
16.472900
16.472900
16.472800
16.472800
16.472800
16.472800
16.472800
16.472800
16.472700
16.472700
16.472700
16.472700
16.472700
16.472700
16.472600
16.472600
16.472600
16.472600
16.472600
16.472600
16.472500
16.472500
16.472500
16.472500
16.472500
16.472500
16.472400
16.472400
16.472400
16.472400
16.472400
16.472300
16.472300
16.472300
16.472300
16.472300
16.472300
16.472200
16.472200
16.472200
16.472200
16.472200
16.472200
16.472100
16.472100
16.472100
16.472100
16.472100
16.472100
16.472000
16.472000
16.472000
16.472000
16.472000
16.472000
16.471900
16.471900
16.471900
16.471900
16.471900
16.471800
16.471800
16.471800
16.471800
16.471800
16.471800
16.471700
16.471700
16.471700
16.471700
16.471700
16.471700
16.471600
16.471600
16.471600
16.471600
16.471600
16.471600
16.471500
16.471500
16.471500
16.471500
16.471500
16.471400
16.471400
16.471400
16.471400
16.471400
16.471400
16.471300
16.471300
16.471300
16.471300
16.471300
16.471300
16.471200
16.471200
16.471200
16.471200
16.471200
16.471100
16.471100
16.471100
16.471100
16.471100
16.471100
16.471000
16.471000
16.471000
16.471000
16.471000
16.471000
16.470900
16.470900
16.470900
16.470900
16.470900
16.470800
16.470800
16.470800
16.470800
16.470800
16.470800
16.470700
16.470700
16.470700
16.470700
16.470700
16.470700
16.470600
16.470600
16.470600
16.470600
16.470600
16.470500
16.470500
16.470500
16.470500
16.470500
16.470500
16.470400
16.470400
16.470400
16.470400
16.470400
16.470300
16.470300
16.470300
16.470300
16.470300
16.470300
16.470200
16.470200
16.470200
16.470200
16.470200
16.470100
16.470100
16.470100
16.470100
16.470100
16.470100
16.470000
16.470000
16.470000
16.470000
16.470000
16.470000
16.469900
16.469900
16.469900
16.469900
16.469900
16.469800
16.469800
16.469800
16.469800
16.469800
16.469800
16.469700
16.469700
16.469700
16.469700
16.469700
16.469600
16.469600
16.469600
16.469600
16.469600
16.469600
16.469500
16.469500
16.469500
16.469500
16.469500
16.469400
16.469400
16.469400
16.471800
16.473300
16.473200
16.473100
16.473000
16.472900
16.472900
16.472900
16.472900
16.473000
16.473000
16.473100
16.473100
16.473100
16.473200
16.473200
16.473200
16.473200
16.473200
16.473200
16.473200
16.473200
16.473100
16.473100
16.473000
16.473000
16.472900
16.472900
16.472800
16.472700
16.472600
16.472600
16.472500
16.472400
16.472300
16.472200
16.472200
16.472100
16.472000
16.471900
16.471800
16.471700
16.471600
16.471500
16.471400
16.471300
16.471300
16.471200
16.471100
16.471000
16.470900
16.470800
16.470700
16.470600
16.470500
16.470500
16.470400
16.470300
16.470200
16.470100
16.470100
16.470000
16.469900
16.469800
16.469700
16.469700
16.469600
16.469500
16.469500
16.469400
16.469300
16.469200
16.469200
16.469100
16.469100
16.469000
16.468900
16.468900
16.468800
16.468800
16.468700
16.468600
16.468600
16.468500
16.468500
16.468400
16.468400
16.468400
16.468300
16.468300
16.468200
16.468200
16.468100
16.468100
16.468100
16.468000
16.468000
16.468000
16.467900
16.467900
16.467900
16.467900
16.467800
16.467800
16.467800
16.467800
16.467800
16.467700
16.467700
16.467700
16.467700
16.467700
16.467700
16.467700
16.467700
16.467700
16.467600
16.467600
16.467600
16.467600
16.467600
16.467600
16.467600
16.467600
16.467700
16.467700
16.467700
16.467700
16.467700
16.467700
16.467700
16.467700
16.467800
16.467800
16.467800
16.467800
16.467800
16.467900
16.467900
16.467900
16.467900
16.468000
16.468000
16.468000
16.468100
16.468100
16.468100
16.468200
16.468200
16.468200
16.468300
16.468300
16.468400
16.468400
16.468500
16.468500
16.468500
16.468600
16.468600
16.468700
16.468800
16.468800
16.468900
16.468900
16.469000
16.469000
16.469100
16.469200
16.469200
16.469300
16.469300
16.469400
16.469500
16.469500
16.469600
16.469700
16.469800
16.469800
16.469900
16.470000
16.470000
16.470100
16.470200
16.470300
16.470300
16.470400
16.470500
16.470600
16.470600
16.470700
16.470800
16.470900
16.470900
16.471000
16.471100
16.471200
16.471200
16.471300
16.471400
16.471500
16.471500
16.471600
16.471700
16.471800
16.471800
16.471900
16.472000
16.472100
16.472100
16.472200
16.472300
16.472400
16.472400
16.472500
16.472600
16.472600
16.472700
16.472800
16.472800
16.472900
16.473000
16.473000
16.473100
16.473200
16.473200
16.473300
16.473300
16.473400
16.473500
16.473500
16.473600
16.473600
16.473700
16.473700
16.473800
16.473800
16.473900
16.473900
16.474000
16.474000
16.474100
16.474100
16.474100
16.474200
16.474200
16.474300
16.474300
16.474400
16.474400
16.474400
16.474500
16.474500
16.474600
16.474600
16.474600
16.474700
16.474700
16.474800
16.474800
16.474800
16.474900
16.474900
16.474900
16.475000
16.475000
16.475000
16.475100
16.475100
16.475100
16.475200
16.475200
16.475200
16.475300
16.475300
16.475300
16.475400
16.475400
16.475400
16.475400
16.475500
16.475500
16.475500
16.475600
16.475600
16.475600
16.475600
16.475700
16.475700
16.475700
16.475700
16.475800
16.475800
16.475800
16.475800
16.475900
16.475900
16.475900
16.475900
16.476000
16.476000
16.476000
16.476000
16.476100
16.476100
16.476100
16.476100
16.476100
16.476200
16.476200
16.476200
16.476200
16.476200
16.476300
16.476300
16.476300
16.476300
16.476300
16.476400
16.476400
16.476400
16.476400
16.476400
16.476500
16.476500
16.476500
16.476500
16.476500
16.476500
16.476500
16.476600
16.476600
16.476600
16.476600
16.476600
16.476600
16.476700
16.476700
16.476700
16.476700
16.476700
16.476700
16.476700
16.476800
16.476800
16.476800
16.476800
16.476800
16.476800
16.476800
16.476800
16.476800
16.476900
16.476900
16.476900
16.476900
16.476900
16.476900
16.476900
16.476900
16.476900
16.477000
16.477000
16.477000
16.477000
16.477000
16.477000
16.477000
16.477000
16.477000
16.477000
16.477000
16.477000
16.477100
16.477100
16.477100
16.477100
16.477100
16.477100
16.477100
16.477100
16.477100
16.477100
16.477100
16.477100
16.477100
16.477100
16.477100
16.477100
16.477100
16.477200
16.477200
16.477200
16.477200
16.477200
16.477200
16.477200
16.477200
16.477200
16.477200
16.477200
16.477200
16.477200
16.477200
16.477200
16.477200
16.477200
16.477200
16.477200
16.477200
16.477200
16.477200
16.477200
16.477200
16.477200
16.477200
16.477200
16.477200
16.477200
16.477200
16.477200
16.477200
16.477200
16.477200
16.477200
16.477200
16.477200
16.477200
16.477200
16.477200
16.477200
16.477200
16.477200
16.477200
16.477200
16.477200
16.477200
16.477200
16.477200
16.477200
16.477200
16.477200
16.477200
16.477200
16.477200
16.477200
16.477200
16.477200
16.477200
16.477200
16.477200
16.477200
16.477200
16.477200
16.477200
16.477200
16.477200
16.477200
16.477200
16.477200
16.477200
16.477200
16.477200
16.477200
16.477200
16.477100
16.477100
16.477100
16.477100
16.477100
16.477100
16.477100
16.477100
16.477100
16.477100
16.477100
16.477100
16.477100
16.477100
16.477100
16.477100
16.477100
16.477100
16.477100
16.477100
16.477100
16.477000
16.477000
16.477000
16.477000
16.477000
16.477000
16.477000
16.477000
16.477000
16.477000
16.477000
16.477000
16.477000
16.477000
16.477000
16.476900
16.476900
16.476900
16.476900
16.476900
16.476900
16.476900
16.476900
16.476900
16.476900
16.476900
16.476900
16.476900
16.476900
16.476800
16.476800
16.476800
16.476800
16.476800
16.476800
16.476800
16.476800
16.476800
16.476800
16.476800
16.476800
16.476700
16.476700
16.476700
16.476700
16.476700
16.476700
16.476700
16.476700
16.476700
16.476700
16.476700
16.476600
16.476600
16.476600
16.476600
16.476600
16.476600
16.476600
16.476600
16.476600
16.476600
16.476500
16.476500
16.476500
16.476500
16.476500
16.476500
16.476500
16.476500
16.476500
16.476500
16.476400
16.476400
16.476400
16.476400
16.476400
16.476400
16.476400
16.476400
16.476400
16.476400
16.476300
16.476300
16.476300
16.476300
16.476300
16.476300
16.476300
16.476300
16.476300
16.476200
16.476200
16.476200
16.476200
16.476200
16.476200
16.476200
16.476200
16.476200
16.476100
16.476100
16.476100
16.476100
16.476100
16.476100
16.476100
16.476100
16.476000
16.476000
16.476000
16.476000
16.476000
16.476000
16.476000
16.476000
16.475900
16.475900
16.475900
16.475900
16.475900
16.475900
16.475900
16.475900
16.475800
16.475800
16.475800
16.475800
16.475800
16.475800
16.475800
16.475800
16.475700
16.475700
16.475700
16.475700
16.475700
16.475700
16.475700
16.475700
16.475600
16.475600
16.475600
16.475600
16.475600
16.475600
16.475600
16.475500
16.475500
16.475500
16.475500
16.475500
16.475500
16.475500
16.475500
16.475400
16.475400
16.475400
16.475400
16.475400
16.475400
16.475400
16.475300
16.475300
16.475300
16.475300
16.475300
16.475300
16.475300
16.475200
16.475200
16.475200
16.475200
16.475200
16.475200
16.475200
16.475100
16.475100
16.475100
16.475100
16.475100
16.475100
16.475100
16.475000
16.475000
16.475000
16.475000
16.475000
16.475000
16.475000
16.474900
16.474900
16.474900
16.474900
16.474900
16.474900
16.474900
16.474800
16.474800
16.474800
16.474800
16.474800
16.474800
16.474800
16.474700
16.474700
16.474700
16.474700
16.474700
16.474700
16.474600
16.474600
16.474600
16.474600
16.474600
16.474600
16.474600
16.474500
16.474500
16.474500
16.474500
16.474500
16.474500
16.474400
16.474400
16.474400
16.474400
16.474400
16.474400
16.474400
16.474300
16.474300
16.474300
16.474300
16.474300
16.474300
16.474200
16.474200
16.474200
16.474200
16.474200
16.474200
16.474200
16.474100
16.474100
16.474100
16.474100
16.474100
16.474100
16.474000
16.474000
16.474000
16.474000
16.474000
16.474000
16.473900
16.473900
16.473900
16.473900
16.473900
16.473900
16.473900
16.473800
16.473800
16.473800
16.473800
16.473800
16.473800
16.473700
16.473700
16.473700
16.473700
16.473700
16.473700
16.473600
16.473600
16.473600
16.473600
16.473600
16.473600
16.473500
16.473500
16.473500
16.473500
16.473500
16.473500
16.473400
16.473400
16.473400
16.473400
16.473400
16.473400
16.473300
16.473300
16.473300
16.473300
16.473300
16.473300
16.473200
16.473200
16.473200
16.473200
16.473200
16.473200
16.473100
16.473100
16.473100
16.473100
16.473100
16.473100
16.473000
16.473000
16.473000
16.473000
16.473000
16.473000
16.472900
16.472900
16.472900
16.472900
16.472900
16.472900
16.472800
16.472800
16.472800
16.472800
16.472800
16.472800
16.472700
16.472700
16.472700
16.472700
16.472700
16.472700
16.472600
16.472600
16.472600
16.472600
16.472600
16.472600
16.472500
16.472500
16.472500
16.472500
16.472500
16.472500
16.472400
16.472400
16.472400
16.472400
16.472400
16.472400
16.472300
16.472300
16.472300
16.472300
16.472300
16.472300
16.472200
16.472200
16.472200
16.472200
16.472200
16.472100
16.472100
16.472100
16.472100
16.472100
16.472100
16.472000
16.472000
16.472000
16.472000
16.472000
16.472000
16.471900
16.471900
16.471900
16.471900
16.471900
16.471900
16.471800
16.471800
16.471800
16.471800
16.471800
16.471700
16.471700
16.471700
16.471700
16.471700
16.471700
16.471600
16.471600
16.471600
16.471600
16.471600
16.471600
16.471500
16.471500
16.471500
16.471500
16.471500
16.471500
16.471400
16.471400
16.471400
16.471400
16.471400
16.471300
16.471300
16.471300
16.471300
16.471300
16.471300
16.471200
16.471200
16.471200
16.471200
16.471200
16.471200
16.471100
16.471100
16.471100
16.471100
16.471100
16.471000
16.471000
16.471000
16.471000
16.471000
16.471000
16.470900
16.470900
16.470900
16.470900
16.470900
16.470800
16.470800
16.470800
16.470800
16.470800
16.470800
16.470700
16.470700
16.470700
16.470700
16.470700
16.470700
16.470600
16.470600
16.470600
16.470600
16.470600
16.470500
16.470500
16.470500
16.470500
16.470500
16.470500
16.470400
16.470400
16.470400
16.470400
16.470400
16.470300
16.470300
16.470300
16.470300
16.470300
16.470300
16.470200
16.470200
16.470200
16.470200
16.470200
16.470200
16.470100
16.470100
16.470100
16.470100
16.470100
16.470000
16.470000
16.470000
16.470000
16.470000
16.470000
16.469900
16.469900
16.469900
16.469900
16.469900
16.469800
16.469800
16.469800
16.469800
16.469800
16.469800
16.469700
16.469700
16.469700
16.469700
16.469700
16.469600
16.469600
16.469600
16.469600
16.469600
16.469600
16.469500
16.469500
16.469500
16.469500
16.469500
