0.077957
0.078047
0.078419
0.079290
0.081136
0.085556
0.354416
0.341635
0.334293
0.366561
0.425949
0.529422
0.669942
0.806047
0.920153
1.009840
1.077920
1.128150
1.164200
1.189550
1.207350
1.220100
1.229330
1.235570
1.238640
1.238390
1.235220
1.230070
1.223870
1.217270
1.210580
1.203910
1.197270
1.190640
1.183990
1.177300
1.170550
1.163740
1.156880
1.149950
1.142960
1.135910
1.128820
1.121670
1.114480
1.107240
1.099960
1.092650
1.085310
1.077940
1.070550
1.063140
1.055720
1.048280
1.040830
1.033380
1.025930
1.018470
1.011020
1.003570
0.996122
0.988687
0.981263
0.973853
0.966457
0.959077
0.951716
0.944374
0.937053
0.929756
0.922482
0.915234
0.908012
0.900818
0.893653
0.886518
0.879415
0.872343
0.865304
0.858299
0.851329
0.844394
0.837496
0.830634
0.823811
0.817025
0.810279
0.803573
0.796906
0.790280
0.783696
0.777153
0.770652
0.764194
0.757779
0.751407
0.745079
0.738795
0.732555
0.726360
0.720210
0.714105
0.708046
0.702033
0.696065
0.690143
0.684268
0.678439
0.672657
0.666921
0.661232
0.655590
0.649995
0.644447
0.638946
0.633492
0.628086
0.622726
0.617414
0.612149
0.606931
0.601760
0.596636
0.591559
0.586529
0.581545
0.576609
0.571719
0.566875
0.562078
0.557326
0.552621
0.547962
0.543348
0.538780
0.534258
0.529780
0.525347
0.520959
0.516615
0.512316
0.508060
0.503849
0.499681
0.495556
0.491474
0.487434
0.483437
0.479482
0.475569
0.471698
0.467867
0.464078
0.460329
0.456620
0.452951
0.449322
0.445732
0.442182
0.438669
0.435196
0.431760
0.428361
0.425000
0.421676
0.418389
0.415138
0.411922
0.408743
0.405598
0.402488
0.399413
0.396372
0.393365
0.390391
0.387450
0.384542
0.381667
0.378823
0.376012
0.373231
0.370482
0.367763
0.365074
0.362416
0.359787
0.357188
0.354617
0.352075
0.349562
0.347076
0.344618
0.342188
0.339784
0.337407
0.335057
0.332732
0.330433
0.328160
0.325912
0.323689
0.321490
0.319315
0.317164
0.315037
0.312933
0.310853
0.308795
0.306759
0.304746
0.302755
0.300785
0.298837
0.296910
0.295004
0.293118
0.291253
0.289407
0.287582
0.285776
0.283990
0.282222
0.280474
0.278744
0.277033
0.275340
0.273664
0.272007
0.270367
0.268744
0.267138
0.265549
0.263977
0.262421
0.260881
0.259358
0.257850
0.256358
0.254881
0.253420
0.251973
0.250542
0.249125
0.247723
0.246335
0.244961
0.243601
0.242255
0.240923
0.239604
0.238298
0.237006
0.235726
0.234460
0.233206
0.231964
0.230735
0.229518
0.228313
0.227121
0.225940
0.224770
0.223612
0.222466
0.221330
0.220206
0.219093
0.217990
0.216898
0.215817
0.214746
0.213686
0.212636
0.211596
0.210566
0.209545
0.208535
0.207534
0.206542
0.205560
0.204588
0.203624
0.202670
0.201724
0.200788
0.199860
0.198941
0.198030
0.197128
0.196234
0.195349
0.194471
0.193602
0.192741
0.191887
0.191042
0.190204
0.189374
0.188551
0.187736
0.186929
0.186128
0.185335
0.184549
0.183770
0.182998
0.182233
0.181474
0.180723
0.179978
0.179240
0.178508
0.177783
0.177064
0.176351
0.175645
0.174945
0.174251
0.173563
0.172881
0.172205
0.171535
0.170870
0.170212
0.169559
0.168911
0.168269
0.167633
0.167002
0.166376
0.165756
0.165141
0.164531
0.163927
0.163327
0.162732
0.162143
0.161558
0.160979
0.160404
0.159834
0.159268
0.158707
0.158151
0.157600
0.157053
0.156511
0.155973
0.155439
0.154910
0.154385
0.153864
0.153348
0.152835
0.152327
0.151823
0.151323
0.150827
0.150335
0.149847
0.149363
0.148883
0.148406
0.147933
0.147464
0.146999
0.146537
0.146080
0.145625
0.145174
0.144727
0.144283
0.143843
0.143406
0.142972
0.142542
0.142115
0.141692
0.141271
0.140854
0.140441
0.140030
0.139622
0.139218
0.138816
0.138418
0.138023
0.137630
0.137241
0.136855
0.136471
0.136090
0.135713
0.135338
0.134965
0.134596
0.134229
0.133865
0.133504
0.133146
0.132790
0.132436
0.132086
0.131738
0.131392
0.131049
0.130709
0.130371
0.130035
0.129702
0.129371
0.129043
0.128717
0.128393
0.128072
0.127753
0.127436
0.127122
0.126810
0.126500
0.126192
0.125886
0.125583
0.125282
0.124983
0.124686
0.124391
0.124098
0.123807
0.123519
0.123232
0.122947
0.122665
0.122384
0.122105
0.121828
0.121554
0.121281
0.121009
0.120740
0.120473
0.120207
0.119944
0.119682
0.119422
0.119163
0.118907
0.118652
0.118399
0.118147
0.117898
0.117650
0.117404
0.117159
0.116916
0.116675
0.116435
0.116197
0.115960
0.115725
0.115492
0.115260
0.115030
0.114801
0.114574
0.114349
0.114124
0.113902
0.113681
0.113461
0.113242
0.113026
0.112810
0.112596
0.112383
0.112172
0.111962
0.111754
0.111547
0.111341
0.111137
0.110933
0.110732
0.110531
0.110332
0.110134
0.109937
0.109742
0.109548
0.109355
0.109163
0.108973
0.108784
0.108596
0.108409
0.108224
0.108039
0.107856
0.107674
0.107493
0.107313
0.107135
0.106957
0.106781
0.106606
0.106431
0.106258
0.106086
0.105915
0.105746
0.105577
0.105409
0.105243
0.105077
0.104912
0.104749
0.104586
0.104425
0.104264
0.104105
0.103946
0.103788
0.103632
0.103476
0.103322
0.103168
0.103015
0.102863
0.102712
0.102562
0.102413
0.102265
0.102118
0.101971
0.101826
0.101681
0.101538
0.101395
0.101253
0.101112
0.100972
0.100832
0.100694
0.100556
0.100419
0.100283
0.100148
0.100013
0.099880
0.099747
0.099615
0.099484
0.099353
0.099224
0.099095
0.098966
0.098839
0.098712
0.098587
0.098461
0.098337
0.098213
0.098091
0.097969
0.097847
0.097726
0.097606
0.097487
0.097368
0.097251
0.097133
0.097017
0.096901
0.096786
0.096671
0.096557
0.096444
0.096332
0.096220
0.096109
0.095998
0.095888
0.095779
0.095671
0.095562
0.095455
0.095349
0.095242
0.095137
0.095032
0.094928
0.094824
0.094721
0.094618
0.094517
0.094415
0.094314
0.094214
0.094115
0.094016
0.093917
0.093820
0.093722
0.093625
0.093529
0.093434
0.093339
0.093244
0.093150
0.093057
0.092964
0.092871
0.092779
0.092688
0.092597
0.092507
0.092417
0.092328
0.092239
0.092150
0.092063
0.091975
0.091888
0.091802
0.091716
0.091631
0.091546
0.091462
0.091378
0.091294
0.091211
0.091129
0.091047
0.090965
0.090884
0.090803
0.090723
0.090643
0.090564
0.090485
0.090407
0.090328
0.090251
0.090174
0.090097
0.090021
0.089945
0.089869
0.089794
0.089720
0.089645
0.089572
0.089498
0.089425
0.089353
0.089281
0.089209
0.089137
0.089066
0.088996
0.088926
0.088856
0.088786
0.088717
0.088649
0.088580
0.088512
0.088445
0.088378
0.088311
0.088245
0.088178
0.088113
0.088047
0.087982
0.087918
0.087853
0.087790
0.087726
0.087663
0.087600
0.087537
0.087475
0.087413
0.087352
0.087290
0.087230
0.087169
0.087109
0.087049
0.086989
0.086930
0.086871
0.086813
0.086754
0.086696
0.086639
0.086581
0.086524
0.086468
0.086411
0.086355
0.086299
0.086244
0.086189
0.086134
0.086079
0.086025
0.085971
0.085917
0.085864
0.085810
0.085758
0.085705
0.085653
0.085601
0.085549
0.085498
0.085446
0.085395
0.085345
0.085294
0.085244
0.085195
0.085145
0.085096
0.085047
0.084998
0.084949
0.084901
0.084853
0.084805
0.084758
0.084711
0.084664
0.084617
0.084571
0.084524
0.084478
0.084433
0.084387
0.084342
0.084297
0.084252
0.084207
0.084163
0.084119
0.084075
0.084032
0.083988
0.083945
0.083902
0.083860
0.083817
0.083775
0.083733
0.083691
0.083650
0.083608
0.083567
0.083526
0.083486
0.083445
0.083405
0.083365
0.083325
0.083285
0.083246
0.083207
0.083168
0.083129
0.083090
0.083052
0.083014
0.082976
0.082938
0.082900
0.082863
0.082826
0.082789
0.082752
0.082715
0.082679
0.082643
0.082607
0.082571
0.082535
0.082500
0.082464
0.082429
0.082395
0.082360
0.082325
0.082291
0.082257
0.082223
0.082189
0.082155
0.082122
0.082088
0.082055
0.082022
0.081990
0.081957
0.081925
0.081892
0.081860
0.081828
0.081797
0.081765
0.081734
0.081702
0.081671
0.081640
0.081610
0.081579
0.081548
0.081518
0.081488
0.081458
0.081428
0.081398
0.081369
0.081340
0.081310
0.081281
0.081252
0.081224
0.081195
0.081167
0.081138
0.081110
0.081082
0.081054
0.081027
0.080999
0.080972
0.080944
0.080917
0.080890
0.080863
0.080837
0.080810
0.080784
0.080757
0.080731
0.080705
0.080679
0.080654
0.080628
0.080602
0.080577
0.080552
0.080527
0.080502
0.080477
0.080452
0.080428
0.080403
0.080379
0.080355
0.080331
0.080307
0.080283
0.080259
0.080236
0.080212
0.080189
0.080166
0.080142
0.080119
0.080097
0.080074
0.080051
0.080029
0.080006
0.079984
0.079962
0.079940
0.079918
0.079896
0.079875
0.079853
0.079831
0.079810
0.079789
0.079768
0.079747
0.079726
0.079705
0.079684
0.079664
0.079643
0.079623
0.079603
0.079582
0.079562
0.079542
0.079522
0.079503
0.079483
0.079464
0.079444
0.079425
0.079406
0.079386
0.079367
0.079348
0.079330
0.079311
0.079292
0.079274
0.079255
0.079237
0.079219
0.079200
0.079182
0.079164
0.079146
0.079129
0.079111
0.079093
0.079076
0.079058
0.079041
0.079024
0.079007
0.078990
0.078973
0.078956
0.078939
0.078922
0.078906
0.078889
0.078873
0.078856
0.078840
0.078824
0.078808
0.078792
0.078776
0.078760
0.078744
0.078728
0.078713
0.078697
0.078682
0.078666
0.078651
0.078636
0.078621
0.078606
0.078591
0.078576
0.078561
0.078546
0.078532
0.078517
0.078502
0.078488
0.078474
0.078459
0.078445
0.078431
0.078417
0.078403
0.078389
0.078375
0.078361
0.078348
0.078334
0.078320
0.078307
0.078294
0.078280
0.078267
0.078254
0.078241
0.078227
0.078214
0.078201
0.078189
0.078176
0.078163
0.078150
0.078138
0.078125
0.078113
0.078100
0.078088
0.078076
0.078064
0.078051
0.078039
0.078027
0.078015
0.078004
0.077992
0.077980
0.077968
0.077957
0.078047
0.078419
0.079290
0.081136
0.085556
0.354367
0.341621
0.334277
0.366542
0.425931
0.529392
0.669927
0.806038
0.920147
1.009840
1.077920
1.128160
1.164200
1.189560
1.207350
1.220100
1.229330
1.235560
1.238640
1.238380
1.235220
1.230060
1.223860
1.217260
1.210570
1.203910
1.197270
1.190640
1.183990
1.177290
1.170550
1.163740
1.156870
1.149940
1.142960
1.135910
1.128810
1.121670
1.114470
1.107240
1.099960
1.092650
1.085310
1.077940
1.070550
1.063140
1.055720
1.048280
1.040830
1.033380
1.025920
1.018470
1.011010
1.003560
0.996119
0.988684
0.981261
0.973850
0.966454
0.959074
0.951713
0.944371
0.937051
0.929753
0.922479
0.915231
0.908010
0.900816
0.893651
0.886516
0.879412
0.872340
0.865301
0.858296
0.851326
0.844392
0.837493
0.830632
0.823808
0.817023
0.810277
0.803570
0.796903
0.790278
0.783693
0.777150
0.770649
0.764191
0.757776
0.751404
0.745076
0.738792
0.732553
0.726358
0.720208
0.714103
0.708044
0.702030
0.696062
0.690141
0.684265
0.678436
0.672654
0.666919
0.661230
0.655588
0.649993
0.644445
0.638944
0.633490
0.628083
0.622724
0.617412
0.612146
0.606928
0.601757
0.596633
0.591556
0.586526
0.581543
0.576606
0.571716
0.566873
0.562075
0.557324
0.552619
0.547960
0.543346
0.538778
0.534255
0.529778
0.525345
0.520957
0.516613
0.512314
0.508058
0.503847
0.499679
0.495554
0.491471
0.487432
0.483435
0.479480
0.475567
0.471695
0.467865
0.464075
0.460327
0.456618
0.452949
0.449320
0.445730
0.442180
0.438667
0.435194
0.431758
0.428359
0.424998
0.421674
0.418387
0.415136
0.411921
0.408741
0.405596
0.402487
0.399411
0.396370
0.393363
0.390389
0.387449
0.384541
0.381665
0.378822
0.376010
0.373230
0.370480
0.367761
0.365073
0.362415
0.359786
0.357186
0.354616
0.352074
0.349560
0.347075
0.344617
0.342186
0.339783
0.337406
0.335055
0.332731
0.330432
0.328159
0.325911
0.323687
0.321489
0.319314
0.317163
0.315036
0.312932
0.310852
0.308794
0.306758
0.304745
0.302754
0.300784
0.298836
0.296909
0.295003
0.293117
0.291252
0.289407
0.287581
0.285776
0.283989
0.282222
0.280473
0.278744
0.277032
0.275339
0.273664
0.272006
0.270366
0.268743
0.267137
0.265548
0.263976
0.262420
0.260881
0.259357
0.257849
0.256357
0.254881
0.253419
0.251973
0.250541
0.249125
0.247722
0.246334
0.244960
0.243601
0.242255
0.240922
0.239603
0.238298
0.237005
0.235726
0.234459
0.233205
0.231964
0.230735
0.229518
0.228313
0.227120
0.225939
0.224769
0.223612
0.222465
0.221330
0.220205
0.219092
0.217990
0.216898
0.215817
0.214746
0.213686
0.212635
0.211595
0.210565
0.209545
0.208534
0.207533
0.206542
0.205560
0.204587
0.203624
0.202669
0.201724
0.200787
0.199859
0.198940
0.198030
0.197127
0.196234
0.195348
0.194471
0.193602
0.192740
0.191887
0.191041
0.190204
0.189374
0.188551
0.187736
0.186928
0.186128
0.185334
0.184548
0.183769
0.182997
0.182232
0.181474
0.180722
0.179978
0.179239
0.178508
0.177782
0.177063
0.176351
0.175645
0.174944
0.174250
0.173562
0.172881
0.172204
0.171534
0.170870
0.170211
0.169558
0.168911
0.168269
0.167633
0.167002
0.166376
0.165756
0.165141
0.164531
0.163926
0.163327
0.162732
0.162143
0.161558
0.160978
0.160403
0.159833
0.159268
0.158707
0.158151
0.157600
0.157053
0.156510
0.155972
0.155439
0.154909
0.154384
0.153864
0.153347
0.152835
0.152327
0.151823
0.151323
0.150827
0.150335
0.149847
0.149363
0.148882
0.148406
0.147933
0.147464
0.146999
0.146537
0.146079
0.145625
0.145174
0.144727
0.144283
0.143843
0.143406
0.142972
0.142542
0.142115
0.141692
0.141271
0.140854
0.140440
0.140030
0.139622
0.139218
0.138816
0.138418
0.138022
0.137630
0.137241
0.136854
0.136471
0.136090
0.135712
0.135337
0.134965
0.134596
0.134229
0.133865
0.133504
0.133145
0.132790
0.132436
0.132086
0.131738
0.131392
0.131049
0.130708
0.130370
0.130035
0.129702
0.129371
0.129043
0.128717
0.128393
0.128072
0.127753
0.127436
0.127122
0.126810
0.126500
0.126192
0.125886
0.125583
0.125282
0.124983
0.124686
0.124391
0.124098
0.123807
0.123519
0.123232
0.122947
0.122665
0.122384
0.122105
0.121828
0.121553
0.121280
0.121009
0.120740
0.120473
0.120207
0.119943
0.119682
0.119421
0.119163
0.118907
0.118652
0.118399
0.118147
0.117898
0.117650
0.117403
0.117159
0.116916
0.116675
0.116435
0.116197
0.115960
0.115725
0.115492
0.115260
0.115030
0.114801
0.114574
0.114348
0.114124
0.113902
0.113680
0.113461
0.113242
0.113025
0.112810
0.112596
0.112383
0.112172
0.111962
0.111754
0.111547
0.111341
0.111136
0.110933
0.110732
0.110531
0.110332
0.110134
0.109937
0.109742
0.109548
0.109355
0.109163
0.108973
0.108784
0.108596
0.108409
0.108223
0.108039
0.107856
0.107674
0.107493
0.107313
0.107135
0.106957
0.106781
0.106605
0.106431
0.106258
0.106086
0.105915
0.105746
0.105577
0.105409
0.105242
0.105077
0.104912
0.104749
0.104586
0.104425
0.104264
0.104104
0.103946
0.103788
0.103632
0.103476
0.103321
0.103168
0.103015
0.102863
0.102712
0.102562
0.102413
0.102265
0.102118
0.101971
0.101826
0.101681
0.101538
0.101395
0.101253
0.101112
0.100972
0.100832
0.100694
0.100556
0.100419
0.100283
0.100148
0.100013
0.099880
0.099747
0.099615
0.099484
0.099353
0.099223
0.099095
0.098966
0.098839
0.098712
0.098587
0.098461
0.098337
0.098213
0.098091
0.097968
0.097847
0.097726
0.097606
0.097487
0.097368
0.097250
0.097133
0.097017
0.096901
0.096786
0.096671
0.096557
0.096444
0.096332
0.096220
0.096109
0.095998
0.095888
0.095779
0.095670
0.095562
0.095455
0.095348
0.095242
0.095137
0.095032
0.094928
0.094824
0.094721
0.094618
0.094516
0.094415
0.094314
0.094214
0.094115
0.094016
0.093917
0.093819
0.093722
0.093625
0.093529
0.093434
0.093338
0.093244
0.093150
0.093056
0.092963
0.092871
0.092779
0.092688
0.092597
0.092507
0.092417
0.092327
0.092239
0.092150
0.092062
0.091975
0.091888
0.091802
0.091716
0.091631
0.091546
0.091462
0.091378
0.091294
0.091211
0.091129
0.091047
0.090965
0.090884
0.090803
0.090723
0.090643
0.090564
0.090485
0.090406
0.090328
0.090251
0.090174
0.090097
0.090021
0.089945
0.089869
0.089794
0.089720
0.089645
0.089572
0.089498
0.089425
0.089353
0.089280
0.089209
0.089137
0.089066
0.088996
0.088926
0.088856
0.088786
0.088717
0.088649
0.088580
0.088512
0.088445
0.088378
0.088311
0.088244
0.088178
0.088113
0.088047
0.087982
0.087918
0.087853
0.087789
0.087726
0.087663
0.087600
0.087537
0.087475
0.087413
0.087351
0.087290
0.087229
0.087169
0.087109
0.087049
0.086989
0.086930
0.086871
0.086813
0.086754
0.086696
0.086639
0.086581
0.086524
0.086468
0.086411
0.086355
0.086299
0.086244
0.086189
0.086134
0.086079
0.086025
0.085971
0.085917
0.085864
0.085810
0.085757
0.085705
0.085653
0.085601
0.085549
0.085497
0.085446
0.085395
0.085345
0.085294
0.085244
0.085194
0.085145
0.085096
0.085047
0.084998
0.084949
0.084901
0.084853
0.084805
0.084758
0.084711
0.084664
0.084617
0.084570
0.084524
0.084478
0.084432
0.084387
0.084342
0.084297
0.084252
0.084207
0.084163
0.084119
0.084075
0.084032
0.083988
0.083945
0.083902
0.083860
0.083817
0.083775
0.083733
0.083691
0.083650
0.083608
0.083567
0.083526
0.083486
0.083445
0.083405
0.083365
0.083325
0.083285
0.083246
0.083207
0.083168
0.083129
0.083090
0.083052
0.083014
0.082976
0.082938
0.082900
0.082863
0.082826
0.082789
0.082752
0.082715
0.082679
0.082643
0.082607
0.082571
0.082535
0.082500
0.082464
0.082429
0.082395
0.082360
0.082325
0.082291
0.082257
0.082223
0.082189
0.082155
0.082122
0.082088
0.082055
0.082022
0.081990
0.081957
0.081925
0.081892
0.081860
0.081828
0.081796
0.081765
0.081734
0.081702
0.081671
0.081640
0.081609
0.081579
0.081548
0.081518
0.081488
0.081458
0.081428
0.081398
0.081369
0.081340
0.081310
0.081281
0.081252
0.081224
0.081195
0.081167
0.081138
0.081110
0.081082
0.081054
0.081027
0.080999
0.080972
0.080944
0.080917
0.080890
0.080863
0.080837
0.080810
0.080784
0.080757
0.080731
0.080705
0.080679
0.080653
0.080628
0.080602
0.080577
0.080552
0.080527
0.080502
0.080477
0.080452
0.080427
0.080403
0.080379
0.080355
0.080331
0.080306
0.080283
0.080259
0.080235
0.080212
0.080189
0.080165
0.080142
0.080119
0.080097
0.080074
0.080051
0.080029
0.080006
0.079984
0.079962
0.079940
0.079918
0.079896
0.079874
0.079853
0.079831
0.079810
0.079789
0.079768
0.079747
0.079726
0.079705
0.079684
0.079664
0.079643
0.079623
0.079602
0.079582
0.079562
0.079542
0.079522
0.079503
0.079483
0.079464
0.079444
0.079425
0.079406
0.079386
0.079367
0.079348
0.079329
0.079311
0.079292
0.079274
0.079255
0.079237
0.079218
0.079200
0.079182
0.079164
0.079146
0.079129
0.079111
0.079093
0.079076
0.079058
0.079041
0.079024
0.079007
0.078990
0.078973
0.078956
0.078939
0.078922
0.078906
0.078889
0.078872
0.078856
0.078840
0.078824
0.078808
0.078792
0.078776
0.078760
0.078744
0.078728
0.078713
0.078697
0.078682
0.078666
0.078651
0.078636
0.078621
0.078606
0.078591
0.078576
0.078561
0.078546
0.078531
0.078517
0.078502
0.078488
0.078474
0.078459
0.078445
0.078431
0.078417
0.078403
0.078389
0.078375
0.078361
0.078348
0.078334
0.078320
0.078307
0.078293
0.078280
0.078267
0.078254
0.078241
0.078227
0.078214
0.078201
0.078189
0.078176
0.078163
0.078150
0.078138
0.078125
0.078113
0.078100
0.078088
0.078076
0.078064
0.078051
0.078039
0.078027
0.078015
0.078004
0.077992
0.077980
0.077968
0.077956
0.078047
0.078419
0.079290
0.081137
0.085559
0.354449
0.341599
0.334272
0.366550
0.425950
0.529421
0.669947
0.806053
0.920159
1.009840
1.077930
1.128160
1.164210
1.189560
1.207360
1.220100
1.229330
1.235570
1.238640
1.238390
1.235220
1.230070
1.223880
1.217270
1.210590
1.203920
1.197280
1.190650
1.184000
1.177310
1.170560
1.163750
1.156880
1.149950
1.142970
1.135920
1.128830
1.121680
1.114480
1.107250
1.099970
1.092660
1.085320
1.077950
1.070560
1.063150
1.055730
1.048290
1.040840
1.033390
1.025930
1.018480
1.011020
1.003570
0.996130
0.988696
0.981272
0.973861
0.966465
0.959086
0.951724
0.944383
0.937062
0.929764
0.922491
0.915242
0.908021
0.900827
0.893662
0.886527
0.879423
0.872351
0.865312
0.858307
0.851337
0.844402
0.837504
0.830643
0.823819
0.817034
0.810287
0.803581
0.796914
0.790288
0.783703
0.777161
0.770660
0.764202
0.757786
0.751415
0.745086
0.738802
0.732563
0.726368
0.720218
0.714113
0.708053
0.702040
0.696072
0.690150
0.684275
0.678446
0.672664
0.666928
0.661239
0.655597
0.650002
0.644454
0.638953
0.633499
0.628092
0.622733
0.617420
0.612155
0.606937
0.601766
0.596642
0.591565
0.586535
0.581551
0.576615
0.571725
0.566881
0.562083
0.557332
0.552627
0.547968
0.543354
0.538786
0.534263
0.529785
0.525353
0.520964
0.516621
0.512321
0.508066
0.503854
0.499686
0.495561
0.491478
0.487439
0.483442
0.479487
0.475574
0.471702
0.467872
0.464082
0.460333
0.456624
0.452956
0.449327
0.445737
0.442186
0.438674
0.435200
0.431764
0.428366
0.425005
0.421681
0.418393
0.415142
0.411926
0.408747
0.405602
0.402492
0.399417
0.396376
0.393369
0.390395
0.387454
0.384546
0.381671
0.378827
0.376015
0.373235
0.370485
0.367767
0.365078
0.362420
0.359791
0.357191
0.354621
0.352079
0.349565
0.347080
0.344622
0.342191
0.339788
0.337411
0.335060
0.332736
0.330437
0.328163
0.325915
0.323692
0.321493
0.319318
0.317168
0.315040
0.312937
0.310856
0.308798
0.306762
0.304749
0.302758
0.300788
0.298840
0.296913
0.295006
0.293121
0.291255
0.289410
0.287585
0.285779
0.283992
0.282225
0.280477
0.278747
0.277035
0.275342
0.273667
0.272009
0.270369
0.268746
0.267140
0.265551
0.263979
0.262423
0.260884
0.259360
0.257852
0.256360
0.254883
0.253422
0.251976
0.250544
0.249127
0.247725
0.246337
0.244963
0.243603
0.242257
0.240925
0.239606
0.238300
0.237008
0.235728
0.234462
0.233208
0.231966
0.230737
0.229520
0.228315
0.227122
0.225941
0.224772
0.223614
0.222467
0.221332
0.220208
0.219094
0.217992
0.216900
0.215819
0.214748
0.213688
0.212637
0.211597
0.210567
0.209547
0.208536
0.207535
0.206544
0.205562
0.204589
0.203626
0.202671
0.201726
0.200789
0.199861
0.198942
0.198031
0.197129
0.196235
0.195350
0.194473
0.193603
0.192742
0.191889
0.191043
0.190205
0.189375
0.188553
0.187738
0.186930
0.186129
0.185336
0.184550
0.183771
0.182999
0.182234
0.181476
0.180724
0.179979
0.179241
0.178509
0.177784
0.177065
0.176352
0.175646
0.174946
0.174252
0.173564
0.172882
0.172206
0.171536
0.170871
0.170213
0.169560
0.168912
0.168270
0.167634
0.167003
0.166377
0.165757
0.165142
0.164532
0.163928
0.163328
0.162733
0.162144
0.161559
0.160979
0.160405
0.159834
0.159269
0.158708
0.158152
0.157601
0.157054
0.156511
0.155973
0.155440
0.154910
0.154386
0.153865
0.153348
0.152836
0.152328
0.151824
0.151324
0.150828
0.150336
0.149848
0.149364
0.148883
0.148407
0.147934
0.147465
0.147000
0.146538
0.146080
0.145626
0.145175
0.144728
0.144284
0.143844
0.143407
0.142973
0.142543
0.142116
0.141692
0.141272
0.140855
0.140441
0.140030
0.139623
0.139218
0.138817
0.138419
0.138023
0.137631
0.137242
0.136855
0.136472
0.136091
0.135713
0.135338
0.134966
0.134597
0.134230
0.133866
0.133505
0.133146
0.132790
0.132437
0.132086
0.131738
0.131393
0.131050
0.130709
0.130371
0.130035
0.129702
0.129372
0.129043
0.128717
0.128394
0.128072
0.127753
0.127437
0.127122
0.126810
0.126500
0.126192
0.125887
0.125584
0.125282
0.124983
0.124686
0.124391
0.124099
0.123808
0.123519
0.123232
0.122948
0.122665
0.122384
0.122106
0.121829
0.121554
0.121281
0.121010
0.120741
0.120473
0.120208
0.119944
0.119682
0.119422
0.119164
0.118907
0.118652
0.118399
0.118148
0.117898
0.117650
0.117404
0.117159
0.116916
0.116675
0.116435
0.116197
0.115961
0.115726
0.115493
0.115261
0.115031
0.114802
0.114575
0.114349
0.114125
0.113902
0.113681
0.113461
0.113243
0.113026
0.112810
0.112596
0.112384
0.112173
0.111963
0.111754
0.111547
0.111341
0.111137
0.110934
0.110732
0.110531
0.110332
0.110134
0.109938
0.109742
0.109548
0.109355
0.109164
0.108973
0.108784
0.108596
0.108409
0.108224
0.108039
0.107856
0.107674
0.107493
0.107314
0.107135
0.106957
0.106781
0.106606
0.106432
0.106259
0.106087
0.105916
0.105746
0.105577
0.105409
0.105243
0.105077
0.104913
0.104749
0.104586
0.104425
0.104264
0.104105
0.103946
0.103789
0.103632
0.103476
0.103322
0.103168
0.103015
0.102863
0.102713
0.102563
0.102413
0.102265
0.102118
0.101972
0.101826
0.101682
0.101538
0.101395
0.101253
0.101112
0.100972
0.100832
0.100694
0.100556
0.100419
0.100283
0.100148
0.100014
0.099880
0.099747
0.099615
0.099484
0.099353
0.099224
0.099095
0.098967
0.098839
0.098713
0.098587
0.098462
0.098337
0.098214
0.098091
0.097969
0.097847
0.097726
0.097606
0.097487
0.097369
0.097251
0.097133
0.097017
0.096901
0.096786
0.096671
0.096558
0.096444
0.096332
0.096220
0.096109
0.095998
0.095889
0.095779
0.095671
0.095563
0.095455
0.095349
0.095243
0.095137
0.095032
0.094928
0.094824
0.094721
0.094619
0.094517
0.094415
0.094315
0.094214
0.094115
0.094016
0.093918
0.093820
0.093722
0.093626
0.093529
0.093434
0.093339
0.093244
0.093150
0.093057
0.092964
0.092871
0.092779
0.092688
0.092597
0.092507
0.092417
0.092328
0.092239
0.092150
0.092063
0.091975
0.091889
0.091802
0.091716
0.091631
0.091546
0.091462
0.091378
0.091294
0.091211
0.091129
0.091047
0.090965
0.090884
0.090803
0.090723
0.090643
0.090564
0.090485
0.090407
0.090329
0.090251
0.090174
0.090097
0.090021
0.089945
0.089869
0.089794
0.089720
0.089646
0.089572
0.089498
0.089425
0.089353
0.089281
0.089209
0.089138
0.089066
0.088996
0.088926
0.088856
0.088786
0.088717
0.088649
0.088580
0.088513
0.088445
0.088378
0.088311
0.088245
0.088179
0.088113
0.088047
0.087982
0.087918
0.087854
0.087790
0.087726
0.087663
0.087600
0.087537
0.087475
0.087413
0.087352
0.087290
0.087230
0.087169
0.087109
0.087049
0.086989
0.086930
0.086871
0.086813
0.086754
0.086696
0.086639
0.086581
0.086524
0.086468
0.086411
0.086355
0.086299
0.086244
0.086189
0.086134
0.086079
0.086025
0.085971
0.085917
0.085864
0.085810
0.085758
0.085705
0.085653
0.085601
0.085549
0.085498
0.085446
0.085395
0.085345
0.085294
0.085244
0.085195
0.085145
0.085096
0.085047
0.084998
0.084949
0.084901
0.084853
0.084805
0.084758
0.084711
0.084664
0.084617
0.084571
0.084524
0.084478
0.084433
0.084387
0.084342
0.084297
0.084252
0.084207
0.084163
0.084119
0.084075
0.084032
0.083988
0.083945
0.083902
0.083860
0.083817
0.083775
0.083733
0.083691
0.083650
0.083608
0.083567
0.083526
0.083486
0.083445
0.083405
0.083365
0.083325
0.083285
0.083246
0.083207
0.083168
0.083129
0.083090
0.083052
0.083014
0.082976
0.082938
0.082900
0.082863
0.082826
0.082789
0.082752
0.082715
0.082679
0.082643
0.082607
0.082571
0.082535
0.082500
0.082465
0.082430
0.082395
0.082360
0.082325
0.082291
0.082257
0.082223
0.082189
0.082155
0.082122
0.082088
0.082055
0.082022
0.081990
0.081957
0.081925
0.081892
0.081860
0.081828
0.081797
0.081765
0.081734
0.081702
0.081671
0.081640
0.081610
0.081579
0.081548
0.081518
0.081488
0.081458
0.081428
0.081399
0.081369
0.081340
0.081310
0.081281
0.081252
0.081224
0.081195
0.081167
0.081138
0.081110
0.081082
0.081054
0.081027
0.080999
0.080972
0.080944
0.080917
0.080890
0.080863
0.080837
0.080810
0.080784
0.080757
0.080731
0.080705
0.080679
0.080654
0.080628
0.080602
0.080577
0.080552
0.080527
0.080502
0.080477
0.080452
0.080428
0.080403
0.080379
0.080355
0.080331
0.080307
0.080283
0.080259
0.080236
0.080212
0.080189
0.080166
0.080142
0.080119
0.080097
0.080074
0.080051
0.080029
0.080006
0.079984
0.079962
0.079940
0.079918
0.079896
0.079875
0.079853
0.079831
0.079810
0.079789
0.079768
0.079747
0.079726
0.079705
0.079684
0.079664
0.079643
0.079623
0.079603
0.079582
0.079562
0.079542
0.079522
0.079503
0.079483
0.079464
0.079444
0.079425
0.079406
0.079386
0.079367
0.079348
0.079330
0.079311
0.079292
0.079274
0.079255
0.079237
0.079219
0.079200
0.079182
0.079164
0.079146
0.079129
0.079111
0.079093
0.079076
0.079058
0.079041
0.079024
0.079007
0.078990
0.078973
0.078956
0.078939
0.078922
0.078906
0.078889
0.078873
0.078856
0.078840
0.078824
0.078808
0.078792
0.078776
0.078760
0.078744
0.078728
0.078713
0.078697
0.078682
0.078666
0.078651
0.078636
0.078621
0.078606
0.078591
0.078576
0.078561
0.078546
0.078532
0.078517
0.078502
0.078488
0.078474
0.078459
0.078445
0.078431
0.078417
0.078403
0.078389
0.078375
0.078361
0.078348
0.078334
0.078320
0.078307
0.078294
0.078280
0.078267
0.078254
0.078241
0.078227
0.078214
0.078201
0.078189
0.078176
0.078163
0.078150
0.078138
0.078125
0.078113
0.078100
0.078088
0.078076
0.078064
0.078051
0.078039
0.078027
0.078015
0.078004
0.077992
0.077980
0.077968
0.077957
