0.984324
0.982587
0.980855
0.979130
0.977411
0.975703
0.974050
0.973257
0.974146
0.977056
0.982665
0.992362
1.009210
1.038710
1.088180
1.165100
1.275390
1.422260
1.605930
1.824140
2.072970
2.347710
2.643600
2.956150
3.281330
3.615470
3.955250
4.297710
4.640320
4.981030
5.318290
5.650940
5.978160
6.299370
6.614200
6.922420
7.223900
7.518530
7.806370
8.087420
8.361670
8.629310
8.890330
9.144930
9.393150
9.635180
9.871010
10.100800
10.324800
10.542900
10.755300
10.962100
11.163500
11.359400
11.550000
11.735400
11.915700
12.091000
12.261300
12.426800
12.587400
12.743300
12.894700
13.041300
13.183600
13.321400
13.454900
13.584100
13.709100
13.829800
13.946500
14.059200
14.167800
14.272500
14.373400
14.470600
14.563900
14.653600
14.739700
14.822200
14.901200
14.976800
15.048900
15.117700
15.183200
15.245500
15.304600
15.360500
15.413300
15.463000
15.509800
15.553600
15.594500
15.632600
15.667800
15.700300
15.730100
15.757200
15.781600
15.803600
15.822900
15.839800
15.854300
15.866400
15.876000
15.883400
15.888500
15.891400
15.892100
15.890600
15.887100
15.881500
15.873900
15.864200
15.852600
15.839200
15.823800
15.806700
15.787700
15.767000
15.744600
15.720400
15.694700
15.667300
15.638400
15.608000
15.576000
15.542600
15.507700
15.471400
15.433900
15.394900
15.354700
15.313200
15.270500
15.226600
15.181500
15.135300
15.088000
15.039600
14.990100
14.939600
14.888300
14.835800
14.782600
14.728300
14.673300
14.617300
14.560600
14.503100
14.444800
14.385800
14.326000
14.265700
14.204600
14.142900
14.080600
14.017800
13.954300
13.890400
13.825900
13.761000
13.695500
13.629700
13.563500
13.496800
13.429700
13.362300
13.294600
13.226600
13.158200
13.089600
13.020800
12.951700
12.882400
12.812900
12.743300
12.673400
12.603500
12.533400
12.463300
12.393000
12.322700
12.252300
12.181900
12.111500
12.041100
11.970700
11.900300
11.829900
11.759600
11.689400
11.619300
11.549200
11.479300
11.409600
11.339900
11.270400
11.201100
11.132000
11.063000
10.994200
10.925700
10.857400
10.789300
10.721500
10.653900
10.586600
10.519500
10.452800
10.386300
10.320100
10.254300
10.188700
10.123500
10.058600
9.994070
9.929870
9.866020
9.802600
9.739480
9.676720
9.614380
9.552390
9.490830
9.429640
9.368860
9.308440
9.248440
9.188870
9.129710
9.070980
9.012670
8.954770
8.897300
8.840310
8.783680
8.727470
8.671740
8.616430
8.561610
8.507140
8.453160
8.399590
8.346510
8.293790
8.241550
8.189780
8.138450
8.087530
8.037030
7.987010
7.937350
7.888240
7.839480
7.791150
7.743300
7.695860
7.648850
7.602260
7.556090
7.510340
7.465020
7.420110
7.375620
7.331560
7.287850
7.244630
7.201760
7.159320
7.117240
7.075580
7.034280
6.993400
6.952940
6.912840
6.873100
6.833730
6.794770
6.756180
6.717940
6.680070
6.642560
6.605400
6.568550
6.532120
6.495990
6.460280
6.424810
6.389760
6.355020
6.320570
6.286480
6.252700
6.219270
6.186150
6.153330
6.120800
6.088580
6.056660
6.025100
5.993770
5.962750
5.932030
5.901590
5.871440
5.841560
5.811960
5.782640
5.753580
5.724790
5.696270
5.668010
5.640000
5.612250
5.584760
5.557510
5.530510
5.503720
5.477190
5.450920
5.424870
5.399050
5.373470
5.348110
5.322970
5.298060
5.273360
5.248880
5.224610
5.200560
5.176710
5.153060
5.129620
5.106380
5.083340
5.060500
5.037840
5.015380
4.993110
4.971020
4.949120
4.927400
4.905860
4.884500
4.863320
4.842310
4.821470
4.800800
4.780300
4.759960
4.739790
4.719780
4.699930
4.680230
4.660700
4.641320
4.622080
4.603010
4.584080
4.565290
4.546660
4.528160
4.509810
4.491600
4.473530
4.455600
4.437800
4.420130
4.402600
4.385200
4.367930
4.350780
4.333770
4.316880
4.300110
4.283470
4.266950
4.250550
4.234260
4.218090
4.202040
4.186110
4.170280
4.154570
4.138970
4.123480
4.108090
4.092820
4.077650
4.062590
4.047630
4.032770
4.018010
4.003360
3.988800
3.974350
3.959980
3.945720
3.931560
3.917480
3.903500
3.889610
3.875820
3.862110
3.848490
3.834970
3.821520
3.808170
3.794900
3.781720
3.768620
3.755610
3.742680
3.729820
3.717050
3.704360
3.691750
3.679220
3.666770
3.654390
3.642090
3.629860
3.617710
3.605630
3.593630
3.581700
3.569830
3.558050
3.546330
3.534680
3.523100
3.511590
3.500140
3.488770
3.477460
3.466210
3.455040
3.443920
3.432870
3.421880
3.410960
3.400100
3.389300
3.378560
3.367880
3.357260
3.346710
3.336200
3.325770
3.315380
3.305060
3.294790
3.284580
3.274420
3.264320
3.254270
3.244280
3.234340
3.224450
3.214620
3.204840
3.195120
3.185440
3.175820
3.166240
3.156720
3.147240
3.137820
3.128450
3.119120
3.109850
3.100610
3.091430
3.082300
3.073210
3.064160
3.055160
3.046210
3.037310
3.028450
3.019630
3.010860
3.002130
2.993440
2.984800
2.976200
2.967640
2.959120
2.950650
2.942210
2.933820
2.925470
2.917150
2.908880
2.900650
2.892460
2.884310
2.876190
2.868110
2.860070
2.852070
2.844110
2.836180
2.828300
2.820450
2.812630
2.804850
2.797110
2.789400
2.781720
2.774090
2.766480
2.758920
2.751380
2.743890
2.736420
2.728980
2.721590
2.714220
2.706890
2.699590
2.692320
2.685090
2.677880
2.670710
2.663570
2.656460
2.649380
2.642330
2.635320
2.628330
2.621370
2.614440
2.607550
2.600680
2.593840
2.587030
2.580250
2.573500
2.566780
2.560090
2.553420
2.546780
2.540170
2.533590
2.527030
2.520500
2.514000
2.507530
2.501080
2.494660
2.488260
2.481890
2.475550
2.469230
2.462940
2.456670
2.450430
2.444220
2.438030
2.431860
2.425720
2.419600
2.413510
2.407440
2.401400
2.395370
2.389380
2.383400
2.377460
2.371530
2.365630
2.359750
2.353890
2.348060
2.342240
2.336450
2.330680
2.324940
2.319210
2.313510
2.307830
2.302170
2.296540
2.290920
2.285330
2.279760
2.274200
2.268670
2.263160
2.257670
2.252200
2.246750
2.241320
2.235910
2.230530
2.225160
2.219810
2.214480
2.209170
2.203880
2.198610
2.193360
2.188120
2.182910
2.177720
2.172540
2.167380
2.162240
2.157120
2.152020
2.146930
2.141870
2.136820
2.131790
2.126780
2.121780
2.116810
2.111850
2.106900
2.101980
2.097070
2.092180
2.087310
2.082450
2.077620
2.072790
2.067980
2.063190
2.058430
2.053670
2.048930
2.044200
2.039500
2.034810
2.030130
2.025470
2.020820
2.016200
2.011580
2.006990
2.002410
1.997840
1.993290
1.988760
1.984240
1.979730
1.975240
1.970760
1.966300
1.961860
1.957430
1.953010
1.948610
1.944220
1.939850
1.935490
1.931150
1.926820
1.922500
1.918200
1.913920
1.909640
1.905380
1.901140
1.896910
1.892680
1.888480
1.884290
1.880110
1.875950
1.871790
1.867660
1.863530
1.859420
1.855320
1.851230
1.847160
1.843100
1.839060
1.835020
1.831000
1.826990
1.822990
1.819010
1.815040
1.811080
1.807130
1.803200
1.799280
1.795360
1.791470
1.787580
1.783710
1.779850
1.775990
1.772160
1.768330
1.764510
1.760710
1.756920
1.753140
1.749370
1.745610
1.741860
1.738130
1.734410
1.730690
1.727000
1.723310
1.719630
1.715960
1.712310
1.708660
1.705030
1.701400
1.697790
1.694190
1.690600
1.687010
1.683440
1.679880
1.676340
1.672800
1.669270
1.665750
1.662250
1.658750
1.655260
1.651790
1.648320
1.644860
1.641420
1.637980
1.634550
1.631140
1.627730
1.624330
1.620950
1.617570
1.614200
1.610850
1.607500
1.604160
1.600830
1.597510
1.594200
1.590900
1.587610
1.584330
1.581060
1.577790
1.574540
1.571300
1.568060
1.564840
1.561620
1.558410
1.555210
1.552030
1.548850
1.545670
1.542510
1.539360
1.536210
1.533080
1.529950
1.526830
1.523720
1.520620
1.517530
1.514440
1.511370
1.508300
1.505240
1.502190
1.499150
1.496120
1.493090
1.490080
1.487070
1.484070
1.481080
1.478090
1.475120
1.472150
1.469190
1.466240
1.463300
1.460360
1.457440
1.454510
1.451600
1.448700
1.445800
1.442920
1.440040
1.437160
1.434300
1.431450
1.428600
1.425750
1.422920
1.420100
1.417280
1.414460
1.411660
1.408870
1.406080
1.403290
1.400520
1.397760
1.395000
1.392240
1.389500
1.386760
1.384030
1.381310
1.378600
1.375890
1.373190
1.370490
1.367810
1.365130
1.362450
1.359790
1.357130
1.354470
1.351830
1.349200
1.346560
1.343940
1.341320
1.338710
1.336110
1.333510
1.330920
1.328330
1.325760
1.323190
1.320620
1.318070
1.315520
1.312980
1.310430
1.307910
1.305380
1.302860
1.300350
1.297840
1.295350
1.292850
1.290370
1.287890
1.285420
1.282950
1.280490
1.278040
1.275590
1.273150
1.270710
1.268280
1.265860
1.263440
1.261030
1.258620
1.256230
1.253830
1.251450
1.249070
1.246690
1.244320
1.241960
1.239600
1.237250
1.234910
1.232570
1.230240
1.227910
1.225590
1.223280
1.220960
1.218660
1.216360
1.214070
1.211780
1.209500
1.207220
1.204950
1.202690
1.200430
1.198180
1.195930
1.193690
1.191450
1.189220
1.186990
1.184780
1.182560
1.180350
1.178150
1.175950
1.173760
1.171570
1.169390
1.167210
1.165040
1.162880
1.160710
1.158560
1.156410
1.154270
1.152130
1.149990
1.147860
1.145740
1.143620
1.141500
1.139390
1.137290
1.135190
1.133100
1.131010
1.128930
1.126850
1.124780
1.122710
1.120650
1.118590
1.116540
1.114490
1.112440
1.110410
1.108370
1.106350
1.104320
1.102300
1.100290
1.098280
1.096280
1.094280
1.092280
1.090290
1.088310
1.086330
1.084350
1.082380
1.080410
1.078450
1.076490
1.074550
1.072600
1.070650
1.068720
1.066780
1.064860
1.062930
1.061010
1.059090
1.057190
1.055270
1.053370
1.051480
1.049590
1.047700
1.045810
1.043940
1.042060
1.040180
1.038320
1.036460
1.034600
1.032750
1.030900
1.029060
1.027220
1.025380
1.023550
1.021720
1.019900
1.018080
1.016260
1.014450
1.012650
1.010850
1.009050
1.007260
1.005470
1.003680
1.001900
1.000130
0.998355
0.996588
0.994820
0.993059
0.991304
0.989554
0.987805
0.986061
0.984324
0.982587
0.980855
0.979130
0.977411
0.975703
0.974044
0.973257
0.974146
0.977050
0.982659
0.992356
1.009200
1.038700
1.088160
1.165080
1.275380
1.422240
1.605900
1.824100
2.072930
2.347680
2.643560
2.956100
3.281280
3.615420
3.955210
4.297670
4.640270
4.980980
5.318240
5.650880
5.978100
6.299310
6.614140
6.922360
7.223840
7.518470
7.806310
8.087360
8.361610
8.629250
8.890270
9.144870
9.393090
9.635060
9.870950
10.100800
10.324700
10.542800
10.755200
10.962100
11.163400
11.359300
11.550000
11.735400
11.915600
12.090900
12.261200
12.426600
12.587300
12.743300
12.894500
13.041300
13.183500
13.321400
13.454800
13.584000
13.708900
13.829800
13.946400
14.059100
14.167700
14.272400
14.373300
14.470400
14.563800
14.653500
14.739600
14.822100
14.901100
14.976700
15.048800
15.117600
15.183100
15.245300
15.304400
15.360300
15.413100
15.462800
15.509600
15.553400
15.594400
15.632400
15.667700
15.700100
15.729900
15.757000
15.781500
15.803400
15.822800
15.839700
15.854100
15.866200
15.875900
15.883300
15.888400
15.891300
15.892000
15.890500
15.887000
15.881300
15.873700
15.864100
15.852500
15.839000
15.823700
15.806500
15.787500
15.766800
15.744400
15.720300
15.694500
15.667200
15.638300
15.607800
15.575800
15.542400
15.507600
15.471300
15.433700
15.394800
15.354600
15.313000
15.270400
15.226400
15.181300
15.135100
15.087800
15.039400
14.990000
14.939500
14.888100
14.835700
14.782400
14.728200
14.673100
14.617200
14.560400
14.502900
14.444600
14.385600
14.325900
14.265500
14.204500
14.142800
14.080500
14.017600
13.954200
13.890200
13.825800
13.760800
13.695400
13.629600
13.563300
13.496600
13.429600
13.362200
13.294400
13.226400
13.158100
13.089500
13.020700
12.951500
12.882300
12.812800
12.743100
12.673300
12.603400
12.533300
12.463100
12.392900
12.322500
12.252200
12.181800
12.111300
12.040900
11.970500
11.900100
11.829700
11.759500
11.689200
11.619200
11.549100
11.479200
11.409400
11.339800
11.270300
11.201000
11.131800
11.062900
10.994100
10.925600
10.857300
10.789200
10.721400
10.653700
10.586500
10.519400
10.452600
10.386200
10.320000
10.254100
10.188600
10.123400
10.058500
9.993950
9.929810
9.865960
9.802480
9.739360
9.676660
9.614250
9.552270
9.490710
9.429520
9.368740
9.308380
9.248380
9.188810
9.129650
9.070920
9.012600
8.954710
8.897240
8.840190
8.783560
8.727410
8.671680
8.616370
8.561490
8.507080
8.453100
8.399530
8.346390
8.293730
8.241490
8.189720
8.138320
8.087410
8.036970
7.986890
7.937290
7.888120
7.839420
7.791090
7.743240
7.695800
7.648790
7.602200
7.556030
7.510280
7.464960
7.420050
7.375560
7.331500
7.287790
7.244570
7.201700
7.159260
7.117180
7.075520
7.034280
6.993400
6.952880
6.912780
6.873040
6.833670
6.794710
6.756120
6.717880
6.680010
6.642500
6.605340
6.568490
6.532060
6.495990
6.460220
6.424750
6.389700
6.354960
6.320510
6.286420
6.252640
6.219210
6.186090
6.153260
6.120740
6.088520
6.056660
6.025040
5.993730
5.962710
5.931990
5.901550
5.871390
5.841520
5.811920
5.782600
5.753540
5.724760
5.696230
5.667970
5.639960
5.612220
5.584690
5.557440
5.530440
5.503670
5.477160
5.450880
5.424830
5.399020
5.373430
5.348080
5.322930
5.298020
5.273330
5.248850
5.224580
5.200520
5.176670
5.153030
5.129590
5.106350
5.083310
5.060470
5.037810
5.015350
4.993080
4.970990
4.949090
4.927370
4.905840
4.884480
4.863300
4.842280
4.821440
4.800770
4.780270
4.759940
4.739760
4.719760
4.699900
4.680210
4.660670
4.641290
4.622060
4.602980
4.584050
4.565270
4.546630
4.528140
4.509790
4.491580
4.473510
4.455570
4.437770
4.420110
4.402580
4.385180
4.367910
4.350770
4.333750
4.316860
4.300090
4.283450
4.266930
4.250520
4.234240
4.218070
4.202020
4.186080
4.170260
4.154550
4.138950
4.123460
4.108080
4.092800
4.077630
4.062570
4.047610
4.032750
4.018000
4.003340
3.988790
3.974330
3.959970
3.945710
3.931540
3.917460
3.903490
3.889600
3.875800
3.862100
3.848480
3.834950
3.821510
3.808160
3.794890
3.781710
3.768610
3.755590
3.742660
3.729810
3.717040
3.704350
3.691740
3.679210
3.666750
3.654380
3.642080
3.629850
3.617700
3.605620
3.593620
3.581680
3.569820
3.558030
3.546320
3.534670
3.523090
3.511580
3.500130
3.488750
3.477450
3.466200
3.455020
3.443910
3.432860
3.421870
3.410950
3.400090
3.389290
3.378550
3.367870
3.357250
3.346690
3.336200
3.325750
3.315370
3.305040
3.294780
3.284560
3.274410
3.264300
3.254260
3.244270
3.234330
3.224450
3.214610
3.204840
3.195110
3.185430
3.175810
3.166240
3.156710
3.147240
3.137810
3.128440
3.119110
3.109830
3.100610
3.091420
3.082290
3.073200
3.064160
3.055160
3.046210
3.037300
3.028440
3.019620
3.010850
3.002120
2.993430
2.984790
2.976190
2.967630
2.959110
2.950640
2.942210
2.933810
2.925460
2.917150
2.908880
2.900640
2.892450
2.884300
2.876180
2.868110
2.860070
2.852070
2.844100
2.836180
2.828290
2.820430
2.812620
2.804840
2.797100
2.789390
2.781720
2.774080
2.766480
2.758910
2.751380
2.743880
2.736410
2.728980
2.721580
2.714210
2.706880
2.699580
2.692310
2.685080
2.677870
2.670700
2.663560
2.656450
2.649370
2.642330
2.635300
2.628320
2.621360
2.614440
2.607540
2.600670
2.593840
2.587020
2.580240
2.573490
2.566770
2.560070
2.553410
2.546770
2.540160
2.533580
2.527020
2.520490
2.514000
2.507520
2.501070
2.494650
2.488250
2.481890
2.475540
2.469230
2.462930
2.456670
2.450430
2.444210
2.438020
2.431850
2.425710
2.419590
2.413500
2.407430
2.401390
2.395370
2.389370
2.383400
2.377450
2.371530
2.365620
2.359740
2.353880
2.348050
2.342240
2.336450
2.330680
2.324930
2.319210
2.313510
2.307830
2.302170
2.296530
2.290910
2.285320
2.279750
2.274200
2.268670
2.263160
2.257660
2.252190
2.246750
2.241320
2.235910
2.230520
2.225150
2.219800
2.214480
2.209160
2.203870
2.198600
2.193350
2.188120
2.182900
2.177710
2.172530
2.167380
2.162240
2.157110
2.152010
2.146930
2.141860
2.136810
2.131790
2.126770
2.121780
2.116800
2.111840
2.106900
2.101970
2.097070
2.092180
2.087310
2.082450
2.077610
2.072790
2.067980
2.063190
2.058420
2.053670
2.048920
2.044200
2.039490
2.034800
2.030120
2.025460
2.020820
2.016190
2.011580
2.006980
2.002400
1.997830
1.993280
1.988750
1.984230
1.979730
1.975240
1.970760
1.966300
1.961860
1.957420
1.953010
1.948610
1.944220
1.939850
1.935490
1.931150
1.926820
1.922500
1.918200
1.913910
1.909640
1.905380
1.901130
1.896900
1.892680
1.888480
1.884290
1.880110
1.875940
1.871790
1.867650
1.863530
1.859420
1.855320
1.851230
1.847160
1.843100
1.839050
1.835020
1.830990
1.826980
1.822990
1.819010
1.815030
1.811080
1.807130
1.803200
1.799270
1.795360
1.791460
1.787580
1.783700
1.779840
1.775990
1.772150
1.768320
1.764510
1.760710
1.756910
1.753140
1.749370
1.745610
1.741860
1.738130
1.734400
1.730690
1.726990
1.723300
1.719630
1.715960
1.712300
1.708660
1.705020
1.701400
1.697790
1.694180
1.690590
1.687010
1.683440
1.679880
1.676330
1.672790
1.669270
1.665750
1.662240
1.658740
1.655250
1.651780
1.648310
1.644850
1.641410
1.637980
1.634550
1.631130
1.627730
1.624330
1.620940
1.617570
1.614200
1.610840
1.607490
1.604160
1.600830
1.597510
1.594200
1.590900
1.587610
1.584330
1.581050
1.577790
1.574540
1.571300
1.568060
1.564830
1.561620
1.558410
1.555210
1.552020
1.548840
1.545670
1.542510
1.539360
1.536210
1.533070
1.529950
1.526830
1.523720
1.520620
1.517520
1.514440
1.511370
1.508300
1.505240
1.502190
1.499150
1.496110
1.493090
1.490070
1.487070
1.484070
1.481070
1.478090
1.475120
1.472150
1.469190
1.466240
1.463300
1.460360
1.457430
1.454510
1.451600
1.448700
1.445800
1.442920
1.440040
1.437160
1.434300
1.431440
1.428590
1.425750
1.422920
1.420090
1.417270
1.414460
1.411660
1.408860
1.406070
1.403290
1.400520
1.397750
1.394990
1.392240
1.389500
1.386760
1.384030
1.381310
1.378590
1.375890
1.373180
1.370490
1.367800
1.365120
1.362450
1.359780
1.357120
1.354470
1.351830
1.349190
1.346560
1.343940
1.341320
1.338710
1.336100
1.333510
1.330910
1.328330
1.325760
1.323180
1.320620
1.318070
1.315510
1.312970
1.310430
1.307900
1.305380
1.302860
1.300350
1.297840
1.295340
1.292850
1.290370
1.287890
1.285420
1.282950
1.280490
1.278040
1.275590
1.273140
1.270710
1.268280
1.265860
1.263440
1.261030
1.258620
1.256230
1.253830
1.251450
1.249070
1.246690
1.244320
1.241960
1.239600
1.237250
1.234910
1.232570
1.230240
1.227910
1.225580
1.223270
1.220960
1.218660
1.216360
1.214070
1.211780
1.209500
1.207220
1.204950
1.202690
1.200430
1.198180
1.195930
1.193690
1.191450
1.189220
1.186990
1.184780
1.182560
1.180350
1.178150
1.175950
1.173760
1.171570
1.169390
1.167210
1.165040
1.162880
1.160710
1.158560
1.156410
1.154260
1.152120
1.149990
1.147860
1.145740
1.143610
1.141500
1.139390
1.137290
1.135190
1.133100
1.131010
1.128930
1.126850
1.124780
1.122710
1.120640
1.118590
1.116540
1.114490
1.112440
1.110410
1.108370
1.106340
1.104320
1.102300
1.100290
1.098280
1.096270
1.094280
1.092280
1.090290
1.088310
1.086320
1.084350
1.082380
1.080410
1.078450
1.076490
1.074540
1.072590
1.070650
1.068720
1.066780
1.064850
1.062930
1.061010
1.059090
1.057180
1.055270
1.053370
1.051470
1.049580
1.047690
1.045810
1.043930
1.042050
1.040180
1.038320
1.036460
1.034600
1.032750
1.030900
1.029050
1.027210
1.025380
1.023540
1.021720
1.019900
1.018080
1.016260
1.014450
1.012650
1.010850
1.009050
1.007260
1.005470
1.003680
1.001900
1.000120
0.998349
0.996582
0.994820
0.993059
0.991304
0.989554
0.987805
0.986061
0.984318
0.982587
0.980855
0.979124
0.977411
0.975703
0.974044
0.973257
0.974146
0.977050
0.982659
0.992362
1.009210
1.038710
1.088170
1.165090
1.275400
1.422260
1.605940
1.824150
2.072980
2.347730
2.643620
2.956180
3.281350
3.615500
3.955280
4.297740
4.640350
4.981060
5.318320
5.650970
5.978190
6.299430
6.614260
6.922480
7.223960
7.518590
7.806430
8.087480
8.361730
8.629370
8.890390
9.144990
9.393210
9.635240
9.871080
10.101000
10.324900
10.543000
10.755400
10.962200
11.163500
11.359500
11.550100
11.735500
11.915800
12.091100
12.261400
12.426900
12.587500
12.743500
12.894800
13.041500
13.183800
13.321500
13.455100
13.584200
13.709200
13.830000
13.946700
14.059300
14.167900
14.272700
14.373600
14.470700
14.564100
14.653800
14.739900
14.822400
14.901400
14.977000
15.049100
15.117900
15.183400
15.245600
15.304700
15.360600
15.413400
15.463200
15.510000
15.553800
15.594700
15.632700
15.668000
15.700500
15.730200
15.757400
15.781900
15.803800
15.823200
15.840100
15.854500
15.866600
15.876300
15.883700
15.888800
15.891700
15.892300
15.890900
15.887300
15.881700
15.874000
15.864400
15.852900
15.839400
15.824000
15.806900
15.787900
15.767200
15.744800
15.720700
15.694900
15.667500
15.638600
15.608200
15.576200
15.542800
15.508000
15.471700
15.434100
15.395200
15.354900
15.313500
15.270800
15.226800
15.181700
15.135500
15.088200
15.039800
14.990400
14.940000
14.888500
14.836100
14.782800
14.728600
14.673500
14.617600
14.560900
14.503300
14.445100
14.386000
14.326300
14.265900
14.204900
14.143200
14.080900
14.018000
13.954600
13.890700
13.826200
13.761200
13.695800
13.629900
13.563700
13.497000
13.429900
13.362500
13.294900
13.226800
13.158400
13.089900
13.021000
12.951900
12.882600
12.813100
12.743500
12.673700
12.603700
12.533700
12.463500
12.393200
12.322900
12.252500
12.182100
12.111700
12.041300
11.970800
11.900500
11.830100
11.759800
11.689600
11.619500
11.549500
11.479600
11.409800
11.340200
11.270700
11.201300
11.132200
11.063200
10.994500
10.925900
10.857600
10.789500
10.721700
10.654100
10.586800
10.519700
10.452900
10.386500
10.320300
10.254400
10.188900
10.123700
10.058800
9.994250
9.930110
9.866260
9.802780
9.739660
9.676900
9.614560
9.552570
9.491020
9.429820
9.369040
9.308620
9.248620
9.189050
9.129890
9.071160
9.012850
8.954950
8.897480
8.840430
8.783860
8.727650
8.671920
8.616610
8.561730
8.507320
8.453340
8.399770
8.346630
8.293970
8.241730
8.189910
8.138570
8.087650
8.037150
7.987130
7.937530
7.888360
7.839600
7.791330
7.743420
7.695980
7.648970
7.602380
7.556210
7.510460
7.465140
7.420230
7.375740
7.331680
7.287970
7.244750
7.201880
7.159440
7.117360
7.075700
7.034400
6.993520
6.953060
6.912960
6.873220
6.833850
6.794890
6.756240
6.718000
6.680130
6.642620
6.605460
6.568670
6.532240
6.496110
6.460340
6.424930
6.389820
6.355080
6.320690
6.286600
6.252820
6.219330
6.186210
6.153390
6.120860
6.088700
6.056780
6.025160
5.993850
5.962840
5.932110
5.901680
5.871520
5.841640
5.812040
5.782720
5.753660
5.724870
5.696310
5.668050
5.640040
5.612290
5.584800
5.557550
5.530550
5.503780
5.477270
5.450980
5.424930
5.399120
5.373530
5.348170
5.323040
5.298120
5.273420
5.248940
5.224670
5.200620
5.176770
5.153120
5.129680
5.106440
5.083400
5.060560
5.037900
5.015440
4.993170
4.971080
4.949180
4.927460
4.905920
4.884560
4.863370
4.842360
4.821530
4.800850
4.780350
4.760020
4.739850
4.719830
4.699980
4.680290
4.660750
4.641370
4.622140
4.603060
4.584130
4.565350
4.546700
4.528210
4.509860
4.491650
4.473580
4.455640
4.437840
4.420180
4.402650
4.385240
4.367970
4.350830
4.333810
4.316930
4.300160
4.283510
4.266990
4.250590
4.234300
4.218140
4.202080
4.186140
4.170320
4.154610
4.139010
4.123520
4.108140
4.092860
4.077690
4.062630
4.047660
4.032810
4.018050
4.003400
3.988840
3.974380
3.960030
3.945760
3.931590
3.917520
3.903540
3.889650
3.875850
3.862140
3.848530
3.835000
3.821560
3.808210
3.794940
3.781760
3.768660
3.755640
3.742710
3.729860
3.717090
3.704400
3.691790
3.679250
3.666800
3.654420
3.642120
3.629890
3.617740
3.605660
3.593660
3.581730
3.569860
3.558080
3.546360
3.534710
3.523130
3.511620
3.500170
3.488800
3.477490
3.466240
3.455070
3.443950
3.432900
3.421910
3.410990
3.400130
3.389330
3.378590
3.367910
3.357290
3.346740
3.336230
3.325790
3.315410
3.305080
3.294810
3.284600
3.274450
3.264340
3.254290
3.244300
3.234370
3.224480
3.214650
3.204870
3.195150
3.185470
3.175840
3.166270
3.156740
3.147270
3.137850
3.128480
3.119150
3.109870
3.100640
3.091460
3.082320
3.073230
3.064190
3.055190
3.046240
3.037330
3.028470
3.019650
3.010880
3.002150
2.993460
2.984820
2.976220
2.967660
2.959150
2.950670
2.942240
2.933840
2.925490
2.917180
2.908910
2.900670
2.892480
2.884330
2.876210
2.868140
2.860100
2.852100
2.844130
2.836210
2.828310
2.820460
2.812650
2.804870
2.797130
2.789420
2.781740
2.774110
2.766500
2.758940
2.751400
2.743910
2.736440
2.729010
2.721610
2.714240
2.706910
2.699610
2.692340
2.685110
2.677900
2.670730
2.663580
2.656480
2.649400
2.642350
2.635330
2.628340
2.621390
2.614460
2.607570
2.600700
2.593860
2.587050
2.580270
2.573520
2.566800
2.560100
2.553440
2.546790
2.540190
2.533610
2.527050
2.520520
2.514020
2.507540
2.501090
2.494670
2.488280
2.481910
2.475560
2.469240
2.462960
2.456690
2.450450
2.444230
2.438040
2.431880
2.425730
2.419620
2.413520
2.407460
2.401410
2.395390
2.389390
2.383420
2.377470
2.371540
2.365640
2.359760
2.353910
2.348070
2.342250
2.336470
2.330700
2.324950
2.319230
2.313520
2.307850
2.302190
2.296550
2.290940
2.285340
2.279770
2.274220
2.268680
2.263180
2.257690
2.252220
2.246770
2.241340
2.235930
2.230540
2.225170
2.219820
2.214490
2.209180
2.203890
2.198620
2.193370
2.188130
2.182920
2.177730
2.172550
2.167390
2.162250
2.157130
2.152030
2.146950
2.141880
2.136830
2.131800
2.126790
2.121800
2.116820
2.111860
2.106920
2.101990
2.097090
2.092190
2.087320
2.082470
2.077630
2.072810
2.068000
2.063210
2.058440
2.053680
2.048940
2.044210
2.039510
2.034820
2.030140
2.025480
2.020840
2.016210
2.011600
2.007000
2.002420
1.997850
1.993300
1.988770
1.984250
1.979740
1.975260
1.970780
1.966320
1.961870
1.957440
1.953020
1.948620
1.944230
1.939860
1.935510
1.931160
1.926830
1.922510
1.918220
1.913930
1.909660
1.905390
1.901150
1.896920
1.892700
1.888490
1.884300
1.880120
1.875950
1.871810
1.867660
1.863540
1.859430
1.855330
1.851250
1.847170
1.843110
1.839070
1.835030
1.831010
1.827000
1.823000
1.819020
1.815050
1.811090
1.807140
1.803210
1.799280
1.795370
1.791480
1.787590
1.783720
1.779850
1.776000
1.772160
1.768340
1.764520
1.760720
1.756930
1.753150
1.749380
1.745620
1.741880
1.738140
1.734420
1.730710
1.727000
1.723320
1.719640
1.715970
1.712310
1.708670
1.705040
1.701410
1.697800
1.694200
1.690600
1.687030
1.683460
1.679900
1.676340
1.672810
1.669280
1.665760
1.662250
1.658750
1.655270
1.651790
1.648320
1.644870
1.641420
1.637990
1.634560
1.631140
1.627740
1.624340
1.620950
1.617580
1.614210
1.610850
1.607500
1.604170
1.600840
1.597520
1.594210
1.590910
1.587620
1.584340
1.581060
1.577810
1.574550
1.571310
1.568070
1.564850
1.561630
1.558430
1.555230
1.552030
1.548850
1.545680
1.542520
1.539370
1.536220
1.533090
1.529960
1.526840
1.523730
1.520630
1.517530
1.514450
1.511380
1.508310
1.505250
1.502200
1.499160
1.496130
1.493100
1.490080
1.487070
1.484070
1.481090
1.478100
1.475130
1.472160
1.469200
1.466250
1.463300
1.460370
1.457440
1.454530
1.451610
1.448710
1.445810
1.442920
1.440040
1.437180
1.434310
1.431450
1.428600
1.425760
1.422930
1.420100
1.417280
1.414470
1.411670
1.408870
1.406080
1.403300
1.400530
1.397760
1.395000
1.392250
1.389510
1.386770
1.384040
1.381320
1.378600
1.375890
1.373190
1.370500
1.367810
1.365130
1.362460
1.359790
1.357140
1.354490
1.351840
1.349200
1.346570
1.343950
1.341330
1.338720
1.336110
1.333520
1.330930
1.328340
1.325760
1.323200
1.320630
1.318070
1.315520
1.312980
1.310440
1.307910
1.305390
1.302870
1.300360
1.297850
1.295360
1.292860
1.290380
1.287890
1.285420
1.282960
1.280490
1.278040
1.275590
1.273150
1.270720
1.268290
1.265870
1.263450
1.261030
1.258630
1.256230
1.253840
1.251450
1.249070
1.246700
1.244330
1.241970
1.239610
1.237260
1.234910
1.232580
1.230240
1.227920
1.225600
1.223280
1.220970
1.218660
1.216370
1.214070
1.211790
1.209500
1.207230
1.204960
1.202700
1.200440
1.198180
1.195930
1.193690
1.191460
1.189230
1.187000
1.184780
1.182560
1.180360
1.178150
1.175960
1.173760
1.171580
1.169390
1.167220
1.165050
1.162880
1.160720
1.158570
1.156410
1.154270
1.152130
1.149990
1.147870
1.145740
1.143630
1.141510
1.139400
1.137300
1.135200
1.133110
1.131020
1.128930
1.126860
1.124790
1.122720
1.120660
1.118590
1.116540
1.114490
1.112450
1.110410
1.108380
1.106350
1.104330
1.102310
1.100290
1.098290
1.096280
1.094280
1.092290
1.090300
1.088310
1.086340
1.084360
1.082390
1.080420
1.078460
1.076500
1.074550
1.072600
1.070660
1.068720
1.066790
1.064860
1.062930
1.061010
1.059100
1.057190
1.055280
1.053380
1.051480
1.049590
1.047700
1.045820
1.043940
1.042060
1.040190
1.038330
1.036460
1.034610
1.032750
1.030900
1.029060
1.027220
1.025380
1.023560
1.021730
1.019900
1.018090
1.016270
1.014460
1.012660
1.010850
1.009060
1.007260
1.005470
1.003690
1.001910
1.000130
0.998361
0.996588
0.994826
0.993065
0.991310
0.989560
0.987811
0.986067
0.984324
