11.696700
11.696600
11.696600
11.696600
11.696600
11.696700
11.699400
11.699800
11.699700
11.699600
11.699500
11.699500
11.699400
11.699300
11.699200
11.699100
11.699100
11.699000
11.699000
11.698900
11.698800
11.698800
11.698800
11.698700
11.698700
11.698700
11.698600
11.698600
11.698600
11.698600
11.698600
11.698600
11.698600
11.698600
11.698600
11.698600
11.698700
11.698700
11.698700
11.698800
11.698800
11.698800
11.698900
11.698900
11.698900
11.699000
11.699000
11.699100
11.699100
11.699200
11.699200
11.699300
11.699300
11.699400
11.699400
11.699500
11.699500
11.699600
11.699600
11.699700
11.699800
11.699800
11.699900
11.699900
11.700000
11.700000
11.700100
11.700200
11.700200
11.700300
11.700300
11.700400
11.700500
11.700500
11.700600
11.700600
11.700700
11.700800
11.700800
11.700900
11.700900
11.701000
11.701100
11.701100
11.701200
11.701200
11.701300
11.701300
11.701400
11.701500
11.701500
11.701600
11.701600
11.701700
11.701700
11.701800
11.701800
11.701900
11.701900
11.702000
11.702100
11.702100
11.702200
11.702200
11.702300
11.702300
11.702400
11.702400
11.702400
11.702500
11.702500
11.702600
11.702600
11.702700
11.702700
11.702800
11.702800
11.702900
11.702900
11.702900
11.703000
11.703000
11.703100
11.703100
11.703100
11.703200
11.703200
11.703300
11.703300
11.703300
11.703400
11.703400
11.703500
11.703500
11.703500
11.703600
11.703600
11.703600
11.703700
11.703700
11.703700
11.703800
11.703800
11.703800
11.703900
11.703900
11.703900
11.704000
11.704000
11.704000
11.704100
11.704100
11.704100
11.704100
11.704200
11.704200
11.704200
11.704300
11.704300
11.704300
11.704300
11.704400
11.704400
11.704400
11.704400
11.704500
11.704500
11.704500
11.704500
11.704600
11.704600
11.704600
11.704600
11.704600
11.704700
11.704700
11.704700
11.704700
11.704800
11.704800
11.704800
11.704800
11.704800
11.704900
11.704900
11.704900
11.704900
11.704900
11.704900
11.705000
11.705000
11.705000
11.705000
11.705000
11.705000
11.705100
11.705100
11.705100
11.705100
11.705100
11.705100
11.705100
11.705200
11.705200
11.705200
11.705200
11.705200
11.705200
11.705200
11.705300
11.705300
11.705300
11.705300
11.705300
11.705300
11.705300
11.705300
11.705300
11.705400
11.705400
11.705400
11.705400
11.705400
11.705400
11.705400
11.705400
11.705400
11.705400
11.705400
11.705500
11.705500
11.705500
11.705500
11.705500
11.705500
11.705500
11.705500
11.705500
11.705500
11.705500
11.705500
11.705500
11.705500
11.705600
11.705600
11.705600
11.705600
11.705600
11.705600
11.705600
11.705600
11.705600
11.705600
11.705600
11.705600
11.705600
11.705600
11.705600
11.705600
11.705600
11.705600
11.705600
11.705600
11.705600
11.705600
11.705600
11.705600
11.705600
11.705600
11.705700
11.705700
11.705700
11.705700
11.705700
11.705700
11.705700
11.705700
11.705700
11.705700
11.705700
11.705700
11.705700
11.705700
11.705700
11.705700
11.705700
11.705700
11.705700
11.705700
11.705700
11.705700
11.705700
11.705700
11.705700
11.705700
11.705700
11.705700
11.705700
11.705700
11.705700
11.705600
11.705600
11.705600
11.705600
11.705600
11.705600
11.705600
11.705600
11.705600
11.705600
11.705600
11.705600
11.705600
11.705600
11.705600
11.705600
11.705600
11.705600
11.705600
11.705600
11.705600
11.705600
11.705600
11.705600
11.705600
11.705600
11.705600
11.705600
11.705600
11.705600
11.705600
11.705500
11.705500
11.705500
11.705500
11.705500
11.705500
11.705500
11.705500
11.705500
11.705500
11.705500
11.705500
11.705500
11.705500
11.705500
11.705500
11.705500
11.705500
11.705500
11.705400
11.705400
11.705400
11.705400
11.705400
11.705400
11.705400
11.705400
11.705400
11.705400
11.705400
11.705400
11.705400
11.705400
11.705400
11.705400
11.705300
11.705300
11.705300
11.705300
11.705300
11.705300
11.705300
11.705300
11.705300
11.705300
11.705300
11.705300
11.705300
11.705300
11.705200
11.705200
11.705200
11.705200
11.705200
11.705200
11.705200
11.705200
11.705200
11.705200
11.705200
11.705200
11.705100
11.705100
11.705100
11.705100
11.705100
11.705100
11.705100
11.705100
11.705100
11.705100
11.705100
11.705100
11.705000
11.705000
11.705000
11.705000
11.705000
11.705000
11.705000
11.705000
11.705000
11.705000
11.705000
11.704900
11.704900
11.704900
11.704900
11.704900
11.704900
11.704900
11.704900
11.704900
11.704900
11.704800
11.704800
11.704800
11.704800
11.704800
11.704800
11.704800
11.704800
11.704800
11.704800
11.704700
11.704700
11.704700
11.704700
11.704700
11.704700
11.704700
11.704700
11.704700
11.704700
11.704600
11.704600
11.704600
11.704600
11.704600
11.704600
11.704600
11.704600
11.704600
11.704500
11.704500
11.704500
11.704500
11.704500
11.704500
11.704500
11.704500
11.704500
11.704400
11.704400
11.704400
11.704400
11.704400
11.704400
11.704400
11.704400
11.704400
11.704300
11.704300
11.704300
11.704300
11.704300
11.704300
11.704300
11.704300
11.704300
11.704200
11.704200
11.704200
11.704200
11.704200
11.704200
11.704200
11.704200
11.704200
11.704100
11.704100
11.704100
11.704100
11.704100
11.704100
11.704100
11.704100
11.704000
11.704000
11.704000
11.704000
11.704000
11.704000
11.704000
11.704000
11.703900
11.703900
11.703900
11.703900
11.703900
11.703900
11.703900
11.703900
11.703900
11.703800
11.703800
11.703800
11.703800
11.703800
11.703800
11.703800
11.703800
11.703700
11.703700
11.703700
11.703700
11.703700
11.703700
11.703700
11.703700
11.703600
11.703600
11.703600
11.703600
11.703600
11.703600
11.703600
11.703500
11.703500
11.703500
11.703500
11.703500
11.703500
11.703500
11.703500
11.703400
11.703400
11.703400
11.703400
11.703400
11.703400
11.703400
11.703400
11.703300
11.703300
11.703300
11.703300
11.703300
11.703300
11.703300
11.703200
11.703200
11.703200
11.703200
11.703200
11.703200
11.703200
11.703200
11.703100
11.703100
11.703100
11.703100
11.703100
11.703100
11.703100
11.703000
11.703000
11.703000
11.703000
11.703000
11.703000
11.703000
11.703000
11.702900
11.702900
11.702900
11.702900
11.702900
11.702900
11.702900
11.702800
11.702800
11.702800
11.702800
11.702800
11.702800
11.702800
11.702700
11.702700
11.702700
11.702700
11.702700
11.702700
11.702700
11.702700
11.702600
11.702600
11.702600
11.702600
11.702600
11.702600
11.702600
11.702500
11.702500
11.702500
11.702500
11.702500
11.702500
11.702500
11.702400
11.702400
11.702400
11.702400
11.702400
11.702400
11.702400
11.702300
11.702300
11.702300
11.702300
11.702300
11.702300
11.702300
11.702200
11.702200
11.702200
11.702200
11.702200
11.702200
11.702200
11.702100
11.702100
11.702100
11.702100
11.702100
11.702100
11.702100
11.702000
11.702000
11.702000
11.702000
11.702000
11.702000
11.702000
11.701900
11.701900
11.701900
11.701900
11.701900
11.701900
11.701900
11.701800
11.701800
11.701800
11.701800
11.701800
11.701800
11.701800
11.701700
11.701700
11.701700
11.701700
11.701700
11.701700
11.701700
11.701600
11.701600
11.701600
11.701600
11.701600
11.701600
11.701600
11.701500
11.701500
11.701500
11.701500
11.701500
11.701500
11.701500
11.701400
11.701400
11.701400
11.701400
11.701400
11.701400
11.701400
11.701300
11.701300
11.701300
11.701300
11.701300
11.701300
11.701200
11.701200
11.701200
11.701200
11.701200
11.701200
11.701200
11.701100
11.701100
11.701100
11.701100
11.701100
11.701100
11.701100
11.701000
11.701000
11.701000
11.701000
11.701000
11.701000
11.701000
11.700900
11.700900
11.700900
11.700900
11.700900
11.700900
11.700800
11.700800
11.700800
11.700800
11.700800
11.700800
11.700800
11.700700
11.700700
11.700700
11.700700
11.700700
11.700700
11.700700
11.700600
11.700600
11.700600
11.700600
11.700600
11.700600
11.700500
11.700500
11.700500
11.700500
11.700500
11.700500
11.700500
11.700400
11.700400
11.700400
11.700400
11.700400
11.700400
11.700300
11.700300
11.700300
11.700300
11.700300
11.700300
11.700300
11.700200
11.700200
11.700200
11.700200
11.700200
11.700200
11.700200
11.700100
11.700100
11.700100
11.700100
11.700100
11.700100
11.700000
11.700000
11.700000
11.700000
11.700000
11.700000
11.700000
11.699900
11.699900
11.699900
11.699900
11.699900
11.699900
11.699800
11.699800
11.699800
11.699800
11.699800
11.699800
11.699800
11.699700
11.699700
11.699700
11.699700
11.699700
11.699700
11.699600
11.699600
11.699600
11.699600
11.699600
11.699600
11.699600
11.699500
11.699500
11.699500
11.699500
11.699500
11.699500
11.699400
11.699400
11.699400
11.699400
11.699400
11.699400
11.699400
11.699300
11.699300
11.699300
11.699300
11.699300
11.699300
11.699200
11.699200
11.699200
11.699200
11.699200
11.699200
11.699200
11.699100
11.699100
11.699100
11.699100
11.699100
11.699100
11.699000
11.699000
11.699000
11.699000
11.699000
11.699000
11.699000
11.698900
11.698900
11.698900
11.698900
11.698900
11.698900
11.698800
11.698800
11.698800
11.698800
11.698800
11.698800
11.698800
11.698700
11.698700
11.698700
11.698700
11.698700
11.698700
11.698600
11.698600
11.698600
11.698600
11.698600
11.698600
11.698600
11.698500
11.698500
11.698500
11.698500
11.698500
11.698500
11.698400
11.698400
11.698400
11.698400
11.698400
11.698400
11.698300
11.698300
11.698300
11.698300
11.698300
11.698300
11.698300
11.698200
11.698200
11.698200
11.698200
11.698200
11.698200
11.698100
11.698100
11.698100
11.698100
11.698100
11.698100
11.698100
11.698000
11.698000
11.698000
11.698000
11.698000
11.698000
11.697900
11.697900
11.697900
11.697900
11.697900
11.697900
11.697800
11.697800
11.697800
11.697800
11.697800
11.697800
11.697800
11.697700
11.697700
11.697700
11.697700
11.697700
11.697700
11.697600
11.697600
11.697600
11.697600
11.697600
11.697600
11.697600
11.697500
11.697500
11.697500
11.697500
11.697500
11.697500
11.697400
11.697400
11.697400
11.697400
11.697400
11.697400
11.697300
11.697300
11.697300
11.697300
11.697300
11.697300
11.697300
11.697200
11.697200
11.697200
11.697200
11.697200
11.697200
11.697100
11.697100
11.697100
11.697100
11.697100
11.697100
11.697000
11.697000
11.697000
11.697000
11.697000
11.697000
11.697000
11.696900
11.696900
11.696900
11.696900
11.696900
11.696900
11.696800
11.696800
11.696800
11.696800
11.696800
11.696800
11.696700
11.696700
11.696700
11.696700
11.696700
11.696700
11.696700
11.696600
11.696600
11.696600
11.696700
11.699400
11.699800
11.699700
11.699600
11.699600
11.699500
11.699400
11.699300
11.699200
11.699200
11.699100
11.699000
11.699000
11.698900
11.698900
11.698800
11.698800
11.698700
11.698700
11.698700
11.698600
11.698600
11.698600
11.698600
11.698600
11.698600
11.698600
11.698600
11.698600
11.698700
11.698700
11.698700
11.698700
11.698800
11.698800
11.698800
11.698900
11.698900
11.698900
11.699000
11.699000
11.699100
11.699100
11.699200
11.699200
11.699300
11.699300
11.699400
11.699400
11.699500
11.699500
11.699600
11.699600
11.699700
11.699800
11.699800
11.699900
11.699900
11.700000
11.700100
11.700100
11.700200
11.700200
11.700300
11.700400
11.700400
11.700500
11.700500
11.700600
11.700700
11.700700
11.700800
11.700800
11.700900
11.700900
11.701000
11.701100
11.701100
11.701200
11.701200
11.701300
11.701400
11.701400
11.701500
11.701500
11.701600
11.701600
11.701700
11.701700
11.701800
11.701800
11.701900
11.702000
11.702000
11.702100
11.702100
11.702200
11.702200
11.702300
11.702300
11.702400
11.702400
11.702500
11.702500
11.702500
11.702600
11.702600
11.702700
11.702700
11.702800
11.702800
11.702900
11.702900
11.702900
11.703000
11.703000
11.703100
11.703100
11.703200
11.703200
11.703200
11.703300
11.703300
11.703400
11.703400
11.703400
11.703500
11.703500
11.703500
11.703600
11.703600
11.703600
11.703700
11.703700
11.703700
11.703800
11.703800
11.703800
11.703900
11.703900
11.703900
11.704000
11.704000
11.704000
11.704100
11.704100
11.704100
11.704100
11.704200
11.704200
11.704200
11.704300
11.704300
11.704300
11.704300
11.704400
11.704400
11.704400
11.704400
11.704500
11.704500
11.704500
11.704500
11.704600
11.704600
11.704600
11.704600
11.704700
11.704700
11.704700
11.704700
11.704700
11.704800
11.704800
11.704800
11.704800
11.704800
11.704900
11.704900
11.704900
11.704900
11.704900
11.704900
11.705000
11.705000
11.705000
11.705000
11.705000
11.705000
11.705100
11.705100
11.705100
11.705100
11.705100
11.705100
11.705200
11.705200
11.705200
11.705200
11.705200
11.705200
11.705200
11.705200
11.705300
11.705300
11.705300
11.705300
11.705300
11.705300
11.705300
11.705300
11.705400
11.705400
11.705400
11.705400
11.705400
11.705400
11.705400
11.705400
11.705400
11.705400
11.705400
11.705500
11.705500
11.705500
11.705500
11.705500
11.705500
11.705500
11.705500
11.705500
11.705500
11.705500
11.705500
11.705500
11.705500
11.705600
11.705600
11.705600
11.705600
11.705600
11.705600
11.705600
11.705600
11.705600
11.705600
11.705600
11.705600
11.705600
11.705600
11.705600
11.705600
11.705600
11.705600
11.705600
11.705600
11.705600
11.705600
11.705600
11.705600
11.705600
11.705700
11.705700
11.705700
11.705700
11.705700
11.705700
11.705700
11.705700
11.705700
11.705700
11.705700
11.705700
11.705700
11.705700
11.705700
11.705700
11.705700
11.705700
11.705700
11.705700
11.705700
11.705700
11.705700
11.705700
11.705700
11.705700
11.705700
11.705700
11.705700
11.705700
11.705700
11.705700
11.705700
11.705700
11.705700
11.705600
11.705600
11.705600
11.705600
11.705600
11.705600
11.705600
11.705600
11.705600
11.705600
11.705600
11.705600
11.705600
11.705600
11.705600
11.705600
11.705600
11.705600
11.705600
11.705600
11.705600
11.705600
11.705600
11.705600
11.705600
11.705600
11.705600
11.705600
11.705600
11.705600
11.705500
11.705500
11.705500
11.705500
11.705500
11.705500
11.705500
11.705500
11.705500
11.705500
11.705500
11.705500
11.705500
11.705500
11.705500
11.705500
11.705500
11.705500
11.705500
11.705400
11.705400
11.705400
11.705400
11.705400
11.705400
11.705400
11.705400
11.705400
11.705400
11.705400
11.705400
11.705400
11.705400
11.705400
11.705400
11.705300
11.705300
11.705300
11.705300
11.705300
11.705300
11.705300
11.705300
11.705300
11.705300
11.705300
11.705300
11.705300
11.705200
11.705200
11.705200
11.705200
11.705200
11.705200
11.705200
11.705200
11.705200
11.705200
11.705200
11.705200
11.705200
11.705100
11.705100
11.705100
11.705100
11.705100
11.705100
11.705100
11.705100
11.705100
11.705100
11.705100
11.705000
11.705000
11.705000
11.705000
11.705000
11.705000
11.705000
11.705000
11.705000
11.705000
11.705000
11.704900
11.704900
11.704900
11.704900
11.704900
11.704900
11.704900
11.704900
11.704900
11.704900
11.704900
11.704800
11.704800
11.704800
11.704800
11.704800
11.704800
11.704800
11.704800
11.704800
11.704800
11.704700
11.704700
11.704700
11.704700
11.704700
11.704700
11.704700
11.704700
11.704700
11.704600
11.704600
11.704600
11.704600
11.704600
11.704600
11.704600
11.704600
11.704600
11.704600
11.704500
11.704500
11.704500
11.704500
11.704500
11.704500
11.704500
11.704500
11.704500
11.704400
11.704400
11.704400
11.704400
11.704400
11.704400
11.704400
11.704400
11.704400
11.704300
11.704300
11.704300
11.704300
11.704300
11.704300
11.704300
11.704300
11.704300
11.704200
11.704200
11.704200
11.704200
11.704200
11.704200
11.704200
11.704200
11.704100
11.704100
11.704100
11.704100
11.704100
11.704100
11.704100
11.704100
11.704100
11.704000
11.704000
11.704000
11.704000
11.704000
11.704000
11.704000
11.704000
11.703900
11.703900
11.703900
11.703900
11.703900
11.703900
11.703900
11.703900
11.703800
11.703800
11.703800
11.703800
11.703800
11.703800
11.703800
11.703800
11.703700
11.703700
11.703700
11.703700
11.703700
11.703700
11.703700
11.703700
11.703600
11.703600
11.703600
11.703600
11.703600
11.703600
11.703600
11.703600
11.703500
11.703500
11.703500
11.703500
11.703500
11.703500
11.703500
11.703400
11.703400
11.703400
11.703400
11.703400
11.703400
11.703400
11.703400
11.703300
11.703300
11.703300
11.703300
11.703300
11.703300
11.703300
11.703300
11.703200
11.703200
11.703200
11.703200
11.703200
11.703200
11.703200
11.703100
11.703100
11.703100
11.703100
11.703100
11.703100
11.703100
11.703100
11.703000
11.703000
11.703000
11.703000
11.703000
11.703000
11.703000
11.702900
11.702900
11.702900
11.702900
11.702900
11.702900
11.702900
11.702800
11.702800
11.702800
11.702800
11.702800
11.702800
11.702800
11.702800
11.702700
11.702700
11.702700
11.702700
11.702700
11.702700
11.702700
11.702600
11.702600
11.702600
11.702600
11.702600
11.702600
11.702600
11.702500
11.702500
11.702500
11.702500
11.702500
11.702500
11.702500
11.702400
11.702400
11.702400
11.702400
11.702400
11.702400
11.702400
11.702300
11.702300
11.702300
11.702300
11.702300
11.702300
11.702300
11.702300
11.702200
11.702200
11.702200
11.702200
11.702200
11.702200
11.702200
11.702100
11.702100
11.702100
11.702100
11.702100
11.702100
11.702100
11.702000
11.702000
11.702000
11.702000
11.702000
11.702000
11.702000
11.701900
11.701900
11.701900
11.701900
11.701900
11.701900
11.701900
11.701800
11.701800
11.701800
11.701800
11.701800
11.701800
11.701700
11.701700
11.701700
11.701700
11.701700
11.701700
11.701700
11.701600
11.701600
11.701600
11.701600
11.701600
11.701600
11.701600
11.701500
11.701500
11.701500
11.701500
11.701500
11.701500
11.701500
11.701400
11.701400
11.701400
11.701400
11.701400
11.701400
11.701400
11.701300
11.701300
11.701300
11.701300
11.701300
11.701300
11.701300
11.701200
11.701200
11.701200
11.701200
11.701200
11.701200
11.701100
11.701100
11.701100
11.701100
11.701100
11.701100
11.701100
11.701000
11.701000
11.701000
11.701000
11.701000
11.701000
11.701000
11.700900
11.700900
11.700900
11.700900
11.700900
11.700900
11.700900
11.700800
11.700800
11.700800
11.700800
11.700800
11.700800
11.700700
11.700700
11.700700
11.700700
11.700700
11.700700
11.700700
11.700600
11.700600
11.700600
11.700600
11.700600
11.700600
11.700600
11.700500
11.700500
11.700500
11.700500
11.700500
11.700500
11.700400
11.700400
11.700400
11.700400
11.700400
11.700400
11.700400
11.700300
11.700300
11.700300
11.700300
11.700300
11.700300
11.700200
11.700200
11.700200
11.700200
11.700200
11.700200
11.700200
11.700100
11.700100
11.700100
11.700100
11.700100
11.700100
11.700100
11.700000
11.700000
11.700000
11.700000
11.700000
11.700000
11.699900
11.699900
11.699900
11.699900
11.699900
11.699900
11.699900
11.699800
11.699800
11.699800
11.699800
11.699800
11.699800
11.699700
11.699700
11.699700
11.699700
11.699700
11.699700
11.699700
11.699600
11.699600
11.699600
11.699600
11.699600
11.699600
11.699500
11.699500
11.699500
11.699500
11.699500
11.699500
11.699500
11.699400
11.699400
11.699400
11.699400
11.699400
11.699400
11.699300
11.699300
11.699300
11.699300
11.699300
11.699300
11.699300
11.699200
11.699200
11.699200
11.699200
11.699200
11.699200
11.699100
11.699100
11.699100
11.699100
11.699100
11.699100
11.699100
11.699000
11.699000
11.699000
11.699000
11.699000
11.699000
11.698900
11.698900
11.698900
11.698900
11.698900
11.698900
11.698900
11.698800
11.698800
11.698800
11.698800
11.698800
11.698800
11.698700
11.698700
11.698700
11.698700
11.698700
11.698700
11.698600
11.698600
11.698600
11.698600
11.698600
11.698600
11.698600
11.698500
11.698500
11.698500
11.698500
11.698500
11.698500
11.698400
11.698400
11.698400
11.698400
11.698400
11.698400
11.698400
11.698300
11.698300
11.698300
11.698300
11.698300
11.698300
11.698200
11.698200
11.698200
11.698200
11.698200
11.698200
11.698200
11.698100
11.698100
11.698100
11.698100
11.698100
11.698100
11.698000
11.698000
11.698000
11.698000
11.698000
11.698000
11.697900
11.697900
11.697900
11.697900
11.697900
11.697900
11.697900
11.697800
11.697800
11.697800
11.697800
11.697800
11.697800
11.697700
11.697700
11.697700
11.697700
11.697700
11.697700
11.697700
11.697600
11.697600
11.697600
11.697600
11.697600
11.697600
11.697500
11.697500
11.697500
11.697500
11.697500
11.697500
11.697400
11.697400
11.697400
11.697400
11.697400
11.697400
11.697400
11.697300
11.697300
11.697300
11.697300
11.697300
11.697300
11.697200
11.697200
11.697200
11.697200
11.697200
11.697200
11.697100
11.697100
11.697100
11.697100
11.697100
11.697100
11.697100
11.697000
11.697000
11.697000
11.697000
11.697000
11.697000
11.696900
11.696900
11.696900
11.696900
11.696900
11.696900
11.696800
11.696800
11.696800
11.696800
11.696800
11.696800
11.696800
11.696700
11.696700
11.696700
11.696700
11.696700
11.696700
11.696600
11.696600
11.696600
11.696700
11.699400
11.699800
11.699700
11.699600
11.699600
11.699500
11.699400
11.699300
11.699200
11.699200
11.699100
11.699000
11.699000
11.698900
11.698900
11.698800
11.698800
11.698700
11.698700
11.698700
11.698600
11.698600
11.698600
11.698600
11.698600
11.698600
11.698600
11.698600
11.698600
11.698700
11.698700
11.698700
11.698700
11.698800
11.698800
11.698800
11.698900
11.698900
11.699000
11.699000
11.699000
11.699100
11.699100
11.699200
11.699200
11.699300
11.699300
11.699400
11.699400
11.699500
11.699500
11.699600
11.699700
11.699700
11.699800
11.699800
11.699900
11.699900
11.700000
11.700100
11.700100
11.700200
11.700200
11.700300
11.700400
11.700400
11.700500
11.700500
11.700600
11.700700
11.700700
11.700800
11.700800
11.700900
11.701000
11.701000
11.701100
11.701100
11.701200
11.701200
11.701300
11.701400
11.701400
11.701500
11.701500
11.701600
11.701600
11.701700
11.701700
11.701800
11.701900
11.701900
11.702000
11.702000
11.702100
11.702100
11.702200
11.702200
11.702300
11.702300
11.702400
11.702400
11.702500
11.702500
11.702500
11.702600
11.702600
11.702700
11.702700
11.702800
11.702800
11.702900
11.702900
11.703000
11.703000
11.703000
11.703100
11.703100
11.703200
11.703200
11.703200
11.703300
11.703300
11.703400
11.703400
11.703400
11.703500
11.703500
11.703500
11.703600
11.703600
11.703600
11.703700
11.703700
11.703700
11.703800
11.703800
11.703800
11.703900
11.703900
11.703900
11.704000
11.704000
11.704000
11.704100
11.704100
11.704100
11.704200
11.704200
11.704200
11.704200
11.704300
11.704300
11.704300
11.704300
11.704400
11.704400
11.704400
11.704400
11.704500
11.704500
11.704500
11.704500
11.704600
11.704600
11.704600
11.704600
11.704700
11.704700
11.704700
11.704700
11.704700
11.704800
11.704800
11.704800
11.704800
11.704800
11.704900
11.704900
11.704900
11.704900
11.704900
11.705000
11.705000
11.705000
11.705000
11.705000
11.705000
11.705100
11.705100
11.705100
11.705100
11.705100
11.705100
11.705100
11.705200
11.705200
11.705200
11.705200
11.705200
11.705200
11.705200
11.705300
11.705300
11.705300
11.705300
11.705300
11.705300
11.705300
11.705300
11.705300
11.705400
11.705400
11.705400
11.705400
11.705400
11.705400
11.705400
11.705400
11.705400
11.705400
11.705500
11.705500
11.705500
11.705500
11.705500
11.705500
11.705500
11.705500
11.705500
11.705500
11.705500
11.705500
11.705500
11.705500
11.705600
11.705600
11.705600
11.705600
11.705600
11.705600
11.705600
11.705600
11.705600
11.705600
11.705600
11.705600
11.705600
11.705600
11.705600
11.705600
11.705600
11.705600
11.705600
11.705600
11.705600
11.705600
11.705600
11.705600
11.705700
11.705700
11.705700
11.705700
11.705700
11.705700
11.705700
11.705700
11.705700
11.705700
11.705700
11.705700
11.705700
11.705700
11.705700
11.705700
11.705700
11.705700
11.705700
11.705700
11.705700
11.705700
11.705700
11.705700
11.705700
11.705700
11.705700
11.705700
11.705700
11.705700
11.705700
11.705700
11.705700
11.705700
11.705700
11.705700
11.705700
11.705700
11.705700
11.705600
11.705600
11.705600
11.705600
11.705600
11.705600
11.705600
11.705600
11.705600
11.705600
11.705600
11.705600
11.705600
11.705600
11.705600
11.705600
11.705600
11.705600
11.705600
11.705600
11.705600
11.705600
11.705600
11.705600
11.705600
11.705600
11.705600
11.705600
11.705600
11.705500
11.705500
11.705500
11.705500
11.705500
11.705500
11.705500
11.705500
11.705500
11.705500
11.705500
11.705500
11.705500
11.705500
11.705500
11.705500
11.705500
11.705500
11.705500
11.705400
11.705400
11.705400
11.705400
11.705400
11.705400
11.705400
11.705400
11.705400
11.705400
11.705400
11.705400
11.705400
11.705400
11.705400
11.705300
11.705300
11.705300
11.705300
11.705300
11.705300
11.705300
11.705300
11.705300
11.705300
11.705300
11.705300
11.705300
11.705300
11.705200
11.705200
11.705200
11.705200
11.705200
11.705200
11.705200
11.705200
11.705200
11.705200
11.705200
11.705200
11.705100
11.705100
11.705100
11.705100
11.705100
11.705100
11.705100
11.705100
11.705100
11.705100
11.705100
11.705100
11.705000
11.705000
11.705000
11.705000
11.705000
11.705000
11.705000
11.705000
11.705000
11.705000
11.705000
11.704900
11.704900
11.704900
11.704900
11.704900
11.704900
11.704900
11.704900
11.704900
11.704900
11.704800
11.704800
11.704800
11.704800
11.704800
11.704800
11.704800
11.704800
11.704800
11.704800
11.704700
11.704700
11.704700
11.704700
11.704700
11.704700
11.704700
11.704700
11.704700
11.704700
11.704600
11.704600
11.704600
11.704600
11.704600
11.704600
11.704600
11.704600
11.704600
11.704500
11.704500
11.704500
11.704500
11.704500
11.704500
11.704500
11.704500
11.704500
11.704400
11.704400
11.704400
11.704400
11.704400
11.704400
11.704400
11.704400
11.704400
11.704300
11.704300
11.704300
11.704300
11.704300
11.704300
11.704300
11.704300
11.704300
11.704200
11.704200
11.704200
11.704200
11.704200
11.704200
11.704200
11.704200
11.704100
11.704100
11.704100
11.704100
11.704100
11.704100
11.704100
11.704100
11.704100
11.704000
11.704000
11.704000
11.704000
11.704000
11.704000
11.704000
11.704000
11.703900
11.703900
11.703900
11.703900
11.703900
11.703900
11.703900
11.703900
11.703800
11.703800
11.703800
11.703800
11.703800
11.703800
11.703800
11.703800
11.703700
11.703700
11.703700
11.703700
11.703700
11.703700
11.703700
11.703700
11.703600
11.703600
11.703600
11.703600
11.703600
11.703600
11.703600
11.703600
11.703500
11.703500
11.703500
11.703500
11.703500
11.703500
11.703500
11.703500
11.703400
11.703400
11.703400
11.703400
11.703400
11.703400
11.703400
11.703300
11.703300
11.703300
11.703300
11.703300
11.703300
11.703300
11.703300
11.703200
11.703200
11.703200
11.703200
11.703200
11.703200
11.703200
11.703200
11.703100
11.703100
11.703100
11.703100
11.703100
11.703100
11.703100
11.703000
11.703000
11.703000
11.703000
11.703000
11.703000
11.703000
11.702900
11.702900
11.702900
11.702900
11.702900
11.702900
11.702900
11.702900
11.702800
11.702800
11.702800
11.702800
11.702800
11.702800
11.702800
11.702700
11.702700
11.702700
11.702700
11.702700
11.702700
11.702700
11.702600
11.702600
11.702600
11.702600
11.702600
11.702600
11.702600
11.702600
11.702500
11.702500
11.702500
11.702500
11.702500
11.702500
11.702500
11.702400
11.702400
11.702400
11.702400
11.702400
11.702400
11.702400
11.702300
11.702300
11.702300
11.702300
11.702300
11.702300
11.702300
11.702200
11.702200
11.702200
11.702200
11.702200
11.702200
11.702200
11.702100
11.702100
11.702100
11.702100
11.702100
11.702100
11.702100
11.702000
11.702000
11.702000
11.702000
11.702000
11.702000
11.702000
11.701900
11.701900
11.701900
11.701900
11.701900
11.701900
11.701900
11.701800
11.701800
11.701800
11.701800
11.701800
11.701800
11.701800
11.701700
11.701700
11.701700
11.701700
11.701700
11.701700
11.701700
11.701600
11.701600
11.701600
11.701600
11.701600
11.701600
11.701500
11.701500
11.701500
11.701500
11.701500
11.701500
11.701500
11.701400
11.701400
11.701400
11.701400
11.701400
11.701400
11.701400
11.701300
11.701300
11.701300
11.701300
11.701300
11.701300
11.701300
11.701200
11.701200
11.701200
11.701200
11.701200
11.701200
11.701200
11.701100
11.701100
11.701100
11.701100
11.701100
11.701100
11.701000
11.701000
11.701000
11.701000
11.701000
11.701000
11.701000
11.700900
11.700900
11.700900
11.700900
11.700900
11.700900
11.700900
11.700800
11.700800
11.700800
11.700800
11.700800
11.700800
11.700700
11.700700
11.700700
11.700700
11.700700
11.700700
11.700700
11.700600
11.700600
11.700600
11.700600
11.700600
11.700600
11.700600
11.700500
11.700500
11.700500
11.700500
11.700500
11.700500
11.700400
11.700400
11.700400
11.700400
11.700400
11.700400
11.700400
11.700300
11.700300
11.700300
11.700300
11.700300
11.700300
11.700300
11.700200
11.700200
11.700200
11.700200
11.700200
11.700200
11.700100
11.700100
11.700100
11.700100
11.700100
11.700100
11.700100
11.700000
11.700000
11.700000
11.700000
11.700000
11.700000
11.699900
11.699900
11.699900
11.699900
11.699900
11.699900
11.699900
11.699800
11.699800
11.699800
11.699800
11.699800
11.699800
11.699700
11.699700
11.699700
11.699700
11.699700
11.699700
11.699700
11.699600
11.699600
11.699600
11.699600
11.699600
11.699600
11.699600
11.699500
11.699500
11.699500
11.699500
11.699500
11.699500
11.699400
11.699400
11.699400
11.699400
11.699400
11.699400
11.699400
11.699300
11.699300
11.699300
11.699300
11.699300
11.699300
11.699200
11.699200
11.699200
11.699200
11.699200
11.699200
11.699200
11.699100
11.699100
11.699100
11.699100
11.699100
11.699100
11.699000
11.699000
11.699000
11.699000
11.699000
11.699000
11.698900
11.698900
11.698900
11.698900
11.698900
11.698900
11.698900
11.698800
11.698800
11.698800
11.698800
11.698800
11.698800
11.698700
11.698700
11.698700
11.698700
11.698700
11.698700
11.698700
11.698600
11.698600
11.698600
11.698600
11.698600
11.698600
11.698500
11.698500
11.698500
11.698500
11.698500
11.698500
11.698500
11.698400
11.698400
11.698400
11.698400
11.698400
11.698400
11.698300
11.698300
11.698300
11.698300
11.698300
11.698300
11.698200
11.698200
11.698200
11.698200
11.698200
11.698200
11.698200
11.698100
11.698100
11.698100
11.698100
11.698100
11.698100
11.698000
11.698000
11.698000
11.698000
11.698000
11.698000
11.698000
11.697900
11.697900
11.697900
11.697900
11.697900
11.697900
11.697800
11.697800
11.697800
11.697800
11.697800
11.697800
11.697700
11.697700
11.697700
11.697700
11.697700
11.697700
11.697700
11.697600
11.697600
11.697600
11.697600
11.697600
11.697600
11.697500
11.697500
11.697500
11.697500
11.697500
11.697500
11.697500
11.697400
11.697400
11.697400
11.697400
11.697400
11.697400
11.697300
11.697300
11.697300
11.697300
11.697300
11.697300
11.697200
11.697200
11.697200
11.697200
11.697200
11.697200
11.697200
11.697100
11.697100
11.697100
11.697100
11.697100
11.697100
11.697000
11.697000
11.697000
11.697000
11.697000
11.697000
11.696900
11.696900
11.696900
11.696900
11.696900
11.696900
11.696900
11.696800
11.696800
11.696800
11.696800
11.696800
11.696800
11.696700
11.696700
11.696700
11.696700
11.696700
