1.709320
1.706470
1.703630
1.700810
1.698000
1.695240
1.692910
1.694470
1.702690
1.719030
1.745280
1.784110
1.840610
1.922500
2.037720
2.192220
2.388780
2.626860
2.903440
3.213870
3.552890
3.915350
4.296490
4.692100
5.098420
5.512110
5.930240
6.350280
6.770320
7.188820
7.604820
8.017630
8.426680
8.831810
9.232890
9.629880
10.022700
10.411500
10.796300
11.177200
11.554200
11.927400
12.296900
12.662700
13.024900
13.383600
13.738800
14.090500
14.438700
14.783600
15.125000
15.463000
15.797700
16.129000
16.456900
16.781400
17.102600
17.420400
17.734900
18.046100
18.353800
18.658200
18.959300
19.256900
19.551200
19.842100
20.129600
20.413800
20.694600
20.972000
21.246000
21.516600
21.783900
22.047800
22.308300
22.565400
22.819200
23.069600
23.316600
23.560300
23.800700
24.037600
24.271300
24.501700
24.728700
24.952500
25.173000
25.390200
25.604200
25.815000
26.022500
26.226900
26.428000
26.625900
26.820700
27.012400
27.200900
27.386300
27.568700
27.747900
27.924100
28.097300
28.267400
28.434600
28.598700
28.760000
28.918300
29.073700
29.226200
29.375800
29.522600
29.666500
29.807700
29.946100
30.081700
30.214600
30.344800
30.472200
30.597000
30.719200
30.838700
30.955700
31.070100
31.181900
31.291200
31.398000
31.502300
31.604200
31.703600
31.800600
31.895200
31.987400
32.077300
32.164900
32.250200
32.333200
32.413900
32.492400
32.568700
32.642700
32.714600
32.784400
32.852000
32.917500
32.981000
33.042300
33.101600
33.158900
33.214200
33.267500
33.318800
33.368200
33.415700
33.461200
33.504900
33.546600
33.586600
33.624600
33.660900
33.695400
33.728100
33.759000
33.788200
33.815700
33.841500
33.865500
33.887900
33.908600
33.927700
33.945200
33.961000
33.975200
33.987900
33.999000
34.008500
34.016600
34.023100
34.028100
34.031600
34.033600
34.034200
34.033300
34.031000
34.027300
34.022100
34.015600
34.007700
33.998400
33.987800
33.975900
33.962500
33.948000
33.932100
33.914900
33.896400
33.876700
33.855700
33.833500
33.810000
33.785400
33.759500
33.732500
33.704200
33.674800
33.644200
33.612500
33.579700
33.545700
33.510600
33.474400
33.437100
33.398700
33.359300
33.318800
33.277200
33.234600
33.191000
33.146300
33.100700
33.054000
33.006300
32.957700
32.908100
32.857500
32.806000
32.753500
32.700100
32.645800
32.590500
32.534400
32.477300
32.419400
32.360600
32.300900
32.240400
32.179000
32.116700
32.053700
31.989800
31.925100
31.859600
31.793300
31.726200
31.658300
31.589700
31.520300
31.450100
31.379200
31.307600
31.235200
31.162100
31.088400
31.013800
30.938600
30.862800
30.786200
30.709000
30.631100
30.552500
30.473400
30.393500
30.313100
30.232100
30.150400
30.068100
29.985200
29.901700
29.817700
29.733000
29.647800
29.562100
29.475800
29.389000
29.301600
29.213700
29.125300
29.036400
28.946900
28.857000
28.766600
28.675700
28.584300
28.492500
28.400300
28.307500
28.214300
28.120800
28.026700
27.932200
27.837400
27.742100
27.646400
27.550300
27.453900
27.357100
27.259800
27.162300
27.064400
26.966100
26.867500
26.768500
26.669300
26.569600
26.469700
26.369500
26.269000
26.168200
26.067100
25.965700
25.864000
25.762100
25.659900
25.557400
25.454700
25.351800
25.248600
25.145200
25.041600
24.937800
24.833700
24.729400
24.625000
24.520300
24.415400
24.310400
24.205200
24.099800
23.994300
23.888700
23.782800
23.676800
23.570700
23.464500
23.358100
23.251600
23.145000
23.038300
22.931400
22.824500
22.717500
22.610400
22.503300
22.396000
22.288700
22.181200
22.073800
21.966300
21.858800
21.751100
21.643500
21.535800
21.428100
21.320400
21.212700
21.105000
20.997200
20.889500
20.781800
20.674000
20.566300
20.458600
20.351000
20.243300
20.135700
20.028200
19.920700
19.813300
19.705900
19.598500
19.491300
19.384100
19.277000
19.169900
19.063000
18.956200
18.849400
18.742800
18.636300
18.529900
18.423500
18.317400
18.211300
18.105500
17.999700
17.894100
17.788600
17.683300
17.578200
17.473200
17.368400
17.263700
17.159300
17.055000
16.951000
16.847100
16.743400
16.640000
16.536800
16.433800
16.331000
16.228400
16.126100
16.024000
15.922200
15.820600
15.719300
15.618200
15.517500
15.417000
15.316700
15.216800
15.117100
15.017800
14.918800
14.820100
14.721600
14.623600
14.525800
14.428300
14.331300
14.234500
14.138100
14.042000
13.946300
13.851000
13.756100
13.661500
13.567300
13.473600
13.380200
13.287200
13.194700
13.102500
13.010700
12.919400
12.828500
12.738100
12.648100
12.558500
12.469500
12.380800
12.292600
12.204900
12.117700
12.030900
11.944600
11.858800
11.773600
11.688800
11.604500
11.520800
11.437500
11.354800
11.272600
11.190900
11.109800
11.029200
10.949100
10.869600
10.790700
10.712200
10.634400
10.557100
10.480400
10.404200
10.328600
10.253600
10.179100
10.105300
10.032000
9.959290
9.887170
9.815620
9.744690
9.674330
9.604540
9.535380
9.466790
9.398770
9.331370
9.264540
9.198340
9.132700
9.067700
9.003260
8.939390
8.876150
8.813480
8.751430
8.689950
8.629050
8.568710
8.508990
8.449850
8.391280
8.333270
8.275830
8.219020
8.162730
8.107060
8.051900
7.997310
7.943290
7.889840
7.836900
7.784530
7.732670
7.681380
7.630660
7.580460
7.530760
7.481580
7.432910
7.384810
7.337160
7.290030
7.243410
7.197300
7.151710
7.106570
7.061940
7.017770
6.974050
6.930840
6.888090
6.845800
6.803960
6.762520
6.721590
6.681060
6.641050
6.601370
6.562150
6.523390
6.485020
6.447050
6.409480
6.372370
6.335590
6.299220
6.263240
6.227670
6.192490
6.157650
6.123160
6.089060
6.055300
6.021950
5.988930
5.956200
5.923870
5.891870
5.860170
5.828860
5.797840
5.767160
5.736760
5.706700
5.676930
5.647470
5.618320
5.589460
5.560890
5.532610
5.504620
5.476910
5.449480
5.422320
5.395430
5.368800
5.342440
5.316340
5.290490
5.264900
5.239560
5.214460
5.189610
5.164990
5.140610
5.116460
5.092540
5.068860
5.045390
5.022140
4.999110
4.976300
4.953700
4.931310
4.909120
4.887140
4.865360
4.843780
4.822390
4.801200
4.780200
4.759390
4.738760
4.718320
4.698060
4.677970
4.658060
4.638330
4.618770
4.599370
4.580150
4.561090
4.542190
4.523450
4.504880
4.486460
4.468200
4.450090
4.432130
4.414320
4.396650
4.379140
4.361760
4.344530
4.327440
4.310490
4.293670
4.276990
4.260440
4.244020
4.227740
4.211580
4.195550
4.179650
4.163860
4.148210
4.132670
4.117250
4.101950
4.086770
4.071700
4.056750
4.041910
4.027180
4.012560
3.998050
3.983650
3.969360
3.955160
3.941080
3.927090
3.913210
3.899420
3.885740
3.872160
3.858670
3.845280
3.831980
3.818780
3.805670
3.792650
3.779710
3.766880
3.754130
3.741470
3.728890
3.716400
3.703990
3.691680
3.679440
3.667280
3.655210
3.643220
3.631300
3.619470
3.607710
3.596030
3.584430
3.572900
3.561450
3.550040
3.538740
3.527500
3.516340
3.505250
3.494230
3.483280
3.472400
3.461590
3.450840
3.440160
3.429550
3.419000
3.408520
3.398100
3.387750
3.377450
3.367220
3.357060
3.346950
3.336900
3.326920
3.316990
3.307130
3.297310
3.287560
3.277870
3.268230
3.258650
3.249120
3.239650
3.230230
3.220870
3.211560
3.202310
3.193100
3.183950
3.174850
3.165810
3.156810
3.147860
3.138960
3.130120
3.121320
3.112570
3.103860
3.095210
3.086600
3.078040
3.069530
3.061060
3.052630
3.044250
3.035930
3.027630
3.019390
3.011190
3.003030
2.994920
2.986850
2.978810
2.970830
2.962880
2.954980
2.947110
2.939290
2.931510
2.923760
2.916060
2.908390
2.900760
2.893170
2.885630
2.878110
2.870640
2.863200
2.855800
2.848440
2.841110
2.833820
2.826570
2.819350
2.812170
2.805020
2.797900
2.790820
2.783780
2.776770
2.769790
2.762840
2.755930
2.749060
2.742210
2.735390
2.728610
2.721870
2.715150
2.708460
2.701810
2.695180
2.688590
2.682030
2.675500
2.669000
2.662530
2.656080
2.649670
2.643290
2.636930
2.630610
2.624310
2.618040
2.611800
2.605590
2.599400
2.593250
2.587110
2.581010
2.574940
2.568890
2.562870
2.556870
2.550910
2.544960
2.539040
2.533150
2.527290
2.521450
2.515630
2.509840
2.504080
2.498340
2.492620
2.486930
2.481270
2.475620
2.470000
2.464410
2.458830
2.453290
2.447760
2.442260
2.436780
2.431320
2.425890
2.420480
2.415090
2.409720
2.404380
2.399060
2.393760
2.388480
2.383220
2.377980
2.372770
2.367580
2.362400
2.357250
2.352120
2.347010
2.341920
2.336860
2.331810
2.326780
2.321770
2.316780
2.311810
2.306860
2.301940
2.297020
2.292130
2.287260
2.282400
2.277570
2.272760
2.267960
2.263180
2.258420
2.253680
2.248960
2.244250
2.239570
2.234900
2.230250
2.225620
2.221000
2.216400
2.211830
2.207260
2.202710
2.198190
2.193670
2.189180
2.184700
2.180240
2.175800
2.171370
2.166960
2.162560
2.158190
2.153820
2.149480
2.145150
2.140830
2.136530
2.132250
2.127980
2.123730
2.119500
2.115280
2.111070
2.106880
2.102710
2.098550
2.094400
2.090270
2.086160
2.082060
2.077980
2.073900
2.069850
2.065810
2.061780
2.057760
2.053770
2.049780
2.045810
2.041850
2.037910
2.033990
2.030070
2.026170
2.022280
2.018410
2.014550
2.010700
2.006870
2.003050
1.999240
1.995440
1.991660
1.987900
1.984140
1.980400
1.976670
1.972960
1.969250
1.965560
1.961880
1.958220
1.954570
1.950920
1.947300
1.943680
1.940080
1.936490
1.932910
1.929340
1.925780
1.922240
1.918710
1.915190
1.911680
1.908190
1.904700
1.901220
1.897760
1.894310
1.890880
1.887450
1.884030
1.880630
1.877240
1.873860
1.870480
1.867120
1.863770
1.860430
1.857110
1.853790
1.850490
1.847190
1.843910
1.840630
1.837370
1.834120
1.830880
1.827650
1.824420
1.821210
1.818010
1.814830
1.811640
1.808480
1.805320
1.802170
1.799030
1.795900
1.792780
1.789670
1.786580
1.783480
1.780400
1.777340
1.774270
1.771220
1.768180
1.765150
1.762130
1.759120
1.756120
1.753120
1.750140
1.747160
1.744200
1.741240
1.738290
1.735360
1.732430
1.729510
1.726600
1.723700
1.720810
1.717920
1.715050
1.712180
1.709320
1.706470
1.703640
1.700810
1.698010
1.695250
1.692920
1.694470
1.702700
1.719040
1.745280
1.784110
1.840610
1.922500
2.037710
2.192210
2.388750
2.626840
2.903400
3.213810
3.552830
3.915280
4.296410
4.692000
5.098310
5.511990
5.930090
6.350130
6.770160
7.188660
7.604660
8.017410
8.426460
8.831640
9.232660
9.629590
10.022500
10.411200
10.796000
11.176800
11.553800
11.927000
12.296500
12.662300
13.024500
13.383200
13.738400
14.090000
14.438300
14.783100
15.124500
15.462500
15.797200
16.128400
16.456300
16.780900
17.102000
17.419900
17.734300
18.045500
18.353200
18.657600
18.958600
19.256200
19.550400
19.841400
20.128900
20.413000
20.693800
20.971200
21.245300
21.516000
21.783200
22.047100
22.307600
22.564700
22.818500
23.068900
23.315900
23.559600
23.799900
24.036900
24.270600
24.501000
24.728100
24.951800
25.172300
25.389500
25.603500
25.814200
26.021700
26.226100
26.427200
26.625100
26.819900
27.011500
27.200100
27.385500
27.567800
27.747100
27.923200
28.096400
28.266500
28.433700
28.597800
28.759100
28.917300
29.072700
29.225200
29.374800
29.521600
29.665600
29.806800
29.945100
30.080800
30.213600
30.343800
30.471300
30.596100
30.718200
30.837800
30.954800
31.069100
31.180900
31.290300
31.397100
31.501300
31.603200
31.702600
31.799600
31.894200
31.986400
32.076300
32.163900
32.249100
32.332100
32.412900
32.491400
32.567600
32.641700
32.713600
32.783400
32.851000
32.916500
32.979900
33.041300
33.100600
33.157900
33.213100
33.266400
33.317800
33.367100
33.414600
33.460100
33.503800
33.545600
33.585500
33.623600
33.659800
33.694300
33.727000
33.758000
33.787200
33.814600
33.840400
33.864500
33.886800
33.907600
33.926600
33.944100
33.959900
33.974200
33.986800
33.997900
34.007500
34.015500
34.022000
34.027000
34.030500
34.032500
34.033100
34.032200
34.029900
34.026200
34.021100
34.014500
34.006600
33.997300
33.986700
33.974800
33.961500
33.946900
33.930900
33.913800
33.895300
33.875600
33.854600
33.832400
33.809000
33.784300
33.758400
33.731400
33.703100
33.673700
33.643100
33.611400
33.578600
33.544600
33.509500
33.473300
33.436000
33.397600
33.358000
33.317500
33.275900
33.233300
33.189700
33.145000
33.099400
33.052700
33.005000
32.956400
32.906700
32.856200
32.804700
32.752200
32.698800
32.644400
32.589200
32.533100
32.476000
32.418100
32.359300
32.299600
32.239100
32.177700
32.115500
32.052400
31.988500
31.923800
31.858300
31.792000
31.724900
31.657100
31.588400
31.519000
31.448800
31.378000
31.306300
31.233900
31.160900
31.087100
31.012600
30.937400
30.861500
30.784900
30.707700
30.629800
30.551300
30.472100
30.392300
30.311800
30.230700
30.149000
30.066800
29.983900
29.900400
29.816400
29.731700
29.646600
29.560800
29.474500
29.387700
29.300300
29.212400
29.124000
29.035100
28.945700
28.855700
28.765400
28.674400
28.583100
28.491300
28.399000
28.306300
28.213100
28.119500
28.025500
27.931000
27.836100
27.740800
27.645200
27.549100
27.452600
27.355800
27.258700
27.161100
27.063200
26.964900
26.866300
26.767300
26.668100
26.568500
26.468600
26.368300
26.267800
26.167000
26.065900
25.964500
25.862800
25.760900
25.658700
25.556200
25.453600
25.350600
25.247400
25.144000
25.040400
24.936600
24.832500
24.728200
24.623800
24.519100
24.414300
24.309200
24.204000
24.098700
23.993200
23.887500
23.781700
23.675700
23.569600
23.463400
23.357000
23.250500
23.143800
23.037200
22.930300
22.823400
22.716400
22.609300
22.502100
22.394800
22.287500
22.180100
22.072700
21.965200
21.857700
21.750000
21.642400
21.534700
21.427000
21.319300
21.211600
21.103900
20.996100
20.888400
20.780700
20.673000
20.565300
20.457600
20.349900
20.242300
20.134700
20.027100
19.919700
19.812200
19.704800
19.597500
19.490200
19.383000
19.275900
19.168900
19.062000
18.955100
18.848400
18.741700
18.635200
18.528800
18.422600
18.316400
18.210400
18.104400
17.998700
17.893100
17.787600
17.682300
17.577100
17.472200
17.367400
17.262800
17.158300
17.054100
16.950000
16.846100
16.742500
16.639100
16.535900
16.432800
16.330000
16.227500
16.125200
16.023100
15.921300
15.819700
15.718400
15.617300
15.516600
15.416100
15.315800
15.215900
15.116200
15.016900
14.917900
14.819200
14.720700
14.622700
14.524900
14.427500
14.330400
14.233700
14.137200
14.041200
13.945500
13.850200
13.755300
13.660700
13.566600
13.472800
13.379400
13.286400
13.193800
13.101700
13.009900
12.918600
12.827800
12.737300
12.647300
12.557700
12.468600
12.380000
12.291800
12.204100
12.116900
12.030200
11.943900
11.858100
11.772900
11.688000
11.603800
11.520100
11.436800
11.354100
11.271900
11.190200
11.109100
11.028500
10.948400
10.868900
10.790000
10.711600
10.633700
10.556400
10.479700
10.403600
10.328000
10.253000
10.178500
10.104700
10.031400
9.958660
9.886540
9.815040
9.744060
9.673700
9.603970
9.534750
9.466220
9.398190
9.330800
9.264030
9.197770
9.132190
9.067130
9.002690
8.938880
8.875640
8.812970
8.750920
8.689440
8.628540
8.568200
8.508480
8.449340
8.390770
8.332820
8.275380
8.218570
8.162280
8.106550
8.051450
7.996860
7.942840
7.889390
7.836450
7.784080
7.732280
7.680990
7.630220
7.580010
7.530320
7.481190
7.432520
7.384360
7.336780
7.289640
7.243080
7.196920
7.151320
7.106180
7.061550
7.017380
6.973720
6.930460
6.887710
6.845420
6.803580
6.762190
6.721270
6.680740
6.640720
6.601040
6.561880
6.523060
6.484690
6.446730
6.409210
6.372040
6.335270
6.298950
6.262980
6.227400
6.192160
6.157330
6.122890
6.088790
6.055040
6.021680
5.988610
5.955930
5.923600
5.891610
5.859960
5.828600
5.797570
5.766890
5.736490
5.706440
5.676680
5.647230
5.618080
5.589220
5.560660
5.532380
5.504400
5.476690
5.449250
5.422100
5.395210
5.368590
5.342230
5.316130
5.290280
5.264690
5.239350
5.214250
5.189400
5.164790
5.140410
5.116260
5.092350
5.068660
5.045200
5.021950
4.998920
4.976110
4.953520
4.931130
4.908940
4.886960
4.865180
4.843600
4.822220
4.801030
4.780030
4.759220
4.738590
4.718150
4.697890
4.677800
4.657900
4.638170
4.618600
4.599210
4.579990
4.560930
4.542030
4.523300
4.504730
4.486310
4.468050
4.449940
4.431980
4.414170
4.396500
4.378990
4.361620
4.344390
4.327300
4.310350
4.293530
4.276850
4.260300
4.243890
4.227600
4.211450
4.195420
4.179510
4.163730
4.148070
4.132540
4.117130
4.101820
4.086640
4.071580
4.056630
4.041790
4.027060
4.012440
3.997930
3.983530
3.969230
3.955040
3.940960
3.926970
3.913090
3.899310
3.885630
3.872040
3.858560
3.845160
3.831870
3.818670
3.805560
3.792540
3.779610
3.766770
3.754020
3.741360
3.728780
3.716290
3.703890
3.691570
3.679330
3.667180
3.655110
3.643110
3.631200
3.619370
3.607610
3.595930
3.584330
3.572800
3.561350
3.549970
3.538670
3.527430
3.516270
3.505180
3.494160
3.483210
3.472330
3.461520
3.450770
3.440100
3.429480
3.418930
3.408450
3.398040
3.387680
3.377390
3.367160
3.357000
3.346890
3.336840
3.326850
3.316930
3.307060
3.297250
3.287500
3.277810
3.268170
3.258590
3.249060
3.239590
3.230180
3.220820
3.211510
3.202250
3.193050
3.183900
3.174800
3.165750
3.156760
3.147810
3.138910
3.130070
3.121270
3.112520
3.103810
3.095160
3.086550
3.077990
3.069480
3.061010
3.052590
3.044210
3.035870
3.027590
3.019340
3.011140
3.002980
2.994870
2.986800
2.978770
2.970780
2.962840
2.954930
2.947070
2.939240
2.931460
2.923720
2.916010
2.908350
2.900720
2.893130
2.885590
2.878070
2.870600
2.863160
2.855760
2.848400
2.841070
2.833780
2.826530
2.819310
2.812130
2.804980
2.797860
2.790790
2.783740
2.776730
2.769750
2.762810
2.755900
2.749020
2.742170
2.735360
2.728580
2.721830
2.715110
2.708430
2.701780
2.695150
2.688560
2.681990
2.675470
2.668960
2.662490
2.656050
2.649640
2.643250
2.636900
2.630580
2.624280
2.618010
2.611770
2.605560
2.599370
2.593220
2.587090
2.580980
2.574910
2.568860
2.562840
2.556840
2.550880
2.544930
2.539010
2.533120
2.527260
2.521420
2.515600
2.509810
2.504050
2.498310
2.492590
2.486900
2.481240
2.475590
2.469970
2.464380
2.458810
2.453260
2.447730
2.442230
2.436750
2.431300
2.425860
2.420450
2.415060
2.409700
2.404360
2.399030
2.393740
2.388450
2.383200
2.377960
2.372750
2.367560
2.362380
2.357230
2.352100
2.346990
2.341900
2.336830
2.331790
2.326750
2.321750
2.316760
2.311790
2.306840
2.301910
2.297000
2.292110
2.287240
2.282380
2.277550
2.272730
2.267940
2.263160
2.258400
2.253660
2.248940
2.244230
2.239550
2.234880
2.230230
2.225600
2.220980
2.216390
2.211800
2.207240
2.202700
2.198160
2.193660
2.189160
2.184680
2.180220
2.175780
2.171350
2.166940
2.162550
2.158160
2.153800
2.149460
2.145130
2.140810
2.136520
2.132240
2.127970
2.123710
2.119480
2.115260
2.111050
2.106860
2.102690
2.098530
2.094390
2.090250
2.086140
2.082040
2.077960
2.073890
2.069830
2.065790
2.061760
2.057750
2.053750
2.049770
2.045800
2.041840
2.037900
2.033970
2.030050
2.026150
2.022270
2.018390
2.014530
2.010690
2.006850
2.003030
1.999220
1.995430
1.991650
1.987880
1.984130
1.980390
1.976660
1.972940
1.969240
1.965550
1.961870
1.958200
1.954560
1.950910
1.947290
1.943670
1.940060
1.936470
1.932900
1.929330
1.925770
1.922230
1.918690
1.915180
1.911670
1.908170
1.904680
1.901210
1.897750
1.894300
1.890860
1.887440
1.884020
1.880620
1.877230
1.873840
1.870470
1.867110
1.863760
1.860430
1.857100
1.853780
1.850480
1.847180
1.843900
1.840620
1.837360
1.834110
1.830870
1.827640
1.824420
1.821210
1.818010
1.814810
1.811640
1.808470
1.805310
1.802160
1.799020
1.795890
1.792770
1.789670
1.786560
1.783470
1.780390
1.777320
1.774270
1.771220
1.768180
1.765140
1.762120
1.759110
1.756110
1.753120
1.750130
1.747160
1.744190
1.741240
1.738290
1.735350
1.732410
1.729490
1.726580
1.723680
1.720780
1.717900
1.715030
1.712160
1.709310
1.706460
1.703620
1.700800
1.697990
1.695230
1.692910
1.694470
1.702690
1.719040
1.745280
1.784110
1.840620
1.922510
2.037730
2.192230
2.388780
2.626860
2.903440
3.213860
3.552880
3.915330
4.296470
4.692070
5.098390
5.512080
5.930200
6.350240
6.770280
7.188830
7.604830
8.017580
8.426630
8.831750
9.232830
9.629810
10.022600
10.411400
10.796200
11.177000
11.554000
11.927200
12.296700
12.662600
13.024800
13.383400
13.738600
14.090300
14.438500
14.783400
15.124800
15.462800
15.797400
16.128700
16.456600
16.781200
17.102400
17.420200
17.734700
18.045800
18.353500
18.657900
18.959000
19.256600
19.550800
19.841800
20.129300
20.413500
20.694200
20.971600
21.245600
21.516200
21.783500
22.047400
22.307900
22.565000
22.818800
23.069200
23.316200
23.559900
23.800200
24.037200
24.270900
24.501200
24.728200
24.952000
25.172500
25.389700
25.603800
25.814500
26.022100
26.226400
26.427500
26.625500
26.820300
27.011900
27.200400
27.385900
27.568200
27.747400
27.923600
28.096800
28.266900
28.434100
28.598300
28.759500
28.917800
29.073200
29.225700
29.375300
29.522100
29.666000
29.807200
29.945600
30.081200
30.214100
30.344300
30.471700
30.596600
30.718700
30.838300
30.955200
31.069600
31.181500
31.290700
31.397500
31.501800
31.603700
31.703100
31.800100
31.894700
31.987000
32.076900
32.164400
32.249700
32.332700
32.413400
32.491900
32.568200
32.642300
32.714200
32.783900
32.851600
32.917000
32.980500
33.041900
33.101200
33.158500
33.213700
33.267100
33.318400
33.367800
33.415200
33.460800
33.504400
33.546200
33.586100
33.624300
33.660500
33.695000
33.727700
33.758700
33.787900
33.815300
33.841100
33.865100
33.887500
33.908200
33.927300
33.944800
33.960600
33.974900
33.987500
33.998600
34.008200
34.016200
34.022700
34.027700
34.031300
34.033300
34.033900
34.033000
34.030700
34.026900
34.021800
34.015300
34.007400
33.998100
33.987500
33.975500
33.962300
33.947700
33.931800
33.914600
33.896100
33.876400
33.855400
33.833200
33.809800
33.785100
33.759300
33.732200
33.704000
33.674600
33.644000
33.612300
33.579500
33.545500
33.510400
33.474200
33.436900
33.398600
33.359100
33.318600
33.277000
33.234400
33.190800
33.146200
33.100500
33.053800
33.006200
32.957500
32.907900
32.857400
32.805800
32.753400
32.700000
32.645600
32.590400
32.534200
32.477200
32.419300
32.360500
32.300800
32.240300
32.178900
32.116700
32.053600
31.989800
31.925000
31.859500
31.793200
31.726200
31.658300
31.589700
31.520300
31.450100
31.379200
31.307500
31.235200
31.162100
31.088300
31.013800
30.938600
30.862700
30.786200
30.709000
30.631100
30.552600
30.473400
30.393600
30.313100
30.232000
30.150300
30.068100
29.985200
29.901800
29.817700
29.733100
29.647900
29.562200
29.475900
29.389000
29.301700
29.213800
29.125400
29.036400
28.947000
28.857100
28.766700
28.675800
28.584400
28.492600
28.400400
28.307600
28.214400
28.120900
28.026800
27.932400
27.837500
27.742200
27.646600
27.550500
27.454100
27.357200
27.260000
27.162400
27.064500
26.966300
26.867700
26.768700
26.669400
26.569900
26.469900
26.369700
26.269200
26.168400
26.067300
25.965900
25.864300
25.762300
25.660100
25.557700
25.455000
25.352100
25.248900
25.145400
25.041800
24.938000
24.833900
24.729700
24.625200
24.520500
24.415700
24.310700
24.205500
24.100200
23.994600
23.888900
23.783100
23.677100
23.571000
23.464800
23.358400
23.251900
23.145300
23.038600
22.931700
22.824800
22.717800
22.610700
22.503600
22.396300
22.289000
22.181600
22.074100
21.966600
21.859100
21.751500
21.643900
21.536200
21.428500
21.320800
21.213100
21.105300
20.997600
20.889900
20.782100
20.674400
20.566700
20.459000
20.351300
20.243700
20.136100
20.028500
19.921100
19.813600
19.706200
19.598900
19.491600
19.384500
19.277300
19.170300
19.063400
18.956600
18.849800
18.743200
18.636700
18.530200
18.423900
18.317800
18.211700
18.105900
18.000100
17.894400
17.789000
17.683700
17.578600
17.473500
17.368800
17.264100
17.159700
17.055400
16.951400
16.847500
16.743900
16.640400
16.537200
16.434200
16.331400
16.228800
16.126500
16.024400
15.922600
15.821000
15.719700
15.618600
15.517900
15.417400
15.317100
15.217200
15.117600
15.018200
14.919200
14.820400
14.722100
14.623900
14.526200
14.428700
14.331600
14.234900
14.138500
14.042400
13.946800
13.851500
13.756500
13.661900
13.567800
13.474000
13.380600
13.287600
13.195000
13.102900
13.011100
12.919800
12.828900
12.738400
12.648500
12.558900
12.469800
12.381100
12.293000
12.205200
12.118000
12.031300
11.945000
11.859200
11.773900
11.689200
11.604900
11.521100
11.437900
11.355200
11.273000
11.191300
11.110200
11.029600
10.949500
10.869900
10.791000
10.712600
10.634700
10.557400
10.480700
10.404500
10.328900
10.253900
10.179500
10.105600
10.032300
9.959630
9.887450
9.815950
9.744970
9.674610
9.604830
9.535660
9.467070
9.399050
9.331650
9.264880
9.198620
9.132990
9.067980
9.003550
8.939680
8.876440
8.813760
8.751720
8.690180
8.629330
8.568990
8.509280
8.450080
8.391560
8.333560
8.276120
8.219260
8.163020
8.107290
8.052130
7.997540
7.943520
7.890070
7.837130
7.784760
7.732910
7.681620
7.630900
7.580640
7.530940
7.481820
7.433150
7.384990
7.337400
7.290270
7.243650
7.197540
7.151890
7.106810
7.062120
7.017950
6.974290
6.931030
6.888280
6.845980
6.804150
6.762710
6.721780
6.681310
6.641230
6.601560
6.562340
6.523570
6.485210
6.447240
6.409670
6.372500
6.335780
6.299410
6.263430
6.227860
6.192620
6.157780
6.123340
6.089250
6.055490
6.022080
5.989060
5.956390
5.924000
5.892010
5.860360
5.828990
5.797970
5.767290
5.736890
5.706840
5.677060
5.647610
5.618450
5.589590
5.561020
5.532740
5.504750
5.477040
5.449600
5.422440
5.395550
5.368920
5.342570
5.316460
5.290620
5.265020
5.239680
5.214580
5.189720
5.165100
5.140720
5.116580
5.092660
5.068970
5.045500
5.022260
4.999220
4.976410
4.953810
4.931420
4.909230
4.887250
4.865470
4.843880
4.822500
4.801270
4.780270
4.759460
4.738830
4.718390
4.698120
4.678030
4.658130
4.638390
4.618830
4.599440
4.580210
4.561150
4.542260
4.523520
4.504940
4.486520
4.468260
4.450150
4.432180
4.414370
4.396710
4.379190
4.361820
4.344590
4.327490
4.310540
4.293730
4.277040
4.260490
4.244080
4.227790
4.211630
4.195600
4.179700
4.163910
4.148260
4.132720
4.117300
4.102000
4.086820
4.071750
4.056800
4.041960
4.027230
4.012610
3.998100
3.983690
3.969400
3.955210
3.941120
3.927140
3.913250
3.899470
3.885790
3.872200
3.858720
3.845320
3.832020
3.818820
3.805710
3.792690
3.779760
3.766920
3.754170
3.741510
3.728930
3.716440
3.704040
3.691710
3.679480
3.667320
3.655250
3.643260
3.631340
3.619510
3.607750
3.596070
3.584470
3.572940
3.561490
3.550110
3.538800
3.527570
3.516400
3.505320
3.494290
3.483340
3.472460
3.461640
3.450900
3.440220
3.429610
3.419060
3.408570
3.398160
3.387800
3.377510
3.367280
3.357110
3.347010
3.336960
3.326970
3.317050
3.307180
3.297370
3.287610
3.277920
3.268280
3.258700
3.249170
3.239700
3.230290
3.220920
3.211620
3.202360
3.193160
3.184000
3.174910
3.165860
3.156860
3.147910
3.139020
3.130170
3.121360
3.112620
3.103910
3.095260
3.086650
3.078090
3.069580
3.061110
3.052680
3.044300
3.035970
3.027680
3.019440
3.011240
3.003080
2.994970
2.986890
2.978860
2.970870
2.962930
2.955020
2.947160
2.939330
2.931550
2.923810
2.916100
2.908430
2.900810
2.893220
2.885670
2.878160
2.870680
2.863250
2.855850
2.848480
2.841160
2.833860
2.826610
2.819390
2.812210
2.805060
2.797950
2.790870
2.783820
2.776810
2.769830
2.762890
2.755980
2.749100
2.742250
2.735440
2.728660
2.721910
2.715190
2.708500
2.701850
2.695230
2.688640
2.682070
2.675540
2.669040
2.662570
2.656120
2.649710
2.643330
2.636970
2.630650
2.624350
2.618080
2.611840
2.605630
2.599440
2.593290
2.587160
2.581050
2.574980
2.568930
2.562910
2.556910
2.550950
2.545000
2.539080
2.533190
2.527330
2.521490
2.515670
2.509880
2.504120
2.498380
2.492660
2.486970
2.481300
2.475660
2.470040
2.464440
2.458870
2.453320
2.447800
2.442300
2.436820
2.431360
2.425930
2.420510
2.415130
2.409760
2.404420
2.399090
2.393790
2.388520
2.383260
2.378020
2.372810
2.367620
2.362440
2.357290
2.352160
2.347050
2.341960
2.336890
2.331840
2.326810
2.321800
2.316820
2.311850
2.306900
2.301970
2.297060
2.292160
2.287300
2.282440
2.277610
2.272790
2.267990
2.263220
2.258460
2.253720
2.248990
2.244290
2.239600
2.234930
2.230280
2.225650
2.221030
2.216440
2.211860
2.207290
2.202750
2.198220
2.193710
2.189210
2.184730
2.180280
2.175830
2.171400
2.166990
2.162600
2.158220
2.153860
2.149510
2.145180
2.140860
2.136570
2.132280
2.128020
2.123760
2.119530
2.115310
2.111100
2.106910
2.102740
2.098580
2.094440
2.090300
2.086190
2.082090
2.078010
2.073930
2.069880
2.065840
2.061810
2.057800
2.053800
2.049810
2.045840
2.041890
2.037950
2.034020
2.030100
2.026200
2.022310
2.018440
2.014580
2.010730
2.006900
2.003080
1.999270
1.995480
1.991700
1.987930
1.984170
1.980430
1.976700
1.972990
1.969290
1.965590
1.961910
1.958250
1.954590
1.950960
1.947330
1.943710
1.940110
1.936520
1.932940
1.929370
1.925810
1.922270
1.918740
1.915220
1.911710
1.908210
1.904730
1.901260
1.897800
1.894350
1.890910
1.887480
1.884060
1.880660
1.877260
1.873880
1.870510
1.867150
1.863800
1.860470
1.857140
1.853820
1.850520
1.847220
1.843940
1.840660
1.837400
1.834150
1.830910
1.827680
1.824460
1.821250
1.818050
1.814850
1.811680
1.808510
1.805350
1.802200
1.799060
1.795930
1.792810
1.789700
1.786600
1.783510
1.780430
1.777360
1.774300
1.771250
1.768210
1.765180
1.762160
1.759150
1.756140
1.753150
1.750170
1.747190
1.744220
1.741270
1.738320
1.735380
1.732460
1.729540
1.726630
1.723730
1.720830
1.717950
1.715070
1.712210
1.709350
