1.135940
1.134060
1.132180
1.130310
1.128450
1.126610
1.124800
1.123770
1.125930
1.132500
1.144040
1.161280
1.186140
1.222110
1.273530
1.344750
1.439410
1.560030
1.707870
1.882930
2.084180
2.309740
2.557210
2.823880
3.106940
3.403640
3.711430
4.027940
4.351020
4.678720
5.009240
5.340890
5.672080
6.001530
6.327910
6.650350
6.968070
7.280510
7.587390
7.888440
8.183550
8.472650
8.755750
9.032910
9.304170
9.569660
9.829420
10.083600
10.332300
10.575600
10.813600
11.046400
11.274100
11.496700
11.714600
11.927500
12.135700
12.339200
12.538100
12.732400
12.922400
13.108000
13.289300
13.466200
13.639100
13.807800
13.972400
14.133100
14.289800
14.442700
14.591600
14.736900
14.878400
15.016300
15.150500
15.281200
15.408400
15.532100
15.652400
15.769200
15.882800
15.993100
16.100200
16.204000
16.304800
16.402400
16.497100
16.588600
16.677300
16.763000
16.845800
16.925700
17.002900
17.077300
17.148900
17.217900
17.284200
17.347900
17.409000
17.467500
17.523600
17.577200
17.628300
17.677000
17.723400
17.767400
17.809000
17.848500
17.885700
17.920600
17.953400
17.984100
18.012600
18.039000
18.063400
18.085800
18.106100
18.124500
18.140900
18.155500
18.168100
18.178900
18.187900
18.195000
18.200400
18.204100
18.205900
18.206200
18.204700
18.201600
18.196800
18.190600
18.182600
18.173200
18.162200
18.149800
18.135800
18.120400
18.103600
18.085300
18.065700
18.044800
18.022400
17.998800
17.973900
17.947600
17.920200
17.891500
17.861600
17.830500
17.798200
17.764800
17.730300
17.694600
17.657900
17.620100
17.581200
17.541300
17.500400
17.458500
17.415600
17.371800
17.327000
17.281400
17.234700
17.187300
17.138900
17.089800
17.039700
16.988900
16.937200
16.884800
16.831700
16.777800
16.723100
16.667800
16.611700
16.554900
16.497500
16.439400
16.380800
16.321400
16.261500
16.201000
16.139900
16.078300
16.016100
15.953400
15.890100
15.826400
15.762200
15.697500
15.632300
15.566700
15.500700
15.434300
15.367400
15.300200
15.232600
15.164600
15.096300
15.027700
14.958700
14.889400
14.819800
14.749900
14.679800
14.609400
14.538700
14.467800
14.396700
14.325400
14.253900
14.182200
14.110300
14.038300
13.966000
13.893700
13.821200
13.748700
13.676000
13.603200
13.530300
13.457400
13.384400
13.311300
13.238300
13.165100
13.092000
13.018800
12.945600
12.872500
12.799400
12.726300
12.653300
12.580300
12.507400
12.434600
12.361800
12.289100
12.216500
12.144100
12.071700
11.999500
11.927400
11.855500
11.783700
11.712200
11.640700
11.569500
11.498400
11.427600
11.356900
11.286500
11.216300
11.146300
11.076600
11.007100
10.937900
10.868900
10.800200
10.731800
10.663700
10.595800
10.528300
10.461100
10.394100
10.327500
10.261300
10.195300
10.129700
10.064400
9.999450
9.934880
9.870650
9.806810
9.743300
9.680180
9.617440
9.555100
9.493090
9.431530
9.370350
9.309510
9.249110
9.189150
9.129530
9.070360
9.011570
8.953230
8.895270
8.837760
8.780700
8.724020
8.667740
8.611950
8.556550
8.501600
8.447030
8.392910
8.339240
8.286010
8.233220
8.180820
8.128820
8.077310
8.026250
7.975570
7.925400
7.875610
7.826210
7.777320
7.728810
7.680750
7.633070
7.585900
7.539060
7.492720
7.446770
7.401200
7.356090
7.311360
7.267070
7.223180
7.179670
7.136610
7.093930
7.051650
7.009750
6.968300
6.927190
6.886460
6.846170
6.806220
6.766660
6.727490
6.688650
6.650250
6.612140
6.574470
6.537130
6.500120
6.463500
6.427220
6.391270
6.355710
6.320430
6.285530
6.250970
6.216740
6.182850
6.149230
6.116010
6.083060
6.050440
6.018100
5.986100
5.954370
5.922980
5.891910
5.861080
5.830570
5.800340
5.770400
5.740780
5.711390
5.682270
5.653490
5.624930
5.596650
5.568590
5.540830
5.513330
5.486080
5.459080
5.432330
5.405830
5.379570
5.353550
5.327770
5.302220
5.276910
5.251820
5.226960
5.202320
5.177910
5.153710
5.129730
5.105960
5.082410
5.059050
5.035910
5.012970
4.990220
4.967680
4.945330
4.923180
4.901220
4.879450
4.857860
4.836460
4.815240
4.794190
4.773330
4.752640
4.732120
4.711780
4.691610
4.671600
4.651760
4.632080
4.612560
4.593210
4.574000
4.554960
4.536070
4.517330
4.498740
4.480300
4.462010
4.443860
4.425850
4.407990
4.390260
4.372680
4.355230
4.337920
4.320740
4.303680
4.286770
4.269980
4.253320
4.236780
4.220370
4.204080
4.187910
4.171860
4.155940
4.140130
4.124430
4.108850
4.093390
4.078040
4.062800
4.047670
4.032640
4.017720
4.002920
3.988210
3.973610
3.959110
3.944720
3.930430
3.916230
3.902130
3.888130
3.874230
3.860420
3.846700
3.833080
3.819550
3.806120
3.792770
3.779510
3.766350
3.753260
3.740260
3.727360
3.714530
3.701790
3.689130
3.676550
3.664060
3.651640
3.639310
3.627060
3.614880
3.602780
3.590750
3.578810
3.566930
3.555140
3.543410
3.531750
3.520170
3.508660
3.497230
3.485860
3.474560
3.463320
3.452160
3.441060
3.430030
3.419070
3.408170
3.397340
3.386560
3.375860
3.365220
3.354640
3.344110
3.333660
3.323260
3.312920
3.302640
3.292420
3.282260
3.272160
3.262110
3.252120
3.242190
3.232310
3.222480
3.212720
3.203000
3.193340
3.183730
3.174180
3.164670
3.155220
3.145830
3.136480
3.127180
3.117930
3.108730
3.099590
3.090490
3.081430
3.072430
3.063480
3.054560
3.045700
3.036880
3.028110
3.019390
3.010710
3.002070
2.993480
2.984940
2.976430
2.967970
2.959550
2.951170
2.942850
2.934560
2.926300
2.918100
2.909930
2.901800
2.893720
2.885670
2.877660
2.869700
2.861770
2.853880
2.846020
2.838210
2.830430
2.822690
2.814990
2.807320
2.799700
2.792110
2.784550
2.777030
2.769540
2.762090
2.754680
2.747290
2.739950
2.732640
2.725360
2.718120
2.710900
2.703730
2.696580
2.689470
2.682380
2.675340
2.668320
2.661340
2.654380
2.647460
2.640570
2.633710
2.626870
2.620080
2.613310
2.606570
2.599860
2.593170
2.586520
2.579900
2.573310
2.566740
2.560200
2.553700
2.547220
2.540760
2.534340
2.527940
2.521570
2.515230
2.508910
2.502620
2.496360
2.490120
2.483910
2.477720
2.471570
2.465430
2.459330
2.453240
2.447190
2.441150
2.435140
2.429160
2.423200
2.417270
2.411360
2.405470
2.399610
2.393770
2.387950
2.382160
2.376400
2.370650
2.364930
2.359230
2.353550
2.347900
2.342260
2.336650
2.331070
2.325500
2.319950
2.314430
2.308930
2.303450
2.297990
2.292560
2.287140
2.281740
2.276360
2.271010
2.265680
2.260370
2.255070
2.249800
2.244550
2.239310
2.234100
2.228910
2.223730
2.218580
2.213440
2.208330
2.203230
2.198150
2.193090
2.188050
2.183030
2.178020
2.173040
2.168070
2.163120
2.158190
2.153280
2.148380
2.143500
2.138640
2.133800
2.128980
2.124170
2.119380
2.114610
2.109860
2.105120
2.100390
2.095690
2.091000
2.086330
2.081670
2.077030
2.072410
2.067790
2.063200
2.058630
2.054070
2.049530
2.045000
2.040490
2.036000
2.031520
2.027060
2.022610
2.018170
2.013760
2.009350
2.004960
2.000590
1.996240
1.991890
1.987560
1.983250
1.978950
1.974670
1.970400
1.966140
1.961900
1.957670
1.953460
1.949260
1.945080
1.940910
1.936750
1.932600
1.928480
1.924360
1.920260
1.916170
1.912100
1.908030
1.903980
1.899950
1.895930
1.891910
1.887920
1.883940
1.879970
1.876010
1.872070
1.868130
1.864220
1.860310
1.856420
1.852530
1.848660
1.844810
1.840960
1.837130
1.833310
1.829500
1.825700
1.821920
1.818150
1.814390
1.810640
1.806910
1.803180
1.799470
1.795770
1.792080
1.788400
1.784730
1.781080
1.777430
1.773800
1.770180
1.766570
1.762970
1.759380
1.755810
1.752240
1.748680
1.745140
1.741600
1.738080
1.734570
1.731070
1.727580
1.724100
1.720630
1.717170
1.713720
1.710290
1.706860
1.703440
1.700040
1.696640
1.693250
1.689870
1.686510
1.683150
1.679810
1.676470
1.673140
1.669830
1.666520
1.663220
1.659940
1.656660
1.653390
1.650130
1.646880
1.643640
1.640410
1.637190
1.633980
1.630780
1.627590
1.624410
1.621230
1.618070
1.614910
1.611770
1.608630
1.605500
1.602380
1.599270
1.596170
1.593080
1.590000
1.586920
1.583860
1.580800
1.577750
1.574720
1.571680
1.568660
1.565650
1.562640
1.559650
1.556660
1.553680
1.550710
1.547750
1.544800
1.541850
1.538910
1.535980
1.533060
1.530150
1.527240
1.524350
1.521460
1.518580
1.515700
1.512840
1.509990
1.507140
1.504300
1.501460
1.498640
1.495820
1.493010
1.490210
1.487420
1.484630
1.481850
1.479080
1.476320
1.473560
1.470810
1.468070
1.465340
1.462610
1.459890
1.457180
1.454480
1.451790
1.449100
1.446420
1.443740
1.441080
1.438410
1.435760
1.433120
1.430480
1.427850
1.425220
1.422610
1.419990
1.417390
1.414790
1.412200
1.409630
1.407050
1.404480
1.401920
1.399360
1.396820
1.394270
1.391740
1.389210
1.386690
1.384180
1.381670
1.379170
1.376680
1.374190
1.371700
1.369230
1.366760
1.364300
1.361850
1.359400
1.356950
1.354520
1.352080
1.349660
1.347240
1.344830
1.342430
1.340030
1.337640
1.335250
1.332880
1.330500
1.328140
1.325770
1.323420
1.321070
1.318720
1.316390
1.314060
1.311730
1.309420
1.307100
1.304790
1.302490
1.300200
1.297910
1.295630
1.293350
1.291080
1.288810
1.286550
1.284300
1.282050
1.279810
1.277570
1.275330
1.273110
1.270890
1.268680
1.266470
1.264260
1.262070
1.259870
1.257690
1.255500
1.253330
1.251160
1.248990
1.246840
1.244680
1.242530
1.240390
1.238250
1.236120
1.233990
1.231870
1.229760
1.227640
1.225540
1.223440
1.221340
1.219250
1.217160
1.215090
1.213010
1.210940
1.208880
1.206820
1.204760
1.202720
1.200670
1.198630
1.196600
1.194570
1.192550
1.190530
1.188520
1.186500
1.184500
1.182500
1.180510
1.178520
1.176540
1.174560
1.172580
1.170610
1.168650
1.166680
1.164730
1.162780
1.160830
1.158890
1.156960
1.155030
1.153100
1.151180
1.149260
1.147350
1.145440
1.143540
1.141640
1.139740
1.137850
1.135970
1.134090
1.132210
1.130340
1.128480
1.126640
1.124830
1.123790
1.125960
1.132530
1.144060
1.161310
1.186180
1.222140
1.273570
1.344780
1.439440
1.560050
1.707890
1.882940
2.084180
2.309740
2.557210
2.823870
3.106920
3.403620
3.711400
4.027890
4.350970
4.678680
5.009200
5.340840
5.672070
6.001450
6.327890
6.650320
6.968040
7.280470
7.587350
7.888400
8.183500
8.472590
8.755690
9.032840
9.304160
9.569650
9.829410
10.083600
10.332300
10.575600
10.813600
11.046400
11.274100
11.496800
11.714600
11.927500
12.135700
12.339200
12.538100
12.732600
12.922500
13.108100
13.289300
13.466300
13.639100
13.807900
13.972500
14.133200
14.290000
14.442800
14.591800
14.737000
14.878500
15.016500
15.150700
15.281400
15.408600
15.532300
15.652600
15.769400
15.883000
15.993300
16.100300
16.204200
16.305000
16.402700
16.497300
16.588900
16.677500
16.763200
16.846100
16.926000
17.003200
17.077500
17.149200
17.218200
17.284500
17.348200
17.409300
17.467900
17.523900
17.577500
17.628600
17.677400
17.723700
17.767700
17.809400
17.848900
17.886000
17.921100
17.953800
17.984500
18.013000
18.039500
18.063900
18.086200
18.106600
18.125000
18.141400
18.155900
18.168600
18.179400
18.188400
18.195500
18.200900
18.204500
18.206400
18.206700
18.205200
18.202100
18.197400
18.191100
18.183200
18.173800
18.162800
18.150300
18.136400
18.121000
18.104200
18.086000
18.066400
18.045400
18.023100
17.999400
17.974500
17.948300
17.920800
17.892200
17.862300
17.831200
17.798900
17.765500
17.731000
17.695300
17.658600
17.620800
17.581900
17.542100
17.501200
17.459300
17.416400
17.372500
17.327800
17.282100
17.235500
17.188100
17.139700
17.090500
17.040500
16.989700
16.938100
16.885700
16.832500
16.778600
16.723900
16.668500
16.612500
16.555700
16.498300
16.440300
16.381600
16.322300
16.262400
16.201900
16.140800
16.079100
16.016900
15.954200
15.891000
15.827200
15.763100
15.698400
15.633200
15.567600
15.501600
15.435200
15.368300
15.301100
15.233500
15.165500
15.097200
15.028600
14.959600
14.890300
14.820700
14.750900
14.680700
14.610300
14.539700
14.468800
14.397600
14.326400
14.254800
14.183100
14.111300
14.039200
13.967000
13.894700
13.822200
13.749600
13.676900
13.604100
13.531300
13.458300
13.385300
13.312300
13.239200
13.166100
13.092900
13.019800
12.946600
12.873500
12.800300
12.727300
12.654200
12.581300
12.508300
12.435500
12.362700
12.290100
12.217500
12.145000
12.072600
12.000500
11.928400
11.856400
11.784600
11.713100
11.641600
11.570400
11.499300
11.428500
11.357900
11.287400
11.217200
11.147200
11.077500
11.008000
10.938800
10.869800
10.801100
10.732700
10.664500
10.596700
10.529200
10.461900
10.395000
10.328400
10.262100
10.196100
10.130500
10.065200
10.000300
9.935700
9.871470
9.807630
9.744120
9.681000
9.618260
9.555870
9.493910
9.432290
9.371120
9.310330
9.249880
9.189920
9.130300
9.071130
9.012340
8.954000
8.896050
8.838540
8.781420
8.724740
8.668460
8.612670
8.557270
8.502260
8.447760
8.393640
8.339960
8.286680
8.233890
8.181490
8.129540
8.078030
8.026970
7.976300
7.926070
7.876280
7.826940
7.777990
7.729480
7.681420
7.633750
7.586520
7.539730
7.493340
7.447390
7.401820
7.356710
7.311980
7.267690
7.223800
7.180290
7.137230
7.094500
7.052220
7.010380
6.968870
6.927750
6.887020
6.846740
6.806790
6.767230
6.728000
6.689220
6.650770
6.612710
6.574980
6.537640
6.500630
6.464020
6.427730
6.391780
6.356170
6.320940
6.286050
6.251390
6.217160
6.183270
6.149650
6.116430
6.083480
6.050810
6.018520
5.986520
5.954790
5.923400
5.892280
5.861440
5.830940
5.800710
5.770770
5.741150
5.711760
5.682640
5.653800
5.625240
5.596960
5.568960
5.541180
5.513670
5.486420
5.459420
5.432670
5.406160
5.379900
5.353880
5.328090
5.302540
5.277220
5.252140
5.227270
5.202630
5.178210
5.154020
5.130030
5.106260
5.082700
5.059350
5.036200
5.013250
4.990510
4.967970
4.945610
4.923460
4.901490
4.879720
4.858130
4.836720
4.815500
4.794450
4.773590
4.752900
4.732380
4.712040
4.691860
4.671850
4.652010
4.632330
4.612810
4.593450
4.574250
4.555200
4.536310
4.517560
4.498970
4.480530
4.462230
4.444080
4.426080
4.408210
4.390490
4.372900
4.355450
4.338130
4.320950
4.303900
4.286980
4.270190
4.253520
4.236990
4.220570
4.204280
4.188120
4.172070
4.156140
4.140330
4.124630
4.109050
4.093580
4.078230
4.062990
4.047850
4.032830
4.017920
4.003100
3.988400
3.973800
3.959300
3.944900
3.930600
3.916410
3.902310
3.888310
3.874400
3.860590
3.846880
3.833260
3.819730
3.806290
3.792940
3.779680
3.766510
3.753430
3.740430
3.727520
3.714690
3.701950
3.689290
3.676710
3.664220
3.651800
3.639470
3.627210
3.615030
3.602930
3.590910
3.578950
3.567080
3.555280
3.543550
3.531900
3.520320
3.508810
3.497370
3.486000
3.474700
3.463460
3.452300
3.441200
3.430170
3.419210
3.408310
3.397470
3.386700
3.376000
3.365350
3.354770
3.344250
3.333790
3.323390
3.313050
3.302770
3.292550
3.282390
3.272280
3.262240
3.252250
3.242310
3.232430
3.222610
3.212840
3.203120
3.193460
3.183850
3.174300
3.164790
3.155340
3.145950
3.136600
3.127300
3.118050
3.108850
3.099700
3.090600
3.081550
3.072540
3.063590
3.054670
3.045810
3.036990
3.028230
3.019500
3.010820
3.002180
2.993590
2.985040
2.976540
2.968080
2.959660
2.951280
2.942950
2.934660
2.926410
2.918200
2.910030
2.901910
2.893820
2.885770
2.877760
2.869800
2.861860
2.853970
2.846120
2.838310
2.830530
2.822790
2.815090
2.807420
2.799790
2.792200
2.784650
2.777120
2.769640
2.762190
2.754770
2.747390
2.740050
2.732730
2.725450
2.718200
2.711000
2.703820
2.696670
2.689550
2.682480
2.675430
2.668410
2.661420
2.654470
2.647550
2.640650
2.633800
2.626960
2.620160
2.613390
2.606650
2.599940
2.593260
2.586610
2.579990
2.573390
2.566830
2.560290
2.553780
2.547300
2.540840
2.534420
2.528030
2.521650
2.515310
2.508990
2.502700
2.496440
2.490200
2.483990
2.477810
2.471650
2.465510
2.459410
2.453320
2.447260
2.441230
2.435220
2.429240
2.423280
2.417340
2.411440
2.405550
2.399690
2.393850
2.388030
2.382240
2.376470
2.370730
2.365000
2.359300
2.353620
2.347970
2.342340
2.336730
2.331140
2.325570
2.320020
2.314500
2.309000
2.303520
2.298070
2.292630
2.287210
2.281810
2.276440
2.271080
2.265750
2.260440
2.255140
2.249870
2.244610
2.239380
2.234170
2.228970
2.223800
2.218640
2.213510
2.208390
2.203300
2.198220
2.193160
2.188120
2.183090
2.178090
2.173100
2.168140
2.163190
2.158260
2.153340
2.148440
2.143570
2.138710
2.133860
2.129040
2.124240
2.119450
2.114670
2.109920
2.105180
2.100450
2.095750
2.091060
2.086390
2.081740
2.077100
2.072470
2.067870
2.063280
2.058700
2.054150
2.049600
2.045070
2.040570
2.036070
2.031590
2.027130
2.022680
2.018250
2.013830
2.009420
2.005040
2.000660
1.996310
1.991960
1.987630
1.983320
1.979020
1.974740
1.970470
1.966210
1.961970
1.957750
1.953530
1.949330
1.945150
1.940980
1.936820
1.932670
1.928550
1.924430
1.920330
1.916240
1.912160
1.908100
1.904050
1.900010
1.895990
1.891990
1.887970
1.883990
1.880020
1.876070
1.872120
1.868190
1.864270
1.860360
1.856470
1.852580
1.848720
1.844860
1.841020
1.837180
1.833360
1.829550
1.825760
1.821980
1.818200
1.814440
1.810700
1.806960
1.803230
1.799520
1.795820
1.792130
1.788450
1.784780
1.781130
1.777490
1.773850
1.770230
1.766620
1.763020
1.759430
1.755860
1.752290
1.748730
1.745190
1.741650
1.738130
1.734620
1.731120
1.727630
1.724150
1.720680
1.717220
1.713770
1.710330
1.706900
1.703490
1.700080
1.696690
1.693300
1.689920
1.686560
1.683200
1.679850
1.676520
1.673190
1.669870
1.666570
1.663270
1.659980
1.656700
1.653440
1.650180
1.646930
1.643690
1.640460
1.637240
1.634030
1.630830
1.627630
1.624450
1.621280
1.618110
1.614960
1.611810
1.608670
1.605550
1.602430
1.599320
1.596220
1.593130
1.590040
1.586970
1.583900
1.580850
1.577800
1.574760
1.571730
1.568710
1.565700
1.562690
1.559690
1.556710
1.553730
1.550750
1.547790
1.544840
1.541890
1.538950
1.536030
1.533100
1.530190
1.527290
1.524390
1.521500
1.518620
1.515750
1.512880
1.510030
1.507180
1.504340
1.501500
1.498680
1.495860
1.493050
1.490250
1.487460
1.484670
1.481900
1.479120
1.476360
1.473610
1.470860
1.468120
1.465380
1.462650
1.459940
1.457230
1.454520
1.451820
1.449140
1.446460
1.443780
1.441110
1.438460
1.435800
1.433160
1.430520
1.427890
1.425260
1.422640
1.420040
1.417430
1.414840
1.412250
1.409660
1.407090
1.404520
1.401960
1.399400
1.396860
1.394320
1.391780
1.389250
1.386730
1.384220
1.381710
1.379210
1.376710
1.374230
1.371740
1.369270
1.366800
1.364340
1.361880
1.359430
1.356990
1.354560
1.352120
1.349700
1.347280
1.344870
1.342470
1.340070
1.337680
1.335290
1.332910
1.330540
1.328170
1.325810
1.323460
1.321110
1.318760
1.316430
1.314100
1.311770
1.309450
1.307140
1.304830
1.302530
1.300240
1.297940
1.295660
1.293390
1.291110
1.288850
1.286590
1.284330
1.282090
1.279840
1.277600
1.275370
1.273150
1.270920
1.268710
1.266500
1.264300
1.262100
1.259910
1.257720
1.255540
1.253360
1.251190
1.249030
1.246870
1.244710
1.242570
1.240420
1.238280
1.236150
1.234030
1.231910
1.229790
1.227680
1.225570
1.223470
1.221380
1.219290
1.217200
1.215120
1.213050
1.210980
1.208910
1.206850
1.204800
1.202750
1.200710
1.198670
1.196630
1.194610
1.192580
1.190560
1.188550
1.186540
1.184530
1.182540
1.180540
1.178550
1.176570
1.174590
1.172610
1.170640
1.168680
1.166720
1.164760
1.162810
1.160870
1.158930
1.156990
1.155060
1.153130
1.151210
1.149290
1.147380
1.145470
1.143570
1.141670
1.139780
1.137880
1.136000
1.134120
1.132240
1.130380
1.128510
1.126670
1.124860
1.123820
1.125990
1.132560
1.144090
1.161340
1.186200
1.222170
1.273580
1.344790
1.439430
1.560050
1.707870
1.882920
2.084140
2.309690
2.557150
2.823810
3.106840
3.403540
3.711310
4.027800
4.350870
4.678570
5.009090
5.340730
5.671940
6.001370
6.327750
6.650180
6.967890
7.280380
7.587250
7.888290
8.183390
8.472480
8.755630
9.032780
9.304040
9.569580
9.829330
10.083500
10.332200
10.575500
10.813600
11.046400
11.274100
11.496800
11.714500
11.927500
12.135700
12.339200
12.538100
12.732600
12.922500
13.108100
13.289400
13.466400
13.639200
13.807900
13.972600
14.133300
14.290000
14.442800
14.591900
14.737200
14.878700
15.016500
15.150800
15.281500
15.408700
15.532400
15.652700
15.769600
15.883200
15.993400
16.100500
16.204400
16.305200
16.402900
16.497500
16.589100
16.677800
16.763400
16.846300
16.926200
17.003400
17.077800
17.149500
17.218500
17.284800
17.348500
17.409600
17.468200
17.524300
17.577800
17.629000
17.677700
17.724100
17.768100
17.809800
17.849300
17.886400
17.921400
17.954300
17.984900
18.013400
18.039900
18.064300
18.086700
18.107000
18.125400
18.141900
18.156400
18.169100
18.179900
18.188900
18.196000
18.201400
18.205100
18.207000
18.207200
18.205800
18.202700
18.198000
18.191600
18.183800
18.174400
18.163400
18.151000
18.137000
18.121600
18.104800
18.086600
18.067000
18.046000
18.023700
18.000100
17.975200
17.949000
17.921500
17.892900
17.863000
17.831900
17.799600
17.766200
17.731700
17.696100
17.659300
17.621500
17.582700
17.542800
17.501900
17.460000
17.417100
17.373400
17.328600
17.282900
17.236300
17.188800
17.140500
17.091400
17.041400
16.990500
16.938900
16.886500
16.833300
16.779400
16.724800
16.669400
16.613400
16.556600
16.499200
16.441200
16.382500
16.323200
16.263300
16.202800
16.141700
16.080000
16.017800
15.955200
15.891900
15.828200
15.764000
15.699300
15.634200
15.568600
15.502500
15.436100
15.369300
15.302100
15.234500
15.166500
15.098200
15.029500
14.960500
14.891200
14.821700
14.751800
14.681700
14.611300
14.540600
14.469700
14.398600
14.327300
14.255800
14.184100
14.112200
14.040200
13.968000
13.895700
13.823200
13.750600
13.677900
13.605100
13.532300
13.459300
13.386300
13.313300
13.240200
13.167000
13.093900
13.020800
12.947600
12.874500
12.801300
12.728200
12.655200
12.582200
12.509300
12.436500
12.363700
12.291000
12.218400
12.146000
12.073600
12.001400
11.929300
11.857400
11.785600
11.714000
11.642600
11.571300
11.500300
11.429400
11.358800
11.288300
11.218100
11.148100
11.078400
11.008900
10.939700
10.870700
10.802000
10.733600
10.665400
10.597600
10.530000
10.462800
10.395900
10.329200
10.262900
10.197000
10.131400
10.066100
10.001100
9.936570
9.872340
9.808440
9.744990
9.681810
9.619080
9.556690
9.494730
9.433110
9.371940
9.311100
9.250700
9.190690
9.131070
9.071900
9.013110
8.954770
8.896820
8.839260
8.782140
8.725460
8.669230
8.613390
8.558000
8.502990
8.448420
8.394310
8.340630
8.287400
8.234560
8.182170
8.130210
8.078710
8.027590
7.976970
7.926740
7.876960
7.827560
7.778610
7.730110
7.682040
7.634370
7.587140
7.540360
7.493960
7.447960
7.402450
7.357280
7.312550
7.268260
7.224370
7.180860
7.137750
7.095070
7.052790
7.010900
6.969390
6.928270
6.887550
6.847260
6.807310
6.767700
6.728520
6.689690
6.651240
6.613180
6.575450
6.538110
6.501100
6.464490
6.428210
6.392260
6.356640
6.321410
6.286460
6.251900
6.217680
6.183730
6.150170
6.116890
6.083940
6.051270
6.018980
5.986920
5.955250
5.923800
5.892740
5.861910
5.831400
5.801180
5.771230
5.741560
5.712160
5.683050
5.654210
5.625650
5.597370
5.569370
5.541580
5.514070
5.486810
5.459810
5.433050
5.406550
5.380280
5.354250
5.328460
5.302910
5.277590
5.252500
5.227630
5.202990
5.178560
5.154360
5.130380
5.106600
5.083040
5.059680
5.036530
5.013550
4.990810
4.968260
4.945910
4.923750
4.901780
4.880000
4.858410
4.837000
4.815780
4.794730
4.773860
4.753170
4.732650
4.712300
4.692120
4.672110
4.652260
4.632580
4.613060
4.593700
4.574490
4.555440
4.536550
4.517810
4.499220
4.480770
4.462470
4.444320
4.426310
4.408440
4.390720
4.373130
4.355670
4.338360
4.321170
4.304120
4.287200
4.270410
4.253740
4.237200
4.220780
4.204490
4.188320
4.172270
4.156340
4.140530
4.124830
4.109250
4.093780
4.078430
4.063190
4.048050
4.033030
4.018110
4.003300
3.988590
3.973990
3.959480
3.945090
3.930790
3.916590
3.902490
3.888490
3.874580
3.860770
3.847050
3.833430
3.819900
3.806460
3.793110
3.779850
3.766680
3.753600
3.740590
3.727690
3.714860
3.702110
3.689450
3.676880
3.664380
3.651960
3.639630
3.627370
3.615190
3.603090
3.591060
3.579110
3.567230
3.555430
3.543710
3.532050
3.520470
3.508950
3.497510
3.486150
3.474840
3.463610
3.452450
3.441340
3.430320
3.419350
3.408450
3.397610
3.386840
3.376130
3.365490
3.354910
3.344380
3.333920
3.323520
3.313180
3.302900
3.292680
3.282520
3.272410
3.262370
3.252370
3.242440
3.232560
3.222730
3.212970
3.203250
3.193590
3.183980
3.174420
3.164920
3.155470
3.146070
3.136720
3.127420
3.118170
3.108970
3.099820
3.090720
3.081670
3.072660
3.063700
3.054790
3.045930
3.037110
3.028340
3.019610
3.010930
3.002290
2.993700
2.985150
2.976650
2.968180
2.959770
2.951390
2.943060
2.934770
2.926520
2.918310
2.910140
2.902010
2.893920
2.885870
2.877870
2.869900
2.861970
2.854070
2.846220
2.838410
2.830630
2.822890
2.815190
2.807520
2.799890
2.792300
2.784740
2.777220
2.769740
2.762280
2.754870
2.747480
2.740140
2.732830
2.725550
2.718300
2.711090
2.703910
2.696770
2.689650
2.682570
2.675520
2.668500
2.661520
2.654560
2.647640
2.640750
2.633880
2.627050
2.620260
2.613480
2.606740
2.600030
2.593350
2.586700
2.580070
2.573480
2.566920
2.560380
2.553870
2.547380
2.540930
2.534510
2.528110
2.521740
2.515390
2.509070
2.502780
2.496520
2.490280
2.484070
2.477890
2.471730
2.465590
2.459480
2.453400
2.447340
2.441310
2.435300
2.429320
2.423360
2.417420
2.411510
2.405630
2.399770
2.393930
2.388110
2.382320
2.376550
2.370800
2.365080
2.359380
2.353700
2.348040
2.342410
2.336800
2.331210
2.325650
2.320100
2.314580
2.309080
2.303600
2.298140
2.292700
2.287280
2.281880
2.276510
2.271150
2.265820
2.260510
2.255210
2.249940
2.244680
2.239450
2.234240
2.229040
2.223870
2.218710
2.213580
2.208460
2.203360
2.198280
2.193220
2.188180
2.183160
2.178150
2.173170
2.168200
2.163250
2.158320
2.153410
2.148510
2.143640
2.138780
2.133930
2.129110
2.124300
2.119510
2.114740
2.109980
2.105240
2.100520
2.095820
2.091130
2.086450
2.081800
2.077160
2.072530
2.067930
2.063340
2.058770
2.054210
2.049660
2.045140
2.040630
2.036140
2.031650
2.027190
2.022740
2.018310
2.013890
2.009490
2.005100
2.000730
1.996370
1.992020
1.987700
1.983380
1.979080
1.974800
1.970530
1.966270
1.962030
1.957800
1.953590
1.949390
1.945210
1.941030
1.936880
1.932730
1.928600
1.924490
1.920380
1.916290
1.912220
1.908160
1.904110
1.900070
1.896050
1.892040
1.888040
1.884060
1.880090
1.876130
1.872190
1.868250
1.864340
1.860430
1.856530
1.852650
1.848780
1.844930
1.841080
1.837250
1.833430
1.829620
1.825820
1.822040
1.818270
1.814510
1.810760
1.807020
1.803300
1.799580
1.795880
1.792190
1.788510
1.784850
1.781190
1.777550
1.773910
1.770300
1.766680
1.763080
1.759490
1.755920
1.752350
1.748800
1.745250
1.741720
1.738200
1.734690
1.731180
1.727680
1.724200
1.720730
1.717270
1.713820
1.710380
1.706950
1.703540
1.700130
1.696740
1.693350
1.689970
1.686600
1.683250
1.679900
1.676570
1.673240
1.669920
1.666620
1.663320
1.660030
1.656750
1.653480
1.650220
1.646970
1.643740
1.640510
1.637280
1.634070
1.630870
1.627680
1.624500
1.621330
1.618160
1.615000
1.611860
1.608720
1.605590
1.602470
1.599360
1.596260
1.593170
1.590090
1.587020
1.583950
1.580890
1.577840
1.574800
1.571780
1.568750
1.565740
1.562740
1.559740
1.556750
1.553770
1.550800
1.547830
1.544880
1.541930
1.539000
1.536070
1.533150
1.530230
1.527330
1.524430
1.521540
1.518660
1.515790
1.512920
1.510070
1.507220
1.504380
1.501550
1.498720
1.495910
1.493090
1.490290
1.487500
1.484720
1.481940
1.479160
1.476400
1.473650
1.470900
1.468160
1.465420
1.462700
1.459980
1.457270
1.454560
1.451870
1.449180
1.446500
1.443820
1.441150
1.438500
1.435840
1.433200
1.430560
1.427930
1.425300
1.422690
1.420070
1.417470
1.414880
1.412290
1.409710
1.407130
1.404560
1.402000
1.399440
1.396890
1.394350
1.391820
1.389290
1.386770
1.384260
1.381750
1.379250
1.376750
1.374260
1.371790
1.369310
1.366840
1.364380
1.361920
1.359470
1.357030
1.354590
1.352170
1.349740
1.347320
1.344910
1.342510
1.340110
1.337710
1.335330
1.332950
1.330570
1.328210
1.325850
1.323500
1.321150
1.318800
1.316460
1.314130
1.311810
1.309490
1.307180
1.304870
1.302570
1.300270
1.297980
1.295700
1.293420
1.291150
1.288890
1.286620
1.284370
1.282120
1.279880
1.277640
1.275410
1.273180
1.270960
1.268740
1.266540
1.264330
1.262140
1.259940
1.257760
1.255580
1.253400
1.251230
1.249060
1.246900
1.244750
1.242600
1.240460
1.238320
1.236190
1.234060
1.231940
1.229820
1.227710
1.225610
1.223510
1.221410
1.219320
1.217240
1.215150
1.213080
1.211010
1.208950
1.206890
1.204830
1.202790
1.200740
1.198700
1.196670
1.194640
1.192610
1.190600
1.188580
1.186570
1.184570
1.182570
1.180580
1.178590
1.176600
1.174620
1.172650
1.170680
1.168720
1.166750
1.164800
1.162850
1.160900
1.158960
1.157030
1.155090
1.153160
1.151240
1.149320
1.147410
1.145510
1.143600
1.141700
1.139810
1.137920
1.136030
