11.075100
11.075100
11.075100
11.075100
11.075100
11.075100
11.077800
11.078500
11.078400
11.078300
11.078300
11.078200
11.078100
11.078000
11.078000
11.077900
11.077800
11.077800
11.077700
11.077700
11.077600
11.077600
11.077600
11.077500
11.077500
11.077500
11.077500
11.077500
11.077500
11.077500
11.077500
11.077500
11.077500
11.077600
11.077600
11.077600
11.077700
11.077700
11.077700
11.077800
11.077800
11.077900
11.077900
11.078000
11.078000
11.078100
11.078100
11.078200
11.078200
11.078300
11.078300
11.078400
11.078400
11.078500
11.078600
11.078600
11.078700
11.078700
11.078800
11.078900
11.078900
11.079000
11.079000
11.079100
11.079200
11.079200
11.079300
11.079400
11.079400
11.079500
11.079500
11.079600
11.079700
11.079700
11.079800
11.079900
11.079900
11.080000
11.080000
11.080100
11.080200
11.080200
11.080300
11.080300
11.080400
11.080400
11.080500
11.080600
11.080600
11.080700
11.080700
11.080800
11.080800
11.080900
11.080900
11.081000
11.081000
11.081100
11.081100
11.081200
11.081200
11.081300
11.081300
11.081400
11.081400
11.081500
11.081500
11.081600
11.081600
11.081700
11.081700
11.081800
11.081800
11.081800
11.081900
11.081900
11.082000
11.082000
11.082000
11.082100
11.082100
11.082200
11.082200
11.082200
11.082300
11.082300
11.082300
11.082400
11.082400
11.082400
11.082500
11.082500
11.082600
11.082600
11.082600
11.082600
11.082700
11.082700
11.082700
11.082800
11.082800
11.082800
11.082900
11.082900
11.082900
11.082900
11.083000
11.083000
11.083000
11.083000
11.083100
11.083100
11.083100
11.083100
11.083200
11.083200
11.083200
11.083200
11.083300
11.083300
11.083300
11.083300
11.083400
11.083400
11.083400
11.083400
11.083400
11.083500
11.083500
11.083500
11.083500
11.083500
11.083500
11.083600
11.083600
11.083600
11.083600
11.083600
11.083700
11.083700
11.083700
11.083700
11.083700
11.083700
11.083700
11.083800
11.083800
11.083800
11.083800
11.083800
11.083800
11.083800
11.083800
11.083900
11.083900
11.083900
11.083900
11.083900
11.083900
11.083900
11.083900
11.084000
11.084000
11.084000
11.084000
11.084000
11.084000
11.084000
11.084000
11.084000
11.084000
11.084000
11.084100
11.084100
11.084100
11.084100
11.084100
11.084100
11.084100
11.084100
11.084100
11.084100
11.084100
11.084100
11.084100
11.084100
11.084100
11.084100
11.084200
11.084200
11.084200
11.084200
11.084200
11.084200
11.084200
11.084200
11.084200
11.084200
11.084200
11.084200
11.084200
11.084200
11.084200
11.084200
11.084200
11.084200
11.084200
11.084200
11.084200
11.084200
11.084200
11.084200
11.084200
11.084200
11.084200
11.084200
11.084200
11.084200
11.084200
11.084200
11.084200
11.084200
11.084200
11.084200
11.084200
11.084200
11.084200
11.084200
11.084200
11.084200
11.084200
11.084200
11.084200
11.084200
11.084200
11.084200
11.084200
11.084200
11.084200
11.084200
11.084200
11.084200
11.084200
11.084200
11.084200
11.084200
11.084200
11.084200
11.084200
11.084200
11.084200
11.084200
11.084200
11.084200
11.084200
11.084200
11.084200
11.084200
11.084200
11.084200
11.084200
11.084200
11.084200
11.084100
11.084100
11.084100
11.084100
11.084100
11.084100
11.084100
11.084100
11.084100
11.084100
11.084100
11.084100
11.084100
11.084100
11.084100
11.084100
11.084100
11.084100
11.084100
11.084100
11.084100
11.084000
11.084000
11.084000
11.084000
11.084000
11.084000
11.084000
11.084000
11.084000
11.084000
11.084000
11.084000
11.084000
11.084000
11.084000
11.084000
11.083900
11.083900
11.083900
11.083900
11.083900
11.083900
11.083900
11.083900
11.083900
11.083900
11.083900
11.083900
11.083900
11.083900
11.083800
11.083800
11.083800
11.083800
11.083800
11.083800
11.083800
11.083800
11.083800
11.083800
11.083800
11.083800
11.083800
11.083700
11.083700
11.083700
11.083700
11.083700
11.083700
11.083700
11.083700
11.083700
11.083700
11.083700
11.083700
11.083600
11.083600
11.083600
11.083600
11.083600
11.083600
11.083600
11.083600
11.083600
11.083600
11.083600
11.083500
11.083500
11.083500
11.083500
11.083500
11.083500
11.083500
11.083500
11.083500
11.083500
11.083500
11.083400
11.083400
11.083400
11.083400
11.083400
11.083400
11.083400
11.083400
11.083400
11.083400
11.083300
11.083300
11.083300
11.083300
11.083300
11.083300
11.083300
11.083300
11.083300
11.083300
11.083200
11.083200
11.083200
11.083200
11.083200
11.083200
11.083200
11.083200
11.083200
11.083200
11.083100
11.083100
11.083100
11.083100
11.083100
11.083100
11.083100
11.083100
11.083100
11.083000
11.083000
11.083000
11.083000
11.083000
11.083000
11.083000
11.083000
11.083000
11.082900
11.082900
11.082900
11.082900
11.082900
11.082900
11.082900
11.082900
11.082900
11.082800
11.082800
11.082800
11.082800
11.082800
11.082800
11.082800
11.082800
11.082800
11.082700
11.082700
11.082700
11.082700
11.082700
11.082700
11.082700
11.082700
11.082600
11.082600
11.082600
11.082600
11.082600
11.082600
11.082600
11.082600
11.082600
11.082500
11.082500
11.082500
11.082500
11.082500
11.082500
11.082500
11.082500
11.082400
11.082400
11.082400
11.082400
11.082400
11.082400
11.082400
11.082400
11.082300
11.082300
11.082300
11.082300
11.082300
11.082300
11.082300
11.082300
11.082300
11.082200
11.082200
11.082200
11.082200
11.082200
11.082200
11.082200
11.082200
11.082100
11.082100
11.082100
11.082100
11.082100
11.082100
11.082100
11.082000
11.082000
11.082000
11.082000
11.082000
11.082000
11.082000
11.082000
11.081900
11.081900
11.081900
11.081900
11.081900
11.081900
11.081900
11.081900
11.081800
11.081800
11.081800
11.081800
11.081800
11.081800
11.081800
11.081800
11.081700
11.081700
11.081700
11.081700
11.081700
11.081700
11.081700
11.081600
11.081600
11.081600
11.081600
11.081600
11.081600
11.081600
11.081600
11.081500
11.081500
11.081500
11.081500
11.081500
11.081500
11.081500
11.081500
11.081400
11.081400
11.081400
11.081400
11.081400
11.081400
11.081400
11.081300
11.081300
11.081300
11.081300
11.081300
11.081300
11.081300
11.081200
11.081200
11.081200
11.081200
11.081200
11.081200
11.081200
11.081200
11.081100
11.081100
11.081100
11.081100
11.081100
11.081100
11.081100
11.081000
11.081000
11.081000
11.081000
11.081000
11.081000
11.081000
11.080900
11.080900
11.080900
11.080900
11.080900
11.080900
11.080900
11.080900
11.080800
11.080800
11.080800
11.080800
11.080800
11.080800
11.080800
11.080700
11.080700
11.080700
11.080700
11.080700
11.080700
11.080700
11.080600
11.080600
11.080600
11.080600
11.080600
11.080600
11.080600
11.080500
11.080500
11.080500
11.080500
11.080500
11.080500
11.080500
11.080400
11.080400
11.080400
11.080400
11.080400
11.080400
11.080400
11.080400
11.080300
11.080300
11.080300
11.080300
11.080300
11.080300
11.080300
11.080200
11.080200
11.080200
11.080200
11.080200
11.080200
11.080200
11.080100
11.080100
11.080100
11.080100
11.080100
11.080100
11.080100
11.080000
11.080000
11.080000
11.080000
11.080000
11.080000
11.080000
11.079900
11.079900
11.079900
11.079900
11.079900
11.079900
11.079900
11.079800
11.079800
11.079800
11.079800
11.079800
11.079800
11.079800
11.079700
11.079700
11.079700
11.079700
11.079700
11.079700
11.079700
11.079600
11.079600
11.079600
11.079600
11.079600
11.079600
11.079500
11.079500
11.079500
11.079500
11.079500
11.079500
11.079500
11.079400
11.079400
11.079400
11.079400
11.079400
11.079400
11.079400
11.079300
11.079300
11.079300
11.079300
11.079300
11.079300
11.079300
11.079200
11.079200
11.079200
11.079200
11.079200
11.079200
11.079200
11.079100
11.079100
11.079100
11.079100
11.079100
11.079100
11.079100
11.079000
11.079000
11.079000
11.079000
11.079000
11.079000
11.079000
11.078900
11.078900
11.078900
11.078900
11.078900
11.078900
11.078800
11.078800
11.078800
11.078800
11.078800
11.078800
11.078800
11.078700
11.078700
11.078700
11.078700
11.078700
11.078700
11.078700
11.078600
11.078600
11.078600
11.078600
11.078600
11.078600
11.078600
11.078500
11.078500
11.078500
11.078500
11.078500
11.078500
11.078400
11.078400
11.078400
11.078400
11.078400
11.078400
11.078400
11.078300
11.078300
11.078300
11.078300
11.078300
11.078300
11.078300
11.078200
11.078200
11.078200
11.078200
11.078200
11.078200
11.078200
11.078100
11.078100
11.078100
11.078100
11.078100
11.078100
11.078000
11.078000
11.078000
11.078000
11.078000
11.078000
11.078000
11.077900
11.077900
11.077900
11.077900
11.077900
11.077900
11.077900
11.077800
11.077800
11.077800
11.077800
11.077800
11.077800
11.077800
11.077700
11.077700
11.077700
11.077700
11.077700
11.077700
11.077600
11.077600
11.077600
11.077600
11.077600
11.077600
11.077600
11.077500
11.077500
11.077500
11.077500
11.077500
11.077500
11.077500
11.077400
11.077400
11.077400
11.077400
11.077400
11.077400
11.077300
11.077300
11.077300
11.077300
11.077300
11.077300
11.077300
11.077200
11.077200
11.077200
11.077200
11.077200
11.077200
11.077100
11.077100
11.077100
11.077100
11.077100
11.077100
11.077100
11.077000
11.077000
11.077000
11.077000
11.077000
11.077000
11.077000
11.076900
11.076900
11.076900
11.076900
11.076900
11.076900
11.076800
11.076800
11.076800
11.076800
11.076800
11.076800
11.076800
11.076700
11.076700
11.076700
11.076700
11.076700
11.076700
11.076700
11.076600
11.076600
11.076600
11.076600
11.076600
11.076600
11.076500
11.076500
11.076500
11.076500
11.076500
11.076500
11.076500
11.076400
11.076400
11.076400
11.076400
11.076400
11.076400
11.076300
11.076300
11.076300
11.076300
11.076300
11.076300
11.076300
11.076200
11.076200
11.076200
11.076200
11.076200
11.076200
11.076200
11.076100
11.076100
11.076100
11.076100
11.076100
11.076100
11.076000
11.076000
11.076000
11.076000
11.076000
11.076000
11.076000
11.075900
11.075900
11.075900
11.075900
11.075900
11.075900
11.075800
11.075800
11.075800
11.075800
11.075800
11.075800
11.075800
11.075700
11.075700
11.075700
11.075700
11.075700
11.075700
11.075700
11.075600
11.075600
11.075600
11.075600
11.075600
11.075600
11.075500
11.075500
11.075500
11.075500
11.075500
11.075500
11.075500
11.075400
11.075400
11.075400
11.075400
11.075400
11.075400
11.075300
11.075300
11.075300
11.075300
11.075300
11.075300
11.075300
11.075200
11.075200
11.075200
11.075200
11.075200
11.075200
11.075100
11.075100
11.075100
11.075100
11.075100
11.075100
11.077800
11.078500
11.078400
11.078300
11.078300
11.078200
11.078100
11.078000
11.078000
11.077900
11.077800
11.077800
11.077700
11.077700
11.077600
11.077600
11.077600
11.077500
11.077500
11.077500
11.077500
11.077500
11.077500
11.077500
11.077500
11.077500
11.077500
11.077600
11.077600
11.077600
11.077700
11.077700
11.077700
11.077800
11.077800
11.077900
11.077900
11.078000
11.078000
11.078100
11.078100
11.078200
11.078200
11.078300
11.078300
11.078400
11.078400
11.078500
11.078600
11.078600
11.078700
11.078700
11.078800
11.078900
11.078900
11.079000
11.079000
11.079100
11.079200
11.079200
11.079300
11.079400
11.079400
11.079500
11.079500
11.079600
11.079700
11.079700
11.079800
11.079900
11.079900
11.080000
11.080000
11.080100
11.080200
11.080200
11.080300
11.080300
11.080400
11.080400
11.080500
11.080600
11.080600
11.080700
11.080700
11.080800
11.080800
11.080900
11.080900
11.081000
11.081000
11.081100
11.081100
11.081200
11.081200
11.081300
11.081300
11.081400
11.081400
11.081500
11.081500
11.081600
11.081600
11.081700
11.081700
11.081800
11.081800
11.081800
11.081900
11.081900
11.082000
11.082000
11.082000
11.082100
11.082100
11.082200
11.082200
11.082200
11.082300
11.082300
11.082300
11.082400
11.082400
11.082500
11.082500
11.082500
11.082600
11.082600
11.082600
11.082600
11.082700
11.082700
11.082700
11.082800
11.082800
11.082800
11.082900
11.082900
11.082900
11.082900
11.083000
11.083000
11.083000
11.083100
11.083100
11.083100
11.083100
11.083200
11.083200
11.083200
11.083200
11.083200
11.083300
11.083300
11.083300
11.083300
11.083400
11.083400
11.083400
11.083400
11.083400
11.083500
11.083500
11.083500
11.083500
11.083500
11.083600
11.083600
11.083600
11.083600
11.083600
11.083600
11.083700
11.083700
11.083700
11.083700
11.083700
11.083700
11.083700
11.083800
11.083800
11.083800
11.083800
11.083800
11.083800
11.083800
11.083900
11.083900
11.083900
11.083900
11.083900
11.083900
11.083900
11.083900
11.083900
11.084000
11.084000
11.084000
11.084000
11.084000
11.084000
11.084000
11.084000
11.084000
11.084000
11.084000
11.084100
11.084100
11.084100
11.084100
11.084100
11.084100
11.084100
11.084100
11.084100
11.084100
11.084100
11.084100
11.084100
11.084100
11.084100
11.084200
11.084200
11.084200
11.084200
11.084200
11.084200
11.084200
11.084200
11.084200
11.084200
11.084200
11.084200
11.084200
11.084200
11.084200
11.084200
11.084200
11.084200
11.084200
11.084200
11.084200
11.084200
11.084200
11.084200
11.084200
11.084200
11.084200
11.084200
11.084200
11.084200
11.084200
11.084200
11.084200
11.084200
11.084200
11.084200
11.084200
11.084200
11.084200
11.084200
11.084200
11.084200
11.084200
11.084200
11.084200
11.084200
11.084200
11.084200
11.084200
11.084200
11.084200
11.084200
11.084200
11.084200
11.084200
11.084200
11.084200
11.084200
11.084200
11.084200
11.084200
11.084200
11.084200
11.084200
11.084200
11.084200
11.084200
11.084200
11.084200
11.084200
11.084200
11.084200
11.084200
11.084200
11.084200
11.084200
11.084200
11.084100
11.084100
11.084100
11.084100
11.084100
11.084100
11.084100
11.084100
11.084100
11.084100
11.084100
11.084100
11.084100
11.084100
11.084100
11.084100
11.084100
11.084100
11.084100
11.084100
11.084000
11.084000
11.084000
11.084000
11.084000
11.084000
11.084000
11.084000
11.084000
11.084000
11.084000
11.084000
11.084000
11.084000
11.084000
11.084000
11.083900
11.083900
11.083900
11.083900
11.083900
11.083900
11.083900
11.083900
11.083900
11.083900
11.083900
11.083900
11.083900
11.083900
11.083900
11.083800
11.083800
11.083800
11.083800
11.083800
11.083800
11.083800
11.083800
11.083800
11.083800
11.083800
11.083800
11.083700
11.083700
11.083700
11.083700
11.083700
11.083700
11.083700
11.083700
11.083700
11.083700
11.083700
11.083700
11.083600
11.083600
11.083600
11.083600
11.083600
11.083600
11.083600
11.083600
11.083600
11.083600
11.083600
11.083600
11.083500
11.083500
11.083500
11.083500
11.083500
11.083500
11.083500
11.083500
11.083500
11.083500
11.083400
11.083400
11.083400
11.083400
11.083400
11.083400
11.083400
11.083400
11.083400
11.083400
11.083300
11.083300
11.083300
11.083300
11.083300
11.083300
11.083300
11.083300
11.083300
11.083300
11.083200
11.083200
11.083200
11.083200
11.083200
11.083200
11.083200
11.083200
11.083200
11.083200
11.083100
11.083100
11.083100
11.083100
11.083100
11.083100
11.083100
11.083100
11.083100
11.083000
11.083000
11.083000
11.083000
11.083000
11.083000
11.083000
11.083000
11.083000
11.082900
11.082900
11.082900
11.082900
11.082900
11.082900
11.082900
11.082900
11.082900
11.082800
11.082800
11.082800
11.082800
11.082800
11.082800
11.082800
11.082800
11.082800
11.082700
11.082700
11.082700
11.082700
11.082700
11.082700
11.082700
11.082700
11.082700
11.082600
11.082600
11.082600
11.082600
11.082600
11.082600
11.082600
11.082600
11.082500
11.082500
11.082500
11.082500
11.082500
11.082500
11.082500
11.082500
11.082400
11.082400
11.082400
11.082400
11.082400
11.082400
11.082400
11.082400
11.082400
11.082300
11.082300
11.082300
11.082300
11.082300
11.082300
11.082300
11.082300
11.082200
11.082200
11.082200
11.082200
11.082200
11.082200
11.082200
11.082200
11.082100
11.082100
11.082100
11.082100
11.082100
11.082100
11.082100
11.082100
11.082000
11.082000
11.082000
11.082000
11.082000
11.082000
11.082000
11.081900
11.081900
11.081900
11.081900
11.081900
11.081900
11.081900
11.081900
11.081800
11.081800
11.081800
11.081800
11.081800
11.081800
11.081800
11.081800
11.081700
11.081700
11.081700
11.081700
11.081700
11.081700
11.081700
11.081700
11.081600
11.081600
11.081600
11.081600
11.081600
11.081600
11.081600
11.081500
11.081500
11.081500
11.081500
11.081500
11.081500
11.081500
11.081500
11.081400
11.081400
11.081400
11.081400
11.081400
11.081400
11.081400
11.081300
11.081300
11.081300
11.081300
11.081300
11.081300
11.081300
11.081300
11.081200
11.081200
11.081200
11.081200
11.081200
11.081200
11.081200
11.081100
11.081100
11.081100
11.081100
11.081100
11.081100
11.081100
11.081000
11.081000
11.081000
11.081000
11.081000
11.081000
11.081000
11.081000
11.080900
11.080900
11.080900
11.080900
11.080900
11.080900
11.080900
11.080800
11.080800
11.080800
11.080800
11.080800
11.080800
11.080800
11.080700
11.080700
11.080700
11.080700
11.080700
11.080700
11.080700
11.080600
11.080600
11.080600
11.080600
11.080600
11.080600
11.080600
11.080500
11.080500
11.080500
11.080500
11.080500
11.080500
11.080500
11.080500
11.080400
11.080400
11.080400
11.080400
11.080400
11.080400
11.080400
11.080300
11.080300
11.080300
11.080300
11.080300
11.080300
11.080300
11.080200
11.080200
11.080200
11.080200
11.080200
11.080200
11.080200
11.080100
11.080100
11.080100
11.080100
11.080100
11.080100
11.080100
11.080000
11.080000
11.080000
11.080000
11.080000
11.080000
11.080000
11.079900
11.079900
11.079900
11.079900
11.079900
11.079900
11.079900
11.079800
11.079800
11.079800
11.079800
11.079800
11.079800
11.079800
11.079700
11.079700
11.079700
11.079700
11.079700
11.079700
11.079700
11.079600
11.079600
11.079600
11.079600
11.079600
11.079600
11.079600
11.079500
11.079500
11.079500
11.079500
11.079500
11.079500
11.079400
11.079400
11.079400
11.079400
11.079400
11.079400
11.079400
11.079300
11.079300
11.079300
11.079300
11.079300
11.079300
11.079300
11.079200
11.079200
11.079200
11.079200
11.079200
11.079200
11.079200
11.079100
11.079100
11.079100
11.079100
11.079100
11.079100
11.079100
11.079000
11.079000
11.079000
11.079000
11.079000
11.079000
11.079000
11.078900
11.078900
11.078900
11.078900
11.078900
11.078900
11.078800
11.078800
11.078800
11.078800
11.078800
11.078800
11.078800
11.078700
11.078700
11.078700
11.078700
11.078700
11.078700
11.078700
11.078600
11.078600
11.078600
11.078600
11.078600
11.078600
11.078600
11.078500
11.078500
11.078500
11.078500
11.078500
11.078500
11.078500
11.078400
11.078400
11.078400
11.078400
11.078400
11.078400
11.078300
11.078300
11.078300
11.078300
11.078300
11.078300
11.078300
11.078200
11.078200
11.078200
11.078200
11.078200
11.078200
11.078200
11.078100
11.078100
11.078100
11.078100
11.078100
11.078100
11.078100
11.078000
11.078000
11.078000
11.078000
11.078000
11.078000
11.077900
11.077900
11.077900
11.077900
11.077900
11.077900
11.077900
11.077800
11.077800
11.077800
11.077800
11.077800
11.077800
11.077800
11.077700
11.077700
11.077700
11.077700
11.077700
11.077700
11.077600
11.077600
11.077600
11.077600
11.077600
11.077600
11.077600
11.077500
11.077500
11.077500
11.077500
11.077500
11.077500
11.077500
11.077400
11.077400
11.077400
11.077400
11.077400
11.077400
11.077300
11.077300
11.077300
11.077300
11.077300
11.077300
11.077300
11.077200
11.077200
11.077200
11.077200
11.077200
11.077200
11.077200
11.077100
11.077100
11.077100
11.077100
11.077100
11.077100
11.077000
11.077000
11.077000
11.077000
11.077000
11.077000
11.077000
11.076900
11.076900
11.076900
11.076900
11.076900
11.076900
11.076800
11.076800
11.076800
11.076800
11.076800
11.076800
11.076800
11.076700
11.076700
11.076700
11.076700
11.076700
11.076700
11.076700
11.076600
11.076600
11.076600
11.076600
11.076600
11.076600
11.076500
11.076500
11.076500
11.076500
11.076500
11.076500
11.076500
11.076400
11.076400
11.076400
11.076400
11.076400
11.076400
11.076400
11.076300
11.076300
11.076300
11.076300
11.076300
11.076300
11.076200
11.076200
11.076200
11.076200
11.076200
11.076200
11.076200
11.076100
11.076100
11.076100
11.076100
11.076100
11.076100
11.076000
11.076000
11.076000
11.076000
11.076000
11.076000
11.076000
11.075900
11.075900
11.075900
11.075900
11.075900
11.075900
11.075800
11.075800
11.075800
11.075800
11.075800
11.075800
11.075800
11.075700
11.075700
11.075700
11.075700
11.075700
11.075700
11.075700
11.075600
11.075600
11.075600
11.075600
11.075600
11.075600
11.075500
11.075500
11.075500
11.075500
11.075500
11.075500
11.075500
11.075400
11.075400
11.075400
11.075400
11.075400
11.075400
11.075300
11.075300
11.075300
11.075300
11.075300
11.075300
11.075300
11.075200
11.075200
11.075200
11.075200
11.075200
11.075200
11.075100
11.075100
11.075100
11.075100
11.075100
11.075100
11.077800
11.078500
11.078400
11.078300
11.078300
11.078200
11.078100
11.078000
11.078000
11.077900
11.077800
11.077800
11.077700
11.077700
11.077600
11.077600
11.077600
11.077500
11.077500
11.077500
11.077500
11.077500
11.077500
11.077500
11.077500
11.077500
11.077500
11.077600
11.077600
11.077600
11.077700
11.077700
11.077700
11.077800
11.077800
11.077900
11.077900
11.078000
11.078000
11.078100
11.078100
11.078200
11.078200
11.078300
11.078300
11.078400
11.078400
11.078500
11.078600
11.078600
11.078700
11.078700
11.078800
11.078900
11.078900
11.079000
11.079000
11.079100
11.079200
11.079200
11.079300
11.079400
11.079400
11.079500
11.079500
11.079600
11.079700
11.079700
11.079800
11.079900
11.079900
11.080000
11.080000
11.080100
11.080200
11.080200
11.080300
11.080300
11.080400
11.080400
11.080500
11.080600
11.080600
11.080700
11.080700
11.080800
11.080800
11.080900
11.080900
11.081000
11.081000
11.081100
11.081100
11.081200
11.081200
11.081300
11.081300
11.081400
11.081400
11.081500
11.081500
11.081600
11.081600
11.081700
11.081700
11.081800
11.081800
11.081800
11.081900
11.081900
11.082000
11.082000
11.082000
11.082100
11.082100
11.082200
11.082200
11.082200
11.082300
11.082300
11.082300
11.082400
11.082400
11.082500
11.082500
11.082500
11.082600
11.082600
11.082600
11.082700
11.082700
11.082700
11.082700
11.082800
11.082800
11.082800
11.082900
11.082900
11.082900
11.082900
11.083000
11.083000
11.083000
11.083100
11.083100
11.083100
11.083100
11.083200
11.083200
11.083200
11.083200
11.083200
11.083300
11.083300
11.083300
11.083300
11.083400
11.083400
11.083400
11.083400
11.083400
11.083500
11.083500
11.083500
11.083500
11.083500
11.083600
11.083600
11.083600
11.083600
11.083600
11.083600
11.083700
11.083700
11.083700
11.083700
11.083700
11.083700
11.083700
11.083800
11.083800
11.083800
11.083800
11.083800
11.083800
11.083800
11.083900
11.083900
11.083900
11.083900
11.083900
11.083900
11.083900
11.083900
11.083900
11.084000
11.084000
11.084000
11.084000
11.084000
11.084000
11.084000
11.084000
11.084000
11.084000
11.084000
11.084100
11.084100
11.084100
11.084100
11.084100
11.084100
11.084100
11.084100
11.084100
11.084100
11.084100
11.084100
11.084100
11.084100
11.084100
11.084200
11.084200
11.084200
11.084200
11.084200
11.084200
11.084200
11.084200
11.084200
11.084200
11.084200
11.084200
11.084200
11.084200
11.084200
11.084200
11.084200
11.084200
11.084200
11.084200
11.084200
11.084200
11.084200
11.084200
11.084200
11.084200
11.084200
11.084200
11.084200
11.084200
11.084200
11.084200
11.084200
11.084200
11.084200
11.084200
11.084200
11.084200
11.084200
11.084200
11.084200
11.084200
11.084200
11.084200
11.084200
11.084200
11.084200
11.084200
11.084200
11.084200
11.084200
11.084200
11.084200
11.084200
11.084200
11.084200
11.084200
11.084200
11.084200
11.084200
11.084200
11.084200
11.084200
11.084200
11.084200
11.084200
11.084200
11.084200
11.084200
11.084200
11.084200
11.084200
11.084200
11.084200
11.084200
11.084200
11.084200
11.084100
11.084100
11.084100
11.084100
11.084100
11.084100
11.084100
11.084100
11.084100
11.084100
11.084100
11.084100
11.084100
11.084100
11.084100
11.084100
11.084100
11.084100
11.084100
11.084100
11.084000
11.084000
11.084000
11.084000
11.084000
11.084000
11.084000
11.084000
11.084000
11.084000
11.084000
11.084000
11.084000
11.084000
11.084000
11.084000
11.084000
11.083900
11.083900
11.083900
11.083900
11.083900
11.083900
11.083900
11.083900
11.083900
11.083900
11.083900
11.083900
11.083900
11.083900
11.083800
11.083800
11.083800
11.083800
11.083800
11.083800
11.083800
11.083800
11.083800
11.083800
11.083800
11.083800
11.083800
11.083700
11.083700
11.083700
11.083700
11.083700
11.083700
11.083700
11.083700
11.083700
11.083700
11.083700
11.083600
11.083600
11.083600
11.083600
11.083600
11.083600
11.083600
11.083600
11.083600
11.083600
11.083600
11.083600
11.083500
11.083500
11.083500
11.083500
11.083500
11.083500
11.083500
11.083500
11.083500
11.083500
11.083400
11.083400
11.083400
11.083400
11.083400
11.083400
11.083400
11.083400
11.083400
11.083400
11.083400
11.083300
11.083300
11.083300
11.083300
11.083300
11.083300
11.083300
11.083300
11.083300
11.083200
11.083200
11.083200
11.083200
11.083200
11.083200
11.083200
11.083200
11.083200
11.083200
11.083100
11.083100
11.083100
11.083100
11.083100
11.083100
11.083100
11.083100
11.083100
11.083000
11.083000
11.083000
11.083000
11.083000
11.083000
11.083000
11.083000
11.083000
11.082900
11.082900
11.082900
11.082900
11.082900
11.082900
11.082900
11.082900
11.082900
11.082800
11.082800
11.082800
11.082800
11.082800
11.082800
11.082800
11.082800
11.082800
11.082700
11.082700
11.082700
11.082700
11.082700
11.082700
11.082700
11.082700
11.082700
11.082600
11.082600
11.082600
11.082600
11.082600
11.082600
11.082600
11.082600
11.082500
11.082500
11.082500
11.082500
11.082500
11.082500
11.082500
11.082500
11.082400
11.082400
11.082400
11.082400
11.082400
11.082400
11.082400
11.082400
11.082400
11.082300
11.082300
11.082300
11.082300
11.082300
11.082300
11.082300
11.082300
11.082200
11.082200
11.082200
11.082200
11.082200
11.082200
11.082200
11.082200
11.082100
11.082100
11.082100
11.082100
11.082100
11.082100
11.082100
11.082100
11.082000
11.082000
11.082000
11.082000
11.082000
11.082000
11.082000
11.082000
11.081900
11.081900
11.081900
11.081900
11.081900
11.081900
11.081900
11.081800
11.081800
11.081800
11.081800
11.081800
11.081800
11.081800
11.081800
11.081700
11.081700
11.081700
11.081700
11.081700
11.081700
11.081700
11.081700
11.081600
11.081600
11.081600
11.081600
11.081600
11.081600
11.081600
11.081500
11.081500
11.081500
11.081500
11.081500
11.081500
11.081500
11.081500
11.081400
11.081400
11.081400
11.081400
11.081400
11.081400
11.081400
11.081300
11.081300
11.081300
11.081300
11.081300
11.081300
11.081300
11.081300
11.081200
11.081200
11.081200
11.081200
11.081200
11.081200
11.081200
11.081100
11.081100
11.081100
11.081100
11.081100
11.081100
11.081100
11.081000
11.081000
11.081000
11.081000
11.081000
11.081000
11.081000
11.081000
11.080900
11.080900
11.080900
11.080900
11.080900
11.080900
11.080900
11.080800
11.080800
11.080800
11.080800
11.080800
11.080800
11.080800
11.080700
11.080700
11.080700
11.080700
11.080700
11.080700
11.080700
11.080600
11.080600
11.080600
11.080600
11.080600
11.080600
11.080600
11.080500
11.080500
11.080500
11.080500
11.080500
11.080500
11.080500
11.080500
11.080400
11.080400
11.080400
11.080400
11.080400
11.080400
11.080400
11.080300
11.080300
11.080300
11.080300
11.080300
11.080300
11.080300
11.080200
11.080200
11.080200
11.080200
11.080200
11.080200
11.080200
11.080100
11.080100
11.080100
11.080100
11.080100
11.080100
11.080100
11.080000
11.080000
11.080000
11.080000
11.080000
11.080000
11.080000
11.079900
11.079900
11.079900
11.079900
11.079900
11.079900
11.079900
11.079800
11.079800
11.079800
11.079800
11.079800
11.079800
11.079800
11.079700
11.079700
11.079700
11.079700
11.079700
11.079700
11.079700
11.079600
11.079600
11.079600
11.079600
11.079600
11.079600
11.079600
11.079500
11.079500
11.079500
11.079500
11.079500
11.079500
11.079500
11.079400
11.079400
11.079400
11.079400
11.079400
11.079400
11.079300
11.079300
11.079300
11.079300
11.079300
11.079300
11.079300
11.079200
11.079200
11.079200
11.079200
11.079200
11.079200
11.079200
11.079100
11.079100
11.079100
11.079100
11.079100
11.079100
11.079100
11.079000
11.079000
11.079000
11.079000
11.079000
11.079000
11.079000
11.078900
11.078900
11.078900
11.078900
11.078900
11.078900
11.078900
11.078800
11.078800
11.078800
11.078800
11.078800
11.078800
11.078700
11.078700
11.078700
11.078700
11.078700
11.078700
11.078700
11.078600
11.078600
11.078600
11.078600
11.078600
11.078600
11.078600
11.078500
11.078500
11.078500
11.078500
11.078500
11.078500
11.078500
11.078400
11.078400
11.078400
11.078400
11.078400
11.078400
11.078300
11.078300
11.078300
11.078300
11.078300
11.078300
11.078300
11.078200
11.078200
11.078200
11.078200
11.078200
11.078200
11.078200
11.078100
11.078100
11.078100
11.078100
11.078100
11.078100
11.078100
11.078000
11.078000
11.078000
11.078000
11.078000
11.078000
11.077900
11.077900
11.077900
11.077900
11.077900
11.077900
11.077900
11.077800
11.077800
11.077800
11.077800
11.077800
11.077800
11.077800
11.077700
11.077700
11.077700
11.077700
11.077700
11.077700
11.077600
11.077600
11.077600
11.077600
11.077600
11.077600
11.077600
11.077500
11.077500
11.077500
11.077500
11.077500
11.077500
11.077500
11.077400
11.077400
11.077400
11.077400
11.077400
11.077400
11.077300
11.077300
11.077300
11.077300
11.077300
11.077300
11.077300
11.077200
11.077200
11.077200
11.077200
11.077200
11.077200
11.077200
11.077100
11.077100
11.077100
11.077100
11.077100
11.077100
11.077000
11.077000
11.077000
11.077000
11.077000
11.077000
11.077000
11.076900
11.076900
11.076900
11.076900
11.076900
11.076900
11.076900
11.076800
11.076800
11.076800
11.076800
11.076800
11.076800
11.076700
11.076700
11.076700
11.076700
11.076700
11.076700
11.076700
11.076600
11.076600
11.076600
11.076600
11.076600
11.076600
11.076500
11.076500
11.076500
11.076500
11.076500
11.076500
11.076500
11.076400
11.076400
11.076400
11.076400
11.076400
11.076400
11.076400
11.076300
11.076300
11.076300
11.076300
11.076300
11.076300
11.076200
11.076200
11.076200
11.076200
11.076200
11.076200
11.076200
11.076100
11.076100
11.076100
11.076100
11.076100
11.076100
11.076000
11.076000
11.076000
11.076000
11.076000
11.076000
11.076000
11.075900
11.075900
11.075900
11.075900
11.075900
11.075900
11.075900
11.075800
11.075800
11.075800
11.075800
11.075800
11.075800
11.075700
11.075700
11.075700
11.075700
11.075700
11.075700
11.075700
11.075600
11.075600
11.075600
11.075600
11.075600
11.075600
11.075500
11.075500
11.075500
11.075500
11.075500
11.075500
11.075500
11.075400
11.075400
11.075400
11.075400
11.075400
11.075400
11.075300
11.075300
11.075300
11.075300
11.075300
11.075300
11.075300
11.075200
11.075200
11.075200
11.075200
11.075200
11.075200
11.075200
