0.084431
0.084420
0.084408
0.084397
0.084386
0.084375
0.084363
0.084352
0.084341
0.084330
0.084319
0.084308
0.084297
0.084287
0.084276
0.084265
0.084255
0.084244
0.084233
0.084223
0.084212
0.084202
0.084192
0.084181
0.084171
0.084161
0.084151
0.084141
0.084131
0.084121
0.084111
0.084101
0.084091
0.084081
0.084071
0.084062
0.084052
0.084043
0.084033
0.084023
0.084014
0.084005
0.083995
0.083986
0.083977
0.083967
0.083958
0.083949
0.083940
0.083931
0.083922
0.083913
0.083904
0.083895
0.083886
0.083877
0.083869
0.083860
0.083851
0.083843
0.083834
0.083826
0.083817
0.083809
0.083800
0.083792
0.083783
0.083775
0.083767
0.083759
0.083751
0.083742
0.083734
0.083726
0.083718
0.083710
0.083702
0.083694
0.083687
0.083679
0.083671
0.083663
0.083656
0.083648
0.083640
0.083633
0.083625
0.083617
0.083610
0.083603
0.083595
0.083588
0.083581
0.083573
0.083566
0.083559
0.083551
0.083544
0.083537
0.083530
0.083523
0.083517
0.083512
0.083509
0.083509
0.083517
0.083807
0.084370
0.085077
0.085934
0.086932
0.088059
0.089307
0.090684
0.092211
0.093930
0.095906
0.098234
0.101052
0.104559
0.109038
0.114883
0.122587
0.132620
0.145149
0.159727
0.175371
0.191045
0.206039
0.219995
0.232759
0.244279
0.254549
0.263599
0.271481
0.278273
0.284069
0.288967
0.293070
0.296476
0.299276
0.301552
0.303377
0.304815
0.305919
0.306737
0.307310
0.307671
0.307850
0.307871
0.307756
0.307522
0.307185
0.306758
0.306253
0.305679
0.305044
0.304356
0.303621
0.302844
0.302031
0.301186
0.300311
0.299412
0.298490
0.297549
0.296590
0.295616
0.294629
0.293630
0.292621
0.291603
0.290578
0.289546
0.288510
0.287469
0.286425
0.285379
0.284331
0.283282
0.282233
0.281184
0.280135
0.279088
0.278043
0.277000
0.275959
0.274921
0.273887
0.272856
0.271828
0.270805
0.269786
0.268772
0.267762
0.266757
0.265757
0.264762
0.263772
0.262788
0.261809
0.260835
0.259868
0.258906
0.257949
0.256999
0.256054
0.255115
0.254182
0.253255
0.252334
0.251419
0.250510
0.249606
0.248709
0.247817
0.246931
0.246052
0.245178
0.244310
0.243447
0.242591
0.241740
0.240895
0.240055
0.239221
0.238393
0.237570
0.236753
0.235941
0.235134
0.234333
0.233538
0.232747
0.231962
0.231182
0.230407
0.229637
0.228872
0.228112
0.227357
0.226607
0.225861
0.225121
0.224385
0.223654
0.222927
0.222205
0.221488
0.220775
0.220066
0.219362
0.218662
0.217966
0.217275
0.216587
0.215904
0.215225
0.214549
0.213878
0.213211
0.212547
0.211887
0.211231
0.210579
0.209930
0.209284
0.208643
0.208004
0.207369
0.206737
0.206109
0.205484
0.204862
0.204242
0.203626
0.203013
0.202403
0.201796
0.201191
0.200589
0.199990
0.199393
0.198799
0.198207
0.197617
0.197029
0.196444
0.195861
0.195279
0.194700
0.194122
0.193546
0.192972
0.192398
0.191827
0.191256
0.190687
0.190118
0.189550
0.188983
0.188417
0.187851
0.187285
0.186719
0.186153
0.185586
0.185020
0.184452
0.183884
0.183315
0.182744
0.182172
0.181599
0.181023
0.180446
0.179867
0.179286
0.178703
0.178117
0.177530
0.176940
0.176349
0.175756
0.175162
0.174566
0.173970
0.173374
0.172778
0.172183
0.171588
0.170995
0.170403
0.169811
0.169219
0.168626
0.168031
0.167433
0.166832
0.166229
0.165624
0.165018
0.164412
0.163807
0.163204
0.162604
0.162008
0.161418
0.160837
0.160266
0.159705
0.159155
0.158614
0.158081
0.157557
0.157041
0.156531
0.156027
0.155529
0.155036
0.154549
0.154066
0.153588
0.153115
0.152646
0.152181
0.151721
0.151264
0.150812
0.150363
0.149918
0.149477
0.149040
0.148606
0.148176
0.147750
0.147327
0.146907
0.146491
0.146079
0.145669
0.145263
0.144860
0.144460
0.144064
0.143670
0.143280
0.142893
0.142508
0.142127
0.141749
0.141373
0.141001
0.140631
0.140264
0.139900
0.139539
0.139180
0.138824
0.138471
0.138120
0.137772
0.137427
0.137084
0.136744
0.136406
0.136071
0.135738
0.135407
0.135080
0.134754
0.134431
0.134110
0.133791
0.133475
0.133161
0.132850
0.132540
0.132233
0.131928
0.131625
0.131324
0.131026
0.130729
0.130435
0.130143
0.129853
0.129565
0.129278
0.128994
0.128712
0.128432
0.128154
0.127878
0.127603
0.127331
0.127060
0.126792
0.126525
0.126260
0.125997
0.125736
0.125476
0.125218
0.124962
0.124708
0.124456
0.124205
0.123956
0.123708
0.123463
0.123218
0.122976
0.122735
0.122496
0.122259
0.122023
0.121788
0.121556
0.121324
0.121095
0.120867
0.120640
0.120415
0.120191
0.119969
0.119748
0.119529
0.119311
0.119095
0.118880
0.118667
0.118455
0.118244
0.118035
0.117827
0.117620
0.117415
0.117211
0.117009
0.116807
0.116608
0.116409
0.116212
0.116016
0.115821
0.115627
0.115435
0.115244
0.115054
0.114866
0.114678
0.114492
0.114307
0.114124
0.113941
0.113760
0.113579
0.113400
0.113222
0.113045
0.112870
0.112695
0.112522
0.112349
0.112178
0.112008
0.111839
0.111671
0.111504
0.111338
0.111173
0.111009
0.110846
0.110684
0.110524
0.110364
0.110205
0.110047
0.109890
0.109735
0.109580
0.109426
0.109273
0.109121
0.108970
0.108820
0.108671
0.108522
0.108375
0.108229
0.108083
0.107938
0.107795
0.107652
0.107510
0.107369
0.107229
0.107089
0.106951
0.106813
0.106676
0.106540
0.106405
0.106271
0.106137
0.106005
0.105873
0.105742
0.105611
0.105482
0.105353
0.105225
0.105098
0.104972
0.104846
0.104721
0.104597
0.104474
0.104351
0.104229
0.104108
0.103988
0.103868
0.103749
0.103631
0.103513
0.103396
0.103280
0.103165
0.103050
0.102936
0.102822
0.102710
0.102598
0.102486
0.102375
0.102265
0.102156
0.102047
0.101939
0.101831
0.101725
0.101618
0.101513
0.101408
0.101303
0.101200
0.101097
0.100994
0.100892
0.100791
0.100690
0.100590
0.100490
0.100391
0.100293
0.100195
0.100098
0.100001
0.099905
0.099809
0.099714
0.099620
0.099526
0.099433
0.099340
0.099248
0.099156
0.099065
0.098974
0.098884
0.098794
0.098705
0.098617
0.098528
0.098441
0.098354
0.098267
0.098181
0.098096
0.098011
0.097926
0.097842
0.097758
0.097675
0.097592
0.097510
0.097428
0.097347
0.097266
0.097186
0.097106
0.097027
0.096948
0.096869
0.096791
0.096714
0.096636
0.096560
0.096483
0.096407
0.096332
0.096257
0.096182
0.096108
0.096034
0.095961
0.095888
0.095815
0.095743
0.095672
0.095600
0.095529
0.095459
0.095389
0.095319
0.095250
0.095181
0.095112
0.095044
0.094976
0.094909
0.094842
0.094775
0.094709
0.094643
0.094578
0.094512
0.094448
0.094383
0.094319
0.094255
0.094192
0.094129
0.094066
0.094004
0.093942
0.093880
0.093819
0.093758
0.093698
0.093637
0.093577
0.093518
0.093458
0.093399
0.093341
0.093283
0.093225
0.093167
0.093110
0.093052
0.092996
0.092939
0.092883
0.092828
0.092772
0.092717
0.092662
0.092607
0.092553
0.092499
0.092445
0.092392
0.092339
0.092286
0.092234
0.092181
0.092130
0.092078
0.092026
0.091975
0.091925
0.091874
0.091824
0.091774
0.091724
0.091674
0.091625
0.091576
0.091528
0.091479
0.091431
0.091383
0.091336
0.091288
0.091241
0.091194
0.091148
0.091102
0.091055
0.091010
0.090964
0.090919
0.090874
0.090829
0.090784
0.090740
0.090696
0.090652
0.090608
0.090565
0.090522
0.090479
0.090436
0.090393
0.090351
0.090309
0.090267
0.090226
0.090184
0.090143
0.090102
0.090061
0.090021
0.089980
0.089941
0.089901
0.089861
0.089821
0.089782
0.089743
0.089705
0.089666
0.089627
0.089589
0.089551
0.089514
0.089476
0.089439
0.089401
0.089364
0.089328
0.089291
0.089255
0.089218
0.089182
0.089147
0.089111
0.089076
0.089040
0.089005
0.088970
0.088936
0.088901
0.088867
0.088832
0.088798
0.088765
0.088731
0.088698
0.088664
0.088631
0.088598
0.088566
0.088533
0.088501
0.088468
0.088436
0.088404
0.088373
0.088341
0.088310
0.088278
0.088247
0.088216
0.088186
0.088155
0.088125
0.088094
0.088064
0.088034
0.088004
0.087975
0.087945
0.087916
0.087887
0.087858
0.087829
0.087800
0.087772
0.087743
0.087715
0.087687
0.087659
0.087631
0.087603
0.087576
0.087548
0.087521
0.087494
0.087467
0.087440
0.087413
0.087387
0.087360
0.087334
0.087308
0.087282
0.087256
0.087230
0.087205
0.087179
0.087154
0.087128
0.087103
0.087078
0.087054
0.087029
0.087004
0.086980
0.086956
0.086931
0.086907
0.086883
0.086859
0.086836
0.086812
0.086789
0.086765
0.086742
0.086719
0.086696
0.086673
0.086650
0.086628
0.086605
0.086583
0.086560
0.086538
0.086516
0.086494
0.086472
0.086451
0.086429
0.086407
0.086386
0.086365
0.086344
0.086322
0.086301
0.086281
0.086260
0.086239
0.086219
0.086198
0.086178
0.086158
0.086138
0.086117
0.086098
0.086078
0.086058
0.086038
0.086019
0.085999
0.085980
0.085961
0.085942
0.085923
0.085904
0.085885
0.085866
0.085848
0.085829
0.085811
0.085792
0.085774
0.085756
0.085738
0.085720
0.085702
0.085684
0.085666
0.085649
0.085631
0.085614
0.085596
0.085579
0.085562
0.085545
0.085528
0.085511
0.085494
0.085477
0.085460
0.085444
0.085427
0.085411
0.085394
0.085378
0.085362
0.085346
0.085330
0.085314
0.085298
0.085282
0.085266
0.085251
0.085235
0.085220
0.085205
0.085189
0.085174
0.085159
0.085144
0.085129
0.085114
0.085099
0.085084
0.085069
0.085055
0.085040
0.085026
0.085011
0.084997
0.084983
0.084968
0.084954
0.084940
0.084926
0.084912
0.084898
0.084885
0.084871
0.084857
0.084844
0.084830
0.084817
0.084803
0.084790
0.084777
0.084764
0.084750
0.084737
0.084724
0.084712
0.084699
0.084686
0.084673
0.084660
0.084648
0.084635
0.084623
0.084610
0.084598
0.084586
0.084573
0.084561
0.084549
0.084537
0.084525
0.084513
0.084501
0.084490
0.084478
0.084466
0.084455
0.084443
0.084431
0.084420
0.084408
0.084397
0.084386
0.084375
0.084363
0.084352
0.084341
0.084330
0.084319
0.084308
0.084297
0.084287
0.084276
0.084265
0.084255
0.084244
0.084233
0.084223
0.084212
0.084202
0.084192
0.084181
0.084171
0.084161
0.084151
0.084141
0.084131
0.084121
0.084111
0.084101
0.084091
0.084081
0.084071
0.084062
0.084052
0.084043
0.084033
0.084023
0.084014
0.084004
0.083995
0.083986
0.083977
0.083967
0.083958
0.083949
0.083940
0.083931
0.083922
0.083913
0.083904
0.083895
0.083886
0.083877
0.083869
0.083860
0.083851
0.083843
0.083834
0.083826
0.083817
0.083809
0.083800
0.083792
0.083783
0.083775
0.083767
0.083759
0.083750
0.083742
0.083734
0.083726
0.083718
0.083710
0.083702
0.083694
0.083687
0.083679
0.083671
0.083663
0.083656
0.083648
0.083640
0.083633
0.083625
0.083617
0.083610
0.083603
0.083595
0.083588
0.083581
0.083573
0.083566
0.083559
0.083551
0.083544
0.083537
0.083530
0.083523
0.083517
0.083512
0.083509
0.083509
0.083517
0.083806
0.084370
0.085077
0.085934
0.086932
0.088058
0.089307
0.090684
0.092211
0.093930
0.095906
0.098234
0.101051
0.104558
0.109036
0.114881
0.122584
0.132616
0.145145
0.159723
0.175366
0.191040
0.206035
0.219990
0.232755
0.244275
0.254546
0.263596
0.271478
0.278271
0.284067
0.288965
0.293068
0.296475
0.299275
0.301551
0.303377
0.304814
0.305918
0.306737
0.307309
0.307671
0.307850
0.307871
0.307756
0.307522
0.307185
0.306759
0.306253
0.305679
0.305044
0.304356
0.303621
0.302844
0.302031
0.301186
0.300312
0.299412
0.298490
0.297549
0.296590
0.295616
0.294629
0.293630
0.292621
0.291603
0.290578
0.289546
0.288510
0.287469
0.286426
0.285379
0.284331
0.283282
0.282233
0.281184
0.280135
0.279088
0.278043
0.277000
0.275959
0.274921
0.273887
0.272856
0.271829
0.270805
0.269786
0.268772
0.267762
0.266757
0.265757
0.264762
0.263772
0.262788
0.261809
0.260836
0.259868
0.258906
0.257949
0.256999
0.256054
0.255115
0.254182
0.253255
0.252334
0.251419
0.250510
0.249606
0.248709
0.247817
0.246932
0.246052
0.245178
0.244310
0.243447
0.242591
0.241740
0.240895
0.240055
0.239221
0.238393
0.237570
0.236753
0.235941
0.235135
0.234334
0.233538
0.232747
0.231962
0.231182
0.230407
0.229637
0.228872
0.228112
0.227357
0.226607
0.225862
0.225121
0.224385
0.223654
0.222927
0.222205
0.221488
0.220775
0.220066
0.219362
0.218662
0.217966
0.217275
0.216587
0.215904
0.215225
0.214550
0.213878
0.213211
0.212547
0.211887
0.211231
0.210579
0.209930
0.209284
0.208643
0.208004
0.207369
0.206737
0.206109
0.205484
0.204862
0.204243
0.203627
0.203013
0.202403
0.201796
0.201191
0.200589
0.199990
0.199393
0.198799
0.198207
0.197617
0.197030
0.196444
0.195861
0.195280
0.194700
0.194122
0.193546
0.192972
0.192399
0.191827
0.191256
0.190687
0.190118
0.189550
0.188983
0.188417
0.187851
0.187285
0.186719
0.186153
0.185587
0.185020
0.184452
0.183884
0.183315
0.182744
0.182172
0.181599
0.181024
0.180446
0.179867
0.179286
0.178703
0.178118
0.177530
0.176940
0.176349
0.175756
0.175162
0.174566
0.173970
0.173374
0.172778
0.172183
0.171588
0.170995
0.170403
0.169811
0.169219
0.168626
0.168031
0.167433
0.166832
0.166229
0.165624
0.165018
0.164412
0.163807
0.163204
0.162604
0.162008
0.161418
0.160837
0.160266
0.159705
0.159155
0.158614
0.158082
0.157558
0.157041
0.156531
0.156027
0.155529
0.155036
0.154549
0.154066
0.153588
0.153115
0.152646
0.152181
0.151721
0.151264
0.150812
0.150363
0.149918
0.149477
0.149040
0.148607
0.148177
0.147750
0.147327
0.146908
0.146491
0.146079
0.145669
0.145263
0.144860
0.144460
0.144064
0.143670
0.143280
0.142893
0.142508
0.142127
0.141749
0.141373
0.141001
0.140631
0.140264
0.139900
0.139539
0.139180
0.138824
0.138471
0.138120
0.137772
0.137427
0.137084
0.136744
0.136406
0.136071
0.135738
0.135408
0.135080
0.134754
0.134431
0.134110
0.133791
0.133475
0.133161
0.132850
0.132540
0.132233
0.131928
0.131625
0.131325
0.131026
0.130730
0.130435
0.130143
0.129853
0.129565
0.129279
0.128994
0.128712
0.128432
0.128154
0.127878
0.127603
0.127331
0.127061
0.126792
0.126525
0.126260
0.125997
0.125736
0.125476
0.125218
0.124962
0.124708
0.124456
0.124205
0.123956
0.123708
0.123463
0.123219
0.122976
0.122735
0.122496
0.122259
0.122023
0.121788
0.121556
0.121324
0.121095
0.120867
0.120640
0.120415
0.120191
0.119969
0.119748
0.119529
0.119311
0.119095
0.118880
0.118667
0.118455
0.118244
0.118035
0.117827
0.117620
0.117415
0.117211
0.117009
0.116808
0.116608
0.116409
0.116212
0.116016
0.115821
0.115627
0.115435
0.115244
0.115054
0.114866
0.114679
0.114492
0.114307
0.114124
0.113941
0.113760
0.113579
0.113400
0.113222
0.113046
0.112870
0.112695
0.112522
0.112349
0.112178
0.112008
0.111839
0.111671
0.111504
0.111338
0.111173
0.111009
0.110846
0.110684
0.110524
0.110364
0.110205
0.110047
0.109890
0.109735
0.109580
0.109426
0.109273
0.109121
0.108970
0.108820
0.108671
0.108522
0.108375
0.108229
0.108083
0.107939
0.107795
0.107652
0.107510
0.107369
0.107229
0.107089
0.106951
0.106813
0.106676
0.106540
0.106405
0.106271
0.106137
0.106005
0.105873
0.105742
0.105611
0.105482
0.105353
0.105225
0.105098
0.104972
0.104846
0.104721
0.104597
0.104474
0.104351
0.104229
0.104108
0.103988
0.103868
0.103749
0.103631
0.103513
0.103396
0.103280
0.103165
0.103050
0.102936
0.102822
0.102710
0.102598
0.102486
0.102375
0.102265
0.102156
0.102047
0.101939
0.101831
0.101725
0.101618
0.101513
0.101408
0.101303
0.101200
0.101097
0.100994
0.100892
0.100791
0.100690
0.100590
0.100490
0.100391
0.100293
0.100195
0.100098
0.100001
0.099905
0.099809
0.099714
0.099620
0.099526
0.099433
0.099340
0.099248
0.099156
0.099065
0.098974
0.098884
0.098794
0.098705
0.098617
0.098528
0.098441
0.098354
0.098267
0.098181
0.098096
0.098011
0.097926
0.097842
0.097758
0.097675
0.097592
0.097510
0.097428
0.097347
0.097266
0.097186
0.097106
0.097027
0.096948
0.096869
0.096791
0.096714
0.096636
0.096560
0.096483
0.096407
0.096332
0.096257
0.096182
0.096108
0.096034
0.095961
0.095888
0.095815
0.095743
0.095672
0.095600
0.095529
0.095459
0.095389
0.095319
0.095250
0.095181
0.095112
0.095044
0.094976
0.094909
0.094842
0.094775
0.094709
0.094643
0.094578
0.094512
0.094448
0.094383
0.094319
0.094255
0.094192
0.094129
0.094066
0.094004
0.093942
0.093880
0.093819
0.093758
0.093698
0.093637
0.093577
0.093518
0.093458
0.093399
0.093341
0.093283
0.093225
0.093167
0.093110
0.093053
0.092996
0.092939
0.092883
0.092828
0.092772
0.092717
0.092662
0.092607
0.092553
0.092499
0.092445
0.092392
0.092339
0.092286
0.092234
0.092181
0.092130
0.092078
0.092026
0.091975
0.091925
0.091874
0.091824
0.091774
0.091724
0.091675
0.091625
0.091576
0.091528
0.091479
0.091431
0.091383
0.091336
0.091288
0.091241
0.091194
0.091148
0.091102
0.091055
0.091010
0.090964
0.090919
0.090874
0.090829
0.090784
0.090740
0.090696
0.090652
0.090608
0.090565
0.090522
0.090479
0.090436
0.090393
0.090351
0.090309
0.090267
0.090226
0.090184
0.090143
0.090102
0.090061
0.090021
0.089981
0.089941
0.089901
0.089861
0.089822
0.089782
0.089743
0.089705
0.089666
0.089627
0.089589
0.089551
0.089514
0.089476
0.089439
0.089401
0.089364
0.089328
0.089291
0.089255
0.089218
0.089182
0.089147
0.089111
0.089076
0.089040
0.089005
0.088970
0.088936
0.088901
0.088867
0.088832
0.088798
0.088765
0.088731
0.088698
0.088664
0.088631
0.088598
0.088566
0.088533
0.088501
0.088468
0.088436
0.088404
0.088373
0.088341
0.088310
0.088278
0.088247
0.088217
0.088186
0.088155
0.088125
0.088094
0.088064
0.088034
0.088004
0.087975
0.087945
0.087916
0.087887
0.087858
0.087829
0.087800
0.087772
0.087743
0.087715
0.087687
0.087659
0.087631
0.087603
0.087576
0.087548
0.087521
0.087494
0.087467
0.087440
0.087413
0.087387
0.087360
0.087334
0.087308
0.087282
0.087256
0.087230
0.087205
0.087179
0.087154
0.087128
0.087103
0.087078
0.087054
0.087029
0.087004
0.086980
0.086956
0.086931
0.086907
0.086883
0.086859
0.086836
0.086812
0.086789
0.086765
0.086742
0.086719
0.086696
0.086673
0.086650
0.086628
0.086605
0.086583
0.086560
0.086538
0.086516
0.086494
0.086472
0.086451
0.086429
0.086407
0.086386
0.086365
0.086344
0.086322
0.086301
0.086281
0.086260
0.086239
0.086219
0.086198
0.086178
0.086158
0.086138
0.086118
0.086098
0.086078
0.086058
0.086039
0.086019
0.085999
0.085980
0.085961
0.085942
0.085923
0.085904
0.085885
0.085866
0.085848
0.085829
0.085811
0.085792
0.085774
0.085756
0.085738
0.085720
0.085702
0.085684
0.085666
0.085649
0.085631
0.085614
0.085596
0.085579
0.085562
0.085545
0.085528
0.085511
0.085494
0.085477
0.085460
0.085444
0.085427
0.085411
0.085394
0.085378
0.085362
0.085346
0.085330
0.085314
0.085298
0.085282
0.085266
0.085251
0.085235
0.085220
0.085205
0.085189
0.085174
0.085159
0.085144
0.085129
0.085114
0.085099
0.085084
0.085069
0.085055
0.085040
0.085026
0.085011
0.084997
0.084983
0.084968
0.084954
0.084940
0.084926
0.084912
0.084898
0.084885
0.084871
0.084857
0.084844
0.084830
0.084817
0.084803
0.084790
0.084777
0.084764
0.084750
0.084737
0.084724
0.084712
0.084699
0.084686
0.084673
0.084660
0.084648
0.084635
0.084623
0.084610
0.084598
0.084586
0.084573
0.084561
0.084549
0.084537
0.084525
0.084513
0.084501
0.084490
0.084478
0.084466
0.084455
0.084443
0.084431
0.084420
0.084408
0.084397
0.084386
0.084375
0.084363
0.084352
0.084341
0.084330
0.084319
0.084308
0.084297
0.084287
0.084276
0.084265
0.084255
0.084244
0.084233
0.084223
0.084212
0.084202
0.084192
0.084181
0.084171
0.084161
0.084151
0.084141
0.084131
0.084121
0.084111
0.084101
0.084091
0.084081
0.084071
0.084062
0.084052
0.084043
0.084033
0.084023
0.084014
0.084005
0.083995
0.083986
0.083977
0.083967
0.083958
0.083949
0.083940
0.083931
0.083922
0.083913
0.083904
0.083895
0.083886
0.083877
0.083869
0.083860
0.083851
0.083843
0.083834
0.083826
0.083817
0.083809
0.083800
0.083792
0.083783
0.083775
0.083767
0.083759
0.083751
0.083742
0.083734
0.083726
0.083718
0.083710
0.083702
0.083694
0.083687
0.083679
0.083671
0.083663
0.083656
0.083648
0.083640
0.083633
0.083625
0.083617
0.083610
0.083603
0.083595
0.083588
0.083581
0.083573
0.083566
0.083559
0.083551
0.083544
0.083537
0.083530
0.083523
0.083517
0.083512
0.083509
0.083509
0.083517
0.083806
0.084370
0.085077
0.085934
0.086932
0.088059
0.089307
0.090684
0.092211
0.093930
0.095906
0.098234
0.101052
0.104559
0.109038
0.114883
0.122586
0.132619
0.145148
0.159727
0.175371
0.191044
0.206039
0.219994
0.232758
0.244278
0.254549
0.263598
0.271480
0.278273
0.284068
0.288966
0.293070
0.296476
0.299276
0.301552
0.303377
0.304814
0.305919
0.306737
0.307310
0.307671
0.307849
0.307871
0.307756
0.307522
0.307185
0.306758
0.306253
0.305679
0.305044
0.304356
0.303620
0.302844
0.302031
0.301185
0.300311
0.299412
0.298490
0.297549
0.296590
0.295616
0.294628
0.293629
0.292620
0.291603
0.290577
0.289546
0.288510
0.287469
0.286425
0.285379
0.284331
0.283282
0.282233
0.281183
0.280135
0.279088
0.278043
0.277000
0.275959
0.274921
0.273887
0.272855
0.271828
0.270805
0.269786
0.268771
0.267762
0.266757
0.265756
0.264762
0.263772
0.262787
0.261809
0.260835
0.259867
0.258905
0.257949
0.256999
0.256054
0.255115
0.254182
0.253255
0.252334
0.251419
0.250509
0.249606
0.248709
0.247817
0.246931
0.246052
0.245178
0.244309
0.243447
0.242591
0.241740
0.240894
0.240055
0.239221
0.238393
0.237570
0.236753
0.235941
0.235134
0.234333
0.233538
0.232747
0.231962
0.231182
0.230407
0.229637
0.228872
0.228112
0.227357
0.226607
0.225861
0.225121
0.224385
0.223654
0.222927
0.222205
0.221488
0.220775
0.220066
0.219362
0.218662
0.217966
0.217275
0.216587
0.215904
0.215225
0.214549
0.213878
0.213211
0.212547
0.211887
0.211231
0.210579
0.209930
0.209284
0.208642
0.208004
0.207369
0.206737
0.206109
0.205484
0.204861
0.204242
0.203626
0.203013
0.202403
0.201796
0.201191
0.200589
0.199990
0.199393
0.198799
0.198207
0.197617
0.197029
0.196444
0.195861
0.195279
0.194700
0.194122
0.193546
0.192972
0.192398
0.191827
0.191256
0.190687
0.190118
0.189550
0.188983
0.188417
0.187851
0.187285
0.186719
0.186153
0.185586
0.185020
0.184452
0.183884
0.183315
0.182744
0.182172
0.181599
0.181023
0.180446
0.179867
0.179286
0.178703
0.178117
0.177530
0.176940
0.176349
0.175756
0.175162
0.174566
0.173970
0.173374
0.172778
0.172183
0.171588
0.170995
0.170403
0.169811
0.169219
0.168626
0.168031
0.167433
0.166832
0.166229
0.165624
0.165018
0.164412
0.163807
0.163204
0.162604
0.162008
0.161418
0.160837
0.160266
0.159705
0.159155
0.158614
0.158082
0.157557
0.157041
0.156531
0.156027
0.155529
0.155036
0.154549
0.154066
0.153588
0.153115
0.152646
0.152181
0.151721
0.151264
0.150812
0.150363
0.149918
0.149477
0.149040
0.148606
0.148176
0.147750
0.147327
0.146907
0.146491
0.146079
0.145669
0.145263
0.144860
0.144460
0.144064
0.143670
0.143280
0.142893
0.142508
0.142127
0.141749
0.141373
0.141001
0.140631
0.140264
0.139900
0.139539
0.139180
0.138824
0.138471
0.138120
0.137772
0.137427
0.137084
0.136744
0.136406
0.136071
0.135738
0.135407
0.135080
0.134754
0.134431
0.134110
0.133791
0.133475
0.133161
0.132850
0.132540
0.132233
0.131928
0.131625
0.131324
0.131026
0.130729
0.130435
0.130143
0.129853
0.129565
0.129279
0.128994
0.128712
0.128432
0.128154
0.127878
0.127603
0.127331
0.127060
0.126792
0.126525
0.126260
0.125997
0.125736
0.125476
0.125218
0.124962
0.124708
0.124456
0.124205
0.123956
0.123708
0.123463
0.123218
0.122976
0.122735
0.122496
0.122259
0.122023
0.121788
0.121556
0.121324
0.121095
0.120867
0.120640
0.120415
0.120191
0.119969
0.119748
0.119529
0.119311
0.119095
0.118880
0.118667
0.118455
0.118244
0.118035
0.117827
0.117620
0.117415
0.117211
0.117009
0.116807
0.116608
0.116409
0.116212
0.116016
0.115821
0.115627
0.115435
0.115244
0.115054
0.114866
0.114678
0.114492
0.114307
0.114124
0.113941
0.113760
0.113579
0.113400
0.113222
0.113045
0.112870
0.112695
0.112522
0.112349
0.112178
0.112008
0.111839
0.111671
0.111504
0.111338
0.111173
0.111009
0.110846
0.110684
0.110524
0.110364
0.110205
0.110047
0.109890
0.109735
0.109580
0.109426
0.109273
0.109121
0.108970
0.108820
0.108671
0.108522
0.108375
0.108229
0.108083
0.107938
0.107795
0.107652
0.107510
0.107369
0.107229
0.107089
0.106951
0.106813
0.106676
0.106540
0.106405
0.106271
0.106137
0.106005
0.105873
0.105742
0.105611
0.105482
0.105353
0.105225
0.105098
0.104972
0.104846
0.104721
0.104597
0.104474
0.104351
0.104229
0.104108
0.103988
0.103868
0.103749
0.103631
0.103513
0.103396
0.103280
0.103165
0.103050
0.102936
0.102822
0.102710
0.102598
0.102486
0.102375
0.102265
0.102156
0.102047
0.101939
0.101831
0.101725
0.101618
0.101513
0.101408
0.101303
0.101200
0.101097
0.100994
0.100892
0.100791
0.100690
0.100590
0.100490
0.100391
0.100293
0.100195
0.100098
0.100001
0.099905
0.099809
0.099714
0.099620
0.099526
0.099433
0.099340
0.099248
0.099156
0.099065
0.098974
0.098884
0.098794
0.098705
0.098617
0.098528
0.098441
0.098354
0.098267
0.098181
0.098096
0.098011
0.097926
0.097842
0.097758
0.097675
0.097592
0.097510
0.097428
0.097347
0.097266
0.097186
0.097106
0.097027
0.096948
0.096869
0.096791
0.096714
0.096636
0.096560
0.096483
0.096407
0.096332
0.096257
0.096182
0.096108
0.096034
0.095961
0.095888
0.095815
0.095743
0.095672
0.095600
0.095529
0.095459
0.095389
0.095319
0.095250
0.095181
0.095112
0.095044
0.094976
0.094909
0.094842
0.094775
0.094709
0.094643
0.094578
0.094512
0.094448
0.094383
0.094319
0.094255
0.094192
0.094129
0.094066
0.094004
0.093942
0.093880
0.093819
0.093758
0.093698
0.093637
0.093577
0.093518
0.093458
0.093399
0.093341
0.093283
0.093225
0.093167
0.093110
0.093052
0.092996
0.092939
0.092883
0.092828
0.092772
0.092717
0.092662
0.092607
0.092553
0.092499
0.092445
0.092392
0.092339
0.092286
0.092234
0.092181
0.092130
0.092078
0.092026
0.091975
0.091925
0.091874
0.091824
0.091774
0.091724
0.091674
0.091625
0.091576
0.091528
0.091479
0.091431
0.091383
0.091336
0.091288
0.091241
0.091194
0.091148
0.091102
0.091055
0.091010
0.090964
0.090919
0.090874
0.090829
0.090784
0.090740
0.090696
0.090652
0.090608
0.090565
0.090522
0.090479
0.090436
0.090393
0.090351
0.090309
0.090267
0.090226
0.090184
0.090143
0.090102
0.090061
0.090021
0.089981
0.089941
0.089901
0.089861
0.089822
0.089782
0.089743
0.089705
0.089666
0.089627
0.089589
0.089551
0.089514
0.089476
0.089439
0.089401
0.089364
0.089328
0.089291
0.089255
0.089218
0.089182
0.089147
0.089111
0.089076
0.089040
0.089005
0.088970
0.088936
0.088901
0.088867
0.088832
0.088798
0.088765
0.088731
0.088698
0.088664
0.088631
0.088598
0.088566
0.088533
0.088501
0.088468
0.088436
0.088404
0.088373
0.088341
0.088310
0.088278
0.088247
0.088217
0.088186
0.088155
0.088125
0.088094
0.088064
0.088034
0.088004
0.087975
0.087945
0.087916
0.087887
0.087858
0.087829
0.087800
0.087772
0.087743
0.087715
0.087687
0.087659
0.087631
0.087603
0.087576
0.087548
0.087521
0.087494
0.087467
0.087440
0.087413
0.087387
0.087360
0.087334
0.087308
0.087282
0.087256
0.087230
0.087205
0.087179
0.087154
0.087128
0.087103
0.087078
0.087054
0.087029
0.087004
0.086980
0.086956
0.086931
0.086907
0.086883
0.086859
0.086836
0.086812
0.086789
0.086765
0.086742
0.086719
0.086696
0.086673
0.086650
0.086628
0.086605
0.086583
0.086560
0.086538
0.086516
0.086494
0.086472
0.086451
0.086429
0.086407
0.086386
0.086365
0.086344
0.086322
0.086301
0.086281
0.086260
0.086239
0.086219
0.086198
0.086178
0.086158
0.086138
0.086118
0.086098
0.086078
0.086058
0.086039
0.086019
0.085999
0.085980
0.085961
0.085942
0.085923
0.085904
0.085885
0.085866
0.085848
0.085829
0.085811
0.085792
0.085774
0.085756
0.085738
0.085720
0.085702
0.085684
0.085666
0.085649
0.085631
0.085614
0.085596
0.085579
0.085562
0.085545
0.085528
0.085511
0.085494
0.085477
0.085460
0.085444
0.085427
0.085411
0.085394
0.085378
0.085362
0.085346
0.085330
0.085314
0.085298
0.085282
0.085266
0.085251
0.085235
0.085220
0.085205
0.085189
0.085174
0.085159
0.085144
0.085129
0.085114
0.085099
0.085084
0.085069
0.085055
0.085040
0.085026
0.085011
0.084997
0.084983
0.084968
0.084954
0.084940
0.084926
0.084912
0.084898
0.084885
0.084871
0.084857
0.084844
0.084830
0.084817
0.084803
0.084790
0.084777
0.084764
0.084750
0.084737
0.084724
0.084712
0.084699
0.084686
0.084673
0.084660
0.084648
0.084635
0.084623
0.084610
0.084598
0.084586
0.084573
0.084561
0.084549
0.084537
0.084525
0.084513
0.084501
0.084490
0.084478
0.084466
0.084455
0.084443
0.084431
