1.150880
1.148980
1.147090
1.145200
1.143320
1.141460
1.139660
1.138940
1.140270
1.144010
1.150870
1.162260
1.181180
1.212920
1.264360
1.342480
1.452950
1.599140
1.781830
1.999530
2.249110
2.526470
2.827210
3.147030
3.481940
3.828310
4.182860
4.542490
4.904450
5.266340
5.626210
5.982580
6.334320
6.680740
7.021210
7.355500
7.683360
8.004630
8.319410
8.627640
8.929460
9.224850
9.513940
9.796850
10.073700
10.344600
10.609600
10.868900
11.122500
11.370600
11.613300
11.850700
12.082700
12.309700
12.531500
12.748500
12.960400
13.167600
13.370000
13.567700
13.760800
13.949300
14.133400
14.313000
14.488400
14.659300
14.826100
14.988600
15.147000
15.301400
15.451700
15.598000
15.740400
15.878900
16.013600
16.144600
16.271800
16.395400
16.515300
16.631700
16.744500
16.853900
16.959800
17.062200
17.161400
17.257200
17.349800
17.439100
17.525200
17.608200
17.688100
17.764900
17.838600
17.909400
17.977200
18.042200
18.104200
18.163400
18.219900
18.273500
18.324500
18.372700
18.418400
18.461400
18.501800
18.539700
18.575100
18.608000
18.638500
18.666600
18.692300
18.715700
18.736800
18.755500
18.772200
18.786500
18.798800
18.808800
18.816800
18.822700
18.826600
18.828400
18.828300
18.826200
18.822200
18.816300
18.808600
18.799100
18.787700
18.774600
18.759700
18.743100
18.724800
18.704900
18.683400
18.660200
18.635500
18.609300
18.581500
18.552200
18.521500
18.489400
18.455800
18.420800
18.384600
18.346900
18.308000
18.267800
18.226300
18.183500
18.139600
18.094500
18.048200
18.000900
17.952400
17.902700
17.852100
17.800400
17.747700
17.694000
17.639300
17.583600
17.527100
17.469600
17.411300
17.352100
17.292000
17.231100
17.169500
17.107000
17.043800
16.979800
16.915100
16.849700
16.783700
16.717000
16.649600
16.581600
16.513100
16.443900
16.374200
16.303900
16.233100
16.161800
16.089900
16.017700
15.945000
15.871800
15.798100
15.724200
15.649800
15.575000
15.499900
15.424400
15.348700
15.272500
15.196200
15.119500
15.042600
14.965400
14.888100
14.810500
14.732700
14.654800
14.576600
14.498300
14.419900
14.341300
14.262600
14.183800
14.105000
14.026100
13.947100
13.868100
13.789000
13.710000
13.630900
13.551900
13.472900
13.393900
13.315000
13.236000
13.157300
13.078500
12.999900
12.921400
12.843000
12.764700
12.686600
12.608600
12.530800
12.453200
12.375800
12.298500
12.221500
12.144700
12.068100
11.991700
11.915600
11.839800
11.764200
11.688900
11.613900
11.539200
11.464700
11.390600
11.316800
11.243400
11.170300
11.097400
11.025000
10.953000
10.881200
10.809900
10.738900
10.668300
10.598100
10.528300
10.458900
10.390000
10.321400
10.253300
10.185500
10.118200
10.051400
9.984970
9.919000
9.853450
9.788380
9.723730
9.659560
9.595880
9.532610
9.469820
9.407510
9.345620
9.284280
9.223350
9.162900
9.103000
9.043510
8.984500
8.925980
8.867930
8.810370
8.753280
8.696740
8.640610
8.584970
8.529800
8.475120
8.420910
8.367190
8.313950
8.261180
8.208900
8.157100
8.105710
8.054870
8.004450
7.954500
7.904980
7.856000
7.807440
7.759300
7.711640
7.664460
7.617690
7.571350
7.525490
7.480050
7.435030
7.390490
7.346310
7.302610
7.259340
7.216480
7.173980
7.131960
7.090300
7.049060
7.008240
6.967850
6.927810
6.888130
6.848870
6.810030
6.771560
6.733440
6.695680
6.658290
6.621310
6.584630
6.548320
6.512420
6.476830
6.441590
6.406660
6.372080
6.337860
6.303950
6.270390
6.237140
6.204240
6.171590
6.139300
6.107360
6.075670
6.044270
6.013180
5.982400
5.951910
5.921710
5.891780
5.862140
5.832780
5.803690
5.774880
5.746330
5.718050
5.690030
5.662270
5.634770
5.607510
5.580510
5.553750
5.527230
5.500960
5.474930
5.449130
5.423560
5.398210
5.373100
5.348210
5.323540
5.299080
5.274840
5.250820
5.227000
5.203400
5.180000
5.156800
5.133790
5.110990
5.088380
5.065970
5.043740
5.021710
4.999860
4.978190
4.956700
4.935390
4.914260
4.893310
4.872520
4.851910
4.831470
4.811190
4.791080
4.771120
4.751330
4.731700
4.712230
4.692910
4.673740
4.654730
4.635870
4.617140
4.598580
4.580150
4.561860
4.543720
4.525720
4.507850
4.490120
4.472520
4.455060
4.437720
4.420530
4.403450
4.386500
4.369680
4.352980
4.336410
4.319960
4.303620
4.287410
4.271320
4.255330
4.239470
4.223720
4.208070
4.192540
4.177120
4.161810
4.146610
4.131510
4.116520
4.101630
4.086840
4.072150
4.057570
4.043090
4.028700
4.014410
4.000220
3.986120
3.972110
3.958210
3.944390
3.930660
3.917030
3.903480
3.890020
3.876650
3.863360
3.850160
3.837050
3.824020
3.811070
3.798210
3.785430
3.772730
3.760110
3.747570
3.735100
3.722710
3.710400
3.698170
3.686010
3.673930
3.661910
3.649970
3.638110
3.626320
3.614590
3.602940
3.591360
3.579840
3.568400
3.557020
3.545710
3.534460
3.523280
3.512170
3.501120
3.490130
3.479210
3.468350
3.457550
3.446810
3.436140
3.425520
3.414970
3.404470
3.394040
3.383660
3.373340
3.363070
3.352870
3.342720
3.332620
3.322580
3.312590
3.302660
3.292790
3.282960
3.273190
3.263470
3.253800
3.244190
3.234620
3.225110
3.215650
3.206230
3.196860
3.187550
3.178280
3.169060
3.159890
3.150760
3.141690
3.132650
3.123670
3.114730
3.105840
3.096980
3.088180
3.079420
3.070700
3.062030
3.053400
3.044810
3.036270
3.027770
3.019300
3.010880
3.002510
2.994170
2.985870
2.977610
2.969400
2.961220
2.953080
2.944980
2.936920
2.928900
2.920910
2.912970
2.905050
2.897190
2.889350
2.881550
2.873790
2.866060
2.858370
2.850710
2.843100
2.835510
2.827960
2.820440
2.812960
2.805510
2.798100
2.790720
2.783370
2.776060
2.768780
2.761520
2.754310
2.747120
2.739970
2.732850
2.725760
2.718700
2.711670
2.704670
2.697710
2.690770
2.683860
2.676990
2.670140
2.663320
2.656530
2.649770
2.643040
2.636340
2.629670
2.623020
2.616400
2.609820
2.603250
2.596720
2.590210
2.583730
2.577280
2.570860
2.564460
2.558080
2.551730
2.545410
2.539120
2.532850
2.526600
2.520390
2.514190
2.508030
2.501880
2.495760
2.489670
2.483600
2.477550
2.471530
2.465530
2.459560
2.453610
2.447690
2.441780
2.435900
2.430040
2.424210
2.418400
2.412610
2.406840
2.401100
2.395380
2.389680
2.384000
2.378350
2.372710
2.367100
2.361510
2.355940
2.350390
2.344870
2.339360
2.333870
2.328410
2.322960
2.317540
2.312130
2.306750
2.301380
2.296040
2.290720
2.285420
2.280130
2.274860
2.269620
2.264400
2.259180
2.254000
2.248830
2.243680
2.238550
2.233430
2.228340
2.223260
2.218200
2.213160
2.208140
2.203140
2.198150
2.193190
2.188230
2.183300
2.178380
2.173480
2.168600
2.163740
2.158900
2.154070
2.149250
2.144460
2.139680
2.134920
2.130180
2.125450
2.120730
2.116030
2.111360
2.106690
2.102040
2.097410
2.092800
2.088190
2.083610
2.079040
2.074490
2.069950
2.065420
2.060920
2.056430
2.051950
2.047490
2.043040
2.038600
2.034190
2.029790
2.025400
2.021030
2.016670
2.012320
2.008000
2.003680
1.999380
1.995090
1.990820
1.986560
1.982310
1.978080
1.973870
1.969660
1.965470
1.961300
1.957130
1.952980
1.948850
1.944720
1.940620
1.936520
1.932440
1.928370
1.924310
1.920270
1.916240
1.912220
1.908210
1.904220
1.900240
1.896280
1.892320
1.888380
1.884450
1.880530
1.876630
1.872730
1.868850
1.864980
1.861130
1.857290
1.853450
1.849630
1.845820
1.842030
1.838240
1.834470
1.830710
1.826960
1.823220
1.819490
1.815780
1.812080
1.808380
1.804700
1.801030
1.797370
1.793730
1.790090
1.786460
1.782850
1.779240
1.775650
1.772070
1.768500
1.764940
1.761380
1.757850
1.754320
1.750800
1.747290
1.743800
1.740310
1.736830
1.733370
1.729910
1.726470
1.723030
1.719600
1.716190
1.712790
1.709390
1.706000
1.702630
1.699270
1.695910
1.692560
1.689230
1.685910
1.682590
1.679280
1.675980
1.672690
1.669420
1.666150
1.662890
1.659640
1.656400
1.653170
1.649950
1.646740
1.643530
1.640340
1.637160
1.633980
1.630810
1.627660
1.624510
1.621370
1.618240
1.615120
1.612010
1.608900
1.605810
1.602720
1.599640
1.596570
1.593510
1.590460
1.587420
1.584380
1.581360
1.578340
1.575330
1.572330
1.569340
1.566360
1.563380
1.560410
1.557450
1.554500
1.551560
1.548620
1.545690
1.542780
1.539870
1.536970
1.534070
1.531190
1.528310
1.525440
1.522570
1.519720
1.516870
1.514030
1.511200
1.508380
1.505560
1.502750
1.499950
1.497160
1.494370
1.491600
1.488830
1.486060
1.483310
1.480560
1.477820
1.475090
1.472360
1.469640
1.466930
1.464230
1.461530
1.458840
1.456160
1.453490
1.450820
1.448160
1.445500
1.442860
1.440220
1.437590
1.434960
1.432340
1.429730
1.427120
1.424530
1.421940
1.419350
1.416780
1.414210
1.411640
1.409090
1.406530
1.403990
1.401460
1.398920
1.396400
1.393890
1.391380
1.388870
1.386380
1.383890
1.381400
1.378920
1.376460
1.373990
1.371530
1.369080
1.366640
1.364190
1.361760
1.359340
1.356920
1.354500
1.352090
1.349690
1.347290
1.344910
1.342520
1.340150
1.337770
1.335410
1.333060
1.330700
1.328360
1.326010
1.323680
1.321350
1.319030
1.316710
1.314400
1.312090
1.309800
1.307500
1.305220
1.302930
1.300660
1.298390
1.296130
1.293860
1.291610
1.289370
1.287120
1.284890
1.282660
1.280440
1.278220
1.276010
1.273800
1.271590
1.269400
1.267210
1.265020
1.262840
1.260670
1.258500
1.256340
1.254170
1.252030
1.249880
1.247730
1.245600
1.243470
1.241340
1.239220
1.237100
1.234990
1.232890
1.230790
1.228690
1.226600
1.224520
1.222440
1.220370
1.218300
1.216230
1.214170
1.212120
1.210070
1.208030
1.205990
1.203960
1.201930
1.199900
1.197890
1.195870
1.193870
1.191860
1.189860
1.187870
1.185880
1.183900
1.181910
1.179940
1.177970
1.176010
1.174050
1.172090
1.170140
1.168190
1.166250
1.164320
1.162390
1.160460
1.158540
1.156620
1.154700
1.152800
1.150890
1.149000
1.147110
1.145210
1.143340
1.141470
1.139670
1.138950
1.140290
1.144030
1.150890
1.162280
1.181190
1.212940
1.264370
1.342490
1.452970
1.599150
1.781830
1.999540
2.249110
2.526470
2.827210
3.147020
3.481920
3.828310
4.182850
4.542480
4.904440
5.266330
5.626210
5.982580
6.334320
6.680740
7.021210
7.355440
7.683300
8.004630
8.319350
8.627580
8.929400
9.224790
9.513880
9.796790
10.073600
10.344500
10.609500
10.868700
11.122400
11.370500
11.613200
11.850500
12.082600
12.309500
12.531400
12.748300
12.960300
13.167400
13.369800
13.567500
13.760600
13.949100
14.133200
14.312800
14.488100
14.659100
14.825800
14.988300
15.146800
15.301100
15.451400
15.597800
15.740200
15.878600
16.013300
16.144300
16.271500
16.395100
16.515000
16.631400
16.744200
16.853500
16.959400
17.061900
17.161000
17.256900
17.349400
17.438700
17.524800
17.607800
17.687700
17.764500
17.838300
17.909000
17.976900
18.041800
18.103800
18.163000
18.219400
18.273100
18.324100
18.372300
18.417900
18.460900
18.501400
18.539300
18.574600
18.607600
18.638000
18.666100
18.691800
18.715200
18.736300
18.755100
18.771700
18.786000
18.798300
18.808300
18.816300
18.822200
18.826100
18.827900
18.827800
18.825700
18.821700
18.815800
18.808100
18.798500
18.787200
18.774000
18.759100
18.742600
18.724300
18.704400
18.682800
18.659700
18.635000
18.608700
18.581000
18.551700
18.521000
18.488800
18.455200
18.420300
18.384000
18.346300
18.307400
18.267200
18.225700
18.183000
18.139100
18.094000
18.047700
18.000300
17.951800
17.902200
17.851500
17.799900
17.747100
17.693400
17.638700
17.583100
17.526600
17.469000
17.410700
17.351500
17.291400
17.230600
17.168900
17.106400
17.043200
16.979200
16.914500
16.849100
16.783100
16.716400
16.649000
16.581100
16.512500
16.443300
16.373600
16.303300
16.232500
16.161200
16.089400
16.017100
15.944400
15.871200
15.797600
15.723600
15.649200
15.574400
15.499300
15.423900
15.348100
15.272000
15.195600
15.119000
15.042000
14.964900
14.887500
14.809900
14.732100
14.654200
14.576100
14.497700
14.419300
14.340800
14.262100
14.183300
14.104500
14.025600
13.946600
13.867600
13.788500
13.709400
13.630400
13.551300
13.472300
13.393300
13.314400
13.235500
13.156700
13.078000
12.999400
12.920900
12.842500
12.764200
12.686100
12.608100
12.530300
12.452700
12.375200
12.298000
12.221000
12.144200
12.067600
11.991200
11.915100
11.839300
11.763700
11.688400
11.613400
11.538700
11.464300
11.390200
11.316400
11.242900
11.169800
11.097000
11.024600
10.952500
10.880800
10.809400
10.738500
10.667900
10.597700
10.527900
10.458500
10.389600
10.321000
10.252900
10.185200
10.117900
10.051000
9.984550
9.918580
9.853090
9.787960
9.723370
9.659200
9.595460
9.532250
9.469460
9.407090
9.345260
9.283920
9.222990
9.162540
9.102640
9.043150
8.984140
8.925620
8.867630
8.810070
8.752980
8.696380
8.640250
8.584670
8.529500
8.474820
8.420610
8.366890
8.313640
8.260880
8.208600
8.156800
8.105470
8.054570
8.004150
7.954200
7.904740
7.855700
7.807140
7.759000
7.711400
7.664160
7.617390
7.571110
7.525190
7.479750
7.434790
7.390190
7.346070
7.302370
7.259100
7.216240
7.173740
7.131720
7.090060
7.048880
7.008060
6.967610
6.927570
6.887950
6.848690
6.809790
6.771320
6.733200
6.695440
6.658110
6.621070
6.584450
6.548140
6.512180
6.476590
6.441350
6.406480
6.371900
6.337680
6.303770
6.270210
6.236960
6.204060
6.171410
6.139120
6.107180
6.075490
6.044090
6.013000
5.982240
5.951740
5.921540
5.891620
5.861980
5.832620
5.803540
5.774720
5.746170
5.717900
5.689880
5.662120
5.634620
5.607360
5.580360
5.553600
5.527100
5.500820
5.474790
5.448990
5.423420
5.398080
5.372960
5.348080
5.323410
5.298950
5.274720
5.250700
5.226880
5.203270
5.179870
5.156670
5.133670
5.110870
5.088260
5.065850
5.043630
5.021590
4.999740
4.978070
4.956590
4.935280
4.914150
4.893190
4.872410
4.851800
4.831360
4.811080
4.790970
4.771020
4.751230
4.731600
4.712130
4.692810
4.673650
4.654630
4.635760
4.617050
4.598480
4.580050
4.561770
4.543620
4.525620
4.507760
4.490020
4.472430
4.454960
4.437630
4.420440
4.403360
4.386420
4.369590
4.352900
4.336330
4.319870
4.303540
4.287330
4.271230
4.255250
4.239390
4.223630
4.208000
4.192470
4.177050
4.161730
4.146530
4.131430
4.116440
4.101560
4.086770
4.072080
4.057500
4.043010
4.028630
4.014340
4.000150
3.986050
3.972050
3.958130
3.944320
3.930590
3.916960
3.903410
3.889950
3.876580
3.863300
3.850100
3.836990
3.823960
3.811010
3.798150
3.785360
3.772660
3.760050
3.747500
3.735040
3.722650
3.710340
3.698100
3.685950
3.673870
3.661850
3.649910
3.638050
3.626260
3.614530
3.602880
3.591300
3.579790
3.568340
3.556960
3.545650
3.534410
3.523230
3.512110
3.501070
3.490080
3.479160
3.468300
3.457500
3.446760
3.436090
3.425470
3.414920
3.404420
3.393980
3.383610
3.373290
3.363020
3.352810
3.342660
3.332570
3.322530
3.312550
3.302610
3.292740
3.282910
3.273140
3.263420
3.253760
3.244140
3.234580
3.225060
3.215600
3.206180
3.196820
3.187500
3.178240
3.169020
3.159840
3.150720
3.141640
3.132610
3.123620
3.114690
3.105790
3.096940
3.088140
3.079380
3.070660
3.061990
3.053360
3.044770
3.036230
3.027730
3.019260
3.010850
3.002470
2.994130
2.985830
2.977570
2.969360
2.961180
2.953040
2.944940
2.936880
2.928860
2.920870
2.912930
2.905020
2.897140
2.889310
2.881510
2.873750
2.866030
2.858330
2.850680
2.843060
2.835470
2.827920
2.820400
2.812930
2.805480
2.798060
2.790690
2.783340
2.776020
2.768740
2.761490
2.754270
2.747090
2.739940
2.732810
2.725720
2.718670
2.711640
2.704640
2.697670
2.690740
2.683830
2.676950
2.670110
2.663290
2.656500
2.649740
2.643010
2.636310
2.629630
2.622990
2.616370
2.609780
2.603220
2.596690
2.590180
2.583700
2.577250
2.570830
2.564420
2.558050
2.551700
2.545380
2.539090
2.532820
2.526570
2.520360
2.514160
2.508000
2.501850
2.495730
2.489640
2.483570
2.477530
2.471500
2.465500
2.459530
2.453580
2.447660
2.441750
2.435870
2.430010
2.424180
2.418370
2.412580
2.406810
2.401070
2.395350
2.389650
2.383970
2.378320
2.372680
2.367070
2.361480
2.355910
2.350370
2.344840
2.339330
2.333850
2.328380
2.322930
2.317510
2.312110
2.306730
2.301360
2.296020
2.290690
2.285390
2.280100
2.274840
2.269590
2.264370
2.259160
2.253970
2.248800
2.243650
2.238520
2.233410
2.228310
2.223230
2.218180
2.213140
2.208110
2.203110
2.198130
2.193160
2.188210
2.183270
2.178360
2.173460
2.168580
2.163720
2.158870
2.154040
2.149230
2.144440
2.139660
2.134890
2.130150
2.125420
2.120710
2.116010
2.111330
2.106670
2.102020
2.097390
2.092770
2.088170
2.083590
2.079010
2.074460
2.069930
2.065400
2.060900
2.056400
2.051920
2.047460
2.043020
2.038590
2.034170
2.029770
2.025380
2.021000
2.016650
2.012300
2.007970
2.003660
1.999360
1.995070
1.990800
1.986540
1.982290
1.978060
1.973840
1.969640
1.965450
1.961270
1.957110
1.952960
1.948830
1.944700
1.940600
1.936500
1.932420
1.928350
1.924290
1.920250
1.916220
1.912200
1.908200
1.904200
1.900220
1.896260
1.892300
1.888360
1.884430
1.880510
1.876610
1.872710
1.868840
1.864970
1.861110
1.857270
1.853430
1.849620
1.845800
1.842010
1.838220
1.834450
1.830690
1.826940
1.823200
1.819480
1.815760
1.812060
1.808370
1.804680
1.801010
1.797350
1.793710
1.790070
1.786440
1.782830
1.779220
1.775630
1.772050
1.768480
1.764920
1.761360
1.757830
1.754300
1.750780
1.747280
1.743780
1.740290
1.736810
1.733350
1.729890
1.726450
1.723010
1.719590
1.716170
1.712770
1.709380
1.705990
1.702610
1.699250
1.695890
1.692550
1.689210
1.685890
1.682570
1.679270
1.675960
1.672680
1.669400
1.666130
1.662870
1.659630
1.656380
1.653150
1.649930
1.646720
1.643520
1.640330
1.637140
1.633960
1.630800
1.627640
1.624490
1.621350
1.618230
1.615100
1.611990
1.608890
1.605790
1.602700
1.599630
1.596560
1.593500
1.590440
1.587400
1.584370
1.581340
1.578330
1.575320
1.572320
1.569320
1.566340
1.563360
1.560400
1.557440
1.554490
1.551540
1.548610
1.545680
1.542770
1.539850
1.536950
1.534060
1.531170
1.528290
1.525420
1.522560
1.519700
1.516860
1.514020
1.511190
1.508360
1.505550
1.502740
1.499940
1.497150
1.494360
1.491580
1.488810
1.486050
1.483300
1.480550
1.477800
1.475070
1.472350
1.469630
1.466920
1.464210
1.461520
1.458830
1.456150
1.453470
1.450800
1.448150
1.445490
1.442850
1.440200
1.437570
1.434950
1.432330
1.429720
1.427110
1.424510
1.421930
1.419340
1.416760
1.414190
1.411630
1.409070
1.406520
1.403980
1.401440
1.398910
1.396390
1.393880
1.391370
1.388860
1.386370
1.383870
1.381390
1.378910
1.376440
1.373980
1.371520
1.369070
1.366620
1.364180
1.361750
1.359320
1.356900
1.354490
1.352080
1.349680
1.347280
1.344890
1.342510
1.340130
1.337770
1.335400
1.333040
1.330690
1.328340
1.326000
1.323670
1.321340
1.319020
1.316700
1.314390
1.312080
1.309780
1.307490
1.305200
1.302920
1.300650
1.298380
1.296120
1.293860
1.291600
1.289360
1.287120
1.284880
1.282650
1.280420
1.278210
1.275990
1.273790
1.271580
1.269390
1.267190
1.265010
1.262830
1.260660
1.258490
1.256320
1.254170
1.252010
1.249870
1.247720
1.245590
1.243450
1.241330
1.239210
1.237090
1.234980
1.232880
1.230780
1.228680
1.226590
1.224510
1.222430
1.220360
1.218280
1.216230
1.214170
1.212110
1.210060
1.208020
1.205980
1.203940
1.201920
1.199890
1.197880
1.195860
1.193850
1.191850
1.189850
1.187860
1.185870
1.183880
1.181910
1.179930
1.177960
1.176000
1.174040
1.172080
1.170130
1.168190
1.166250
1.164310
1.162380
1.160450
1.158530
1.156610
1.154700
1.152790
1.150890
1.148990
1.147090
1.145210
1.143330
1.141460
1.139660
1.138950
1.140280
1.144020
1.150880
1.162270
1.181180
1.212920
1.264360
1.342470
1.452940
1.599120
1.781800
1.999490
2.249060
2.526420
2.827150
3.146960
3.481860
3.828230
4.182770
4.542390
4.904340
5.266230
5.626110
5.982480
6.334200
6.680620
7.021090
7.355320
7.683180
8.004510
8.319230
8.627460
8.929220
9.224610
9.513700
9.796610
10.073400
10.344300
10.609400
10.868600
11.122200
11.370300
11.613000
11.850400
12.082400
12.309400
12.531200
12.748100
12.960100
13.167200
13.369600
13.567300
13.760400
13.949000
14.133000
14.312600
14.487900
14.658900
14.825600
14.988100
15.146600
15.300900
15.451200
15.597500
15.739900
15.878500
16.013100
16.144100
16.271300
16.394800
16.514700
16.631100
16.743900
16.853300
16.959200
17.061600
17.160700
17.256600
17.349100
17.438400
17.524600
17.607500
17.687400
17.764200
17.838000
17.908700
17.976600
18.041500
18.103500
18.162800
18.219200
18.272900
18.323800
18.372000
18.417600
18.460700
18.501100
18.539000
18.574400
18.607300
18.637700
18.665800
18.691500
18.714900
18.736000
18.754800
18.771400
18.785700
18.797900
18.808000
18.816000
18.821900
18.825800
18.827600
18.827500
18.825400
18.821400
18.815500
18.807800
18.798200
18.786800
18.773700
18.758800
18.742300
18.724000
18.704100
18.682500
18.659400
18.634600
18.608400
18.580600
18.551400
18.520700
18.488500
18.454900
18.420000
18.383700
18.346000
18.307100
18.266900
18.225400
18.182600
18.138800
18.093600
18.047300
18.000000
17.951500
17.901900
17.851200
17.799500
17.746800
17.693100
17.638400
17.582800
17.526200
17.468700
17.410400
17.351200
17.291100
17.230200
17.168600
17.106100
17.042900
16.978900
16.914200
16.848800
16.782800
16.716100
16.648700
16.580700
16.512200
16.443000
16.373300
16.303000
16.232200
16.160900
16.089100
16.016800
15.944100
15.870900
15.797300
15.723300
15.648900
15.574100
15.499000
15.423600
15.347800
15.271700
15.195300
15.118600
15.041700
14.964600
14.887200
14.809600
14.731800
14.653900
14.575700
14.497400
14.419000
14.340500
14.261800
14.183000
14.104200
14.025300
13.946300
13.867300
13.788200
13.709100
13.630100
13.551000
13.472000
13.393000
13.314100
13.235200
13.156400
13.077700
12.999100
12.920600
12.842200
12.763900
12.685800
12.607800
12.530000
12.452400
12.375000
12.297700
12.220700
12.143900
12.067300
11.991000
11.914900
11.839000
11.763400
11.688200
11.613100
11.538500
11.464000
11.389900
11.316100
11.242700
11.169500
11.096800
11.024300
10.952200
10.880600
10.809200
10.738200
10.667700
10.597500
10.527700
10.458300
10.389400
10.320800
10.252600
10.184900
10.117600
10.050800
9.984370
9.918400
9.852850
9.787780
9.723130
9.658960
9.595280
9.532010
9.469220
9.406910
9.345080
9.283680
9.222810
9.162360
9.102460
9.042970
8.983960
8.925440
8.867450
8.809890
8.752800
8.696200
8.640070
8.584490
8.529320
8.474640
8.420430
8.366770
8.313520
8.260760
8.208480
8.156620
8.105290
8.054390
8.004030
7.954080
7.904560
7.855580
7.807020
7.758880
7.711220
7.664040
7.617270
7.570930
7.525070
7.479630
7.434670
7.390070
7.345950
7.302250
7.258970
7.216060
7.173620
7.131600
7.089940
7.048760
7.007940
6.967490
6.927450
6.887830
6.848570
6.809670
6.771200
6.733080
6.695320
6.657990
6.620950
6.584330
6.548020
6.512120
6.476530
6.441290
6.406350
6.371780
6.337560
6.303710
6.270090
6.236900
6.203940
6.171350
6.139060
6.107060
6.075370
6.044030
6.012940
5.982150
5.951650
5.921450
5.891540
5.861890
5.832540
5.803450
5.774640
5.746100
5.717820
5.689800
5.662040
5.634540
5.607280
5.580280
5.553530
5.527020
5.500750
5.474710
5.448920
5.423340
5.398010
5.372890
5.348010
5.323330
5.298890
5.274650
5.250620
5.226810
5.203210
5.179800
5.156610
5.133610
5.110810
5.088200
5.065790
5.043560
5.021530
4.999680
4.978010
4.956530
4.935220
4.914090
4.893140
4.872360
4.851750
4.831300
4.811030
4.790920
4.770970
4.751180
4.731550
4.712080
4.692760
4.673590
4.654580
4.635720
4.617000
4.598430
4.580000
4.561710
4.543570
4.525570
4.507710
4.489980
4.472380
4.454920
4.437590
4.420390
4.403320
4.386370
4.369550
4.352860
4.336280
4.319830
4.303500
4.287280
4.271190
4.255210
4.239350
4.223590
4.207950
4.192420
4.177000
4.161700
4.146490
4.131400
4.116400
4.101510
4.086730
4.072040
4.057460
4.042980
4.028590
4.014300
4.000110
3.986010
3.972010
3.958100
3.944280
3.930560
3.916920
3.903370
3.889910
3.876550
3.863260
3.850060
3.836950
3.823920
3.810980
3.798110
3.785330
3.772630
3.760010
3.747470
3.735000
3.722620
3.710310
3.698070
3.685910
3.673830
3.661820
3.649880
3.638020
3.626230
3.614500
3.602850
3.591270
3.579760
3.568310
3.556930
3.545620
3.534380
3.523200
3.512080
3.501040
3.490050
3.479130
3.468270
3.457470
3.446740
3.436060
3.425440
3.414890
3.404390
3.393950
3.383580
3.373260
3.362990
3.352790
3.342640
3.332540
3.322500
3.312520
3.302590
3.292710
3.282890
3.273110
3.263400
3.253730
3.244120
3.234550
3.225040
3.215570
3.206160
3.196800
3.187480
3.178210
3.168990
3.159820
3.150700
3.141620
3.132590
3.123600
3.114660
3.105770
3.096920
3.088120
3.079350
3.070640
3.061960
3.053340
3.044750
3.036210
3.027700
3.019240
3.010820
3.002440
2.994100
2.985810
2.977550
2.969340
2.961160
2.953020
2.944920
2.936860
2.928840
2.920850
2.912910
2.905000
2.897130
2.889290
2.881490
2.873730
2.866000
2.858310
2.850660
2.843040
2.835450
2.827900
2.820390
2.812910
2.805460
2.798040
2.790670
2.783320
2.776000
2.768720
2.761470
2.754260
2.747070
2.739920
2.732800
2.725710
2.718650
2.711620
2.704630
2.697660
2.690720
2.683810
2.676930
2.670090
2.663270
2.656480
2.649720
2.643000
2.636290
2.629620
2.622980
2.616360
2.609770
2.603200
2.596670
2.590170
2.583680
2.577230
2.570810
2.564410
2.558030
2.551690
2.545370
2.539070
2.532800
2.526560
2.520340
2.514150
2.507980
2.501840
2.495710
2.489620
2.483550
2.477510
2.471490
2.465490
2.459520
2.453570
2.447640
2.441740
2.435860
2.430000
2.424170
2.418360
2.412570
2.406800
2.401060
2.395340
2.389640
2.383960
2.378310
2.372670
2.367060
2.361470
2.355900
2.350350
2.344820
2.339310
2.333830
2.328370
2.322920
2.317490
2.312090
2.306710
2.301350
2.296010
2.290680
2.285370
2.280090
2.274830
2.269580
2.264350
2.259150
2.253960
2.248790
2.243640
2.238510
2.233390
2.228300
2.223220
2.218170
2.213130
2.208100
2.203100
2.198110
2.193150
2.188200
2.183260
2.178350
2.173450
2.168570
2.163710
2.158860
2.154030
2.149220
2.144430
2.139650
2.134880
2.130140
2.125410
2.120700
2.116000
2.111320
2.106660
2.102000
2.097380
2.092760
2.088160
2.083580
2.079010
2.074450
2.069910
2.065390
2.060890
2.056390
2.051920
2.047450
2.043000
2.038570
2.034160
2.029760
2.025370
2.020990
2.016630
2.012290
2.007960
2.003640
1.999350
1.995060
1.990790
1.986530
1.982280
1.978050
1.973840
1.969630
1.965440
1.961270
1.957100
1.952950
1.948820
1.944690
1.940590
1.936490
1.932410
1.928340
1.924280
1.920240
1.916210
1.912190
1.908180
1.904190
1.900210
1.896250
1.892290
1.888350
1.884420
1.880510
1.876600
1.872710
1.868820
1.864960
1.861100
1.857260
1.853430
1.849600
1.845800
1.842000
1.838220
1.834440
1.830680
1.826930
1.823190
1.819460
1.815750
1.812050
1.808350
1.804670
1.801000
1.797340
1.793700
1.790060
1.786430
1.782820
1.779220
1.775620
1.772040
1.768470
1.764910
1.761360
1.757820
1.754290
1.750770
1.747260
1.743770
1.740280
1.736810
1.733340
1.729890
1.726440
1.723000
1.719580
1.716160
1.712760
1.709360
1.705980
1.702600
1.699240
1.695890
1.692540
1.689210
1.685880
1.682560
1.679250
1.675960
1.672670
1.669390
1.666130
1.662870
1.659620
1.656380
1.653150
1.649930
1.646710
1.643510
1.640320
1.637130
1.633960
1.630790
1.627630
1.624490
1.621350
1.618210
1.615090
1.611980
1.608880
1.605780
1.602700
1.599620
1.596550
1.593490
1.590440
1.587400
1.584360
1.581330
1.578320
1.575310
1.572300
1.569320
1.566330
1.563350
1.560390
1.557430
1.554480
1.551540
1.548600
1.545680
1.542760
1.539850
1.536940
1.534050
1.531160
1.528290
1.525420
1.522550
1.519700
1.516850
1.514010
1.511180
1.508360
1.505540
1.502730
1.499930
1.497140
1.494350
1.491570
1.488810
1.486050
1.483290
1.480540
1.477800
1.475070
1.472340
1.469620
1.466910
1.464210
1.461510
1.458820
1.456140
1.453460
1.450800
1.448140
1.445490
1.442840
1.440200
1.437570
1.434940
1.432320
1.429710
1.427110
1.424510
1.421920
1.419330
1.416760
1.414190
1.411630
1.409070
1.406520
1.403970
1.401440
1.398910
1.396380
1.393870
1.391360
1.388860
1.386360
1.383870
1.381380
1.378900
1.376440
1.373970
1.371510
1.369060
1.366620
1.364170
1.361740
1.359320
1.356900
1.354490
1.352070
1.349670
1.347280
1.344890
1.342500
1.340130
1.337760
1.335400
1.333040
1.330690
1.328340
1.326000
1.323660
1.321330
1.319010
1.316690
1.314380
1.312080
1.309780
1.307480
1.305200
1.302920
1.300640
1.298370
1.296110
1.293850
1.291600
1.289350
1.287110
1.284870
1.282650
1.280420
1.278200
1.275990
1.273780
1.271580
1.269380
1.267190
1.265000
1.262820
1.260650
1.258480
1.256320
1.254160
1.252010
1.249860
1.247720
1.245580
1.243450
1.241320
1.239200
1.237090
1.234980
1.232870
1.230770
1.228680
1.226590
1.224500
1.222430
1.220350
1.218280
1.216220
1.214160
1.212110
1.210060
1.208010
1.205970
1.203940
1.201920
1.199890
1.197870
1.195860
1.193850
1.191850
1.189850
1.187850
1.185860
1.183880
1.181900
1.179930
1.177960
1.175990
1.174030
1.172080
1.170130
1.168180
1.166240
1.164300
1.162370
1.160440
1.158520
1.156610
1.154690
1.152780
1.150880
