1.098590
1.096780
1.094970
1.093180
1.091390
1.089620
1.087960
1.087600
1.089350
1.093540
1.100840
1.112480
1.131110
1.161370
1.209230
1.280820
1.381300
1.513950
1.679930
1.878410
2.107010
2.362340
2.640560
2.937740
3.250180
3.574550
3.907820
4.247220
4.590200
4.934470
5.278000
5.619150
5.956590
6.289410
6.616860
6.938470
7.253960
7.563140
7.865900
8.162230
8.452210
8.735820
9.013250
9.284430
9.549600
9.808820
10.062200
10.309800
10.551800
10.788300
11.019300
11.245000
11.465600
11.680900
11.891200
12.096600
12.297100
12.492700
12.683700
12.870000
13.051700
13.228900
13.401600
13.570000
13.734100
13.893900
14.049600
14.201100
14.348500
14.492000
14.631400
14.767000
14.898800
15.026600
15.150800
15.271300
15.388100
15.501200
15.610900
15.717100
15.819800
15.919200
16.015200
16.107800
16.197200
16.283400
16.366400
16.446300
16.523200
16.596900
16.667700
16.735500
16.800300
16.862300
16.921500
16.977800
17.031500
17.082300
17.130500
17.176100
17.219000
17.259400
17.297200
17.332600
17.365500
17.395900
17.424000
17.449800
17.473200
17.494300
17.513200
17.529900
17.544400
17.556800
17.567100
17.575300
17.581400
17.585500
17.587700
17.587900
17.586200
17.582600
17.577200
17.569900
17.560800
17.550000
17.537500
17.523200
17.507300
17.489800
17.470600
17.449900
17.427600
17.403700
17.378400
17.351600
17.323300
17.293600
17.262600
17.230200
17.196400
17.161300
17.125000
17.087300
17.048500
17.008400
16.967200
16.924800
16.881200
16.836700
16.790900
16.744100
16.696300
16.647500
16.597600
16.546900
16.495100
16.442400
16.388800
16.334400
16.279100
16.223000
16.166100
16.108300
16.049800
15.990500
15.930500
15.869900
15.808500
15.746400
15.683800
15.620400
15.556500
15.492000
15.426900
15.361200
15.295100
15.228400
15.161200
15.093500
15.025400
14.956800
14.887800
14.818400
14.748600
14.678500
14.608000
14.537100
14.465900
14.394400
14.322700
14.250600
14.178400
14.105800
14.033000
13.960100
13.886900
13.813500
13.740000
13.666300
13.592500
13.518600
13.444500
13.370400
13.296200
13.221900
13.147500
13.073200
12.998700
12.924400
12.849900
12.775500
12.701200
12.626800
12.552600
12.478300
12.404200
12.330100
12.256200
12.182300
12.108600
12.035000
11.961600
11.888300
11.815100
11.742200
11.669400
11.596900
11.524500
11.452400
11.380500
11.308800
11.237400
11.166200
11.095300
11.024600
10.954300
10.884200
10.814500
10.745000
10.675800
10.607000
10.538500
10.470300
10.402500
10.335000
10.267900
10.201200
10.134700
10.068700
10.003100
9.937870
9.872960
9.808530
9.744440
9.680810
9.617540
9.554740
9.492280
9.430300
9.368720
9.307550
9.246840
9.186610
9.126720
9.067300
9.008350
8.949860
8.891790
8.834120
8.776970
8.720240
8.663910
8.608110
8.552720
8.497800
8.443340
8.389350
8.335760
8.282650
8.230000
8.177760
8.126040
8.074740
8.023840
7.973470
7.923510
7.874010
7.824920
7.776300
7.728090
7.680340
7.633060
7.586190
7.539730
7.493740
7.448150
7.402970
7.358260
7.313960
7.270070
7.226580
7.183510
7.140900
7.098640
7.056790
7.015350
6.974310
6.933630
6.893350
6.853490
6.813970
6.774870
6.736170
6.697820
6.659820
6.622170
6.584930
6.548040
6.511510
6.475320
6.439480
6.403930
6.368790
6.334010
6.299510
6.265360
6.231570
6.198070
6.164910
6.132050
6.099480
6.067260
6.035330
6.003760
5.972410
5.941420
5.910720
5.880250
5.850130
5.820260
5.790680
5.761370
5.732350
5.703590
5.675100
5.646880
5.618910
5.591200
5.563760
5.536560
5.509610
5.482910
5.456450
5.430240
5.404260
5.378510
5.353000
5.327720
5.302660
5.277820
5.253210
5.228820
5.204640
5.180670
5.156920
5.133370
5.110020
5.086890
5.063950
5.041210
5.018660
4.996310
4.974150
4.952180
4.930390
4.908790
4.887360
4.866120
4.845070
4.824170
4.803460
4.782910
4.762540
4.742340
4.722290
4.702410
4.682690
4.663140
4.643730
4.624490
4.605400
4.586460
4.567670
4.549020
4.530530
4.512180
4.493970
4.475910
4.457970
4.440190
4.422540
4.405020
4.387640
4.370390
4.353270
4.336280
4.319410
4.302670
4.286060
4.269570
4.253200
4.236950
4.220820
4.204810
4.188920
4.173140
4.157470
4.141910
4.126470
4.111140
4.095910
4.080800
4.065790
4.050890
4.036090
4.021390
4.006800
3.992300
3.977900
3.963610
3.949410
3.935310
3.921300
3.907390
3.893570
3.879840
3.866210
3.852670
3.839210
3.825850
3.812570
3.799380
3.786270
3.773260
3.760320
3.747470
3.734700
3.722010
3.709400
3.696880
3.684420
3.672060
3.659760
3.647550
3.635410
3.623350
3.611360
3.599440
3.587600
3.575830
3.564130
3.552510
3.540950
3.529460
3.518040
3.506690
3.495410
3.484200
3.473050
3.461960
3.450940
3.439990
3.429100
3.418270
3.407510
3.396810
3.386170
3.375600
3.365070
3.354620
3.344220
3.333870
3.323590
3.313370
3.303200
3.293090
3.283030
3.273040
3.263090
3.253200
3.243370
3.233580
3.223860
3.214180
3.204560
3.194990
3.185470
3.176000
3.166580
3.157210
3.147890
3.138620
3.129410
3.120230
3.111110
3.102030
3.093000
3.084020
3.075080
3.066190
3.057350
3.048550
3.039790
3.031080
3.022420
3.013790
3.005220
2.996680
2.988180
2.979730
2.971330
2.962960
2.954630
2.946350
2.938100
2.929900
2.921730
2.913610
2.905520
2.897480
2.889470
2.881500
2.873570
2.865680
2.857820
2.850010
2.842230
2.834480
2.826780
2.819100
2.811470
2.803870
2.796300
2.788770
2.781280
2.773820
2.766390
2.759010
2.751640
2.744320
2.737030
2.729770
2.722550
2.715360
2.708200
2.701070
2.693970
2.686910
2.679870
2.672880
2.665900
2.658960
2.652060
2.645170
2.638330
2.631500
2.624720
2.617960
2.611230
2.604530
2.597850
2.591210
2.584590
2.578000
2.571440
2.564910
2.558410
2.551930
2.545490
2.539060
2.532670
2.526300
2.519960
2.513640
2.507350
2.501090
2.494850
2.488640
2.482450
2.476300
2.470160
2.464050
2.457970
2.451900
2.445870
2.439860
2.433870
2.427910
2.421970
2.416050
2.410160
2.404290
2.398450
2.392620
2.386830
2.381050
2.375290
2.369570
2.363860
2.358180
2.352510
2.346870
2.341250
2.335650
2.330080
2.324520
2.318990
2.313480
2.307980
2.302510
2.297060
2.291630
2.286230
2.280840
2.275470
2.270130
2.264800
2.259500
2.254210
2.248940
2.243700
2.238470
2.233260
2.228070
2.222900
2.217750
2.212610
2.207500
2.202410
2.197330
2.192280
2.187240
2.182220
2.177220
2.172240
2.167270
2.162320
2.157390
2.152480
2.147590
2.142710
2.137850
2.133010
2.128180
2.123370
2.118580
2.113810
2.109050
2.104310
2.099580
2.094870
2.090180
2.085500
2.080850
2.076210
2.071580
2.066970
2.062380
2.057800
2.053240
2.048690
2.044160
2.039640
2.035140
2.030660
2.026200
2.021740
2.017300
2.012880
2.008470
2.004070
1.999700
1.995340
1.990990
1.986650
1.982330
1.978020
1.973730
1.969460
1.965200
1.960950
1.956710
1.952490
1.948290
1.944090
1.939920
1.935750
1.931600
1.927460
1.923340
1.919220
1.915130
1.911050
1.906970
1.902920
1.898870
1.894840
1.890820
1.886820
1.882830
1.878840
1.874880
1.870920
1.866980
1.863060
1.859140
1.855230
1.851350
1.847470
1.843600
1.839740
1.835900
1.832070
1.828250
1.824450
1.820650
1.816870
1.813100
1.809340
1.805590
1.801860
1.798130
1.794420
1.790720
1.787030
1.783350
1.779690
1.776030
1.772390
1.768760
1.765140
1.761520
1.757920
1.754330
1.750760
1.747190
1.743630
1.740090
1.736550
1.733030
1.729520
1.726020
1.722530
1.719040
1.715580
1.712120
1.708670
1.705220
1.701800
1.698380
1.694970
1.691570
1.688180
1.684800
1.681430
1.678070
1.674720
1.671390
1.668060
1.664740
1.661430
1.658130
1.654840
1.651560
1.648290
1.645030
1.641780
1.638540
1.635300
1.632080
1.628860
1.625660
1.622470
1.619280
1.616110
1.612940
1.609780
1.606630
1.603490
1.600360
1.597230
1.594120
1.591010
1.587920
1.584830
1.581760
1.578690
1.575630
1.572570
1.569530
1.566500
1.563470
1.560450
1.557440
1.554440
1.551450
1.548470
1.545500
1.542530
1.539570
1.536620
1.533680
1.530750
1.527820
1.524900
1.521990
1.519090
1.516200
1.513310
1.510440
1.507570
1.504710
1.501850
1.499010
1.496180
1.493340
1.490520
1.487710
1.484900
1.482100
1.479310
1.476530
1.473760
1.470990
1.468230
1.465470
1.462730
1.459990
1.457260
1.454540
1.451820
1.449110
1.446410
1.443720
1.441030
1.438360
1.435680
1.433020
1.430360
1.427710
1.425070
1.422430
1.419800
1.417180
1.414560
1.411960
1.409360
1.406760
1.404180
1.401600
1.399020
1.396460
1.393900
1.391350
1.388800
1.386260
1.383730
1.381200
1.378680
1.376170
1.373670
1.371160
1.368670
1.366180
1.363700
1.361230
1.358760
1.356310
1.353850
1.351400
1.348960
1.346530
1.344100
1.341680
1.339260
1.336850
1.334450
1.332060
1.329660
1.327280
1.324900
1.322530
1.320170
1.317810
1.315450
1.313100
1.310760
1.308430
1.306100
1.303780
1.301460
1.299150
1.296840
1.294540
1.292250
1.289960
1.287680
1.285400
1.283130
1.280870
1.278610
1.276350
1.274110
1.271870
1.269630
1.267400
1.265170
1.262950
1.260740
1.258530
1.256330
1.254130
1.251940
1.249760
1.247580
1.245410
1.243240
1.241070
1.238920
1.236760
1.234610
1.232470
1.230340
1.228210
1.226080
1.223960
1.221840
1.219730
1.217630
1.215530
1.213440
1.211350
1.209270
1.207190
1.205110
1.203040
1.200980
1.198920
1.196870
1.194830
1.192780
1.190740
1.188710
1.186680
1.184660
1.182640
1.180630
1.178620
1.176620
1.174620
1.172630
1.170640
1.168660
1.166680
1.164710
1.162740
1.160770
1.158820
1.156860
1.154910
1.152970
1.151030
1.149090
1.147170
1.145240
1.143320
1.141400
1.139490
1.137580
1.135680
1.133780
1.131890
1.130000
1.128120
1.126240
1.124370
1.122490
1.120630
1.118770
1.116910
1.115060
1.113210
1.111370
1.109530
1.107700
1.105870
1.104040
1.102220
1.100400
1.098590
1.096780
1.094980
1.093180
1.091400
1.089630
1.087970
1.087610
1.089350
1.093540
1.100830
1.112480
1.131120
1.161370
1.209230
1.280840
1.381320
1.513980
1.679970
1.878460
2.107070
2.362410
2.640620
2.937800
3.250260
3.574670
3.907940
4.247350
4.590340
4.934610
5.278170
5.619320
5.956770
6.289590
6.617040
6.938650
7.254130
7.563310
7.866070
8.162410
8.452380
8.736060
9.013430
9.284670
9.549780
9.808990
10.062400
10.310000
10.552000
10.788500
11.019600
11.245300
11.465800
11.681100
11.891500
12.096800
12.297300
12.493000
12.683900
12.870200
13.051900
13.229100
13.401900
13.570300
13.734400
13.894200
14.049800
14.201300
14.348700
14.492200
14.631700
14.767200
14.899000
15.026900
15.151100
15.271500
15.388300
15.501500
15.611100
15.717300
15.820000
15.919400
16.015400
16.108100
16.197500
16.283700
16.366700
16.446600
16.523400
16.597200
16.668000
16.735700
16.800600
16.862600
16.921800
16.978100
17.031700
17.082600
17.130800
17.176400
17.219300
17.259700
17.297500
17.332800
17.365700
17.396200
17.424300
17.450100
17.473500
17.494600
17.513500
17.530200
17.544700
17.557100
17.567400
17.575500
17.581700
17.585800
17.588000
17.588200
17.586500
17.582900
17.577500
17.570200
17.561100
17.550300
17.537800
17.523500
17.507600
17.490100
17.470900
17.450200
17.427800
17.404000
17.378700
17.351900
17.323600
17.293900
17.262900
17.230500
17.196700
17.161600
17.125300
17.087600
17.048800
17.008700
16.967500
16.925100
16.881500
16.836900
16.791200
16.744400
16.696600
16.647800
16.597900
16.547100
16.495400
16.442700
16.389100
16.334700
16.279400
16.223300
16.166300
16.108600
16.050100
15.990800
15.930800
15.870200
15.808800
15.746700
15.684000
15.620700
15.556800
15.492200
15.427200
15.361500
15.295400
15.228700
15.161500
15.093800
15.025700
14.957100
14.888100
14.818700
14.748900
14.678800
14.608200
14.537400
14.466200
14.394700
14.323000
14.250900
14.178600
14.106100
14.033300
13.960300
13.887200
13.813800
13.740200
13.666600
13.592700
13.518800
13.444800
13.370700
13.296400
13.222100
13.147800
13.073400
12.999000
12.924600
12.850200
12.775800
12.701400
12.627100
12.552800
12.478600
12.404400
12.330400
12.256500
12.182600
12.108800
12.035200
11.961800
11.888500
11.815400
11.742500
11.669700
11.597100
11.524700
11.452600
11.380700
11.309000
11.237600
11.166400
11.095500
11.024900
10.954500
10.884400
10.814700
10.745200
10.676100
10.607200
10.538700
10.470500
10.402700
10.335200
10.268100
10.201300
10.135000
10.069000
10.003300
9.938050
9.873200
9.808760
9.744670
9.680990
9.617780
9.554910
9.492520
9.430470
9.368890
9.307780
9.247080
9.186780
9.126890
9.067530
9.008520
8.950040
8.891960
8.834290
8.777150
8.720410
8.664090
8.608290
8.552900
8.497970
8.443510
8.389460
8.335940
8.282820
8.230170
8.177930
8.126160
8.074860
8.024020
7.973590
7.923620
7.874130
7.825100
7.776420
7.728260
7.680520
7.633180
7.586310
7.539910
7.493850
7.448320
7.403150
7.358440
7.314080
7.270180
7.226760
7.183680
7.141010
7.098750
7.056900
7.015460
6.974430
6.933750
6.893470
6.853610
6.814150
6.775040
6.736280
6.697940
6.659940
6.622290
6.585050
6.548160
6.511620
6.475430
6.439540
6.404050
6.368910
6.334120
6.299630
6.265480
6.231690
6.198180
6.165030
6.132170
6.099600
6.067380
6.035450
6.003870
5.972530
5.941530
5.910770
5.880360
5.850190
5.820350
5.790770
5.761470
5.732430
5.703680
5.675190
5.646960
5.619000
5.591290
5.563840
5.536640
5.509690
5.483000
5.456540
5.430320
5.404340
5.378590
5.353080
5.327790
5.302730
5.277900
5.253290
5.228890
5.204720
5.180750
5.156990
5.133440
5.110100
5.086960
5.064020
5.041280
5.018740
4.996380
4.974220
4.952250
4.930460
4.908860
4.887430
4.866190
4.845130
4.824240
4.803520
4.782980
4.762610
4.742400
4.722360
4.702480
4.682750
4.663200
4.643800
4.624550
4.605460
4.586510
4.567730
4.549080
4.530590
4.512230
4.494020
4.475960
4.458030
4.440240
4.422590
4.405080
4.387690
4.370440
4.353320
4.336330
4.319470
4.302700
4.286080
4.269590
4.253230
4.236980
4.220840
4.204830
4.188940
4.173160
4.157490
4.141930
4.126500
4.111160
4.095930
4.080820
4.065810
4.050910
4.036110
4.021410
4.006810
3.992320
3.977930
3.963630
3.949430
3.935330
3.921320
3.907410
3.893590
3.879870
3.866230
3.852680
3.839230
3.825860
3.812590
3.799390
3.786290
3.773270
3.760330
3.747480
3.734720
3.722030
3.709420
3.696890
3.684440
3.672070
3.659780
3.647570
3.635430
3.623360
3.611370
3.599460
3.587620
3.575840
3.564150
3.552520
3.540960
3.529470
3.518060
3.506710
3.495420
3.484210
3.473060
3.461980
3.450960
3.440000
3.429120
3.418290
3.407530
3.396820
3.386180
3.375600
3.365090
3.354630
3.344230
3.333890
3.323600
3.313380
3.303210
3.293100
3.283040
3.273040
3.263100
3.253210
3.243380
3.233600
3.223870
3.214190
3.204570
3.195000
3.185480
3.176010
3.166590
3.157220
3.147900
3.138630
3.129410
3.120240
3.111120
3.102040
3.093010
3.084020
3.075090
3.066200
3.057360
3.048550
3.039800
3.031090
3.022420
3.013800
3.005220
2.996690
2.988190
2.979740
2.971330
2.962960
2.954640
2.946350
2.938110
2.929900
2.921740
2.913620
2.905530
2.897480
2.889480
2.881510
2.873580
2.865690
2.857830
2.850010
2.842230
2.834490
2.826780
2.819110
2.811470
2.803870
2.796310
2.788780
2.781280
2.773830
2.766400
2.759010
2.751650
2.744330
2.737040
2.729780
2.722550
2.715360
2.708200
2.701080
2.693980
2.686910
2.679880
2.672880
2.665910
2.658970
2.652060
2.645180
2.638330
2.631510
2.624720
2.617960
2.611230
2.604530
2.597860
2.591210
2.584600
2.578010
2.571450
2.564920
2.558410
2.551940
2.545490
2.539070
2.532670
2.526300
2.519960
2.513650
2.507360
2.501090
2.494860
2.488640
2.482460
2.476300
2.470160
2.464050
2.457970
2.451910
2.445870
2.439860
2.433880
2.427910
2.421970
2.416060
2.410160
2.404290
2.398450
2.392630
2.386830
2.381050
2.375300
2.369570
2.363860
2.358180
2.352510
2.346870
2.341250
2.335650
2.330070
2.324520
2.318990
2.313470
2.307990
2.302520
2.297070
2.291640
2.286230
2.280840
2.275480
2.270130
2.264800
2.259490
2.254210
2.248940
2.243690
2.238470
2.233260
2.228070
2.222900
2.217750
2.212620
2.207510
2.202410
2.197340
2.192280
2.187240
2.182220
2.177220
2.172230
2.167270
2.162320
2.157390
2.152480
2.147580
2.142710
2.137850
2.133000
2.128180
2.123370
2.118580
2.113810
2.109050
2.104310
2.099590
2.094880
2.090190
2.085520
2.080860
2.076220
2.071590
2.066980
2.062390
2.057810
2.053250
2.048700
2.044170
2.039660
2.035160
2.030670
2.026210
2.021750
2.017310
2.012890
2.008480
2.004090
1.999710
1.995350
1.991000
1.986660
1.982340
1.978040
1.973750
1.969470
1.965210
1.960960
1.956730
1.952510
1.948300
1.944110
1.939930
1.935760
1.931610
1.927470
1.923350
1.919240
1.915140
1.911060
1.906990
1.902930
1.898880
1.894860
1.890830
1.886830
1.882840
1.878860
1.874890
1.870940
1.867000
1.863070
1.859150
1.855250
1.851360
1.847480
1.843610
1.839760
1.835910
1.832090
1.828260
1.824460
1.820660
1.816880
1.813110
1.809350
1.805600
1.801870
1.798140
1.794430
1.790730
1.787040
1.783370
1.779700
1.776050
1.772400
1.768770
1.765140
1.761540
1.757930
1.754340
1.750770
1.747200
1.743650
1.740100
1.736570
1.733050
1.729530
1.726030
1.722530
1.719060
1.715580
1.712130
1.708670
1.705230
1.701810
1.698390
1.694980
1.691580
1.688190
1.684810
1.681440
1.678090
1.674740
1.671400
1.668070
1.664750
1.661440
1.658140
1.654850
1.651570
1.648300
1.645040
1.641790
1.638540
1.635310
1.632090
1.628880
1.625670
1.622470
1.619290
1.616110
1.612940
1.609780
1.606640
1.603500
1.600360
1.597240
1.594130
1.591020
1.587930
1.584840
1.581770
1.578700
1.575630
1.572590
1.569540
1.566500
1.563480
1.560460
1.557460
1.554460
1.551460
1.548480
1.545500
1.542540
1.539580
1.536630
1.533690
1.530750
1.527830
1.524910
1.522000
1.519100
1.516210
1.513320
1.510450
1.507580
1.504710
1.501870
1.499020
1.496180
1.493350
1.490530
1.487720
1.484910
1.482110
1.479320
1.476540
1.473760
1.471000
1.468230
1.465490
1.462740
1.460000
1.457270
1.454550
1.451830
1.449120
1.446420
1.443730
1.441040
1.438360
1.435690
1.433030
1.430370
1.427720
1.425080
1.422440
1.419810
1.417190
1.414580
1.411970
1.409360
1.406770
1.404190
1.401610
1.399030
1.396460
1.393900
1.391350
1.388810
1.386270
1.383730
1.381210
1.378690
1.376180
1.373670
1.371170
1.368680
1.366190
1.363710
1.361240
1.358780
1.356310
1.353860
1.351410
1.348970
1.346540
1.344110
1.341690
1.339270
1.336860
1.334460
1.332060
1.329670
1.327290
1.324910
1.322540
1.320170
1.317810
1.315460
1.313110
1.310770
1.308430
1.306100
1.303780
1.301460
1.299150
1.296850
1.294550
1.292250
1.289970
1.287680
1.285410
1.283140
1.280870
1.278610
1.276360
1.274110
1.271870
1.269640
1.267410
1.265180
1.262960
1.260750
1.258540
1.256340
1.254140
1.251950
1.249770
1.247580
1.245410
1.243240
1.241080
1.238920
1.236770
1.234620
1.232480
1.230340
1.228210
1.226090
1.223960
1.221850
1.219740
1.217640
1.215530
1.213440
1.211360
1.209270
1.207190
1.205120
1.203050
1.200990
1.198930
1.196870
1.194830
1.192790
1.190750
1.188710
1.186690
1.184670
1.182650
1.180640
1.178630
1.176630
1.174630
1.172630
1.170650
1.168660
1.166690
1.164710
1.162750
1.160780
1.158820
1.156870
1.154920
1.152970
1.151040
1.149100
1.147170
1.145250
1.143330
1.141410
1.139500
1.137590
1.135690
1.133790
1.131900
1.130010
1.128130
1.126250
1.124370
1.122500
1.120640
1.118780
1.116920
1.115060
1.113220
1.111380
1.109540
1.107700
1.105870
1.104050
1.102230
1.100410
1.098600
1.096790
1.094990
1.093190
1.091400
1.089630
1.087980
1.087610
1.089360
1.093550
1.100830
1.112470
1.131100
1.161350
1.209200
1.280800
1.381270
1.513910
1.679880
1.878350
2.106940
2.362260
2.640470
2.937620
3.250060
3.574420
3.907670
4.247060
4.590030
4.934290
5.277810
5.618950
5.956380
6.289200
6.616590
6.938200
7.253680
7.562800
7.865550
8.161890
8.451870
8.735480
9.012840
9.284020
9.549190
9.808410
10.061700
10.309300
10.551300
10.787800
11.018900
11.244600
11.465000
11.680400
11.890700
12.096000
12.296500
12.492100
12.683100
12.869400
13.051100
13.228200
13.401000
13.569400
13.733400
13.893300
14.048900
14.200300
14.347800
14.491200
14.630700
14.766200
14.898000
15.025800
15.150000
15.270400
15.387200
15.500400
15.610100
15.716200
15.819000
15.918200
16.014300
16.106900
16.196300
16.282500
16.365500
16.445400
16.522200
16.596000
16.666700
16.734500
16.799400
16.861400
16.920500
16.976900
17.030400
17.081300
17.129500
17.175000
17.217900
17.258300
17.296100
17.331500
17.364400
17.394800
17.422900
17.448700
17.472100
17.493200
17.512100
17.528800
17.543300
17.555600
17.565900
17.574100
17.580200
17.584400
17.586500
17.586700
17.585000
17.581400
17.576000
17.568700
17.559700
17.548900
17.536300
17.522000
17.506200
17.488600
17.469400
17.448700
17.426400
17.402500
17.377200
17.350400
17.322100
17.292400
17.261400
17.229000
17.195200
17.160100
17.123700
17.086100
17.047300
17.007200
16.966000
16.923600
16.880000
16.835400
16.789700
16.742900
16.695100
16.646200
16.596400
16.545600
16.493900
16.441200
16.387600
16.333200
16.277900
16.221800
16.164800
16.107100
16.048600
15.989300
15.929300
15.868600
15.807300
15.745200
15.682500
15.619200
15.555200
15.490700
15.425700
15.360000
15.293800
15.227200
15.160000
15.092300
15.024200
14.955600
14.886600
14.817200
14.747400
14.677300
14.606800
14.535900
14.464700
14.393200
14.321500
14.249500
14.177200
14.104600
14.031800
13.958900
13.885700
13.812400
13.738800
13.665200
13.591300
13.517400
13.443400
13.369200
13.295000
13.220700
13.146400
13.072000
12.997700
12.923200
12.848800
12.774500
12.700000
12.625700
12.551400
12.477200
12.403100
12.329000
12.255100
12.181300
12.107500
12.033900
11.960500
11.887300
11.814100
11.741200
11.668400
11.595900
11.523500
11.451400
11.379500
11.307800
11.236400
11.165200
11.094300
11.023700
10.953300
10.883300
10.813500
10.744100
10.674900
10.606100
10.537500
10.469400
10.401600
10.334100
10.267000
10.200200
10.133900
10.067900
10.002200
9.936990
9.872140
9.807710
9.743620
9.680000
9.616720
9.553920
9.491470
9.429480
9.367900
9.306790
9.246080
9.185790
9.125960
9.066540
9.007590
8.949110
8.891030
8.833420
8.776220
8.719480
8.663220
8.607420
8.552030
8.497100
8.442640
8.388650
8.335070
8.281960
8.229310
8.177130
8.125350
8.074050
8.023210
7.972840
7.922870
7.873380
7.824290
7.775670
7.727510
7.679770
7.632490
7.585620
7.539160
7.493160
7.447580
7.402460
7.357750
7.313450
7.269550
7.226070
7.182990
7.140330
7.098130
7.056280
7.014830
6.973800
6.933120
6.892900
6.853040
6.813520
6.774420
6.735720
6.697310
6.659370
6.621720
6.584480
6.547600
6.511060
6.474870
6.439030
6.403540
6.368400
6.333560
6.299120
6.264980
6.231180
6.197680
6.164520
6.131660
6.099090
6.066870
6.035000
6.003370
5.972080
5.941030
5.910330
5.879920
5.849740
5.819900
5.790320
5.761030
5.732000
5.703250
5.674760
5.646540
5.618580
5.590880
5.563430
5.536240
5.509300
5.482600
5.456140
5.429930
5.403950
5.378210
5.352700
5.327420
5.302360
5.277530
5.252930
5.228530
5.204360
5.180390
5.156640
5.133100
5.109750
5.086620
5.063680
5.040940
5.018400
4.996050
4.973890
4.951920
4.930140
4.908530
4.887120
4.865880
4.844820
4.823930
4.803220
4.782670
4.762300
4.742100
4.722060
4.702180
4.682470
4.662910
4.643510
4.624260
4.605180
4.586240
4.567450
4.548810
4.530310
4.511960
4.493760
4.475690
4.457770
4.439980
4.422330
4.404820
4.387440
4.370190
4.353070
4.336080
4.319220
4.302480
4.285870
4.269380
4.253010
4.236770
4.220630
4.204630
4.188730
4.172950
4.157290
4.141740
4.126290
4.110960
4.095740
4.080620
4.065620
4.050720
4.035910
4.021220
4.006630
3.992130
3.977740
3.963440
3.949240
3.935150
3.921140
3.907230
3.893410
3.879690
3.866050
3.852510
3.839060
3.825690
3.812420
3.799220
3.786120
3.773100
3.760170
3.747320
3.734550
3.721860
3.709260
3.696730
3.684280
3.671910
3.659620
3.647410
3.635270
3.623210
3.611220
3.599300
3.587460
3.575690
3.563990
3.552370
3.540820
3.529330
3.517910
3.506560
3.495280
3.484060
3.472920
3.461840
3.450820
3.439870
3.428980
3.418150
3.407390
3.396690
3.386050
3.375470
3.364950
3.354490
3.344100
3.333750
3.323480
3.313250
3.303080
3.292970
3.282920
3.272920
3.262980
3.253090
3.243250
3.233470
3.223750
3.214070
3.204450
3.194880
3.185360
3.175890
3.166480
3.157110
3.147790
3.138520
3.129300
3.120130
3.111000
3.101930
3.092900
3.083910
3.074980
3.066090
3.057250
3.048440
3.039690
3.030980
3.022320
3.013700
3.005120
2.996580
2.988080
2.979640
2.971230
2.962860
2.954530
2.946250
2.938000
2.929800
2.921640
2.913510
2.905430
2.897390
2.889380
2.881410
2.873480
2.865590
2.857740
2.849910
2.842140
2.834390
2.826680
2.819010
2.811380
2.803780
2.796220
2.788690
2.781200
2.773740
2.766310
2.758920
2.751560
2.744240
2.736950
2.729690
2.722470
2.715280
2.708110
2.700990
2.693890
2.686830
2.679790
2.672800
2.665820
2.658880
2.651980
2.645090
2.638250
2.631430
2.624640
2.617880
2.611150
2.604450
2.597770
2.591130
2.584510
2.577930
2.571370
2.564840
2.558340
2.551860
2.545410
2.538990
2.532590
2.526230
2.519880
2.513570
2.507280
2.501020
2.494780
2.488570
2.482390
2.476220
2.470090
2.463980
2.457890
2.451840
2.445800
2.439790
2.433800
2.427840
2.421900
2.415990
2.410090
2.404220
2.398380
2.392560
2.386760
2.380980
2.375230
2.369500
2.363790
2.358110
2.352450
2.346800
2.341180
2.335580
2.330010
2.324450
2.318920
2.313410
2.307920
2.302450
2.297000
2.291570
2.286160
2.280780
2.275410
2.270070
2.264740
2.259430
2.254150
2.248880
2.243640
2.238410
2.233200
2.228010
2.222840
2.217690
2.212560
2.207450
2.202350
2.197270
2.192220
2.187180
2.182160
2.177160
2.172180
2.167210
2.162260
2.157330
2.152420
2.147530
2.142650
2.137790
2.132950
2.128120
2.123320
2.118530
2.113750
2.109000
2.104260
2.099540
2.094830
2.090140
2.085460
2.080810
2.076170
2.071540
2.066930
2.062340
2.057760
2.053200
2.048650
2.044120
2.039600
2.035110
2.030620
2.026160
2.021700
2.017270
2.012840
2.008430
2.004040
1.999660
1.995300
1.990950
1.986620
1.982290
1.977990
1.973700
1.969420
1.965160
1.960910
1.956670
1.952450
1.948250
1.944060
1.939880
1.935710
1.931560
1.927420
1.923300
1.919190
1.915090
1.911010
1.906940
1.902880
1.898840
1.894810
1.890790
1.886780
1.882790
1.878820
1.874850
1.870900
1.866950
1.863020
1.859100
1.855200
1.851310
1.847430
1.843570
1.839710
1.835870
1.832040
1.828220
1.824420
1.820620
1.816840
1.813070
1.809310
1.805560
1.801830
1.798100
1.794390
1.790690
1.787000
1.783320
1.779660
1.776000
1.772360
1.768730
1.765100
1.761500
1.757890
1.754300
1.750730
1.747160
1.743610
1.740060
1.736530
1.733010
1.729490
1.725990
1.722500
1.719010
1.715550
1.712090
1.708640
1.705190
1.701770
1.698350
1.694940
1.691540
1.688150
1.684770
1.681400
1.678050
1.674700
1.671360
1.668030
1.664710
1.661400
1.658100
1.654820
1.651530
1.648260
1.645000
1.641750
1.638510
1.635270
1.632050
1.628840
1.625630
1.622440
1.619250
1.616080
1.612910
1.609750
1.606600
1.603460
1.600330
1.597210
1.594090
1.590990
1.587900
1.584810
1.581730
1.578660
1.575600
1.572550
1.569500
1.566470
1.563450
1.560430
1.557420
1.554420
1.551430
1.548440
1.545470
1.542500
1.539540
1.536600
1.533650
1.530720
1.527790
1.524880
1.521970
1.519070
1.516180
1.513290
1.510410
1.507550
1.504690
1.501830
1.498990
1.496150
1.493320
1.490500
1.487680
1.484880
1.482080
1.479290
1.476510
1.473730
1.470970
1.468210
1.465450
1.462710
1.459970
1.457240
1.454520
1.451800
1.449090
1.446390
1.443700
1.441010
1.438330
1.435660
1.433000
1.430340
1.427690
1.425050
1.422410
1.419780
1.417160
1.414550
1.411940
1.409330
1.406740
1.404160
1.401580
1.399000
1.396440
1.393880
1.391320
1.388780
1.386240
1.383710
1.381180
1.378660
1.376150
1.373640
1.371140
1.368650
1.366170
1.363690
1.361210
1.358750
1.356280
1.353830
1.351390
1.348950
1.346510
1.344080
1.341660
1.339250
1.336840
1.334430
1.332040
1.329640
1.327260
1.324880
1.322510
1.320150
1.317780
1.315430
1.313090
1.310740
1.308410
1.306080
1.303760
1.301440
1.299120
1.296820
1.294520
1.292230
1.289940
1.287660
1.285380
1.283110
1.280850
1.278590
1.276340
1.274090
1.271850
1.269610
1.267380
1.265150
1.262940
1.260720
1.258520
1.256320
1.254120
1.251930
1.249740
1.247560
1.245390
1.243220
1.241050
1.238900
1.236750
1.234600
1.232460
1.230320
1.228190
1.226060
1.223940
1.221830
1.219720
1.217610
1.215510
1.213420
1.211330
1.209250
1.207170
1.205100
1.203030
1.200970
1.198910
1.196860
1.194810
1.192760
1.190730
1.188700
1.186670
1.184650
1.182630
1.180610
1.178600
1.176600
1.174610
1.172620
1.170630
1.168640
1.166670
1.164690
1.162720
1.160760
1.158800
1.156850
1.154900
1.152960
1.151010
1.149080
1.147150
1.145220
1.143300
1.141390
1.139470
1.137570
1.135670
1.133770
1.131870
1.129990
1.128100
1.126220
1.124350
1.122480
1.120620
1.118750
1.116900
1.115050
1.113200
1.111360
1.109520
1.107680
1.105850
1.104030
1.102210
1.100390
1.098580
