11.454000
11.453900
11.453900
11.453900
11.453900
11.453900
11.456700
11.457200
11.457100
11.457000
11.456900
11.456800
11.456800
11.456700
11.456600
11.456500
11.456500
11.456400
11.456400
11.456300
11.456300
11.456200
11.456200
11.456100
11.456100
11.456100
11.456100
11.456100
11.456100
11.456100
11.456100
11.456100
11.456100
11.456100
11.456200
11.456200
11.456200
11.456300
11.456300
11.456300
11.456400
11.456400
11.456500
11.456500
11.456600
11.456600
11.456700
11.456700
11.456800
11.456800
11.456900
11.456900
11.457000
11.457100
11.457100
11.457200
11.457200
11.457300
11.457400
11.457400
11.457500
11.457500
11.457600
11.457700
11.457700
11.457800
11.457800
11.457900
11.458000
11.458000
11.458100
11.458200
11.458200
11.458300
11.458300
11.458400
11.458500
11.458500
11.458600
11.458600
11.458700
11.458800
11.458800
11.458900
11.458900
11.459000
11.459100
11.459100
11.459200
11.459200
11.459300
11.459300
11.459400
11.459500
11.459500
11.459600
11.459600
11.459700
11.459700
11.459800
11.459800
11.459900
11.459900
11.460000
11.460000
11.460100
11.460100
11.460200
11.460200
11.460300
11.460300
11.460300
11.460400
11.460400
11.460500
11.460500
11.460600
11.460600
11.460600
11.460700
11.460700
11.460800
11.460800
11.460800
11.460900
11.460900
11.461000
11.461000
11.461000
11.461100
11.461100
11.461100
11.461200
11.461200
11.461200
11.461300
11.461300
11.461300
11.461400
11.461400
11.461400
11.461500
11.461500
11.461500
11.461600
11.461600
11.461600
11.461600
11.461700
11.461700
11.461700
11.461800
11.461800
11.461800
11.461800
11.461900
11.461900
11.461900
11.461900
11.462000
11.462000
11.462000
11.462000
11.462000
11.462100
11.462100
11.462100
11.462100
11.462200
11.462200
11.462200
11.462200
11.462200
11.462300
11.462300
11.462300
11.462300
11.462300
11.462300
11.462400
11.462400
11.462400
11.462400
11.462400
11.462400
11.462500
11.462500
11.462500
11.462500
11.462500
11.462500
11.462600
11.462600
11.462600
11.462600
11.462600
11.462600
11.462600
11.462600
11.462700
11.462700
11.462700
11.462700
11.462700
11.462700
11.462700
11.462700
11.462700
11.462800
11.462800
11.462800
11.462800
11.462800
11.462800
11.462800
11.462800
11.462800
11.462800
11.462800
11.462800
11.462900
11.462900
11.462900
11.462900
11.462900
11.462900
11.462900
11.462900
11.462900
11.462900
11.462900
11.462900
11.462900
11.462900
11.462900
11.462900
11.462900
11.463000
11.463000
11.463000
11.463000
11.463000
11.463000
11.463000
11.463000
11.463000
11.463000
11.463000
11.463000
11.463000
11.463000
11.463000
11.463000
11.463000
11.463000
11.463000
11.463000
11.463000
11.463000
11.463000
11.463000
11.463000
11.463000
11.463000
11.463000
11.463000
11.463000
11.463000
11.463000
11.463000
11.463000
11.463000
11.463000
11.463000
11.463000
11.463000
11.463000
11.463000
11.463000
11.463000
11.463000
11.463000
11.463000
11.463000
11.463000
11.463000
11.463000
11.463000
11.463000
11.463000
11.463000
11.463000
11.463000
11.463000
11.463000
11.463000
11.463000
11.463000
11.463000
11.463000
11.463000
11.463000
11.463000
11.463000
11.462900
11.462900
11.462900
11.462900
11.462900
11.462900
11.462900
11.462900
11.462900
11.462900
11.462900
11.462900
11.462900
11.462900
11.462900
11.462900
11.462900
11.462900
11.462900
11.462900
11.462900
11.462900
11.462800
11.462800
11.462800
11.462800
11.462800
11.462800
11.462800
11.462800
11.462800
11.462800
11.462800
11.462800
11.462800
11.462800
11.462800
11.462800
11.462800
11.462700
11.462700
11.462700
11.462700
11.462700
11.462700
11.462700
11.462700
11.462700
11.462700
11.462700
11.462700
11.462700
11.462700
11.462600
11.462600
11.462600
11.462600
11.462600
11.462600
11.462600
11.462600
11.462600
11.462600
11.462600
11.462600
11.462600
11.462500
11.462500
11.462500
11.462500
11.462500
11.462500
11.462500
11.462500
11.462500
11.462500
11.462500
11.462500
11.462400
11.462400
11.462400
11.462400
11.462400
11.462400
11.462400
11.462400
11.462400
11.462400
11.462400
11.462400
11.462300
11.462300
11.462300
11.462300
11.462300
11.462300
11.462300
11.462300
11.462300
11.462300
11.462200
11.462200
11.462200
11.462200
11.462200
11.462200
11.462200
11.462200
11.462200
11.462200
11.462200
11.462100
11.462100
11.462100
11.462100
11.462100
11.462100
11.462100
11.462100
11.462100
11.462100
11.462000
11.462000
11.462000
11.462000
11.462000
11.462000
11.462000
11.462000
11.462000
11.461900
11.461900
11.461900
11.461900
11.461900
11.461900
11.461900
11.461900
11.461900
11.461900
11.461800
11.461800
11.461800
11.461800
11.461800
11.461800
11.461800
11.461800
11.461800
11.461700
11.461700
11.461700
11.461700
11.461700
11.461700
11.461700
11.461700
11.461700
11.461600
11.461600
11.461600
11.461600
11.461600
11.461600
11.461600
11.461600
11.461500
11.461500
11.461500
11.461500
11.461500
11.461500
11.461500
11.461500
11.461500
11.461400
11.461400
11.461400
11.461400
11.461400
11.461400
11.461400
11.461400
11.461300
11.461300
11.461300
11.461300
11.461300
11.461300
11.461300
11.461300
11.461300
11.461200
11.461200
11.461200
11.461200
11.461200
11.461200
11.461200
11.461200
11.461100
11.461100
11.461100
11.461100
11.461100
11.461100
11.461100
11.461100
11.461000
11.461000
11.461000
11.461000
11.461000
11.461000
11.461000
11.461000
11.460900
11.460900
11.460900
11.460900
11.460900
11.460900
11.460900
11.460900
11.460800
11.460800
11.460800
11.460800
11.460800
11.460800
11.460800
11.460700
11.460700
11.460700
11.460700
11.460700
11.460700
11.460700
11.460700
11.460600
11.460600
11.460600
11.460600
11.460600
11.460600
11.460600
11.460600
11.460500
11.460500
11.460500
11.460500
11.460500
11.460500
11.460500
11.460400
11.460400
11.460400
11.460400
11.460400
11.460400
11.460400
11.460400
11.460300
11.460300
11.460300
11.460300
11.460300
11.460300
11.460300
11.460300
11.460200
11.460200
11.460200
11.460200
11.460200
11.460200
11.460200
11.460100
11.460100
11.460100
11.460100
11.460100
11.460100
11.460100
11.460000
11.460000
11.460000
11.460000
11.460000
11.460000
11.460000
11.460000
11.459900
11.459900
11.459900
11.459900
11.459900
11.459900
11.459900
11.459800
11.459800
11.459800
11.459800
11.459800
11.459800
11.459800
11.459700
11.459700
11.459700
11.459700
11.459700
11.459700
11.459700
11.459600
11.459600
11.459600
11.459600
11.459600
11.459600
11.459600
11.459600
11.459500
11.459500
11.459500
11.459500
11.459500
11.459500
11.459500
11.459400
11.459400
11.459400
11.459400
11.459400
11.459400
11.459400
11.459300
11.459300
11.459300
11.459300
11.459300
11.459300
11.459300
11.459200
11.459200
11.459200
11.459200
11.459200
11.459200
11.459200
11.459100
11.459100
11.459100
11.459100
11.459100
11.459100
11.459100
11.459000
11.459000
11.459000
11.459000
11.459000
11.459000
11.459000
11.458900
11.458900
11.458900
11.458900
11.458900
11.458900
11.458900
11.458800
11.458800
11.458800
11.458800
11.458800
11.458800
11.458800
11.458700
11.458700
11.458700
11.458700
11.458700
11.458700
11.458700
11.458600
11.458600
11.458600
11.458600
11.458600
11.458600
11.458600
11.458500
11.458500
11.458500
11.458500
11.458500
11.458500
11.458500
11.458400
11.458400
11.458400
11.458400
11.458400
11.458400
11.458400
11.458300
11.458300
11.458300
11.458300
11.458300
11.458300
11.458300
11.458200
11.458200
11.458200
11.458200
11.458200
11.458200
11.458100
11.458100
11.458100
11.458100
11.458100
11.458100
11.458100
11.458000
11.458000
11.458000
11.458000
11.458000
11.458000
11.458000
11.457900
11.457900
11.457900
11.457900
11.457900
11.457900
11.457900
11.457800
11.457800
11.457800
11.457800
11.457800
11.457800
11.457800
11.457700
11.457700
11.457700
11.457700
11.457700
11.457700
11.457600
11.457600
11.457600
11.457600
11.457600
11.457600
11.457600
11.457500
11.457500
11.457500
11.457500
11.457500
11.457500
11.457500
11.457400
11.457400
11.457400
11.457400
11.457400
11.457400
11.457400
11.457300
11.457300
11.457300
11.457300
11.457300
11.457300
11.457200
11.457200
11.457200
11.457200
11.457200
11.457200
11.457200
11.457100
11.457100
11.457100
11.457100
11.457100
11.457100
11.457100
11.457000
11.457000
11.457000
11.457000
11.457000
11.457000
11.456900
11.456900
11.456900
11.456900
11.456900
11.456900
11.456900
11.456800
11.456800
11.456800
11.456800
11.456800
11.456800
11.456800
11.456700
11.456700
11.456700
11.456700
11.456700
11.456700
11.456600
11.456600
11.456600
11.456600
11.456600
11.456600
11.456600
11.456500
11.456500
11.456500
11.456500
11.456500
11.456500
11.456500
11.456400
11.456400
11.456400
11.456400
11.456400
11.456400
11.456300
11.456300
11.456300
11.456300
11.456300
11.456300
11.456300
11.456200
11.456200
11.456200
11.456200
11.456200
11.456200
11.456200
11.456100
11.456100
11.456100
11.456100
11.456100
11.456100
11.456000
11.456000
11.456000
11.456000
11.456000
11.456000
11.456000
11.455900
11.455900
11.455900
11.455900
11.455900
11.455900
11.455800
11.455800
11.455800
11.455800
11.455800
11.455800
11.455800
11.455700
11.455700
11.455700
11.455700
11.455700
11.455700
11.455700
11.455600
11.455600
11.455600
11.455600
11.455600
11.455600
11.455500
11.455500
11.455500
11.455500
11.455500
11.455500
11.455500
11.455400
11.455400
11.455400
11.455400
11.455400
11.455400
11.455300
11.455300
11.455300
11.455300
11.455300
11.455300
11.455300
11.455200
11.455200
11.455200
11.455200
11.455200
11.455200
11.455100
11.455100
11.455100
11.455100
11.455100
11.455100
11.455100
11.455000
11.455000
11.455000
11.455000
11.455000
11.455000
11.454900
11.454900
11.454900
11.454900
11.454900
11.454900
11.454900
11.454800
11.454800
11.454800
11.454800
11.454800
11.454800
11.454800
11.454700
11.454700
11.454700
11.454700
11.454700
11.454700
11.454600
11.454600
11.454600
11.454600
11.454600
11.454600
11.454600
11.454500
11.454500
11.454500
11.454500
11.454500
11.454500
11.454400
11.454400
11.454400
11.454400
11.454400
11.454400
11.454400
11.454300
11.454300
11.454300
11.454300
11.454300
11.454300
11.454200
11.454200
11.454200
11.454200
11.454200
11.454200
11.454200
11.454100
11.454100
11.454100
11.454100
11.454100
11.454100
11.454000
11.454000
11.454000
11.454000
11.454000
11.454000
11.454000
11.453900
11.453900
11.453900
11.453900
11.453900
11.456700
11.457200
11.457100
11.457000
11.456900
11.456800
11.456800
11.456700
11.456600
11.456500
11.456500
11.456400
11.456400
11.456300
11.456300
11.456200
11.456200
11.456200
11.456100
11.456100
11.456100
11.456100
11.456100
11.456100
11.456100
11.456100
11.456100
11.456200
11.456200
11.456200
11.456200
11.456300
11.456300
11.456400
11.456400
11.456400
11.456500
11.456500
11.456600
11.456600
11.456700
11.456700
11.456800
11.456800
11.456900
11.456900
11.457000
11.457100
11.457100
11.457200
11.457200
11.457300
11.457400
11.457400
11.457500
11.457500
11.457600
11.457700
11.457700
11.457800
11.457900
11.457900
11.458000
11.458000
11.458100
11.458200
11.458200
11.458300
11.458300
11.458400
11.458500
11.458500
11.458600
11.458700
11.458700
11.458800
11.458800
11.458900
11.458900
11.459000
11.459100
11.459100
11.459200
11.459200
11.459300
11.459300
11.459400
11.459500
11.459500
11.459600
11.459600
11.459700
11.459700
11.459800
11.459800
11.459900
11.459900
11.460000
11.460000
11.460100
11.460100
11.460200
11.460200
11.460300
11.460300
11.460300
11.460400
11.460400
11.460500
11.460500
11.460600
11.460600
11.460600
11.460700
11.460700
11.460800
11.460800
11.460800
11.460900
11.460900
11.461000
11.461000
11.461000
11.461100
11.461100
11.461100
11.461200
11.461200
11.461200
11.461300
11.461300
11.461300
11.461400
11.461400
11.461400
11.461500
11.461500
11.461500
11.461600
11.461600
11.461600
11.461600
11.461700
11.461700
11.461700
11.461800
11.461800
11.461800
11.461800
11.461900
11.461900
11.461900
11.461900
11.462000
11.462000
11.462000
11.462000
11.462100
11.462100
11.462100
11.462100
11.462100
11.462200
11.462200
11.462200
11.462200
11.462200
11.462300
11.462300
11.462300
11.462300
11.462300
11.462400
11.462400
11.462400
11.462400
11.462400
11.462400
11.462500
11.462500
11.462500
11.462500
11.462500
11.462500
11.462500
11.462600
11.462600
11.462600
11.462600
11.462600
11.462600
11.462600
11.462600
11.462700
11.462700
11.462700
11.462700
11.462700
11.462700
11.462700
11.462700
11.462700
11.462800
11.462800
11.462800
11.462800
11.462800
11.462800
11.462800
11.462800
11.462800
11.462800
11.462800
11.462900
11.462900
11.462900
11.462900
11.462900
11.462900
11.462900
11.462900
11.462900
11.462900
11.462900
11.462900
11.462900
11.462900
11.462900
11.462900
11.462900
11.463000
11.463000
11.463000
11.463000
11.463000
11.463000
11.463000
11.463000
11.463000
11.463000
11.463000
11.463000
11.463000
11.463000
11.463000
11.463000
11.463000
11.463000
11.463000
11.463000
11.463000
11.463000
11.463000
11.463000
11.463000
11.463000
11.463000
11.463000
11.463000
11.463000
11.463000
11.463000
11.463000
11.463000
11.463000
11.463000
11.463000
11.463000
11.463000
11.463000
11.463000
11.463000
11.463000
11.463000
11.463000
11.463000
11.463000
11.463000
11.463000
11.463000
11.463000
11.463000
11.463000
11.463000
11.463000
11.463000
11.463000
11.463000
11.463000
11.463000
11.463000
11.463000
11.463000
11.463000
11.463000
11.463000
11.463000
11.463000
11.463000
11.462900
11.462900
11.462900
11.462900
11.462900
11.462900
11.462900
11.462900
11.462900
11.462900
11.462900
11.462900
11.462900
11.462900
11.462900
11.462900
11.462900
11.462900
11.462900
11.462900
11.462900
11.462900
11.462800
11.462800
11.462800
11.462800
11.462800
11.462800
11.462800
11.462800
11.462800
11.462800
11.462800
11.462800
11.462800
11.462800
11.462800
11.462800
11.462800
11.462700
11.462700
11.462700
11.462700
11.462700
11.462700
11.462700
11.462700
11.462700
11.462700
11.462700
11.462700
11.462700
11.462700
11.462600
11.462600
11.462600
11.462600
11.462600
11.462600
11.462600
11.462600
11.462600
11.462600
11.462600
11.462600
11.462600
11.462500
11.462500
11.462500
11.462500
11.462500
11.462500
11.462500
11.462500
11.462500
11.462500
11.462500
11.462500
11.462400
11.462400
11.462400
11.462400
11.462400
11.462400
11.462400
11.462400
11.462400
11.462400
11.462400
11.462300
11.462300
11.462300
11.462300
11.462300
11.462300
11.462300
11.462300
11.462300
11.462300
11.462300
11.462200
11.462200
11.462200
11.462200
11.462200
11.462200
11.462200
11.462200
11.462200
11.462200
11.462100
11.462100
11.462100
11.462100
11.462100
11.462100
11.462100
11.462100
11.462100
11.462100
11.462000
11.462000
11.462000
11.462000
11.462000
11.462000
11.462000
11.462000
11.462000
11.462000
11.461900
11.461900
11.461900
11.461900
11.461900
11.461900
11.461900
11.461900
11.461900
11.461800
11.461800
11.461800
11.461800
11.461800
11.461800
11.461800
11.461800
11.461800
11.461700
11.461700
11.461700
11.461700
11.461700
11.461700
11.461700
11.461700
11.461700
11.461600
11.461600
11.461600
11.461600
11.461600
11.461600
11.461600
11.461600
11.461600
11.461500
11.461500
11.461500
11.461500
11.461500
11.461500
11.461500
11.461500
11.461400
11.461400
11.461400
11.461400
11.461400
11.461400
11.461400
11.461400
11.461400
11.461300
11.461300
11.461300
11.461300
11.461300
11.461300
11.461300
11.461300
11.461200
11.461200
11.461200
11.461200
11.461200
11.461200
11.461200
11.461200
11.461100
11.461100
11.461100
11.461100
11.461100
11.461100
11.461100
11.461100
11.461000
11.461000
11.461000
11.461000
11.461000
11.461000
11.461000
11.461000
11.460900
11.460900
11.460900
11.460900
11.460900
11.460900
11.460900
11.460900
11.460800
11.460800
11.460800
11.460800
11.460800
11.460800
11.460800
11.460800
11.460700
11.460700
11.460700
11.460700
11.460700
11.460700
11.460700
11.460600
11.460600
11.460600
11.460600
11.460600
11.460600
11.460600
11.460600
11.460500
11.460500
11.460500
11.460500
11.460500
11.460500
11.460500
11.460500
11.460400
11.460400
11.460400
11.460400
11.460400
11.460400
11.460400
11.460300
11.460300
11.460300
11.460300
11.460300
11.460300
11.460300
11.460300
11.460200
11.460200
11.460200
11.460200
11.460200
11.460200
11.460200
11.460100
11.460100
11.460100
11.460100
11.460100
11.460100
11.460100
11.460100
11.460000
11.460000
11.460000
11.460000
11.460000
11.460000
11.460000
11.459900
11.459900
11.459900
11.459900
11.459900
11.459900
11.459900
11.459800
11.459800
11.459800
11.459800
11.459800
11.459800
11.459800
11.459700
11.459700
11.459700
11.459700
11.459700
11.459700
11.459700
11.459700
11.459600
11.459600
11.459600
11.459600
11.459600
11.459600
11.459600
11.459500
11.459500
11.459500
11.459500
11.459500
11.459500
11.459500
11.459400
11.459400
11.459400
11.459400
11.459400
11.459400
11.459400
11.459300
11.459300
11.459300
11.459300
11.459300
11.459300
11.459300
11.459200
11.459200
11.459200
11.459200
11.459200
11.459200
11.459200
11.459100
11.459100
11.459100
11.459100
11.459100
11.459100
11.459100
11.459000
11.459000
11.459000
11.459000
11.459000
11.459000
11.459000
11.458900
11.458900
11.458900
11.458900
11.458900
11.458900
11.458900
11.458800
11.458800
11.458800
11.458800
11.458800
11.458800
11.458800
11.458700
11.458700
11.458700
11.458700
11.458700
11.458700
11.458700
11.458600
11.458600
11.458600
11.458600
11.458600
11.458600
11.458600
11.458500
11.458500
11.458500
11.458500
11.458500
11.458500
11.458500
11.458400
11.458400
11.458400
11.458400
11.458400
11.458400
11.458400
11.458300
11.458300
11.458300
11.458300
11.458300
11.458300
11.458300
11.458200
11.458200
11.458200
11.458200
11.458200
11.458200
11.458200
11.458100
11.458100
11.458100
11.458100
11.458100
11.458100
11.458000
11.458000
11.458000
11.458000
11.458000
11.458000
11.458000
11.457900
11.457900
11.457900
11.457900
11.457900
11.457900
11.457900
11.457800
11.457800
11.457800
11.457800
11.457800
11.457800
11.457800
11.457700
11.457700
11.457700
11.457700
11.457700
11.457700
11.457700
11.457600
11.457600
11.457600
11.457600
11.457600
11.457600
11.457500
11.457500
11.457500
11.457500
11.457500
11.457500
11.457500
11.457400
11.457400
11.457400
11.457400
11.457400
11.457400
11.457400
11.457300
11.457300
11.457300
11.457300
11.457300
11.457300
11.457300
11.457200
11.457200
11.457200
11.457200
11.457200
11.457200
11.457100
11.457100
11.457100
11.457100
11.457100
11.457100
11.457100
11.457000
11.457000
11.457000
11.457000
11.457000
11.457000
11.457000
11.456900
11.456900
11.456900
11.456900
11.456900
11.456900
11.456800
11.456800
11.456800
11.456800
11.456800
11.456800
11.456800
11.456700
11.456700
11.456700
11.456700
11.456700
11.456700
11.456700
11.456600
11.456600
11.456600
11.456600
11.456600
11.456600
11.456500
11.456500
11.456500
11.456500
11.456500
11.456500
11.456500
11.456400
11.456400
11.456400
11.456400
11.456400
11.456400
11.456400
11.456300
11.456300
11.456300
11.456300
11.456300
11.456300
11.456200
11.456200
11.456200
11.456200
11.456200
11.456200
11.456200
11.456100
11.456100
11.456100
11.456100
11.456100
11.456100
11.456000
11.456000
11.456000
11.456000
11.456000
11.456000
11.456000
11.455900
11.455900
11.455900
11.455900
11.455900
11.455900
11.455900
11.455800
11.455800
11.455800
11.455800
11.455800
11.455800
11.455700
11.455700
11.455700
11.455700
11.455700
11.455700
11.455700
11.455600
11.455600
11.455600
11.455600
11.455600
11.455600
11.455500
11.455500
11.455500
11.455500
11.455500
11.455500
11.455500
11.455400
11.455400
11.455400
11.455400
11.455400
11.455400
11.455300
11.455300
11.455300
11.455300
11.455300
11.455300
11.455300
11.455200
11.455200
11.455200
11.455200
11.455200
11.455200
11.455200
11.455100
11.455100
11.455100
11.455100
11.455100
11.455100
11.455000
11.455000
11.455000
11.455000
11.455000
11.455000
11.455000
11.454900
11.454900
11.454900
11.454900
11.454900
11.454900
11.454800
11.454800
11.454800
11.454800
11.454800
11.454800
11.454800
11.454700
11.454700
11.454700
11.454700
11.454700
11.454700
11.454600
11.454600
11.454600
11.454600
11.454600
11.454600
11.454600
11.454500
11.454500
11.454500
11.454500
11.454500
11.454500
11.454400
11.454400
11.454400
11.454400
11.454400
11.454400
11.454400
11.454300
11.454300
11.454300
11.454300
11.454300
11.454300
11.454200
11.454200
11.454200
11.454200
11.454200
11.454200
11.454200
11.454100
11.454100
11.454100
11.454100
11.454100
11.454100
11.454000
11.454000
11.454000
11.454000
11.454000
11.454000
11.454000
11.453900
11.453900
11.453900
11.453900
11.453900
11.456700
11.457200
11.457100
11.457000
11.456900
11.456800
11.456800
11.456700
11.456600
11.456500
11.456500
11.456400
11.456400
11.456300
11.456300
11.456200
11.456200
11.456200
11.456100
11.456100
11.456100
11.456100
11.456100
11.456100
11.456100
11.456100
11.456100
11.456200
11.456200
11.456200
11.456200
11.456300
11.456300
11.456400
11.456400
11.456400
11.456500
11.456500
11.456600
11.456600
11.456700
11.456700
11.456800
11.456800
11.456900
11.456900
11.457000
11.457100
11.457100
11.457200
11.457200
11.457300
11.457400
11.457400
11.457500
11.457500
11.457600
11.457700
11.457700
11.457800
11.457900
11.457900
11.458000
11.458000
11.458100
11.458200
11.458200
11.458300
11.458400
11.458400
11.458500
11.458500
11.458600
11.458700
11.458700
11.458800
11.458800
11.458900
11.459000
11.459000
11.459100
11.459100
11.459200
11.459200
11.459300
11.459300
11.459400
11.459500
11.459500
11.459600
11.459600
11.459700
11.459700
11.459800
11.459800
11.459900
11.459900
11.460000
11.460000
11.460100
11.460100
11.460200
11.460200
11.460300
11.460300
11.460300
11.460400
11.460400
11.460500
11.460500
11.460600
11.460600
11.460700
11.460700
11.460700
11.460800
11.460800
11.460900
11.460900
11.460900
11.461000
11.461000
11.461000
11.461100
11.461100
11.461100
11.461200
11.461200
11.461300
11.461300
11.461300
11.461400
11.461400
11.461400
11.461400
11.461500
11.461500
11.461500
11.461600
11.461600
11.461600
11.461700
11.461700
11.461700
11.461700
11.461800
11.461800
11.461800
11.461800
11.461900
11.461900
11.461900
11.461900
11.462000
11.462000
11.462000
11.462000
11.462100
11.462100
11.462100
11.462100
11.462100
11.462200
11.462200
11.462200
11.462200
11.462200
11.462300
11.462300
11.462300
11.462300
11.462300
11.462400
11.462400
11.462400
11.462400
11.462400
11.462400
11.462500
11.462500
11.462500
11.462500
11.462500
11.462500
11.462500
11.462600
11.462600
11.462600
11.462600
11.462600
11.462600
11.462600
11.462600
11.462700
11.462700
11.462700
11.462700
11.462700
11.462700
11.462700
11.462700
11.462700
11.462800
11.462800
11.462800
11.462800
11.462800
11.462800
11.462800
11.462800
11.462800
11.462800
11.462800
11.462900
11.462900
11.462900
11.462900
11.462900
11.462900
11.462900
11.462900
11.462900
11.462900
11.462900
11.462900
11.462900
11.462900
11.462900
11.462900
11.463000
11.463000
11.463000
11.463000
11.463000
11.463000
11.463000
11.463000
11.463000
11.463000
11.463000
11.463000
11.463000
11.463000
11.463000
11.463000
11.463000
11.463000
11.463000
11.463000
11.463000
11.463000
11.463000
11.463000
11.463000
11.463000
11.463000
11.463000
11.463000
11.463000
11.463000
11.463000
11.463000
11.463000
11.463000
11.463000
11.463000
11.463000
11.463000
11.463000
11.463000
11.463000
11.463000
11.463000
11.463000
11.463000
11.463000
11.463000
11.463000
11.463000
11.463000
11.463000
11.463000
11.463000
11.463000
11.463000
11.463000
11.463000
11.463000
11.463000
11.463000
11.463000
11.463000
11.463000
11.463000
11.463000
11.463000
11.463000
11.463000
11.463000
11.463000
11.462900
11.462900
11.462900
11.462900
11.462900
11.462900
11.462900
11.462900
11.462900
11.462900
11.462900
11.462900
11.462900
11.462900
11.462900
11.462900
11.462900
11.462900
11.462900
11.462900
11.462900
11.462900
11.462800
11.462800
11.462800
11.462800
11.462800
11.462800
11.462800
11.462800
11.462800
11.462800
11.462800
11.462800
11.462800
11.462800
11.462800
11.462800
11.462700
11.462700
11.462700
11.462700
11.462700
11.462700
11.462700
11.462700
11.462700
11.462700
11.462700
11.462700
11.462700
11.462700
11.462600
11.462600
11.462600
11.462600
11.462600
11.462600
11.462600
11.462600
11.462600
11.462600
11.462600
11.462600
11.462600
11.462500
11.462500
11.462500
11.462500
11.462500
11.462500
11.462500
11.462500
11.462500
11.462500
11.462500
11.462500
11.462400
11.462400
11.462400
11.462400
11.462400
11.462400
11.462400
11.462400
11.462400
11.462400
11.462400
11.462300
11.462300
11.462300
11.462300
11.462300
11.462300
11.462300
11.462300
11.462300
11.462300
11.462300
11.462200
11.462200
11.462200
11.462200
11.462200
11.462200
11.462200
11.462200
11.462200
11.462200
11.462100
11.462100
11.462100
11.462100
11.462100
11.462100
11.462100
11.462100
11.462100
11.462100
11.462000
11.462000
11.462000
11.462000
11.462000
11.462000
11.462000
11.462000
11.462000
11.462000
11.461900
11.461900
11.461900
11.461900
11.461900
11.461900
11.461900
11.461900
11.461900
11.461800
11.461800
11.461800
11.461800
11.461800
11.461800
11.461800
11.461800
11.461800
11.461700
11.461700
11.461700
11.461700
11.461700
11.461700
11.461700
11.461700
11.461700
11.461600
11.461600
11.461600
11.461600
11.461600
11.461600
11.461600
11.461600
11.461600
11.461500
11.461500
11.461500
11.461500
11.461500
11.461500
11.461500
11.461500
11.461400
11.461400
11.461400
11.461400
11.461400
11.461400
11.461400
11.461400
11.461400
11.461300
11.461300
11.461300
11.461300
11.461300
11.461300
11.461300
11.461300
11.461200
11.461200
11.461200
11.461200
11.461200
11.461200
11.461200
11.461200
11.461100
11.461100
11.461100
11.461100
11.461100
11.461100
11.461100
11.461100
11.461000
11.461000
11.461000
11.461000
11.461000
11.461000
11.461000
11.461000
11.460900
11.460900
11.460900
11.460900
11.460900
11.460900
11.460900
11.460900
11.460800
11.460800
11.460800
11.460800
11.460800
11.460800
11.460800
11.460800
11.460700
11.460700
11.460700
11.460700
11.460700
11.460700
11.460700
11.460700
11.460600
11.460600
11.460600
11.460600
11.460600
11.460600
11.460600
11.460500
11.460500
11.460500
11.460500
11.460500
11.460500
11.460500
11.460500
11.460400
11.460400
11.460400
11.460400
11.460400
11.460400
11.460400
11.460400
11.460300
11.460300
11.460300
11.460300
11.460300
11.460300
11.460300
11.460200
11.460200
11.460200
11.460200
11.460200
11.460200
11.460200
11.460100
11.460100
11.460100
11.460100
11.460100
11.460100
11.460100
11.460100
11.460000
11.460000
11.460000
11.460000
11.460000
11.460000
11.460000
11.459900
11.459900
11.459900
11.459900
11.459900
11.459900
11.459900
11.459800
11.459800
11.459800
11.459800
11.459800
11.459800
11.459800
11.459800
11.459700
11.459700
11.459700
11.459700
11.459700
11.459700
11.459700
11.459600
11.459600
11.459600
11.459600
11.459600
11.459600
11.459600
11.459500
11.459500
11.459500
11.459500
11.459500
11.459500
11.459500
11.459400
11.459400
11.459400
11.459400
11.459400
11.459400
11.459400
11.459300
11.459300
11.459300
11.459300
11.459300
11.459300
11.459300
11.459200
11.459200
11.459200
11.459200
11.459200
11.459200
11.459200
11.459200
11.459100
11.459100
11.459100
11.459100
11.459100
11.459100
11.459100
11.459000
11.459000
11.459000
11.459000
11.459000
11.459000
11.459000
11.458900
11.458900
11.458900
11.458900
11.458900
11.458900
11.458900
11.458800
11.458800
11.458800
11.458800
11.458800
11.458800
11.458700
11.458700
11.458700
11.458700
11.458700
11.458700
11.458700
11.458600
11.458600
11.458600
11.458600
11.458600
11.458600
11.458600
11.458500
11.458500
11.458500
11.458500
11.458500
11.458500
11.458500
11.458400
11.458400
11.458400
11.458400
11.458400
11.458400
11.458400
11.458300
11.458300
11.458300
11.458300
11.458300
11.458300
11.458300
11.458200
11.458200
11.458200
11.458200
11.458200
11.458200
11.458200
11.458100
11.458100
11.458100
11.458100
11.458100
11.458100
11.458100
11.458000
11.458000
11.458000
11.458000
11.458000
11.458000
11.457900
11.457900
11.457900
11.457900
11.457900
11.457900
11.457900
11.457800
11.457800
11.457800
11.457800
11.457800
11.457800
11.457800
11.457700
11.457700
11.457700
11.457700
11.457700
11.457700
11.457700
11.457600
11.457600
11.457600
11.457600
11.457600
11.457600
11.457600
11.457500
11.457500
11.457500
11.457500
11.457500
11.457500
11.457400
11.457400
11.457400
11.457400
11.457400
11.457400
11.457400
11.457300
11.457300
11.457300
11.457300
11.457300
11.457300
11.457300
11.457200
11.457200
11.457200
11.457200
11.457200
11.457200
11.457100
11.457100
11.457100
11.457100
11.457100
11.457100
11.457100
11.457000
11.457000
11.457000
11.457000
11.457000
11.457000
11.457000
11.456900
11.456900
11.456900
11.456900
11.456900
11.456900
11.456800
11.456800
11.456800
11.456800
11.456800
11.456800
11.456800
11.456700
11.456700
11.456700
11.456700
11.456700
11.456700
11.456700
11.456600
11.456600
11.456600
11.456600
11.456600
11.456600
11.456500
11.456500
11.456500
11.456500
11.456500
11.456500
11.456500
11.456400
11.456400
11.456400
11.456400
11.456400
11.456400
11.456400
11.456300
11.456300
11.456300
11.456300
11.456300
11.456300
11.456200
11.456200
11.456200
11.456200
11.456200
11.456200
11.456200
11.456100
11.456100
11.456100
11.456100
11.456100
11.456100
11.456100
11.456000
11.456000
11.456000
11.456000
11.456000
11.456000
11.455900
11.455900
11.455900
11.455900
11.455900
11.455900
11.455900
11.455800
11.455800
11.455800
11.455800
11.455800
11.455800
11.455700
11.455700
11.455700
11.455700
11.455700
11.455700
11.455700
11.455600
11.455600
11.455600
11.455600
11.455600
11.455600
11.455600
11.455500
11.455500
11.455500
11.455500
11.455500
11.455500
11.455400
11.455400
11.455400
11.455400
11.455400
11.455400
11.455400
11.455300
11.455300
11.455300
11.455300
11.455300
11.455300
11.455200
11.455200
11.455200
11.455200
11.455200
11.455200
11.455200
11.455100
11.455100
11.455100
11.455100
11.455100
11.455100
11.455000
11.455000
11.455000
11.455000
11.455000
11.455000
11.455000
11.454900
11.454900
11.454900
11.454900
11.454900
11.454900
11.454800
11.454800
11.454800
11.454800
11.454800
11.454800
11.454800
11.454700
11.454700
11.454700
11.454700
11.454700
11.454700
11.454700
11.454600
11.454600
11.454600
11.454600
11.454600
11.454600
11.454500
11.454500
11.454500
11.454500
11.454500
11.454500
11.454500
11.454400
11.454400
11.454400
11.454400
11.454400
11.454400
11.454300
11.454300
11.454300
11.454300
11.454300
11.454300
11.454300
11.454200
11.454200
11.454200
11.454200
11.454200
11.454200
11.454100
11.454100
11.454100
11.454100
11.454100
11.454100
11.454100
11.454000
11.454000
11.454000
11.454000
11.454000
11.454000
