1.013850
1.012150
1.010450
1.008760
1.007080
1.005410
1.003800
1.003160
1.004310
1.007570
1.013600
1.023770
1.041040
1.070770
1.119990
1.195940
1.304390
1.448670
1.629270
1.844300
2.090190
2.362510
2.656590
2.968030
3.292800
3.627260
3.968100
4.312310
4.657250
5.000710
5.340970
5.676750
6.007120
6.331410
6.649230
6.960260
7.264370
7.561460
7.851500
8.134580
8.410740
8.679990
8.942510
9.198410
9.447760
9.690740
9.927410
10.157900
10.382300
10.600700
10.813400
11.020300
11.221600
11.417300
11.607600
11.792700
11.972500
12.147100
12.316700
12.481300
12.641000
12.795900
12.946100
13.091700
13.232600
13.369200
13.501200
13.628900
13.752300
13.871500
13.986500
14.097400
14.204300
14.307200
14.406200
14.501300
14.592800
14.680500
14.764500
14.845000
14.921900
14.995300
15.065300
15.131900
15.195200
15.255300
15.312100
15.365800
15.416300
15.463800
15.508400
15.549900
15.588600
15.624300
15.657300
15.687500
15.715000
15.739900
15.762100
15.781800
15.798900
15.813600
15.825800
15.835700
15.843200
15.848400
15.851400
15.852200
15.850800
15.847200
15.841600
15.834000
15.824300
15.812700
15.799200
15.783700
15.766500
15.747500
15.726600
15.704100
15.679900
15.654000
15.626500
15.597500
15.566900
15.534800
15.501300
15.466300
15.429900
15.392200
15.353100
15.312700
15.271100
15.228200
15.184200
15.139000
15.092600
15.045200
14.996700
14.947100
14.896500
14.845000
14.792500
14.739100
14.684800
14.629600
14.573700
14.516800
14.459300
14.400900
14.341900
14.282100
14.221700
14.160600
14.098900
14.036600
13.973700
13.910300
13.846300
13.781900
13.717000
13.651600
13.585700
13.519500
13.452900
13.385900
13.318600
13.251000
13.183000
13.114800
13.046300
12.977600
12.908600
12.839400
12.770100
12.700600
12.630900
12.561100
12.491200
12.421200
12.351100
12.281000
12.210800
12.140600
12.070400
12.000200
11.930000
11.859800
11.789700
11.719600
11.649700
11.579800
11.510000
11.440300
11.370900
11.301500
11.232300
11.163200
11.094300
11.025700
10.957200
10.889000
10.821000
10.753200
10.685700
10.618400
10.551400
10.484700
10.418200
10.352100
10.286200
10.220700
10.155500
10.090600
10.026100
9.961910
9.898010
9.834530
9.771410
9.708660
9.646260
9.584280
9.522660
9.461410
9.400570
9.340160
9.280110
9.220470
9.161260
9.102470
9.044040
8.986090
8.928560
8.871450
8.814770
8.758500
8.702650
8.647290
8.592340
8.537820
8.483720
8.430100
8.376840
8.324120
8.271760
8.219880
8.168420
8.117390
8.066770
8.016640
7.966920
7.917690
7.868820
7.820430
7.772390
7.724840
7.677720
7.631070
7.584780
7.538910
7.493470
7.448440
7.403840
7.359650
7.315890
7.272490
7.229510
7.186950
7.144810
7.103030
7.061610
7.020670
6.980040
6.939820
6.899970
6.860530
6.821460
6.782740
6.744390
6.706400
6.668770
6.631500
6.594590
6.558040
6.521850
6.485960
6.450440
6.415270
6.380400
6.345900
6.311690
6.277850
6.244310
6.211060
6.178120
6.145540
6.113260
6.081220
6.049540
6.018160
5.987040
5.956230
5.925700
5.895470
5.865510
5.835820
5.806410
5.777280
5.748410
5.719810
5.691460
5.663390
5.635560
5.607980
5.580660
5.553590
5.526750
5.500160
5.473810
5.447700
5.421810
5.396160
5.370730
5.345530
5.320550
5.295790
5.271250
5.246920
5.222800
5.198890
5.175190
5.151690
5.128390
5.105300
5.082390
5.059690
5.037180
5.014850
4.992720
4.970760
4.948990
4.927400
4.906000
4.884760
4.863710
4.842820
4.822110
4.801560
4.781180
4.760970
4.740910
4.721020
4.701280
4.681710
4.662290
4.643020
4.623910
4.604930
4.586120
4.567440
4.548910
4.530530
4.512290
4.494180
4.476210
4.458380
4.440690
4.423130
4.405700
4.388400
4.371220
4.354180
4.337270
4.320470
4.303800
4.287260
4.270830
4.254520
4.238330
4.222250
4.206300
4.190450
4.174720
4.159100
4.143590
4.128180
4.112890
4.097700
4.082620
4.067640
4.052770
4.037990
4.023320
4.008750
3.994280
3.979900
3.965630
3.951440
3.937350
3.923360
3.909460
3.895650
3.881930
3.868300
3.854760
3.841320
3.827950
3.814670
3.801480
3.788370
3.775350
3.762410
3.749550
3.736770
3.724080
3.711460
3.698920
3.686460
3.674070
3.661770
3.649540
3.637380
3.625300
3.613290
3.601350
3.589490
3.577690
3.565980
3.554320
3.542740
3.531230
3.519790
3.508410
3.497090
3.485850
3.474670
3.463560
3.452510
3.441520
3.430600
3.419740
3.408940
3.398200
3.387520
3.376910
3.366350
3.355860
3.345410
3.335040
3.324710
3.314450
3.304240
3.294090
3.283990
3.273950
3.263960
3.254030
3.244150
3.234320
3.224550
3.214830
3.205160
3.195540
3.185980
3.176450
3.166990
3.157570
3.148210
3.138890
3.129620
3.120390
3.111220
3.102090
3.093010
3.083970
3.074990
3.066050
3.057150
3.048300
3.039490
3.030730
3.022000
3.013330
3.004700
2.996110
2.987560
2.979050
2.970590
2.962170
2.953780
2.945440
2.937140
2.928880
2.920660
2.912480
2.904340
2.896230
2.888170
2.880140
2.872160
2.864210
2.856290
2.848420
2.840580
2.832780
2.825010
2.817280
2.809590
2.801930
2.794300
2.786720
2.779160
2.771640
2.764160
2.756710
2.749290
2.741900
2.734550
2.727240
2.719950
2.712700
2.705480
2.698290
2.691130
2.684010
2.676910
2.669850
2.662820
2.655820
2.648850
2.641910
2.635000
2.628120
2.621270
2.614450
2.607660
2.600900
2.594160
2.587450
2.580780
2.574130
2.567510
2.560910
2.554350
2.547810
2.541300
2.534820
2.528360
2.521940
2.515530
2.509160
2.502800
2.496480
2.490180
2.483910
2.477660
2.471440
2.465240
2.459070
2.452930
2.446810
2.440700
2.434630
2.428590
2.422560
2.416560
2.410580
2.404630
2.398700
2.392790
2.386910
2.381050
2.375220
2.369400
2.363610
2.357840
2.352090
2.346370
2.340660
2.334980
2.329330
2.323690
2.318070
2.312480
2.306900
2.301350
2.295820
2.290310
2.284820
2.279350
2.273910
2.268480
2.263070
2.257690
2.252320
2.246980
2.241640
2.236340
2.231050
2.225790
2.220530
2.215300
2.210100
2.204900
2.199730
2.194580
2.189440
2.184330
2.179230
2.174150
2.169090
2.164040
2.159020
2.154010
2.149020
2.144050
2.139100
2.134160
2.129240
2.124340
2.119460
2.114590
2.109740
2.104910
2.100090
2.095300
2.090510
2.085750
2.081000
2.076270
2.071550
2.066850
2.062170
2.057500
2.052850
2.048220
2.043600
2.038990
2.034410
2.029830
2.025280
2.020740
2.016210
2.011700
2.007210
2.002720
1.998260
1.993810
1.989370
1.984950
1.980550
1.976160
1.971780
1.967420
1.963070
1.958740
1.954420
1.950120
1.945820
1.941540
1.937280
1.933040
1.928800
1.924580
1.920380
1.916180
1.912000
1.907840
1.903690
1.899540
1.895420
1.891310
1.887210
1.883120
1.879050
1.874990
1.870940
1.866910
1.862890
1.858880
1.854880
1.850900
1.846930
1.842970
1.839030
1.835100
1.831180
1.827270
1.823370
1.819480
1.815610
1.811750
1.807910
1.804070
1.800250
1.796440
1.792640
1.788850
1.785070
1.781310
1.777550
1.773810
1.770080
1.766360
1.762650
1.758960
1.755270
1.751600
1.747940
1.744290
1.740640
1.737010
1.733400
1.729790
1.726190
1.722610
1.719030
1.715470
1.711920
1.708370
1.704840
1.701320
1.697810
1.694310
1.690820
1.687340
1.683870
1.680400
1.676960
1.673520
1.670090
1.666680
1.663260
1.659860
1.656470
1.653100
1.649730
1.646370
1.643020
1.639680
1.636350
1.633030
1.629720
1.626420
1.623130
1.619850
1.616580
1.613310
1.610060
1.606810
1.603580
1.600360
1.597140
1.593930
1.590730
1.587550
1.584370
1.581200
1.578040
1.574880
1.571740
1.568610
1.565480
1.562370
1.559260
1.556160
1.553070
1.549980
1.546910
1.543850
1.540790
1.537740
1.534710
1.531680
1.528650
1.525640
1.522640
1.519640
1.516650
1.513670
1.510700
1.507740
1.504780
1.501840
1.498900
1.495960
1.493040
1.490130
1.487220
1.484330
1.481430
1.478550
1.475680
1.472810
1.469950
1.467100
1.464250
1.461420
1.458590
1.455770
1.452960
1.450150
1.447360
1.444570
1.441780
1.439010
1.436240
1.433480
1.430730
1.427990
1.425250
1.422520
1.419790
1.417080
1.414370
1.411670
1.408980
1.406290
1.403610
1.400940
1.398270
1.395620
1.392970
1.390320
1.387690
1.385050
1.382430
1.379820
1.377200
1.374610
1.372010
1.369420
1.366840
1.364260
1.361690
1.359130
1.356580
1.354030
1.351490
1.348960
1.346430
1.343910
1.341390
1.338880
1.336380
1.333890
1.331400
1.328910
1.326440
1.323970
1.321510
1.319050
1.316600
1.314160
1.311720
1.309290
1.306860
1.304440
1.302030
1.299630
1.297220
1.294830
1.292440
1.290060
1.287690
1.285310
1.282950
1.280600
1.278240
1.275900
1.273560
1.271220
1.268900
1.266580
1.264260
1.261950
1.259650
1.257350
1.255060
1.252770
1.250490
1.248220
1.245950
1.243680
1.241430
1.239170
1.236930
1.234690
1.232450
1.230220
1.228000
1.225780
1.223570
1.221360
1.219160
1.216960
1.214770
1.212580
1.210410
1.208230
1.206060
1.203900
1.201740
1.199590
1.197440
1.195300
1.193160
1.191030
1.188900
1.186780
1.184670
1.182560
1.180450
1.178350
1.176260
1.174160
1.172080
1.170000
1.167930
1.165860
1.163790
1.161740
1.159680
1.157630
1.155590
1.153550
1.151520
1.149490
1.147460
1.145440
1.143430
1.141420
1.139420
1.137420
1.135420
1.133430
1.131450
1.129470
1.127490
1.125530
1.123560
1.121590
1.119640
1.117690
1.115750
1.113800
1.111860
1.109930
1.108000
1.106080
1.104160
1.102250
1.100340
1.098430
1.096530
1.094640
1.092750
1.090860
1.088980
1.087100
1.085230
1.083360
1.081500
1.079640
1.077780
1.075930
1.074090
1.072240
1.070410
1.068570
1.066740
1.064910
1.063090
1.061280
1.059470
1.057660
1.055860
1.054060
1.052270
1.050470
1.048690
1.046910
1.045130
1.043360
1.041590
1.039830
1.038070
1.036310
1.034560
1.032810
1.031060
1.029330
1.027590
1.025860
1.024130
1.022410
1.020690
1.018970
1.017260
1.015550
1.013850
1.012150
1.010460
1.008770
1.007080
1.005420
1.003810
1.003170
1.004320
1.007580
1.013610
1.023770
1.041050
1.070770
1.119990
1.195930
1.304390
1.448660
1.629260
1.844290
2.090190
2.362500
2.656580
2.968020
3.292780
3.627230
3.968070
4.312260
4.657190
5.000640
5.340910
5.676690
6.007050
6.331350
6.649170
6.960200
7.264250
7.561340
7.851440
8.134520
8.410620
8.679930
8.942450
9.198350
9.447700
9.690620
9.927290
10.157800
10.382200
10.600600
10.813300
11.020200
11.221500
11.417200
11.607500
11.792600
11.972400
12.147000
12.316600
12.481200
12.640900
12.795800
12.946000
13.091600
13.232500
13.369000
13.501000
13.628700
13.752100
13.871300
13.986300
14.097300
14.204100
14.307000
14.406100
14.501200
14.592600
14.680400
14.764400
14.844900
14.921800
14.995200
15.065200
15.131800
15.195100
15.255200
15.312000
15.365700
15.416200
15.463700
15.508200
15.549800
15.588400
15.624100
15.657100
15.687400
15.714900
15.739700
15.762000
15.781600
15.798800
15.813400
15.825700
15.835600
15.843100
15.848300
15.851200
15.852000
15.850600
15.847100
15.841400
15.833800
15.824100
15.812500
15.799000
15.783600
15.766400
15.747300
15.726500
15.704000
15.679700
15.653900
15.626400
15.597300
15.566800
15.534700
15.501100
15.466200
15.429700
15.392000
15.352900
15.312600
15.270900
15.228100
15.184000
15.138800
15.092500
15.045000
14.996500
14.947000
14.896400
14.844800
14.792300
14.739000
14.684700
14.629500
14.573500
14.516700
14.459100
14.400800
14.341700
14.282000
14.221500
14.160400
14.098800
14.036400
13.973500
13.910100
13.846200
13.781700
13.716800
13.651400
13.585600
13.519400
13.452800
13.385800
13.318500
13.250900
13.182900
13.114600
13.046200
12.977400
12.908400
12.839300
12.769900
12.700500
12.630800
12.561000
12.491100
12.421000
12.351000
12.280900
12.210600
12.140500
12.070200
12.000000
11.929900
11.859600
11.789500
11.719500
11.649500
11.579700
11.509900
11.440200
11.370700
11.301400
11.232100
11.163100
11.094200
11.025600
10.957100
10.888900
10.820900
10.753100
10.685600
10.618300
10.551300
10.484500
10.418100
10.352000
10.286100
10.220600
10.155400
10.090500
10.026000
9.961790
9.897950
9.834410
9.771290
9.708540
9.646140
9.584160
9.522540
9.461290
9.400450
9.340040
9.279980
9.220350
9.161140
9.102350
9.043980
8.986030
8.928440
8.871330
8.814650
8.758440
8.702590
8.647170
8.592220
8.537700
8.483660
8.429980
8.376780
8.324000
8.271700
8.219760
8.168300
8.117330
8.066710
8.016580
7.966860
7.917570
7.868760
7.820310
7.772330
7.724780
7.677660
7.630950
7.584720
7.538850
7.493410
7.448380
7.403780
7.359590
7.315830
7.272430
7.229450
7.186890
7.144750
7.102970
7.061550
7.020610
6.979980
6.939760
6.899910
6.860470
6.821400
6.782680
6.744330
6.706340
6.668710
6.631440
6.594530
6.557980
6.521790
6.485900
6.450380
6.415210
6.380340
6.345840
6.311630
6.277790
6.244250
6.211000
6.178060
6.145480
6.113200
6.081220
6.049480
6.018100
5.987000
5.956180
5.925660
5.895420
5.865460
5.835770
5.806370
5.777230
5.748360
5.719760
5.691420
5.663340
5.635510
5.607940
5.580620
5.553540
5.526710
5.500120
5.473770
5.447660
5.421770
5.396120
5.370690
5.345490
5.320510
5.295750
5.271210
5.246880
5.222760
5.198850
5.175150
5.151650
5.128360
5.105260
5.082360
5.059650
5.037140
5.014810
4.992680
4.970730
4.948960
4.927370
4.905960
4.884730
4.863670
4.842790
4.822070
4.801520
4.781150
4.760930
4.740880
4.720990
4.701250
4.681680
4.662260
4.642990
4.623870
4.604900
4.586090
4.567420
4.548880
4.530500
4.512260
4.494150
4.476190
4.458360
4.440660
4.423100
4.405670
4.388370
4.371200
4.354160
4.337240
4.320450
4.303780
4.287230
4.270800
4.254500
4.238310
4.222230
4.206270
4.190430
4.174690
4.159070
4.143560
4.128160
4.112870
4.097680
4.082590
4.067620
4.052740
4.037970
4.023300
4.008730
3.994260
3.979880
3.965600
3.951420
3.937340
3.923340
3.909440
3.895630
3.881910
3.868280
3.854750
3.841290
3.827930
3.814660
3.801460
3.788360
3.775330
3.762390
3.749530
3.736750
3.724060
3.711440
3.698900
3.686440
3.674060
3.661750
3.649520
3.637360
3.625280
3.613270
3.601340
3.589470
3.577680
3.565960
3.554310
3.542730
3.531210
3.519770
3.508390
3.497080
3.485830
3.474650
3.463540
3.452490
3.441510
3.430580
3.419720
3.408920
3.398190
3.387510
3.376900
3.366340
3.355840
3.345400
3.335020
3.324700
3.314430
3.304220
3.294070
3.283980
3.273930
3.263950
3.254010
3.244140
3.234310
3.224530
3.214810
3.205150
3.195530
3.185960
3.176440
3.166970
3.157560
3.148190
3.138870
3.129600
3.120380
3.111210
3.102080
3.093000
3.083960
3.074980
3.066030
3.057130
3.048290
3.039470
3.030710
3.021990
3.013320
3.004680
2.996090
2.987550
2.979040
2.970580
2.962150
2.953770
2.945430
2.937130
2.928870
2.920650
2.912460
2.904320
2.896220
2.888160
2.880130
2.872150
2.864190
2.856280
2.848410
2.840570
2.832770
2.825000
2.817270
2.809570
2.801920
2.794290
2.786710
2.779150
2.771630
2.764150
2.756700
2.749280
2.741900
2.734550
2.727220
2.719940
2.712690
2.705470
2.698280
2.691130
2.684000
2.676910
2.669850
2.662810
2.655810
2.648840
2.641900
2.634990
2.628110
2.621260
2.614440
2.607650
2.600880
2.594150
2.587450
2.580770
2.574120
2.567500
2.560910
2.554340
2.547800
2.541290
2.534810
2.528360
2.521920
2.515520
2.509140
2.502800
2.496470
2.490170
2.483900
2.477650
2.471430
2.465240
2.459060
2.452910
2.446790
2.440700
2.434630
2.428570
2.422550
2.416550
2.410580
2.404620
2.398690
2.392790
2.386900
2.381040
2.375200
2.369390
2.363600
2.357830
2.352080
2.346360
2.340660
2.334980
2.329310
2.323680
2.318070
2.312470
2.306900
2.301340
2.295810
2.290310
2.284820
2.279350
2.273900
2.268470
2.263070
2.257680
2.252310
2.246960
2.241640
2.236330
2.231050
2.225770
2.220530
2.215300
2.210080
2.204900
2.199720
2.194570
2.189440
2.184320
2.179220
2.174140
2.169080
2.164040
2.159010
2.154000
2.149010
2.144040
2.139090
2.134150
2.129240
2.124340
2.119450
2.114590
2.109740
2.104900
2.100090
2.095290
2.090510
2.085750
2.081000
2.076260
2.071550
2.066850
2.062160
2.057500
2.052850
2.048210
2.043590
2.038990
2.034400
2.029830
2.025270
2.020730
2.016210
2.011690
2.007190
2.002720
1.998250
1.993800
1.989370
1.984950
1.980540
1.976150
1.971780
1.967410
1.963070
1.958730
1.954420
1.950100
1.945820
1.941540
1.937280
1.933030
1.928790
1.924570
1.920370
1.916180
1.912000
1.907830
1.903680
1.899540
1.895410
1.891300
1.887200
1.883110
1.879040
1.874990
1.870940
1.866900
1.862880
1.858880
1.854880
1.850890
1.846930
1.842960
1.839020
1.835090
1.831170
1.827260
1.823360
1.819480
1.815610
1.811750
1.807900
1.804060
1.800240
1.796430
1.792630
1.788840
1.785060
1.781300
1.777550
1.773800
1.770080
1.766360
1.762650
1.758950
1.755270
1.751590
1.747930
1.744280
1.740640
1.737010
1.733390
1.729780
1.726190
1.722600
1.719030
1.715460
1.711910
1.708370
1.704840
1.701310
1.697800
1.694300
1.690810
1.687330
1.683860
1.680400
1.676950
1.673520
1.670080
1.666670
1.663260
1.659860
1.656470
1.653100
1.649720
1.646360
1.643010
1.639680
1.636350
1.633030
1.629720
1.626420
1.623120
1.619850
1.616570
1.613310
1.610050
1.606810
1.603580
1.600350
1.597140
1.593930
1.590730
1.587540
1.584360
1.581190
1.578030
1.574880
1.571740
1.568600
1.565470
1.562360
1.559250
1.556150
1.553060
1.549980
1.546910
1.543840
1.540790
1.537740
1.534700
1.531670
1.528650
1.525640
1.522630
1.519640
1.516650
1.513670
1.510700
1.507730
1.504780
1.501830
1.498890
1.495960
1.493040
1.490130
1.487220
1.484320
1.481430
1.478550
1.475670
1.472800
1.469950
1.467100
1.464250
1.461420
1.458590
1.455770
1.452950
1.450150
1.447350
1.444560
1.441780
1.439010
1.436240
1.433480
1.430730
1.427980
1.425250
1.422520
1.419790
1.417080
1.414370
1.411670
1.408970
1.406290
1.403610
1.400940
1.398270
1.395610
1.392960
1.390320
1.387680
1.385050
1.382430
1.379810
1.377200
1.374600
1.372000
1.369420
1.366830
1.364260
1.361690
1.359130
1.356580
1.354030
1.351490
1.348950
1.346430
1.343900
1.341390
1.338880
1.336380
1.333890
1.331400
1.328910
1.326440
1.323970
1.321500
1.319050
1.316600
1.314160
1.311720
1.309290
1.306860
1.304440
1.302030
1.299620
1.297220
1.294830
1.292440
1.290060
1.287680
1.285310
1.282950
1.280600
1.278240
1.275890
1.273560
1.271220
1.268900
1.266580
1.264260
1.261950
1.259650
1.257350
1.255050
1.252770
1.250480
1.248210
1.245940
1.243680
1.241420
1.239170
1.236920
1.234680
1.232440
1.230220
1.228000
1.225780
1.223570
1.221350
1.219150
1.216960
1.214760
1.212580
1.210400
1.208230
1.206060
1.203900
1.201740
1.199590
1.197430
1.195290
1.193160
1.191030
1.188900
1.186780
1.184670
1.182560
1.180450
1.178350
1.176260
1.174160
1.172080
1.170000
1.167920
1.165860
1.163790
1.161730
1.159680
1.157630
1.155590
1.153540
1.151510
1.149490
1.147460
1.145440
1.143430
1.141420
1.139410
1.137420
1.135420
1.133430
1.131450
1.129460
1.127490
1.125520
1.123550
1.121590
1.119640
1.117690
1.115740
1.113800
1.111860
1.109930
1.108000
1.106080
1.104160
1.102240
1.100340
1.098430
1.096530
1.094630
1.092750
1.090860
1.088980
1.087100
1.085230
1.083360
1.081490
1.079640
1.077780
1.075920
1.074070
1.072230
1.070400
1.068560
1.066730
1.064910
1.063090
1.061280
1.059470
1.057660
1.055850
1.054060
1.052270
1.050470
1.048690
1.046900
1.045130
1.043360
1.041590
1.039820
1.038060
1.036310
1.034560
1.032810
1.031060
1.029320
1.027590
1.025860
1.024130
1.022410
1.020690
1.018970
1.017260
1.015550
1.013850
1.012150
1.010460
1.008770
1.007080
1.005420
1.003810
1.003160
1.004310
1.007580
1.013610
1.023770
1.041050
1.070780
1.120000
1.195940
1.304410
1.448680
1.629290
1.844320
2.090210
2.362530
2.656610
2.968060
3.292820
3.627280
3.968110
4.312310
4.657250
5.000700
5.340960
5.676740
6.007100
6.331410
6.649170
6.960200
7.264310
7.561400
7.851440
8.134520
8.410680
8.679930
8.942510
9.198350
9.447700
9.690680
9.927350
10.157800
10.382200
10.600700
10.813300
11.020200
11.221500
11.417300
11.607600
11.792600
11.972400
12.147000
12.316600
12.481200
12.640900
12.795900
12.946000
13.091600
13.232500
13.369000
13.501000
13.628700
13.752100
13.871300
13.986300
14.097300
14.204100
14.307000
14.406100
14.501300
14.592600
14.680400
14.764400
14.844800
14.921800
14.995200
15.065200
15.131800
15.195100
15.255200
15.312000
15.365700
15.416200
15.463700
15.508200
15.549700
15.588400
15.624100
15.657100
15.687300
15.714900
15.739700
15.761900
15.781600
15.798800
15.813400
15.825700
15.835600
15.843100
15.848300
15.851200
15.852000
15.850600
15.847000
15.841400
15.833800
15.824100
15.812500
15.799000
15.783600
15.766400
15.747300
15.726500
15.704000
15.679700
15.653800
15.626400
15.597300
15.566700
15.534600
15.501100
15.466100
15.429700
15.392000
15.352900
15.312600
15.270900
15.228100
15.184000
15.138800
15.092400
15.045000
14.996500
14.947000
14.896400
14.844800
14.792300
14.739000
14.684600
14.629500
14.573500
14.516700
14.459100
14.400800
14.341700
14.281900
14.221500
14.160400
14.098700
14.036400
13.973500
13.910100
13.846200
13.781700
13.716800
13.651400
13.585600
13.519400
13.452700
13.385700
13.318400
13.250800
13.182900
13.114600
13.046100
12.977400
12.908400
12.839300
12.769900
12.700400
12.630700
12.560900
12.491000
12.421000
12.351000
12.280800
12.210600
12.140400
12.070200
12.000000
11.929800
11.859600
11.789500
11.719500
11.649500
11.579600
11.509800
11.440200
11.370700
11.301300
11.232100
11.163000
11.094200
11.025600
10.957100
10.888900
10.820800
10.753100
10.685500
10.618200
10.551300
10.484500
10.418100
10.351900
10.286100
10.220600
10.155400
10.090500
10.025900
9.961730
9.897890
9.834410
9.771290
9.708540
9.646140
9.584160
9.522480
9.461290
9.400450
9.340040
9.279980
9.220350
9.161140
9.102350
9.043980
8.985970
8.928440
8.871330
8.814650
8.758380
8.702590
8.647170
8.592220
8.537700
8.483600
8.429980
8.376780
8.324000
8.271640
8.219760
8.168300
8.117270
8.066710
8.016580
7.966860
7.917570
7.868760
7.820310
7.772330
7.724780
7.677660
7.630950
7.584720
7.538850
7.493410
7.448380
7.403780
7.359590
7.315830
7.272430
7.229450
7.186890
7.144750
7.102970
7.061550
7.020550
6.979980
6.939760
6.899910
6.860470
6.821400
6.782680
6.744330
6.706340
6.668710
6.631440
6.594530
6.557980
6.521790
6.485900
6.450380
6.415210
6.380340
6.345840
6.311630
6.277790
6.244250
6.211000
6.178060
6.145480
6.113200
6.081160
6.049480
6.018100
5.986990
5.956180
5.925660
5.895410
5.865460
5.835770
5.806370
5.777230
5.748360
5.719760
5.691420
5.663340
5.635510
5.607940
5.580610
5.553540
5.526710
5.500120
5.473770
5.447660
5.421770
5.396110
5.370690
5.345490
5.320510
5.295750
5.271210
5.246880
5.222760
5.198850
5.175150
5.151650
5.128360
5.105260
5.082360
5.059650
5.037140
5.014810
4.992670
4.970730
4.948960
4.927370
4.905960
4.884730
4.863670
4.842790
4.822070
4.801520
4.781150
4.760930
4.740880
4.720990
4.701250
4.681680
4.662260
4.642990
4.623870
4.604900
4.586090
4.567410
4.548880
4.530500
4.512260
4.494150
4.476190
4.458360
4.440660
4.423100
4.405670
4.388370
4.371200
4.354160
4.337240
4.320450
4.303780
4.287230
4.270800
4.254490
4.238300
4.222230
4.206270
4.190420
4.174690
4.159070
4.143560
4.128150
4.112860
4.097680
4.082590
4.067610
4.052740
4.037970
4.023300
4.008730
3.994250
3.979880
3.965600
3.951420
3.937330
3.923340
3.909440
3.895630
3.881910
3.868280
3.854740
3.841290
3.827930
3.814650
3.801460
3.788350
3.775330
3.762390
3.749530
3.736750
3.724050
3.711430
3.698900
3.686440
3.674060
3.661740
3.649520
3.637360
3.625280
3.613270
3.601330
3.589470
3.577680
3.565950
3.554300
3.542720
3.531210
3.519760
3.508390
3.497080
3.485830
3.474650
3.463540
3.452490
3.441500
3.430580
3.419720
3.408920
3.398180
3.387510
3.376890
3.366330
3.355840
3.345400
3.335020
3.324700
3.314430
3.304220
3.294070
3.283970
3.273930
3.263940
3.254010
3.244130
3.234310
3.224530
3.214810
3.205140
3.195520
3.185960
3.176440
3.166970
3.157560
3.148190
3.138870
3.129600
3.120380
3.111210
3.102070
3.093000
3.083960
3.074980
3.066030
3.057130
3.048280
3.039470
3.030710
3.021990
3.013310
3.004680
2.996090
2.987540
2.979030
2.970570
2.962150
2.953770
2.945420
2.937130
2.928870
2.920650
2.912460
2.904320
2.896220
2.888150
2.880130
2.872140
2.864190
2.856280
2.848410
2.840570
2.832770
2.825000
2.817270
2.809570
2.801920
2.794290
2.786700
2.779150
2.771630
2.764150
2.756690
2.749280
2.741890
2.734540
2.727220
2.719940
2.712690
2.705470
2.698280
2.691120
2.684000
2.676900
2.669840
2.662810
2.655810
2.648840
2.641900
2.634990
2.628110
2.621260
2.614440
2.607650
2.600880
2.594150
2.587440
2.580770
2.574120
2.567500
2.560910
2.554340
2.547800
2.541290
2.534810
2.528350
2.521920
2.515520
2.509140
2.502800
2.496470
2.490170
2.483900
2.477650
2.471430
2.465230
2.459060
2.452910
2.446790
2.440700
2.434620
2.428570
2.422550
2.416550
2.410580
2.404620
2.398690
2.392780
2.386900
2.381040
2.375200
2.369390
2.363600
2.357830
2.352080
2.346360
2.340660
2.334980
2.329310
2.323680
2.318060
2.312470
2.306900
2.301340
2.295810
2.290310
2.284820
2.279350
2.273900
2.268470
2.263060
2.257680
2.252310
2.246960
2.241640
2.236330
2.231050
2.225770
2.220530
2.215300
2.210080
2.204900
2.199720
2.194570
2.189440
2.184320
2.179220
2.174140
2.169080
2.164040
2.159010
2.154000
2.149010
2.144040
2.139090
2.134150
2.129240
2.124340
2.119450
2.114590
2.109740
2.104900
2.100090
2.095290
2.090510
2.085740
2.081000
2.076260
2.071550
2.066850
2.062160
2.057500
2.052850
2.048210
2.043590
2.038990
2.034400
2.029830
2.025270
2.020730
2.016200
2.011690
2.007190
2.002720
1.998250
1.993800
1.989370
1.984950
1.980540
1.976150
1.971770
1.967410
1.963070
1.958730
1.954410
1.950100
1.945820
1.941540
1.937280
1.933030
1.928790
1.924570
1.920370
1.916180
1.912000
1.907830
1.903680
1.899540
1.895410
1.891300
1.887200
1.883110
1.879040
1.874980
1.870940
1.866900
1.862880
1.858870
1.854880
1.850890
1.846930
1.842960
1.839020
1.835090
1.831170
1.827260
1.823360
1.819480
1.815610
1.811750
1.807900
1.804060
1.800240
1.796430
1.792630
1.788840
1.785060
1.781300
1.777550
1.773800
1.770080
1.766360
1.762650
1.758950
1.755260
1.751590
1.747930
1.744280
1.740640
1.737010
1.733390
1.729780
1.726190
1.722600
1.719030
1.715460
1.711910
1.708360
1.704840
1.701310
1.697800
1.694300
1.690810
1.687330
1.683860
1.680400
1.676950
1.673520
1.670080
1.666670
1.663260
1.659860
1.656470
1.653090
1.649720
1.646360
1.643010
1.639680
1.636350
1.633030
1.629720
1.626420
1.623120
1.619840
1.616570
1.613310
1.610050
1.606810
1.603570
1.600350
1.597140
1.593930
1.590730
1.587540
1.584360
1.581190
1.578030
1.574880
1.571740
1.568600
1.565470
1.562360
1.559250
1.556150
1.553060
1.549980
1.546900
1.543840
1.540790
1.537740
1.534700
1.531670
1.528650
1.525640
1.522630
1.519640
1.516650
1.513670
1.510700
1.507730
1.504780
1.501830
1.498890
1.495960
1.493040
1.490130
1.487220
1.484320
1.481430
1.478540
1.475670
1.472800
1.469950
1.467090
1.464250
1.461420
1.458590
1.455770
1.452950
1.450150
1.447350
1.444560
1.441780
1.439010
1.436240
1.433480
1.430730
1.427980
1.425250
1.422510
1.419790
1.417080
1.414370
1.411670
1.408970
1.406290
1.403610
1.400940
1.398270
1.395610
1.392960
1.390310
1.387680
1.385050
1.382430
1.379810
1.377200
1.374600
1.372000
1.369420
1.366830
1.364260
1.361690
1.359130
1.356570
1.354030
1.351490
1.348950
1.346430
1.343900
1.341390
1.338880
1.336380
1.333880
1.331390
1.328910
1.326440
1.323970
1.321500
1.319050
1.316600
1.314150
1.311720
1.309280
1.306860
1.304440
1.302030
1.299620
1.297220
1.294830
1.292440
1.290060
1.287680
1.285310
1.282950
1.280590
1.278240
1.275890
1.273560
1.271220
1.268900
1.266570
1.264260
1.261950
1.259650
1.257340
1.255050
1.252770
1.250480
1.248210
1.245940
1.243680
1.241420
1.239170
1.236920
1.234680
1.232440
1.230220
1.228000
1.225780
1.223560
1.221350
1.219150
1.216960
1.214760
1.212580
1.210400
1.208220
1.206060
1.203900
1.201740
1.199590
1.197430
1.195290
1.193160
1.191030
1.188900
1.186780
1.184670
1.182550
1.180450
1.178350
1.176250
1.174160
1.172080
1.170000
1.167920
1.165860
1.163790
1.161730
1.159680
1.157630
1.155590
1.153540
1.151510
1.149480
1.147460
1.145440
1.143430
1.141420
1.139410
1.137420
1.135420
1.133430
1.131450
1.129460
1.127490
1.125520
1.123550
1.121590
1.119630
1.117690
1.115740
1.113800
1.111860
1.109930
1.108000
1.106080
1.104160
1.102240
1.100340
1.098430
1.096530
1.094630
1.092750
1.090860
1.088980
1.087100
1.085220
1.083350
1.081490
1.079630
1.077770
1.075920
1.074070
1.072230
1.070400
1.068560
1.066730
1.064910
1.063090
1.061280
1.059470
1.057660
1.055850
1.054060
1.052260
1.050470
1.048690
1.046900
1.045130
1.043360
1.041590
1.039820
1.038060
1.036310
1.034560
1.032810
1.031060
1.029320
1.027590
1.025860
1.024130
1.022410
1.020690
1.018970
1.017260
1.015550
1.013850
