1.177450
1.175500
1.173550
1.171610
1.169680
1.167750
1.165930
1.165030
1.165440
1.167280
1.170800
1.176540
1.185710
1.200480
1.223890
1.259500
1.311050
1.382070
1.475550
1.593710
1.737840
1.908270
2.104340
2.324560
2.566840
2.828660
3.107320
3.400100
3.704480
4.018100
4.338790
4.664570
4.993610
5.324190
5.654770
5.983960
6.310700
6.634000
6.953290
7.268090
7.578050
7.883010
8.182860
8.477490
8.767010
9.051300
9.330600
9.604830
9.874070
10.138500
10.398100
10.653000
10.903200
11.148900
11.390100
11.626900
11.859200
12.087400
12.311200
12.530800
12.746400
12.957900
13.165300
13.368700
13.568300
13.763900
13.955800
14.143800
14.328100
14.508600
14.685500
14.858700
15.028400
15.194500
15.357100
15.516200
15.671900
15.824200
15.973100
16.118600
16.260800
16.399700
16.535400
16.667900
16.797200
16.923400
17.046400
17.166400
17.283400
17.397300
17.508300
17.616300
17.721400
17.823600
17.922900
18.019400
18.113200
18.204100
18.292300
18.377700
18.460500
18.540700
18.618200
18.693100
18.765400
18.835200
18.902500
18.967300
19.029600
19.089500
19.146900
19.202100
19.254800
19.305300
19.353400
19.399300
19.442900
19.484300
19.523500
19.560500
19.595400
19.628200
19.658900
19.687500
19.714100
19.738600
19.761200
19.781800
19.800400
19.817100
19.832000
19.844900
19.856000
19.865300
19.872800
19.878500
19.882400
19.884600
19.885100
19.883900
19.881000
19.876500
19.870400
19.862700
19.853300
19.842400
19.830000
19.816100
19.800600
19.783700
19.765300
19.745600
19.724500
19.701900
19.678000
19.652700
19.626100
19.598200
19.569000
19.538500
19.506800
19.473800
19.439700
19.404400
19.367900
19.330200
19.291400
19.251500
19.210500
19.168400
19.125300
19.081100
19.035900
18.989600
18.942500
18.894300
18.845100
18.795100
18.744100
18.692200
18.639500
18.585800
18.531400
18.476100
18.419900
18.363000
18.305300
18.246800
18.187500
18.127600
18.066900
18.005500
17.943400
17.880600
17.817200
17.753100
17.688500
17.623100
17.557200
17.490700
17.423600
17.356000
17.287800
17.219200
17.149900
17.080200
17.010000
16.939300
16.868200
16.796600
16.724600
16.652200
16.579400
16.506100
16.432500
16.358500
16.284200
16.209500
16.134500
16.059200
15.983500
15.907700
15.831400
15.755000
15.678300
15.601300
15.524100
15.446700
15.369000
15.291200
15.213200
15.135000
15.056700
14.978200
14.899500
14.820800
14.741900
14.662900
14.583800
14.504600
14.425400
14.346100
14.266700
14.187300
14.107900
14.028400
13.948900
13.869500
13.790000
13.710500
13.631100
13.551800
13.472400
13.393100
13.314000
13.234800
13.155800
13.076800
12.998000
12.919300
12.840700
12.762200
12.683900
12.605700
12.527700
12.449900
12.372200
12.294700
12.217500
12.140400
12.063600
11.986900
11.910600
11.834400
11.758400
11.682800
11.607400
11.532300
11.457400
11.382900
11.308600
11.234600
11.161000
11.087600
11.014600
10.942000
10.869600
10.797600
10.725900
10.654600
10.583700
10.513000
10.442900
10.373000
10.303600
10.234500
10.165900
10.097600
10.029800
9.962350
9.895290
9.828730
9.762560
9.696780
9.631440
9.566600
9.502160
9.438150
9.374590
9.311480
9.248810
9.186640
9.124860
9.063580
9.002800
8.942400
8.882510
8.823120
8.764170
8.705670
8.647670
8.590110
8.533050
8.476440
8.420320
8.364650
8.309480
8.254760
8.200530
8.146810
8.093530
8.040690
7.988360
7.936460
7.885070
7.834130
7.783680
7.733620
7.684120
7.635000
7.586390
7.538220
7.490500
7.443220
7.396440
7.350040
7.304100
7.258650
7.213590
7.168980
7.124810
7.081030
7.037750
6.994860
6.952360
6.910300
6.868690
6.827460
6.786630
6.746180
6.706180
6.666560
6.627340
6.588510
6.550060
6.511950
6.474280
6.436940
6.400000
6.363440
6.327210
6.291380
6.255880
6.220760
6.185980
6.151540
6.117430
6.083650
6.050200
6.017090
5.984360
5.951920
5.919750
5.887970
5.856470
5.825240
5.794350
5.763800
5.733520
5.703520
5.673790
5.644400
5.615290
5.586450
5.557840
5.529570
5.501550
5.473790
5.446300
5.419070
5.392110
5.365390
5.338920
5.312710
5.286740
5.261010
5.235520
5.210270
5.185260
5.160470
5.135910
5.111570
5.087460
5.063570
5.039900
5.016440
4.993180
4.970140
4.947310
4.924680
4.902250
4.880020
4.857980
4.836140
4.814490
4.793030
4.771760
4.750660
4.729750
4.709030
4.688470
4.668100
4.647890
4.627860
4.608000
4.588300
4.568770
4.549400
4.530190
4.511140
4.492250
4.473510
4.454920
4.436490
4.418200
4.400070
4.382080
4.364230
4.346520
4.328960
4.311530
4.294250
4.277090
4.260070
4.243190
4.226430
4.209810
4.193310
4.176940
4.160690
4.144570
4.128570
4.112690
4.096930
4.081280
4.065750
4.050340
4.035050
4.019860
4.004780
3.989820
3.974960
3.960210
3.945570
3.931040
3.916600
3.902270
3.888040
3.873910
3.859880
3.845950
3.832120
3.818380
3.804730
3.791190
3.777730
3.764370
3.751100
3.737910
3.724820
3.711810
3.698900
3.686070
3.673320
3.660650
3.648080
3.635580
3.623170
3.610840
3.598590
3.586410
3.574320
3.562290
3.550350
3.538490
3.526700
3.514990
3.503350
3.491780
3.480280
3.468860
3.457510
3.446230
3.435010
3.423870
3.412790
3.401790
3.390840
3.379960
3.369160
3.358410
3.347730
3.337110
3.326550
3.316060
3.305630
3.295260
3.284960
3.274710
3.264520
3.254390
3.244320
3.234300
3.224340
3.214450
3.204600
3.194810
3.185080
3.175400
3.165780
3.156190
3.146670
3.137210
3.127800
3.118440
3.109130
3.099870
3.090670
3.081510
3.072400
3.063340
3.054340
3.045380
3.036460
3.027590
3.018770
3.010000
3.001280
2.992600
2.983960
2.975370
2.966830
2.958330
2.949870
2.941450
2.933090
2.924760
2.916480
2.908230
2.900030
2.891870
2.883750
2.875670
2.867630
2.859640
2.851680
2.843770
2.835880
2.828040
2.820240
2.812480
2.804750
2.797060
2.789410
2.781800
2.774220
2.766690
2.759180
2.751710
2.744280
2.736880
2.729520
2.722190
2.714900
2.707640
2.700410
2.693220
2.686070
2.678940
2.671850
2.664790
2.657760
2.650760
2.643800
2.636870
2.629970
2.623110
2.616270
2.609460
2.602690
2.595940
2.589230
2.582540
2.575890
2.569260
2.562670
2.556100
2.549560
2.543050
2.536560
2.530110
2.523690
2.517290
2.510920
2.504580
2.498260
2.491980
2.485720
2.479480
2.473270
2.467090
2.460940
2.454810
2.448700
2.442630
2.436580
2.430550
2.424550
2.418570
2.412620
2.406690
2.400790
2.394910
2.389060
2.383220
2.377420
2.371640
2.365880
2.360140
2.354430
2.348740
2.343070
2.337430
2.331810
2.326210
2.320630
2.315080
2.309550
2.304040
2.298550
2.293080
2.287640
2.282210
2.276810
2.271430
2.266070
2.260730
2.255410
2.250110
2.244830
2.239570
2.234340
2.229120
2.223920
2.218740
2.213590
2.208450
2.203330
2.198230
2.193150
2.188090
2.183050
2.178030
2.173020
2.168040
2.163070
2.158120
2.153190
2.148280
2.143390
2.138510
2.133650
2.128810
2.123990
2.119180
2.114390
2.109630
2.104880
2.100140
2.095420
2.090720
2.086040
2.081370
2.076720
2.072090
2.067470
2.062870
2.058290
2.053720
2.049160
2.044630
2.040110
2.035610
2.031120
2.026650
2.022190
2.017750
2.013330
2.008920
2.004520
2.000150
1.995780
1.991430
1.987090
1.982780
1.978470
1.974180
1.969910
1.965650
1.961400
1.957170
1.952960
1.948750
1.944570
1.940390
1.936230
1.932090
1.927960
1.923840
1.919740
1.915640
1.911570
1.907500
1.903450
1.899420
1.895400
1.891380
1.887390
1.883410
1.879440
1.875480
1.871540
1.867610
1.863690
1.859780
1.855890
1.852010
1.848140
1.844290
1.840450
1.836620
1.832800
1.829000
1.825200
1.821420
1.817650
1.813900
1.810150
1.806420
1.802700
1.798990
1.795300
1.791610
1.787940
1.784270
1.780620
1.776990
1.773360
1.769750
1.766140
1.762550
1.758960
1.755400
1.751830
1.748280
1.744750
1.741220
1.737710
1.734200
1.730710
1.727220
1.723750
1.720290
1.716840
1.713400
1.709970
1.706550
1.703140
1.699740
1.696350
1.692980
1.689610
1.686250
1.682900
1.679560
1.676240
1.672920
1.669610
1.666320
1.663030
1.659750
1.656490
1.653220
1.649980
1.646740
1.643510
1.640290
1.637080
1.633880
1.630700
1.627510
1.624340
1.621180
1.618020
1.614880
1.611740
1.608620
1.605510
1.602400
1.599300
1.596210
1.593130
1.590060
1.587000
1.583950
1.580900
1.577870
1.574840
1.571820
1.568810
1.565810
1.562820
1.559840
1.556860
1.553900
1.550940
1.547990
1.545050
1.542120
1.539200
1.536280
1.533370
1.530470
1.527580
1.524700
1.521820
1.518960
1.516100
1.513250
1.510410
1.507570
1.504750
1.501930
1.499120
1.496320
1.493520
1.490740
1.487960
1.485190
1.482420
1.479670
1.476920
1.474180
1.471450
1.468720
1.466000
1.463290
1.460590
1.457900
1.455210
1.452530
1.449850
1.447190
1.444530
1.441880
1.439240
1.436600
1.433970
1.431350
1.428740
1.426130
1.423530
1.420930
1.418350
1.415770
1.413190
1.410630
1.408070
1.405520
1.402970
1.400440
1.397900
1.395380
1.392860
1.390350
1.387850
1.385350
1.382860
1.380370
1.377890
1.375420
1.372950
1.370500
1.368050
1.365600
1.363160
1.360740
1.358310
1.355890
1.353480
1.351070
1.348670
1.346280
1.343890
1.341510
1.339140
1.336770
1.334410
1.332060
1.329710
1.327360
1.325020
1.322700
1.320370
1.318050
1.315740
1.313430
1.311130
1.308840
1.306550
1.304270
1.301990
1.299720
1.297460
1.295190
1.292940
1.290690
1.288460
1.286220
1.283990
1.281760
1.279540
1.277330
1.275130
1.272920
1.270730
1.268540
1.266350
1.264180
1.262000
1.259830
1.257670
1.255510
1.253360
1.251220
1.249080
1.246940
1.244810
1.242690
1.240570
1.238460
1.236350
1.234250
1.232150
1.230060
1.227970
1.225890
1.223810
1.221750
1.219680
1.217620
1.215560
1.213510
1.211470
1.209430
1.207400
1.205370
1.203340
1.201320
1.199310
1.197300
1.195300
1.193300
1.191300
1.189310
1.187330
1.185350
1.183380
1.181410
1.179450
1.177480
1.175530
1.173580
1.171630
1.169700
1.167780
1.165960
1.165060
1.165470
1.167310
1.170830
1.176580
1.185750
1.200520
1.223940
1.259560
1.311120
1.382150
1.475640
1.593810
1.737970
1.908410
2.104490
2.324730
2.567020
2.828840
3.107500
3.400300
3.704690
4.018300
4.338980
4.664770
4.993810
5.324410
5.654980
5.984210
6.310890
6.634240
6.953530
7.268330
7.578340
7.883300
8.183150
8.477770
8.767280
9.051630
9.330920
9.605150
9.874440
10.138800
10.398500
10.653400
10.903600
11.149300
11.390500
11.627200
11.859600
12.087800
12.311600
12.531300
12.746900
12.958300
13.165800
13.369200
13.568800
13.764400
13.956200
14.144300
14.328600
14.509200
14.686000
14.859300
15.029000
15.195100
15.357700
15.516900
15.672500
15.824800
15.973700
16.119200
16.261500
16.400400
16.536100
16.668600
16.797900
16.924100
17.047200
17.167200
17.284200
17.398200
17.509100
17.617100
17.722200
17.824500
17.923800
18.020300
18.114000
18.205000
18.293200
18.378700
18.461400
18.541600
18.619100
18.694000
18.766400
18.836200
18.903500
18.968200
19.030600
19.090500
19.148000
19.203100
19.255900
19.306400
19.354500
19.400400
19.444000
19.485400
19.524700
19.561700
19.596600
19.629400
19.660100
19.688700
19.715300
19.739900
19.762400
19.783100
19.801700
19.818400
19.833300
19.846200
19.857300
19.866600
19.874100
19.879800
19.883700
19.885900
19.886400
19.885300
19.882400
19.877900
19.871800
19.864100
19.854800
19.843900
19.831500
19.817600
19.802200
19.785300
19.767000
19.747300
19.726100
19.703600
19.679600
19.654400
19.627800
19.599900
19.570700
19.540200
19.508500
19.475600
19.441400
19.406100
19.369600
19.332000
19.293200
19.253300
19.212300
19.170200
19.127100
19.082900
19.037700
18.991500
18.944300
18.896100
18.847000
18.797000
18.746000
18.694100
18.641300
18.587700
18.533300
18.477900
18.421800
18.364900
18.307200
18.248700
18.189500
18.129500
18.068900
18.007500
17.945400
17.882600
17.819200
17.755100
17.690300
17.625000
17.559100
17.492600
17.425500
17.357900
17.289700
17.221100
17.151800
17.082100
17.011900
16.941200
16.870100
16.798500
16.726500
16.654100
16.581200
16.508000
16.434400
16.360400
16.286100
16.211400
16.136400
16.061100
15.985400
15.909600
15.833400
15.756900
15.680200
15.603200
15.526000
15.448600
15.371000
15.293100
15.215100
15.137000
15.058600
14.980100
14.901500
14.822700
14.743800
14.664800
14.585700
14.506600
14.427300
14.348000
14.268700
14.189200
14.109800
14.030300
13.950900
13.871400
13.791900
13.712500
13.633000
13.553600
13.474300
13.395000
13.315800
13.236700
13.157600
13.078700
12.999800
12.921100
12.842500
12.764000
12.685700
12.607500
12.529500
12.451700
12.374000
12.296600
12.219300
12.142200
12.065400
11.988700
11.912300
11.836100
11.760200
11.684600
11.609200
11.534000
11.459200
11.384600
11.310300
11.236300
11.162700
11.089300
11.016300
10.943600
10.871300
10.799200
10.727500
10.656200
10.585200
10.514700
10.444500
10.374600
10.305200
10.236100
10.167400
10.099200
10.031300
9.963880
9.896820
9.830210
9.764040
9.698260
9.632930
9.568030
9.503590
9.439590
9.376030
9.312910
9.250240
9.188020
9.126300
9.064960
9.004120
8.943790
8.883900
8.824450
8.765450
8.707000
8.648940
8.591390
8.534330
8.477710
8.421550
8.365930
8.310710
8.255980
8.201760
8.147980
8.094700
8.041860
7.989530
7.937640
7.886190
7.835250
7.784800
7.734740
7.685180
7.636130
7.587460
7.539290
7.491570
7.444290
7.397450
7.351060
7.305110
7.259610
7.214560
7.169940
7.125770
7.081990
7.038710
6.995770
6.953320
6.911210
6.869600
6.828320
6.787540
6.747090
6.707040
6.667420
6.628200
6.589360
6.550860
6.512810
6.475080
6.437800
6.400800
6.364240
6.328020
6.292190
6.256680
6.221520
6.186740
6.152240
6.118120
6.084400
6.050950
6.017840
5.985060
5.952620
5.920450
5.888620
5.857110
5.825950
5.795060
5.764440
5.734160
5.704160
5.674440
5.645050
5.615880
5.587050
5.558490
5.530180
5.502150
5.474390
5.446890
5.419660
5.392680
5.365960
5.339490
5.313270
5.287290
5.261560
5.236070
5.210810
5.185790
5.161000
5.136430
5.112100
5.087980
5.064080
5.040400
5.016940
4.993680
4.970640
4.947800
4.925160
4.902730
4.880490
4.858450
4.836600
4.814950
4.793480
4.772210
4.751110
4.730200
4.709460
4.688910
4.668530
4.648320
4.628280
4.608420
4.588720
4.569180
4.549810
4.530600
4.511540
4.492640
4.473910
4.455320
4.436880
4.418590
4.400450
4.382450
4.364600
4.346890
4.329330
4.311900
4.294610
4.277450
4.260430
4.243540
4.226780
4.210160
4.193660
4.177280
4.161030
4.144900
4.128900
4.113020
4.097250
4.081610
4.066080
4.050660
4.035360
4.020180
4.005100
3.990130
3.975270
3.960520
3.945870
3.931330
3.916900
3.902570
3.888340
3.874200
3.860170
3.846240
3.832400
3.818660
3.805020
3.791470
3.778010
3.764640
3.751370
3.738190
3.725090
3.712090
3.699160
3.686330
3.673580
3.660920
3.648340
3.635840
3.623420
3.611090
3.598840
3.586660
3.574570
3.562540
3.550600
3.538740
3.526950
3.515230
3.503580
3.492020
3.480520
3.469090
3.457740
3.446460
3.435240
3.424100
3.413020
3.402010
3.391060
3.380190
3.369380
3.358630
3.347950
3.337330
3.326770
3.316280
3.305850
3.295480
3.285170
3.274910
3.264730
3.254600
3.244520
3.234510
3.224550
3.214650
3.204810
3.195020
3.185280
3.175600
3.165980
3.156400
3.146890
3.137430
3.128010
3.118650
3.109340
3.100080
3.090870
3.081720
3.072610
3.063550
3.054540
3.045580
3.036660
3.027790
3.018980
3.010200
3.001480
2.992790
2.984160
2.975560
2.967020
2.958520
2.950060
2.941650
2.933270
2.924950
2.916660
2.908420
2.900220
2.892060
2.883940
2.875850
2.867820
2.859820
2.851870
2.843940
2.836060
2.828230
2.820400
2.812640
2.804910
2.797220
2.789570
2.781960
2.774380
2.766840
2.759330
2.751870
2.744430
2.737030
2.729670
2.722340
2.715050
2.707790
2.700560
2.693370
2.686210
2.679090
2.671990
2.664930
2.657900
2.650910
2.643950
2.637010
2.630110
2.623240
2.616410
2.609600
2.602820
2.596080
2.589370
2.582680
2.576020
2.569390
2.562800
2.556230
2.549690
2.543180
2.536700
2.530240
2.523820
2.517420
2.511050
2.504710
2.498390
2.492100
2.485840
2.479610
2.473400
2.467220
2.461060
2.454930
2.448830
2.442750
2.436700
2.430670
2.424670
2.418690
2.412740
2.406820
2.400910
2.395030
2.389180
2.383350
2.377540
2.371750
2.366000
2.360260
2.354550
2.348860
2.343190
2.337550
2.331920
2.326320
2.320750
2.315190
2.309660
2.304150
2.298660
2.293200
2.287750
2.282320
2.276920
2.271540
2.266180
2.260840
2.255520
2.250220
2.244940
2.239680
2.234440
2.229230
2.224030
2.218850
2.213690
2.208550
2.203440
2.198340
2.193250
2.188190
2.183150
2.178130
2.173120
2.168140
2.163170
2.158220
2.153290
2.148380
2.143490
2.138610
2.133750
2.128910
2.124090
2.119280
2.114500
2.109730
2.104970
2.100240
2.095520
2.090820
2.086130
2.081470
2.076820
2.072180
2.067570
2.062970
2.058380
2.053810
2.049260
2.044730
2.040200
2.035700
2.031210
2.026740
2.022290
2.017840
2.013420
2.009010
2.004610
2.000240
1.995870
1.991520
1.987190
1.982870
1.978560
1.974270
1.970000
1.965740
1.961490
1.957260
1.953050
1.948840
1.944660
1.940480
1.936320
1.932170
1.928040
1.923920
1.919820
1.915730
1.911650
1.907590
1.903540
1.899510
1.895480
1.891470
1.887470
1.883490
1.879520
1.875570
1.871620
1.867690
1.863770
1.859860
1.855970
1.852090
1.848230
1.844370
1.840530
1.836700
1.832880
1.829080
1.825280
1.821500
1.817740
1.813970
1.810230
1.806500
1.802780
1.799070
1.795370
1.791690
1.788010
1.784350
1.780700
1.777060
1.773430
1.769820
1.766210
1.762620
1.759040
1.755470
1.751910
1.748360
1.744820
1.741290
1.737780
1.734270
1.730780
1.727290
1.723820
1.720360
1.716910
1.713470
1.710040
1.706620
1.703210
1.699810
1.696430
1.693050
1.689680
1.686320
1.682970
1.679640
1.676310
1.672990
1.669680
1.666390
1.663100
1.659820
1.656550
1.653300
1.650050
1.646810
1.643580
1.640360
1.637150
1.633950
1.630760
1.627580
1.624410
1.621250
1.618090
1.614950
1.611810
1.608690
1.605570
1.602460
1.599370
1.596280
1.593200
1.590130
1.587070
1.584010
1.580970
1.577930
1.574910
1.571890
1.568880
1.565880
1.562880
1.559900
1.556930
1.553960
1.551010
1.548060
1.545120
1.542180
1.539260
1.536340
1.533430
1.530540
1.527640
1.524760
1.521890
1.519020
1.516170
1.513320
1.510470
1.507640
1.504810
1.501990
1.499180
1.496380
1.493590
1.490800
1.488020
1.485250
1.482490
1.479730
1.476980
1.474240
1.471510
1.468780
1.466060
1.463350
1.460650
1.457960
1.455270
1.452590
1.449910
1.447250
1.444590
1.441940
1.439300
1.436660
1.434030
1.431410
1.428790
1.426180
1.423580
1.420990
1.418400
1.415820
1.413250
1.410680
1.408130
1.405570
1.403030
1.400490
1.397960
1.395430
1.392920
1.390410
1.387910
1.385410
1.382920
1.380430
1.377960
1.375480
1.373020
1.370560
1.368110
1.365670
1.363230
1.360800
1.358370
1.355950
1.353540
1.351130
1.348740
1.346340
1.343950
1.341580
1.339200
1.336830
1.334470
1.332110
1.329760
1.327420
1.325090
1.322750
1.320430
1.318110
1.315800
1.313490
1.311190
1.308900
1.306610
1.304330
1.302050
1.299780
1.297510
1.295250
1.293000
1.290750
1.288510
1.286270
1.284040
1.281820
1.279590
1.277380
1.275180
1.272970
1.270780
1.268590
1.266400
1.264230
1.262050
1.259880
1.257720
1.255570
1.253420
1.251270
1.249130
1.246990
1.244870
1.242740
1.240620
1.238510
1.236400
1.234300
1.232200
1.230110
1.228020
1.225940
1.223860
1.221790
1.219730
1.217670
1.215610
1.213560
1.211520
1.209480
1.207440
1.205410
1.203390
1.201370
1.199360
1.197350
1.195340
1.193340
1.191350
1.189360
1.187370
1.185400
1.183420
1.181450
1.179490
1.177530
1.175570
1.173620
1.171680
1.169750
1.167830
1.166010
1.165100
1.165520
1.167350
1.170870
1.176620
1.185790
1.200570
1.223990
1.259610
1.311160
1.382190
1.475670
1.593840
1.737980
1.908410
2.104480
2.324710
2.566990
2.828810
3.107450
3.400250
3.704620
4.018220
4.338910
4.664690
4.993730
5.324310
5.654900
5.984080
6.310810
6.634160
6.953440
7.268230
7.578240
7.883200
8.183040
8.477720
8.767170
9.051570
9.330800
9.605080
9.874370
10.138800
10.398400
10.653300
10.903600
11.149200
11.390400
11.627200
11.859600
12.087700
12.311600
12.531200
12.746800
12.958300
13.165800
13.369200
13.568800
13.764400
13.956300
14.144300
14.328600
14.509200
14.686100
14.859400
15.029000
15.195200
15.357800
15.516900
15.672600
15.824900
15.973800
16.119300
16.261600
16.400500
16.536300
16.668800
16.798000
16.924300
17.047400
17.167400
17.284400
17.398300
17.509300
17.617300
17.722500
17.824700
17.924000
18.020500
18.114200
18.205200
18.293400
18.378900
18.461700
18.541900
18.619400
18.694300
18.766700
18.836500
18.903800
18.968600
19.030900
19.090800
19.148300
19.203500
19.256300
19.306700
19.354900
19.400800
19.444400
19.485800
19.525100
19.562100
19.597000
19.629800
19.660500
19.689100
19.715700
19.740300
19.762900
19.783500
19.802200
19.818900
19.833700
19.846700
19.857900
19.867100
19.874600
19.880400
19.884300
19.886500
19.887000
19.885900
19.883000
19.878500
19.872400
19.864700
19.855400
19.844500
19.832100
19.818200
19.802900
19.786000
19.767700
19.747900
19.726800
19.704200
19.680400
19.655100
19.628500
19.600600
19.571400
19.541000
19.509300
19.476300
19.442200
19.406900
19.370400
19.332700
19.293900
19.254100
19.213100
19.171000
19.127900
19.083700
19.038500
18.992300
18.945200
18.897000
18.847900
18.797800
18.746900
18.695000
18.642300
18.588600
18.534100
18.478900
18.422800
18.365800
18.308100
18.249600
18.190400
18.130500
18.069800
18.008400
17.946300
17.883600
17.820100
17.756100
17.691400
17.626100
17.560200
17.493700
17.426600
17.359000
17.290800
17.222100
17.152900
17.083200
17.013000
16.942400
16.871200
16.799600
16.727600
16.655200
16.582400
16.509100
16.435500
16.361600
16.287200
16.212600
16.137600
16.062200
15.986600
15.910700
15.834500
15.758100
15.681300
15.604400
15.527200
15.449800
15.372200
15.294300
15.216300
15.138200
15.059800
14.981300
14.902600
14.823900
14.745000
14.666000
14.586900
14.507700
14.428500
14.349100
14.269700
14.190300
14.110900
14.031400
13.951900
13.872500
13.793000
13.713500
13.634100
13.554700
13.475400
13.396100
13.316900
13.237700
13.158700
13.079800
13.000900
12.922200
12.843500
12.765100
12.686800
12.608600
12.530600
12.452800
12.375100
12.297600
12.220300
12.143300
12.066400
11.989700
11.913400
11.837200
11.761200
11.685600
11.610200
11.535000
11.460200
11.385600
11.311300
11.237300
11.163700
11.090300
11.017300
10.944600
10.872200
10.800200
10.728500
10.657200
10.586200
10.515600
10.445400
10.375500
10.306100
10.237000
10.168400
10.100100
10.032300
9.964750
9.897750
9.831140
9.764920
9.699140
9.633800
9.568910
9.504460
9.440460
9.376850
9.313740
9.251070
9.188850
9.127120
9.065790
9.004950
8.944620
8.884670
8.825220
8.766280
8.707780
8.649720
8.592160
8.535110
8.478490
8.422330
8.366660
8.311430
8.256770
8.202490
8.148710
8.095430
8.042590
7.990200
7.938310
7.886920
7.835920
7.785480
7.735420
7.685860
7.636750
7.588140
7.539910
7.492190
7.444910
7.398080
7.351690
7.305740
7.260240
7.215180
7.170570
7.126350
7.082620
7.039290
6.996340
6.953840
6.911790
6.870120
6.828900
6.788060
6.747620
6.707560
6.667950
6.628720
6.589830
6.551390
6.513330
6.475610
6.438280
6.401330
6.364720
6.328490
6.292660
6.257160
6.221990
6.187160
6.152710
6.118600
6.084820
6.051380
6.018260
5.985490
5.953040
5.920870
5.889040
5.857540
5.826370
5.795430
5.764870
5.734530
5.704530
5.674870
5.645420
5.616310
5.587420
5.558860
5.530550
5.502520
5.474760
5.447260
5.420020
5.393040
5.366310
5.339840
5.313610
5.287630
5.261900
5.236400
5.211140
5.186120
5.161330
5.136760
5.112420
5.088300
5.064400
5.040720
5.017250
4.993990
4.970940
4.948100
4.925460
4.903020
4.880790
4.858740
4.836900
4.815240
4.793770
4.772490
4.751390
4.730470
4.709740
4.689180
4.668800
4.648580
4.628550
4.608680
4.588970
4.569440
4.550060
4.530850
4.511790
4.492890
4.474150
4.455560
4.437120
4.418830
4.400680
4.382690
4.364840
4.347130
4.329560
4.312130
4.294840
4.277680
4.260650
4.243760
4.227000
4.210370
4.193870
4.177500
4.161240
4.145120
4.129110
4.113230
4.097460
4.081820
4.066280
4.050860
4.035560
4.020370
4.005290
3.990320
3.975460
3.960710
3.946070
3.931520
3.917090
3.902750
3.888520
3.874390
3.860350
3.846420
3.832590
3.818840
3.805200
3.791650
3.778190
3.764820
3.751550
3.738360
3.725260
3.712260
3.699330
3.686500
3.673750
3.661080
3.648500
3.636000
3.623590
3.611250
3.599000
3.586820
3.574720
3.562700
3.550760
3.538900
3.527100
3.515380
3.503740
3.492170
3.480670
3.469250
3.457890
3.446600
3.435390
3.424240
3.413160
3.402150
3.391210
3.380330
3.369520
3.358770
3.348090
3.337470
3.326910
3.316420
3.305980
3.295610
3.285310
3.275050
3.264860
3.254730
3.244650
3.234640
3.224680
3.214780
3.204930
3.195140
3.185410
3.175730
3.166100
3.156540
3.147010
3.137550
3.128140
3.118770
3.109460
3.100210
3.091000
3.081840
3.072730
3.063670
3.054660
3.045690
3.036780
3.027910
3.019090
3.010320
3.001590
2.992910
2.984270
2.975680
2.967130
2.958630
2.950180
2.941760
2.933390
2.925060
2.916770
2.908530
2.900320
2.892160
2.884050
2.875960
2.867930
2.859930
2.851970
2.844050
2.836170
2.828330
2.820520
2.812760
2.805030
2.797340
2.789690
2.782080
2.774500
2.766950
2.759450
2.751980
2.744550
2.737150
2.729790
2.722450
2.715160
2.707900
2.700670
2.693480
2.686320
2.679200
2.672100
2.665040
2.658010
2.651020
2.644060
2.637120
2.630220
2.623360
2.616520
2.609710
2.602930
2.596190
2.589470
2.582780
2.576130
2.569500
2.562900
2.556330
2.549790
2.543280
2.536790
2.530330
2.523900
2.517510
2.511140
2.504790
2.498480
2.492190
2.485920
2.479690
2.473490
2.467300
2.461150
2.455010
2.448910
2.442840
2.436780
2.430750
2.424750
2.418770
2.412820
2.406890
2.400990
2.395110
2.389260
2.383420
2.377620
2.371830
2.366070
2.360340
2.354620
2.348930
2.343270
2.337620
2.332000
2.326400
2.320820
2.315270
2.309730
2.304230
2.298740
2.293270
2.287820
2.282400
2.276990
2.271610
2.266250
2.260910
2.255590
2.250290
2.245010
2.239750
2.234510
2.229300
2.224100
2.218920
2.213760
2.208630
2.203500
2.198400
2.193320
2.188260
2.183220
2.178200
2.173190
2.168210
2.163240
2.158290
2.153360
2.148450
2.143550
2.138670
2.133820
2.128980
2.124160
2.119350
2.114560
2.109790
2.105040
2.100300
2.095580
2.090880
2.086200
2.081530
2.076880
2.072240
2.067630
2.063030
2.058440
2.053880
2.049320
2.044790
2.040270
2.035770
2.031280
2.026810
2.022340
2.017900
2.013480
2.009070
2.004680
2.000290
1.995930
1.991580
1.987250
1.982930
1.978620
1.974330
1.970060
1.965800
1.961550
1.957320
1.953100
1.948900
1.944710
1.940540
1.936380
1.932230
1.928100
1.923980
1.919880
1.915790
1.911710
1.907650
1.903600
1.899560
1.895540
1.891520
1.887530
1.883550
1.879570
1.875620
1.871670
1.867750
1.863820
1.859920
1.856030
1.852150
1.848280
1.844420
1.840580
1.836750
1.832930
1.829130
1.825330
1.821560
1.817780
1.814030
1.810280
1.806550
1.802830
1.799120
1.795430
1.791740
1.788070
1.784410
1.780760
1.777120
1.773490
1.769870
1.766270
1.762670
1.759090
1.755520
1.751960
1.748410
1.744870
1.741340
1.737830
1.734320
1.730830
1.727350
1.723870
1.720410
1.716960
1.713520
1.710090
1.706670
1.703260
1.699860
1.696470
1.693090
1.689730
1.686370
1.683020
1.679680
1.676350
1.673040
1.669730
1.666440
1.663150
1.659870
1.656600
1.653340
1.650100
1.646860
1.643630
1.640410
1.637200
1.634000
1.630810
1.627630
1.624450
1.621290
1.618140
1.614990
1.611860
1.608740
1.605620
1.602510
1.599410
1.596320
1.593240
1.590170
1.587110
1.584060
1.581010
1.577970
1.574950
1.571930
1.568920
1.565920
1.562930
1.559950
1.556970
1.554010
1.551050
1.548100
1.545160
1.542220
1.539300
1.536380
1.533480
1.530580
1.527690
1.524810
1.521930
1.519060
1.516210
1.513360
1.510510
1.507680
1.504850
1.502030
1.499220
1.496420
1.493630
1.490840
1.488060
1.485290
1.482530
1.479770
1.477020
1.474280
1.471550
1.468820
1.466110
1.463390
1.460690
1.457990
1.455310
1.452630
1.449960
1.447290
1.444630
1.441980
1.439330
1.436700
1.434070
1.431450
1.428830
1.426220
1.423620
1.421030
1.418440
1.415860
1.413290
1.410730
1.408170
1.405620
1.403070
1.400530
1.398000
1.395480
1.392950
1.390450
1.387940
1.385440
1.382950
1.380470
1.377990
1.375520
1.373060
1.370600
1.368150
1.365700
1.363260
1.360830
1.358410
1.355990
1.353580
1.351170
1.348770
1.346380
1.343990
1.341610
1.339240
1.336870
1.334510
1.332150
1.329800
1.327460
1.325130
1.322790
1.320460
1.318150
1.315840
1.313530
1.311230
1.308930
1.306650
1.304360
1.302090
1.299810
1.297550
1.295290
1.293040
1.290790
1.288550
1.286310
1.284080
1.281860
1.279640
1.277420
1.275220
1.273020
1.270820
1.268630
1.266450
1.264270
1.262100
1.259920
1.257760
1.255610
1.253460
1.251310
1.249170
1.247030
1.244910
1.242780
1.240660
1.238550
1.236440
1.234340
1.232240
1.230150
1.228060
1.225980
1.223910
1.221830
1.219770
1.217710
1.215660
1.213610
1.211560
1.209520
1.207480
1.205460
1.203420
1.201400
1.199390
1.197380
1.195380
1.193380
1.191380
1.189390
1.187410
1.185430
1.183450
1.181490
1.179520
1.177560
