0.069152
0.069137
0.069257
0.069636
0.070541
0.072248
0.074920
0.078589
0.083188
0.088579
0.094593
0.101045
0.107764
0.114601
0.121431
0.128161
0.134722
0.141063
0.147154
0.152975
0.158515
0.163774
0.168753
0.173458
0.177898
0.182082
0.186023
0.189731
0.193217
0.196493
0.199571
0.202462
0.205174
0.207720
0.210107
0.212346
0.214444
0.216409
0.218250
0.219972
0.221584
0.223090
0.224497
0.225811
0.227036
0.228178
0.229241
0.230229
0.231147
0.231997
0.232785
0.233513
0.234184
0.234801
0.235367
0.235885
0.236358
0.236787
0.237175
0.237523
0.237835
0.238112
0.238355
0.238567
0.238749
0.238902
0.239028
0.239129
0.239204
0.239257
0.239288
0.239297
0.239287
0.239259
0.239212
0.239149
0.239070
0.238975
0.238866
0.238744
0.238608
0.238461
0.238302
0.238131
0.237951
0.237761
0.237561
0.237353
0.237136
0.236912
0.236681
0.236442
0.236197
0.235946
0.235689
0.235427
0.235159
0.234887
0.234610
0.234330
0.234045
0.233756
0.233465
0.233170
0.232872
0.232571
0.232267
0.231962
0.231654
0.231344
0.231032
0.230718
0.230403
0.230086
0.229768
0.229449
0.229128
0.228807
0.228484
0.228161
0.227837
0.227512
0.227186
0.226860
0.226533
0.226206
0.225879
0.225551
0.225223
0.224894
0.224565
0.224236
0.223907
0.223578
0.223248
0.222919
0.222589
0.222259
0.221929
0.221599
0.221268
0.220938
0.220608
0.220277
0.219946
0.219616
0.219285
0.218954
0.218623
0.218292
0.217961
0.217629
0.217297
0.216966
0.216634
0.216301
0.215969
0.215636
0.215303
0.214970
0.214637
0.214303
0.213969
0.213634
0.213299
0.212964
0.212628
0.212292
0.211955
0.211618
0.211280
0.210942
0.210603
0.210263
0.209923
0.209582
0.209241
0.208898
0.208555
0.208211
0.207866
0.207521
0.207174
0.206827
0.206478
0.206129
0.205778
0.205426
0.205073
0.204719
0.204364
0.204007
0.203650
0.203290
0.202929
0.202567
0.202203
0.201838
0.201471
0.201102
0.200731
0.200359
0.199984
0.199608
0.199230
0.198849
0.198466
0.198081
0.197693
0.197303
0.196910
0.196514
0.196116
0.195715
0.195310
0.194903
0.194492
0.194078
0.193660
0.193239
0.192814
0.192385
0.191951
0.191514
0.191072
0.190626
0.190176
0.189720
0.189260
0.188794
0.188324
0.187848
0.187367
0.186881
0.186389
0.185892
0.185389
0.184881
0.184368
0.183849
0.183325
0.182795
0.182261
0.181722
0.181178
0.180630
0.180078
0.179522
0.178962
0.178398
0.177832
0.177262
0.176690
0.176115
0.175539
0.174960
0.174379
0.173797
0.173213
0.172628
0.172042
0.171455
0.170868
0.170280
0.169692
0.169104
0.168516
0.167928
0.167341
0.166754
0.166169
0.165584
0.165000
0.164418
0.163837
0.163257
0.162679
0.162103
0.161529
0.160956
0.160386
0.159818
0.159252
0.158689
0.158128
0.157570
0.157014
0.156461
0.155911
0.155364
0.154820
0.154278
0.153740
0.153205
0.152673
0.152144
0.151619
0.151096
0.150577
0.150061
0.149549
0.149040
0.148535
0.148032
0.147533
0.147038
0.146546
0.146057
0.145572
0.145090
0.144611
0.144135
0.143663
0.143194
0.142728
0.142266
0.141806
0.141350
0.140897
0.140447
0.140000
0.139556
0.139115
0.138677
0.138242
0.137809
0.137380
0.136954
0.136531
0.136110
0.135693
0.135278
0.134866
0.134457
0.134050
0.133647
0.133246
0.132848
0.132452
0.132059
0.131669
0.131282
0.130897
0.130515
0.130135
0.129758
0.129383
0.129011
0.128642
0.128275
0.127910
0.127548
0.127189
0.126832
0.126477
0.126125
0.125775
0.125427
0.125082
0.124739
0.124398
0.124060
0.123724
0.123390
0.123058
0.122729
0.122402
0.122077
0.121754
0.121433
0.121115
0.120798
0.120484
0.120172
0.119861
0.119553
0.119247
0.118943
0.118641
0.118341
0.118043
0.117747
0.117453
0.117160
0.116870
0.116582
0.116295
0.116010
0.115728
0.115447
0.115167
0.114890
0.114615
0.114341
0.114069
0.113799
0.113530
0.113263
0.112998
0.112735
0.112473
0.112214
0.111955
0.111699
0.111444
0.111190
0.110939
0.110688
0.110440
0.110193
0.109948
0.109704
0.109462
0.109221
0.108982
0.108744
0.108508
0.108273
0.108040
0.107808
0.107578
0.107349
0.107121
0.106895
0.106671
0.106448
0.106226
0.106005
0.105786
0.105569
0.105352
0.105137
0.104924
0.104711
0.104500
0.104290
0.104082
0.103875
0.103669
0.103464
0.103261
0.103059
0.102858
0.102659
0.102460
0.102263
0.102067
0.101872
0.101679
0.101486
0.101295
0.101105
0.100916
0.100728
0.100541
0.100356
0.100171
0.099988
0.099806
0.099625
0.099445
0.099266
0.099088
0.098911
0.098736
0.098561
0.098387
0.098215
0.098043
0.097873
0.097703
0.097534
0.097367
0.097200
0.097035
0.096870
0.096707
0.096544
0.096383
0.096222
0.096062
0.095903
0.095746
0.095589
0.095433
0.095278
0.095123
0.094970
0.094818
0.094666
0.094516
0.094366
0.094217
0.094069
0.093922
0.093776
0.093631
0.093486
0.093342
0.093199
0.093058
0.092916
0.092776
0.092636
0.092497
0.092360
0.092222
0.092086
0.091951
0.091816
0.091682
0.091548
0.091416
0.091284
0.091153
0.091023
0.090894
0.090765
0.090637
0.090510
0.090383
0.090257
0.090132
0.090008
0.089884
0.089761
0.089639
0.089517
0.089397
0.089276
0.089157
0.089038
0.088920
0.088803
0.088686
0.088570
0.088454
0.088339
0.088225
0.088112
0.087999
0.087886
0.087775
0.087664
0.087553
0.087444
0.087334
0.087226
0.087118
0.087011
0.086904
0.086798
0.086692
0.086588
0.086483
0.086379
0.086276
0.086174
0.086072
0.085970
0.085870
0.085769
0.085669
0.085570
0.085472
0.085374
0.085276
0.085179
0.085083
0.084987
0.084891
0.084796
0.084702
0.084608
0.084515
0.084422
0.084330
0.084238
0.084147
0.084056
0.083966
0.083876
0.083787
0.083698
0.083610
0.083522
0.083435
0.083348
0.083262
0.083176
0.083090
0.083006
0.082921
0.082837
0.082754
0.082671
0.082588
0.082506
0.082424
0.082343
0.082262
0.082182
0.082102
0.082022
0.081943
0.081865
0.081786
0.081709
0.081631
0.081555
0.081478
0.081402
0.081326
0.081251
0.081176
0.081102
0.081028
0.080954
0.080881
0.080808
0.080736
0.080664
0.080592
0.080521
0.080450
0.080380
0.080310
0.080240
0.080170
0.080102
0.080033
0.079965
0.079897
0.079830
0.079762
0.079696
0.079629
0.079563
0.079498
0.079432
0.079367
0.079303
0.079239
0.079175
0.079111
0.079048
0.078985
0.078923
0.078861
0.078799
0.078737
0.078676
0.078615
0.078555
0.078494
0.078434
0.078375
0.078316
0.078257
0.078198
0.078140
0.078082
0.078024
0.077967
0.077910
0.077853
0.077797
0.077741
0.077685
0.077630
0.077574
0.077519
0.077465
0.077411
0.077357
0.077303
0.077249
0.077196
0.077143
0.077091
0.077038
0.076986
0.076935
0.076883
0.076832
0.076781
0.076730
0.076680
0.076630
0.076580
0.076531
0.076481
0.076432
0.076384
0.076335
0.076287
0.076239
0.076191
0.076144
0.076097
0.076050
0.076003
0.075956
0.075910
0.075864
0.075819
0.075773
0.075728
0.075683
0.075638
0.075594
0.075549
0.075505
0.075462
0.075418
0.075375
0.075332
0.075289
0.075246
0.075204
0.075162
0.075120
0.075078
0.075037
0.074995
0.074954
0.074913
0.074873
0.074832
0.074792
0.074752
0.074713
0.074673
0.074634
0.074595
0.074556
0.074517
0.074479
0.074441
0.074402
0.074365
0.074327
0.074289
0.074252
0.074215
0.074178
0.074142
0.074105
0.074069
0.074033
0.073997
0.073961
0.073926
0.073891
0.073856
0.073821
0.073786
0.073751
0.073717
0.073683
0.073649
0.073615
0.073581
0.073548
0.073515
0.073482
0.073449
0.073416
0.073384
0.073351
0.073319
0.073287
0.073255
0.073224
0.073192
0.073161
0.073130
0.073099
0.073068
0.073037
0.073007
0.072976
0.072946
0.072916
0.072886
0.072857
0.072827
0.072798
0.072769
0.072740
0.072711
0.072682
0.072653
0.072625
0.072597
0.072569
0.072541
0.072513
0.072485
0.072458
0.072430
0.072403
0.072376
0.072349
0.072322
0.072296
0.072269
0.072243
0.072217
0.072191
0.072165
0.072139
0.072114
0.072088
0.072063
0.072038
0.072013
0.071988
0.071963
0.071938
0.071914
0.071889
0.071865
0.071841
0.071817
0.071793
0.071769
0.071746
0.071722
0.071699
0.071676
0.071653
0.071630
0.071607
0.071584
0.071562
0.071539
0.071517
0.071495
0.071473
0.071451
0.071429
0.071407
0.071386
0.071364
0.071343
0.071321
0.071300
0.071279
0.071259
0.071238
0.071217
0.071197
0.071176
0.071156
0.071136
0.071115
0.071096
0.071076
0.071056
0.071036
0.071017
0.070997
0.070978
0.070959
0.070940
0.070921
0.070902
0.070883
0.070864
0.070846
0.070827
0.070809
0.070791
0.070773
0.070754
0.070736
0.070719
0.070701
0.070683
0.070666
0.070648
0.070631
0.070614
0.070596
0.070579
0.070562
0.070545
0.070529
0.070512
0.070495
0.070479
0.070462
0.070446
0.070430
0.070414
0.070398
0.070382
0.070366
0.070350
0.070335
0.070319
0.070303
0.070288
0.070273
0.070258
0.070242
0.070227
0.070212
0.070197
0.070183
0.070168
0.070153
0.070139
0.070124
0.070110
0.070096
0.070081
0.070067
0.070053
0.070039
0.070025
0.070012
0.069998
0.069984
0.069971
0.069957
0.069944
0.069930
0.069917
0.069904
0.069891
0.069878
0.069865
0.069852
0.069839
0.069826
0.069814
0.069801
0.069789
0.069776
0.069764
0.069752
0.069739
0.069727
0.069715
0.069703
0.069691
0.069679
0.069668
0.069656
0.069644
0.069633
0.069621
0.069610
0.069598
0.069587
0.069576
0.069565
0.069554
0.069543
0.069532
0.069521
0.069510
0.069499
0.069488
0.069478
0.069467
0.069457
0.069446
0.069436
0.069426
0.069415
0.069405
0.069395
0.069385
0.069375
0.069365
0.069355
0.069345
0.069335
0.069326
0.069316
0.069306
0.069297
0.069288
0.069278
0.069269
0.069259
0.069250
0.069241
0.069232
0.069223
0.069214
0.069205
0.069196
0.069187
0.069178
0.069170
0.069161
0.069152
0.069137
0.069257
0.069636
0.070541
0.072248
0.074920
0.078589
0.083187
0.088579
0.094592
0.101044
0.107764
0.114600
0.121430
0.128160
0.134721
0.141062
0.147153
0.152973
0.158514
0.163773
0.168752
0.173457
0.177896
0.182081
0.186022
0.189729
0.193216
0.196492
0.199570
0.202461
0.205173
0.207719
0.210106
0.212345
0.214443
0.216408
0.218249
0.219971
0.221583
0.223089
0.224496
0.225810
0.227035
0.228177
0.229240
0.230228
0.231146
0.231996
0.232784
0.233512
0.234183
0.234800
0.235366
0.235884
0.236357
0.236786
0.237174
0.237522
0.237834
0.238111
0.238354
0.238566
0.238748
0.238901
0.239027
0.239128
0.239203
0.239256
0.239287
0.239296
0.239286
0.239258
0.239211
0.239148
0.239068
0.238974
0.238865
0.238742
0.238607
0.238459
0.238300
0.238130
0.237950
0.237760
0.237560
0.237352
0.237135
0.236911
0.236680
0.236441
0.236196
0.235945
0.235688
0.235426
0.235158
0.234886
0.234610
0.234329
0.234044
0.233756
0.233464
0.233169
0.232871
0.232570
0.232267
0.231961
0.231653
0.231343
0.231031
0.230718
0.230402
0.230086
0.229767
0.229448
0.229128
0.228806
0.228484
0.228160
0.227836
0.227511
0.227186
0.226859
0.226533
0.226206
0.225878
0.225550
0.225222
0.224894
0.224565
0.224236
0.223907
0.223577
0.223248
0.222918
0.222588
0.222258
0.221928
0.221598
0.221268
0.220938
0.220607
0.220277
0.219946
0.219615
0.219285
0.218954
0.218623
0.218291
0.217960
0.217629
0.217297
0.216965
0.216633
0.216301
0.215969
0.215636
0.215303
0.214970
0.214636
0.214303
0.213968
0.213634
0.213299
0.212964
0.212628
0.212292
0.211955
0.211618
0.211280
0.210942
0.210603
0.210263
0.209923
0.209582
0.209240
0.208898
0.208555
0.208211
0.207866
0.207521
0.207174
0.206827
0.206478
0.206128
0.205778
0.205426
0.205073
0.204719
0.204364
0.204007
0.203649
0.203290
0.202929
0.202567
0.202203
0.201838
0.201471
0.201102
0.200731
0.200359
0.199984
0.199608
0.199229
0.198849
0.198466
0.198080
0.197693
0.197303
0.196910
0.196514
0.196116
0.195714
0.195310
0.194903
0.194492
0.194078
0.193660
0.193239
0.192813
0.192384
0.191951
0.191514
0.191072
0.190626
0.190175
0.189720
0.189260
0.188794
0.188324
0.187848
0.187367
0.186881
0.186389
0.185892
0.185389
0.184881
0.184367
0.183849
0.183324
0.182795
0.182261
0.181722
0.181178
0.180630
0.180077
0.179521
0.178961
0.178398
0.177831
0.177262
0.176690
0.176115
0.175538
0.174959
0.174379
0.173796
0.173212
0.172628
0.172042
0.171455
0.170867
0.170280
0.169692
0.169103
0.168515
0.167928
0.167341
0.166754
0.166168
0.165583
0.165000
0.164417
0.163836
0.163257
0.162679
0.162103
0.161528
0.160956
0.160386
0.159818
0.159252
0.158689
0.158128
0.157570
0.157014
0.156461
0.155911
0.155364
0.154819
0.154278
0.153740
0.153205
0.152673
0.152144
0.151618
0.151096
0.150577
0.150061
0.149549
0.149040
0.148534
0.148032
0.147533
0.147038
0.146546
0.146057
0.145571
0.145089
0.144611
0.144135
0.143663
0.143194
0.142728
0.142266
0.141806
0.141350
0.140897
0.140446
0.139999
0.139555
0.139114
0.138676
0.138241
0.137809
0.137380
0.136954
0.136531
0.136110
0.135692
0.135278
0.134866
0.134456
0.134050
0.133646
0.133245
0.132847
0.132452
0.132059
0.131669
0.131281
0.130897
0.130514
0.130135
0.129758
0.129383
0.129011
0.128642
0.128275
0.127910
0.127548
0.127189
0.126831
0.126477
0.126124
0.125774
0.125427
0.125082
0.124739
0.124398
0.124060
0.123724
0.123390
0.123058
0.122729
0.122402
0.122077
0.121754
0.121433
0.121114
0.120798
0.120484
0.120171
0.119861
0.119553
0.119247
0.118943
0.118641
0.118341
0.118043
0.117747
0.117453
0.117160
0.116870
0.116582
0.116295
0.116010
0.115727
0.115446
0.115167
0.114890
0.114614
0.114341
0.114069
0.113799
0.113530
0.113263
0.112998
0.112735
0.112473
0.112213
0.111955
0.111699
0.111444
0.111190
0.110939
0.110688
0.110440
0.110193
0.109948
0.109704
0.109461
0.109221
0.108981
0.108744
0.108508
0.108273
0.108040
0.107808
0.107578
0.107349
0.107121
0.106895
0.106671
0.106447
0.106226
0.106005
0.105786
0.105568
0.105352
0.105137
0.104923
0.104711
0.104500
0.104290
0.104082
0.103875
0.103669
0.103464
0.103261
0.103059
0.102858
0.102658
0.102460
0.102263
0.102067
0.101872
0.101678
0.101486
0.101295
0.101105
0.100916
0.100728
0.100541
0.100356
0.100171
0.099988
0.099806
0.099625
0.099445
0.099266
0.099088
0.098911
0.098735
0.098561
0.098387
0.098214
0.098043
0.097873
0.097703
0.097534
0.097367
0.097200
0.097035
0.096870
0.096707
0.096544
0.096383
0.096222
0.096062
0.095903
0.095745
0.095589
0.095433
0.095278
0.095123
0.094970
0.094818
0.094666
0.094516
0.094366
0.094217
0.094069
0.093922
0.093776
0.093631
0.093486
0.093342
0.093199
0.093057
0.092916
0.092776
0.092636
0.092497
0.092359
0.092222
0.092086
0.091950
0.091816
0.091682
0.091548
0.091416
0.091284
0.091153
0.091023
0.090894
0.090765
0.090637
0.090510
0.090383
0.090257
0.090132
0.090008
0.089884
0.089761
0.089639
0.089517
0.089397
0.089276
0.089157
0.089038
0.088920
0.088802
0.088686
0.088570
0.088454
0.088339
0.088225
0.088112
0.087999
0.087886
0.087775
0.087664
0.087553
0.087444
0.087334
0.087226
0.087118
0.087011
0.086904
0.086798
0.086692
0.086588
0.086483
0.086379
0.086276
0.086174
0.086072
0.085970
0.085870
0.085769
0.085669
0.085570
0.085472
0.085374
0.085276
0.085179
0.085083
0.084987
0.084891
0.084796
0.084702
0.084608
0.084515
0.084422
0.084330
0.084238
0.084147
0.084056
0.083966
0.083876
0.083787
0.083698
0.083610
0.083522
0.083435
0.083348
0.083262
0.083176
0.083090
0.083006
0.082921
0.082837
0.082754
0.082671
0.082588
0.082506
0.082424
0.082343
0.082262
0.082182
0.082102
0.082022
0.081943
0.081865
0.081787
0.081709
0.081631
0.081555
0.081478
0.081402
0.081326
0.081251
0.081176
0.081102
0.081028
0.080954
0.080881
0.080808
0.080736
0.080664
0.080592
0.080521
0.080450
0.080380
0.080310
0.080240
0.080170
0.080102
0.080033
0.079965
0.079897
0.079830
0.079763
0.079696
0.079629
0.079563
0.079498
0.079432
0.079367
0.079303
0.079239
0.079175
0.079111
0.079048
0.078985
0.078923
0.078861
0.078799
0.078737
0.078676
0.078615
0.078555
0.078494
0.078434
0.078375
0.078316
0.078257
0.078198
0.078140
0.078082
0.078024
0.077967
0.077910
0.077853
0.077797
0.077741
0.077685
0.077630
0.077574
0.077519
0.077465
0.077411
0.077357
0.077303
0.077249
0.077196
0.077143
0.077091
0.077038
0.076986
0.076935
0.076883
0.076832
0.076781
0.076730
0.076680
0.076630
0.076580
0.076531
0.076481
0.076432
0.076384
0.076335
0.076287
0.076239
0.076191
0.076144
0.076097
0.076050
0.076003
0.075956
0.075910
0.075864
0.075819
0.075773
0.075728
0.075683
0.075638
0.075594
0.075550
0.075505
0.075462
0.075418
0.075375
0.075332
0.075289
0.075246
0.075204
0.075162
0.075120
0.075078
0.075037
0.074995
0.074954
0.074913
0.074873
0.074832
0.074792
0.074752
0.074713
0.074673
0.074634
0.074595
0.074556
0.074517
0.074479
0.074441
0.074402
0.074365
0.074327
0.074289
0.074252
0.074215
0.074178
0.074142
0.074105
0.074069
0.074033
0.073997
0.073961
0.073926
0.073891
0.073856
0.073821
0.073786
0.073751
0.073717
0.073683
0.073649
0.073615
0.073582
0.073548
0.073515
0.073482
0.073449
0.073416
0.073384
0.073351
0.073319
0.073287
0.073255
0.073224
0.073192
0.073161
0.073130
0.073099
0.073068
0.073037
0.073007
0.072976
0.072946
0.072916
0.072886
0.072857
0.072827
0.072798
0.072769
0.072740
0.072711
0.072682
0.072653
0.072625
0.072597
0.072569
0.072541
0.072513
0.072485
0.072458
0.072430
0.072403
0.072376
0.072349
0.072322
0.072296
0.072270
0.072243
0.072217
0.072191
0.072165
0.072139
0.072114
0.072088
0.072063
0.072038
0.072013
0.071988
0.071963
0.071938
0.071914
0.071889
0.071865
0.071841
0.071817
0.071793
0.071769
0.071746
0.071722
0.071699
0.071676
0.071653
0.071630
0.071607
0.071584
0.071562
0.071539
0.071517
0.071495
0.071473
0.071451
0.071429
0.071407
0.071386
0.071364
0.071343
0.071322
0.071301
0.071279
0.071259
0.071238
0.071217
0.071197
0.071176
0.071156
0.071136
0.071116
0.071096
0.071076
0.071056
0.071036
0.071017
0.070997
0.070978
0.070959
0.070940
0.070921
0.070902
0.070883
0.070864
0.070846
0.070827
0.070809
0.070791
0.070773
0.070754
0.070737
0.070719
0.070701
0.070683
0.070666
0.070648
0.070631
0.070614
0.070596
0.070579
0.070562
0.070546
0.070529
0.070512
0.070495
0.070479
0.070462
0.070446
0.070430
0.070414
0.070398
0.070382
0.070366
0.070350
0.070335
0.070319
0.070304
0.070288
0.070273
0.070258
0.070242
0.070227
0.070212
0.070197
0.070183
0.070168
0.070153
0.070139
0.070124
0.070110
0.070096
0.070081
0.070067
0.070053
0.070039
0.070025
0.070012
0.069998
0.069984
0.069971
0.069957
0.069944
0.069930
0.069917
0.069904
0.069891
0.069878
0.069865
0.069852
0.069839
0.069826
0.069814
0.069801
0.069789
0.069776
0.069764
0.069752
0.069739
0.069727
0.069715
0.069703
0.069691
0.069680
0.069668
0.069656
0.069644
0.069633
0.069621
0.069610
0.069599
0.069587
0.069576
0.069565
0.069554
0.069543
0.069532
0.069521
0.069510
0.069499
0.069489
0.069478
0.069467
0.069457
0.069446
0.069436
0.069426
0.069415
0.069405
0.069395
0.069385
0.069375
0.069365
0.069355
0.069345
0.069335
0.069326
0.069316
0.069307
0.069297
0.069288
0.069278
0.069269
0.069260
0.069250
0.069241
0.069232
0.069223
0.069214
0.069205
0.069196
0.069187
0.069178
0.069170
0.069161
0.069152
0.069137
0.069257
0.069636
0.070541
0.072248
0.074921
0.078590
0.083188
0.088580
0.094594
0.101046
0.107766
0.114602
0.121433
0.128164
0.134724
0.141066
0.147157
0.152978
0.158519
0.163777
0.168756
0.173461
0.177901
0.182086
0.186027
0.189735
0.193221
0.196498
0.199576
0.202466
0.205179
0.207724
0.210112
0.212351
0.214449
0.216414
0.218255
0.219977
0.221589
0.223095
0.224502
0.225816
0.227041
0.228183
0.229246
0.230234
0.231152
0.232002
0.232790
0.233517
0.234188
0.234806
0.235372
0.235890
0.236362
0.236791
0.237179
0.237528
0.237840
0.238117
0.238360
0.238572
0.238753
0.238907
0.239033
0.239133
0.239209
0.239261
0.239292
0.239302
0.239292
0.239263
0.239216
0.239153
0.239073
0.238979
0.238870
0.238748
0.238612
0.238465
0.238305
0.238135
0.237955
0.237764
0.237565
0.237357
0.237140
0.236916
0.236684
0.236446
0.236201
0.235949
0.235692
0.235430
0.235163
0.234890
0.234614
0.234333
0.234048
0.233760
0.233468
0.233173
0.232875
0.232574
0.232271
0.231965
0.231657
0.231347
0.231035
0.230721
0.230406
0.230089
0.229771
0.229452
0.229131
0.228809
0.228487
0.228164
0.227839
0.227514
0.227189
0.226863
0.226536
0.226209
0.225881
0.225554
0.225225
0.224897
0.224568
0.224239
0.223910
0.223580
0.223251
0.222921
0.222591
0.222261
0.221931
0.221601
0.221271
0.220940
0.220610
0.220279
0.219949
0.219618
0.219287
0.218956
0.218625
0.218294
0.217963
0.217631
0.217299
0.216968
0.216636
0.216303
0.215971
0.215638
0.215305
0.214972
0.214639
0.214305
0.213971
0.213636
0.213301
0.212966
0.212630
0.212294
0.211957
0.211620
0.211282
0.210944
0.210605
0.210265
0.209925
0.209584
0.209242
0.208900
0.208557
0.208213
0.207868
0.207522
0.207176
0.206828
0.206480
0.206130
0.205780
0.205428
0.205075
0.204721
0.204366
0.204009
0.203651
0.203292
0.202931
0.202569
0.202205
0.201839
0.201472
0.201104
0.200733
0.200360
0.199986
0.199610
0.199231
0.198850
0.198467
0.198082
0.197694
0.197304
0.196911
0.196516
0.196117
0.195716
0.195312
0.194904
0.194493
0.194079
0.193661
0.193240
0.192815
0.192386
0.191953
0.191515
0.191074
0.190627
0.190177
0.189721
0.189261
0.188796
0.188325
0.187849
0.187368
0.186882
0.186390
0.185893
0.185390
0.184882
0.184369
0.183850
0.183326
0.182796
0.182262
0.181723
0.181179
0.180631
0.180079
0.179522
0.178963
0.178399
0.177833
0.177263
0.176691
0.176116
0.175539
0.174960
0.174380
0.173797
0.173214
0.172629
0.172043
0.171456
0.170868
0.170281
0.169693
0.169104
0.168517
0.167929
0.167342
0.166755
0.166169
0.165584
0.165001
0.164418
0.163837
0.163258
0.162680
0.162104
0.161529
0.160957
0.160387
0.159819
0.159253
0.158690
0.158129
0.157571
0.157015
0.156462
0.155912
0.155365
0.154820
0.154279
0.153741
0.153206
0.152674
0.152145
0.151619
0.151097
0.150578
0.150062
0.149550
0.149041
0.148535
0.148033
0.147534
0.147038
0.146546
0.146058
0.145572
0.145090
0.144611
0.144136
0.143664
0.143195
0.142729
0.142266
0.141807
0.141351
0.140897
0.140447
0.140000
0.139556
0.139115
0.138677
0.138242
0.137810
0.137381
0.136955
0.136531
0.136111
0.135693
0.135278
0.134866
0.134457
0.134051
0.133647
0.133246
0.132848
0.132452
0.132060
0.131670
0.131282
0.130897
0.130515
0.130135
0.129758
0.129384
0.129012
0.128642
0.128275
0.127911
0.127549
0.127189
0.126832
0.126477
0.126125
0.125775
0.125427
0.125082
0.124739
0.124399
0.124060
0.123724
0.123390
0.123059
0.122729
0.122402
0.122077
0.121754
0.121434
0.121115
0.120799
0.120484
0.120172
0.119862
0.119554
0.119248
0.118944
0.118642
0.118341
0.118043
0.117747
0.117453
0.117161
0.116870
0.116582
0.116295
0.116011
0.115728
0.115447
0.115168
0.114890
0.114615
0.114341
0.114069
0.113799
0.113531
0.113264
0.112999
0.112735
0.112474
0.112214
0.111956
0.111699
0.111444
0.111191
0.110939
0.110689
0.110440
0.110193
0.109948
0.109704
0.109462
0.109221
0.108982
0.108744
0.108508
0.108273
0.108040
0.107808
0.107578
0.107349
0.107122
0.106896
0.106671
0.106448
0.106226
0.106006
0.105787
0.105569
0.105353
0.105138
0.104924
0.104712
0.104501
0.104291
0.104082
0.103875
0.103669
0.103465
0.103261
0.103059
0.102858
0.102659
0.102460
0.102263
0.102067
0.101872
0.101679
0.101486
0.101295
0.101105
0.100916
0.100728
0.100542
0.100356
0.100172
0.099988
0.099806
0.099625
0.099445
0.099266
0.099088
0.098911
0.098736
0.098561
0.098388
0.098215
0.098043
0.097873
0.097703
0.097535
0.097367
0.097201
0.097035
0.096871
0.096707
0.096544
0.096383
0.096222
0.096062
0.095904
0.095746
0.095589
0.095433
0.095278
0.095124
0.094970
0.094818
0.094667
0.094516
0.094366
0.094218
0.094070
0.093922
0.093776
0.093631
0.093486
0.093343
0.093200
0.093058
0.092916
0.092776
0.092637
0.092498
0.092360
0.092223
0.092086
0.091951
0.091816
0.091682
0.091549
0.091416
0.091284
0.091153
0.091023
0.090894
0.090765
0.090637
0.090510
0.090383
0.090257
0.090132
0.090008
0.089884
0.089761
0.089639
0.089518
0.089397
0.089277
0.089157
0.089038
0.088920
0.088803
0.088686
0.088570
0.088454
0.088339
0.088225
0.088112
0.087999
0.087887
0.087775
0.087664
0.087554
0.087444
0.087335
0.087226
0.087118
0.087011
0.086904
0.086798
0.086693
0.086588
0.086484
0.086380
0.086277
0.086174
0.086072
0.085971
0.085870
0.085769
0.085670
0.085570
0.085472
0.085374
0.085276
0.085179
0.085083
0.084987
0.084891
0.084796
0.084702
0.084608
0.084515
0.084422
0.084330
0.084238
0.084147
0.084056
0.083966
0.083876
0.083787
0.083698
0.083610
0.083522
0.083435
0.083348
0.083262
0.083176
0.083091
0.083006
0.082921
0.082837
0.082754
0.082671
0.082588
0.082506
0.082424
0.082343
0.082262
0.082182
0.082102
0.082023
0.081944
0.081865
0.081787
0.081709
0.081632
0.081555
0.081478
0.081402
0.081327
0.081251
0.081176
0.081102
0.081028
0.080954
0.080881
0.080808
0.080736
0.080664
0.080592
0.080521
0.080450
0.080380
0.080310
0.080240
0.080171
0.080102
0.080033
0.079965
0.079897
0.079830
0.079763
0.079696
0.079630
0.079564
0.079498
0.079433
0.079368
0.079303
0.079239
0.079175
0.079111
0.079048
0.078985
0.078923
0.078861
0.078799
0.078737
0.078676
0.078615
0.078555
0.078495
0.078435
0.078375
0.078316
0.078257
0.078198
0.078140
0.078082
0.078025
0.077967
0.077910
0.077853
0.077797
0.077741
0.077685
0.077630
0.077574
0.077520
0.077465
0.077411
0.077357
0.077303
0.077249
0.077196
0.077144
0.077091
0.077039
0.076987
0.076935
0.076883
0.076832
0.076781
0.076731
0.076680
0.076630
0.076580
0.076531
0.076482
0.076433
0.076384
0.076335
0.076287
0.076239
0.076191
0.076144
0.076097
0.076050
0.076003
0.075957
0.075910
0.075864
0.075819
0.075773
0.075728
0.075683
0.075638
0.075594
0.075550
0.075506
0.075462
0.075418
0.075375
0.075332
0.075289
0.075246
0.075204
0.075162
0.075120
0.075078
0.075037
0.074996
0.074954
0.074914
0.074873
0.074833
0.074793
0.074753
0.074713
0.074673
0.074634
0.074595
0.074556
0.074517
0.074479
0.074441
0.074403
0.074365
0.074327
0.074290
0.074252
0.074215
0.074179
0.074142
0.074105
0.074069
0.074033
0.073997
0.073962
0.073926
0.073891
0.073856
0.073821
0.073786
0.073752
0.073717
0.073683
0.073649
0.073615
0.073582
0.073548
0.073515
0.073482
0.073449
0.073416
0.073384
0.073351
0.073319
0.073287
0.073255
0.073224
0.073192
0.073161
0.073130
0.073099
0.073068
0.073037
0.073007
0.072976
0.072946
0.072916
0.072887
0.072857
0.072827
0.072798
0.072769
0.072740
0.072711
0.072682
0.072654
0.072625
0.072597
0.072569
0.072541
0.072513
0.072485
0.072458
0.072431
0.072403
0.072376
0.072349
0.072323
0.072296
0.072270
0.072243
0.072217
0.072191
0.072165
0.072139
0.072114
0.072088
0.072063
0.072038
0.072013
0.071988
0.071963
0.071938
0.071914
0.071889
0.071865
0.071841
0.071817
0.071793
0.071770
0.071746
0.071723
0.071699
0.071676
0.071653
0.071630
0.071607
0.071585
0.071562
0.071540
0.071517
0.071495
0.071473
0.071451
0.071429
0.071407
0.071386
0.071364
0.071343
0.071322
0.071301
0.071280
0.071259
0.071238
0.071217
0.071197
0.071176
0.071156
0.071136
0.071116
0.071096
0.071076
0.071056
0.071036
0.071017
0.070998
0.070978
0.070959
0.070940
0.070921
0.070902
0.070883
0.070864
0.070846
0.070827
0.070809
0.070791
0.070773
0.070755
0.070737
0.070719
0.070701
0.070683
0.070666
0.070648
0.070631
0.070614
0.070596
0.070579
0.070562
0.070546
0.070529
0.070512
0.070496
0.070479
0.070463
0.070446
0.070430
0.070414
0.070398
0.070382
0.070366
0.070350
0.070335
0.070319
0.070304
0.070288
0.070273
0.070258
0.070242
0.070227
0.070212
0.070197
0.070183
0.070168
0.070153
0.070139
0.070124
0.070110
0.070096
0.070082
0.070067
0.070053
0.070039
0.070026
0.070012
0.069998
0.069984
0.069971
0.069957
0.069944
0.069930
0.069917
0.069904
0.069891
0.069878
0.069865
0.069852
0.069839
0.069827
0.069814
0.069801
0.069789
0.069776
0.069764
0.069752
0.069740
0.069727
0.069715
0.069703
0.069691
0.069680
0.069668
0.069656
0.069644
0.069633
0.069621
0.069610
0.069599
0.069587
0.069576
0.069565
0.069554
0.069543
0.069532
0.069521
0.069510
0.069499
0.069489
0.069478
0.069467
0.069457
0.069446
0.069436
0.069426
0.069416
0.069405
0.069395
0.069385
0.069375
0.069365
0.069355
0.069345
0.069336
0.069326
0.069316
0.069307
0.069297
0.069288
0.069278
0.069269
0.069260
0.069250
0.069241
0.069232
0.069223
0.069214
0.069205
0.069196
0.069187
0.069179
0.069170
0.069161
0.069153
