11.172100
11.174700
11.176500
11.176400
11.176300
11.176200
11.176200
11.176300
11.176400
11.176500
11.176600
11.176800
11.177000
11.177100
11.177300
11.177400
11.177600
11.177700
11.177800
11.177900
11.178000
11.178100
11.178200
11.178300
11.178300
11.178400
11.178400
11.178500
11.178500
11.178500
11.178600
11.178600
11.178600
11.178600
11.178600
11.178600
11.178600
11.178600
11.178600
11.178600
11.178500
11.178500
11.178500
11.178500
11.178500
11.178400
11.178400
11.178400
11.178300
11.178300
11.178300
11.178300
11.178200
11.178200
11.178200
11.178100
11.178100
11.178100
11.178000
11.178000
11.178000
11.177900
11.177900
11.177900
11.177800
11.177800
11.177800
11.177700
11.177700
11.177700
11.177600
11.177600
11.177600
11.177500
11.177500
11.177500
11.177400
11.177400
11.177400
11.177400
11.177300
11.177300
11.177300
11.177200
11.177200
11.177200
11.177200
11.177100
11.177100
11.177100
11.177100
11.177000
11.177000
11.177000
11.177000
11.177000
11.176900
11.176900
11.176900
11.176900
11.176900
11.176800
11.176800
11.176800
11.176800
11.176800
11.176800
11.176700
11.176700
11.176700
11.176700
11.176700
11.176700
11.176700
11.176700
11.176700
11.176600
11.176600
11.176600
11.176600
11.176600
11.176600
11.176600
11.176600
11.176600
11.176600
11.176600
11.176600
11.176600
11.176600
11.176600
11.176600
11.176600
11.176600
11.176600
11.176600
11.176600
11.176600
11.176600
11.176600
11.176600
11.176600
11.176600
11.176600
11.176600
11.176600
11.176600
11.176600
11.176700
11.176700
11.176700
11.176700
11.176700
11.176700
11.176700
11.176700
11.176800
11.176800
11.176800
11.176800
11.176800
11.176900
11.176900
11.176900
11.176900
11.176900
11.177000
11.177000
11.177000
11.177000
11.177100
11.177100
11.177100
11.177200
11.177200
11.177200
11.177200
11.177300
11.177300
11.177300
11.177400
11.177400
11.177500
11.177500
11.177500
11.177600
11.177600
11.177700
11.177700
11.177700
11.177800
11.177800
11.177900
11.177900
11.178000
11.178000
11.178100
11.178100
11.178200
11.178200
11.178300
11.178300
11.178400
11.178400
11.178500
11.178500
11.178600
11.178600
11.178700
11.178800
11.178800
11.178900
11.178900
11.179000
11.179000
11.179100
11.179200
11.179200
11.179300
11.179300
11.179400
11.179500
11.179500
11.179600
11.179700
11.179700
11.179800
11.179800
11.179900
11.180000
11.180000
11.180100
11.180100
11.180200
11.180300
11.180300
11.180400
11.180400
11.180500
11.180600
11.180600
11.180700
11.180700
11.180800
11.180800
11.180900
11.180900
11.181000
11.181000
11.181100
11.181100
11.181200
11.181200
11.181300
11.181300
11.181400
11.181400
11.181400
11.181500
11.181500
11.181500
11.181600
11.181600
11.181600
11.181700
11.181700
11.181700
11.181800
11.181800
11.181800
11.181900
11.181900
11.181900
11.181900
11.182000
11.182000
11.182000
11.182000
11.182100
11.182100
11.182100
11.182100
11.182200
11.182200
11.182200
11.182200
11.182300
11.182300
11.182300
11.182300
11.182400
11.182400
11.182400
11.182400
11.182500
11.182500
11.182500
11.182500
11.182500
11.182600
11.182600
11.182600
11.182600
11.182600
11.182700
11.182700
11.182700
11.182700
11.182700
11.182700
11.182800
11.182800
11.182800
11.182800
11.182800
11.182800
11.182900
11.182900
11.182900
11.182900
11.182900
11.182900
11.182900
11.182900
11.183000
11.183000
11.183000
11.183000
11.183000
11.183000
11.183000
11.183000
11.183100
11.183100
11.183100
11.183100
11.183100
11.183100
11.183100
11.183100
11.183100
11.183100
11.183100
11.183200
11.183200
11.183200
11.183200
11.183200
11.183200
11.183200
11.183200
11.183200
11.183200
11.183200
11.183200
11.183200
11.183200
11.183200
11.183200
11.183200
11.183300
11.183300
11.183300
11.183300
11.183300
11.183300
11.183300
11.183300
11.183300
11.183300
11.183300
11.183300
11.183300
11.183300
11.183300
11.183300
11.183300
11.183300
11.183300
11.183300
11.183300
11.183300
11.183300
11.183300
11.183300
11.183300
11.183300
11.183300
11.183300
11.183300
11.183300
11.183300
11.183300
11.183300
11.183300
11.183300
11.183300
11.183300
11.183300
11.183300
11.183300
11.183300
11.183300
11.183300
11.183300
11.183300
11.183300
11.183300
11.183300
11.183300
11.183200
11.183200
11.183200
11.183200
11.183200
11.183200
11.183200
11.183200
11.183200
11.183200
11.183200
11.183200
11.183200
11.183200
11.183200
11.183200
11.183200
11.183200
11.183200
11.183200
11.183100
11.183100
11.183100
11.183100
11.183100
11.183100
11.183100
11.183100
11.183100
11.183100
11.183100
11.183100
11.183100
11.183100
11.183000
11.183000
11.183000
11.183000
11.183000
11.183000
11.183000
11.183000
11.183000
11.183000
11.183000
11.183000
11.182900
11.182900
11.182900
11.182900
11.182900
11.182900
11.182900
11.182900
11.182900
11.182900
11.182800
11.182800
11.182800
11.182800
11.182800
11.182800
11.182800
11.182800
11.182800
11.182800
11.182700
11.182700
11.182700
11.182700
11.182700
11.182700
11.182700
11.182700
11.182700
11.182600
11.182600
11.182600
11.182600
11.182600
11.182600
11.182600
11.182600
11.182500
11.182500
11.182500
11.182500
11.182500
11.182500
11.182500
11.182500
11.182400
11.182400
11.182400
11.182400
11.182400
11.182400
11.182400
11.182400
11.182300
11.182300
11.182300
11.182300
11.182300
11.182300
11.182300
11.182200
11.182200
11.182200
11.182200
11.182200
11.182200
11.182200
11.182100
11.182100
11.182100
11.182100
11.182100
11.182100
11.182100
11.182000
11.182000
11.182000
11.182000
11.182000
11.182000
11.182000
11.181900
11.181900
11.181900
11.181900
11.181900
11.181900
11.181800
11.181800
11.181800
11.181800
11.181800
11.181800
11.181800
11.181700
11.181700
11.181700
11.181700
11.181700
11.181700
11.181600
11.181600
11.181600
11.181600
11.181600
11.181600
11.181500
11.181500
11.181500
11.181500
11.181500
11.181500
11.181400
11.181400
11.181400
11.181400
11.181400
11.181400
11.181300
11.181300
11.181300
11.181300
11.181300
11.181300
11.181200
11.181200
11.181200
11.181200
11.181200
11.181200
11.181100
11.181100
11.181100
11.181100
11.181100
11.181000
11.181000
11.181000
11.181000
11.181000
11.181000
11.180900
11.180900
11.180900
11.180900
11.180900
11.180900
11.180800
11.180800
11.180800
11.180800
11.180800
11.180700
11.180700
11.180700
11.180700
11.180700
11.180700
11.180600
11.180600
11.180600
11.180600
11.180600
11.180500
11.180500
11.180500
11.180500
11.180500
11.180400
11.180400
11.180400
11.180400
11.180400
11.180400
11.180300
11.180300
11.180300
11.180300
11.180300
11.180200
11.180200
11.180200
11.180200
11.180200
11.180100
11.180100
11.180100
11.180100
11.180100
11.180000
11.180000
11.180000
11.180000
11.180000
11.179900
11.179900
11.179900
11.179900
11.179900
11.179900
11.179800
11.179800
11.179800
11.179800
11.179800
11.179700
11.179700
11.179700
11.179700
11.179700
11.179600
11.179600
11.179600
11.179600
11.179600
11.179500
11.179500
11.179500
11.179500
11.179500
11.179400
11.179400
11.179400
11.179400
11.179400
11.179300
11.179300
11.179300
11.179300
11.179200
11.179200
11.179200
11.179200
11.179200
11.179100
11.179100
11.179100
11.179100
11.179100
11.179000
11.179000
11.179000
11.179000
11.179000
11.178900
11.178900
11.178900
11.178900
11.178900
11.178800
11.178800
11.178800
11.178800
11.178800
11.178700
11.178700
11.178700
11.178700
11.178600
11.178600
11.178600
11.178600
11.178600
11.178500
11.178500
11.178500
11.178500
11.178500
11.178400
11.178400
11.178400
11.178400
11.178400
11.178300
11.178300
11.178300
11.178300
11.178200
11.178200
11.178200
11.178200
11.178200
11.178100
11.178100
11.178100
11.178100
11.178100
11.178000
11.178000
11.178000
11.178000
11.177900
11.177900
11.177900
11.177900
11.177900
11.177800
11.177800
11.177800
11.177800
11.177800
11.177700
11.177700
11.177700
11.177700
11.177600
11.177600
11.177600
11.177600
11.177600
11.177500
11.177500
11.177500
11.177500
11.177400
11.177400
11.177400
11.177400
11.177400
11.177300
11.177300
11.177300
11.177300
11.177300
11.177200
11.177200
11.177200
11.177200
11.177100
11.177100
11.177100
11.177100
11.177100
11.177000
11.177000
11.177000
11.177000
11.176900
11.176900
11.176900
11.176900
11.176900
11.176800
11.176800
11.176800
11.176800
11.176700
11.176700
11.176700
11.176700
11.176700
11.176600
11.176600
11.176600
11.176600
11.176500
11.176500
11.176500
11.176500
11.176500
11.176400
11.176400
11.176400
11.176400
11.176300
11.176300
11.176300
11.176300
11.176300
11.176200
11.176200
11.176200
11.176200
11.176100
11.176100
11.176100
11.176100
11.176100
11.176000
11.176000
11.176000
11.176000
11.175900
11.175900
11.175900
11.175900
11.175800
11.175800
11.175800
11.175800
11.175800
11.175700
11.175700
11.175700
11.175700
11.175600
11.175600
11.175600
11.175600
11.175600
11.175500
11.175500
11.175500
11.175500
11.175400
11.175400
11.175400
11.175400
11.175400
11.175300
11.175300
11.175300
11.175300
11.175200
11.175200
11.175200
11.175200
11.175100
11.175100
11.175100
11.175100
11.175100
11.175000
11.175000
11.175000
11.175000
11.174900
11.174900
11.174900
11.174900
11.174800
11.174800
11.174800
11.174800
11.174800
11.174700
11.174700
11.174700
11.174700
11.174600
11.174600
11.174600
11.174600
11.174500
11.174500
11.174500
11.174500
11.174500
11.174400
11.174400
11.174400
11.174400
11.174300
11.174300
11.174300
11.174300
11.174300
11.174200
11.174200
11.174200
11.174200
11.174100
11.174100
11.174100
11.174100
11.174000
11.174000
11.174000
11.174000
11.174000
11.173900
11.173900
11.173900
11.173900
11.173800
11.173800
11.173800
11.173800
11.173700
11.173700
11.173700
11.173700
11.173600
11.173600
11.173600
11.173600
11.173600
11.173500
11.173500
11.173500
11.173500
11.173400
11.173400
11.173400
11.173400
11.173300
11.173300
11.173300
11.173300
11.173300
11.173200
11.173200
11.173200
11.173200
11.173100
11.173100
11.173100
11.173100
11.173000
11.173000
11.173000
11.173000
11.173000
11.172900
11.172900
11.172900
11.172900
11.172800
11.172800
11.172800
11.172800
11.172700
11.172700
11.172700
11.172700
11.172600
11.172600
11.172600
11.172600
11.172600
11.172500
11.172500
11.172500
11.172500
11.172400
11.172400
11.172400
11.172400
11.172300
11.172300
11.172300
11.172300
11.172300
11.172200
11.172200
11.174800
11.176500
11.176400
11.176300
11.176300
11.176300
11.176400
11.176400
11.176600
11.176700
11.176900
11.177000
11.177200
11.177300
11.177500
11.177600
11.177800
11.177900
11.178000
11.178100
11.178200
11.178300
11.178300
11.178400
11.178500
11.178500
11.178500
11.178600
11.178600
11.178600
11.178600
11.178600
11.178700
11.178700
11.178700
11.178600
11.178600
11.178600
11.178600
11.178600
11.178600
11.178600
11.178500
11.178500
11.178500
11.178500
11.178400
11.178400
11.178400
11.178300
11.178300
11.178300
11.178300
11.178200
11.178200
11.178200
11.178100
11.178100
11.178100
11.178000
11.178000
11.178000
11.177900
11.177900
11.177900
11.177800
11.177800
11.177800
11.177700
11.177700
11.177700
11.177600
11.177600
11.177600
11.177500
11.177500
11.177500
11.177400
11.177400
11.177400
11.177400
11.177300
11.177300
11.177300
11.177300
11.177200
11.177200
11.177200
11.177200
11.177100
11.177100
11.177100
11.177100
11.177000
11.177000
11.177000
11.177000
11.177000
11.176900
11.176900
11.176900
11.176900
11.176900
11.176900
11.176800
11.176800
11.176800
11.176800
11.176800
11.176800
11.176800
11.176700
11.176700
11.176700
11.176700
11.176700
11.176700
11.176700
11.176700
11.176700
11.176700
11.176700
11.176700
11.176600
11.176600
11.176600
11.176600
11.176600
11.176600
11.176600
11.176600
11.176600
11.176600
11.176600
11.176600
11.176600
11.176600
11.176600
11.176600
11.176700
11.176700
11.176700
11.176700
11.176700
11.176700
11.176700
11.176700
11.176700
11.176700
11.176700
11.176800
11.176800
11.176800
11.176800
11.176800
11.176800
11.176800
11.176900
11.176900
11.176900
11.176900
11.176900
11.177000
11.177000
11.177000
11.177000
11.177100
11.177100
11.177100
11.177100
11.177200
11.177200
11.177200
11.177200
11.177300
11.177300
11.177300
11.177400
11.177400
11.177400
11.177500
11.177500
11.177600
11.177600
11.177600
11.177700
11.177700
11.177800
11.177800
11.177800
11.177900
11.177900
11.178000
11.178000
11.178100
11.178100
11.178200
11.178200
11.178300
11.178300
11.178400
11.178400
11.178500
11.178500
11.178600
11.178600
11.178700
11.178800
11.178800
11.178900
11.178900
11.179000
11.179000
11.179100
11.179200
11.179200
11.179300
11.179300
11.179400
11.179500
11.179500
11.179600
11.179700
11.179700
11.179800
11.179800
11.179900
11.180000
11.180000
11.180100
11.180100
11.180200
11.180300
11.180300
11.180400
11.180400
11.180500
11.180600
11.180600
11.180700
11.180700
11.180800
11.180800
11.180900
11.181000
11.181000
11.181100
11.181100
11.181200
11.181200
11.181200
11.181300
11.181300
11.181400
11.181400
11.181500
11.181500
11.181500
11.181600
11.181600
11.181600
11.181700
11.181700
11.181700
11.181800
11.181800
11.181800
11.181900
11.181900
11.181900
11.181900
11.182000
11.182000
11.182000
11.182000
11.182100
11.182100
11.182100
11.182200
11.182200
11.182200
11.182200
11.182300
11.182300
11.182300
11.182300
11.182400
11.182400
11.182400
11.182400
11.182400
11.182500
11.182500
11.182500
11.182500
11.182600
11.182600
11.182600
11.182600
11.182600
11.182700
11.182700
11.182700
11.182700
11.182700
11.182700
11.182800
11.182800
11.182800
11.182800
11.182800
11.182800
11.182900
11.182900
11.182900
11.182900
11.182900
11.182900
11.183000
11.183000
11.183000
11.183000
11.183000
11.183000
11.183000
11.183000
11.183100
11.183100
11.183100
11.183100
11.183100
11.183100
11.183100
11.183100
11.183100
11.183100
11.183200
11.183200
11.183200
11.183200
11.183200
11.183200
11.183200
11.183200
11.183200
11.183200
11.183200
11.183200
11.183300
11.183300
11.183300
11.183300
11.183300
11.183300
11.183300
11.183300
11.183300
11.183300
11.183300
11.183300
11.183300
11.183300
11.183300
11.183300
11.183300
11.183300
11.183300
11.183300
11.183300
11.183300
11.183300
11.183300
11.183400
11.183400
11.183400
11.183400
11.183400
11.183400
11.183400
11.183400
11.183400
11.183400
11.183400
11.183400
11.183400
11.183400
11.183400
11.183400
11.183400
11.183400
11.183400
11.183400
11.183400
11.183400
11.183400
11.183300
11.183300
11.183300
11.183300
11.183300
11.183300
11.183300
11.183300
11.183300
11.183300
11.183300
11.183300
11.183300
11.183300
11.183300
11.183300
11.183300
11.183300
11.183300
11.183300
11.183300
11.183300
11.183300
11.183300
11.183300
11.183300
11.183300
11.183200
11.183200
11.183200
11.183200
11.183200
11.183200
11.183200
11.183200
11.183200
11.183200
11.183200
11.183200
11.183200
11.183200
11.183200
11.183100
11.183100
11.183100
11.183100
11.183100
11.183100
11.183100
11.183100
11.183100
11.183100
11.183100
11.183100
11.183100
11.183000
11.183000
11.183000
11.183000
11.183000
11.183000
11.183000
11.183000
11.183000
11.183000
11.183000
11.182900
11.182900
11.182900
11.182900
11.182900
11.182900
11.182900
11.182900
11.182900
11.182900
11.182800
11.182800
11.182800
11.182800
11.182800
11.182800
11.182800
11.182800
11.182800
11.182700
11.182700
11.182700
11.182700
11.182700
11.182700
11.182700
11.182700
11.182700
11.182600
11.182600
11.182600
11.182600
11.182600
11.182600
11.182600
11.182600
11.182500
11.182500
11.182500
11.182500
11.182500
11.182500
11.182500
11.182400
11.182400
11.182400
11.182400
11.182400
11.182400
11.182400
11.182400
11.182300
11.182300
11.182300
11.182300
11.182300
11.182300
11.182300
11.182200
11.182200
11.182200
11.182200
11.182200
11.182200
11.182200
11.182100
11.182100
11.182100
11.182100
11.182100
11.182100
11.182100
11.182000
11.182000
11.182000
11.182000
11.182000
11.182000
11.182000
11.181900
11.181900
11.181900
11.181900
11.181900
11.181900
11.181800
11.181800
11.181800
11.181800
11.181800
11.181800
11.181700
11.181700
11.181700
11.181700
11.181700
11.181700
11.181700
11.181600
11.181600
11.181600
11.181600
11.181600
11.181600
11.181500
11.181500
11.181500
11.181500
11.181500
11.181500
11.181400
11.181400
11.181400
11.181400
11.181400
11.181400
11.181300
11.181300
11.181300
11.181300
11.181300
11.181200
11.181200
11.181200
11.181200
11.181200
11.181200
11.181100
11.181100
11.181100
11.181100
11.181100
11.181100
11.181000
11.181000
11.181000
11.181000
11.181000
11.180900
11.180900
11.180900
11.180900
11.180900
11.180900
11.180800
11.180800
11.180800
11.180800
11.180800
11.180700
11.180700
11.180700
11.180700
11.180700
11.180700
11.180600
11.180600
11.180600
11.180600
11.180600
11.180500
11.180500
11.180500
11.180500
11.180500
11.180500
11.180400
11.180400
11.180400
11.180400
11.180400
11.180300
11.180300
11.180300
11.180300
11.180300
11.180200
11.180200
11.180200
11.180200
11.180200
11.180100
11.180100
11.180100
11.180100
11.180100
11.180000
11.180000
11.180000
11.180000
11.180000
11.179900
11.179900
11.179900
11.179900
11.179900
11.179900
11.179800
11.179800
11.179800
11.179800
11.179800
11.179700
11.179700
11.179700
11.179700
11.179700
11.179600
11.179600
11.179600
11.179600
11.179600
11.179500
11.179500
11.179500
11.179500
11.179500
11.179400
11.179400
11.179400
11.179400
11.179300
11.179300
11.179300
11.179300
11.179300
11.179200
11.179200
11.179200
11.179200
11.179200
11.179100
11.179100
11.179100
11.179100
11.179100
11.179000
11.179000
11.179000
11.179000
11.179000
11.178900
11.178900
11.178900
11.178900
11.178900
11.178800
11.178800
11.178800
11.178800
11.178800
11.178700
11.178700
11.178700
11.178700
11.178600
11.178600
11.178600
11.178600
11.178600
11.178500
11.178500
11.178500
11.178500
11.178500
11.178400
11.178400
11.178400
11.178400
11.178300
11.178300
11.178300
11.178300
11.178300
11.178200
11.178200
11.178200
11.178200
11.178200
11.178100
11.178100
11.178100
11.178100
11.178100
11.178000
11.178000
11.178000
11.178000
11.177900
11.177900
11.177900
11.177900
11.177900
11.177800
11.177800
11.177800
11.177800
11.177700
11.177700
11.177700
11.177700
11.177700
11.177600
11.177600
11.177600
11.177600
11.177600
11.177500
11.177500
11.177500
11.177500
11.177400
11.177400
11.177400
11.177400
11.177400
11.177300
11.177300
11.177300
11.177300
11.177200
11.177200
11.177200
11.177200
11.177200
11.177100
11.177100
11.177100
11.177100
11.177000
11.177000
11.177000
11.177000
11.177000
11.176900
11.176900
11.176900
11.176900
11.176800
11.176800
11.176800
11.176800
11.176800
11.176700
11.176700
11.176700
11.176700
11.176600
11.176600
11.176600
11.176600
11.176600
11.176500
11.176500
11.176500
11.176500
11.176400
11.176400
11.176400
11.176400
11.176400
11.176300
11.176300
11.176300
11.176300
11.176200
11.176200
11.176200
11.176200
11.176200
11.176100
11.176100
11.176100
11.176100
11.176000
11.176000
11.176000
11.176000
11.176000
11.175900
11.175900
11.175900
11.175900
11.175800
11.175800
11.175800
11.175800
11.175700
11.175700
11.175700
11.175700
11.175700
11.175600
11.175600
11.175600
11.175600
11.175500
11.175500
11.175500
11.175500
11.175500
11.175400
11.175400
11.175400
11.175400
11.175300
11.175300
11.175300
11.175300
11.175200
11.175200
11.175200
11.175200
11.175200
11.175100
11.175100
11.175100
11.175100
11.175000
11.175000
11.175000
11.175000
11.175000
11.174900
11.174900
11.174900
11.174900
11.174800
11.174800
11.174800
11.174800
11.174700
11.174700
11.174700
11.174700
11.174700
11.174600
11.174600
11.174600
11.174600
11.174500
11.174500
11.174500
11.174500
11.174400
11.174400
11.174400
11.174400
11.174400
11.174300
11.174300
11.174300
11.174300
11.174200
11.174200
11.174200
11.174200
11.174100
11.174100
11.174100
11.174100
11.174100
11.174000
11.174000
11.174000
11.174000
11.173900
11.173900
11.173900
11.173900
11.173800
11.173800
11.173800
11.173800
11.173800
11.173700
11.173700
11.173700
11.173700
11.173600
11.173600
11.173600
11.173600
11.173500
11.173500
11.173500
11.173500
11.173500
11.173400
11.173400
11.173400
11.173400
11.173300
11.173300
11.173300
11.173300
11.173200
11.173200
11.173200
11.173200
11.173200
11.173100
11.173100
11.173100
11.173100
11.173000
11.173000
11.173000
11.173000
11.172900
11.172900
11.172900
11.172900
11.172800
11.172800
11.172800
11.172800
11.172800
11.172700
11.172700
11.172700
11.172700
11.172600
11.172600
11.172600
11.172600
11.172500
11.172500
11.172500
11.172500
11.172500
11.172400
11.172400
11.172400
11.172400
11.172300
11.172300
11.172300
11.172300
11.174800
11.176600
11.176500
11.176400
11.176400
11.176400
11.176400
11.176500
11.176600
11.176800
11.176900
11.177100
11.177200
11.177400
11.177500
11.177700
11.177800
11.177900
11.178100
11.178200
11.178200
11.178300
11.178400
11.178500
11.178500
11.178600
11.178600
11.178600
11.178700
11.178700
11.178700
11.178700
11.178700
11.178700
11.178700
11.178700
11.178700
11.178700
11.178700
11.178700
11.178600
11.178600
11.178600
11.178600
11.178500
11.178500
11.178500
11.178500
11.178400
11.178400
11.178400
11.178300
11.178300
11.178300
11.178200
11.178200
11.178200
11.178100
11.178100
11.178100
11.178000
11.178000
11.178000
11.177900
11.177900
11.177900
11.177800
11.177800
11.177800
11.177700
11.177700
11.177700
11.177700
11.177600
11.177600
11.177600
11.177500
11.177500
11.177500
11.177400
11.177400
11.177400
11.177400
11.177300
11.177300
11.177300
11.177300
11.177200
11.177200
11.177200
11.177200
11.177100
11.177100
11.177100
11.177100
11.177100
11.177000
11.177000
11.177000
11.177000
11.177000
11.176900
11.176900
11.176900
11.176900
11.176900
11.176900
11.176900
11.176800
11.176800
11.176800
11.176800
11.176800
11.176800
11.176800
11.176800
11.176800
11.176700
11.176700
11.176700
11.176700
11.176700
11.176700
11.176700
11.176700
11.176700
11.176700
11.176700
11.176700
11.176700
11.176700
11.176700
11.176700
11.176700
11.176700
11.176700
11.176700
11.176700
11.176700
11.176700
11.176700
11.176700
11.176700
11.176700
11.176700
11.176800
11.176800
11.176800
11.176800
11.176800
11.176800
11.176800
11.176800
11.176900
11.176900
11.176900
11.176900
11.176900
11.176900
11.177000
11.177000
11.177000
11.177000
11.177000
11.177100
11.177100
11.177100
11.177100
11.177200
11.177200
11.177200
11.177200
11.177300
11.177300
11.177300
11.177400
11.177400
11.177400
11.177500
11.177500
11.177500
11.177600
11.177600
11.177700
11.177700
11.177700
11.177800
11.177800
11.177900
11.177900
11.177900
11.178000
11.178000
11.178100
11.178100
11.178200
11.178200
11.178300
11.178300
11.178400
11.178400
11.178500
11.178500
11.178600
11.178600
11.178700
11.178800
11.178800
11.178900
11.178900
11.179000
11.179000
11.179100
11.179200
11.179200
11.179300
11.179300
11.179400
11.179500
11.179500
11.179600
11.179700
11.179700
11.179800
11.179800
11.179900
11.180000
11.180000
11.180100
11.180100
11.180200
11.180300
11.180300
11.180400
11.180400
11.180500
11.180600
11.180600
11.180700
11.180700
11.180800
11.180800
11.180900
11.181000
11.181000
11.181100
11.181100
11.181200
11.181200
11.181300
11.181300
11.181400
11.181400
11.181400
11.181500
11.181500
11.181600
11.181600
11.181600
11.181700
11.181700
11.181700
11.181800
11.181800
11.181800
11.181900
11.181900
11.181900
11.181900
11.182000
11.182000
11.182000
11.182100
11.182100
11.182100
11.182100
11.182200
11.182200
11.182200
11.182200
11.182300
11.182300
11.182300
11.182300
11.182400
11.182400
11.182400
11.182400
11.182500
11.182500
11.182500
11.182500
11.182600
11.182600
11.182600
11.182600
11.182600
11.182700
11.182700
11.182700
11.182700
11.182700
11.182800
11.182800
11.182800
11.182800
11.182800
11.182800
11.182900
11.182900
11.182900
11.182900
11.182900
11.182900
11.183000
11.183000
11.183000
11.183000
11.183000
11.183000
11.183000
11.183100
11.183100
11.183100
11.183100
11.183100
11.183100
11.183100
11.183100
11.183100
11.183200
11.183200
11.183200
11.183200
11.183200
11.183200
11.183200
11.183200
11.183200
11.183200
11.183300
11.183300
11.183300
11.183300
11.183300
11.183300
11.183300
11.183300
11.183300
11.183300
11.183300
11.183300
11.183300
11.183300
11.183300
11.183400
11.183400
11.183400
11.183400
11.183400
11.183400
11.183400
11.183400
11.183400
11.183400
11.183400
11.183400
11.183400
11.183400
11.183400
11.183400
11.183400
11.183400
11.183400
11.183400
11.183400
11.183400
11.183400
11.183400
11.183400
11.183400
11.183400
11.183400
11.183400
11.183400
11.183400
11.183400
11.183400
11.183400
11.183400
11.183400
11.183400
11.183400
11.183400
11.183400
11.183400
11.183400
11.183400
11.183400
11.183400
11.183400
11.183400
11.183400
11.183400
11.183400
11.183400
11.183400
11.183400
11.183400
11.183400
11.183400
11.183400
11.183400
11.183400
11.183300
11.183300
11.183300
11.183300
11.183300
11.183300
11.183300
11.183300
11.183300
11.183300
11.183300
11.183300
11.183300
11.183300
11.183300
11.183300
11.183300
11.183300
11.183200
11.183200
11.183200
11.183200
11.183200
11.183200
11.183200
11.183200
11.183200
11.183200
11.183200
11.183200
11.183200
11.183100
11.183100
11.183100
11.183100
11.183100
11.183100
11.183100
11.183100
11.183100
11.183100
11.183100
11.183100
11.183000
11.183000
11.183000
11.183000
11.183000
11.183000
11.183000
11.183000
11.183000
11.183000
11.182900
11.182900
11.182900
11.182900
11.182900
11.182900
11.182900
11.182900
11.182900
11.182800
11.182800
11.182800
11.182800
11.182800
11.182800
11.182800
11.182800
11.182800
11.182700
11.182700
11.182700
11.182700
11.182700
11.182700
11.182700
11.182700
11.182600
11.182600
11.182600
11.182600
11.182600
11.182600
11.182600
11.182600
11.182500
11.182500
11.182500
11.182500
11.182500
11.182500
11.182500
11.182500
11.182400
11.182400
11.182400
11.182400
11.182400
11.182400
11.182400
11.182300
11.182300
11.182300
11.182300
11.182300
11.182300
11.182300
11.182200
11.182200
11.182200
11.182200
11.182200
11.182200
11.182200
11.182100
11.182100
11.182100
11.182100
11.182100
11.182100
11.182100
11.182000
11.182000
11.182000
11.182000
11.182000
11.182000
11.181900
11.181900
11.181900
11.181900
11.181900
11.181900
11.181900
11.181800
11.181800
11.181800
11.181800
11.181800
11.181800
11.181700
11.181700
11.181700
11.181700
11.181700
11.181700
11.181600
11.181600
11.181600
11.181600
11.181600
11.181600
11.181500
11.181500
11.181500
11.181500
11.181500
11.181500
11.181400
11.181400
11.181400
11.181400
11.181400
11.181400
11.181300
11.181300
11.181300
11.181300
11.181300
11.181300
11.181200
11.181200
11.181200
11.181200
11.181200
11.181200
11.181100
11.181100
11.181100
11.181100
11.181100
11.181000
11.181000
11.181000
11.181000
11.181000
11.181000
11.180900
11.180900
11.180900
11.180900
11.180900
11.180800
11.180800
11.180800
11.180800
11.180800
11.180800
11.180700
11.180700
11.180700
11.180700
11.180700
11.180600
11.180600
11.180600
11.180600
11.180600
11.180500
11.180500
11.180500
11.180500
11.180500
11.180500
11.180400
11.180400
11.180400
11.180400
11.180400
11.180300
11.180300
11.180300
11.180300
11.180300
11.180200
11.180200
11.180200
11.180200
11.180200
11.180100
11.180100
11.180100
11.180100
11.180100
11.180000
11.180000
11.180000
11.180000
11.180000
11.179900
11.179900
11.179900
11.179900
11.179900
11.179900
11.179800
11.179800
11.179800
11.179800
11.179800
11.179700
11.179700
11.179700
11.179700
11.179700
11.179600
11.179600
11.179600
11.179600
11.179600
11.179500
11.179500
11.179500
11.179500
11.179400
11.179400
11.179400
11.179400
11.179400
11.179300
11.179300
11.179300
11.179300
11.179300
11.179200
11.179200
11.179200
11.179200
11.179200
11.179100
11.179100
11.179100
11.179100
11.179100
11.179000
11.179000
11.179000
11.179000
11.179000
11.178900
11.178900
11.178900
11.178900
11.178900
11.178800
11.178800
11.178800
11.178800
11.178700
11.178700
11.178700
11.178700
11.178700
11.178600
11.178600
11.178600
11.178600
11.178600
11.178500
11.178500
11.178500
11.178500
11.178500
11.178400
11.178400
11.178400
11.178400
11.178300
11.178300
11.178300
11.178300
11.178300
11.178200
11.178200
11.178200
11.178200
11.178200
11.178100
11.178100
11.178100
11.178100
11.178000
11.178000
11.178000
11.178000
11.178000
11.177900
11.177900
11.177900
11.177900
11.177900
11.177800
11.177800
11.177800
11.177800
11.177700
11.177700
11.177700
11.177700
11.177700
11.177600
11.177600
11.177600
11.177600
11.177500
11.177500
11.177500
11.177500
11.177500
11.177400
11.177400
11.177400
11.177400
11.177300
11.177300
11.177300
11.177300
11.177300
11.177200
11.177200
11.177200
11.177200
11.177200
11.177100
11.177100
11.177100
11.177100
11.177000
11.177000
11.177000
11.177000
11.177000
11.176900
11.176900
11.176900
11.176900
11.176800
11.176800
11.176800
11.176800
11.176800
11.176700
11.176700
11.176700
11.176700
11.176600
11.176600
11.176600
11.176600
11.176600
11.176500
11.176500
11.176500
11.176500
11.176400
11.176400
11.176400
11.176400
11.176400
11.176300
11.176300
11.176300
11.176300
11.176200
11.176200
11.176200
11.176200
11.176100
11.176100
11.176100
11.176100
11.176100
11.176000
11.176000
11.176000
11.176000
11.175900
11.175900
11.175900
11.175900
11.175900
11.175800
11.175800
11.175800
11.175800
11.175700
11.175700
11.175700
11.175700
11.175700
11.175600
11.175600
11.175600
11.175600
11.175500
11.175500
11.175500
11.175500
11.175400
11.175400
11.175400
11.175400
11.175400
11.175300
11.175300
11.175300
11.175300
11.175200
11.175200
11.175200
11.175200
11.175100
11.175100
11.175100
11.175100
11.175100
11.175000
11.175000
11.175000
11.175000
11.174900
11.174900
11.174900
11.174900
11.174900
11.174800
11.174800
11.174800
11.174800
11.174700
11.174700
11.174700
11.174700
11.174600
11.174600
11.174600
11.174600
11.174600
11.174500
11.174500
11.174500
11.174500
11.174400
11.174400
11.174400
11.174400
11.174300
11.174300
11.174300
11.174300
11.174300
11.174200
11.174200
11.174200
11.174200
11.174100
11.174100
11.174100
11.174100
11.174000
11.174000
11.174000
11.174000
11.174000
11.173900
11.173900
11.173900
11.173900
11.173800
11.173800
11.173800
11.173800
11.173700
11.173700
11.173700
11.173700
11.173700
11.173600
11.173600
11.173600
11.173600
11.173500
11.173500
11.173500
11.173500
11.173400
11.173400
11.173400
11.173400
11.173300
11.173300
11.173300
11.173300
11.173300
11.173200
11.173200
11.173200
11.173200
11.173100
11.173100
11.173100
11.173100
11.173000
11.173000
11.173000
11.173000
11.173000
11.172900
11.172900
11.172900
11.172900
11.172800
11.172800
11.172800
11.172800
11.172700
11.172700
11.172700
11.172700
11.172700
11.172600
11.172600
11.172600
11.172600
11.172500
11.172500
11.172500
11.172500
11.172400
11.172400
11.172400
11.172400
11.172300
11.172300
