1.288730
1.286630
1.284530
1.282440
1.280360
1.278300
1.276310
1.275690
1.277890
1.283540
1.293700
1.310350
1.337540
1.382120
1.452440
1.556250
1.698930
1.882640
2.106380
2.366830
2.659300
2.978610
3.319710
3.677950
4.049150
4.429450
4.815410
5.203960
5.592610
5.979400
6.362860
6.742030
7.116230
7.484930
7.847870
8.204940
8.556150
8.901370
9.240660
9.574200
9.901990
10.224100
10.540700
10.851900
11.157700
11.458300
11.753800
12.044200
12.329700
12.610300
12.886000
13.157000
13.423500
13.685200
13.942500
14.195200
14.443500
14.687400
14.927000
15.162400
15.393500
15.620300
15.843000
16.061700
16.276300
16.486800
16.693400
16.895900
17.094600
17.289300
17.480200
17.667300
17.850600
18.030100
18.205900
18.378000
18.546500
18.711400
18.872800
19.030500
19.184800
19.335500
19.482800
19.626700
19.767200
19.904200
20.038000
20.168500
20.295700
20.419600
20.540400
20.658000
20.772300
20.883600
20.991800
21.097000
21.199000
21.298100
21.394200
21.487400
21.577600
21.665000
21.749500
21.831200
21.910100
21.986200
22.059600
22.130200
22.198200
22.263500
22.326100
22.386300
22.443800
22.498700
22.551100
22.601100
22.648600
22.693600
22.736200
22.776400
22.814300
22.849900
22.883100
22.914100
22.942800
22.969300
22.993500
23.015600
23.035600
23.053400
23.069200
23.082800
23.094400
23.104000
23.111600
23.117200
23.120800
23.122600
23.122400
23.120300
23.116400
23.110700
23.103100
23.093800
23.082700
23.069900
23.055300
23.039100
23.021200
23.001700
22.980500
22.957800
22.933400
22.907500
22.880100
22.851100
22.820700
22.788800
22.755400
22.720700
22.684500
22.646900
22.608000
22.567800
22.526200
22.483300
22.439100
22.393700
22.347000
22.299200
22.250100
22.199900
22.148400
22.095900
22.042200
21.987500
21.931600
21.874700
21.816700
21.757800
21.697700
21.636800
21.574800
21.511900
21.448100
21.383400
21.317700
21.251200
21.183800
21.115600
21.046500
20.976700
20.905900
20.834500
20.762300
20.689300
20.615700
20.541300
20.466200
20.390400
20.314000
20.236900
20.159200
20.080900
20.002000
19.922500
19.842400
19.761800
19.680600
19.598900
19.516700
19.433900
19.350700
19.267100
19.183000
19.098400
19.013400
18.928000
18.842200
18.756100
18.669500
18.582600
18.495300
18.407800
18.319900
18.231700
18.143200
18.054400
17.965300
17.876000
17.786500
17.696700
17.606700
17.516500
17.426100
17.335500
17.244800
17.153900
17.062800
16.971600
16.880300
16.788900
16.697400
16.605800
16.514100
16.422300
16.330500
16.238700
16.146800
16.054900
15.963000
15.871100
15.779200
15.687300
15.595400
15.503600
15.411800
15.320200
15.228500
15.137000
15.045500
14.954200
14.863000
14.771800
14.680900
14.590000
14.499400
14.408800
14.318500
14.228300
14.138300
14.048600
13.959000
13.869700
13.780500
13.691700
13.603000
13.514700
13.426600
13.338800
13.251200
13.163900
13.077000
12.990300
12.904000
12.818000
12.732400
12.647000
12.562100
12.477400
12.393100
12.309300
12.225800
12.142700
12.060000
11.977600
11.895700
11.814300
11.733200
11.652500
11.572300
11.492600
11.413300
11.334400
11.256000
11.178100
11.100600
11.023600
10.947200
10.871200
10.795700
10.720600
10.646100
10.572100
10.498600
10.425700
10.353100
10.281200
10.209800
10.138900
10.068500
9.998700
9.929420
9.860680
9.792470
9.724740
9.657620
9.591030
9.525040
9.459530
9.394560
9.330180
9.266350
9.203050
9.140300
9.078080
9.016460
8.955320
8.894780
8.834780
8.775320
8.716390
8.658070
8.600220
8.542920
8.486210
8.429980
8.374290
8.319200
8.264590
8.210450
8.156920
8.103860
8.051350
7.999370
7.947870
7.896910
7.846430
7.796490
7.747030
7.698040
7.649540
7.601570
7.554090
7.507080
7.460490
7.414440
7.368810
7.323720
7.279050
7.234800
7.191030
7.147730
7.104860
7.062400
7.020420
6.978860
6.937730
6.897010
6.856710
6.816820
6.777300
6.738260
6.699580
6.661310
6.623410
6.585920
6.548790
6.512030
6.475680
6.439690
6.404060
6.368790
6.333880
6.299330
6.265070
6.231240
6.197710
6.164530
6.131660
6.099140
6.066920
6.035010
6.003450
5.972200
5.941240
5.910600
5.880240
5.850190
5.820430
5.790960
5.761780
5.732880
5.704260
5.675910
5.647830
5.620020
5.592470
5.565190
5.538160
5.511390
5.484870
5.458590
5.432560
5.406780
5.381220
5.355910
5.330830
5.305980
5.281350
5.256950
5.232770
5.208810
5.185060
5.161520
5.138200
5.115080
5.092170
5.069460
5.046940
5.024620
5.002500
4.980570
4.958830
4.937280
4.915910
4.894720
4.873710
4.852890
4.832230
4.811750
4.791440
4.771300
4.751330
4.731520
4.711880
4.692390
4.673070
4.653900
4.634890
4.616030
4.597320
4.578760
4.560350
4.542080
4.523960
4.505990
4.488150
4.470450
4.452890
4.435460
4.418170
4.401010
4.383980
4.367080
4.350310
4.333670
4.317150
4.300750
4.284480
4.268330
4.252290
4.236370
4.220580
4.204890
4.189320
4.173860
4.158520
4.143280
4.128160
4.113140
4.098230
4.083420
4.068710
4.054110
4.039610
4.025210
4.010920
3.996710
3.982610
3.968610
3.954700
3.940880
3.927160
3.913530
3.899990
3.886540
3.873180
3.859910
3.846720
3.833630
3.820610
3.807690
3.794840
3.782080
3.769400
3.756810
3.744290
3.731860
3.719500
3.707220
3.695020
3.682890
3.670840
3.658870
3.646960
3.635140
3.623380
3.611700
3.600090
3.588550
3.577080
3.565680
3.554340
3.543080
3.531880
3.520750
3.509680
3.498690
3.487750
3.476880
3.466070
3.455330
3.444650
3.434030
3.423470
3.412970
3.402530
3.392150
3.381830
3.371570
3.361360
3.351220
3.341130
3.331090
3.321120
3.311190
3.301330
3.291510
3.281750
3.272040
3.262390
3.252790
3.243240
3.233740
3.224290
3.214900
3.205550
3.196260
3.187010
3.177810
3.168660
3.159560
3.150500
3.141490
3.132540
3.123620
3.114750
3.105930
3.097150
3.088420
3.079730
3.071090
3.062490
3.053930
3.045420
3.036950
3.028520
3.020130
3.011790
3.003490
2.995220
2.987000
2.978820
2.970680
2.962570
2.954510
2.946490
2.938510
2.930560
2.922650
2.914780
2.906950
2.899150
2.891400
2.883670
2.875990
2.868340
2.860730
2.853150
2.845610
2.838100
2.830630
2.823190
2.815790
2.808420
2.801080
2.793790
2.786520
2.779280
2.772080
2.764910
2.757770
2.750660
2.743590
2.736550
2.729540
2.722560
2.715610
2.708690
2.701810
2.694950
2.688120
2.681330
2.674560
2.667820
2.661110
2.654430
2.647780
2.641160
2.634570
2.628000
2.621460
2.614950
2.608480
2.602020
2.595590
2.589190
2.582820
2.576470
2.570150
2.563860
2.557590
2.551350
2.545140
2.538950
2.532780
2.526650
2.520530
2.514440
2.508380
2.502340
2.496330
2.490330
2.484370
2.478430
2.472510
2.466620
2.460750
2.454900
2.449080
2.443280
2.437500
2.431750
2.426020
2.420310
2.414620
2.408950
2.403310
2.397690
2.392090
2.386520
2.380970
2.375430
2.369920
2.364430
2.358960
2.353510
2.348090
2.342680
2.337290
2.331920
2.326580
2.321250
2.315950
2.310660
2.305400
2.300160
2.294930
2.289720
2.284530
2.279360
2.274220
2.269090
2.263980
2.258890
2.253810
2.248770
2.243730
2.238710
2.233710
2.228730
2.223770
2.218820
2.213900
2.208990
2.204100
2.199220
2.194370
2.189530
2.184710
2.179910
2.175120
2.170350
2.165600
2.160860
2.156150
2.151450
2.146760
2.142090
2.137440
2.132800
2.128180
2.123580
2.118990
2.114420
2.109860
2.105320
2.100800
2.096290
2.091800
2.087320
2.082860
2.078410
2.073980
2.069560
2.065160
2.060770
2.056400
2.052040
2.047700
2.043370
2.039060
2.034760
2.030480
2.026210
2.021960
2.017710
2.013490
2.009270
2.005080
2.000890
1.996720
1.992570
1.988420
1.984290
1.980180
1.976080
1.971990
1.967910
1.963850
1.959800
1.955760
1.951740
1.947730
1.943730
1.939750
1.935780
1.931820
1.927880
1.923950
1.920030
1.916120
1.912230
1.908350
1.904480
1.900620
1.896770
1.892940
1.889130
1.885320
1.881520
1.877740
1.873960
1.870200
1.866460
1.862720
1.858990
1.855280
1.851580
1.847890
1.844220
1.840540
1.836890
1.833250
1.829620
1.825990
1.822380
1.818780
1.815200
1.811620
1.808050
1.804500
1.800950
1.797420
1.793900
1.790390
1.786880
1.783390
1.779910
1.776450
1.772990
1.769540
1.766110
1.762670
1.759260
1.755850
1.752460
1.749080
1.745700
1.742330
1.738970
1.735630
1.732300
1.728970
1.725660
1.722350
1.719050
1.715770
1.712490
1.709220
1.705970
1.702720
1.699480
1.696250
1.693040
1.689830
1.686620
1.683440
1.680250
1.677090
1.673920
1.670770
1.667620
1.664490
1.661360
1.658250
1.655140
1.652040
1.648950
1.645870
1.642800
1.639740
1.636680
1.633640
1.630600
1.627570
1.624550
1.621550
1.618540
1.615550
1.612560
1.609590
1.606620
1.603660
1.600710
1.597770
1.594830
1.591900
1.588990
1.586080
1.583180
1.580290
1.577400
1.574530
1.571660
1.568800
1.565940
1.563100
1.560260
1.557440
1.554620
1.551800
1.549000
1.546200
1.543410
1.540630
1.537850
1.535090
1.532330
1.529580
1.526840
1.524100
1.521370
1.518650
1.515940
1.513230
1.510540
1.507850
1.505160
1.502490
1.499820
1.497160
1.494500
1.491850
1.489220
1.486580
1.483960
1.481340
1.478730
1.476130
1.473530
1.470940
1.468360
1.465780
1.463210
1.460650
1.458100
1.455550
1.453010
1.450470
1.447950
1.445430
1.442910
1.440400
1.437910
1.435410
1.432920
1.430440
1.427970
1.425500
1.423040
1.420590
1.418140
1.415700
1.413260
1.410830
1.408410
1.406000
1.403590
1.401190
1.398790
1.396400
1.394020
1.391640
1.389270
1.386900
1.384550
1.382200
1.379850
1.377510
1.375180
1.372850
1.370530
1.368210
1.365900
1.363600
1.361300
1.359010
1.356720
1.354450
1.352170
1.349900
1.347650
1.345390
1.343140
1.340890
1.338660
1.336420
1.334200
1.331970
1.329760
1.327550
1.325350
1.323150
1.320960
1.318770
1.316590
1.314410
1.312240
1.310080
1.307920
1.305760
1.303620
1.301480
1.299340
1.297210
1.295080
1.292960
1.290850
1.288730
1.286630
1.284540
1.282440
1.280360
1.278300
1.276310
1.275690
1.277890
1.283540
1.293700
1.310360
1.337540
1.382130
1.452460
1.556270
1.698960
1.882670
2.106410
2.366870
2.659340
2.978650
3.319750
3.677990
4.049180
4.429490
4.815440
5.203990
5.592640
5.979420
6.362920
6.742090
7.116230
7.484930
7.847930
8.205000
8.556150
8.901370
9.240720
9.574200
9.901990
10.224200
10.540800
10.851900
11.157700
11.458300
11.753800
12.044300
12.329700
12.610300
12.886000
13.157100
13.423500
13.685200
13.942500
14.195200
14.443500
14.687400
14.927000
15.162400
15.393500
15.620300
15.843100
16.061700
16.276300
16.486800
16.693400
16.895900
17.094600
17.289400
17.480300
17.667300
17.850600
18.030100
18.205900
18.378000
18.546600
18.711400
18.872800
19.030500
19.184800
19.335500
19.482800
19.626700
19.767200
19.904200
20.038000
20.168500
20.295700
20.419600
20.540400
20.658000
20.772300
20.883600
20.991800
21.097000
21.199000
21.298100
21.394200
21.487400
21.577600
21.665000
21.749500
21.831200
21.910100
21.986200
22.059600
22.130200
22.198200
22.263500
22.326100
22.386300
22.443800
22.498700
22.551100
22.601100
22.648600
22.693600
22.736200
22.776500
22.814300
22.849900
22.883100
22.914100
22.942800
22.969300
22.993500
23.015600
23.035600
23.053400
23.069200
23.082800
23.094400
23.104000
23.111600
23.117200
23.120800
23.122600
23.122400
23.120400
23.116400
23.110700
23.103200
23.093800
23.082800
23.069900
23.055400
23.039100
23.021300
23.001700
22.980500
22.957800
22.933400
22.907500
22.880100
22.851100
22.820700
22.788800
22.755400
22.720700
22.684500
22.646900
22.608000
22.567800
22.526200
22.483300
22.439100
22.393800
22.347000
22.299200
22.250100
22.199900
22.148500
22.095900
22.042200
21.987500
21.931600
21.874700
21.816700
21.757800
21.697700
21.636800
21.574900
21.511900
21.448100
21.383400
21.317700
21.251200
21.183800
21.115600
21.046500
20.976700
20.905900
20.834500
20.762300
20.689300
20.615700
20.541300
20.466200
20.390500
20.314000
20.236900
20.159200
20.080900
20.002000
19.922500
19.842400
19.761800
19.680600
19.598900
19.516700
19.434000
19.350700
19.267100
19.183000
19.098400
19.013400
18.928000
18.842200
18.756100
18.669500
18.582600
18.495400
18.407800
18.319900
18.231700
18.143200
18.054400
17.965300
17.876000
17.786500
17.696700
17.606700
17.516500
17.426100
17.335500
17.244800
17.153900
17.062800
16.971600
16.880300
16.788900
16.697400
16.605800
16.514100
16.422300
16.330500
16.238700
16.146800
16.054900
15.963000
15.871100
15.779200
15.687300
15.595400
15.503600
15.411800
15.320200
15.228500
15.137000
15.045500
14.954200
14.863000
14.771800
14.680900
14.590000
14.499400
14.408800
14.318500
14.228300
14.138300
14.048600
13.959000
13.869700
13.780600
13.691700
13.603000
13.514700
13.426600
13.338800
13.251200
13.163900
13.077000
12.990300
12.904000
12.818000
12.732400
12.647000
12.562100
12.477500
12.393100
12.309300
12.225800
12.142700
12.060000
11.977600
11.895700
11.814300
11.733200
11.652500
11.572300
11.492600
11.413300
11.334400
11.256000
11.178100
11.100600
11.023600
10.947200
10.871200
10.795700
10.720600
10.646100
10.572100
10.498600
10.425700
10.353100
10.281200
10.209800
10.138900
10.068500
9.998700
9.929420
9.860680
9.792470
9.724740
9.657620
9.591030
9.525040
9.459530
9.394560
9.330180
9.266350
9.203050
9.140300
9.078080
9.016460
8.955320
8.894780
8.834780
8.775320
8.716390
8.658070
8.600220
8.542920
8.486210
8.429980
8.374290
8.319200
8.264590
8.210450
8.156920
8.103860
8.051350
7.999370
7.947870
7.896910
7.846430
7.796490
7.747030
7.698040
7.649540
7.601570
7.554090
7.507020
7.460490
7.414440
7.368810
7.323660
7.278990
7.234800
7.191030
7.147730
7.104860
7.062400
7.020420
6.978860
6.937670
6.896950
6.856650
6.816760
6.777300
6.738260
6.699580
6.661250
6.623410
6.585920
6.548790
6.512030
6.475680
6.439690
6.404060
6.368790
6.333880
6.299330
6.265070
6.231240
6.197710
6.164530
6.131660
6.099140
6.066920
6.035010
6.003450
5.972190
5.941230
5.910580
5.880240
5.850180
5.820430
5.790960
5.761770
5.732870
5.704240
5.675900
5.647820
5.620010
5.592460
5.565170
5.538150
5.511380
5.484860
5.458580
5.432550
5.406760
5.381220
5.355900
5.330820
5.305970
5.281350
5.256950
5.232760
5.208800
5.185050
5.161520
5.138190
5.115070
5.092160
5.069440
5.046930
5.024620
5.002500
4.980570
4.958820
4.937270
4.915900
4.894710
4.873710
4.852880
4.832230
4.811740
4.791440
4.771300
4.751320
4.731520
4.711870
4.692390
4.673060
4.653890
4.634880
4.616020
4.597310
4.578750
4.560350
4.542080
4.523960
4.505980
4.488140
4.470450
4.452880
4.435460
4.418160
4.401010
4.383980
4.367080
4.350300
4.333660
4.317140
4.300750
4.284480
4.268320
4.252290
4.236370
4.220570
4.204890
4.189320
4.173860
4.158520
4.143280
4.128150
4.113130
4.098220
4.083410
4.068710
4.054110
4.039610
4.025210
4.010910
3.996710
3.982610
3.968610
3.954690
3.940870
3.927150
3.913520
3.899980
3.886530
3.873170
3.859900
3.846720
3.833620
3.820610
3.807680
3.794840
3.782080
3.769400
3.756800
3.744290
3.731850
3.719490
3.707220
3.695010
3.682890
3.670840
3.658860
3.646960
3.635140
3.623380
3.611700
3.600090
3.588550
3.577080
3.565670
3.554340
3.543070
3.531880
3.520750
3.509680
3.498680
3.487750
3.476880
3.466070
3.455320
3.444650
3.434020
3.423470
3.412960
3.402530
3.392150
3.381820
3.371570
3.361360
3.351210
3.341120
3.331090
3.321110
3.311190
3.301320
3.291510
3.281750
3.272040
3.262390
3.252790
3.243240
3.233740
3.224290
3.214900
3.205550
3.196250
3.187010
3.177810
3.168660
3.159560
3.150500
3.141490
3.132530
3.123620
3.114750
3.105930
3.097150
3.088420
3.079730
3.071090
3.062490
3.053930
3.045410
3.036950
3.028520
3.020130
3.011780
3.003480
2.995220
2.987000
2.978810
2.970680
2.962570
2.954510
2.946490
2.938500
2.930560
2.922650
2.914780
2.906950
2.899150
2.891390
2.883670
2.875990
2.868340
2.860730
2.853150
2.845610
2.838100
2.830630
2.823190
2.815790
2.808420
2.801080
2.793790
2.786520
2.779280
2.772080
2.764910
2.757770
2.750660
2.743590
2.736550
2.729540
2.722560
2.715610
2.708690
2.701810
2.694950
2.688120
2.681330
2.674550
2.667820
2.661110
2.654430
2.647780
2.641160
2.634570
2.628000
2.621460
2.614950
2.608470
2.602010
2.595590
2.589190
2.582820
2.576470
2.570150
2.563860
2.557590
2.551350
2.545130
2.538950
2.532780
2.526640
2.520530
2.514440
2.508380
2.502340
2.496320
2.490330
2.484370
2.478430
2.472510
2.466620
2.460750
2.454900
2.449080
2.443270
2.437500
2.431750
2.426020
2.420300
2.414620
2.408950
2.403310
2.397690
2.392090
2.386520
2.380960
2.375430
2.369920
2.364430
2.358960
2.353510
2.348080
2.342680
2.337290
2.331920
2.326580
2.321250
2.315950
2.310660
2.305400
2.300150
2.294930
2.289720
2.284530
2.279360
2.274210
2.269090
2.263980
2.258890
2.253810
2.248760
2.243720
2.238710
2.233710
2.228730
2.223760
2.218820
2.213900
2.208990
2.204100
2.199220
2.194370
2.189530
2.184710
2.179910
2.175120
2.170350
2.165600
2.160860
2.156150
2.151450
2.146760
2.142090
2.137430
2.132800
2.128180
2.123580
2.118990
2.114410
2.109860
2.105320
2.100800
2.096290
2.091790
2.087320
2.082850
2.078410
2.073980
2.069560
2.065160
2.060770
2.056400
2.052040
2.047700
2.043370
2.039060
2.034760
2.030480
2.026210
2.021950
2.017710
2.013480
2.009270
2.005080
2.000890
1.996720
1.992560
1.988420
1.984290
1.980180
1.976070
1.971990
1.967910
1.963850
1.959800
1.955760
1.951740
1.947730
1.943730
1.939750
1.935780
1.931820
1.927880
1.923950
1.920030
1.916120
1.912230
1.908340
1.904470
1.900620
1.896770
1.892940
1.889120
1.885310
1.881520
1.877740
1.873960
1.870200
1.866460
1.862720
1.858990
1.855280
1.851580
1.847890
1.844210
1.840540
1.836890
1.833250
1.829610
1.825990
1.822380
1.818780
1.815200
1.811620
1.808050
1.804500
1.800950
1.797420
1.793900
1.790390
1.786880
1.783390
1.779910
1.776450
1.772990
1.769540
1.766110
1.762670
1.759260
1.755850
1.752460
1.749070
1.745700
1.742330
1.738970
1.735630
1.732300
1.728970
1.725660
1.722350
1.719050
1.715760
1.712490
1.709220
1.705970
1.702720
1.699480
1.696250
1.693030
1.689820
1.686620
1.683430
1.680250
1.677080
1.673920
1.670770
1.667620
1.664490
1.661360
1.658250
1.655140
1.652040
1.648950
1.645870
1.642800
1.639740
1.636680
1.633640
1.630600
1.627570
1.624550
1.621540
1.618540
1.615550
1.612560
1.609590
1.606620
1.603660
1.600710
1.597770
1.594830
1.591900
1.588990
1.586080
1.583180
1.580290
1.577400
1.574530
1.571660
1.568800
1.565940
1.563100
1.560260
1.557440
1.554620
1.551800
1.548990
1.546200
1.543410
1.540630
1.537850
1.535090
1.532330
1.529580
1.526840
1.524100
1.521370
1.518650
1.515940
1.513230
1.510540
1.507840
1.505160
1.502480
1.499820
1.497150
1.494500
1.491850
1.489210
1.486580
1.483950
1.481340
1.478730
1.476120
1.473530
1.470940
1.468360
1.465780
1.463210
1.460650
1.458100
1.455550
1.453010
1.450470
1.447940
1.445430
1.442910
1.440400
1.437910
1.435410
1.432920
1.430440
1.427970
1.425500
1.423040
1.420590
1.418140
1.415700
1.413260
1.410830
1.408410
1.406000
1.403590
1.401190
1.398790
1.396400
1.394020
1.391640
1.389270
1.386900
1.384540
1.382200
1.379850
1.377510
1.375170
1.372850
1.370530
1.368210
1.365900
1.363600
1.361300
1.359010
1.356720
1.354450
1.352170
1.349900
1.347640
1.345390
1.343140
1.340890
1.338660
1.336420
1.334200
1.331970
1.329760
1.327550
1.325350
1.323150
1.320960
1.318770
1.316590
1.314410
1.312240
1.310080
1.307920
1.305760
1.303610
1.301480
1.299340
1.297210
1.295080
1.292960
1.290850
1.288730
1.286630
1.284530
1.282440
1.280360
1.278300
1.276310
1.275690
1.277890
1.283540
1.293700
1.310350
1.337530
1.382110
1.452420
1.556230
1.698910
1.882600
2.106340
2.366780
2.659240
2.978530
3.319600
3.677830
4.049010
4.429310
4.815240
5.203780
5.592410
5.979180
6.362620
6.741790
7.115930
7.484630
7.847570
8.204700
8.555790
8.901010
9.240360
9.573840
9.901570
10.223700
10.540300
10.851500
11.157300
11.457900
11.753400
12.043700
12.329200
12.609800
12.885500
13.156600
13.422900
13.684700
13.941900
14.194600
14.442900
14.686800
14.926400
15.161700
15.392800
15.619700
15.842400
16.061000
16.275600
16.486100
16.692600
16.895200
17.093900
17.288600
17.479500
17.666500
17.849800
18.029300
18.205100
18.377200
18.545800
18.710600
18.871900
19.029700
19.183900
19.334600
19.481900
19.625800
19.766300
19.903300
20.037100
20.167500
20.294700
20.418700
20.539400
20.656900
20.771400
20.882600
20.990800
21.095900
21.198000
21.297100
21.393200
21.486400
21.576600
21.663900
21.748500
21.830100
21.909000
21.985100
22.058500
22.129100
22.197000
22.262400
22.325000
22.385100
22.442600
22.497500
22.550000
22.599900
22.647400
22.692400
22.735000
22.775300
22.813100
22.848700
22.881900
22.912900
22.941600
22.968000
22.992300
23.014400
23.034400
23.052200
23.067900
23.081600
23.093200
23.102700
23.110300
23.115900
23.119500
23.121300
23.121100
23.119000
23.115100
23.109300
23.101800
23.092500
23.081400
23.068600
23.054000
23.037800
23.019900
23.000300
22.979200
22.956400
22.932000
22.906100
22.878700
22.849800
22.819300
22.787400
22.754100
22.719300
22.683100
22.645600
22.606600
22.566300
22.524800
22.481900
22.437700
22.392300
22.345700
22.297800
22.248700
22.198400
22.147000
22.094500
22.040800
21.986000
21.930200
21.873300
21.815300
21.756300
21.696300
21.635400
21.573400
21.510500
21.446700
21.381900
21.316200
21.249700
21.182300
21.114100
21.045000
20.975200
20.904500
20.833100
20.760800
20.687900
20.614200
20.539800
20.464700
20.389000
20.312600
20.235500
20.157800
20.079400
20.000500
19.921000
19.840900
19.760300
19.679100
19.597400
19.515200
19.432500
19.349300
19.265700
19.181500
19.097000
19.012000
18.926600
18.840800
18.754600
18.668000
18.581100
18.493900
18.406300
18.318400
18.230200
18.141700
18.052900
17.963900
17.874600
17.785000
17.695300
17.605200
17.515100
17.424600
17.334100
17.243400
17.152500
17.061400
16.970200
16.878900
16.787500
16.696000
16.604400
16.512700
16.421000
16.329200
16.237300
16.145400
16.053500
15.961600
15.869700
15.777800
15.685900
15.594100
15.502300
15.410500
15.318800
15.227200
15.135600
15.044200
14.952800
14.861600
14.770500
14.679500
14.588700
14.498000
14.407500
14.317200
14.227000
14.137100
14.047300
13.957700
13.868400
13.779300
13.690400
13.601800
13.513500
13.425300
13.337500
13.250000
13.162700
13.075800
12.989100
12.902800
12.816800
12.731200
12.645800
12.560900
12.476300
12.392000
12.308100
12.224600
12.141500
12.058800
11.976500
11.894600
11.813100
11.732000
11.651400
11.571200
11.491500
11.412200
11.333300
11.255000
11.177000
11.099600
11.022600
10.946200
10.870100
10.794700
10.719600
10.645100
10.571100
10.497600
10.424600
10.352200
10.280300
10.208800
10.137900
10.067600
9.997750
9.928460
9.859720
9.791510
9.723850
9.656720
9.590190
9.524140
9.458630
9.393720
9.329340
9.265510
9.202220
9.139460
9.077240
9.015620
8.954540
8.894000
8.834000
8.774540
8.715620
8.657290
8.599450
8.542200
8.485430
8.429260
8.373570
8.318480
8.263870
8.209790
8.156200
8.103200
8.050690
7.998710
7.947210
7.896250
7.845770
7.795830
7.746370
7.697390
7.648940
7.600980
7.553430
7.506420
7.459890
7.413850
7.368220
7.323120
7.278450
7.234200
7.190490
7.147130
7.104320
7.061860
7.019880
6.978330
6.937190
6.896470
6.856170
6.816290
6.776820
6.737720
6.699040
6.660770
6.622930
6.585440
6.548310
6.511550
6.475200
6.439210
6.403580
6.368310
6.333400
6.298850
6.264650
6.230820
6.197290
6.164110
6.131240
6.098720
6.066510
6.034590
6.003030
5.971790
5.940840
5.910200
5.879850
5.849800
5.820050
5.790590
5.761410
5.732510
5.703880
5.675540
5.647460
5.619660
5.592120
5.564830
5.537810
5.511040
5.484530
5.458250
5.432230
5.406440
5.380890
5.355590
5.330510
5.305660
5.281040
5.256640
5.232460
5.208500
5.184760
5.161220
5.137900
5.114790
5.091870
5.069160
5.046650
5.024340
5.002220
4.980290
4.958550
4.937000
4.915640
4.894450
4.873450
4.852620
4.831970
4.811490
4.791180
4.771050
4.751080
4.731270
4.711630
4.692150
4.672820
4.653660
4.634650
4.615790
4.597080
4.578530
4.560120
4.541850
4.523730
4.505760
4.487930
4.470220
4.452670
4.435240
4.417950
4.400800
4.383770
4.366870
4.350100
4.333460
4.316940
4.300550
4.284270
4.268120
4.252090
4.236180
4.220380
4.204700
4.189130
4.173670
4.158330
4.143100
4.127970
4.112950
4.098040
4.083230
4.068530
4.053930
4.039430
4.025040
4.010740
3.996540
3.982440
3.968430
3.954520
3.940710
3.926990
3.913360
3.899820
3.886370
3.873010
3.859740
3.846560
3.833460
3.820450
3.807520
3.794690
3.781920
3.769250
3.756650
3.744140
3.731700
3.719350
3.707070
3.694870
3.682740
3.670690
3.658720
3.646820
3.634990
3.623240
3.611560
3.599950
3.588410
3.576940
3.565540
3.554210
3.542940
3.531740
3.520620
3.509550
3.498550
3.487620
3.476750
3.465940
3.455200
3.444510
3.433900
3.423340
3.412840
3.402410
3.392020
3.381700
3.371440
3.361240
3.351090
3.341000
3.330970
3.321000
3.311070
3.301210
3.291390
3.281630
3.271930
3.262270
3.252670
3.243130
3.233630
3.224180
3.214780
3.205440
3.196140
3.186900
3.177700
3.168550
3.159450
3.150390
3.141390
3.132420
3.123510
3.114640
3.105820
3.097040
3.088310
3.079620
3.070980
3.062390
3.053830
3.045310
3.036850
3.028410
3.020030
3.011690
3.003380
2.995120
2.986900
2.978720
2.970580
2.962480
2.954420
2.946390
2.938410
2.930470
2.922560
2.914690
2.906850
2.899060
2.891300
2.883580
2.875900
2.868250
2.860640
2.853060
2.845520
2.838010
2.830540
2.823100
2.815700
2.808340
2.801000
2.793700
2.786430
2.779190
2.771990
2.764820
2.757690
2.750580
2.743510
2.736470
2.729450
2.722480
2.715530
2.708610
2.701720
2.694870
2.688040
2.681240
2.674480
2.667740
2.661030
2.654350
2.647700
2.641080
2.634490
2.627920
2.621390
2.614880
2.608400
2.601940
2.595520
2.589120
2.582740
2.576400
2.570080
2.563790
2.557520
2.551280
2.545060
2.538870
2.532710
2.526570
2.520460
2.514370
2.508300
2.502270
2.496260
2.490260
2.484300
2.478360
2.472440
2.466550
2.460680
2.454830
2.449010
2.443210
2.437430
2.431680
2.425940
2.420240
2.414550
2.408890
2.403250
2.397630
2.392030
2.386450
2.380900
2.375370
2.369850
2.364360
2.358890
2.353440
2.348020
2.342610
2.337230
2.331860
2.326520
2.321190
2.315890
2.310600
2.305340
2.300090
2.294870
2.289660
2.284470
2.279300
2.274150
2.269030
2.263920
2.258830
2.253750
2.248700
2.243670
2.238650
2.233650
2.228670
2.223710
2.218760
2.213840
2.208930
2.204040
2.199170
2.194310
2.189480
2.184660
2.179850
2.175060
2.170300
2.165540
2.160810
2.156090
2.151390
2.146700
2.142030
2.137380
2.132740
2.128130
2.123520
2.118940
2.114360
2.109810
2.105260
2.100740
2.096230
2.091740
2.087260
2.082800
2.078350
2.073920
2.069510
2.065110
2.060720
2.056350
2.051990
2.047650
2.043320
2.039010
2.034710
2.030430
2.026160
2.021900
2.017660
2.013440
2.009230
2.005030
2.000840
1.996670
1.992510
1.988370
1.984240
1.980130
1.976030
1.971940
1.967860
1.963800
1.959750
1.955720
1.951690
1.947690
1.943690
1.939700
1.935730
1.931780
1.927830
1.923900
1.919980
1.916070
1.912180
1.908300
1.904430
1.900580
1.896730
1.892900
1.889080
1.885270
1.881470
1.877690
1.873920
1.870160
1.866410
1.862680
1.858950
1.855240
1.851540
1.847840
1.844170
1.840500
1.836850
1.833200
1.829570
1.825950
1.822340
1.818740
1.815150
1.811570
1.808010
1.804450
1.800920
1.797380
1.793860
1.790350
1.786840
1.783360
1.779880
1.776410
1.772950
1.769500
1.766060
1.762640
1.759220
1.755810
1.752420
1.749030
1.745660
1.742290
1.738940
1.735590
1.732250
1.728930
1.725610
1.722310
1.719010
1.715730
1.712450
1.709190
1.705930
1.702680
1.699450
1.696220
1.693000
1.689790
1.686590
1.683400
1.680220
1.677040
1.673880
1.670730
1.667590
1.664450
1.661320
1.658210
1.655100
1.652010
1.648920
1.645830
1.642760
1.639700
1.636650
1.633600
1.630560
1.627540
1.624520
1.621510
1.618500
1.615520
1.612530
1.609550
1.606590
1.603620
1.600680
1.597730
1.594800
1.591870
1.588960
1.586050
1.583140
1.580250
1.577370
1.574490
1.571620
1.568770
1.565910
1.563060
1.560230
1.557400
1.554580
1.551770
1.548960
1.546170
1.543380
1.540600
1.537820
1.535060
1.532300
1.529550
1.526810
1.524070
1.521340
1.518620
1.515910
1.513200
1.510510
1.507810
1.505130
1.502450
1.499790
1.497120
1.494470
1.491820
1.489180
1.486550
1.483930
1.481310
1.478700
1.476100
1.473500
1.470910
1.468330
1.465750
1.463180
1.460620
1.458070
1.455520
1.452980
1.450440
1.447920
1.445400
1.442880
1.440370
1.437880
1.435380
1.432890
1.430410
1.427940
1.425470
1.423010
1.420560
1.418110
1.415670
1.413230
1.410810
1.408380
1.405970
1.403560
1.401160
1.398770
1.396380
1.393990
1.391620
1.389250
1.386880
1.384520
1.382170
1.379820
1.377480
1.375150
1.372820
1.370500
1.368190
1.365870
1.363570
1.361270
1.358990
1.356700
1.354420
1.352150
1.349880
1.347620
1.345360
1.343110
1.340870
1.338630
1.336400
1.334170
1.331950
1.329740
1.327530
1.325320
1.323120
1.320930
1.318750
1.316560
1.314390
1.312220
1.310050
1.307900
1.305740
1.303600
1.301450
1.299320
1.297180
1.295060
1.292940
1.290820
1.288710
