9.579080
9.579060
9.579040
9.579020
9.579000
9.579060
9.581940
9.582540
9.582510
9.582440
9.582360
9.582290
9.582220
9.582160
9.582100
9.582040
9.581990
9.581930
9.581890
9.581840
9.581800
9.581770
9.581730
9.581700
9.581680
9.581660
9.581640
9.581630
9.581630
9.581630
9.581630
9.581640
9.581650
9.581670
9.581690
9.581720
9.581750
9.581780
9.581810
9.581850
9.581890
9.581930
9.581970
9.582010
9.582050
9.582100
9.582140
9.582190
9.582240
9.582290
9.582340
9.582390
9.582440
9.582490
9.582550
9.582600
9.582660
9.582710
9.582770
9.582820
9.582880
9.582940
9.582990
9.583050
9.583110
9.583160
9.583220
9.583280
9.583330
9.583390
9.583450
9.583510
9.583560
9.583620
9.583680
9.583730
9.583790
9.583840
9.583900
9.583950
9.584010
9.584060
9.584120
9.584170
9.584220
9.584280
9.584330
9.584380
9.584430
9.584480
9.584530
9.584580
9.584630
9.584680
9.584730
9.584780
9.584820
9.584870
9.584920
9.584960
9.585010
9.585050
9.585100
9.585140
9.585180
9.585230
9.585270
9.585310
9.585350
9.585390
9.585430
9.585470
9.585510
9.585550
9.585590
9.585620
9.585660
9.585700
9.585730
9.585770
9.585800
9.585840
9.585870
9.585910
9.585940
9.585970
9.586010
9.586040
9.586070
9.586100
9.586130
9.586160
9.586190
9.586220
9.586250
9.586280
9.586300
9.586330
9.586360
9.586390
9.586410
9.586440
9.586460
9.586490
9.586510
9.586540
9.586560
9.586590
9.586610
9.586630
9.586660
9.586680
9.586700
9.586720
9.586740
9.586760
9.586780
9.586800
9.586820
9.586840
9.586860
9.586880
9.586900
9.586920
9.586940
9.586950
9.586970
9.586990
9.587010
9.587020
9.587040
9.587050
9.587070
9.587090
9.587100
9.587120
9.587130
9.587140
9.587160
9.587170
9.587190
9.587200
9.587210
9.587230
9.587240
9.587250
9.587260
9.587270
9.587290
9.587300
9.587310
9.587320
9.587330
9.587340
9.587350
9.587360
9.587370
9.587380
9.587390
9.587400
9.587410
9.587420
9.587420
9.587430
9.587440
9.587450
9.587460
9.587460
9.587470
9.587480
9.587490
9.587490
9.587500
9.587510
9.587510
9.587520
9.587520
9.587530
9.587540
9.587540
9.587550
9.587550
9.587560
9.587560
9.587570
9.587570
9.587580
9.587580
9.587580
9.587590
9.587590
9.587590
9.587600
9.587600
9.587600
9.587610
9.587610
9.587610
9.587620
9.587620
9.587620
9.587620
9.587620
9.587630
9.587630
9.587630
9.587630
9.587630
9.587630
9.587640
9.587640
9.587640
9.587640
9.587640
9.587640
9.587640
9.587640
9.587640
9.587640
9.587640
9.587640
9.587640
9.587640
9.587640
9.587640
9.587640
9.587640
9.587640
9.587640
9.587630
9.587630
9.587630
9.587630
9.587630
9.587630
9.587630
9.587620
9.587620
9.587620
9.587620
9.587620
9.587610
9.587610
9.587610
9.587610
9.587600
9.587600
9.587600
9.587600
9.587590
9.587590
9.587590
9.587580
9.587580
9.587580
9.587570
9.587570
9.587570
9.587560
9.587560
9.587550
9.587550
9.587550
9.587540
9.587540
9.587530
9.587530
9.587530
9.587520
9.587520
9.587510
9.587510
9.587500
9.587500
9.587490
9.587490
9.587480
9.587480
9.587470
9.587470
9.587460
9.587460
9.587450
9.587450
9.587440
9.587440
9.587430
9.587420
9.587420
9.587410
9.587410
9.587400
9.587400
9.587390
9.587380
9.587380
9.587370
9.587360
9.587360
9.587350
9.587350
9.587340
9.587330
9.587330
9.587320
9.587310
9.587310
9.587300
9.587290
9.587290
9.587280
9.587270
9.587260
9.587260
9.587250
9.587240
9.587240
9.587230
9.587220
9.587210
9.587210
9.587200
9.587190
9.587180
9.587180
9.587170
9.587160
9.587150
9.587150
9.587140
9.587130
9.587120
9.587110
9.587110
9.587100
9.587090
9.587080
9.587070
9.587070
9.587060
9.587050
9.587040
9.587030
9.587020
9.587020
9.587010
9.587000
9.586990
9.586980
9.586970
9.586960
9.586960
9.586950
9.586940
9.586930
9.586920
9.586910
9.586900
9.586890
9.586880
9.586880
9.586870
9.586860
9.586850
9.586840
9.586830
9.586820
9.586810
9.586800
9.586790
9.586780
9.586770
9.586760
9.586760
9.586750
9.586740
9.586730
9.586720
9.586710
9.586700
9.586690
9.586680
9.586670
9.586660
9.586650
9.586640
9.586630
9.586620
9.586610
9.586600
9.586590
9.586580
9.586570
9.586560
9.586550
9.586540
9.586530
9.586520
9.586510
9.586500
9.586490
9.586480
9.586470
9.586460
9.586450
9.586440
9.586430
9.586420
9.586410
9.586400
9.586390
9.586370
9.586360
9.586350
9.586340
9.586330
9.586320
9.586310
9.586300
9.586290
9.586280
9.586270
9.586260
9.586250
9.586240
9.586230
9.586210
9.586200
9.586190
9.586180
9.586170
9.586160
9.586150
9.586140
9.586130
9.586120
9.586100
9.586090
9.586080
9.586070
9.586060
9.586050
9.586040
9.586030
9.586020
9.586000
9.585990
9.585980
9.585970
9.585960
9.585950
9.585940
9.585930
9.585910
9.585900
9.585890
9.585880
9.585870
9.585860
9.585850
9.585830
9.585820
9.585810
9.585800
9.585790
9.585780
9.585760
9.585750
9.585740
9.585730
9.585720
9.585710
9.585690
9.585680
9.585670
9.585660
9.585650
9.585640
9.585620
9.585610
9.585600
9.585590
9.585580
9.585560
9.585550
9.585540
9.585530
9.585520
9.585500
9.585490
9.585480
9.585470
9.585460
9.585440
9.585430
9.585420
9.585410
9.585400
9.585380
9.585370
9.585360
9.585350
9.585340
9.585320
9.585310
9.585300
9.585290
9.585270
9.585260
9.585250
9.585240
9.585230
9.585210
9.585200
9.585190
9.585180
9.585160
9.585150
9.585140
9.585130
9.585110
9.585100
9.585090
9.585080
9.585070
9.585050
9.585040
9.585030
9.585020
9.585000
9.584990
9.584980
9.584970
9.584950
9.584940
9.584930
9.584920
9.584900
9.584890
9.584880
9.584860
9.584850
9.584840
9.584830
9.584810
9.584800
9.584790
9.584780
9.584760
9.584750
9.584740
9.584730
9.584710
9.584700
9.584690
9.584670
9.584660
9.584650
9.584640
9.584620
9.584610
9.584600
9.584580
9.584570
9.584560
9.584550
9.584530
9.584520
9.584510
9.584490
9.584480
9.584470
9.584460
9.584440
9.584430
9.584420
9.584400
9.584390
9.584380
9.584360
9.584350
9.584340
9.584330
9.584310
9.584300
9.584290
9.584270
9.584260
9.584250
9.584230
9.584220
9.584210
9.584200
9.584180
9.584170
9.584160
9.584140
9.584130
9.584120
9.584100
9.584090
9.584080
9.584060
9.584050
9.584040
9.584020
9.584010
9.584000
9.583980
9.583970
9.583960
9.583950
9.583930
9.583920
9.583910
9.583890
9.583880
9.583870
9.583850
9.583840
9.583830
9.583810
9.583800
9.583790
9.583770
9.583760
9.583750
9.583730
9.583720
9.583710
9.583690
9.583680
9.583670
9.583650
9.583640
9.583630
9.583610
9.583600
9.583590
9.583570
9.583560
9.583540
9.583530
9.583520
9.583500
9.583490
9.583480
9.583460
9.583450
9.583440
9.583420
9.583410
9.583400
9.583380
9.583370
9.583360
9.583340
9.583330
9.583320
9.583300
9.583290
9.583270
9.583260
9.583250
9.583230
9.583220
9.583210
9.583190
9.583180
9.583170
9.583150
9.583140
9.583130
9.583110
9.583100
9.583080
9.583070
9.583060
9.583040
9.583030
9.583020
9.583000
9.582990
9.582980
9.582960
9.582950
9.582930
9.582920
9.582910
9.582890
9.582880
9.582870
9.582850
9.582840
9.582830
9.582810
9.582800
9.582780
9.582770
9.582760
9.582740
9.582730
9.582720
9.582700
9.582690
9.582670
9.582660
9.582650
9.582630
9.582620
9.582610
9.582590
9.582580
9.582560
9.582550
9.582540
9.582520
9.582510
9.582490
9.582480
9.582470
9.582450
9.582440
9.582430
9.582410
9.582400
9.582380
9.582370
9.582360
9.582340
9.582330
9.582310
9.582300
9.582290
9.582270
9.582260
9.582250
9.582230
9.582220
9.582200
9.582190
9.582180
9.582160
9.582150
9.582130
9.582120
9.582110
9.582090
9.582080
9.582060
9.582050
9.582040
9.582020
9.582010
9.582000
9.581980
9.581970
9.581950
9.581940
9.581930
9.581910
9.581900
9.581880
9.581870
9.581860
9.581840
9.581830
9.581810
9.581800
9.581790
9.581770
9.581760
9.581740
9.581730
9.581720
9.581700
9.581690
9.581670
9.581660
9.581650
9.581630
9.581620
9.581600
9.581590
9.581580
9.581560
9.581550
9.581530
9.581520
9.581510
9.581490
9.581480
9.581460
9.581450
9.581440
9.581420
9.581410
9.581390
9.581380
9.581370
9.581350
9.581340
9.581320
9.581310
9.581290
9.581280
9.581270
9.581250
9.581240
9.581220
9.581210
9.581200
9.581180
9.581170
9.581150
9.581140
9.581130
9.581110
9.581100
9.581080
9.581070
9.581060
9.581040
9.581030
9.581010
9.581000
9.580980
9.580970
9.580960
9.580940
9.580930
9.580910
9.580900
9.580890
9.580870
9.580860
9.580840
9.580830
9.580810
9.580800
9.580790
9.580770
9.580760
9.580740
9.580730
9.580720
9.580700
9.580690
9.580670
9.580660
9.580650
9.580630
9.580620
9.580600
9.580590
9.580570
9.580560
9.580550
9.580530
9.580520
9.580500
9.580490
9.580470
9.580460
9.580450
9.580430
9.580420
9.580400
9.580390
9.580380
9.580360
9.580350
9.580330
9.580320
9.580300
9.580290
9.580280
9.580260
9.580250
9.580230
9.580220
9.580200
9.580190
9.580180
9.580160
9.580150
9.580130
9.580120
9.580110
9.580090
9.580080
9.580060
9.580050
9.580030
9.580020
9.580010
9.579990
9.579980
9.579960
9.579950
9.579930
9.579920
9.579910
9.579890
9.579880
9.579860
9.579850
9.579830
9.579820
9.579810
9.579790
9.579780
9.579760
9.579750
9.579730
9.579720
9.579710
9.579690
9.579680
9.579660
9.579650
9.579630
9.579620
9.579610
9.579590
9.579580
9.579560
9.579550
9.579530
9.579520
9.579510
9.579490
9.579480
9.579460
9.579450
9.579430
9.579420
9.579410
9.579390
9.579380
9.579360
9.579350
9.579330
9.579320
9.579310
9.579290
9.579280
9.579260
9.579250
9.579230
9.579220
9.579210
9.579190
9.579180
9.579160
9.579150
9.579130
9.579120
9.579110
9.579090
9.579080
9.579060
9.579040
9.579020
9.579000
9.579060
9.581940
9.582540
9.582510
9.582440
9.582360
9.582290
9.582220
9.582160
9.582100
9.582040
9.581990
9.581940
9.581890
9.581840
9.581800
9.581770
9.581730
9.581710
9.581680
9.581660
9.581640
9.581630
9.581630
9.581630
9.581630
9.581640
9.581660
9.581670
9.581700
9.581720
9.581750
9.581780
9.581810
9.581850
9.581890
9.581930
9.581970
9.582010
9.582050
9.582100
9.582140
9.582190
9.582240
9.582290
9.582340
9.582390
9.582440
9.582500
9.582550
9.582600
9.582660
9.582710
9.582770
9.582820
9.582880
9.582940
9.582990
9.583050
9.583110
9.583160
9.583220
9.583280
9.583340
9.583390
9.583450
9.583510
9.583560
9.583620
9.583680
9.583730
9.583790
9.583840
9.583900
9.583950
9.584010
9.584060
9.584120
9.584170
9.584220
9.584280
9.584330
9.584380
9.584430
9.584480
9.584530
9.584580
9.584630
9.584680
9.584730
9.584780
9.584820
9.584870
9.584920
9.584960
9.585010
9.585050
9.585100
9.585140
9.585180
9.585230
9.585270
9.585310
9.585350
9.585390
9.585430
9.585470
9.585510
9.585550
9.585590
9.585620
9.585660
9.585700
9.585730
9.585770
9.585800
9.585840
9.585870
9.585910
9.585940
9.585970
9.586010
9.586040
9.586070
9.586100
9.586130
9.586160
9.586190
9.586220
9.586250
9.586280
9.586300
9.586330
9.586360
9.586390
9.586410
9.586440
9.586460
9.586490
9.586510
9.586540
9.586560
9.586590
9.586610
9.586630
9.586660
9.586680
9.586700
9.586720
9.586740
9.586760
9.586780
9.586800
9.586820
9.586840
9.586860
9.586880
9.586900
9.586920
9.586940
9.586950
9.586970
9.586990
9.587010
9.587020
9.587040
9.587060
9.587070
9.587090
9.587100
9.587120
9.587130
9.587150
9.587160
9.587170
9.587190
9.587200
9.587210
9.587230
9.587240
9.587250
9.587260
9.587270
9.587290
9.587300
9.587310
9.587320
9.587330
9.587340
9.587350
9.587360
9.587370
9.587380
9.587390
9.587400
9.587410
9.587420
9.587430
9.587430
9.587440
9.587450
9.587460
9.587470
9.587470
9.587480
9.587490
9.587490
9.587500
9.587510
9.587510
9.587520
9.587530
9.587530
9.587540
9.587540
9.587550
9.587550
9.587560
9.587560
9.587570
9.587570
9.587580
9.587580
9.587580
9.587590
9.587590
9.587600
9.587600
9.587600
9.587610
9.587610
9.587610
9.587610
9.587620
9.587620
9.587620
9.587620
9.587630
9.587630
9.587630
9.587630
9.587630
9.587630
9.587630
9.587640
9.587640
9.587640
9.587640
9.587640
9.587640
9.587640
9.587640
9.587640
9.587640
9.587640
9.587640
9.587640
9.587640
9.587640
9.587640
9.587640
9.587640
9.587640
9.587640
9.587630
9.587630
9.587630
9.587630
9.587630
9.587630
9.587630
9.587620
9.587620
9.587620
9.587620
9.587620
9.587610
9.587610
9.587610
9.587610
9.587600
9.587600
9.587600
9.587600
9.587590
9.587590
9.587590
9.587580
9.587580
9.587580
9.587570
9.587570
9.587570
9.587560
9.587560
9.587560
9.587550
9.587550
9.587540
9.587540
9.587530
9.587530
9.587530
9.587520
9.587520
9.587510
9.587510
9.587500
9.587500
9.587490
9.587490
9.587480
9.587480
9.587470
9.587470
9.587460
9.587460
9.587450
9.587450
9.587440
9.587440
9.587430
9.587430
9.587420
9.587410
9.587410
9.587400
9.587400
9.587390
9.587380
9.587380
9.587370
9.587370
9.587360
9.587350
9.587350
9.587340
9.587330
9.587330
9.587320
9.587310
9.587310
9.587300
9.587290
9.587290
9.587280
9.587270
9.587270
9.587260
9.587250
9.587240
9.587240
9.587230
9.587220
9.587210
9.587210
9.587200
9.587190
9.587180
9.587180
9.587170
9.587160
9.587150
9.587150
9.587140
9.587130
9.587120
9.587110
9.587110
9.587100
9.587090
9.587080
9.587070
9.587070
9.587060
9.587050
9.587040
9.587030
9.587020
9.587020
9.587010
9.587000
9.586990
9.586980
9.586970
9.586960
9.586960
9.586950
9.586940
9.586930
9.586920
9.586910
9.586900
9.586890
9.586880
9.586880
9.586870
9.586860
9.586850
9.586840
9.586830
9.586820
9.586810
9.586800
9.586790
9.586780
9.586770
9.586770
9.586760
9.586750
9.586740
9.586730
9.586720
9.586710
9.586700
9.586690
9.586680
9.586670
9.586660
9.586650
9.586640
9.586630
9.586620
9.586610
9.586600
9.586590
9.586580
9.586570
9.586560
9.586550
9.586540
9.586530
9.586520
9.586510
9.586500
9.586490
9.586480
9.586470
9.586460
9.586450
9.586440
9.586430
9.586420
9.586410
9.586400
9.586390
9.586380
9.586360
9.586350
9.586340
9.586330
9.586320
9.586310
9.586300
9.586290
9.586280
9.586270
9.586260
9.586250
9.586240
9.586230
9.586210
9.586200
9.586190
9.586180
9.586170
9.586160
9.586150
9.586140
9.586130
9.586120
9.586110
9.586090
9.586080
9.586070
9.586060
9.586050
9.586040
9.586030
9.586020
9.586000
9.585990
9.585980
9.585970
9.585960
9.585950
9.585940
9.585930
9.585910
9.585900
9.585890
9.585880
9.585870
9.585860
9.585850
9.585830
9.585820
9.585810
9.585800
9.585790
9.585780
9.585760
9.585750
9.585740
9.585730
9.585720
9.585710
9.585690
9.585680
9.585670
9.585660
9.585650
9.585640
9.585620
9.585610
9.585600
9.585590
9.585580
9.585560
9.585550
9.585540
9.585530
9.585520
9.585510
9.585490
9.585480
9.585470
9.585460
9.585450
9.585430
9.585420
9.585410
9.585400
9.585380
9.585370
9.585360
9.585350
9.585340
9.585320
9.585310
9.585300
9.585290
9.585280
9.585260
9.585250
9.585240
9.585230
9.585210
9.585200
9.585190
9.585180
9.585160
9.585150
9.585140
9.585130
9.585120
9.585100
9.585090
9.585080
9.585070
9.585050
9.585040
9.585030
9.585020
9.585000
9.584990
9.584980
9.584970
9.584950
9.584940
9.584930
9.584920
9.584900
9.584890
9.584880
9.584870
9.584850
9.584840
9.584830
9.584810
9.584800
9.584790
9.584780
9.584760
9.584750
9.584740
9.584730
9.584710
9.584700
9.584690
9.584670
9.584660
9.584650
9.584640
9.584620
9.584610
9.584600
9.584590
9.584570
9.584560
9.584550
9.584530
9.584520
9.584510
9.584500
9.584480
9.584470
9.584460
9.584440
9.584430
9.584420
9.584400
9.584390
9.584380
9.584370
9.584350
9.584340
9.584330
9.584310
9.584300
9.584290
9.584270
9.584260
9.584250
9.584240
9.584220
9.584210
9.584200
9.584180
9.584170
9.584160
9.584140
9.584130
9.584120
9.584100
9.584090
9.584080
9.584060
9.584050
9.584040
9.584020
9.584010
9.584000
9.583990
9.583970
9.583960
9.583950
9.583930
9.583920
9.583910
9.583890
9.583880
9.583870
9.583850
9.583840
9.583830
9.583810
9.583800
9.583790
9.583770
9.583760
9.583750
9.583730
9.583720
9.583710
9.583690
9.583680
9.583670
9.583650
9.583640
9.583630
9.583610
9.583600
9.583590
9.583570
9.583560
9.583550
9.583530
9.583520
9.583510
9.583490
9.583480
9.583460
9.583450
9.583440
9.583420
9.583410
9.583400
9.583380
9.583370
9.583360
9.583340
9.583330
9.583320
9.583300
9.583290
9.583280
9.583260
9.583250
9.583230
9.583220
9.583210
9.583190
9.583180
9.583170
9.583150
9.583140
9.583130
9.583110
9.583100
9.583090
9.583070
9.583060
9.583040
9.583030
9.583020
9.583000
9.582990
9.582980
9.582960
9.582950
9.582940
9.582920
9.582910
9.582890
9.582880
9.582870
9.582850
9.582840
9.582830
9.582810
9.582800
9.582780
9.582770
9.582760
9.582740
9.582730
9.582720
9.582700
9.582690
9.582670
9.582660
9.582650
9.582630
9.582620
9.582610
9.582590
9.582580
9.582560
9.582550
9.582540
9.582520
9.582510
9.582500
9.582480
9.582470
9.582450
9.582440
9.582430
9.582410
9.582400
9.582380
9.582370
9.582360
9.582340
9.582330
9.582320
9.582300
9.582290
9.582270
9.582260
9.582250
9.582230
9.582220
9.582200
9.582190
9.582180
9.582160
9.582150
9.582140
9.582120
9.582110
9.582090
9.582080
9.582070
9.582050
9.582040
9.582020
9.582010
9.582000
9.581980
9.581970
9.581950
9.581940
9.581930
9.581910
9.581900
9.581880
9.581870
9.581860
9.581840
9.581830
9.581810
9.581800
9.581790
9.581770
9.581760
9.581740
9.581730
9.581720
9.581700
9.581690
9.581670
9.581660
9.581650
9.581630
9.581620
9.581600
9.581590
9.581580
9.581560
9.581550
9.581530
9.581520
9.581510
9.581490
9.581480
9.581460
9.581450
9.581440
9.581420
9.581410
9.581390
9.581380
9.581370
9.581350
9.581340
9.581320
9.581310
9.581300
9.581280
9.581270
9.581250
9.581240
9.581230
9.581210
9.581200
9.581180
9.581170
9.581150
9.581140
9.581130
9.581110
9.581100
9.581080
9.581070
9.581060
9.581040
9.581030
9.581010
9.581000
9.580990
9.580970
9.580960
9.580940
9.580930
9.580910
9.580900
9.580890
9.580870
9.580860
9.580840
9.580830
9.580820
9.580800
9.580790
9.580770
9.580760
9.580740
9.580730
9.580720
9.580700
9.580690
9.580670
9.580660
9.580650
9.580630
9.580620
9.580600
9.580590
9.580570
9.580560
9.580550
9.580530
9.580520
9.580500
9.580490
9.580480
9.580460
9.580450
9.580430
9.580420
9.580400
9.580390
9.580380
9.580360
9.580350
9.580330
9.580320
9.580300
9.580290
9.580280
9.580260
9.580250
9.580230
9.580220
9.580210
9.580190
9.580180
9.580160
9.580150
9.580130
9.580120
9.580110
9.580090
9.580080
9.580060
9.580050
9.580030
9.580020
9.580010
9.579990
9.579980
9.579960
9.579950
9.579930
9.579920
9.579910
9.579890
9.579880
9.579860
9.579850
9.579840
9.579820
9.579810
9.579790
9.579780
9.579760
9.579750
9.579740
9.579720
9.579710
9.579690
9.579680
9.579660
9.579650
9.579640
9.579620
9.579610
9.579590
9.579580
9.579560
9.579550
9.579540
9.579520
9.579510
9.579490
9.579480
9.579460
9.579450
9.579440
9.579420
9.579410
9.579390
9.579380
9.579360
9.579350
9.579330
9.579320
9.579310
9.579290
9.579280
9.579260
9.579250
9.579230
9.579220
9.579210
9.579190
9.579180
9.579160
9.579150
9.579130
9.579120
9.579110
9.579090
9.579080
9.579060
9.579040
9.579020
9.579000
9.579060
9.581940
9.582540
9.582510
9.582440
9.582360
9.582290
9.582220
9.582160
9.582100
9.582040
9.581990
9.581940
9.581890
9.581850
9.581800
9.581770
9.581730
9.581710
9.581680
9.581660
9.581640
9.581630
9.581630
9.581630
9.581630
9.581640
9.581660
9.581670
9.581700
9.581720
9.581750
9.581780
9.581810
9.581850
9.581890
9.581930
9.581970
9.582010
9.582050
9.582100
9.582150
9.582190
9.582240
9.582290
9.582340
9.582390
9.582440
9.582500
9.582550
9.582600
9.582660
9.582710
9.582770
9.582820
9.582880
9.582940
9.582990
9.583050
9.583110
9.583160
9.583220
9.583280
9.583340
9.583390
9.583450
9.583510
9.583560
9.583620
9.583680
9.583730
9.583790
9.583840
9.583900
9.583950
9.584010
9.584060
9.584120
9.584170
9.584220
9.584280
9.584330
9.584380
9.584430
9.584480
9.584530
9.584580
9.584630
9.584680
9.584730
9.584780
9.584820
9.584870
9.584920
9.584960
9.585010
9.585050
9.585100
9.585140
9.585180
9.585230
9.585270
9.585310
9.585350
9.585390
9.585430
9.585470
9.585510
9.585550
9.585590
9.585630
9.585660
9.585700
9.585730
9.585770
9.585810
9.585840
9.585870
9.585910
9.585940
9.585970
9.586010
9.586040
9.586070
9.586100
9.586130
9.586160
9.586190
9.586220
9.586250
9.586280
9.586310
9.586330
9.586360
9.586390
9.586410
9.586440
9.586470
9.586490
9.586520
9.586540
9.586560
9.586590
9.586610
9.586630
9.586660
9.586680
9.586700
9.586720
9.586740
9.586760
9.586790
9.586810
9.586830
9.586840
9.586860
9.586880
9.586900
9.586920
9.586940
9.586960
9.586970
9.586990
9.587010
9.587020
9.587040
9.587060
9.587070
9.587090
9.587100
9.587120
9.587130
9.587150
9.587160
9.587170
9.587190
9.587200
9.587210
9.587230
9.587240
9.587250
9.587260
9.587280
9.587290
9.587300
9.587310
9.587320
9.587330
9.587340
9.587350
9.587360
9.587370
9.587380
9.587390
9.587400
9.587410
9.587420
9.587430
9.587430
9.587440
9.587450
9.587460
9.587470
9.587470
9.587480
9.587490
9.587490
9.587500
9.587510
9.587510
9.587520
9.587530
9.587530
9.587540
9.587540
9.587550
9.587550
9.587560
9.587560
9.587570
9.587570
9.587580
9.587580
9.587580
9.587590
9.587590
9.587600
9.587600
9.587600
9.587610
9.587610
9.587610
9.587610
9.587620
9.587620
9.587620
9.587620
9.587630
9.587630
9.587630
9.587630
9.587630
9.587630
9.587640
9.587640
9.587640
9.587640
9.587640
9.587640
9.587640
9.587640
9.587640
9.587640
9.587640
9.587640
9.587640
9.587640
9.587640
9.587640
9.587640
9.587640
9.587640
9.587640
9.587640
9.587640
9.587630
9.587630
9.587630
9.587630
9.587630
9.587630
9.587630
9.587620
9.587620
9.587620
9.587620
9.587610
9.587610
9.587610
9.587610
9.587600
9.587600
9.587600
9.587600
9.587590
9.587590
9.587590
9.587580
9.587580
9.587580
9.587570
9.587570
9.587570
9.587560
9.587560
9.587560
9.587550
9.587550
9.587540
9.587540
9.587540
9.587530
9.587530
9.587520
9.587520
9.587510
9.587510
9.587500
9.587500
9.587490
9.587490
9.587480
9.587480
9.587470
9.587470
9.587460
9.587460
9.587450
9.587450
9.587440
9.587440
9.587430
9.587430
9.587420
9.587410
9.587410
9.587400
9.587400
9.587390
9.587380
9.587380
9.587370
9.587370
9.587360
9.587350
9.587350
9.587340
9.587330
9.587330
9.587320
9.587310
9.587310
9.587300
9.587290
9.587290
9.587280
9.587270
9.587270
9.587260
9.587250
9.587240
9.587240
9.587230
9.587220
9.587220
9.587210
9.587200
9.587190
9.587190
9.587180
9.587170
9.587160
9.587150
9.587150
9.587140
9.587130
9.587120
9.587120
9.587110
9.587100
9.587090
9.587080
9.587080
9.587070
9.587060
9.587050
9.587040
9.587030
9.587030
9.587020
9.587010
9.587000
9.586990
9.586980
9.586970
9.586970
9.586960
9.586950
9.586940
9.586930
9.586920
9.586910
9.586900
9.586890
9.586890
9.586880
9.586870
9.586860
9.586850
9.586840
9.586830
9.586820
9.586810
9.586800
9.586790
9.586780
9.586780
9.586770
9.586760
9.586750
9.586740
9.586730
9.586720
9.586710
9.586700
9.586690
9.586680
9.586670
9.586660
9.586650
9.586640
9.586630
9.586620
9.586610
9.586600
9.586590
9.586580
9.586570
9.586560
9.586550
9.586540
9.586530
9.586520
9.586510
9.586500
9.586490
9.586480
9.586470
9.586460
9.586450
9.586440
9.586430
9.586420
9.586410
9.586400
9.586390
9.586380
9.586370
9.586350
9.586340
9.586330
9.586320
9.586310
9.586300
9.586290
9.586280
9.586270
9.586260
9.586250
9.586240
9.586230
9.586220
9.586200
9.586190
9.586180
9.586170
9.586160
9.586150
9.586140
9.586130
9.586120
9.586110
9.586100
9.586080
9.586070
9.586060
9.586050
9.586040
9.586030
9.586020
9.586010
9.585990
9.585980
9.585970
9.585960
9.585950
9.585940
9.585930
9.585920
9.585900
9.585890
9.585880
9.585870
9.585860
9.585850
9.585840
9.585820
9.585810
9.585800
9.585790
9.585780
9.585770
9.585750
9.585740
9.585730
9.585720
9.585710
9.585700
9.585680
9.585670
9.585660
9.585650
9.585640
9.585630
9.585610
9.585600
9.585590
9.585580
9.585570
9.585550
9.585540
9.585530
9.585520
9.585510
9.585490
9.585480
9.585470
9.585460
9.585450
9.585430
9.585420
9.585410
9.585400
9.585390
9.585370
9.585360
9.585350
9.585340
9.585330
9.585310
9.585300
9.585290
9.585280
9.585260
9.585250
9.585240
9.585230
9.585210
9.585200
9.585190
9.585180
9.585170
9.585150
9.585140
9.585130
9.585120
9.585100
9.585090
9.585080
9.585070
9.585050
9.585040
9.585030
9.585020
9.585000
9.584990
9.584980
9.584970
9.584950
9.584940
9.584930
9.584920
9.584900
9.584890
9.584880
9.584870
9.584850
9.584840
9.584830
9.584820
9.584800
9.584790
9.584780
9.584760
9.584750
9.584740
9.584730
9.584710
9.584700
9.584690
9.584680
9.584660
9.584650
9.584640
9.584620
9.584610
9.584600
9.584590
9.584570
9.584560
9.584550
9.584530
9.584520
9.584510
9.584500
9.584480
9.584470
9.584460
9.584440
9.584430
9.584420
9.584410
9.584390
9.584380
9.584370
9.584350
9.584340
9.584330
9.584310
9.584300
9.584290
9.584280
9.584260
9.584250
9.584240
9.584220
9.584210
9.584200
9.584180
9.584170
9.584160
9.584140
9.584130
9.584120
9.584100
9.584090
9.584080
9.584070
9.584050
9.584040
9.584030
9.584010
9.584000
9.583990
9.583970
9.583960
9.583950
9.583930
9.583920
9.583910
9.583890
9.583880
9.583870
9.583850
9.583840
9.583830
9.583810
9.583800
9.583790
9.583770
9.583760
9.583750
9.583730
9.583720
9.583710
9.583690
9.583680
9.583670
9.583650
9.583640
9.583630
9.583610
9.583600
9.583590
9.583570
9.583560
9.583550
9.583530
9.583520
9.583510
9.583490
9.583480
9.583470
9.583450
9.583440
9.583430
9.583410
9.583400
9.583380
9.583370
9.583360
9.583340
9.583330
9.583320
9.583300
9.583290
9.583280
9.583260
9.583250
9.583240
9.583220
9.583210
9.583190
9.583180
9.583170
9.583150
9.583140
9.583130
9.583110
9.583100
9.583090
9.583070
9.583060
9.583050
9.583030
9.583020
9.583000
9.582990
9.582980
9.582960
9.582950
9.582940
9.582920
9.582910
9.582900
9.582880
9.582870
9.582850
9.582840
9.582830
9.582810
9.582800
9.582790
9.582770
9.582760
9.582740
9.582730
9.582720
9.582700
9.582690
9.582680
9.582660
9.582650
9.582630
9.582620
9.582610
9.582590
9.582580
9.582570
9.582550
9.582540
9.582520
9.582510
9.582500
9.582480
9.582470
9.582450
9.582440
9.582430
9.582410
9.582400
9.582390
9.582370
9.582360
9.582340
9.582330
9.582320
9.582300
9.582290
9.582270
9.582260
9.582250
9.582230
9.582220
9.582210
9.582190
9.582180
9.582160
9.582150
9.582140
9.582120
9.582110
9.582090
9.582080
9.582070
9.582050
9.582040
9.582020
9.582010
9.582000
9.581980
9.581970
9.581950
9.581940
9.581930
9.581910
9.581900
9.581890
9.581870
9.581860
9.581840
9.581830
9.581820
9.581800
9.581790
9.581770
9.581760
9.581750
9.581730
9.581720
9.581700
9.581690
9.581680
9.581660
9.581650
9.581630
9.581620
9.581610
9.581590
9.581580
9.581560
9.581550
9.581540
9.581520
9.581510
9.581490
9.581480
9.581460
9.581450
9.581440
9.581420
9.581410
9.581390
9.581380
9.581370
9.581350
9.581340
9.581320
9.581310
9.581300
9.581280
9.581270
9.581250
9.581240
9.581230
9.581210
9.581200
9.581180
9.581170
9.581160
9.581140
9.581130
9.581110
9.581100
9.581080
9.581070
9.581060
9.581040
9.581030
9.581010
9.581000
9.580990
9.580970
9.580960
9.580940
9.580930
9.580920
9.580900
9.580890
9.580870
9.580860
9.580840
9.580830
9.580820
9.580800
9.580790
9.580770
9.580760
9.580750
9.580730
9.580720
9.580700
9.580690
9.580670
9.580660
9.580650
9.580630
9.580620
9.580600
9.580590
9.580580
9.580560
9.580550
9.580530
9.580520
9.580500
9.580490
9.580480
9.580460
9.580450
9.580430
9.580420
9.580410
9.580390
9.580380
9.580360
9.580350
9.580330
9.580320
9.580310
9.580290
9.580280
9.580260
9.580250
9.580230
9.580220
9.580210
9.580190
9.580180
9.580160
9.580150
9.580140
9.580120
9.580110
9.580090
9.580080
9.580060
9.580050
9.580040
9.580020
9.580010
9.579990
9.579980
9.579960
9.579950
9.579940
9.579920
9.579910
9.579890
9.579880
9.579860
9.579850
9.579840
9.579820
9.579810
9.579790
9.579780
9.579760
9.579750
9.579740
9.579720
9.579710
9.579690
9.579680
9.579660
9.579650
9.579640
9.579620
9.579610
9.579590
9.579580
9.579560
9.579550
9.579540
9.579520
9.579510
9.579490
9.579480
9.579460
9.579450
9.579440
9.579420
9.579410
9.579390
9.579380
9.579360
9.579350
9.579340
9.579320
9.579310
9.579290
9.579280
9.579260
9.579250
9.579240
9.579220
9.579210
9.579190
9.579180
9.579160
9.579150
9.579140
9.579120
9.579110
9.579090
9.579080
