0.085257
0.085349
0.085720
0.086584
0.088409
0.092779
0.357606
0.345034
0.337894
0.369276
0.426875
0.527269
0.663922
0.796882
0.909280
0.998749
1.067870
1.120030
1.158440
1.186160
1.206000
1.220370
1.230900
1.238380
1.242820
1.243970
1.241940
1.237430
1.231400
1.224640
1.217630
1.210570
1.203530
1.196490
1.189450
1.182380
1.175260
1.168090
1.160870
1.153600
1.146270
1.138890
1.131460
1.123990
1.116480
1.108940
1.101360
1.093750
1.086120
1.078460
1.070790
1.063110
1.055420
1.047720
1.040020
1.032320
1.024620
1.016920
1.009240
1.001560
0.993903
0.986256
0.978627
0.971017
0.963427
0.955860
0.948317
0.940799
0.933309
0.925847
0.918415
0.911014
0.903645
0.896310
0.889009
0.881744
0.874514
0.867322
0.860168
0.853053
0.845978
0.838943
0.831949
0.824997
0.818087
0.811220
0.804397
0.797617
0.790882
0.784192
0.777547
0.770948
0.764396
0.757889
0.751429
0.745017
0.738652
0.732334
0.726064
0.719842
0.713669
0.707544
0.701467
0.695440
0.689461
0.683531
0.677650
0.671818
0.666036
0.660303
0.654619
0.648985
0.643399
0.637864
0.632377
0.626940
0.621552
0.616213
0.610923
0.605683
0.600491
0.595348
0.590254
0.585208
0.580211
0.575262
0.570361
0.565509
0.560704
0.555946
0.551236
0.546573
0.541958
0.537388
0.532866
0.528390
0.523959
0.519575
0.515236
0.510942
0.506693
0.502489
0.498329
0.494214
0.490142
0.486113
0.482128
0.478186
0.474286
0.470428
0.466612
0.462838
0.459105
0.455412
0.451761
0.448149
0.444577
0.441045
0.437551
0.434097
0.430681
0.427303
0.423962
0.420659
0.417392
0.414163
0.410969
0.407811
0.404689
0.401602
0.398549
0.395531
0.392547
0.389597
0.386679
0.383795
0.380943
0.378124
0.375336
0.372580
0.369855
0.367160
0.364496
0.361862
0.359258
0.356683
0.354137
0.351620
0.349131
0.346671
0.344237
0.341832
0.339453
0.337101
0.334775
0.332475
0.330201
0.327953
0.325729
0.323531
0.321356
0.319206
0.317080
0.314978
0.312898
0.310842
0.308808
0.306797
0.304808
0.302841
0.300895
0.298971
0.297068
0.295186
0.293324
0.291482
0.289660
0.287859
0.286076
0.284313
0.282569
0.280844
0.279137
0.277449
0.275778
0.274126
0.272491
0.270874
0.269273
0.267690
0.266124
0.264574
0.263040
0.261522
0.260021
0.258535
0.257065
0.255610
0.254170
0.252745
0.251335
0.249940
0.248559
0.247192
0.245839
0.244500
0.243175
0.241864
0.240565
0.239280
0.238008
0.236749
0.235503
0.234269
0.233048
0.231839
0.230642
0.229457
0.228284
0.227123
0.225973
0.224835
0.223708
0.222592
0.221487
0.220393
0.219309
0.218237
0.217174
0.216123
0.215081
0.214049
0.213028
0.212016
0.211015
0.210023
0.209040
0.208067
0.207103
0.206149
0.205203
0.204267
0.203339
0.202420
0.201510
0.200609
0.199716
0.198831
0.197955
0.197087
0.196227
0.195375
0.194531
0.193694
0.192866
0.192045
0.191232
0.190426
0.189628
0.188837
0.188053
0.187277
0.186507
0.185744
0.184989
0.184240
0.183498
0.182763
0.182034
0.181312
0.180596
0.179887
0.179184
0.178488
0.177797
0.177113
0.176435
0.175762
0.175096
0.174436
0.173781
0.173132
0.172489
0.171851
0.171219
0.170592
0.169971
0.169355
0.168745
0.168140
0.167540
0.166945
0.166355
0.165771
0.165191
0.164616
0.164046
0.163481
0.162921
0.162365
0.161815
0.161268
0.160727
0.160190
0.159657
0.159129
0.158605
0.158086
0.157571
0.157060
0.156554
0.156051
0.155553
0.155059
0.154569
0.154083
0.153601
0.153123
0.152649
0.152178
0.151712
0.151249
0.150790
0.150334
0.149883
0.149435
0.148990
0.148549
0.148112
0.147678
0.147248
0.146821
0.146397
0.145977
0.145560
0.145146
0.144736
0.144328
0.143925
0.143524
0.143126
0.142731
0.142340
0.141951
0.141566
0.141184
0.140804
0.140428
0.140054
0.139683
0.139315
0.138950
0.138588
0.138228
0.137871
0.137517
0.137166
0.136817
0.136471
0.136128
0.135787
0.135448
0.135113
0.134779
0.134449
0.134120
0.133794
0.133471
0.133150
0.132832
0.132515
0.132201
0.131890
0.131581
0.131274
0.130969
0.130667
0.130366
0.130068
0.129772
0.129479
0.129187
0.128898
0.128610
0.128325
0.128042
0.127761
0.127482
0.127205
0.126930
0.126657
0.126385
0.126116
0.125849
0.125584
0.125320
0.125059
0.124799
0.124541
0.124285
0.124031
0.123778
0.123528
0.123279
0.123032
0.122786
0.122543
0.122301
0.122061
0.121822
0.121585
0.121350
0.121116
0.120884
0.120654
0.120425
0.120198
0.119973
0.119749
0.119526
0.119305
0.119086
0.118868
0.118651
0.118437
0.118223
0.118011
0.117801
0.117591
0.117384
0.117177
0.116973
0.116769
0.116567
0.116366
0.116167
0.115969
0.115772
0.115577
0.115383
0.115190
0.114999
0.114809
0.114620
0.114432
0.114246
0.114061
0.113877
0.113694
0.113513
0.113332
0.113153
0.112975
0.112799
0.112623
0.112449
0.112276
0.112104
0.111933
0.111763
0.111594
0.111427
0.111260
0.111095
0.110931
0.110767
0.110605
0.110444
0.110284
0.110125
0.109967
0.109810
0.109654
0.109499
0.109345
0.109192
0.109041
0.108890
0.108740
0.108591
0.108443
0.108295
0.108149
0.108004
0.107860
0.107716
0.107574
0.107432
0.107292
0.107152
0.107013
0.106875
0.106738
0.106602
0.106467
0.106332
0.106199
0.106066
0.105934
0.105803
0.105672
0.105543
0.105414
0.105287
0.105159
0.105033
0.104908
0.104783
0.104659
0.104536
0.104414
0.104292
0.104172
0.104051
0.103932
0.103814
0.103696
0.103579
0.103462
0.103347
0.103232
0.103118
0.103004
0.102891
0.102779
0.102668
0.102557
0.102447
0.102338
0.102229
0.102121
0.102014
0.101907
0.101801
0.101696
0.101591
0.101487
0.101384
0.101281
0.101179
0.101077
0.100976
0.100876
0.100776
0.100677
0.100578
0.100481
0.100383
0.100287
0.100190
0.100095
0.100000
0.099906
0.099812
0.099719
0.099626
0.099534
0.099442
0.099351
0.099261
0.099171
0.099082
0.098993
0.098904
0.098817
0.098729
0.098643
0.098557
0.098471
0.098386
0.098301
0.098217
0.098133
0.098050
0.097967
0.097885
0.097804
0.097723
0.097642
0.097562
0.097482
0.097403
0.097324
0.097245
0.097168
0.097090
0.097013
0.096937
0.096861
0.096785
0.096710
0.096636
0.096561
0.096488
0.096414
0.096341
0.096269
0.096197
0.096125
0.096054
0.095983
0.095913
0.095843
0.095773
0.095704
0.095635
0.095567
0.095499
0.095432
0.095365
0.095298
0.095231
0.095165
0.095100
0.095035
0.094970
0.094905
0.094841
0.094778
0.094714
0.094651
0.094589
0.094527
0.094465
0.094403
0.094342
0.094281
0.094221
0.094161
0.094101
0.094042
0.093983
0.093924
0.093866
0.093808
0.093750
0.093693
0.093636
0.093579
0.093523
0.093467
0.093411
0.093356
0.093301
0.093246
0.093192
0.093138
0.093084
0.093031
0.092977
0.092925
0.092872
0.092820
0.092768
0.092716
0.092665
0.092614
0.092563
0.092513
0.092462
0.092413
0.092363
0.092314
0.092265
0.092216
0.092167
0.092119
0.092071
0.092024
0.091976
0.091929
0.091882
0.091836
0.091790
0.091744
0.091698
0.091652
0.091607
0.091562
0.091517
0.091473
0.091429
0.091385
0.091341
0.091298
0.091254
0.091211
0.091169
0.091126
0.091084
0.091042
0.091000
0.090959
0.090917
0.090876
0.090835
0.090795
0.090755
0.090714
0.090675
0.090635
0.090596
0.090556
0.090517
0.090479
0.090440
0.090402
0.090364
0.090326
0.090288
0.090251
0.090213
0.090176
0.090139
0.090103
0.090066
0.090030
0.089994
0.089958
0.089923
0.089887
0.089852
0.089817
0.089783
0.089748
0.089713
0.089679
0.089645
0.089611
0.089578
0.089544
0.089511
0.089478
0.089445
0.089412
0.089380
0.089348
0.089316
0.089284
0.089252
0.089220
0.089189
0.089158
0.089126
0.089096
0.089065
0.089034
0.089004
0.088974
0.088944
0.088914
0.088884
0.088855
0.088825
0.088796
0.088767
0.088738
0.088710
0.088681
0.088653
0.088625
0.088596
0.088569
0.088541
0.088513
0.088486
0.088458
0.088431
0.088404
0.088378
0.088351
0.088324
0.088298
0.088272
0.088246
0.088220
0.088194
0.088168
0.088143
0.088118
0.088092
0.088067
0.088042
0.088018
0.087993
0.087969
0.087944
0.087920
0.087896
0.087872
0.087848
0.087824
0.087801
0.087777
0.087754
0.087731
0.087708
0.087685
0.087662
0.087640
0.087617
0.087595
0.087572
0.087550
0.087528
0.087507
0.087485
0.087463
0.087442
0.087420
0.087399
0.087378
0.087357
0.087336
0.087315
0.087294
0.087274
0.087253
0.087233
0.087213
0.087193
0.087173
0.087153
0.087133
0.087113
0.087094
0.087074
0.087055
0.087036
0.087017
0.086998
0.086979
0.086960
0.086941
0.086923
0.086904
0.086886
0.086868
0.086849
0.086831
0.086814
0.086796
0.086778
0.086760
0.086743
0.086725
0.086708
0.086691
0.086673
0.086656
0.086639
0.086623
0.086606
0.086589
0.086573
0.086556
0.086540
0.086523
0.086507
0.086491
0.086475
0.086459
0.086443
0.086427
0.086412
0.086396
0.086381
0.086365
0.086350
0.086335
0.086319
0.086304
0.086289
0.086275
0.086260
0.086245
0.086230
0.086216
0.086201
0.086187
0.086173
0.086158
0.086144
0.086130
0.086116
0.086102
0.086088
0.086075
0.086061
0.086047
0.086034
0.086020
0.086007
0.085994
0.085980
0.085967
0.085954
0.085941
0.085928
0.085916
0.085903
0.085890
0.085877
0.085865
0.085852
0.085840
0.085828
0.085815
0.085803
0.085791
0.085779
0.085767
0.085755
0.085743
0.085732
0.085720
0.085708
0.085696
0.085685
0.085674
0.085662
0.085651
0.085640
0.085628
0.085617
0.085606
0.085595
0.085584
0.085573
0.085563
0.085552
0.085541
0.085530
0.085520
0.085509
0.085499
0.085489
0.085478
0.085468
0.085458
0.085448
0.085438
0.085428
0.085418
0.085408
0.085398
0.085388
0.085378
0.085369
0.085359
0.085349
0.085340
0.085330
0.085321
0.085312
0.085302
0.085293
0.085284
0.085275
0.085266
0.085257
0.085349
0.085720
0.086584
0.088409
0.092780
0.357675
0.345084
0.337942
0.369325
0.426922
0.527320
0.663969
0.796927
0.909319
0.998784
1.067910
1.120060
1.158470
1.186180
1.206020
1.220390
1.230920
1.238400
1.242840
1.243990
1.241960
1.237450
1.231420
1.224660
1.217650
1.210590
1.203550
1.196510
1.189470
1.182400
1.175280
1.168110
1.160890
1.153610
1.146290
1.138910
1.131480
1.124010
1.116500
1.108960
1.101380
1.093770
1.086140
1.078480
1.070810
1.063130
1.055440
1.047740
1.040040
1.032330
1.024630
1.016940
1.009260
1.001580
0.993920
0.986274
0.978644
0.971034
0.963444
0.955877
0.948334
0.940816
0.933326
0.925864
0.918432
0.911031
0.903662
0.896327
0.889026
0.881760
0.874531
0.867339
0.860185
0.853069
0.845994
0.838959
0.831965
0.825013
0.818103
0.811236
0.804412
0.797633
0.790898
0.784208
0.777563
0.770964
0.764411
0.757904
0.751445
0.745032
0.738666
0.732349
0.726079
0.719857
0.713683
0.707558
0.701482
0.695454
0.689475
0.683545
0.677664
0.671832
0.666050
0.660317
0.654633
0.648998
0.643413
0.637877
0.632390
0.626953
0.621565
0.616226
0.610936
0.605695
0.600503
0.595360
0.590266
0.585220
0.580223
0.575274
0.570373
0.565520
0.560715
0.555958
0.551248
0.546585
0.541969
0.537400
0.532877
0.528401
0.523970
0.519586
0.515247
0.510953
0.506704
0.502500
0.498340
0.494224
0.490152
0.486123
0.482138
0.478196
0.474296
0.470438
0.466622
0.462847
0.459114
0.455422
0.451770
0.448158
0.444586
0.441054
0.437560
0.434106
0.430689
0.427311
0.423970
0.420667
0.417401
0.414171
0.410977
0.407819
0.404697
0.401609
0.398557
0.395539
0.392554
0.389604
0.386687
0.383802
0.380950
0.378131
0.375343
0.372587
0.369861
0.367167
0.364503
0.361869
0.359265
0.356690
0.354144
0.351627
0.349138
0.346677
0.344244
0.341838
0.339459
0.337107
0.334781
0.332481
0.330207
0.327959
0.325735
0.323536
0.321362
0.319212
0.317086
0.314983
0.312904
0.310847
0.308814
0.306802
0.304813
0.302846
0.300901
0.298976
0.297073
0.295191
0.293329
0.291487
0.289665
0.287863
0.286081
0.284318
0.282574
0.280848
0.279142
0.277453
0.275783
0.274130
0.272496
0.270878
0.269278
0.267694
0.266128
0.264578
0.263044
0.261527
0.260025
0.258539
0.257069
0.255614
0.254174
0.252749
0.251339
0.249944
0.248562
0.247196
0.245843
0.244504
0.243179
0.241867
0.240569
0.239284
0.238012
0.236753
0.235507
0.234273
0.233051
0.231842
0.230645
0.229461
0.228287
0.227126
0.225976
0.224838
0.223711
0.222595
0.221490
0.220396
0.219312
0.218240
0.217177
0.216125
0.215084
0.214052
0.213031
0.212019
0.211018
0.210025
0.209043
0.208070
0.207106
0.206151
0.205206
0.204269
0.203342
0.202423
0.201513
0.200611
0.199718
0.198833
0.197957
0.197089
0.196229
0.195377
0.194533
0.193697
0.192868
0.192047
0.191234
0.190429
0.189630
0.188839
0.188055
0.187279
0.186509
0.185747
0.184991
0.184242
0.183500
0.182765
0.182036
0.181314
0.180599
0.179889
0.179186
0.178490
0.177799
0.177115
0.176437
0.175764
0.175098
0.174438
0.173783
0.173134
0.172491
0.171853
0.171221
0.170594
0.169973
0.169357
0.168747
0.168142
0.167542
0.166947
0.166357
0.165772
0.165193
0.164618
0.164048
0.163483
0.162923
0.162367
0.161816
0.161270
0.160729
0.160191
0.159659
0.159131
0.158607
0.158088
0.157573
0.157062
0.156555
0.156053
0.155555
0.155061
0.154571
0.154084
0.153602
0.153124
0.152650
0.152180
0.151713
0.151250
0.150791
0.150336
0.149884
0.149436
0.148992
0.148551
0.148113
0.147679
0.147249
0.146822
0.146398
0.145978
0.145561
0.145147
0.144737
0.144330
0.143926
0.143525
0.143127
0.142733
0.142341
0.141953
0.141567
0.141185
0.140805
0.140429
0.140055
0.139684
0.139316
0.138951
0.138589
0.138229
0.137872
0.137518
0.137167
0.136818
0.136472
0.136129
0.135788
0.135449
0.135114
0.134780
0.134450
0.134121
0.133796
0.133472
0.133151
0.132833
0.132516
0.132202
0.131891
0.131582
0.131275
0.130970
0.130667
0.130367
0.130069
0.129773
0.129480
0.129188
0.128899
0.128611
0.128326
0.128043
0.127762
0.127483
0.127206
0.126931
0.126657
0.126386
0.126117
0.125850
0.125584
0.125321
0.125059
0.124800
0.124542
0.124286
0.124032
0.123779
0.123529
0.123280
0.123033
0.122787
0.122544
0.122302
0.122061
0.121823
0.121586
0.121351
0.121117
0.120885
0.120655
0.120426
0.120199
0.119973
0.119749
0.119527
0.119306
0.119086
0.118869
0.118652
0.118437
0.118224
0.118012
0.117801
0.117592
0.117384
0.117178
0.116973
0.116770
0.116568
0.116367
0.116168
0.115970
0.115773
0.115578
0.115383
0.115191
0.114999
0.114809
0.114620
0.114433
0.114246
0.114061
0.113877
0.113695
0.113513
0.113333
0.113154
0.112976
0.112799
0.112624
0.112450
0.112276
0.112104
0.111933
0.111764
0.111595
0.111427
0.111261
0.111095
0.110931
0.110768
0.110606
0.110445
0.110285
0.110126
0.109968
0.109811
0.109655
0.109500
0.109346
0.109193
0.109041
0.108890
0.108740
0.108591
0.108443
0.108296
0.108150
0.108005
0.107860
0.107717
0.107574
0.107433
0.107292
0.107153
0.107014
0.106876
0.106739
0.106602
0.106467
0.106333
0.106199
0.106066
0.105934
0.105803
0.105673
0.105543
0.105415
0.105287
0.105160
0.105034
0.104908
0.104784
0.104660
0.104537
0.104414
0.104293
0.104172
0.104052
0.103933
0.103814
0.103696
0.103579
0.103463
0.103347
0.103232
0.103118
0.103005
0.102892
0.102780
0.102668
0.102558
0.102448
0.102338
0.102230
0.102122
0.102014
0.101908
0.101802
0.101696
0.101591
0.101487
0.101384
0.101281
0.101179
0.101077
0.100976
0.100876
0.100776
0.100677
0.100579
0.100481
0.100384
0.100287
0.100191
0.100095
0.100000
0.099906
0.099812
0.099719
0.099626
0.099534
0.099442
0.099351
0.099261
0.099171
0.099082
0.098993
0.098905
0.098817
0.098730
0.098643
0.098557
0.098471
0.098386
0.098301
0.098217
0.098133
0.098050
0.097968
0.097886
0.097804
0.097723
0.097642
0.097562
0.097482
0.097403
0.097324
0.097246
0.097168
0.097091
0.097014
0.096937
0.096861
0.096786
0.096710
0.096636
0.096562
0.096488
0.096414
0.096341
0.096269
0.096197
0.096125
0.096054
0.095983
0.095913
0.095843
0.095773
0.095704
0.095636
0.095567
0.095499
0.095432
0.095365
0.095298
0.095232
0.095166
0.095100
0.095035
0.094970
0.094906
0.094842
0.094778
0.094715
0.094652
0.094589
0.094527
0.094465
0.094404
0.094342
0.094282
0.094221
0.094161
0.094102
0.094042
0.093983
0.093924
0.093866
0.093808
0.093751
0.093693
0.093636
0.093580
0.093523
0.093467
0.093411
0.093356
0.093301
0.093246
0.093192
0.093138
0.093084
0.093031
0.092977
0.092925
0.092872
0.092820
0.092768
0.092716
0.092665
0.092614
0.092563
0.092513
0.092463
0.092413
0.092363
0.092314
0.092265
0.092216
0.092167
0.092119
0.092071
0.092024
0.091976
0.091929
0.091883
0.091836
0.091790
0.091744
0.091698
0.091652
0.091607
0.091562
0.091517
0.091473
0.091429
0.091385
0.091341
0.091298
0.091254
0.091212
0.091169
0.091126
0.091084
0.091042
0.091000
0.090959
0.090917
0.090876
0.090836
0.090795
0.090755
0.090715
0.090675
0.090635
0.090596
0.090556
0.090518
0.090479
0.090440
0.090402
0.090364
0.090326
0.090288
0.090251
0.090213
0.090176
0.090140
0.090103
0.090066
0.090030
0.089994
0.089958
0.089923
0.089887
0.089852
0.089817
0.089783
0.089748
0.089714
0.089679
0.089645
0.089611
0.089578
0.089544
0.089511
0.089478
0.089445
0.089413
0.089380
0.089348
0.089316
0.089284
0.089252
0.089220
0.089189
0.089158
0.089127
0.089096
0.089065
0.089035
0.089004
0.088974
0.088944
0.088914
0.088884
0.088855
0.088825
0.088796
0.088767
0.088738
0.088710
0.088681
0.088653
0.088625
0.088596
0.088569
0.088541
0.088513
0.088486
0.088459
0.088431
0.088404
0.088378
0.088351
0.088325
0.088298
0.088272
0.088246
0.088220
0.088194
0.088168
0.088143
0.088118
0.088093
0.088067
0.088043
0.088018
0.087993
0.087969
0.087944
0.087920
0.087896
0.087872
0.087848
0.087824
0.087801
0.087778
0.087754
0.087731
0.087708
0.087685
0.087662
0.087640
0.087617
0.087595
0.087573
0.087550
0.087528
0.087507
0.087485
0.087463
0.087442
0.087420
0.087399
0.087378
0.087357
0.087336
0.087315
0.087294
0.087274
0.087253
0.087233
0.087213
0.087193
0.087173
0.087153
0.087133
0.087113
0.087094
0.087074
0.087055
0.087036
0.087017
0.086998
0.086979
0.086960
0.086941
0.086923
0.086904
0.086886
0.086868
0.086850
0.086832
0.086814
0.086796
0.086778
0.086760
0.086743
0.086725
0.086708
0.086691
0.086674
0.086656
0.086639
0.086623
0.086606
0.086589
0.086573
0.086556
0.086540
0.086523
0.086507
0.086491
0.086475
0.086459
0.086443
0.086427
0.086412
0.086396
0.086381
0.086365
0.086350
0.086335
0.086320
0.086304
0.086289
0.086275
0.086260
0.086245
0.086230
0.086216
0.086201
0.086187
0.086173
0.086158
0.086144
0.086130
0.086116
0.086102
0.086088
0.086075
0.086061
0.086047
0.086034
0.086020
0.086007
0.085994
0.085981
0.085967
0.085954
0.085941
0.085929
0.085916
0.085903
0.085890
0.085877
0.085865
0.085852
0.085840
0.085828
0.085816
0.085803
0.085791
0.085779
0.085767
0.085755
0.085743
0.085732
0.085720
0.085708
0.085697
0.085685
0.085674
0.085662
0.085651
0.085640
0.085628
0.085617
0.085606
0.085595
0.085584
0.085573
0.085563
0.085552
0.085541
0.085530
0.085520
0.085510
0.085499
0.085489
0.085478
0.085468
0.085458
0.085448
0.085438
0.085428
0.085418
0.085408
0.085398
0.085388
0.085378
0.085369
0.085359
0.085349
0.085340
0.085330
0.085321
0.085312
0.085302
0.085293
0.085284
0.085275
0.085266
0.085257
0.085349
0.085720
0.086584
0.088409
0.092776
0.357555
0.345056
0.337899
0.369270
0.426863
0.527258
0.663912
0.796873
0.909273
0.998744
1.067870
1.120030
1.158450
1.186160
1.206010
1.220370
1.230910
1.238390
1.242830
1.243980
1.241950
1.237430
1.231400
1.224650
1.217630
1.210570
1.203530
1.196500
1.189450
1.182380
1.175260
1.168100
1.160870
1.153600
1.146270
1.138890
1.131460
1.123990
1.116490
1.108940
1.101360
1.093750
1.086120
1.078470
1.070800
1.063110
1.055420
1.047720
1.040020
1.032320
1.024620
1.016930
1.009240
1.001570
0.993905
0.986259
0.978629
0.971019
0.963429
0.955862
0.948319
0.940802
0.933311
0.925849
0.918417
0.911017
0.903648
0.896313
0.889012
0.881746
0.874517
0.867325
0.860171
0.853056
0.845980
0.838945
0.831951
0.824999
0.818089
0.811223
0.804399
0.797620
0.790885
0.784195
0.777550
0.770951
0.764398
0.757892
0.751432
0.745019
0.738654
0.732336
0.726066
0.719845
0.713671
0.707546
0.701470
0.695442
0.689463
0.683533
0.677652
0.671821
0.666038
0.660305
0.654621
0.648987
0.643402
0.637866
0.632379
0.626942
0.621554
0.616215
0.610925
0.605685
0.600493
0.595350
0.590256
0.585210
0.580213
0.575264
0.570363
0.565510
0.560705
0.555948
0.551238
0.546575
0.541959
0.537390
0.532868
0.528391
0.523961
0.519577
0.515237
0.510944
0.506695
0.502491
0.498331
0.494215
0.490143
0.486115
0.482130
0.478187
0.474287
0.470430
0.466614
0.462839
0.459106
0.455414
0.451762
0.448150
0.444579
0.441046
0.437553
0.434098
0.430682
0.427304
0.423963
0.420660
0.417393
0.414164
0.410970
0.407812
0.404690
0.401603
0.398550
0.395532
0.392548
0.389598
0.386680
0.383796
0.380944
0.378125
0.375337
0.372581
0.369855
0.367161
0.364497
0.361863
0.359259
0.356684
0.354138
0.351621
0.349132
0.346672
0.344238
0.341833
0.339454
0.337102
0.334776
0.332476
0.330202
0.327953
0.325730
0.323531
0.321357
0.319207
0.317081
0.314978
0.312899
0.310843
0.308809
0.306798
0.304809
0.302842
0.300896
0.298972
0.297068
0.295186
0.293324
0.291483
0.289661
0.287859
0.286077
0.284314
0.282570
0.280844
0.279138
0.277449
0.275779
0.274126
0.272492
0.270874
0.269274
0.267691
0.266124
0.264574
0.263040
0.261523
0.260021
0.258536
0.257065
0.255610
0.254170
0.252746
0.251336
0.249940
0.248559
0.247192
0.245840
0.244501
0.243176
0.241864
0.240566
0.239281
0.238009
0.236750
0.235504
0.234270
0.233048
0.231839
0.230643
0.229458
0.228285
0.227123
0.225973
0.224835
0.223708
0.222592
0.221487
0.220393
0.219310
0.218237
0.217175
0.216123
0.215081
0.214050
0.213029
0.212017
0.211015
0.210023
0.209040
0.208067
0.207104
0.206149
0.205203
0.204267
0.203339
0.202421
0.201510
0.200609
0.199716
0.198831
0.197955
0.197087
0.196227
0.195375
0.194531
0.193695
0.192866
0.192045
0.191232
0.190427
0.189628
0.188837
0.188053
0.187277
0.186507
0.185745
0.184989
0.184240
0.183498
0.182763
0.182035
0.181312
0.180597
0.179888
0.179185
0.178488
0.177798
0.177113
0.176435
0.175763
0.175096
0.174436
0.173781
0.173132
0.172489
0.171851
0.171219
0.170593
0.169971
0.169356
0.168745
0.168140
0.167540
0.166945
0.166356
0.165771
0.165191
0.164616
0.164047
0.163481
0.162921
0.162366
0.161815
0.161269
0.160727
0.160190
0.159658
0.159129
0.158606
0.158086
0.157571
0.157061
0.156554
0.156052
0.155553
0.155059
0.154569
0.154083
0.153601
0.153123
0.152649
0.152178
0.151712
0.151249
0.150790
0.150335
0.149883
0.149435
0.148990
0.148550
0.148112
0.147678
0.147248
0.146821
0.146397
0.145977
0.145560
0.145146
0.144736
0.144329
0.143925
0.143524
0.143126
0.142732
0.142340
0.141952
0.141566
0.141184
0.140804
0.140428
0.140054
0.139683
0.139315
0.138950
0.138588
0.138228
0.137872
0.137517
0.137166
0.136817
0.136471
0.136128
0.135787
0.135449
0.135113
0.134780
0.134449
0.134121
0.133795
0.133471
0.133150
0.132832
0.132516
0.132202
0.131890
0.131581
0.131274
0.130969
0.130667
0.130366
0.130068
0.129773
0.129479
0.129187
0.128898
0.128611
0.128325
0.128042
0.127761
0.127482
0.127205
0.126930
0.126657
0.126386
0.126116
0.125849
0.125584
0.125320
0.125059
0.124799
0.124541
0.124285
0.124031
0.123779
0.123528
0.123279
0.123032
0.122787
0.122543
0.122301
0.122061
0.121822
0.121585
0.121350
0.121117
0.120885
0.120654
0.120426
0.120198
0.119973
0.119749
0.119526
0.119305
0.119086
0.118868
0.118652
0.118437
0.118223
0.118011
0.117801
0.117592
0.117384
0.117178
0.116973
0.116769
0.116567
0.116366
0.116167
0.115969
0.115772
0.115577
0.115383
0.115190
0.114999
0.114809
0.114620
0.114432
0.114246
0.114061
0.113877
0.113694
0.113513
0.113332
0.113153
0.112976
0.112799
0.112623
0.112449
0.112276
0.112104
0.111933
0.111763
0.111594
0.111427
0.111260
0.111095
0.110931
0.110767
0.110605
0.110444
0.110284
0.110125
0.109967
0.109810
0.109654
0.109499
0.109345
0.109193
0.109041
0.108890
0.108740
0.108591
0.108443
0.108296
0.108149
0.108004
0.107860
0.107717
0.107574
0.107433
0.107292
0.107152
0.107013
0.106875
0.106738
0.106602
0.106467
0.106332
0.106199
0.106066
0.105934
0.105803
0.105673
0.105543
0.105414
0.105287
0.105160
0.105033
0.104908
0.104783
0.104659
0.104536
0.104414
0.104292
0.104172
0.104052
0.103932
0.103814
0.103696
0.103579
0.103462
0.103347
0.103232
0.103118
0.103004
0.102891
0.102779
0.102668
0.102557
0.102447
0.102338
0.102229
0.102121
0.102014
0.101907
0.101801
0.101696
0.101591
0.101487
0.101384
0.101281
0.101179
0.101077
0.100976
0.100876
0.100776
0.100677
0.100579
0.100481
0.100383
0.100287
0.100191
0.100095
0.100000
0.099906
0.099812
0.099719
0.099626
0.099534
0.099442
0.099351
0.099261
0.099171
0.099082
0.098993
0.098904
0.098817
0.098729
0.098643
0.098557
0.098471
0.098386
0.098301
0.098217
0.098133
0.098050
0.097967
0.097885
0.097804
0.097723
0.097642
0.097562
0.097482
0.097403
0.097324
0.097246
0.097168
0.097090
0.097013
0.096937
0.096861
0.096785
0.096710
0.096636
0.096561
0.096488
0.096414
0.096341
0.096269
0.096197
0.096125
0.096054
0.095983
0.095913
0.095843
0.095773
0.095704
0.095635
0.095567
0.095499
0.095432
0.095365
0.095298
0.095231
0.095165
0.095100
0.095035
0.094970
0.094905
0.094841
0.094778
0.094714
0.094651
0.094589
0.094527
0.094465
0.094403
0.094342
0.094281
0.094221
0.094161
0.094101
0.094042
0.093983
0.093924
0.093866
0.093808
0.093750
0.093693
0.093636
0.093579
0.093523
0.093467
0.093411
0.093356
0.093301
0.093246
0.093192
0.093138
0.093084
0.093031
0.092977
0.092925
0.092872
0.092820
0.092768
0.092716
0.092665
0.092614
0.092563
0.092513
0.092462
0.092413
0.092363
0.092314
0.092265
0.092216
0.092167
0.092119
0.092071
0.092024
0.091976
0.091929
0.091882
0.091836
0.091790
0.091744
0.091698
0.091652
0.091607
0.091562
0.091517
0.091473
0.091429
0.091385
0.091341
0.091298
0.091254
0.091211
0.091169
0.091126
0.091084
0.091042
0.091000
0.090959
0.090917
0.090876
0.090835
0.090795
0.090755
0.090714
0.090675
0.090635
0.090596
0.090556
0.090517
0.090479
0.090440
0.090402
0.090364
0.090326
0.090288
0.090251
0.090213
0.090176
0.090139
0.090103
0.090066
0.090030
0.089994
0.089958
0.089923
0.089887
0.089852
0.089817
0.089783
0.089748
0.089713
0.089679
0.089645
0.089611
0.089578
0.089544
0.089511
0.089478
0.089445
0.089412
0.089380
0.089348
0.089316
0.089284
0.089252
0.089220
0.089189
0.089158
0.089126
0.089096
0.089065
0.089034
0.089004
0.088974
0.088944
0.088914
0.088884
0.088855
0.088825
0.088796
0.088767
0.088738
0.088710
0.088681
0.088653
0.088625
0.088596
0.088569
0.088541
0.088513
0.088486
0.088458
0.088431
0.088404
0.088378
0.088351
0.088324
0.088298
0.088272
0.088246
0.088220
0.088194
0.088168
0.088143
0.088118
0.088092
0.088067
0.088042
0.088018
0.087993
0.087969
0.087944
0.087920
0.087896
0.087872
0.087848
0.087824
0.087801
0.087777
0.087754
0.087731
0.087708
0.087685
0.087662
0.087640
0.087617
0.087595
0.087572
0.087550
0.087528
0.087507
0.087485
0.087463
0.087442
0.087420
0.087399
0.087378
0.087357
0.087336
0.087315
0.087294
0.087274
0.087253
0.087233
0.087213
0.087193
0.087173
0.087153
0.087133
0.087113
0.087094
0.087074
0.087055
0.087036
0.087017
0.086998
0.086979
0.086960
0.086941
0.086923
0.086904
0.086886
0.086868
0.086849
0.086831
0.086814
0.086796
0.086778
0.086760
0.086743
0.086725
0.086708
0.086691
0.086673
0.086656
0.086639
0.086623
0.086606
0.086589
0.086573
0.086556
0.086540
0.086523
0.086507
0.086491
0.086475
0.086459
0.086443
0.086427
0.086412
0.086396
0.086381
0.086365
0.086350
0.086335
0.086319
0.086304
0.086289
0.086275
0.086260
0.086245
0.086230
0.086216
0.086201
0.086187
0.086173
0.086158
0.086144
0.086130
0.086116
0.086102
0.086088
0.086075
0.086061
0.086047
0.086034
0.086020
0.086007
0.085994
0.085980
0.085967
0.085954
0.085941
0.085928
0.085916
0.085903
0.085890
0.085877
0.085865
0.085852
0.085840
0.085828
0.085815
0.085803
0.085791
0.085779
0.085767
0.085755
0.085743
0.085732
0.085720
0.085708
0.085696
0.085685
0.085673
0.085662
0.085651
0.085640
0.085628
0.085617
0.085606
0.085595
0.085584
0.085573
0.085563
0.085552
0.085541
0.085530
0.085520
0.085509
0.085499
0.085489
0.085478
0.085468
0.085458
0.085448
0.085438
0.085428
0.085418
0.085408
0.085398
0.085388
0.085378
0.085368
0.085359
0.085349
0.085340
0.085330
0.085321
0.085312
0.085302
0.085293
0.085284
0.085275
0.085266
0.085257
