11.497000
11.497000
11.497000
11.496900
11.496900
11.497000
11.499700
11.500200
11.500200
11.500100
11.500000
11.499900
11.499800
11.499700
11.499600
11.499600
11.499500
11.499500
11.499400
11.499400
11.499300
11.499300
11.499200
11.499200
11.499200
11.499200
11.499100
11.499100
11.499100
11.499100
11.499200
11.499200
11.499200
11.499200
11.499200
11.499300
11.499300
11.499300
11.499400
11.499400
11.499500
11.499500
11.499600
11.499600
11.499700
11.499700
11.499800
11.499800
11.499900
11.499900
11.500000
11.500000
11.500100
11.500100
11.500200
11.500300
11.500300
11.500400
11.500400
11.500500
11.500600
11.500600
11.500700
11.500800
11.500800
11.500900
11.500900
11.501000
11.501100
11.501100
11.501200
11.501300
11.501300
11.501400
11.501400
11.501500
11.501600
11.501600
11.501700
11.501800
11.501800
11.501900
11.501900
11.502000
11.502000
11.502100
11.502200
11.502200
11.502300
11.502300
11.502400
11.502400
11.502500
11.502600
11.502600
11.502700
11.502700
11.502800
11.502800
11.502900
11.502900
11.503000
11.503000
11.503100
11.503100
11.503200
11.503200
11.503300
11.503300
11.503400
11.503400
11.503400
11.503500
11.503500
11.503600
11.503600
11.503700
11.503700
11.503700
11.503800
11.503800
11.503900
11.503900
11.503900
11.504000
11.504000
11.504100
11.504100
11.504100
11.504200
11.504200
11.504200
11.504300
11.504300
11.504300
11.504400
11.504400
11.504400
11.504500
11.504500
11.504500
11.504600
11.504600
11.504600
11.504700
11.504700
11.504700
11.504700
11.504800
11.504800
11.504800
11.504900
11.504900
11.504900
11.504900
11.505000
11.505000
11.505000
11.505000
11.505100
11.505100
11.505100
11.505100
11.505100
11.505200
11.505200
11.505200
11.505200
11.505300
11.505300
11.505300
11.505300
11.505300
11.505300
11.505400
11.505400
11.505400
11.505400
11.505400
11.505500
11.505500
11.505500
11.505500
11.505500
11.505500
11.505600
11.505600
11.505600
11.505600
11.505600
11.505600
11.505600
11.505700
11.505700
11.505700
11.505700
11.505700
11.505700
11.505700
11.505700
11.505800
11.505800
11.505800
11.505800
11.505800
11.505800
11.505800
11.505800
11.505800
11.505800
11.505900
11.505900
11.505900
11.505900
11.505900
11.505900
11.505900
11.505900
11.505900
11.505900
11.505900
11.505900
11.505900
11.506000
11.506000
11.506000
11.506000
11.506000
11.506000
11.506000
11.506000
11.506000
11.506000
11.506000
11.506000
11.506000
11.506000
11.506000
11.506000
11.506000
11.506000
11.506000
11.506000
11.506100
11.506100
11.506100
11.506100
11.506100
11.506100
11.506100
11.506100
11.506100
11.506100
11.506100
11.506100
11.506100
11.506100
11.506100
11.506100
11.506100
11.506100
11.506100
11.506100
11.506100
11.506100
11.506100
11.506100
11.506100
11.506100
11.506100
11.506100
11.506100
11.506100
11.506100
11.506100
11.506100
11.506100
11.506100
11.506100
11.506100
11.506100
11.506100
11.506100
11.506100
11.506100
11.506100
11.506100
11.506100
11.506100
11.506100
11.506100
11.506100
11.506000
11.506000
11.506000
11.506000
11.506000
11.506000
11.506000
11.506000
11.506000
11.506000
11.506000
11.506000
11.506000
11.506000
11.506000
11.506000
11.506000
11.506000
11.506000
11.506000
11.506000
11.506000
11.506000
11.506000
11.506000
11.506000
11.505900
11.505900
11.505900
11.505900
11.505900
11.505900
11.505900
11.505900
11.505900
11.505900
11.505900
11.505900
11.505900
11.505900
11.505900
11.505900
11.505900
11.505900
11.505800
11.505800
11.505800
11.505800
11.505800
11.505800
11.505800
11.505800
11.505800
11.505800
11.505800
11.505800
11.505800
11.505800
11.505800
11.505700
11.505700
11.505700
11.505700
11.505700
11.505700
11.505700
11.505700
11.505700
11.505700
11.505700
11.505700
11.505700
11.505600
11.505600
11.505600
11.505600
11.505600
11.505600
11.505600
11.505600
11.505600
11.505600
11.505600
11.505600
11.505600
11.505500
11.505500
11.505500
11.505500
11.505500
11.505500
11.505500
11.505500
11.505500
11.505500
11.505500
11.505400
11.505400
11.505400
11.505400
11.505400
11.505400
11.505400
11.505400
11.505400
11.505400
11.505400
11.505300
11.505300
11.505300
11.505300
11.505300
11.505300
11.505300
11.505300
11.505300
11.505300
11.505200
11.505200
11.505200
11.505200
11.505200
11.505200
11.505200
11.505200
11.505200
11.505200
11.505100
11.505100
11.505100
11.505100
11.505100
11.505100
11.505100
11.505100
11.505100
11.505100
11.505000
11.505000
11.505000
11.505000
11.505000
11.505000
11.505000
11.505000
11.505000
11.504900
11.504900
11.504900
11.504900
11.504900
11.504900
11.504900
11.504900
11.504900
11.504900
11.504800
11.504800
11.504800
11.504800
11.504800
11.504800
11.504800
11.504800
11.504800
11.504700
11.504700
11.504700
11.504700
11.504700
11.504700
11.504700
11.504700
11.504600
11.504600
11.504600
11.504600
11.504600
11.504600
11.504600
11.504600
11.504600
11.504500
11.504500
11.504500
11.504500
11.504500
11.504500
11.504500
11.504500
11.504400
11.504400
11.504400
11.504400
11.504400
11.504400
11.504400
11.504400
11.504400
11.504300
11.504300
11.504300
11.504300
11.504300
11.504300
11.504300
11.504300
11.504200
11.504200
11.504200
11.504200
11.504200
11.504200
11.504200
11.504200
11.504100
11.504100
11.504100
11.504100
11.504100
11.504100
11.504100
11.504100
11.504000
11.504000
11.504000
11.504000
11.504000
11.504000
11.504000
11.504000
11.503900
11.503900
11.503900
11.503900
11.503900
11.503900
11.503900
11.503900
11.503800
11.503800
11.503800
11.503800
11.503800
11.503800
11.503800
11.503800
11.503700
11.503700
11.503700
11.503700
11.503700
11.503700
11.503700
11.503600
11.503600
11.503600
11.503600
11.503600
11.503600
11.503600
11.503600
11.503500
11.503500
11.503500
11.503500
11.503500
11.503500
11.503500
11.503400
11.503400
11.503400
11.503400
11.503400
11.503400
11.503400
11.503400
11.503300
11.503300
11.503300
11.503300
11.503300
11.503300
11.503300
11.503200
11.503200
11.503200
11.503200
11.503200
11.503200
11.503200
11.503200
11.503100
11.503100
11.503100
11.503100
11.503100
11.503100
11.503100
11.503000
11.503000
11.503000
11.503000
11.503000
11.503000
11.503000
11.502900
11.502900
11.502900
11.502900
11.502900
11.502900
11.502900
11.502900
11.502800
11.502800
11.502800
11.502800
11.502800
11.502800
11.502800
11.502700
11.502700
11.502700
11.502700
11.502700
11.502700
11.502700
11.502600
11.502600
11.502600
11.502600
11.502600
11.502600
11.502600
11.502500
11.502500
11.502500
11.502500
11.502500
11.502500
11.502500
11.502400
11.502400
11.502400
11.502400
11.502400
11.502400
11.502400
11.502400
11.502300
11.502300
11.502300
11.502300
11.502300
11.502300
11.502300
11.502200
11.502200
11.502200
11.502200
11.502200
11.502200
11.502200
11.502100
11.502100
11.502100
11.502100
11.502100
11.502100
11.502100
11.502000
11.502000
11.502000
11.502000
11.502000
11.502000
11.502000
11.501900
11.501900
11.501900
11.501900
11.501900
11.501900
11.501900
11.501800
11.501800
11.501800
11.501800
11.501800
11.501800
11.501800
11.501700
11.501700
11.501700
11.501700
11.501700
11.501700
11.501700
11.501600
11.501600
11.501600
11.501600
11.501600
11.501600
11.501500
11.501500
11.501500
11.501500
11.501500
11.501500
11.501500
11.501400
11.501400
11.501400
11.501400
11.501400
11.501400
11.501400
11.501300
11.501300
11.501300
11.501300
11.501300
11.501300
11.501300
11.501200
11.501200
11.501200
11.501200
11.501200
11.501200
11.501200
11.501100
11.501100
11.501100
11.501100
11.501100
11.501100
11.501100
11.501000
11.501000
11.501000
11.501000
11.501000
11.501000
11.500900
11.500900
11.500900
11.500900
11.500900
11.500900
11.500900
11.500800
11.500800
11.500800
11.500800
11.500800
11.500800
11.500800
11.500700
11.500700
11.500700
11.500700
11.500700
11.500700
11.500700
11.500600
11.500600
11.500600
11.500600
11.500600
11.500600
11.500600
11.500500
11.500500
11.500500
11.500500
11.500500
11.500500
11.500400
11.500400
11.500400
11.500400
11.500400
11.500400
11.500400
11.500300
11.500300
11.500300
11.500300
11.500300
11.500300
11.500300
11.500200
11.500200
11.500200
11.500200
11.500200
11.500200
11.500100
11.500100
11.500100
11.500100
11.500100
11.500100
11.500100
11.500000
11.500000
11.500000
11.500000
11.500000
11.500000
11.500000
11.499900
11.499900
11.499900
11.499900
11.499900
11.499900
11.499800
11.499800
11.499800
11.499800
11.499800
11.499800
11.499800
11.499700
11.499700
11.499700
11.499700
11.499700
11.499700
11.499700
11.499600
11.499600
11.499600
11.499600
11.499600
11.499600
11.499500
11.499500
11.499500
11.499500
11.499500
11.499500
11.499500
11.499400
11.499400
11.499400
11.499400
11.499400
11.499400
11.499400
11.499300
11.499300
11.499300
11.499300
11.499300
11.499300
11.499200
11.499200
11.499200
11.499200
11.499200
11.499200
11.499200
11.499100
11.499100
11.499100
11.499100
11.499100
11.499100
11.499100
11.499000
11.499000
11.499000
11.499000
11.499000
11.499000
11.498900
11.498900
11.498900
11.498900
11.498900
11.498900
11.498900
11.498800
11.498800
11.498800
11.498800
11.498800
11.498800
11.498700
11.498700
11.498700
11.498700
11.498700
11.498700
11.498700
11.498600
11.498600
11.498600
11.498600
11.498600
11.498600
11.498600
11.498500
11.498500
11.498500
11.498500
11.498500
11.498500
11.498400
11.498400
11.498400
11.498400
11.498400
11.498400
11.498400
11.498300
11.498300
11.498300
11.498300
11.498300
11.498300
11.498200
11.498200
11.498200
11.498200
11.498200
11.498200
11.498200
11.498100
11.498100
11.498100
11.498100
11.498100
11.498100
11.498000
11.498000
11.498000
11.498000
11.498000
11.498000
11.498000
11.497900
11.497900
11.497900
11.497900
11.497900
11.497900
11.497900
11.497800
11.497800
11.497800
11.497800
11.497800
11.497800
11.497700
11.497700
11.497700
11.497700
11.497700
11.497700
11.497700
11.497600
11.497600
11.497600
11.497600
11.497600
11.497600
11.497500
11.497500
11.497500
11.497500
11.497500
11.497500
11.497500
11.497400
11.497400
11.497400
11.497400
11.497400
11.497400
11.497300
11.497300
11.497300
11.497300
11.497300
11.497300
11.497300
11.497200
11.497200
11.497200
11.497200
11.497200
11.497200
11.497100
11.497100
11.497100
11.497100
11.497100
11.497100
11.497100
11.497000
11.497000
11.497000
11.497000
11.497000
11.497000
11.496900
11.496900
11.497000
11.499700
11.500200
11.500200
11.500100
11.500000
11.499900
11.499800
11.499700
11.499600
11.499600
11.499500
11.499500
11.499400
11.499400
11.499300
11.499300
11.499200
11.499200
11.499200
11.499200
11.499100
11.499100
11.499100
11.499100
11.499200
11.499200
11.499200
11.499200
11.499200
11.499300
11.499300
11.499300
11.499400
11.499400
11.499500
11.499500
11.499600
11.499600
11.499700
11.499700
11.499800
11.499800
11.499900
11.499900
11.500000
11.500000
11.500100
11.500100
11.500200
11.500300
11.500300
11.500400
11.500400
11.500500
11.500600
11.500600
11.500700
11.500800
11.500800
11.500900
11.500900
11.501000
11.501100
11.501100
11.501200
11.501300
11.501300
11.501400
11.501400
11.501500
11.501600
11.501600
11.501700
11.501800
11.501800
11.501900
11.501900
11.502000
11.502100
11.502100
11.502200
11.502200
11.502300
11.502300
11.502400
11.502400
11.502500
11.502600
11.502600
11.502700
11.502700
11.502800
11.502800
11.502900
11.502900
11.503000
11.503000
11.503100
11.503100
11.503200
11.503200
11.503300
11.503300
11.503400
11.503400
11.503500
11.503500
11.503500
11.503600
11.503600
11.503700
11.503700
11.503800
11.503800
11.503800
11.503900
11.503900
11.504000
11.504000
11.504000
11.504100
11.504100
11.504100
11.504200
11.504200
11.504200
11.504300
11.504300
11.504300
11.504400
11.504400
11.504400
11.504500
11.504500
11.504500
11.504600
11.504600
11.504600
11.504700
11.504700
11.504700
11.504700
11.504800
11.504800
11.504800
11.504900
11.504900
11.504900
11.504900
11.505000
11.505000
11.505000
11.505000
11.505100
11.505100
11.505100
11.505100
11.505100
11.505200
11.505200
11.505200
11.505200
11.505300
11.505300
11.505300
11.505300
11.505300
11.505400
11.505400
11.505400
11.505400
11.505400
11.505400
11.505500
11.505500
11.505500
11.505500
11.505500
11.505500
11.505600
11.505600
11.505600
11.505600
11.505600
11.505600
11.505600
11.505700
11.505700
11.505700
11.505700
11.505700
11.505700
11.505700
11.505700
11.505800
11.505800
11.505800
11.505800
11.505800
11.505800
11.505800
11.505800
11.505800
11.505800
11.505900
11.505900
11.505900
11.505900
11.505900
11.505900
11.505900
11.505900
11.505900
11.505900
11.505900
11.505900
11.505900
11.506000
11.506000
11.506000
11.506000
11.506000
11.506000
11.506000
11.506000
11.506000
11.506000
11.506000
11.506000
11.506000
11.506000
11.506000
11.506000
11.506000
11.506000
11.506000
11.506000
11.506100
11.506100
11.506100
11.506100
11.506100
11.506100
11.506100
11.506100
11.506100
11.506100
11.506100
11.506100
11.506100
11.506100
11.506100
11.506100
11.506100
11.506100
11.506100
11.506100
11.506100
11.506100
11.506100
11.506100
11.506100
11.506100
11.506100
11.506100
11.506100
11.506100
11.506100
11.506100
11.506100
11.506100
11.506100
11.506100
11.506100
11.506100
11.506100
11.506100
11.506100
11.506100
11.506100
11.506100
11.506100
11.506100
11.506100
11.506100
11.506100
11.506100
11.506000
11.506000
11.506000
11.506000
11.506000
11.506000
11.506000
11.506000
11.506000
11.506000
11.506000
11.506000
11.506000
11.506000
11.506000
11.506000
11.506000
11.506000
11.506000
11.506000
11.506000
11.506000
11.506000
11.506000
11.506000
11.505900
11.505900
11.505900
11.505900
11.505900
11.505900
11.505900
11.505900
11.505900
11.505900
11.505900
11.505900
11.505900
11.505900
11.505900
11.505900
11.505900
11.505900
11.505800
11.505800
11.505800
11.505800
11.505800
11.505800
11.505800
11.505800
11.505800
11.505800
11.505800
11.505800
11.505800
11.505800
11.505800
11.505700
11.505700
11.505700
11.505700
11.505700
11.505700
11.505700
11.505700
11.505700
11.505700
11.505700
11.505700
11.505700
11.505700
11.505600
11.505600
11.505600
11.505600
11.505600
11.505600
11.505600
11.505600
11.505600
11.505600
11.505600
11.505600
11.505500
11.505500
11.505500
11.505500
11.505500
11.505500
11.505500
11.505500
11.505500
11.505500
11.505500
11.505400
11.505400
11.505400
11.505400
11.505400
11.505400
11.505400
11.505400
11.505400
11.505400
11.505400
11.505300
11.505300
11.505300
11.505300
11.505300
11.505300
11.505300
11.505300
11.505300
11.505300
11.505300
11.505200
11.505200
11.505200
11.505200
11.505200
11.505200
11.505200
11.505200
11.505200
11.505200
11.505100
11.505100
11.505100
11.505100
11.505100
11.505100
11.505100
11.505100
11.505100
11.505000
11.505000
11.505000
11.505000
11.505000
11.505000
11.505000
11.505000
11.505000
11.505000
11.504900
11.504900
11.504900
11.504900
11.504900
11.504900
11.504900
11.504900
11.504900
11.504800
11.504800
11.504800
11.504800
11.504800
11.504800
11.504800
11.504800
11.504800
11.504700
11.504700
11.504700
11.504700
11.504700
11.504700
11.504700
11.504700
11.504600
11.504600
11.504600
11.504600
11.504600
11.504600
11.504600
11.504600
11.504600
11.504500
11.504500
11.504500
11.504500
11.504500
11.504500
11.504500
11.504500
11.504500
11.504400
11.504400
11.504400
11.504400
11.504400
11.504400
11.504400
11.504400
11.504300
11.504300
11.504300
11.504300
11.504300
11.504300
11.504300
11.504300
11.504200
11.504200
11.504200
11.504200
11.504200
11.504200
11.504200
11.504200
11.504100
11.504100
11.504100
11.504100
11.504100
11.504100
11.504100
11.504100
11.504000
11.504000
11.504000
11.504000
11.504000
11.504000
11.504000
11.504000
11.503900
11.503900
11.503900
11.503900
11.503900
11.503900
11.503900
11.503900
11.503800
11.503800
11.503800
11.503800
11.503800
11.503800
11.503800
11.503800
11.503700
11.503700
11.503700
11.503700
11.503700
11.503700
11.503700
11.503600
11.503600
11.503600
11.503600
11.503600
11.503600
11.503600
11.503600
11.503500
11.503500
11.503500
11.503500
11.503500
11.503500
11.503500
11.503500
11.503400
11.503400
11.503400
11.503400
11.503400
11.503400
11.503400
11.503300
11.503300
11.503300
11.503300
11.503300
11.503300
11.503300
11.503200
11.503200
11.503200
11.503200
11.503200
11.503200
11.503200
11.503200
11.503100
11.503100
11.503100
11.503100
11.503100
11.503100
11.503100
11.503000
11.503000
11.503000
11.503000
11.503000
11.503000
11.503000
11.503000
11.502900
11.502900
11.502900
11.502900
11.502900
11.502900
11.502900
11.502800
11.502800
11.502800
11.502800
11.502800
11.502800
11.502800
11.502700
11.502700
11.502700
11.502700
11.502700
11.502700
11.502700
11.502600
11.502600
11.502600
11.502600
11.502600
11.502600
11.502600
11.502500
11.502500
11.502500
11.502500
11.502500
11.502500
11.502500
11.502500
11.502400
11.502400
11.502400
11.502400
11.502400
11.502400
11.502400
11.502300
11.502300
11.502300
11.502300
11.502300
11.502300
11.502300
11.502200
11.502200
11.502200
11.502200
11.502200
11.502200
11.502200
11.502100
11.502100
11.502100
11.502100
11.502100
11.502100
11.502100
11.502000
11.502000
11.502000
11.502000
11.502000
11.502000
11.502000
11.501900
11.501900
11.501900
11.501900
11.501900
11.501900
11.501900
11.501800
11.501800
11.501800
11.501800
11.501800
11.501800
11.501800
11.501700
11.501700
11.501700
11.501700
11.501700
11.501700
11.501700
11.501600
11.501600
11.501600
11.501600
11.501600
11.501600
11.501600
11.501500
11.501500
11.501500
11.501500
11.501500
11.501500
11.501400
11.501400
11.501400
11.501400
11.501400
11.501400
11.501400
11.501300
11.501300
11.501300
11.501300
11.501300
11.501300
11.501300
11.501200
11.501200
11.501200
11.501200
11.501200
11.501200
11.501200
11.501100
11.501100
11.501100
11.501100
11.501100
11.501100
11.501100
11.501000
11.501000
11.501000
11.501000
11.501000
11.501000
11.501000
11.500900
11.500900
11.500900
11.500900
11.500900
11.500900
11.500800
11.500800
11.500800
11.500800
11.500800
11.500800
11.500800
11.500700
11.500700
11.500700
11.500700
11.500700
11.500700
11.500700
11.500600
11.500600
11.500600
11.500600
11.500600
11.500600
11.500600
11.500500
11.500500
11.500500
11.500500
11.500500
11.500500
11.500400
11.500400
11.500400
11.500400
11.500400
11.500400
11.500400
11.500300
11.500300
11.500300
11.500300
11.500300
11.500300
11.500300
11.500200
11.500200
11.500200
11.500200
11.500200
11.500200
11.500200
11.500100
11.500100
11.500100
11.500100
11.500100
11.500100
11.500000
11.500000
11.500000
11.500000
11.500000
11.500000
11.500000
11.499900
11.499900
11.499900
11.499900
11.499900
11.499900
11.499900
11.499800
11.499800
11.499800
11.499800
11.499800
11.499800
11.499700
11.499700
11.499700
11.499700
11.499700
11.499700
11.499700
11.499600
11.499600
11.499600
11.499600
11.499600
11.499600
11.499600
11.499500
11.499500
11.499500
11.499500
11.499500
11.499500
11.499400
11.499400
11.499400
11.499400
11.499400
11.499400
11.499400
11.499300
11.499300
11.499300
11.499300
11.499300
11.499300
11.499200
11.499200
11.499200
11.499200
11.499200
11.499200
11.499200
11.499100
11.499100
11.499100
11.499100
11.499100
11.499100
11.499100
11.499000
11.499000
11.499000
11.499000
11.499000
11.499000
11.498900
11.498900
11.498900
11.498900
11.498900
11.498900
11.498900
11.498800
11.498800
11.498800
11.498800
11.498800
11.498800
11.498800
11.498700
11.498700
11.498700
11.498700
11.498700
11.498700
11.498600
11.498600
11.498600
11.498600
11.498600
11.498600
11.498600
11.498500
11.498500
11.498500
11.498500
11.498500
11.498500
11.498400
11.498400
11.498400
11.498400
11.498400
11.498400
11.498400
11.498300
11.498300
11.498300
11.498300
11.498300
11.498300
11.498200
11.498200
11.498200
11.498200
11.498200
11.498200
11.498200
11.498100
11.498100
11.498100
11.498100
11.498100
11.498100
11.498100
11.498000
11.498000
11.498000
11.498000
11.498000
11.498000
11.497900
11.497900
11.497900
11.497900
11.497900
11.497900
11.497900
11.497800
11.497800
11.497800
11.497800
11.497800
11.497800
11.497700
11.497700
11.497700
11.497700
11.497700
11.497700
11.497700
11.497600
11.497600
11.497600
11.497600
11.497600
11.497600
11.497500
11.497500
11.497500
11.497500
11.497500
11.497500
11.497500
11.497400
11.497400
11.497400
11.497400
11.497400
11.497400
11.497300
11.497300
11.497300
11.497300
11.497300
11.497300
11.497300
11.497200
11.497200
11.497200
11.497200
11.497200
11.497200
11.497100
11.497100
11.497100
11.497100
11.497100
11.497100
11.497100
11.497000
11.497000
11.497000
11.497000
11.497000
11.497000
11.496900
11.496900
11.497000
11.499700
11.500200
11.500200
11.500100
11.500000
11.499900
11.499800
11.499700
11.499700
11.499600
11.499500
11.499500
11.499400
11.499400
11.499300
11.499300
11.499200
11.499200
11.499200
11.499200
11.499100
11.499100
11.499100
11.499100
11.499200
11.499200
11.499200
11.499200
11.499200
11.499300
11.499300
11.499300
11.499400
11.499400
11.499500
11.499500
11.499600
11.499600
11.499700
11.499700
11.499800
11.499800
11.499900
11.499900
11.500000
11.500000
11.500100
11.500100
11.500200
11.500300
11.500300
11.500400
11.500400
11.500500
11.500600
11.500600
11.500700
11.500800
11.500800
11.500900
11.500900
11.501000
11.501100
11.501100
11.501200
11.501300
11.501300
11.501400
11.501400
11.501500
11.501600
11.501600
11.501700
11.501800
11.501800
11.501900
11.501900
11.502000
11.502100
11.502100
11.502200
11.502200
11.502300
11.502300
11.502400
11.502500
11.502500
11.502600
11.502600
11.502700
11.502700
11.502800
11.502800
11.502900
11.502900
11.503000
11.503000
11.503100
11.503100
11.503200
11.503200
11.503300
11.503300
11.503400
11.503400
11.503500
11.503500
11.503500
11.503600
11.503600
11.503700
11.503700
11.503800
11.503800
11.503800
11.503900
11.503900
11.504000
11.504000
11.504000
11.504100
11.504100
11.504100
11.504200
11.504200
11.504200
11.504300
11.504300
11.504400
11.504400
11.504400
11.504400
11.504500
11.504500
11.504500
11.504600
11.504600
11.504600
11.504700
11.504700
11.504700
11.504700
11.504800
11.504800
11.504800
11.504900
11.504900
11.504900
11.504900
11.505000
11.505000
11.505000
11.505000
11.505100
11.505100
11.505100
11.505100
11.505100
11.505200
11.505200
11.505200
11.505200
11.505300
11.505300
11.505300
11.505300
11.505300
11.505400
11.505400
11.505400
11.505400
11.505400
11.505400
11.505500
11.505500
11.505500
11.505500
11.505500
11.505500
11.505600
11.505600
11.505600
11.505600
11.505600
11.505600
11.505600
11.505700
11.505700
11.505700
11.505700
11.505700
11.505700
11.505700
11.505700
11.505800
11.505800
11.505800
11.505800
11.505800
11.505800
11.505800
11.505800
11.505800
11.505800
11.505900
11.505900
11.505900
11.505900
11.505900
11.505900
11.505900
11.505900
11.505900
11.505900
11.505900
11.505900
11.506000
11.506000
11.506000
11.506000
11.506000
11.506000
11.506000
11.506000
11.506000
11.506000
11.506000
11.506000
11.506000
11.506000
11.506000
11.506000
11.506000
11.506000
11.506000
11.506000
11.506100
11.506100
11.506100
11.506100
11.506100
11.506100
11.506100
11.506100
11.506100
11.506100
11.506100
11.506100
11.506100
11.506100
11.506100
11.506100
11.506100
11.506100
11.506100
11.506100
11.506100
11.506100
11.506100
11.506100
11.506100
11.506100
11.506100
11.506100
11.506100
11.506100
11.506100
11.506100
11.506100
11.506100
11.506100
11.506100
11.506100
11.506100
11.506100
11.506100
11.506100
11.506100
11.506100
11.506100
11.506100
11.506100
11.506100
11.506100
11.506100
11.506100
11.506100
11.506100
11.506000
11.506000
11.506000
11.506000
11.506000
11.506000
11.506000
11.506000
11.506000
11.506000
11.506000
11.506000
11.506000
11.506000
11.506000
11.506000
11.506000
11.506000
11.506000
11.506000
11.506000
11.506000
11.506000
11.506000
11.506000
11.505900
11.505900
11.505900
11.505900
11.505900
11.505900
11.505900
11.505900
11.505900
11.505900
11.505900
11.505900
11.505900
11.505900
11.505900
11.505900
11.505900
11.505900
11.505800
11.505800
11.505800
11.505800
11.505800
11.505800
11.505800
11.505800
11.505800
11.505800
11.505800
11.505800
11.505800
11.505800
11.505800
11.505700
11.505700
11.505700
11.505700
11.505700
11.505700
11.505700
11.505700
11.505700
11.505700
11.505700
11.505700
11.505700
11.505600
11.505600
11.505600
11.505600
11.505600
11.505600
11.505600
11.505600
11.505600
11.505600
11.505600
11.505600
11.505500
11.505500
11.505500
11.505500
11.505500
11.505500
11.505500
11.505500
11.505500
11.505500
11.505500
11.505400
11.505400
11.505400
11.505400
11.505400
11.505400
11.505400
11.505400
11.505400
11.505400
11.505400
11.505300
11.505300
11.505300
11.505300
11.505300
11.505300
11.505300
11.505300
11.505300
11.505300
11.505300
11.505200
11.505200
11.505200
11.505200
11.505200
11.505200
11.505200
11.505200
11.505200
11.505200
11.505100
11.505100
11.505100
11.505100
11.505100
11.505100
11.505100
11.505100
11.505100
11.505000
11.505000
11.505000
11.505000
11.505000
11.505000
11.505000
11.505000
11.505000
11.505000
11.504900
11.504900
11.504900
11.504900
11.504900
11.504900
11.504900
11.504900
11.504900
11.504800
11.504800
11.504800
11.504800
11.504800
11.504800
11.504800
11.504800
11.504800
11.504700
11.504700
11.504700
11.504700
11.504700
11.504700
11.504700
11.504700
11.504700
11.504600
11.504600
11.504600
11.504600
11.504600
11.504600
11.504600
11.504600
11.504500
11.504500
11.504500
11.504500
11.504500
11.504500
11.504500
11.504500
11.504500
11.504400
11.504400
11.504400
11.504400
11.504400
11.504400
11.504400
11.504400
11.504300
11.504300
11.504300
11.504300
11.504300
11.504300
11.504300
11.504300
11.504200
11.504200
11.504200
11.504200
11.504200
11.504200
11.504200
11.504200
11.504100
11.504100
11.504100
11.504100
11.504100
11.504100
11.504100
11.504100
11.504000
11.504000
11.504000
11.504000
11.504000
11.504000
11.504000
11.504000
11.503900
11.503900
11.503900
11.503900
11.503900
11.503900
11.503900
11.503900
11.503800
11.503800
11.503800
11.503800
11.503800
11.503800
11.503800
11.503800
11.503700
11.503700
11.503700
11.503700
11.503700
11.503700
11.503700
11.503600
11.503600
11.503600
11.503600
11.503600
11.503600
11.503600
11.503600
11.503500
11.503500
11.503500
11.503500
11.503500
11.503500
11.503500
11.503500
11.503400
11.503400
11.503400
11.503400
11.503400
11.503400
11.503400
11.503300
11.503300
11.503300
11.503300
11.503300
11.503300
11.503300
11.503300
11.503200
11.503200
11.503200
11.503200
11.503200
11.503200
11.503200
11.503100
11.503100
11.503100
11.503100
11.503100
11.503100
11.503100
11.503000
11.503000
11.503000
11.503000
11.503000
11.503000
11.503000
11.503000
11.502900
11.502900
11.502900
11.502900
11.502900
11.502900
11.502900
11.502800
11.502800
11.502800
11.502800
11.502800
11.502800
11.502800
11.502700
11.502700
11.502700
11.502700
11.502700
11.502700
11.502700
11.502600
11.502600
11.502600
11.502600
11.502600
11.502600
11.502600
11.502600
11.502500
11.502500
11.502500
11.502500
11.502500
11.502500
11.502500
11.502400
11.502400
11.502400
11.502400
11.502400
11.502400
11.502400
11.502300
11.502300
11.502300
11.502300
11.502300
11.502300
11.502300
11.502200
11.502200
11.502200
11.502200
11.502200
11.502200
11.502200
11.502100
11.502100
11.502100
11.502100
11.502100
11.502100
11.502100
11.502000
11.502000
11.502000
11.502000
11.502000
11.502000
11.502000
11.501900
11.501900
11.501900
11.501900
11.501900
11.501900
11.501900
11.501800
11.501800
11.501800
11.501800
11.501800
11.501800
11.501800
11.501700
11.501700
11.501700
11.501700
11.501700
11.501700
11.501700
11.501600
11.501600
11.501600
11.501600
11.501600
11.501600
11.501600
11.501500
11.501500
11.501500
11.501500
11.501500
11.501500
11.501500
11.501400
11.501400
11.501400
11.501400
11.501400
11.501400
11.501300
11.501300
11.501300
11.501300
11.501300
11.501300
11.501300
11.501200
11.501200
11.501200
11.501200
11.501200
11.501200
11.501200
11.501100
11.501100
11.501100
11.501100
11.501100
11.501100
11.501100
11.501000
11.501000
11.501000
11.501000
11.501000
11.501000
11.501000
11.500900
11.500900
11.500900
11.500900
11.500900
11.500900
11.500800
11.500800
11.500800
11.500800
11.500800
11.500800
11.500800
11.500700
11.500700
11.500700
11.500700
11.500700
11.500700
11.500700
11.500600
11.500600
11.500600
11.500600
11.500600
11.500600
11.500600
11.500500
11.500500
11.500500
11.500500
11.500500
11.500500
11.500500
11.500400
11.500400
11.500400
11.500400
11.500400
11.500400
11.500300
11.500300
11.500300
11.500300
11.500300
11.500300
11.500300
11.500200
11.500200
11.500200
11.500200
11.500200
11.500200
11.500200
11.500100
11.500100
11.500100
11.500100
11.500100
11.500100
11.500000
11.500000
11.500000
11.500000
11.500000
11.500000
11.500000
11.499900
11.499900
11.499900
11.499900
11.499900
11.499900
11.499900
11.499800
11.499800
11.499800
11.499800
11.499800
11.499800
11.499700
11.499700
11.499700
11.499700
11.499700
11.499700
11.499700
11.499600
11.499600
11.499600
11.499600
11.499600
11.499600
11.499600
11.499500
11.499500
11.499500
11.499500
11.499500
11.499500
11.499400
11.499400
11.499400
11.499400
11.499400
11.499400
11.499400
11.499300
11.499300
11.499300
11.499300
11.499300
11.499300
11.499300
11.499200
11.499200
11.499200
11.499200
11.499200
11.499200
11.499100
11.499100
11.499100
11.499100
11.499100
11.499100
11.499100
11.499000
11.499000
11.499000
11.499000
11.499000
11.499000
11.498900
11.498900
11.498900
11.498900
11.498900
11.498900
11.498900
11.498800
11.498800
11.498800
11.498800
11.498800
11.498800
11.498800
11.498700
11.498700
11.498700
11.498700
11.498700
11.498700
11.498600
11.498600
11.498600
11.498600
11.498600
11.498600
11.498600
11.498500
11.498500
11.498500
11.498500
11.498500
11.498500
11.498400
11.498400
11.498400
11.498400
11.498400
11.498400
11.498400
11.498300
11.498300
11.498300
11.498300
11.498300
11.498300
11.498300
11.498200
11.498200
11.498200
11.498200
11.498200
11.498200
11.498100
11.498100
11.498100
11.498100
11.498100
11.498100
11.498100
11.498000
11.498000
11.498000
11.498000
11.498000
11.498000
11.497900
11.497900
11.497900
11.497900
11.497900
11.497900
11.497900
11.497800
11.497800
11.497800
11.497800
11.497800
11.497800
11.497700
11.497700
11.497700
11.497700
11.497700
11.497700
11.497700
11.497600
11.497600
11.497600
11.497600
11.497600
11.497600
11.497500
11.497500
11.497500
11.497500
11.497500
11.497500
11.497500
11.497400
11.497400
11.497400
11.497400
11.497400
11.497400
11.497300
11.497300
11.497300
11.497300
11.497300
11.497300
11.497300
11.497200
11.497200
11.497200
11.497200
11.497200
11.497200
11.497200
11.497100
11.497100
11.497100
11.497100
11.497100
11.497100
11.497000
11.497000
11.497000
11.497000
