1.013590
1.011890
1.010200
1.008510
1.006830
1.005160
1.003550
1.002910
1.004050
1.007310
1.013320
1.023460
1.040700
1.070370
1.119500
1.195320
1.303630
1.447730
1.628140
1.842980
2.088690
2.360820
2.654720
2.966000
3.290620
3.624950
3.965660
4.309760
4.654600
4.997980
5.338170
5.673890
6.004190
6.328440
6.646210
6.957170
7.261230
7.558250
7.848240
8.131260
8.407370
8.676560
8.939070
9.194860
9.444210
9.687070
9.923680
10.154100
10.378400
10.596800
10.809400
11.016300
11.217500
11.413100
11.603400
11.788400
11.968000
12.142600
12.312100
12.476700
12.636300
12.791200
12.941300
13.086800
13.227700
13.364100
13.496000
13.623600
13.747000
13.866100
13.981000
14.091900
14.198700
14.301500
14.400400
14.495500
14.586800
14.674500
14.758500
14.838800
14.915700
14.989000
15.059000
15.125500
15.188700
15.248700
15.305400
15.359100
15.409600
15.457000
15.501400
15.542900
15.581400
15.617100
15.650100
15.680200
15.707700
15.732400
15.754600
15.774200
15.791300
15.806000
15.818100
15.827900
15.835400
15.840500
15.843500
15.844200
15.842700
15.839100
15.833500
15.825700
15.816100
15.804400
15.790800
15.775400
15.758000
15.739000
15.718100
15.695500
15.671300
15.645400
15.617900
15.588800
15.558200
15.526000
15.492500
15.457400
15.421000
15.383200
15.344200
15.303800
15.262100
15.219200
15.175100
15.129900
15.083600
15.036100
14.987600
14.938000
14.887400
14.835800
14.783400
14.729900
14.675600
14.620400
14.564400
14.507600
14.450000
14.391700
14.332600
14.272900
14.212500
14.151300
14.089600
14.027400
13.964500
13.901100
13.837100
13.772700
13.707700
13.642400
13.576600
13.510400
13.443800
13.376800
13.309500
13.241900
13.173900
13.105700
13.037200
12.968500
12.899600
12.830400
12.761100
12.691600
12.622000
12.552200
12.482300
12.412300
12.342300
12.272200
12.202100
12.131900
12.061700
11.991500
11.921300
11.851200
11.781100
11.711200
11.641200
11.571300
11.501700
11.432100
11.362600
11.293200
11.224100
11.155100
11.086200
11.017600
10.949200
10.881000
10.813000
10.745300
10.677800
10.610600
10.543600
10.477000
10.410600
10.344500
10.278700
10.213300
10.148100
10.083200
10.018800
9.954580
9.890800
9.827380
9.764320
9.701560
9.639280
9.577300
9.515750
9.454550
9.393780
9.333420
9.273430
9.213850
9.154700
9.095910
9.037600
8.979710
8.922240
8.865130
8.808510
8.752300
8.696570
8.641210
8.586320
8.531860
8.477820
8.424200
8.371060
8.318340
8.266040
8.214220
8.162820
8.111840
8.061350
8.011210
7.961560
7.912330
7.863570
7.815180
7.767270
7.719780
7.672710
7.626060
7.579840
7.534030
7.488640
7.443620
7.399070
7.354950
7.311190
7.267900
7.224980
7.182420
7.140280
7.098560
7.057260
7.016330
6.975750
6.935530
6.895740
6.856360
6.817290
6.778640
6.740340
6.702410
6.664780
6.627570
6.590720
6.554170
6.518040
6.482210
6.446690
6.411580
6.376770
6.342270
6.308120
6.274280
6.240800
6.207550
6.174670
6.142150
6.109870
6.077890
6.046210
6.014890
5.983800
5.953010
5.922520
5.892310
5.862380
5.832730
5.803350
5.774250
5.745400
5.716830
5.688520
5.660460
5.632660
5.605120
5.577820
5.550770
5.523970
5.497400
5.471080
5.444990
5.419130
5.393500
5.368100
5.342920
5.317960
5.293230
5.268700
5.244400
5.220300
5.196420
5.172740
5.149260
5.125980
5.102910
5.080020
5.057340
5.034850
5.012540
4.990420
4.968500
4.946750
4.925180
4.903780
4.882570
4.861530
4.840660
4.819970
4.799440
4.779080
4.758880
4.738840
4.718970
4.699250
4.679690
4.660280
4.641040
4.621930
4.602980
4.584180
4.565520
4.547010
4.528630
4.510410
4.492320
4.474360
4.456550
4.438870
4.421320
4.403900
4.386620
4.369460
4.352430
4.335520
4.318750
4.302090
4.285550
4.269130
4.252840
4.236660
4.220600
4.204650
4.188820
4.173100
4.157490
4.141990
4.126600
4.111310
4.096140
4.081070
4.066100
4.051230
4.036470
4.021810
4.007250
3.992780
3.978420
3.964150
3.949980
3.935900
3.921920
3.908030
3.894230
3.880520
3.866900
3.853370
3.839930
3.826580
3.813300
3.800120
3.787020
3.774010
3.761080
3.748220
3.735450
3.722760
3.710160
3.697620
3.685180
3.672800
3.660500
3.648270
3.636120
3.624050
3.612050
3.600120
3.588270
3.576480
3.564770
3.553120
3.541540
3.530040
3.518600
3.507230
3.495920
3.484690
3.473510
3.462400
3.451360
3.440390
3.429470
3.418610
3.407820
3.397090
3.386420
3.375810
3.365260
3.354770
3.344330
3.333960
3.323640
3.313380
3.303180
3.293030
3.282940
3.272910
3.262920
3.253000
3.243120
3.233300
3.223540
3.213820
3.204150
3.194540
3.184980
3.175470
3.166010
3.156590
3.147230
3.137920
3.128650
3.119430
3.110260
3.101140
3.092070
3.083030
3.074050
3.065110
3.056220
3.047370
3.038570
3.029810
3.021100
3.012420
3.003790
2.995200
2.986660
2.978160
2.969700
2.961280
2.952900
2.944560
2.936270
2.928020
2.919800
2.911620
2.903480
2.895390
2.887320
2.879300
2.871320
2.863370
2.855460
2.847590
2.839760
2.831950
2.824190
2.816470
2.808780
2.801120
2.793500
2.785920
2.778370
2.770850
2.763370
2.755920
2.748510
2.741130
2.733780
2.726460
2.719180
2.711940
2.704720
2.697530
2.690380
2.683260
2.676160
2.669100
2.662080
2.655080
2.648110
2.641180
2.634270
2.627390
2.620540
2.613720
2.606930
2.600180
2.593440
2.586740
2.580070
2.573420
2.566800
2.560210
2.553650
2.547110
2.540610
2.534120
2.527670
2.521250
2.514850
2.508470
2.502130
2.495800
2.489510
2.483240
2.476990
2.470770
2.464580
2.458410
2.452270
2.446150
2.440050
2.433980
2.427930
2.421910
2.415910
2.409940
2.403990
2.398060
2.392150
2.386270
2.380420
2.374580
2.368770
2.362980
2.357210
2.351470
2.345740
2.340050
2.334370
2.328710
2.323080
2.317460
2.311870
2.306300
2.300750
2.295220
2.289710
2.284220
2.278760
2.273310
2.267890
2.262480
2.257100
2.251730
2.246390
2.241060
2.235760
2.230470
2.225200
2.219960
2.214730
2.209520
2.204330
2.199160
2.194010
2.188880
2.183760
2.178660
2.173590
2.168530
2.163490
2.158470
2.153460
2.148470
2.143500
2.138550
2.133610
2.128700
2.123800
2.118920
2.114050
2.109200
2.104380
2.099560
2.094760
2.089980
2.085220
2.080470
2.075740
2.071020
2.066330
2.061650
2.056980
2.052330
2.047700
2.043080
2.038480
2.033890
2.029320
2.024770
2.020230
2.015700
2.011190
2.006700
2.002220
1.997760
1.993310
1.988870
1.984450
1.980050
1.975660
1.971280
1.966920
1.962580
1.958240
1.953930
1.949620
1.945340
1.941060
1.936800
1.932550
1.928320
1.924100
1.919900
1.915700
1.911520
1.907360
1.903210
1.899070
1.894950
1.890840
1.886740
1.882650
1.878580
1.874520
1.870480
1.866440
1.862420
1.858420
1.854420
1.850440
1.846470
1.842510
1.838570
1.834640
1.830720
1.826810
1.822920
1.819030
1.815170
1.811310
1.807460
1.803620
1.799800
1.795990
1.792190
1.788400
1.784630
1.780870
1.777110
1.773370
1.769640
1.765930
1.762220
1.758520
1.754840
1.751170
1.747500
1.743850
1.740220
1.736590
1.732970
1.729370
1.725770
1.722180
1.718610
1.715050
1.711490
1.707950
1.704420
1.700900
1.697390
1.693890
1.690400
1.686920
1.683450
1.679990
1.676540
1.673110
1.669680
1.666260
1.662860
1.659460
1.656070
1.652690
1.649320
1.645960
1.642620
1.639280
1.635950
1.632630
1.629320
1.626020
1.622730
1.619450
1.616180
1.612920
1.609670
1.606420
1.603190
1.599960
1.596750
1.593540
1.590350
1.587160
1.583980
1.580810
1.577650
1.574500
1.571360
1.568220
1.565100
1.561980
1.558870
1.555770
1.552680
1.549610
1.546540
1.543470
1.540420
1.537370
1.534330
1.531300
1.528280
1.525270
1.522260
1.519270
1.516280
1.513300
1.510330
1.507360
1.504410
1.501470
1.498530
1.495600
1.492680
1.489760
1.486850
1.483960
1.481070
1.478190
1.475310
1.472440
1.469590
1.466740
1.463900
1.461060
1.458230
1.455410
1.452600
1.449800
1.447000
1.444210
1.441430
1.438650
1.435890
1.433130
1.430380
1.427640
1.424890
1.422170
1.419450
1.416730
1.414030
1.411320
1.408630
1.405940
1.403270
1.400590
1.397930
1.395270
1.392620
1.389980
1.387340
1.384710
1.382090
1.379470
1.376860
1.374270
1.371670
1.369080
1.366500
1.363930
1.361360
1.358800
1.356240
1.353700
1.351150
1.348620
1.346090
1.343570
1.341060
1.338550
1.336050
1.333560
1.331070
1.328590
1.326110
1.323640
1.321180
1.318720
1.316270
1.313830
1.311390
1.308960
1.306540
1.304120
1.301710
1.299300
1.296900
1.294510
1.292120
1.289740
1.287370
1.285000
1.282630
1.280270
1.277920
1.275580
1.273240
1.270910
1.268580
1.266260
1.263950
1.261640
1.259330
1.257030
1.254730
1.252450
1.250170
1.247890
1.245630
1.243360
1.241110
1.238850
1.236600
1.234370
1.232130
1.229900
1.227680
1.225460
1.223250
1.221040
1.218840
1.216650
1.214450
1.212270
1.210090
1.207920
1.205750
1.203580
1.201430
1.199270
1.197130
1.194990
1.192850
1.190720
1.188590
1.186480
1.184360
1.182250
1.180150
1.178040
1.175950
1.173860
1.171780
1.169700
1.167620
1.165560
1.163490
1.161430
1.159380
1.157330
1.155290
1.153250
1.151210
1.149190
1.147160
1.145140
1.143130
1.141120
1.139120
1.137120
1.135130
1.133140
1.131150
1.129170
1.127200
1.125230
1.123260
1.121300
1.119350
1.117390
1.115440
1.113500
1.111570
1.109640
1.107710
1.105780
1.103870
1.101960
1.100040
1.098140
1.096240
1.094340
1.092460
1.090570
1.088690
1.086810
1.084940
1.083070
1.081200
1.079350
1.077500
1.075640
1.073800
1.071950
1.070120
1.068290
1.066460
1.064630
1.062820
1.061000
1.059190
1.057380
1.055580
1.053780
1.051990
1.050200
1.048410
1.046630
1.044850
1.043080
1.041310
1.039550
1.037790
1.036030
1.034280
1.032540
1.030790
1.029050
1.027320
1.025590
1.023860
1.022140
1.020420
1.018700
1.016990
1.015280
1.013580
1.011880
1.010190
1.008500
1.006820
1.005150
1.003540
1.002890
1.004040
1.007290
1.013310
1.023460
1.040700
1.070380
1.119520
1.195350
1.303670
1.447800
1.628220
1.843080
2.088810
2.360950
2.654890
2.966180
3.290810
3.625150
3.965880
4.309990
4.654840
4.998230
5.338440
5.674160
6.004480
6.328740
6.646510
6.957480
7.261530
7.558560
7.848550
8.131560
8.407670
8.676920
8.939370
9.195220
9.444510
9.687430
9.924040
10.154500
10.378800
10.597200
10.809800
11.016600
11.217800
11.413500
11.603800
11.788700
11.968500
12.143000
12.312600
12.477100
12.636700
12.791600
12.941700
13.087200
13.228100
13.364500
13.496500
13.624100
13.747400
13.866600
13.981500
14.092300
14.199100
14.302000
14.400900
14.496000
14.587300
14.675000
14.759000
14.839300
14.916100
14.989500
15.059500
15.126000
15.189200
15.249200
15.306000
15.359600
15.410000
15.457500
15.502000
15.543400
15.582000
15.617700
15.650600
15.680800
15.708200
15.733000
15.755200
15.774800
15.791900
15.806500
15.818700
15.828500
15.836000
15.841100
15.844100
15.844700
15.843300
15.839700
15.834000
15.826300
15.816700
15.805000
15.791400
15.776000
15.758600
15.739600
15.718700
15.696100
15.671900
15.646000
15.618500
15.589400
15.558800
15.526700
15.493100
15.458000
15.421600
15.383800
15.344800
15.304400
15.262700
15.219800
15.175800
15.130500
15.084200
15.036700
14.988200
14.938600
14.888000
14.836400
14.784000
14.730500
14.676200
14.621100
14.565000
14.508200
14.450600
14.392300
14.333200
14.273500
14.213100
14.152000
14.090200
14.028000
13.965100
13.901700
13.837700
13.773300
13.708300
13.643000
13.577200
13.511000
13.444400
13.377400
13.310100
13.242500
13.174500
13.106300
13.037800
12.969100
12.900200
12.831000
12.761700
12.692200
12.622600
12.552800
12.482900
12.412900
12.342900
12.272800
12.202600
12.132500
12.062200
11.992100
11.921900
11.851800
11.781700
11.711700
11.641700
11.571900
11.502200
11.432500
11.363100
11.293700
11.224500
11.155600
11.086800
11.018100
10.949700
10.881500
10.813500
10.745800
10.678300
10.611100
10.544100
10.477500
10.411100
10.345000
10.279200
10.213700
10.148500
10.083700
10.019200
9.955060
9.891280
9.827800
9.764740
9.702040
9.639700
9.577730
9.516170
9.454970
9.394200
9.333780
9.273850
9.214280
9.155060
9.096330
9.038020
8.980070
8.922600
8.865550
8.808930
8.752720
8.696930
8.641570
8.586690
8.532220
8.478180
8.424560
8.371420
8.318700
8.266400
8.214580
8.163180
8.112210
8.061650
8.011570
7.961920
7.912690
7.863870
7.815480
7.767570
7.720080
7.673010
7.626360
7.580080
7.534270
7.488880
7.443920
7.399370
7.355250
7.311490
7.268140
7.225220
7.182720
7.140580
7.098860
7.057510
7.016570
6.975990
6.935830
6.896040
6.856600
6.817530
6.778880
6.740580
6.702650
6.665020
6.627810
6.590960
6.554410
6.518220
6.482390
6.446930
6.411760
6.376950
6.342510
6.308300
6.274520
6.240980
6.207790
6.174910
6.142330
6.110050
6.078070
6.046450
6.015070
5.983990
5.953200
5.922710
5.892500
5.862560
5.832910
5.803530
5.774420
5.745580
5.717000
5.688690
5.660640
5.632830
5.605290
5.577990
5.550940
5.524140
5.497560
5.471240
5.445150
5.419280
5.393660
5.368250
5.343070
5.318110
5.293380
5.268850
5.244540
5.220450
5.196560
5.172880
5.149400
5.126130
5.103050
5.080160
5.057480
5.034980
5.012680
4.990560
4.968630
4.946870
4.925300
4.903910
4.882700
4.861660
4.840790
4.820090
4.799560
4.779200
4.759000
4.738960
4.719090
4.699370
4.679810
4.660400
4.641150
4.622050
4.603090
4.584290
4.565630
4.547120
4.528750
4.510520
4.492420
4.474470
4.456650
4.438970
4.421420
4.404010
4.386720
4.369560
4.352530
4.335630
4.318840
4.302190
4.285650
4.269240
4.252930
4.236760
4.220690
4.204750
4.188910
4.173190
4.157580
4.142080
4.126690
4.111400
4.096230
4.081150
4.066180
4.051320
4.036560
4.021900
4.007330
3.992870
3.978510
3.964240
3.950070
3.935990
3.922000
3.908110
3.894310
3.880600
3.866980
3.853450
3.840000
3.826650
3.813380
3.800200
3.787100
3.774080
3.761150
3.748300
3.735530
3.722840
3.710230
3.697700
3.685250
3.672870
3.660570
3.648340
3.636190
3.624120
3.612120
3.600190
3.588330
3.576550
3.564830
3.553190
3.541610
3.530110
3.518670
3.507300
3.495990
3.484760
3.473580
3.462470
3.451430
3.440450
3.429530
3.418680
3.407880
3.397150
3.386480
3.375870
3.365320
3.354830
3.344390
3.334020
3.323700
3.313440
3.303240
3.293090
3.283000
3.272960
3.262980
3.253050
3.243180
3.233360
3.223590
3.213880
3.204210
3.194600
3.185030
3.175520
3.166060
3.156650
3.147280
3.137970
3.128710
3.119480
3.110320
3.101190
3.092110
3.083090
3.074100
3.065170
3.056270
3.047420
3.038620
3.029860
3.021140
3.012470
3.003840
2.995250
2.986710
2.978210
2.969750
2.961330
2.952950
2.944610
2.936320
2.928060
2.919850
2.911660
2.903530
2.895430
2.887370
2.879350
2.871360
2.863420
2.855510
2.847630
2.839800
2.832000
2.824230
2.816510
2.808820
2.801160
2.793550
2.785960
2.778410
2.770890
2.763410
2.755960
2.748540
2.741170
2.733820
2.726510
2.719220
2.711970
2.704760
2.697570
2.690410
2.683300
2.676200
2.669150
2.662110
2.655120
2.648150
2.641210
2.634300
2.627430
2.620580
2.613760
2.606970
2.600210
2.593480
2.586780
2.580110
2.573460
2.566840
2.560250
2.553690
2.547150
2.540640
2.534160
2.527710
2.521280
2.514880
2.508510
2.502160
2.495840
2.489540
2.483270
2.477030
2.470810
2.464610
2.458440
2.452300
2.446180
2.440080
2.434010
2.427970
2.421950
2.415950
2.409970
2.404020
2.398090
2.392190
2.386310
2.380450
2.374610
2.368800
2.363010
2.357240
2.351500
2.345770
2.340080
2.334400
2.328740
2.323110
2.317490
2.311900
2.306330
2.300780
2.295250
2.289740
2.284250
2.278790
2.273340
2.267920
2.262510
2.257120
2.251760
2.246420
2.241090
2.235780
2.230500
2.225230
2.219990
2.214760
2.209550
2.204360
2.199190
2.194040
2.188910
2.183790
2.178690
2.173610
2.168560
2.163520
2.158490
2.153490
2.148500
2.143530
2.138580
2.133640
2.128730
2.123830
2.118950
2.114080
2.109230
2.104400
2.099580
2.094790
2.090010
2.085250
2.080500
2.075770
2.071050
2.066350
2.061670
2.057010
2.052360
2.047720
2.043110
2.038500
2.033920
2.029350
2.024790
2.020250
2.015730
2.011220
2.006720
2.002240
1.997780
1.993330
1.988900
1.984480
1.980070
1.975680
1.971310
1.966950
1.962600
1.958270
1.953950
1.949650
1.945360
1.941080
1.936830
1.932580
1.928340
1.924120
1.919920
1.915730
1.911550
1.907380
1.903230
1.899090
1.894970
1.890860
1.886760
1.882670
1.878600
1.874550
1.870500
1.866470
1.862450
1.858440
1.854450
1.850460
1.846490
1.842540
1.838590
1.834660
1.830740
1.826830
1.822940
1.819060
1.815180
1.811330
1.807480
1.803640
1.799820
1.796010
1.792220
1.788430
1.784650
1.780880
1.777130
1.773390
1.769660
1.765950
1.762240
1.758550
1.754860
1.751190
1.747530
1.743870
1.740230
1.736600
1.732990
1.729380
1.725790
1.722200
1.718630
1.715060
1.711510
1.707970
1.704440
1.700920
1.697410
1.693910
1.690420
1.686940
1.683470
1.680010
1.676560
1.673120
1.669700
1.666280
1.662870
1.659480
1.656090
1.652710
1.649340
1.645980
1.642630
1.639300
1.635970
1.632650
1.629340
1.626040
1.622750
1.619470
1.616200
1.612940
1.609680
1.606440
1.603200
1.599980
1.596770
1.593560
1.590360
1.587170
1.584000
1.580820
1.577670
1.574510
1.571370
1.568240
1.565110
1.562000
1.558890
1.555790
1.552700
1.549620
1.546550
1.543490
1.540430
1.537390
1.534340
1.531310
1.528300
1.525280
1.522280
1.519290
1.516300
1.513320
1.510350
1.507380
1.504430
1.501480
1.498550
1.495610
1.492690
1.489780
1.486870
1.483970
1.481080
1.478200
1.475330
1.472460
1.469600
1.466750
1.463910
1.461080
1.458250
1.455430
1.452620
1.449810
1.447020
1.444230
1.441440
1.438670
1.435900
1.433140
1.430390
1.427650
1.424910
1.422180
1.419460
1.416740
1.414040
1.411340
1.408650
1.405960
1.403280
1.400610
1.397950
1.395280
1.392640
1.389990
1.387350
1.384730
1.382110
1.379490
1.376880
1.374280
1.371680
1.369100
1.366510
1.363940
1.361370
1.358810
1.356260
1.353710
1.351170
1.348630
1.346110
1.343580
1.341070
1.338560
1.336060
1.333570
1.331080
1.328600
1.326120
1.323660
1.321190
1.318730
1.316290
1.313840
1.311410
1.308980
1.306550
1.304130
1.301720
1.299320
1.296910
1.294520
1.292130
1.289750
1.287380
1.285010
1.282650
1.280290
1.277930
1.275590
1.273250
1.270920
1.268590
1.266270
1.263950
1.261640
1.259330
1.257040
1.254750
1.252460
1.250180
1.247910
1.245640
1.243370
1.241120
1.238860
1.236620
1.234380
1.232140
1.229910
1.227690
1.225470
1.223260
1.221050
1.218850
1.216660
1.214460
1.212280
1.210100
1.207930
1.205760
1.203600
1.201440
1.199290
1.197140
1.195000
1.192860
1.190730
1.188600
1.186480
1.184370
1.182260
1.180150
1.178050
1.175960
1.173870
1.171790
1.169710
1.167640
1.165570
1.163500
1.161440
1.159390
1.157340
1.155290
1.153260
1.151220
1.149200
1.147170
1.145150
1.143140
1.141130
1.139130
1.137130
1.135130
1.133140
1.131160
1.129180
1.127210
1.125240
1.123270
1.121310
1.119350
1.117400
1.115460
1.113520
1.111580
1.109650
1.107720
1.105800
1.103880
1.101970
1.100060
1.098150
1.096250
1.094360
1.092460
1.090580
1.088700
1.086820
1.084950
1.083080
1.081220
1.079360
1.077500
1.075660
1.073800
1.071960
1.070130
1.068300
1.066470
1.064640
1.062820
1.061010
1.059200
1.057390
1.055590
1.053790
1.051990
1.050210
1.048420
1.046640
1.044870
1.043090
1.041320
1.039560
1.037800
1.036040
1.034290
1.032540
1.030800
1.029060
1.027320
1.025590
1.023870
1.022140
1.020420
1.018710
1.017000
1.015290
1.013590
1.011890
1.010200
1.008510
1.006830
1.005160
1.003550
1.002900
1.004040
1.007290
1.013310
1.023450
1.040690
1.070350
1.119480
1.195290
1.303600
1.447700
1.628110
1.842950
2.088660
2.360790
2.654700
2.965980
3.290600
3.624930
3.965650
4.309750
4.654600
4.997980
5.338180
5.673900
6.004210
6.328440
6.646210
6.957170
7.261230
7.558250
7.848240
8.131260
8.407370
8.676620
8.939070
9.194920
9.444210
9.687070
9.923680
10.154100
10.378400
10.596800
10.809400
11.016300
11.217500
11.413100
11.603400
11.788400
11.968000
12.142600
12.312100
12.476700
12.636300
12.791200
12.941300
13.086800
13.227700
13.364100
13.496100
13.623700
13.747000
13.866100
13.981100
14.091900
14.198700
14.301500
14.400400
14.495500
14.586800
14.674500
14.758500
14.838800
14.915700
14.989000
15.058900
15.125500
15.188700
15.248700
15.305400
15.359100
15.409600
15.457000
15.501400
15.542900
15.581400
15.617100
15.650100
15.680300
15.707700
15.732400
15.754600
15.774300
15.791300
15.806000
15.818200
15.828000
15.835400
15.840600
15.843500
15.844200
15.842700
15.839100
15.833500
15.825800
15.816100
15.804400
15.790800
15.775400
15.758100
15.739000
15.718100
15.695600
15.671300
15.645400
15.617900
15.588800
15.558200
15.526100
15.492500
15.457500
15.421000
15.383300
15.344200
15.303800
15.262100
15.219200
15.175200
15.129900
15.083600
15.036100
14.987600
14.938000
14.887400
14.835900
14.783400
14.730000
14.675600
14.620400
14.564500
14.507700
14.450100
14.391700
14.332700
14.272900
14.212500
14.151400
14.089700
14.027400
13.964500
13.901100
13.837200
13.772700
13.707800
13.642400
13.576600
13.510400
13.443800
13.376800
13.309500
13.241900
13.174000
13.105800
13.037300
12.968600
12.899600
12.830500
12.761100
12.691600
12.622000
12.552200
12.482400
12.412400
12.342400
12.272300
12.202100
12.131900
12.061800
11.991500
11.921400
11.851300
11.781200
11.711200
11.641300
11.571400
11.501700
11.432100
11.362600
11.293300
11.224100
11.155100
11.086300
11.017600
10.949200
10.881100
10.813100
10.745300
10.677900
10.610600
10.543700
10.477000
10.410600
10.344500
10.278700
10.213300
10.148100
10.083300
10.018800
9.954640
9.890860
9.827380
9.764320
9.701620
9.639280
9.577300
9.515750
9.454610
9.393840
9.333420
9.273430
9.213850
9.154700
9.095970
9.037660
8.979710
8.922240
8.865190
8.808570
8.752360
8.696570
8.641270
8.586320
8.531860
8.477820
8.424260
8.371120
8.318400
8.266100
8.214280
8.162820
8.111900
8.061350
8.011270
7.961620
7.912390
7.863570
7.815240
7.767270
7.719780
7.672710
7.626060
7.579840
7.534030
7.488640
7.443680
7.399130
7.354950
7.311250
7.267900
7.224980
7.182480
7.140340
7.098620
7.057260
7.016330
6.975750
6.935590
6.895800
6.856360
6.817350
6.778640
6.740340
6.702410
6.664840
6.627630
6.590720
6.554230
6.518040
6.482210
6.446750
6.411580
6.376770
6.342270
6.308120
6.274280
6.240800
6.207610
6.174730
6.142150
6.109870
6.077890
6.046270
6.014890
5.983810
5.953030
5.922540
5.892330
5.862400
5.832750
5.803370
5.774260
5.745420
5.716850
5.688530
5.660480
5.632680
5.605140
5.577840
5.550790
5.523980
5.497420
5.471100
5.445000
5.419150
5.393510
5.368120
5.342930
5.317980
5.293240
5.268720
5.244410
5.220320
5.196430
5.172750
5.149280
5.126000
5.102920
5.080040
5.057360
5.034860
5.012560
4.990440
4.968510
4.946760
4.925190
4.903800
4.882590
4.861550
4.840680
4.819980
4.799450
4.779090
4.758890
4.738850
4.718980
4.699260
4.679700
4.660300
4.641050
4.621940
4.603000
4.584190
4.565530
4.547020
4.528650
4.510420
4.492330
4.474380
4.456560
4.438880
4.421330
4.403920
4.386630
4.369470
4.352440
4.335540
4.318760
4.302100
4.285560
4.269150
4.252850
4.236670
4.220610
4.204660
4.188830
4.173110
4.157500
4.142000
4.126610
4.111320
4.096150
4.081070
4.066110
4.051250
4.036480
4.021820
4.007260
3.992800
3.978440
3.964160
3.949990
3.935920
3.921930
3.908040
3.894240
3.880530
3.866910
3.853380
3.839940
3.826580
3.813310
3.800130
3.787030
3.774020
3.761090
3.748230
3.735470
3.722780
3.710160
3.697640
3.685180
3.672800
3.660500
3.648280
3.636130
3.624060
3.612060
3.600130
3.588270
3.576490
3.564770
3.553130
3.541560
3.530050
3.518610
3.507240
3.495940
3.484700
3.473530
3.462420
3.451370
3.440390
3.429470
3.418620
3.407830
3.397100
3.386430
3.375820
3.365270
3.354780
3.344340
3.333970
3.323650
3.313390
3.303190
3.293040
3.282950
3.272910
3.262930
3.253000
3.243130
3.233310
3.223540
3.213820
3.204160
3.194550
3.184980
3.175470
3.166010
3.156600
3.147240
3.137920
3.128660
3.119440
3.110270
3.101140
3.092070
3.083040
3.074060
3.065120
3.056230
3.047380
3.038580
3.029810
3.021100
3.012430
3.003800
2.995210
2.986670
2.978170
2.969700
2.961290
2.952910
2.944570
2.936270
2.928020
2.919800
2.911630
2.903490
2.895390
2.887330
2.879300
2.871320
2.863370
2.855460
2.847590
2.839760
2.831960
2.824200
2.816470
2.808780
2.801130
2.793500
2.785920
2.778370
2.770850
2.763380
2.755930
2.748510
2.741130
2.733780
2.726470
2.719190
2.711940
2.704720
2.697530
2.690380
2.683260
2.676170
2.669110
2.662080
2.655090
2.648120
2.641180
2.634270
2.627390
2.620540
2.613730
2.606940
2.600180
2.593440
2.586740
2.580070
2.573430
2.566810
2.560210
2.553660
2.547120
2.540610
2.534130
2.527670
2.521250
2.514850
2.508470
2.502130
2.495810
2.489510
2.483240
2.476990
2.470780
2.464580
2.458410
2.452270
2.446150
2.440050
2.433980
2.427940
2.421920
2.415920
2.409940
2.403990
2.398060
2.392160
2.386280
2.380420
2.374590
2.368770
2.362990
2.357210
2.351470
2.345750
2.340050
2.334370
2.328710
2.323080
2.317470
2.311870
2.306300
2.300750
2.295230
2.289720
2.284230
2.278760
2.273320
2.267890
2.262490
2.257100
2.251740
2.246390
2.241070
2.235760
2.230480
2.225210
2.219960
2.214730
2.209530
2.204330
2.199160
2.194010
2.188880
2.183770
2.178670
2.173590
2.168530
2.163490
2.158470
2.153460
2.148470
2.143500
2.138550
2.133620
2.128700
2.123800
2.118920
2.114050
2.109210
2.104380
2.099560
2.094760
2.089980
2.085220
2.080470
2.075740
2.071030
2.066330
2.061650
2.056980
2.052330
2.047700
2.043080
2.038480
2.033890
2.029320
2.024770
2.020230
2.015700
2.011190
2.006700
2.002220
1.997760
1.993310
1.988870
1.984450
1.980050
1.975660
1.971290
1.966920
1.962580
1.958250
1.953930
1.949630
1.945340
1.941060
1.936800
1.932560
1.928330
1.924110
1.919900
1.915710
1.911530
1.907360
1.903210
1.899070
1.894950
1.890840
1.886740
1.882660
1.878580
1.874520
1.870480
1.866440
1.862430
1.858420
1.854430
1.850440
1.846470
1.842520
1.838580
1.834640
1.830720
1.826820
1.822920
1.819040
1.815170
1.811310
1.807460
1.803620
1.799800
1.795990
1.792190
1.788400
1.784630
1.780870
1.777110
1.773380
1.769640
1.765930
1.762220
1.758530
1.754840
1.751170
1.747510
1.743860
1.740220
1.736590
1.732970
1.729370
1.725770
1.722180
1.718610
1.715050
1.711490
1.707950
1.704420
1.700900
1.697390
1.693890
1.690400
1.686930
1.683460
1.679990
1.676550
1.673110
1.669680
1.666260
1.662860
1.659460
1.656070
1.652690
1.649320
1.645970
1.642620
1.639280
1.635950
1.632630
1.629320
1.626020
1.622730
1.619450
1.616180
1.612920
1.609670
1.606420
1.603190
1.599960
1.596750
1.593540
1.590350
1.587160
1.583980
1.580810
1.577650
1.574500
1.571360
1.568220
1.565100
1.561980
1.558880
1.555770
1.552680
1.549610
1.546540
1.543470
1.540420
1.537370
1.534330
1.531300
1.528280
1.525270
1.522260
1.519270
1.516280
1.513300
1.510330
1.507370
1.504410
1.501470
1.498530
1.495600
1.492680
1.489760
1.486860
1.483960
1.481070
1.478190
1.475310
1.472450
1.469590
1.466740
1.463900
1.461060
1.458230
1.455410
1.452600
1.449800
1.447000
1.444220
1.441430
1.438650
1.435890
1.433130
1.430380
1.427640
1.424900
1.422170
1.419450
1.416730
1.414030
1.411330
1.408630
1.405950
1.403270
1.400600
1.397930
1.395270
1.392620
1.389980
1.387340
1.384710
1.382090
1.379470
1.376870
1.374270
1.371670
1.369080
1.366500
1.363930
1.361360
1.358800
1.356240
1.353700
1.351160
1.348620
1.346100
1.343570
1.341060
1.338550
1.336050
1.333560
1.331070
1.328590
1.326110
1.323640
1.321180
1.318720
1.316270
1.313830
1.311390
1.308960
1.306540
1.304120
1.301710
1.299300
1.296900
1.294510
1.292120
1.289740
1.287370
1.285000
1.282630
1.280280
1.277930
1.275580
1.273230
1.270900
1.268570
1.266250
1.263940
1.261630
1.259330
1.257020
1.254730
1.252450
1.250170
1.247890
1.245630
1.243360
1.241110
1.238850
1.236610
1.234370
1.232130
1.229900
1.227680
1.225460
1.223250
1.221040
1.218840
1.216650
1.214460
1.212270
1.210090
1.207920
1.205750
1.203580
1.201430
1.199270
1.197130
1.194990
1.192850
1.190720
1.188600
1.186480
1.184360
1.182250
1.180150
1.178050
1.175950
1.173860
1.171780
1.169700
1.167620
1.165560
1.163490
1.161430
1.159380
1.157330
1.155290
1.153250
1.151210
1.149190
1.147160
1.145150
1.143130
1.141120
1.139120
1.137120
1.135130
1.133140
1.131150
1.129170
1.127200
1.125230
1.123260
1.121300
1.119350
1.117390
1.115450
1.113510
1.111570
1.109640
1.107710
1.105780
1.103870
1.101960
1.100050
1.098140
1.096240
1.094340
1.092460
1.090570
1.088690
1.086810
1.084940
1.083070
1.081210
1.079350
1.077500
1.075640
1.073800
1.071960
1.070120
1.068290
1.066460
1.064640
1.062820
1.061000
1.059190
1.057380
1.055580
1.053780
1.051990
1.050200
1.048410
1.046630
1.044850
1.043090
1.041310
1.039550
1.037790
1.036030
1.034290
1.032540
1.030790
1.029050
1.027320
1.025590
1.023860
1.022140
1.020420
1.018700
1.016990
1.015280
1.013580
