0.089897
0.089885
0.089873
0.089861
0.089849
0.089838
0.089826
0.089814
0.089803
0.089791
0.089780
0.089769
0.089757
0.089746
0.089735
0.089724
0.089713
0.089702
0.089691
0.089680
0.089669
0.089659
0.089648
0.089637
0.089627
0.089616
0.089606
0.089595
0.089585
0.089575
0.089564
0.089554
0.089544
0.089534
0.089524
0.089514
0.089504
0.089494
0.089484
0.089474
0.089465
0.089455
0.089445
0.089436
0.089426
0.089417
0.089407
0.089398
0.089388
0.089379
0.089370
0.089361
0.089352
0.089342
0.089333
0.089324
0.089315
0.089306
0.089298
0.089289
0.089280
0.089271
0.089263
0.089254
0.089245
0.089237
0.089228
0.089220
0.089211
0.089203
0.089195
0.089187
0.089178
0.089170
0.089162
0.089154
0.089146
0.089138
0.089130
0.089122
0.089114
0.089106
0.089098
0.089090
0.089083
0.089075
0.089067
0.089060
0.089052
0.089044
0.089037
0.089030
0.089022
0.089015
0.089007
0.089000
0.088993
0.088986
0.088978
0.088971
0.088964
0.088959
0.088955
0.088953
0.088955
0.088968
0.089378
0.090207
0.091214
0.092410
0.093801
0.095397
0.097227
0.099358
0.101918
0.105131
0.109406
0.115513
0.124959
0.140541
0.165710
0.199849
0.236515
0.270771
0.301182
0.327545
0.349910
0.368473
0.383587
0.395715
0.405350
0.412959
0.418949
0.423652
0.427339
0.430219
0.432456
0.434178
0.435481
0.436443
0.437123
0.437567
0.437812
0.437886
0.437813
0.437611
0.437296
0.436881
0.436375
0.435788
0.435126
0.434396
0.433603
0.432753
0.431848
0.430894
0.429893
0.428848
0.427762
0.426638
0.425477
0.424283
0.423057
0.421801
0.420517
0.419206
0.417871
0.416512
0.415131
0.413730
0.412310
0.410871
0.409416
0.407945
0.406460
0.404961
0.403450
0.401927
0.400393
0.398850
0.397297
0.395737
0.394169
0.392595
0.391014
0.389429
0.387838
0.386244
0.384646
0.383045
0.381442
0.379837
0.378231
0.376624
0.375017
0.373409
0.371802
0.370195
0.368590
0.366986
0.365384
0.363784
0.362187
0.360592
0.359000
0.357411
0.355826
0.354244
0.352666
0.351092
0.349522
0.347956
0.346395
0.344838
0.343286
0.341739
0.340197
0.338660
0.337127
0.335600
0.334078
0.332561
0.331050
0.329543
0.328042
0.326546
0.325056
0.323570
0.322089
0.320614
0.319143
0.317678
0.316217
0.314761
0.313310
0.311863
0.310420
0.308981
0.307547
0.306116
0.304689
0.303266
0.301845
0.300428
0.299013
0.297601
0.296191
0.294782
0.293376
0.291970
0.290565
0.289161
0.287758
0.286354
0.284950
0.283545
0.282139
0.280733
0.279324
0.277915
0.276504
0.275091
0.273677
0.272262
0.270846
0.269429
0.268012
0.266596
0.265181
0.263767
0.262356
0.260947
0.259542
0.258139
0.256740
0.255342
0.253946
0.252550
0.251153
0.249754
0.248353
0.246951
0.245548
0.244146
0.242745
0.241348
0.239954
0.238568
0.237192
0.235831
0.234490
0.233171
0.231877
0.230607
0.229361
0.228138
0.226937
0.225756
0.224593
0.223448
0.222320
0.221207
0.220110
0.219027
0.217957
0.216901
0.215858
0.214827
0.213808
0.212801
0.211806
0.210822
0.209849
0.208886
0.207935
0.206993
0.206062
0.205141
0.204229
0.203328
0.202435
0.201553
0.200679
0.199814
0.198958
0.198111
0.197272
0.196442
0.195620
0.194807
0.194001
0.193204
0.192414
0.191632
0.190858
0.190091
0.189331
0.188579
0.187834
0.187097
0.186366
0.185642
0.184925
0.184214
0.183511
0.182814
0.182123
0.181439
0.180761
0.180089
0.179423
0.178764
0.178110
0.177463
0.176821
0.176185
0.175554
0.174930
0.174311
0.173697
0.173089
0.172486
0.171889
0.171296
0.170709
0.170127
0.169550
0.168978
0.168412
0.167849
0.167292
0.166740
0.166192
0.165649
0.165111
0.164577
0.164047
0.163523
0.163002
0.162486
0.161974
0.161467
0.160964
0.160464
0.159970
0.159479
0.158992
0.158509
0.158030
0.157555
0.157084
0.156617
0.156154
0.155694
0.155239
0.154786
0.154338
0.153893
0.153452
0.153014
0.152580
0.152149
0.151721
0.151297
0.150877
0.150459
0.150045
0.149635
0.149227
0.148823
0.148422
0.148024
0.147629
0.147237
0.146848
0.146462
0.146079
0.145700
0.145323
0.144949
0.144578
0.144209
0.143844
0.143481
0.143121
0.142764
0.142410
0.142058
0.141709
0.141362
0.141018
0.140677
0.140338
0.140002
0.139669
0.139338
0.139009
0.138683
0.138359
0.138037
0.137718
0.137402
0.137087
0.136775
0.136466
0.136158
0.135853
0.135550
0.135249
0.134951
0.134655
0.134360
0.134068
0.133778
0.133491
0.133205
0.132921
0.132639
0.132360
0.132082
0.131807
0.131533
0.131261
0.130991
0.130724
0.130458
0.130194
0.129931
0.129671
0.129413
0.129156
0.128901
0.128648
0.128397
0.128148
0.127900
0.127654
0.127410
0.127167
0.126926
0.126687
0.126449
0.126213
0.125979
0.125747
0.125516
0.125286
0.125058
0.124832
0.124607
0.124384
0.124163
0.123942
0.123724
0.123507
0.123291
0.123077
0.122864
0.122653
0.122443
0.122235
0.122028
0.121822
0.121618
0.121415
0.121214
0.121014
0.120815
0.120617
0.120421
0.120226
0.120033
0.119841
0.119650
0.119460
0.119272
0.119085
0.118899
0.118714
0.118531
0.118349
0.118168
0.117988
0.117809
0.117632
0.117455
0.117280
0.117106
0.116933
0.116762
0.116591
0.116422
0.116253
0.116086
0.115920
0.115755
0.115591
0.115428
0.115266
0.115105
0.114945
0.114786
0.114629
0.114472
0.114316
0.114162
0.114008
0.113855
0.113703
0.113553
0.113403
0.113254
0.113106
0.112959
0.112813
0.112668
0.112524
0.112380
0.112238
0.112097
0.111956
0.111816
0.111678
0.111540
0.111403
0.111266
0.111131
0.110997
0.110863
0.110730
0.110598
0.110467
0.110337
0.110207
0.110079
0.109951
0.109824
0.109697
0.109572
0.109447
0.109323
0.109200
0.109078
0.108956
0.108835
0.108715
0.108596
0.108477
0.108359
0.108242
0.108125
0.108010
0.107895
0.107780
0.107667
0.107554
0.107441
0.107330
0.107219
0.107109
0.106999
0.106890
0.106782
0.106675
0.106568
0.106461
0.106356
0.106251
0.106147
0.106043
0.105940
0.105837
0.105736
0.105634
0.105534
0.105434
0.105334
0.105236
0.105137
0.105040
0.104943
0.104846
0.104751
0.104655
0.104561
0.104467
0.104373
0.104280
0.104187
0.104096
0.104004
0.103913
0.103823
0.103733
0.103644
0.103556
0.103467
0.103380
0.103293
0.103206
0.103120
0.103035
0.102949
0.102865
0.102781
0.102697
0.102614
0.102532
0.102450
0.102368
0.102287
0.102206
0.102126
0.102046
0.101967
0.101888
0.101810
0.101732
0.101655
0.101578
0.101501
0.101425
0.101350
0.101275
0.101200
0.101125
0.101052
0.100978
0.100905
0.100833
0.100760
0.100689
0.100617
0.100546
0.100476
0.100406
0.100336
0.100267
0.100198
0.100130
0.100061
0.099994
0.099926
0.099860
0.099793
0.099727
0.099661
0.099596
0.099531
0.099466
0.099402
0.099338
0.099274
0.099211
0.099148
0.099086
0.099024
0.098962
0.098901
0.098839
0.098779
0.098718
0.098658
0.098599
0.098539
0.098480
0.098422
0.098364
0.098305
0.098248
0.098191
0.098133
0.098077
0.098020
0.097964
0.097909
0.097853
0.097798
0.097743
0.097689
0.097635
0.097581
0.097527
0.097474
0.097421
0.097368
0.097316
0.097264
0.097212
0.097161
0.097109
0.097059
0.097008
0.096957
0.096907
0.096858
0.096808
0.096759
0.096710
0.096661
0.096613
0.096565
0.096517
0.096469
0.096422
0.096375
0.096328
0.096281
0.096235
0.096189
0.096143
0.096098
0.096052
0.096007
0.095963
0.095918
0.095874
0.095830
0.095786
0.095742
0.095699
0.095656
0.095613
0.095571
0.095528
0.095486
0.095444
0.095403
0.095361
0.095320
0.095279
0.095238
0.095198
0.095158
0.095117
0.095078
0.095038
0.094998
0.094959
0.094920
0.094881
0.094843
0.094805
0.094766
0.094728
0.094691
0.094653
0.094616
0.094579
0.094542
0.094505
0.094469
0.094432
0.094396
0.094360
0.094325
0.094289
0.094254
0.094219
0.094184
0.094149
0.094114
0.094080
0.094046
0.094012
0.093978
0.093944
0.093911
0.093878
0.093845
0.093812
0.093779
0.093746
0.093714
0.093682
0.093650
0.093618
0.093586
0.093555
0.093523
0.093492
0.093461
0.093430
0.093400
0.093369
0.093339
0.093309
0.093279
0.093249
0.093219
0.093190
0.093160
0.093131
0.093102
0.093073
0.093044
0.093016
0.092987
0.092959
0.092931
0.092903
0.092875
0.092847
0.092820
0.092792
0.092765
0.092738
0.092711
0.092684
0.092658
0.092631
0.092605
0.092579
0.092552
0.092526
0.092501
0.092475
0.092450
0.092424
0.092399
0.092374
0.092349
0.092324
0.092299
0.092274
0.092250
0.092226
0.092202
0.092177
0.092153
0.092130
0.092106
0.092082
0.092059
0.092036
0.092012
0.091989
0.091966
0.091944
0.091921
0.091898
0.091876
0.091853
0.091831
0.091809
0.091787
0.091765
0.091744
0.091722
0.091700
0.091679
0.091658
0.091636
0.091615
0.091594
0.091573
0.091553
0.091532
0.091512
0.091491
0.091471
0.091451
0.091431
0.091411
0.091391
0.091371
0.091351
0.091332
0.091312
0.091293
0.091274
0.091254
0.091235
0.091216
0.091198
0.091179
0.091160
0.091142
0.091123
0.091105
0.091087
0.091068
0.091050
0.091032
0.091014
0.090997
0.090979
0.090961
0.090944
0.090926
0.090909
0.090892
0.090875
0.090858
0.090841
0.090824
0.090807
0.090790
0.090774
0.090757
0.090741
0.090724
0.090708
0.090692
0.090676
0.090660
0.090644
0.090628
0.090612
0.090597
0.090581
0.090565
0.090550
0.090535
0.090519
0.090504
0.090489
0.090474
0.090459
0.090444
0.090429
0.090415
0.090400
0.090385
0.090371
0.090356
0.090342
0.090328
0.090314
0.090300
0.090286
0.090272
0.090258
0.090244
0.090230
0.090216
0.090203
0.090189
0.090176
0.090162
0.090149
0.090136
0.090123
0.090109
0.090096
0.090084
0.090071
0.090058
0.090045
0.090032
0.090020
0.090007
0.089995
0.089982
0.089970
0.089957
0.089945
0.089933
0.089921
0.089909
0.089897
0.089885
0.089873
0.089861
0.089849
0.089838
0.089826
0.089814
0.089803
0.089791
0.089780
0.089769
0.089757
0.089746
0.089735
0.089724
0.089713
0.089702
0.089691
0.089680
0.089669
0.089659
0.089648
0.089637
0.089627
0.089616
0.089606
0.089595
0.089585
0.089575
0.089564
0.089554
0.089544
0.089534
0.089524
0.089514
0.089504
0.089494
0.089484
0.089474
0.089465
0.089455
0.089445
0.089436
0.089426
0.089417
0.089407
0.089398
0.089388
0.089379
0.089370
0.089361
0.089352
0.089342
0.089333
0.089324
0.089315
0.089306
0.089298
0.089289
0.089280
0.089271
0.089263
0.089254
0.089245
0.089237
0.089228
0.089220
0.089211
0.089203
0.089195
0.089187
0.089178
0.089170
0.089162
0.089154
0.089146
0.089138
0.089130
0.089122
0.089114
0.089106
0.089098
0.089090
0.089083
0.089075
0.089067
0.089060
0.089052
0.089045
0.089037
0.089030
0.089022
0.089015
0.089007
0.089000
0.088993
0.088986
0.088978
0.088971
0.088964
0.088959
0.088955
0.088953
0.088955
0.088968
0.089378
0.090206
0.091213
0.092410
0.093801
0.095396
0.097226
0.099358
0.101917
0.105130
0.109405
0.115511
0.124956
0.140534
0.165701
0.199838
0.236504
0.270763
0.301176
0.327542
0.349908
0.368471
0.383586
0.395715
0.405351
0.412961
0.418950
0.423654
0.427341
0.430221
0.432459
0.434180
0.435484
0.436446
0.437126
0.437570
0.437814
0.437888
0.437815
0.437614
0.437299
0.436884
0.436378
0.435790
0.435129
0.434399
0.433606
0.432755
0.431851
0.430897
0.429895
0.428851
0.427765
0.426641
0.425480
0.424286
0.423060
0.421804
0.420520
0.419209
0.417874
0.416515
0.415134
0.413733
0.412312
0.410874
0.409419
0.407948
0.406463
0.404964
0.403452
0.401930
0.400396
0.398853
0.397300
0.395740
0.394172
0.392597
0.391017
0.389431
0.387841
0.386246
0.384649
0.383048
0.381445
0.379840
0.378234
0.376627
0.375019
0.373412
0.371804
0.370198
0.368593
0.366989
0.365387
0.363787
0.362189
0.360594
0.359002
0.357413
0.355828
0.354246
0.352668
0.351094
0.349524
0.347958
0.346397
0.344840
0.343288
0.341741
0.340199
0.338662
0.337129
0.335602
0.334080
0.332563
0.331052
0.329545
0.328044
0.326548
0.325057
0.323572
0.322091
0.320616
0.319145
0.317680
0.316219
0.314763
0.313311
0.311864
0.310422
0.308983
0.307549
0.306118
0.304691
0.303267
0.301847
0.300430
0.299015
0.297602
0.296192
0.294784
0.293377
0.291972
0.290567
0.289163
0.287759
0.286356
0.284951
0.283547
0.282141
0.280734
0.279326
0.277916
0.276505
0.275092
0.273678
0.272263
0.270847
0.269430
0.268014
0.266598
0.265182
0.263769
0.262357
0.260949
0.259543
0.258141
0.256741
0.255344
0.253948
0.252551
0.251154
0.249755
0.248354
0.246952
0.245549
0.244147
0.242747
0.241349
0.239955
0.238569
0.237193
0.235832
0.234491
0.233172
0.231878
0.230608
0.229362
0.228139
0.226938
0.225757
0.224594
0.223449
0.222321
0.221208
0.220111
0.219028
0.217958
0.216902
0.215859
0.214828
0.213809
0.212802
0.211807
0.210823
0.209849
0.208887
0.207935
0.206994
0.206063
0.205142
0.204230
0.203329
0.202436
0.201553
0.200679
0.199815
0.198959
0.198112
0.197273
0.196443
0.195621
0.194807
0.194002
0.193204
0.192415
0.191633
0.190858
0.190091
0.189332
0.188580
0.187835
0.187097
0.186366
0.185642
0.184925
0.184215
0.183511
0.182814
0.182124
0.181439
0.180761
0.180089
0.179424
0.178764
0.178111
0.177463
0.176821
0.176185
0.175555
0.174930
0.174311
0.173698
0.173089
0.172487
0.171889
0.171297
0.170710
0.170128
0.169551
0.168979
0.168412
0.167850
0.167293
0.166740
0.166193
0.165649
0.165111
0.164577
0.164048
0.163523
0.163003
0.162486
0.161975
0.161467
0.160964
0.160465
0.159970
0.159479
0.158992
0.158510
0.158031
0.157556
0.157085
0.156618
0.156154
0.155695
0.155239
0.154787
0.154338
0.153893
0.153452
0.153014
0.152580
0.152149
0.151722
0.151298
0.150877
0.150460
0.150046
0.149635
0.149227
0.148823
0.148422
0.148024
0.147629
0.147237
0.146848
0.146463
0.146080
0.145700
0.145323
0.144949
0.144578
0.144210
0.143844
0.143481
0.143122
0.142764
0.142410
0.142058
0.141709
0.141363
0.141019
0.140677
0.140339
0.140003
0.139669
0.139338
0.139009
0.138683
0.138359
0.138038
0.137719
0.137402
0.137088
0.136776
0.136466
0.136159
0.135853
0.135550
0.135250
0.134951
0.134655
0.134361
0.134069
0.133779
0.133491
0.133205
0.132921
0.132640
0.132360
0.132082
0.131807
0.131533
0.131261
0.130992
0.130724
0.130458
0.130194
0.129932
0.129671
0.129413
0.129156
0.128901
0.128648
0.128397
0.128148
0.127900
0.127654
0.127410
0.127167
0.126926
0.126687
0.126450
0.126214
0.125979
0.125747
0.125516
0.125286
0.125059
0.124832
0.124608
0.124384
0.124163
0.123943
0.123724
0.123507
0.123291
0.123077
0.122864
0.122653
0.122443
0.122235
0.122028
0.121822
0.121618
0.121415
0.121214
0.121014
0.120815
0.120618
0.120421
0.120227
0.120033
0.119841
0.119650
0.119460
0.119272
0.119085
0.118899
0.118714
0.118531
0.118349
0.118168
0.117988
0.117809
0.117632
0.117456
0.117280
0.117106
0.116934
0.116762
0.116591
0.116422
0.116253
0.116086
0.115920
0.115755
0.115591
0.115428
0.115266
0.115105
0.114945
0.114787
0.114629
0.114472
0.114316
0.114162
0.114008
0.113855
0.113703
0.113553
0.113403
0.113254
0.113106
0.112959
0.112813
0.112668
0.112524
0.112380
0.112238
0.112097
0.111956
0.111816
0.111678
0.111540
0.111403
0.111266
0.111131
0.110997
0.110863
0.110730
0.110598
0.110467
0.110337
0.110207
0.110079
0.109951
0.109824
0.109698
0.109572
0.109447
0.109323
0.109200
0.109078
0.108956
0.108835
0.108715
0.108596
0.108477
0.108359
0.108242
0.108125
0.108010
0.107895
0.107780
0.107667
0.107554
0.107441
0.107330
0.107219
0.107109
0.106999
0.106890
0.106782
0.106675
0.106568
0.106461
0.106356
0.106251
0.106147
0.106043
0.105940
0.105837
0.105736
0.105634
0.105534
0.105434
0.105334
0.105236
0.105138
0.105040
0.104943
0.104847
0.104751
0.104655
0.104561
0.104467
0.104373
0.104280
0.104188
0.104096
0.104004
0.103913
0.103823
0.103733
0.103644
0.103556
0.103467
0.103380
0.103293
0.103206
0.103120
0.103035
0.102949
0.102865
0.102781
0.102697
0.102614
0.102532
0.102450
0.102368
0.102287
0.102206
0.102126
0.102046
0.101967
0.101888
0.101810
0.101732
0.101655
0.101578
0.101501
0.101425
0.101350
0.101275
0.101200
0.101126
0.101052
0.100978
0.100905
0.100833
0.100760
0.100689
0.100617
0.100547
0.100476
0.100406
0.100336
0.100267
0.100198
0.100130
0.100061
0.099994
0.099927
0.099860
0.099793
0.099727
0.099661
0.099596
0.099531
0.099466
0.099402
0.099338
0.099274
0.099211
0.099148
0.099086
0.099024
0.098962
0.098901
0.098839
0.098779
0.098718
0.098658
0.098599
0.098539
0.098480
0.098422
0.098364
0.098305
0.098248
0.098191
0.098133
0.098077
0.098020
0.097964
0.097909
0.097853
0.097798
0.097743
0.097689
0.097635
0.097581
0.097527
0.097474
0.097421
0.097368
0.097316
0.097264
0.097212
0.097161
0.097109
0.097059
0.097008
0.096957
0.096907
0.096858
0.096808
0.096759
0.096710
0.096661
0.096613
0.096565
0.096517
0.096469
0.096422
0.096375
0.096328
0.096281
0.096235
0.096189
0.096143
0.096098
0.096052
0.096007
0.095963
0.095918
0.095874
0.095830
0.095786
0.095742
0.095699
0.095656
0.095613
0.095571
0.095528
0.095486
0.095444
0.095403
0.095361
0.095320
0.095279
0.095238
0.095198
0.095158
0.095117
0.095078
0.095038
0.094998
0.094959
0.094920
0.094881
0.094843
0.094805
0.094766
0.094728
0.094691
0.094653
0.094616
0.094579
0.094542
0.094505
0.094469
0.094432
0.094396
0.094360
0.094325
0.094289
0.094254
0.094219
0.094184
0.094149
0.094114
0.094080
0.094046
0.094012
0.093978
0.093944
0.093911
0.093878
0.093845
0.093812
0.093779
0.093746
0.093714
0.093682
0.093650
0.093618
0.093586
0.093555
0.093523
0.093492
0.093461
0.093430
0.093400
0.093369
0.093339
0.093309
0.093279
0.093249
0.093219
0.093189
0.093160
0.093131
0.093102
0.093073
0.093044
0.093016
0.092987
0.092959
0.092931
0.092903
0.092875
0.092847
0.092820
0.092792
0.092765
0.092738
0.092711
0.092684
0.092658
0.092631
0.092605
0.092579
0.092552
0.092526
0.092501
0.092475
0.092450
0.092424
0.092399
0.092374
0.092349
0.092324
0.092299
0.092274
0.092250
0.092226
0.092202
0.092177
0.092153
0.092130
0.092106
0.092082
0.092059
0.092036
0.092012
0.091989
0.091966
0.091944
0.091921
0.091898
0.091876
0.091853
0.091831
0.091809
0.091787
0.091765
0.091744
0.091722
0.091700
0.091679
0.091658
0.091636
0.091615
0.091594
0.091573
0.091553
0.091532
0.091512
0.091491
0.091471
0.091451
0.091431
0.091411
0.091391
0.091371
0.091351
0.091332
0.091312
0.091293
0.091274
0.091254
0.091235
0.091216
0.091198
0.091179
0.091160
0.091142
0.091123
0.091105
0.091087
0.091068
0.091050
0.091032
0.091014
0.090997
0.090979
0.090961
0.090944
0.090926
0.090909
0.090892
0.090875
0.090858
0.090841
0.090824
0.090807
0.090790
0.090774
0.090757
0.090741
0.090724
0.090708
0.090692
0.090676
0.090660
0.090644
0.090628
0.090612
0.090597
0.090581
0.090565
0.090550
0.090535
0.090519
0.090504
0.090489
0.090474
0.090459
0.090444
0.090429
0.090415
0.090400
0.090385
0.090371
0.090356
0.090342
0.090328
0.090314
0.090300
0.090286
0.090272
0.090258
0.090244
0.090230
0.090216
0.090203
0.090189
0.090176
0.090162
0.090149
0.090136
0.090123
0.090109
0.090096
0.090084
0.090071
0.090058
0.090045
0.090032
0.090020
0.090007
0.089995
0.089982
0.089970
0.089957
0.089945
0.089933
0.089921
0.089909
0.089897
0.089885
0.089873
0.089861
0.089849
0.089838
0.089826
0.089814
0.089803
0.089791
0.089780
0.089769
0.089757
0.089746
0.089735
0.089724
0.089713
0.089702
0.089691
0.089680
0.089669
0.089659
0.089648
0.089637
0.089627
0.089616
0.089606
0.089595
0.089585
0.089575
0.089564
0.089554
0.089544
0.089534
0.089524
0.089514
0.089504
0.089494
0.089484
0.089474
0.089465
0.089455
0.089445
0.089436
0.089426
0.089417
0.089407
0.089398
0.089388
0.089379
0.089370
0.089361
0.089352
0.089342
0.089333
0.089324
0.089315
0.089306
0.089298
0.089289
0.089280
0.089271
0.089263
0.089254
0.089245
0.089237
0.089228
0.089220
0.089211
0.089203
0.089195
0.089187
0.089178
0.089170
0.089162
0.089154
0.089146
0.089138
0.089130
0.089122
0.089114
0.089106
0.089098
0.089090
0.089083
0.089075
0.089067
0.089060
0.089052
0.089044
0.089037
0.089030
0.089022
0.089015
0.089007
0.089000
0.088993
0.088986
0.088978
0.088971
0.088964
0.088959
0.088955
0.088953
0.088955
0.088968
0.089378
0.090206
0.091213
0.092410
0.093801
0.095396
0.097226
0.099358
0.101917
0.105130
0.109405
0.115511
0.124956
0.140535
0.165700
0.199838
0.236503
0.270760
0.301172
0.327537
0.349904
0.368467
0.383582
0.395711
0.405347
0.412957
0.418947
0.423651
0.427338
0.430218
0.432456
0.434177
0.435481
0.436443
0.437123
0.437567
0.437812
0.437886
0.437813
0.437611
0.437297
0.436881
0.436376
0.435788
0.435126
0.434396
0.433604
0.432753
0.431849
0.430894
0.429893
0.428848
0.427762
0.426638
0.425478
0.424284
0.423058
0.421802
0.420517
0.419207
0.417871
0.416512
0.415132
0.413731
0.412310
0.410872
0.409417
0.407946
0.406460
0.404962
0.403450
0.401927
0.400394
0.398850
0.397298
0.395738
0.394170
0.392595
0.391015
0.389429
0.387839
0.386244
0.384647
0.383046
0.381443
0.379838
0.378232
0.376625
0.375017
0.373410
0.371802
0.370196
0.368591
0.366987
0.365385
0.363785
0.362187
0.360592
0.359000
0.357412
0.355826
0.354244
0.352666
0.351092
0.349522
0.347957
0.346395
0.344839
0.343287
0.341740
0.340197
0.338660
0.337128
0.335601
0.334079
0.332562
0.331050
0.329544
0.328043
0.326547
0.325056
0.323570
0.322090
0.320614
0.319144
0.317678
0.316218
0.314762
0.313310
0.311863
0.310420
0.308982
0.307548
0.306117
0.304690
0.303266
0.301846
0.300428
0.299014
0.297601
0.296191
0.294783
0.293376
0.291971
0.290566
0.289162
0.287758
0.286354
0.284950
0.283546
0.282140
0.280733
0.279325
0.277915
0.276504
0.275092
0.273678
0.272262
0.270846
0.269430
0.268013
0.266597
0.265181
0.263768
0.262356
0.260948
0.259542
0.258140
0.256740
0.255343
0.253947
0.252551
0.251153
0.249754
0.248353
0.246951
0.245549
0.244147
0.242746
0.241348
0.239955
0.238568
0.237192
0.235832
0.234490
0.233171
0.231877
0.230607
0.229362
0.228139
0.226937
0.225756
0.224594
0.223449
0.222320
0.221208
0.220110
0.219027
0.217958
0.216901
0.215858
0.214827
0.213808
0.212802
0.211806
0.210822
0.209849
0.208887
0.207935
0.206994
0.206062
0.205141
0.204230
0.203328
0.202436
0.201553
0.200679
0.199814
0.198958
0.198111
0.197273
0.196442
0.195621
0.194807
0.194002
0.193204
0.192414
0.191632
0.190858
0.190091
0.189332
0.188580
0.187835
0.187097
0.186366
0.185642
0.184925
0.184215
0.183511
0.182814
0.182123
0.181439
0.180761
0.180089
0.179424
0.178764
0.178110
0.177463
0.176821
0.176185
0.175555
0.174930
0.174311
0.173697
0.173089
0.172486
0.171889
0.171297
0.170709
0.170127
0.169551
0.168979
0.168412
0.167850
0.167292
0.166740
0.166192
0.165649
0.165111
0.164577
0.164048
0.163523
0.163002
0.162486
0.161974
0.161467
0.160964
0.160465
0.159970
0.159479
0.158992
0.158509
0.158031
0.157556
0.157085
0.156618
0.156154
0.155695
0.155239
0.154787
0.154338
0.153893
0.153452
0.153014
0.152580
0.152149
0.151721
0.151297
0.150877
0.150460
0.150045
0.149635
0.149227
0.148823
0.148422
0.148024
0.147629
0.147237
0.146848
0.146462
0.146080
0.145700
0.145323
0.144949
0.144578
0.144209
0.143844
0.143481
0.143121
0.142764
0.142410
0.142058
0.141709
0.141362
0.141019
0.140677
0.140339
0.140002
0.139669
0.139338
0.139009
0.138683
0.138359
0.138038
0.137719
0.137402
0.137088
0.136776
0.136466
0.136158
0.135853
0.135550
0.135250
0.134951
0.134655
0.134360
0.134068
0.133778
0.133491
0.133205
0.132921
0.132640
0.132360
0.132082
0.131807
0.131533
0.131261
0.130992
0.130724
0.130458
0.130194
0.129932
0.129671
0.129413
0.129156
0.128901
0.128648
0.128397
0.128148
0.127900
0.127654
0.127410
0.127167
0.126926
0.126687
0.126449
0.126214
0.125979
0.125747
0.125516
0.125286
0.125058
0.124832
0.124607
0.124384
0.124163
0.123943
0.123724
0.123507
0.123291
0.123077
0.122864
0.122653
0.122443
0.122235
0.122028
0.121822
0.121618
0.121415
0.121214
0.121014
0.120815
0.120617
0.120421
0.120227
0.120033
0.119841
0.119650
0.119460
0.119272
0.119085
0.118899
0.118714
0.118531
0.118349
0.118168
0.117988
0.117809
0.117632
0.117455
0.117280
0.117106
0.116934
0.116762
0.116591
0.116422
0.116253
0.116086
0.115920
0.115755
0.115591
0.115428
0.115266
0.115105
0.114945
0.114787
0.114629
0.114472
0.114316
0.114162
0.114008
0.113855
0.113703
0.113553
0.113403
0.113254
0.113106
0.112959
0.112813
0.112668
0.112524
0.112380
0.112238
0.112097
0.111956
0.111816
0.111678
0.111540
0.111403
0.111266
0.111131
0.110997
0.110863
0.110730
0.110598
0.110467
0.110337
0.110207
0.110079
0.109951
0.109824
0.109697
0.109572
0.109447
0.109323
0.109200
0.109078
0.108956
0.108835
0.108715
0.108596
0.108477
0.108359
0.108242
0.108125
0.108010
0.107895
0.107780
0.107667
0.107554
0.107441
0.107330
0.107219
0.107109
0.106999
0.106890
0.106782
0.106675
0.106568
0.106461
0.106356
0.106251
0.106147
0.106043
0.105940
0.105837
0.105736
0.105634
0.105534
0.105434
0.105334
0.105236
0.105138
0.105040
0.104943
0.104846
0.104751
0.104655
0.104561
0.104467
0.104373
0.104280
0.104188
0.104096
0.104004
0.103913
0.103823
0.103733
0.103644
0.103556
0.103467
0.103380
0.103293
0.103206
0.103120
0.103035
0.102949
0.102865
0.102781
0.102697
0.102614
0.102532
0.102450
0.102368
0.102287
0.102206
0.102126
0.102046
0.101967
0.101888
0.101810
0.101732
0.101655
0.101578
0.101501
0.101425
0.101350
0.101275
0.101200
0.101126
0.101052
0.100978
0.100905
0.100833
0.100760
0.100689
0.100617
0.100547
0.100476
0.100406
0.100336
0.100267
0.100198
0.100130
0.100061
0.099994
0.099927
0.099860
0.099793
0.099727
0.099661
0.099596
0.099531
0.099466
0.099402
0.099338
0.099274
0.099211
0.099148
0.099086
0.099024
0.098962
0.098901
0.098839
0.098779
0.098718
0.098658
0.098599
0.098539
0.098480
0.098422
0.098364
0.098305
0.098248
0.098191
0.098133
0.098077
0.098020
0.097964
0.097909
0.097853
0.097798
0.097743
0.097689
0.097635
0.097581
0.097527
0.097474
0.097421
0.097368
0.097316
0.097264
0.097212
0.097161
0.097109
0.097059
0.097008
0.096957
0.096907
0.096858
0.096808
0.096759
0.096710
0.096661
0.096613
0.096565
0.096517
0.096469
0.096422
0.096375
0.096328
0.096282
0.096235
0.096189
0.096143
0.096098
0.096052
0.096007
0.095963
0.095918
0.095874
0.095830
0.095786
0.095742
0.095699
0.095656
0.095613
0.095571
0.095528
0.095486
0.095444
0.095403
0.095361
0.095320
0.095279
0.095238
0.095198
0.095158
0.095117
0.095078
0.095038
0.094998
0.094959
0.094920
0.094881
0.094843
0.094805
0.094767
0.094728
0.094691
0.094653
0.094616
0.094579
0.094542
0.094505
0.094469
0.094432
0.094396
0.094360
0.094325
0.094289
0.094254
0.094219
0.094184
0.094149
0.094114
0.094080
0.094046
0.094012
0.093978
0.093944
0.093911
0.093878
0.093845
0.093812
0.093779
0.093746
0.093714
0.093682
0.093650
0.093618
0.093586
0.093555
0.093523
0.093492
0.093461
0.093430
0.093400
0.093369
0.093339
0.093309
0.093279
0.093249
0.093219
0.093190
0.093160
0.093131
0.093102
0.093073
0.093044
0.093016
0.092987
0.092959
0.092931
0.092903
0.092875
0.092847
0.092820
0.092792
0.092765
0.092738
0.092711
0.092684
0.092658
0.092631
0.092605
0.092579
0.092552
0.092526
0.092501
0.092475
0.092450
0.092424
0.092399
0.092374
0.092349
0.092324
0.092299
0.092274
0.092250
0.092226
0.092202
0.092177
0.092153
0.092130
0.092106
0.092082
0.092059
0.092036
0.092012
0.091989
0.091966
0.091944
0.091921
0.091898
0.091876
0.091853
0.091831
0.091809
0.091787
0.091765
0.091744
0.091722
0.091700
0.091679
0.091658
0.091636
0.091615
0.091594
0.091573
0.091553
0.091532
0.091512
0.091491
0.091471
0.091451
0.091431
0.091411
0.091391
0.091371
0.091351
0.091332
0.091312
0.091293
0.091274
0.091255
0.091235
0.091216
0.091198
0.091179
0.091160
0.091142
0.091123
0.091105
0.091087
0.091068
0.091050
0.091032
0.091014
0.090997
0.090979
0.090961
0.090944
0.090926
0.090909
0.090892
0.090875
0.090858
0.090841
0.090824
0.090807
0.090790
0.090774
0.090757
0.090741
0.090724
0.090708
0.090692
0.090676
0.090660
0.090644
0.090628
0.090612
0.090597
0.090581
0.090565
0.090550
0.090535
0.090519
0.090504
0.090489
0.090474
0.090459
0.090444
0.090429
0.090415
0.090400
0.090385
0.090371
0.090356
0.090342
0.090328
0.090314
0.090300
0.090286
0.090272
0.090258
0.090244
0.090230
0.090216
0.090203
0.090189
0.090176
0.090162
0.090149
0.090136
0.090123
0.090109
0.090096
0.090084
0.090071
0.090058
0.090045
0.090032
0.090020
0.090007
0.089995
0.089982
0.089970
0.089957
0.089945
0.089933
0.089921
0.089909
0.089897
