10.412100
10.412000
10.412000
10.412000
10.412000
10.411900
10.411900
10.411900
10.411800
10.411800
10.411800
10.411700
10.411700
10.411700
10.411700
10.411600
10.411600
10.411600
10.411500
10.411500
10.411500
10.411500
10.411400
10.411400
10.411400
10.411300
10.411300
10.411300
10.411200
10.411200
10.411200
10.411200
10.411100
10.411100
10.411100
10.411000
10.411000
10.411000
10.410900
10.410900
10.410900
10.410900
10.410800
10.410800
10.410800
10.410700
10.410700
10.410700
10.410600
10.410600
10.410600
10.410600
10.410500
10.410500
10.410500
10.410400
10.410400
10.410400
10.410300
10.410300
10.410300
10.410300
10.410200
10.410200
10.410200
10.410100
10.410100
10.410100
10.410000
10.410000
10.410000
10.410000
10.409900
10.409900
10.409900
10.409800
10.409800
10.409800
10.409700
10.409700
10.409700
10.409700
10.409600
10.409600
10.409600
10.409500
10.409500
10.409500
10.409500
10.409400
10.409400
10.409400
10.409300
10.409300
10.409300
10.409200
10.409200
10.409200
10.409200
10.409100
10.409100
10.409100
10.409000
10.409000
10.408900
10.409000
10.413500
10.414800
10.414900
10.414900
10.414700
10.414600
10.414400
10.414300
10.414100
10.413900
10.413800
10.413600
10.413500
10.413400
10.413300
10.413300
10.413400
10.413500
10.413600
10.413800
10.413900
10.414100
10.414300
10.414500
10.414700
10.414900
10.415100
10.415300
10.415500
10.415700
10.415900
10.416000
10.416200
10.416400
10.416600
10.416800
10.416900
10.417100
10.417300
10.417400
10.417600
10.417700
10.417900
10.418000
10.418100
10.418300
10.418400
10.418500
10.418700
10.418800
10.418900
10.419000
10.419100
10.419200
10.419400
10.419500
10.419600
10.419700
10.419700
10.419800
10.419900
10.420000
10.420100
10.420200
10.420300
10.420300
10.420400
10.420500
10.420500
10.420600
10.420700
10.420700
10.420800
10.420800
10.420900
10.420900
10.421000
10.421000
10.421100
10.421100
10.421200
10.421200
10.421300
10.421300
10.421300
10.421400
10.421400
10.421400
10.421500
10.421500
10.421500
10.421500
10.421600
10.421600
10.421600
10.421600
10.421600
10.421700
10.421700
10.421700
10.421700
10.421700
10.421700
10.421700
10.421800
10.421800
10.421800
10.421800
10.421800
10.421800
10.421800
10.421800
10.421800
10.421800
10.421800
10.421800
10.421800
10.421800
10.421800
10.421800
10.421800
10.421800
10.421900
10.421900
10.421900
10.421900
10.421900
10.421900
10.421900
10.421900
10.421900
10.421900
10.421900
10.421900
10.421900
10.421900
10.421900
10.421900
10.421900
10.421900
10.421900
10.421900
10.421900
10.421900
10.421900
10.421900
10.421900
10.421900
10.421900
10.422000
10.422000
10.422000
10.422000
10.422000
10.422000
10.422000
10.422000
10.422100
10.422100
10.422100
10.422100
10.422100
10.422200
10.422200
10.422200
10.422200
10.422300
10.422300
10.422300
10.422400
10.422400
10.422500
10.422500
10.422600
10.422600
10.422700
10.422800
10.422800
10.422900
10.423000
10.423100
10.423200
10.423300
10.423400
10.423500
10.423600
10.423700
10.423800
10.423900
10.424000
10.424100
10.424200
10.424300
10.424400
10.424500
10.424600
10.424700
10.424800
10.424800
10.424900
10.425000
10.425100
10.425100
10.425200
10.425300
10.425300
10.425400
10.425500
10.425500
10.425600
10.425600
10.425700
10.425800
10.425800
10.425900
10.425900
10.426000
10.426000
10.426000
10.426100
10.426100
10.426200
10.426200
10.426200
10.426300
10.426300
10.426400
10.426400
10.426400
10.426500
10.426500
10.426500
10.426500
10.426600
10.426600
10.426600
10.426600
10.426700
10.426700
10.426700
10.426700
10.426800
10.426800
10.426800
10.426800
10.426800
10.426900
10.426900
10.426900
10.426900
10.426900
10.426900
10.426900
10.427000
10.427000
10.427000
10.427000
10.427000
10.427000
10.427000
10.427000
10.427000
10.427000
10.427100
10.427100
10.427100
10.427100
10.427100
10.427100
10.427100
10.427100
10.427100
10.427100
10.427100
10.427100
10.427100
10.427100
10.427100
10.427100
10.427100
10.427100
10.427100
10.427100
10.427100
10.427100
10.427100
10.427100
10.427100
10.427100
10.427100
10.427100
10.427100
10.427100
10.427100
10.427100
10.427100
10.427100
10.427100
10.427100
10.427100
10.427000
10.427000
10.427000
10.427000
10.427000
10.427000
10.427000
10.427000
10.427000
10.427000
10.427000
10.427000
10.427000
10.426900
10.426900
10.426900
10.426900
10.426900
10.426900
10.426900
10.426900
10.426900
10.426900
10.426800
10.426800
10.426800
10.426800
10.426800
10.426800
10.426800
10.426800
10.426700
10.426700
10.426700
10.426700
10.426700
10.426700
10.426700
10.426700
10.426600
10.426600
10.426600
10.426600
10.426600
10.426600
10.426600
10.426500
10.426500
10.426500
10.426500
10.426500
10.426500
10.426500
10.426400
10.426400
10.426400
10.426400
10.426400
10.426400
10.426300
10.426300
10.426300
10.426300
10.426300
10.426300
10.426200
10.426200
10.426200
10.426200
10.426200
10.426100
10.426100
10.426100
10.426100
10.426100
10.426100
10.426000
10.426000
10.426000
10.426000
10.426000
10.425900
10.425900
10.425900
10.425900
10.425900
10.425900
10.425800
10.425800
10.425800
10.425800
10.425800
10.425700
10.425700
10.425700
10.425700
10.425700
10.425600
10.425600
10.425600
10.425600
10.425600
10.425500
10.425500
10.425500
10.425500
10.425500
10.425400
10.425400
10.425400
10.425400
10.425300
10.425300
10.425300
10.425300
10.425300
10.425200
10.425200
10.425200
10.425200
10.425200
10.425100
10.425100
10.425100
10.425100
10.425000
10.425000
10.425000
10.425000
10.425000
10.424900
10.424900
10.424900
10.424900
10.424800
10.424800
10.424800
10.424800
10.424800
10.424700
10.424700
10.424700
10.424700
10.424600
10.424600
10.424600
10.424600
10.424500
10.424500
10.424500
10.424500
10.424500
10.424400
10.424400
10.424400
10.424400
10.424300
10.424300
10.424300
10.424300
10.424200
10.424200
10.424200
10.424200
10.424100
10.424100
10.424100
10.424100
10.424000
10.424000
10.424000
10.424000
10.423900
10.423900
10.423900
10.423900
10.423900
10.423800
10.423800
10.423800
10.423800
10.423700
10.423700
10.423700
10.423700
10.423600
10.423600
10.423600
10.423600
10.423500
10.423500
10.423500
10.423500
10.423400
10.423400
10.423400
10.423400
10.423300
10.423300
10.423300
10.423300
10.423200
10.423200
10.423200
10.423100
10.423100
10.423100
10.423100
10.423000
10.423000
10.423000
10.423000
10.422900
10.422900
10.422900
10.422900
10.422800
10.422800
10.422800
10.422800
10.422700
10.422700
10.422700
10.422700
10.422600
10.422600
10.422600
10.422600
10.422500
10.422500
10.422500
10.422500
10.422400
10.422400
10.422400
10.422300
10.422300
10.422300
10.422300
10.422200
10.422200
10.422200
10.422200
10.422100
10.422100
10.422100
10.422100
10.422000
10.422000
10.422000
10.421900
10.421900
10.421900
10.421900
10.421800
10.421800
10.421800
10.421800
10.421700
10.421700
10.421700
10.421700
10.421600
10.421600
10.421600
10.421500
10.421500
10.421500
10.421500
10.421400
10.421400
10.421400
10.421400
10.421300
10.421300
10.421300
10.421200
10.421200
10.421200
10.421200
10.421100
10.421100
10.421100
10.421100
10.421000
10.421000
10.421000
10.420900
10.420900
10.420900
10.420900
10.420800
10.420800
10.420800
10.420800
10.420700
10.420700
10.420700
10.420600
10.420600
10.420600
10.420600
10.420500
10.420500
10.420500
10.420500
10.420400
10.420400
10.420400
10.420300
10.420300
10.420300
10.420300
10.420200
10.420200
10.420200
10.420100
10.420100
10.420100
10.420100
10.420000
10.420000
10.420000
10.420000
10.419900
10.419900
10.419900
10.419800
10.419800
10.419800
10.419800
10.419700
10.419700
10.419700
10.419600
10.419600
10.419600
10.419600
10.419500
10.419500
10.419500
10.419400
10.419400
10.419400
10.419400
10.419300
10.419300
10.419300
10.419200
10.419200
10.419200
10.419200
10.419100
10.419100
10.419100
10.419000
10.419000
10.419000
10.419000
10.418900
10.418900
10.418900
10.418900
10.418800
10.418800
10.418800
10.418700
10.418700
10.418700
10.418700
10.418600
10.418600
10.418600
10.418500
10.418500
10.418500
10.418500
10.418400
10.418400
10.418400
10.418300
10.418300
10.418300
10.418300
10.418200
10.418200
10.418200
10.418100
10.418100
10.418100
10.418100
10.418000
10.418000
10.418000
10.417900
10.417900
10.417900
10.417900
10.417800
10.417800
10.417800
10.417700
10.417700
10.417700
10.417600
10.417600
10.417600
10.417600
10.417500
10.417500
10.417500
10.417400
10.417400
10.417400
10.417400
10.417300
10.417300
10.417300
10.417200
10.417200
10.417200
10.417200
10.417100
10.417100
10.417100
10.417000
10.417000
10.417000
10.417000
10.416900
10.416900
10.416900
10.416800
10.416800
10.416800
10.416800
10.416700
10.416700
10.416700
10.416600
10.416600
10.416600
10.416600
10.416500
10.416500
10.416500
10.416400
10.416400
10.416400
10.416300
10.416300
10.416300
10.416300
10.416200
10.416200
10.416200
10.416100
10.416100
10.416100
10.416100
10.416000
10.416000
10.416000
10.415900
10.415900
10.415900
10.415900
10.415800
10.415800
10.415800
10.415700
10.415700
10.415700
10.415600
10.415600
10.415600
10.415600
10.415500
10.415500
10.415500
10.415400
10.415400
10.415400
10.415400
10.415300
10.415300
10.415300
10.415200
10.415200
10.415200
10.415100
10.415100
10.415100
10.415100
10.415000
10.415000
10.415000
10.414900
10.414900
10.414900
10.414900
10.414800
10.414800
10.414800
10.414700
10.414700
10.414700
10.414600
10.414600
10.414600
10.414600
10.414500
10.414500
10.414500
10.414400
10.414400
10.414400
10.414400
10.414300
10.414300
10.414300
10.414200
10.414200
10.414200
10.414100
10.414100
10.414100
10.414100
10.414000
10.414000
10.414000
10.413900
10.413900
10.413900
10.413900
10.413800
10.413800
10.413800
10.413700
10.413700
10.413700
10.413600
10.413600
10.413600
10.413600
10.413500
10.413500
10.413500
10.413400
10.413400
10.413400
10.413400
10.413300
10.413300
10.413300
10.413200
10.413200
10.413200
10.413100
10.413100
10.413100
10.413100
10.413000
10.413000
10.413000
10.412900
10.412900
10.412900
10.412800
10.412800
10.412800
10.412800
10.412700
10.412700
10.412700
10.412600
10.412600
10.412600
10.412500
10.412500
10.412500
10.412500
10.412400
10.412400
10.412400
10.412300
10.412300
10.412300
10.412300
10.412200
10.412200
10.412200
10.412100
10.412100
10.412100
10.412000
10.412000
10.412000
10.412000
10.411900
10.411900
10.411900
10.411800
10.411800
10.411800
10.411700
10.411700
10.411700
10.411700
10.411600
10.411600
10.411600
10.411500
10.411500
10.411500
10.411400
10.411400
10.411400
10.411400
10.411300
10.411300
10.411300
10.411200
10.411200
10.411200
10.411200
10.411100
10.411100
10.411100
10.411000
10.411000
10.411000
10.410900
10.410900
10.410900
10.410900
10.410800
10.410800
10.410800
10.410700
10.410700
10.410700
10.410600
10.410600
10.410600
10.410600
10.410500
10.410500
10.410500
10.410400
10.410400
10.410400
10.410300
10.410300
10.410300
10.410300
10.410200
10.410200
10.410200
10.410100
10.410100
10.410100
10.410000
10.410000
10.410000
10.410000
10.409900
10.409900
10.409900
10.409800
10.409800
10.409800
10.409700
10.409700
10.409700
10.409700
10.409600
10.409600
10.409600
10.409500
10.409500
10.409500
10.409400
10.409400
10.409400
10.409400
10.409300
10.409300
10.409300
10.409200
10.409200
10.409200
10.409200
10.409100
10.409100
10.409100
10.409000
10.409000
10.408900
10.409000
10.413500
10.414800
10.414900
10.414900
10.414700
10.414600
10.414400
10.414300
10.414100
10.413900
10.413800
10.413600
10.413500
10.413400
10.413300
10.413300
10.413400
10.413500
10.413600
10.413800
10.413900
10.414100
10.414300
10.414500
10.414700
10.414900
10.415100
10.415300
10.415500
10.415700
10.415900
10.416000
10.416200
10.416400
10.416600
10.416800
10.416900
10.417100
10.417300
10.417400
10.417600
10.417700
10.417900
10.418000
10.418100
10.418300
10.418400
10.418500
10.418700
10.418800
10.418900
10.419000
10.419100
10.419200
10.419400
10.419500
10.419600
10.419700
10.419700
10.419800
10.419900
10.420000
10.420100
10.420200
10.420300
10.420300
10.420400
10.420500
10.420500
10.420600
10.420700
10.420700
10.420800
10.420800
10.420900
10.420900
10.421000
10.421000
10.421100
10.421100
10.421200
10.421200
10.421300
10.421300
10.421300
10.421400
10.421400
10.421400
10.421500
10.421500
10.421500
10.421500
10.421600
10.421600
10.421600
10.421600
10.421600
10.421700
10.421700
10.421700
10.421700
10.421700
10.421700
10.421700
10.421800
10.421800
10.421800
10.421800
10.421800
10.421800
10.421800
10.421800
10.421800
10.421800
10.421800
10.421800
10.421800
10.421800
10.421800
10.421800
10.421800
10.421800
10.421900
10.421900
10.421900
10.421900
10.421900
10.421900
10.421900
10.421900
10.421900
10.421900
10.421900
10.421900
10.421900
10.421900
10.421900
10.421900
10.421900
10.421900
10.421900
10.421900
10.421900
10.421900
10.421900
10.421900
10.421900
10.421900
10.421900
10.422000
10.422000
10.422000
10.422000
10.422000
10.422000
10.422000
10.422000
10.422100
10.422100
10.422100
10.422100
10.422100
10.422200
10.422200
10.422200
10.422200
10.422300
10.422300
10.422300
10.422400
10.422400
10.422500
10.422500
10.422600
10.422600
10.422700
10.422800
10.422800
10.422900
10.423000
10.423100
10.423200
10.423300
10.423400
10.423500
10.423600
10.423700
10.423800
10.423900
10.424000
10.424100
10.424200
10.424300
10.424400
10.424500
10.424600
10.424700
10.424800
10.424800
10.424900
10.425000
10.425100
10.425100
10.425200
10.425300
10.425300
10.425400
10.425500
10.425500
10.425600
10.425600
10.425700
10.425800
10.425800
10.425900
10.425900
10.426000
10.426000
10.426000
10.426100
10.426100
10.426200
10.426200
10.426200
10.426300
10.426300
10.426400
10.426400
10.426400
10.426500
10.426500
10.426500
10.426500
10.426600
10.426600
10.426600
10.426600
10.426700
10.426700
10.426700
10.426700
10.426800
10.426800
10.426800
10.426800
10.426800
10.426900
10.426900
10.426900
10.426900
10.426900
10.426900
10.426900
10.427000
10.427000
10.427000
10.427000
10.427000
10.427000
10.427000
10.427000
10.427000
10.427000
10.427100
10.427100
10.427100
10.427100
10.427100
10.427100
10.427100
10.427100
10.427100
10.427100
10.427100
10.427100
10.427100
10.427100
10.427100
10.427100
10.427100
10.427100
10.427100
10.427100
10.427100
10.427100
10.427100
10.427100
10.427100
10.427100
10.427100
10.427100
10.427100
10.427100
10.427100
10.427100
10.427100
10.427100
10.427100
10.427100
10.427100
10.427000
10.427000
10.427000
10.427000
10.427000
10.427000
10.427000
10.427000
10.427000
10.427000
10.427000
10.427000
10.427000
10.426900
10.426900
10.426900
10.426900
10.426900
10.426900
10.426900
10.426900
10.426900
10.426900
10.426800
10.426800
10.426800
10.426800
10.426800
10.426800
10.426800
10.426800
10.426700
10.426700
10.426700
10.426700
10.426700
10.426700
10.426700
10.426700
10.426600
10.426600
10.426600
10.426600
10.426600
10.426600
10.426600
10.426500
10.426500
10.426500
10.426500
10.426500
10.426500
10.426500
10.426400
10.426400
10.426400
10.426400
10.426400
10.426400
10.426300
10.426300
10.426300
10.426300
10.426300
10.426300
10.426200
10.426200
10.426200
10.426200
10.426200
10.426100
10.426100
10.426100
10.426100
10.426100
10.426100
10.426000
10.426000
10.426000
10.426000
10.426000
10.425900
10.425900
10.425900
10.425900
10.425900
10.425900
10.425800
10.425800
10.425800
10.425800
10.425800
10.425700
10.425700
10.425700
10.425700
10.425700
10.425600
10.425600
10.425600
10.425600
10.425600
10.425500
10.425500
10.425500
10.425500
10.425500
10.425400
10.425400
10.425400
10.425400
10.425300
10.425300
10.425300
10.425300
10.425300
10.425200
10.425200
10.425200
10.425200
10.425200
10.425100
10.425100
10.425100
10.425100
10.425000
10.425000
10.425000
10.425000
10.425000
10.424900
10.424900
10.424900
10.424900
10.424800
10.424800
10.424800
10.424800
10.424800
10.424700
10.424700
10.424700
10.424700
10.424600
10.424600
10.424600
10.424600
10.424500
10.424500
10.424500
10.424500
10.424500
10.424400
10.424400
10.424400
10.424400
10.424300
10.424300
10.424300
10.424300
10.424200
10.424200
10.424200
10.424200
10.424100
10.424100
10.424100
10.424100
10.424000
10.424000
10.424000
10.424000
10.423900
10.423900
10.423900
10.423900
10.423900
10.423800
10.423800
10.423800
10.423800
10.423700
10.423700
10.423700
10.423700
10.423600
10.423600
10.423600
10.423600
10.423500
10.423500
10.423500
10.423500
10.423400
10.423400
10.423400
10.423400
10.423300
10.423300
10.423300
10.423300
10.423200
10.423200
10.423200
10.423100
10.423100
10.423100
10.423100
10.423000
10.423000
10.423000
10.423000
10.422900
10.422900
10.422900
10.422900
10.422800
10.422800
10.422800
10.422800
10.422700
10.422700
10.422700
10.422700
10.422600
10.422600
10.422600
10.422600
10.422500
10.422500
10.422500
10.422500
10.422400
10.422400
10.422400
10.422300
10.422300
10.422300
10.422300
10.422200
10.422200
10.422200
10.422200
10.422100
10.422100
10.422100
10.422100
10.422000
10.422000
10.422000
10.421900
10.421900
10.421900
10.421900
10.421800
10.421800
10.421800
10.421800
10.421700
10.421700
10.421700
10.421700
10.421600
10.421600
10.421600
10.421500
10.421500
10.421500
10.421500
10.421400
10.421400
10.421400
10.421400
10.421300
10.421300
10.421300
10.421200
10.421200
10.421200
10.421200
10.421100
10.421100
10.421100
10.421100
10.421000
10.421000
10.421000
10.420900
10.420900
10.420900
10.420900
10.420800
10.420800
10.420800
10.420800
10.420700
10.420700
10.420700
10.420600
10.420600
10.420600
10.420600
10.420500
10.420500
10.420500
10.420500
10.420400
10.420400
10.420400
10.420300
10.420300
10.420300
10.420300
10.420200
10.420200
10.420200
10.420100
10.420100
10.420100
10.420100
10.420000
10.420000
10.420000
10.420000
10.419900
10.419900
10.419900
10.419800
10.419800
10.419800
10.419800
10.419700
10.419700
10.419700
10.419600
10.419600
10.419600
10.419600
10.419500
10.419500
10.419500
10.419400
10.419400
10.419400
10.419400
10.419300
10.419300
10.419300
10.419200
10.419200
10.419200
10.419200
10.419100
10.419100
10.419100
10.419000
10.419000
10.419000
10.419000
10.418900
10.418900
10.418900
10.418900
10.418800
10.418800
10.418800
10.418700
10.418700
10.418700
10.418700
10.418600
10.418600
10.418600
10.418500
10.418500
10.418500
10.418500
10.418400
10.418400
10.418400
10.418300
10.418300
10.418300
10.418300
10.418200
10.418200
10.418200
10.418100
10.418100
10.418100
10.418100
10.418000
10.418000
10.418000
10.417900
10.417900
10.417900
10.417900
10.417800
10.417800
10.417800
10.417700
10.417700
10.417700
10.417600
10.417600
10.417600
10.417600
10.417500
10.417500
10.417500
10.417400
10.417400
10.417400
10.417400
10.417300
10.417300
10.417300
10.417200
10.417200
10.417200
10.417200
10.417100
10.417100
10.417100
10.417000
10.417000
10.417000
10.417000
10.416900
10.416900
10.416900
10.416800
10.416800
10.416800
10.416800
10.416700
10.416700
10.416700
10.416600
10.416600
10.416600
10.416600
10.416500
10.416500
10.416500
10.416400
10.416400
10.416400
10.416300
10.416300
10.416300
10.416300
10.416200
10.416200
10.416200
10.416100
10.416100
10.416100
10.416100
10.416000
10.416000
10.416000
10.415900
10.415900
10.415900
10.415900
10.415800
10.415800
10.415800
10.415700
10.415700
10.415700
10.415600
10.415600
10.415600
10.415600
10.415500
10.415500
10.415500
10.415400
10.415400
10.415400
10.415400
10.415300
10.415300
10.415300
10.415200
10.415200
10.415200
10.415100
10.415100
10.415100
10.415100
10.415000
10.415000
10.415000
10.414900
10.414900
10.414900
10.414900
10.414800
10.414800
10.414800
10.414700
10.414700
10.414700
10.414600
10.414600
10.414600
10.414600
10.414500
10.414500
10.414500
10.414400
10.414400
10.414400
10.414400
10.414300
10.414300
10.414300
10.414200
10.414200
10.414200
10.414100
10.414100
10.414100
10.414100
10.414000
10.414000
10.414000
10.413900
10.413900
10.413900
10.413900
10.413800
10.413800
10.413800
10.413700
10.413700
10.413700
10.413600
10.413600
10.413600
10.413600
10.413500
10.413500
10.413500
10.413400
10.413400
10.413400
10.413400
10.413300
10.413300
10.413300
10.413200
10.413200
10.413200
10.413100
10.413100
10.413100
10.413100
10.413000
10.413000
10.413000
10.412900
10.412900
10.412900
10.412800
10.412800
10.412800
10.412800
10.412700
10.412700
10.412700
10.412600
10.412600
10.412600
10.412500
10.412500
10.412500
10.412500
10.412400
10.412400
10.412400
10.412300
10.412300
10.412300
10.412300
10.412200
10.412200
10.412200
10.412100
10.412100
10.412100
10.412000
10.412000
10.412000
10.412000
10.411900
10.411900
10.411900
10.411800
10.411800
10.411800
10.411700
10.411700
10.411700
10.411700
10.411600
10.411600
10.411600
10.411500
10.411500
10.411500
10.411400
10.411400
10.411400
10.411400
10.411300
10.411300
10.411300
10.411200
10.411200
10.411200
10.411200
10.411100
10.411100
10.411100
10.411000
10.411000
10.411000
10.410900
10.410900
10.410900
10.410900
10.410800
10.410800
10.410800
10.410700
10.410700
10.410700
10.410600
10.410600
10.410600
10.410600
10.410500
10.410500
10.410500
10.410400
10.410400
10.410400
10.410300
10.410300
10.410300
10.410300
10.410200
10.410200
10.410200
10.410100
10.410100
10.410100
10.410000
10.410000
10.410000
10.410000
10.409900
10.409900
10.409900
10.409800
10.409800
10.409800
10.409700
10.409700
10.409700
10.409700
10.409600
10.409600
10.409600
10.409500
10.409500
10.409500
10.409400
10.409400
10.409400
10.409400
10.409300
10.409300
10.409300
10.409200
10.409200
10.409200
10.409200
10.409100
10.409100
10.409100
10.409000
10.409000
10.408900
10.409000
10.413500
10.414800
10.414900
10.414900
10.414700
10.414600
10.414400
10.414300
10.414100
10.413900
10.413800
10.413600
10.413500
10.413400
10.413300
10.413300
10.413400
10.413500
10.413600
10.413800
10.413900
10.414100
10.414300
10.414500
10.414700
10.414900
10.415100
10.415300
10.415500
10.415700
10.415900
10.416000
10.416200
10.416400
10.416600
10.416800
10.416900
10.417100
10.417300
10.417400
10.417600
10.417700
10.417900
10.418000
10.418100
10.418300
10.418400
10.418500
10.418700
10.418800
10.418900
10.419000
10.419100
10.419200
10.419400
10.419500
10.419600
10.419700
10.419700
10.419800
10.419900
10.420000
10.420100
10.420200
10.420300
10.420300
10.420400
10.420500
10.420500
10.420600
10.420700
10.420700
10.420800
10.420800
10.420900
10.420900
10.421000
10.421000
10.421100
10.421100
10.421200
10.421200
10.421300
10.421300
10.421300
10.421400
10.421400
10.421400
10.421500
10.421500
10.421500
10.421500
10.421600
10.421600
10.421600
10.421600
10.421600
10.421700
10.421700
10.421700
10.421700
10.421700
10.421700
10.421700
10.421800
10.421800
10.421800
10.421800
10.421800
10.421800
10.421800
10.421800
10.421800
10.421800
10.421800
10.421800
10.421800
10.421800
10.421800
10.421800
10.421800
10.421800
10.421900
10.421900
10.421900
10.421900
10.421900
10.421900
10.421900
10.421900
10.421900
10.421900
10.421900
10.421900
10.421900
10.421900
10.421900
10.421900
10.421900
10.421900
10.421900
10.421900
10.421900
10.421900
10.421900
10.421900
10.421900
10.421900
10.421900
10.422000
10.422000
10.422000
10.422000
10.422000
10.422000
10.422000
10.422000
10.422100
10.422100
10.422100
10.422100
10.422100
10.422200
10.422200
10.422200
10.422200
10.422300
10.422300
10.422300
10.422400
10.422400
10.422500
10.422500
10.422600
10.422600
10.422700
10.422800
10.422800
10.422900
10.423000
10.423100
10.423200
10.423300
10.423400
10.423500
10.423600
10.423700
10.423800
10.423900
10.424000
10.424100
10.424200
10.424300
10.424400
10.424500
10.424600
10.424700
10.424800
10.424800
10.424900
10.425000
10.425100
10.425100
10.425200
10.425300
10.425300
10.425400
10.425500
10.425500
10.425600
10.425600
10.425700
10.425800
10.425800
10.425900
10.425900
10.426000
10.426000
10.426000
10.426100
10.426100
10.426200
10.426200
10.426200
10.426300
10.426300
10.426400
10.426400
10.426400
10.426500
10.426500
10.426500
10.426500
10.426600
10.426600
10.426600
10.426600
10.426700
10.426700
10.426700
10.426700
10.426800
10.426800
10.426800
10.426800
10.426800
10.426900
10.426900
10.426900
10.426900
10.426900
10.426900
10.426900
10.427000
10.427000
10.427000
10.427000
10.427000
10.427000
10.427000
10.427000
10.427000
10.427000
10.427100
10.427100
10.427100
10.427100
10.427100
10.427100
10.427100
10.427100
10.427100
10.427100
10.427100
10.427100
10.427100
10.427100
10.427100
10.427100
10.427100
10.427100
10.427100
10.427100
10.427100
10.427100
10.427100
10.427100
10.427100
10.427100
10.427100
10.427100
10.427100
10.427100
10.427100
10.427100
10.427100
10.427100
10.427100
10.427100
10.427100
10.427000
10.427000
10.427000
10.427000
10.427000
10.427000
10.427000
10.427000
10.427000
10.427000
10.427000
10.427000
10.427000
10.426900
10.426900
10.426900
10.426900
10.426900
10.426900
10.426900
10.426900
10.426900
10.426900
10.426800
10.426800
10.426800
10.426800
10.426800
10.426800
10.426800
10.426800
10.426700
10.426700
10.426700
10.426700
10.426700
10.426700
10.426700
10.426700
10.426600
10.426600
10.426600
10.426600
10.426600
10.426600
10.426600
10.426500
10.426500
10.426500
10.426500
10.426500
10.426500
10.426500
10.426400
10.426400
10.426400
10.426400
10.426400
10.426400
10.426300
10.426300
10.426300
10.426300
10.426300
10.426300
10.426200
10.426200
10.426200
10.426200
10.426200
10.426100
10.426100
10.426100
10.426100
10.426100
10.426100
10.426000
10.426000
10.426000
10.426000
10.426000
10.425900
10.425900
10.425900
10.425900
10.425900
10.425900
10.425800
10.425800
10.425800
10.425800
10.425800
10.425700
10.425700
10.425700
10.425700
10.425700
10.425600
10.425600
10.425600
10.425600
10.425600
10.425500
10.425500
10.425500
10.425500
10.425500
10.425400
10.425400
10.425400
10.425400
10.425300
10.425300
10.425300
10.425300
10.425300
10.425200
10.425200
10.425200
10.425200
10.425200
10.425100
10.425100
10.425100
10.425100
10.425000
10.425000
10.425000
10.425000
10.425000
10.424900
10.424900
10.424900
10.424900
10.424800
10.424800
10.424800
10.424800
10.424800
10.424700
10.424700
10.424700
10.424700
10.424600
10.424600
10.424600
10.424600
10.424500
10.424500
10.424500
10.424500
10.424500
10.424400
10.424400
10.424400
10.424400
10.424300
10.424300
10.424300
10.424300
10.424200
10.424200
10.424200
10.424200
10.424100
10.424100
10.424100
10.424100
10.424000
10.424000
10.424000
10.424000
10.423900
10.423900
10.423900
10.423900
10.423800
10.423800
10.423800
10.423800
10.423800
10.423700
10.423700
10.423700
10.423700
10.423600
10.423600
10.423600
10.423600
10.423500
10.423500
10.423500
10.423500
10.423400
10.423400
10.423400
10.423400
10.423300
10.423300
10.423300
10.423300
10.423200
10.423200
10.423200
10.423100
10.423100
10.423100
10.423100
10.423000
10.423000
10.423000
10.423000
10.422900
10.422900
10.422900
10.422900
10.422800
10.422800
10.422800
10.422800
10.422700
10.422700
10.422700
10.422700
10.422600
10.422600
10.422600
10.422600
10.422500
10.422500
10.422500
10.422500
10.422400
10.422400
10.422400
10.422300
10.422300
10.422300
10.422300
10.422200
10.422200
10.422200
10.422200
10.422100
10.422100
10.422100
10.422100
10.422000
10.422000
10.422000
10.421900
10.421900
10.421900
10.421900
10.421800
10.421800
10.421800
10.421800
10.421700
10.421700
10.421700
10.421700
10.421600
10.421600
10.421600
10.421500
10.421500
10.421500
10.421500
10.421400
10.421400
10.421400
10.421400
10.421300
10.421300
10.421300
10.421200
10.421200
10.421200
10.421200
10.421100
10.421100
10.421100
10.421100
10.421000
10.421000
10.421000
10.420900
10.420900
10.420900
10.420900
10.420800
10.420800
10.420800
10.420800
10.420700
10.420700
10.420700
10.420600
10.420600
10.420600
10.420600
10.420500
10.420500
10.420500
10.420500
10.420400
10.420400
10.420400
10.420300
10.420300
10.420300
10.420300
10.420200
10.420200
10.420200
10.420100
10.420100
10.420100
10.420100
10.420000
10.420000
10.420000
10.419900
10.419900
10.419900
10.419900
10.419800
10.419800
10.419800
10.419800
10.419700
10.419700
10.419700
10.419600
10.419600
10.419600
10.419600
10.419500
10.419500
10.419500
10.419400
10.419400
10.419400
10.419400
10.419300
10.419300
10.419300
10.419200
10.419200
10.419200
10.419200
10.419100
10.419100
10.419100
10.419000
10.419000
10.419000
10.419000
10.418900
10.418900
10.418900
10.418900
10.418800
10.418800
10.418800
10.418700
10.418700
10.418700
10.418700
10.418600
10.418600
10.418600
10.418500
10.418500
10.418500
10.418500
10.418400
10.418400
10.418400
10.418300
10.418300
10.418300
10.418300
10.418200
10.418200
10.418200
10.418100
10.418100
10.418100
10.418100
10.418000
10.418000
10.418000
10.417900
10.417900
10.417900
10.417900
10.417800
10.417800
10.417800
10.417700
10.417700
10.417700
10.417600
10.417600
10.417600
10.417600
10.417500
10.417500
10.417500
10.417400
10.417400
10.417400
10.417400
10.417300
10.417300
10.417300
10.417200
10.417200
10.417200
10.417200
10.417100
10.417100
10.417100
10.417000
10.417000
10.417000
10.417000
10.416900
10.416900
10.416900
10.416800
10.416800
10.416800
10.416800
10.416700
10.416700
10.416700
10.416600
10.416600
10.416600
10.416500
10.416500
10.416500
10.416500
10.416400
10.416400
10.416400
10.416300
10.416300
10.416300
10.416300
10.416200
10.416200
10.416200
10.416100
10.416100
10.416100
10.416100
10.416000
10.416000
10.416000
10.415900
10.415900
10.415900
10.415900
10.415800
10.415800
10.415800
10.415700
10.415700
10.415700
10.415600
10.415600
10.415600
10.415600
10.415500
10.415500
10.415500
10.415400
10.415400
10.415400
10.415400
10.415300
10.415300
10.415300
10.415200
10.415200
10.415200
10.415100
10.415100
10.415100
10.415100
10.415000
10.415000
10.415000
10.414900
10.414900
10.414900
10.414900
10.414800
10.414800
10.414800
10.414700
10.414700
10.414700
10.414600
10.414600
10.414600
10.414600
10.414500
10.414500
10.414500
10.414400
10.414400
10.414400
10.414400
10.414300
10.414300
10.414300
10.414200
10.414200
10.414200
10.414100
10.414100
10.414100
10.414100
10.414000
10.414000
10.414000
10.413900
10.413900
10.413900
10.413900
10.413800
10.413800
10.413800
10.413700
10.413700
10.413700
10.413600
10.413600
10.413600
10.413600
10.413500
10.413500
10.413500
10.413400
10.413400
10.413400
10.413300
10.413300
10.413300
10.413300
10.413200
10.413200
10.413200
10.413100
10.413100
10.413100
10.413100
10.413000
10.413000
10.413000
10.412900
10.412900
10.412900
10.412800
10.412800
10.412800
10.412800
10.412700
10.412700
10.412700
10.412600
10.412600
10.412600
10.412500
10.412500
10.412500
10.412500
10.412400
10.412400
10.412400
10.412300
10.412300
10.412300
10.412300
10.412200
10.412200
10.412200
10.412100
10.412100
10.412100
