11.025100
11.025100
11.025000
11.025000
11.025000
11.025100
11.027900
11.028200
11.028100
11.028000
11.027900
11.027900
11.027800
11.027700
11.027700
11.027600
11.027500
11.027500
11.027400
11.027400
11.027300
11.027300
11.027200
11.027200
11.027200
11.027100
11.027100
11.027100
11.027000
11.027000
11.027000
11.027000
11.027000
11.027000
11.027000
11.027000
11.027000
11.027100
11.027100
11.027100
11.027100
11.027200
11.027200
11.027200
11.027300
11.027300
11.027300
11.027400
11.027400
11.027500
11.027500
11.027600
11.027600
11.027700
11.027700
11.027800
11.027800
11.027900
11.027900
11.028000
11.028000
11.028100
11.028100
11.028200
11.028300
11.028300
11.028400
11.028400
11.028500
11.028500
11.028600
11.028600
11.028700
11.028800
11.028800
11.028900
11.028900
11.029000
11.029000
11.029100
11.029200
11.029200
11.029300
11.029300
11.029400
11.029400
11.029500
11.029500
11.029600
11.029600
11.029700
11.029700
11.029800
11.029800
11.029900
11.029900
11.030000
11.030000
11.030100
11.030100
11.030200
11.030200
11.030300
11.030300
11.030400
11.030400
11.030500
11.030500
11.030600
11.030600
11.030700
11.030700
11.030700
11.030800
11.030800
11.030900
11.030900
11.031000
11.031000
11.031000
11.031100
11.031100
11.031200
11.031200
11.031200
11.031300
11.031300
11.031400
11.031400
11.031400
11.031500
11.031500
11.031500
11.031600
11.031600
11.031600
11.031700
11.031700
11.031700
11.031800
11.031800
11.031800
11.031900
11.031900
11.031900
11.032000
11.032000
11.032000
11.032100
11.032100
11.032100
11.032200
11.032200
11.032200
11.032200
11.032300
11.032300
11.032300
11.032300
11.032400
11.032400
11.032400
11.032500
11.032500
11.032500
11.032500
11.032600
11.032600
11.032600
11.032600
11.032700
11.032700
11.032700
11.032700
11.032700
11.032800
11.032800
11.032800
11.032800
11.032900
11.032900
11.032900
11.032900
11.032900
11.033000
11.033000
11.033000
11.033000
11.033000
11.033000
11.033100
11.033100
11.033100
11.033100
11.033100
11.033200
11.033200
11.033200
11.033200
11.033200
11.033200
11.033300
11.033300
11.033300
11.033300
11.033300
11.033300
11.033300
11.033400
11.033400
11.033400
11.033400
11.033400
11.033400
11.033400
11.033400
11.033500
11.033500
11.033500
11.033500
11.033500
11.033500
11.033500
11.033500
11.033600
11.033600
11.033600
11.033600
11.033600
11.033600
11.033600
11.033600
11.033600
11.033600
11.033600
11.033700
11.033700
11.033700
11.033700
11.033700
11.033700
11.033700
11.033700
11.033700
11.033700
11.033700
11.033700
11.033800
11.033800
11.033800
11.033800
11.033800
11.033800
11.033800
11.033800
11.033800
11.033800
11.033800
11.033800
11.033800
11.033800
11.033800
11.033800
11.033800
11.033800
11.033800
11.033900
11.033900
11.033900
11.033900
11.033900
11.033900
11.033900
11.033900
11.033900
11.033900
11.033900
11.033900
11.033900
11.033900
11.033900
11.033900
11.033900
11.033900
11.033900
11.033900
11.033900
11.033900
11.033900
11.033900
11.033900
11.033900
11.033900
11.033900
11.033900
11.033900
11.033900
11.033900
11.033900
11.033900
11.033900
11.033900
11.033900
11.033900
11.033900
11.033900
11.033900
11.033900
11.033900
11.033900
11.033900
11.033900
11.033900
11.033900
11.033900
11.033900
11.033900
11.033900
11.033900
11.033900
11.033900
11.033900
11.033900
11.033900
11.033900
11.033900
11.033900
11.033900
11.033900
11.033900
11.033900
11.033900
11.033800
11.033800
11.033800
11.033800
11.033800
11.033800
11.033800
11.033800
11.033800
11.033800
11.033800
11.033800
11.033800
11.033800
11.033800
11.033800
11.033800
11.033800
11.033800
11.033800
11.033800
11.033800
11.033800
11.033800
11.033700
11.033700
11.033700
11.033700
11.033700
11.033700
11.033700
11.033700
11.033700
11.033700
11.033700
11.033700
11.033700
11.033700
11.033700
11.033700
11.033700
11.033700
11.033600
11.033600
11.033600
11.033600
11.033600
11.033600
11.033600
11.033600
11.033600
11.033600
11.033600
11.033600
11.033600
11.033600
11.033600
11.033500
11.033500
11.033500
11.033500
11.033500
11.033500
11.033500
11.033500
11.033500
11.033500
11.033500
11.033500
11.033500
11.033400
11.033400
11.033400
11.033400
11.033400
11.033400
11.033400
11.033400
11.033400
11.033400
11.033400
11.033400
11.033300
11.033300
11.033300
11.033300
11.033300
11.033300
11.033300
11.033300
11.033300
11.033300
11.033300
11.033300
11.033200
11.033200
11.033200
11.033200
11.033200
11.033200
11.033200
11.033200
11.033200
11.033200
11.033200
11.033100
11.033100
11.033100
11.033100
11.033100
11.033100
11.033100
11.033100
11.033100
11.033100
11.033000
11.033000
11.033000
11.033000
11.033000
11.033000
11.033000
11.033000
11.033000
11.033000
11.032900
11.032900
11.032900
11.032900
11.032900
11.032900
11.032900
11.032900
11.032900
11.032900
11.032800
11.032800
11.032800
11.032800
11.032800
11.032800
11.032800
11.032800
11.032800
11.032700
11.032700
11.032700
11.032700
11.032700
11.032700
11.032700
11.032700
11.032700
11.032600
11.032600
11.032600
11.032600
11.032600
11.032600
11.032600
11.032600
11.032600
11.032500
11.032500
11.032500
11.032500
11.032500
11.032500
11.032500
11.032500
11.032500
11.032400
11.032400
11.032400
11.032400
11.032400
11.032400
11.032400
11.032400
11.032400
11.032300
11.032300
11.032300
11.032300
11.032300
11.032300
11.032300
11.032300
11.032200
11.032200
11.032200
11.032200
11.032200
11.032200
11.032200
11.032200
11.032100
11.032100
11.032100
11.032100
11.032100
11.032100
11.032100
11.032100
11.032100
11.032000
11.032000
11.032000
11.032000
11.032000
11.032000
11.032000
11.032000
11.031900
11.031900
11.031900
11.031900
11.031900
11.031900
11.031900
11.031900
11.031800
11.031800
11.031800
11.031800
11.031800
11.031800
11.031800
11.031700
11.031700
11.031700
11.031700
11.031700
11.031700
11.031700
11.031700
11.031600
11.031600
11.031600
11.031600
11.031600
11.031600
11.031600
11.031600
11.031500
11.031500
11.031500
11.031500
11.031500
11.031500
11.031500
11.031400
11.031400
11.031400
11.031400
11.031400
11.031400
11.031400
11.031400
11.031300
11.031300
11.031300
11.031300
11.031300
11.031300
11.031300
11.031200
11.031200
11.031200
11.031200
11.031200
11.031200
11.031200
11.031200
11.031100
11.031100
11.031100
11.031100
11.031100
11.031100
11.031100
11.031000
11.031000
11.031000
11.031000
11.031000
11.031000
11.031000
11.030900
11.030900
11.030900
11.030900
11.030900
11.030900
11.030900
11.030900
11.030800
11.030800
11.030800
11.030800
11.030800
11.030800
11.030800
11.030700
11.030700
11.030700
11.030700
11.030700
11.030700
11.030700
11.030600
11.030600
11.030600
11.030600
11.030600
11.030600
11.030600
11.030500
11.030500
11.030500
11.030500
11.030500
11.030500
11.030500
11.030400
11.030400
11.030400
11.030400
11.030400
11.030400
11.030400
11.030300
11.030300
11.030300
11.030300
11.030300
11.030300
11.030300
11.030200
11.030200
11.030200
11.030200
11.030200
11.030200
11.030200
11.030100
11.030100
11.030100
11.030100
11.030100
11.030100
11.030100
11.030000
11.030000
11.030000
11.030000
11.030000
11.030000
11.030000
11.029900
11.029900
11.029900
11.029900
11.029900
11.029900
11.029900
11.029800
11.029800
11.029800
11.029800
11.029800
11.029800
11.029800
11.029700
11.029700
11.029700
11.029700
11.029700
11.029700
11.029600
11.029600
11.029600
11.029600
11.029600
11.029600
11.029600
11.029500
11.029500
11.029500
11.029500
11.029500
11.029500
11.029500
11.029400
11.029400
11.029400
11.029400
11.029400
11.029400
11.029400
11.029300
11.029300
11.029300
11.029300
11.029300
11.029300
11.029200
11.029200
11.029200
11.029200
11.029200
11.029200
11.029200
11.029100
11.029100
11.029100
11.029100
11.029100
11.029100
11.029100
11.029000
11.029000
11.029000
11.029000
11.029000
11.029000
11.028900
11.028900
11.028900
11.028900
11.028900
11.028900
11.028900
11.028800
11.028800
11.028800
11.028800
11.028800
11.028800
11.028800
11.028700
11.028700
11.028700
11.028700
11.028700
11.028700
11.028600
11.028600
11.028600
11.028600
11.028600
11.028600
11.028600
11.028500
11.028500
11.028500
11.028500
11.028500
11.028500
11.028400
11.028400
11.028400
11.028400
11.028400
11.028400
11.028400
11.028300
11.028300
11.028300
11.028300
11.028300
11.028300
11.028200
11.028200
11.028200
11.028200
11.028200
11.028200
11.028200
11.028100
11.028100
11.028100
11.028100
11.028100
11.028100
11.028000
11.028000
11.028000
11.028000
11.028000
11.028000
11.028000
11.027900
11.027900
11.027900
11.027900
11.027900
11.027900
11.027800
11.027800
11.027800
11.027800
11.027800
11.027800
11.027800
11.027700
11.027700
11.027700
11.027700
11.027700
11.027700
11.027600
11.027600
11.027600
11.027600
11.027600
11.027600
11.027600
11.027500
11.027500
11.027500
11.027500
11.027500
11.027500
11.027400
11.027400
11.027400
11.027400
11.027400
11.027400
11.027400
11.027300
11.027300
11.027300
11.027300
11.027300
11.027300
11.027200
11.027200
11.027200
11.027200
11.027200
11.027200
11.027100
11.027100
11.027100
11.027100
11.027100
11.027100
11.027100
11.027000
11.027000
11.027000
11.027000
11.027000
11.027000
11.026900
11.026900
11.026900
11.026900
11.026900
11.026900
11.026800
11.026800
11.026800
11.026800
11.026800
11.026800
11.026800
11.026700
11.026700
11.026700
11.026700
11.026700
11.026700
11.026600
11.026600
11.026600
11.026600
11.026600
11.026600
11.026600
11.026500
11.026500
11.026500
11.026500
11.026500
11.026500
11.026400
11.026400
11.026400
11.026400
11.026400
11.026400
11.026300
11.026300
11.026300
11.026300
11.026300
11.026300
11.026200
11.026200
11.026200
11.026200
11.026200
11.026200
11.026200
11.026100
11.026100
11.026100
11.026100
11.026100
11.026100
11.026000
11.026000
11.026000
11.026000
11.026000
11.026000
11.025900
11.025900
11.025900
11.025900
11.025900
11.025900
11.025900
11.025800
11.025800
11.025800
11.025800
11.025800
11.025800
11.025700
11.025700
11.025700
11.025700
11.025700
11.025700
11.025600
11.025600
11.025600
11.025600
11.025600
11.025600
11.025600
11.025500
11.025500
11.025500
11.025500
11.025500
11.025500
11.025400
11.025400
11.025400
11.025400
11.025400
11.025400
11.025300
11.025300
11.025300
11.025300
11.025300
11.025300
11.025200
11.025200
11.025200
11.025200
11.025200
11.025200
11.025100
11.025100
11.025100
11.025100
11.025200
11.028000
11.028200
11.028200
11.028100
11.028000
11.028000
11.027900
11.027800
11.027700
11.027700
11.027600
11.027600
11.027500
11.027500
11.027400
11.027400
11.027300
11.027300
11.027200
11.027200
11.027200
11.027100
11.027100
11.027100
11.027100
11.027100
11.027100
11.027100
11.027100
11.027100
11.027100
11.027100
11.027200
11.027200
11.027200
11.027200
11.027300
11.027300
11.027400
11.027400
11.027400
11.027500
11.027500
11.027600
11.027600
11.027600
11.027700
11.027700
11.027800
11.027800
11.027900
11.028000
11.028000
11.028100
11.028100
11.028200
11.028200
11.028300
11.028300
11.028400
11.028400
11.028500
11.028600
11.028600
11.028700
11.028700
11.028800
11.028800
11.028900
11.029000
11.029000
11.029100
11.029100
11.029200
11.029200
11.029300
11.029300
11.029400
11.029500
11.029500
11.029600
11.029600
11.029700
11.029700
11.029800
11.029800
11.029900
11.029900
11.030000
11.030000
11.030100
11.030100
11.030200
11.030200
11.030300
11.030300
11.030400
11.030400
11.030500
11.030500
11.030600
11.030600
11.030600
11.030700
11.030700
11.030800
11.030800
11.030900
11.030900
11.031000
11.031000
11.031000
11.031100
11.031100
11.031200
11.031200
11.031200
11.031300
11.031300
11.031400
11.031400
11.031400
11.031500
11.031500
11.031500
11.031600
11.031600
11.031600
11.031700
11.031700
11.031800
11.031800
11.031800
11.031900
11.031900
11.031900
11.032000
11.032000
11.032000
11.032100
11.032100
11.032100
11.032100
11.032200
11.032200
11.032200
11.032300
11.032300
11.032300
11.032300
11.032400
11.032400
11.032400
11.032500
11.032500
11.032500
11.032500
11.032600
11.032600
11.032600
11.032600
11.032700
11.032700
11.032700
11.032700
11.032800
11.032800
11.032800
11.032800
11.032800
11.032900
11.032900
11.032900
11.032900
11.033000
11.033000
11.033000
11.033000
11.033000
11.033100
11.033100
11.033100
11.033100
11.033100
11.033100
11.033200
11.033200
11.033200
11.033200
11.033200
11.033300
11.033300
11.033300
11.033300
11.033300
11.033300
11.033300
11.033400
11.033400
11.033400
11.033400
11.033400
11.033400
11.033400
11.033500
11.033500
11.033500
11.033500
11.033500
11.033500
11.033500
11.033600
11.033600
11.033600
11.033600
11.033600
11.033600
11.033600
11.033600
11.033600
11.033700
11.033700
11.033700
11.033700
11.033700
11.033700
11.033700
11.033700
11.033700
11.033700
11.033700
11.033800
11.033800
11.033800
11.033800
11.033800
11.033800
11.033800
11.033800
11.033800
11.033800
11.033800
11.033800
11.033800
11.033800
11.033900
11.033900
11.033900
11.033900
11.033900
11.033900
11.033900
11.033900
11.033900
11.033900
11.033900
11.033900
11.033900
11.033900
11.033900
11.033900
11.033900
11.033900
11.033900
11.033900
11.033900
11.034000
11.034000
11.034000
11.034000
11.034000
11.034000
11.034000
11.034000
11.034000
11.034000
11.034000
11.034000
11.034000
11.034000
11.034000
11.034000
11.034000
11.034000
11.034000
11.034000
11.034000
11.034000
11.034000
11.034000
11.034000
11.034000
11.034000
11.034000
11.034000
11.034000
11.034000
11.034000
11.034000
11.034000
11.034000
11.034000
11.034000
11.034000
11.034000
11.034000
11.034000
11.034000
11.034000
11.034000
11.034000
11.034000
11.034000
11.034000
11.034000
11.034000
11.034000
11.034000
11.034000
11.034000
11.033900
11.033900
11.033900
11.033900
11.033900
11.033900
11.033900
11.033900
11.033900
11.033900
11.033900
11.033900
11.033900
11.033900
11.033900
11.033900
11.033900
11.033900
11.033900
11.033900
11.033900
11.033900
11.033900
11.033900
11.033900
11.033900
11.033800
11.033800
11.033800
11.033800
11.033800
11.033800
11.033800
11.033800
11.033800
11.033800
11.033800
11.033800
11.033800
11.033800
11.033800
11.033800
11.033800
11.033800
11.033800
11.033700
11.033700
11.033700
11.033700
11.033700
11.033700
11.033700
11.033700
11.033700
11.033700
11.033700
11.033700
11.033700
11.033700
11.033700
11.033600
11.033600
11.033600
11.033600
11.033600
11.033600
11.033600
11.033600
11.033600
11.033600
11.033600
11.033600
11.033600
11.033500
11.033500
11.033500
11.033500
11.033500
11.033500
11.033500
11.033500
11.033500
11.033500
11.033500
11.033500
11.033500
11.033400
11.033400
11.033400
11.033400
11.033400
11.033400
11.033400
11.033400
11.033400
11.033400
11.033400
11.033400
11.033300
11.033300
11.033300
11.033300
11.033300
11.033300
11.033300
11.033300
11.033300
11.033300
11.033300
11.033200
11.033200
11.033200
11.033200
11.033200
11.033200
11.033200
11.033200
11.033200
11.033200
11.033100
11.033100
11.033100
11.033100
11.033100
11.033100
11.033100
11.033100
11.033100
11.033100
11.033000
11.033000
11.033000
11.033000
11.033000
11.033000
11.033000
11.033000
11.033000
11.033000
11.032900
11.032900
11.032900
11.032900
11.032900
11.032900
11.032900
11.032900
11.032900
11.032800
11.032800
11.032800
11.032800
11.032800
11.032800
11.032800
11.032800
11.032800
11.032800
11.032700
11.032700
11.032700
11.032700
11.032700
11.032700
11.032700
11.032700
11.032700
11.032600
11.032600
11.032600
11.032600
11.032600
11.032600
11.032600
11.032600
11.032500
11.032500
11.032500
11.032500
11.032500
11.032500
11.032500
11.032500
11.032500
11.032400
11.032400
11.032400
11.032400
11.032400
11.032400
11.032400
11.032400
11.032300
11.032300
11.032300
11.032300
11.032300
11.032300
11.032300
11.032300
11.032300
11.032200
11.032200
11.032200
11.032200
11.032200
11.032200
11.032200
11.032200
11.032100
11.032100
11.032100
11.032100
11.032100
11.032100
11.032100
11.032100
11.032000
11.032000
11.032000
11.032000
11.032000
11.032000
11.032000
11.032000
11.031900
11.031900
11.031900
11.031900
11.031900
11.031900
11.031900
11.031900
11.031800
11.031800
11.031800
11.031800
11.031800
11.031800
11.031800
11.031800
11.031700
11.031700
11.031700
11.031700
11.031700
11.031700
11.031700
11.031600
11.031600
11.031600
11.031600
11.031600
11.031600
11.031600
11.031600
11.031500
11.031500
11.031500
11.031500
11.031500
11.031500
11.031500
11.031400
11.031400
11.031400
11.031400
11.031400
11.031400
11.031400
11.031400
11.031300
11.031300
11.031300
11.031300
11.031300
11.031300
11.031300
11.031200
11.031200
11.031200
11.031200
11.031200
11.031200
11.031200
11.031200
11.031100
11.031100
11.031100
11.031100
11.031100
11.031100
11.031100
11.031000
11.031000
11.031000
11.031000
11.031000
11.031000
11.031000
11.030900
11.030900
11.030900
11.030900
11.030900
11.030900
11.030900
11.030800
11.030800
11.030800
11.030800
11.030800
11.030800
11.030800
11.030800
11.030700
11.030700
11.030700
11.030700
11.030700
11.030700
11.030700
11.030600
11.030600
11.030600
11.030600
11.030600
11.030600
11.030600
11.030500
11.030500
11.030500
11.030500
11.030500
11.030500
11.030500
11.030400
11.030400
11.030400
11.030400
11.030400
11.030400
11.030400
11.030300
11.030300
11.030300
11.030300
11.030300
11.030300
11.030300
11.030200
11.030200
11.030200
11.030200
11.030200
11.030200
11.030200
11.030100
11.030100
11.030100
11.030100
11.030100
11.030100
11.030100
11.030000
11.030000
11.030000
11.030000
11.030000
11.030000
11.029900
11.029900
11.029900
11.029900
11.029900
11.029900
11.029900
11.029800
11.029800
11.029800
11.029800
11.029800
11.029800
11.029800
11.029700
11.029700
11.029700
11.029700
11.029700
11.029700
11.029700
11.029600
11.029600
11.029600
11.029600
11.029600
11.029600
11.029600
11.029500
11.029500
11.029500
11.029500
11.029500
11.029500
11.029400
11.029400
11.029400
11.029400
11.029400
11.029400
11.029400
11.029300
11.029300
11.029300
11.029300
11.029300
11.029300
11.029300
11.029200
11.029200
11.029200
11.029200
11.029200
11.029200
11.029100
11.029100
11.029100
11.029100
11.029100
11.029100
11.029100
11.029000
11.029000
11.029000
11.029000
11.029000
11.029000
11.029000
11.028900
11.028900
11.028900
11.028900
11.028900
11.028900
11.028800
11.028800
11.028800
11.028800
11.028800
11.028800
11.028800
11.028700
11.028700
11.028700
11.028700
11.028700
11.028700
11.028600
11.028600
11.028600
11.028600
11.028600
11.028600
11.028600
11.028500
11.028500
11.028500
11.028500
11.028500
11.028500
11.028500
11.028400
11.028400
11.028400
11.028400
11.028400
11.028400
11.028300
11.028300
11.028300
11.028300
11.028300
11.028300
11.028300
11.028200
11.028200
11.028200
11.028200
11.028200
11.028200
11.028100
11.028100
11.028100
11.028100
11.028100
11.028100
11.028100
11.028000
11.028000
11.028000
11.028000
11.028000
11.028000
11.027900
11.027900
11.027900
11.027900
11.027900
11.027900
11.027800
11.027800
11.027800
11.027800
11.027800
11.027800
11.027800
11.027700
11.027700
11.027700
11.027700
11.027700
11.027700
11.027600
11.027600
11.027600
11.027600
11.027600
11.027600
11.027600
11.027500
11.027500
11.027500
11.027500
11.027500
11.027500
11.027400
11.027400
11.027400
11.027400
11.027400
11.027400
11.027400
11.027300
11.027300
11.027300
11.027300
11.027300
11.027300
11.027200
11.027200
11.027200
11.027200
11.027200
11.027200
11.027100
11.027100
11.027100
11.027100
11.027100
11.027100
11.027100
11.027000
11.027000
11.027000
11.027000
11.027000
11.027000
11.026900
11.026900
11.026900
11.026900
11.026900
11.026900
11.026900
11.026800
11.026800
11.026800
11.026800
11.026800
11.026800
11.026700
11.026700
11.026700
11.026700
11.026700
11.026700
11.026600
11.026600
11.026600
11.026600
11.026600
11.026600
11.026600
11.026500
11.026500
11.026500
11.026500
11.026500
11.026500
11.026400
11.026400
11.026400
11.026400
11.026400
11.026400
11.026300
11.026300
11.026300
11.026300
11.026300
11.026300
11.026300
11.026200
11.026200
11.026200
11.026200
11.026200
11.026200
11.026100
11.026100
11.026100
11.026100
11.026100
11.026100
11.026000
11.026000
11.026000
11.026000
11.026000
11.026000
11.025900
11.025900
11.025900
11.025900
11.025900
11.025900
11.025900
11.025800
11.025800
11.025800
11.025800
11.025800
11.025800
11.025700
11.025700
11.025700
11.025700
11.025700
11.025700
11.025600
11.025600
11.025600
11.025600
11.025600
11.025600
11.025600
11.025500
11.025500
11.025500
11.025500
11.025500
11.025500
11.025400
11.025400
11.025400
11.025400
11.025400
11.025400
11.025300
11.025300
11.025300
11.025300
11.025300
11.025300
11.025200
11.025200
11.025200
11.025200
11.025200
11.025300
11.028100
11.028300
11.028300
11.028200
11.028100
11.028000
11.028000
11.027900
11.027800
11.027800
11.027700
11.027600
11.027600
11.027500
11.027500
11.027400
11.027400
11.027400
11.027300
11.027300
11.027300
11.027200
11.027200
11.027200
11.027200
11.027200
11.027200
11.027200
11.027200
11.027200
11.027200
11.027200
11.027200
11.027300
11.027300
11.027300
11.027400
11.027400
11.027400
11.027500
11.027500
11.027500
11.027600
11.027600
11.027700
11.027700
11.027800
11.027800
11.027900
11.027900
11.028000
11.028000
11.028100
11.028100
11.028200
11.028200
11.028300
11.028400
11.028400
11.028500
11.028500
11.028600
11.028600
11.028700
11.028800
11.028800
11.028900
11.028900
11.029000
11.029000
11.029100
11.029100
11.029200
11.029300
11.029300
11.029400
11.029400
11.029500
11.029500
11.029600
11.029600
11.029700
11.029700
11.029800
11.029800
11.029900
11.030000
11.030000
11.030100
11.030100
11.030200
11.030200
11.030300
11.030300
11.030400
11.030400
11.030400
11.030500
11.030500
11.030600
11.030600
11.030700
11.030700
11.030800
11.030800
11.030900
11.030900
11.030900
11.031000
11.031000
11.031100
11.031100
11.031200
11.031200
11.031200
11.031300
11.031300
11.031400
11.031400
11.031400
11.031500
11.031500
11.031500
11.031600
11.031600
11.031700
11.031700
11.031700
11.031800
11.031800
11.031800
11.031900
11.031900
11.031900
11.032000
11.032000
11.032000
11.032100
11.032100
11.032100
11.032200
11.032200
11.032200
11.032300
11.032300
11.032300
11.032300
11.032400
11.032400
11.032400
11.032500
11.032500
11.032500
11.032500
11.032600
11.032600
11.032600
11.032600
11.032700
11.032700
11.032700
11.032700
11.032800
11.032800
11.032800
11.032800
11.032900
11.032900
11.032900
11.032900
11.032900
11.033000
11.033000
11.033000
11.033000
11.033100
11.033100
11.033100
11.033100
11.033100
11.033200
11.033200
11.033200
11.033200
11.033200
11.033200
11.033300
11.033300
11.033300
11.033300
11.033300
11.033300
11.033400
11.033400
11.033400
11.033400
11.033400
11.033400
11.033500
11.033500
11.033500
11.033500
11.033500
11.033500
11.033500
11.033600
11.033600
11.033600
11.033600
11.033600
11.033600
11.033600
11.033600
11.033700
11.033700
11.033700
11.033700
11.033700
11.033700
11.033700
11.033700
11.033700
11.033800
11.033800
11.033800
11.033800
11.033800
11.033800
11.033800
11.033800
11.033800
11.033800
11.033800
11.033900
11.033900
11.033900
11.033900
11.033900
11.033900
11.033900
11.033900
11.033900
11.033900
11.033900
11.033900
11.033900
11.033900
11.033900
11.034000
11.034000
11.034000
11.034000
11.034000
11.034000
11.034000
11.034000
11.034000
11.034000
11.034000
11.034000
11.034000
11.034000
11.034000
11.034000
11.034000
11.034000
11.034000
11.034000
11.034000
11.034000
11.034000
11.034000
11.034000
11.034000
11.034100
11.034100
11.034100
11.034100
11.034100
11.034100
11.034100
11.034100
11.034100
11.034100
11.034100
11.034100
11.034100
11.034100
11.034100
11.034100
11.034100
11.034100
11.034100
11.034100
11.034100
11.034100
11.034100
11.034100
11.034100
11.034100
11.034100
11.034100
11.034100
11.034100
11.034100
11.034100
11.034100
11.034100
11.034100
11.034100
11.034100
11.034000
11.034000
11.034000
11.034000
11.034000
11.034000
11.034000
11.034000
11.034000
11.034000
11.034000
11.034000
11.034000
11.034000
11.034000
11.034000
11.034000
11.034000
11.034000
11.034000
11.034000
11.034000
11.034000
11.034000
11.034000
11.034000
11.034000
11.034000
11.034000
11.034000
11.034000
11.033900
11.033900
11.033900
11.033900
11.033900
11.033900
11.033900
11.033900
11.033900
11.033900
11.033900
11.033900
11.033900
11.033900
11.033900
11.033900
11.033900
11.033900
11.033900
11.033800
11.033800
11.033800
11.033800
11.033800
11.033800
11.033800
11.033800
11.033800
11.033800
11.033800
11.033800
11.033800
11.033800
11.033800
11.033800
11.033700
11.033700
11.033700
11.033700
11.033700
11.033700
11.033700
11.033700
11.033700
11.033700
11.033700
11.033700
11.033700
11.033700
11.033600
11.033600
11.033600
11.033600
11.033600
11.033600
11.033600
11.033600
11.033600
11.033600
11.033600
11.033600
11.033600
11.033500
11.033500
11.033500
11.033500
11.033500
11.033500
11.033500
11.033500
11.033500
11.033500
11.033500
11.033400
11.033400
11.033400
11.033400
11.033400
11.033400
11.033400
11.033400
11.033400
11.033400
11.033400
11.033300
11.033300
11.033300
11.033300
11.033300
11.033300
11.033300
11.033300
11.033300
11.033300
11.033300
11.033200
11.033200
11.033200
11.033200
11.033200
11.033200
11.033200
11.033200
11.033200
11.033200
11.033100
11.033100
11.033100
11.033100
11.033100
11.033100
11.033100
11.033100
11.033100
11.033100
11.033000
11.033000
11.033000
11.033000
11.033000
11.033000
11.033000
11.033000
11.033000
11.033000
11.032900
11.032900
11.032900
11.032900
11.032900
11.032900
11.032900
11.032900
11.032900
11.032800
11.032800
11.032800
11.032800
11.032800
11.032800
11.032800
11.032800
11.032800
11.032700
11.032700
11.032700
11.032700
11.032700
11.032700
11.032700
11.032700
11.032700
11.032600
11.032600
11.032600
11.032600
11.032600
11.032600
11.032600
11.032600
11.032500
11.032500
11.032500
11.032500
11.032500
11.032500
11.032500
11.032500
11.032500
11.032400
11.032400
11.032400
11.032400
11.032400
11.032400
11.032400
11.032400
11.032300
11.032300
11.032300
11.032300
11.032300
11.032300
11.032300
11.032300
11.032200
11.032200
11.032200
11.032200
11.032200
11.032200
11.032200
11.032200
11.032100
11.032100
11.032100
11.032100
11.032100
11.032100
11.032100
11.032100
11.032000
11.032000
11.032000
11.032000
11.032000
11.032000
11.032000
11.032000
11.031900
11.031900
11.031900
11.031900
11.031900
11.031900
11.031900
11.031900
11.031800
11.031800
11.031800
11.031800
11.031800
11.031800
11.031800
11.031800
11.031700
11.031700
11.031700
11.031700
11.031700
11.031700
11.031700
11.031600
11.031600
11.031600
11.031600
11.031600
11.031600
11.031600
11.031600
11.031500
11.031500
11.031500
11.031500
11.031500
11.031500
11.031500
11.031400
11.031400
11.031400
11.031400
11.031400
11.031400
11.031400
11.031400
11.031300
11.031300
11.031300
11.031300
11.031300
11.031300
11.031300
11.031200
11.031200
11.031200
11.031200
11.031200
11.031200
11.031200
11.031200
11.031100
11.031100
11.031100
11.031100
11.031100
11.031100
11.031100
11.031000
11.031000
11.031000
11.031000
11.031000
11.031000
11.031000
11.030900
11.030900
11.030900
11.030900
11.030900
11.030900
11.030900
11.030800
11.030800
11.030800
11.030800
11.030800
11.030800
11.030800
11.030700
11.030700
11.030700
11.030700
11.030700
11.030700
11.030700
11.030600
11.030600
11.030600
11.030600
11.030600
11.030600
11.030600
11.030500
11.030500
11.030500
11.030500
11.030500
11.030500
11.030500
11.030400
11.030400
11.030400
11.030400
11.030400
11.030400
11.030400
11.030300
11.030300
11.030300
11.030300
11.030300
11.030300
11.030300
11.030200
11.030200
11.030200
11.030200
11.030200
11.030200
11.030200
11.030100
11.030100
11.030100
11.030100
11.030100
11.030100
11.030100
11.030000
11.030000
11.030000
11.030000
11.030000
11.030000
11.030000
11.029900
11.029900
11.029900
11.029900
11.029900
11.029900
11.029900
11.029800
11.029800
11.029800
11.029800
11.029800
11.029800
11.029700
11.029700
11.029700
11.029700
11.029700
11.029700
11.029700
11.029600
11.029600
11.029600
11.029600
11.029600
11.029600
11.029600
11.029500
11.029500
11.029500
11.029500
11.029500
11.029500
11.029500
11.029400
11.029400
11.029400
11.029400
11.029400
11.029400
11.029300
11.029300
11.029300
11.029300
11.029300
11.029300
11.029300
11.029200
11.029200
11.029200
11.029200
11.029200
11.029200
11.029200
11.029100
11.029100
11.029100
11.029100
11.029100
11.029100
11.029000
11.029000
11.029000
11.029000
11.029000
11.029000
11.029000
11.028900
11.028900
11.028900
11.028900
11.028900
11.028900
11.028900
11.028800
11.028800
11.028800
11.028800
11.028800
11.028800
11.028700
11.028700
11.028700
11.028700
11.028700
11.028700
11.028700
11.028600
11.028600
11.028600
11.028600
11.028600
11.028600
11.028500
11.028500
11.028500
11.028500
11.028500
11.028500
11.028500
11.028400
11.028400
11.028400
11.028400
11.028400
11.028400
11.028300
11.028300
11.028300
11.028300
11.028300
11.028300
11.028300
11.028200
11.028200
11.028200
11.028200
11.028200
11.028200
11.028100
11.028100
11.028100
11.028100
11.028100
11.028100
11.028100
11.028000
11.028000
11.028000
11.028000
11.028000
11.028000
11.027900
11.027900
11.027900
11.027900
11.027900
11.027900
11.027900
11.027800
11.027800
11.027800
11.027800
11.027800
11.027800
11.027700
11.027700
11.027700
11.027700
11.027700
11.027700
11.027600
11.027600
11.027600
11.027600
11.027600
11.027600
11.027600
11.027500
11.027500
11.027500
11.027500
11.027500
11.027500
11.027400
11.027400
11.027400
11.027400
11.027400
11.027400
11.027400
11.027300
11.027300
11.027300
11.027300
11.027300
11.027300
11.027200
11.027200
11.027200
11.027200
11.027200
11.027200
11.027100
11.027100
11.027100
11.027100
11.027100
11.027100
11.027100
11.027000
11.027000
11.027000
11.027000
11.027000
11.027000
11.026900
11.026900
11.026900
11.026900
11.026900
11.026900
11.026900
11.026800
11.026800
11.026800
11.026800
11.026800
11.026800
11.026700
11.026700
11.026700
11.026700
11.026700
11.026700
11.026600
11.026600
11.026600
11.026600
11.026600
11.026600
11.026600
11.026500
11.026500
11.026500
11.026500
11.026500
11.026500
11.026400
11.026400
11.026400
11.026400
11.026400
11.026400
11.026300
11.026300
11.026300
11.026300
11.026300
11.026300
11.026300
11.026200
11.026200
11.026200
11.026200
11.026200
11.026200
11.026100
11.026100
11.026100
11.026100
11.026100
11.026100
11.026000
11.026000
11.026000
11.026000
11.026000
11.026000
11.025900
11.025900
11.025900
11.025900
11.025900
11.025900
11.025900
11.025800
11.025800
11.025800
11.025800
11.025800
11.025800
11.025700
11.025700
11.025700
11.025700
11.025700
11.025700
11.025600
11.025600
11.025600
11.025600
11.025600
11.025600
11.025600
11.025500
11.025500
11.025500
11.025500
11.025500
11.025500
11.025400
11.025400
11.025400
11.025400
11.025400
11.025400
11.025300
11.025300
