0.101709
0.101815
0.102309
0.103572
0.106639
0.142033
0.403308
0.379498
0.384925
0.413744
0.454926
0.524857
0.623270
0.723978
0.815265
0.894612
0.962845
1.021340
1.071210
1.113330
1.148460
1.177420
1.201100
1.220410
1.236230
1.249270
1.260090
1.269000
1.276110
1.281390
1.284780
1.286280
1.286060
1.284420
1.281700
1.278240
1.274270
1.269970
1.265450
1.260770
1.255970
1.251080
1.246110
1.241080
1.235990
1.230860
1.225680
1.220460
1.215210
1.209940
1.204630
1.199310
1.193960
1.188590
1.183210
1.177810
1.172400
1.166970
1.161540
1.156090
1.150640
1.145180
1.139710
1.134240
1.128760
1.123280
1.117800
1.112320
1.106840
1.101360
1.095880
1.090400
1.084930
1.079470
1.074010
1.068560
1.063110
1.057670
1.052240
1.046820
1.041400
1.036000
1.030610
1.025220
1.019850
1.014490
1.009150
1.003810
0.998487
0.993177
0.987880
0.982596
0.977326
0.972071
0.966829
0.961602
0.956389
0.951191
0.946008
0.940841
0.935688
0.930552
0.925431
0.920326
0.915237
0.910165
0.905109
0.900070
0.895047
0.890041
0.885053
0.880082
0.875128
0.870191
0.865272
0.860371
0.855487
0.850622
0.845775
0.840947
0.836137
0.831346
0.826574
0.821820
0.817086
0.812371
0.807675
0.802999
0.798343
0.793707
0.789090
0.784493
0.779917
0.775361
0.770826
0.766311
0.761817
0.757344
0.752891
0.748460
0.744050
0.739661
0.735294
0.730948
0.726624
0.722321
0.718040
0.713782
0.709545
0.705330
0.701137
0.696967
0.692818
0.688693
0.684589
0.680508
0.676450
0.672414
0.668401
0.664411
0.660443
0.656498
0.652576
0.648677
0.644801
0.640947
0.637117
0.633310
0.629525
0.625764
0.622025
0.618310
0.614617
0.610948
0.607302
0.603678
0.600078
0.596500
0.592946
0.589414
0.585906
0.582420
0.578957
0.575517
0.572100
0.568706
0.565334
0.561985
0.558658
0.555354
0.552073
0.548814
0.545577
0.542363
0.539171
0.536001
0.532853
0.529728
0.526624
0.523543
0.520483
0.517445
0.514429
0.511434
0.508461
0.505509
0.502579
0.499670
0.496782
0.493915
0.491069
0.488244
0.485440
0.482657
0.479894
0.477152
0.474430
0.471728
0.469047
0.466386
0.463744
0.461123
0.458521
0.455939
0.453377
0.450834
0.448310
0.445806
0.443320
0.440854
0.438406
0.435977
0.433567
0.431176
0.428802
0.426447
0.424110
0.421792
0.419491
0.417208
0.414942
0.412695
0.410464
0.408251
0.406055
0.403877
0.401715
0.399570
0.397441
0.395330
0.393235
0.391156
0.389093
0.387047
0.385016
0.383002
0.381003
0.379019
0.377052
0.375099
0.373162
0.371240
0.369333
0.367441
0.365564
0.363702
0.361854
0.360020
0.358201
0.356396
0.354605
0.352828
0.351065
0.349316
0.347581
0.345859
0.344150
0.342455
0.340772
0.339103
0.337447
0.335804
0.334174
0.332556
0.330950
0.329358
0.327777
0.326209
0.324653
0.323108
0.321576
0.320056
0.318547
0.317050
0.315564
0.314090
0.312627
0.311176
0.309735
0.308306
0.306887
0.305480
0.304083
0.302696
0.301321
0.299955
0.298600
0.297256
0.295921
0.294597
0.293283
0.291979
0.290684
0.289399
0.288124
0.286859
0.285603
0.284357
0.283120
0.281892
0.280673
0.279464
0.278263
0.277072
0.275889
0.274716
0.273551
0.272394
0.271247
0.270108
0.268977
0.267855
0.266741
0.265635
0.264537
0.263448
0.262367
0.261293
0.260228
0.259170
0.258121
0.257079
0.256044
0.255017
0.253998
0.252986
0.251982
0.250985
0.249995
0.249013
0.248038
0.247070
0.246109
0.245155
0.244208
0.243267
0.242334
0.241408
0.240488
0.239575
0.238668
0.237769
0.236875
0.235989
0.235108
0.234234
0.233366
0.232505
0.231650
0.230801
0.229958
0.229121
0.228291
0.227466
0.226647
0.225834
0.225027
0.224226
0.223431
0.222641
0.221857
0.221078
0.220306
0.219538
0.218776
0.218020
0.217269
0.216524
0.215783
0.215048
0.214319
0.213594
0.212875
0.212161
0.211452
0.210747
0.210048
0.209354
0.208665
0.207981
0.207301
0.206627
0.205957
0.205291
0.204631
0.203975
0.203324
0.202677
0.202035
0.201398
0.200765
0.200136
0.199512
0.198892
0.198277
0.197666
0.197059
0.196456
0.195858
0.195263
0.194673
0.194087
0.193505
0.192927
0.192354
0.191784
0.191218
0.190656
0.190098
0.189543
0.188993
0.188446
0.187903
0.187364
0.186828
0.186297
0.185769
0.185244
0.184723
0.184206
0.183692
0.183182
0.182675
0.182171
0.181671
0.181175
0.180681
0.180192
0.179705
0.179222
0.178742
0.178265
0.177791
0.177321
0.176854
0.176390
0.175929
0.175471
0.175016
0.174565
0.174116
0.173670
0.173227
0.172788
0.172351
0.171917
0.171486
0.171057
0.170632
0.170209
0.169790
0.169373
0.168958
0.168547
0.168138
0.167732
0.167328
0.166928
0.166529
0.166134
0.165741
0.165350
0.164962
0.164577
0.164194
0.163814
0.163436
0.163060
0.162687
0.162317
0.161948
0.161582
0.161219
0.160858
0.160499
0.160142
0.159788
0.159436
0.159086
0.158739
0.158394
0.158050
0.157710
0.157371
0.157034
0.156700
0.156367
0.156037
0.155709
0.155383
0.155059
0.154737
0.154417
0.154099
0.153783
0.153469
0.153157
0.152847
0.152539
0.152233
0.151929
0.151626
0.151326
0.151027
0.150730
0.150435
0.150142
0.149851
0.149561
0.149274
0.148988
0.148704
0.148421
0.148140
0.147861
0.147584
0.147309
0.147035
0.146763
0.146492
0.146223
0.145956
0.145690
0.145426
0.145164
0.144903
0.144644
0.144386
0.144130
0.143875
0.143622
0.143371
0.143121
0.142872
0.142625
0.142380
0.142136
0.141893
0.141652
0.141412
0.141174
0.140937
0.140702
0.140468
0.140235
0.140004
0.139774
0.139545
0.139318
0.139092
0.138868
0.138645
0.138423
0.138202
0.137983
0.137765
0.137548
0.137333
0.137119
0.136906
0.136694
0.136484
0.136274
0.136066
0.135860
0.135654
0.135450
0.135247
0.135045
0.134844
0.134644
0.134445
0.134248
0.134052
0.133857
0.133663
0.133470
0.133278
0.133088
0.132898
0.132709
0.132522
0.132336
0.132151
0.131966
0.131783
0.131601
0.131420
0.131240
0.131061
0.130883
0.130706
0.130530
0.130355
0.130181
0.130008
0.129836
0.129665
0.129495
0.129326
0.129157
0.128990
0.128824
0.128659
0.128494
0.128331
0.128168
0.128006
0.127846
0.127686
0.127527
0.127369
0.127211
0.127055
0.126900
0.126745
0.126591
0.126438
0.126286
0.126135
0.125985
0.125835
0.125686
0.125539
0.125391
0.125245
0.125100
0.124955
0.124811
0.124668
0.124526
0.124384
0.124244
0.124104
0.123965
0.123826
0.123688
0.123552
0.123415
0.123280
0.123145
0.123011
0.122878
0.122746
0.122614
0.122483
0.122352
0.122223
0.122094
0.121966
0.121838
0.121711
0.121585
0.121460
0.121335
0.121211
0.121087
0.120964
0.120842
0.120721
0.120600
0.120480
0.120360
0.120241
0.120123
0.120005
0.119888
0.119772
0.119656
0.119541
0.119427
0.119313
0.119199
0.119087
0.118975
0.118863
0.118752
0.118642
0.118532
0.118423
0.118314
0.118207
0.118099
0.117992
0.117886
0.117780
0.117675
0.117570
0.117466
0.117363
0.117260
0.117158
0.117056
0.116954
0.116854
0.116753
0.116654
0.116554
0.116456
0.116357
0.116260
0.116163
0.116066
0.115970
0.115874
0.115779
0.115684
0.115590
0.115497
0.115403
0.115311
0.115219
0.115127
0.115036
0.114945
0.114855
0.114765
0.114675
0.114586
0.114498
0.114410
0.114323
0.114235
0.114149
0.114063
0.113977
0.113892
0.113807
0.113722
0.113639
0.113555
0.113472
0.113389
0.113307
0.113225
0.113144
0.113063
0.112982
0.112902
0.112822
0.112743
0.112664
0.112586
0.112507
0.112430
0.112352
0.112276
0.112199
0.112123
0.112047
0.111972
0.111897
0.111822
0.111748
0.111674
0.111601
0.111528
0.111455
0.111383
0.111311
0.111239
0.111168
0.111097
0.111026
0.110956
0.110887
0.110817
0.110748
0.110679
0.110611
0.110543
0.110475
0.110408
0.110341
0.110274
0.110208
0.110142
0.110076
0.110011
0.109946
0.109881
0.109817
0.109753
0.109689
0.109626
0.109563
0.109500
0.109437
0.109375
0.109313
0.109252
0.109191
0.109130
0.109069
0.109009
0.108949
0.108890
0.108830
0.108771
0.108712
0.108654
0.108596
0.108538
0.108480
0.108423
0.108366
0.108309
0.108253
0.108197
0.108141
0.108085
0.108030
0.107975
0.107920
0.107865
0.107811
0.107757
0.107704
0.107650
0.107597
0.107544
0.107491
0.107439
0.107387
0.107335
0.107284
0.107232
0.107181
0.107130
0.107080
0.107029
0.106979
0.106930
0.106880
0.106831
0.106782
0.106733
0.106684
0.106636
0.106588
0.106540
0.106492
0.106445
0.106398
0.106351
0.106304
0.106258
0.106211
0.106165
0.106120
0.106074
0.106029
0.105984
0.105939
0.105894
0.105850
0.105805
0.105761
0.105718
0.105674
0.105631
0.105588
0.105545
0.105502
0.105459
0.105417
0.105375
0.105333
0.105291
0.105250
0.105209
0.105168
0.105127
0.105086
0.105046
0.105005
0.104965
0.104926
0.104886
0.104846
0.104807
0.104768
0.104729
0.104690
0.104652
0.104614
0.104575
0.104538
0.104500
0.104462
0.104425
0.104388
0.104351
0.104314
0.104277
0.104241
0.104204
0.104168
0.104132
0.104096
0.104061
0.104025
0.103990
0.103955
0.103920
0.103886
0.103851
0.103817
0.103782
0.103748
0.103714
0.103681
0.103647
0.103614
0.103581
0.103547
0.103515
0.103482
0.103449
0.103417
0.103385
0.103352
0.103320
0.103289
0.103257
0.103226
0.103194
0.103163
0.103132
0.103101
0.103070
0.103040
0.103009
0.102979
0.102949
0.102919
0.102889
0.102860
0.102830
0.102801
0.102771
0.102742
0.102713
0.102684
0.102656
0.102627
0.102599
0.102571
0.102542
0.102514
0.102487
0.102459
0.102431
0.102404
0.102376
0.102349
0.102322
0.102295
0.102269
0.102242
0.102215
0.102189
0.102163
0.102137
0.102111
0.102085
0.102059
0.102033
0.102008
0.101982
0.101957
0.101932
0.101907
0.101882
0.101857
0.101833
0.101808
0.101784
0.101759
0.101735
0.101711
0.101817
0.102312
0.103574
0.106641
0.141959
0.403329
0.379518
0.384940
0.413753
0.454930
0.524862
0.623272
0.723976
0.815259
0.894604
0.962835
1.021330
1.071200
1.113320
1.148450
1.177420
1.201100
1.220410
1.236220
1.249270
1.260090
1.269000
1.276110
1.281400
1.284780
1.286290
1.286070
1.284430
1.281710
1.278250
1.274280
1.269980
1.265460
1.260780
1.255980
1.251090
1.246120
1.241090
1.236000
1.230870
1.225690
1.220470
1.215230
1.209950
1.204640
1.199320
1.193970
1.188610
1.183220
1.177820
1.172410
1.166990
1.161550
1.156110
1.150650
1.145190
1.139720
1.134250
1.128770
1.123290
1.117810
1.112330
1.106850
1.101370
1.095890
1.090420
1.084950
1.079480
1.074020
1.068570
1.063120
1.057680
1.052250
1.046830
1.041420
1.036010
1.030620
1.025240
1.019870
1.014510
1.009160
1.003830
0.998503
0.993193
0.987896
0.982612
0.977343
0.972087
0.966845
0.961618
0.956405
0.951208
0.946025
0.940857
0.935705
0.930569
0.925448
0.920343
0.915255
0.910182
0.905126
0.900087
0.895064
0.890059
0.885070
0.880099
0.875145
0.870208
0.865289
0.860388
0.855505
0.850640
0.845793
0.840965
0.836155
0.831364
0.826592
0.821838
0.817104
0.812389
0.807694
0.803018
0.798362
0.793725
0.789109
0.784512
0.779936
0.775380
0.770845
0.766330
0.761836
0.757363
0.752911
0.748479
0.744069
0.739681
0.735313
0.730967
0.726643
0.722341
0.718060
0.713801
0.709564
0.705350
0.701157
0.696987
0.692838
0.688713
0.684609
0.680528
0.676470
0.672434
0.668421
0.664431
0.660463
0.656519
0.652597
0.648697
0.644821
0.640968
0.637137
0.633330
0.629546
0.625784
0.622046
0.618330
0.614638
0.610969
0.607322
0.603699
0.600099
0.596521
0.592967
0.589436
0.585927
0.582441
0.578978
0.575538
0.572121
0.568727
0.565355
0.562006
0.558679
0.555375
0.552094
0.548835
0.545598
0.542384
0.539192
0.536022
0.532874
0.529749
0.526645
0.523564
0.520504
0.517466
0.514449
0.511455
0.508482
0.505530
0.502600
0.499690
0.496803
0.493936
0.491090
0.488265
0.485461
0.482678
0.479915
0.477173
0.474451
0.471749
0.469068
0.466406
0.463765
0.461144
0.458542
0.455960
0.453397
0.450854
0.448331
0.445826
0.443341
0.440874
0.438426
0.435998
0.433587
0.431196
0.428822
0.426467
0.424131
0.421812
0.419511
0.417228
0.414962
0.412714
0.410484
0.408271
0.406075
0.403896
0.401734
0.399589
0.397461
0.395349
0.393254
0.391175
0.389112
0.387066
0.385035
0.383021
0.381022
0.379038
0.377071
0.375118
0.373181
0.371259
0.369352
0.367460
0.365583
0.363720
0.361872
0.360039
0.358220
0.356415
0.354624
0.352847
0.351084
0.349334
0.347599
0.345877
0.344168
0.342473
0.340790
0.339121
0.337465
0.335822
0.334191
0.332573
0.330968
0.329375
0.327795
0.326226
0.324670
0.323126
0.321594
0.320073
0.318564
0.317067
0.315582
0.314107
0.312644
0.311193
0.309752
0.308323
0.306904
0.305496
0.304099
0.302713
0.301337
0.299972
0.298617
0.297272
0.295938
0.294613
0.293299
0.291995
0.290700
0.289415
0.288140
0.286875
0.285619
0.284372
0.283135
0.281907
0.280689
0.279479
0.278279
0.277087
0.275905
0.274731
0.273566
0.272410
0.271262
0.270123
0.268992
0.267870
0.266755
0.265650
0.264552
0.263463
0.262381
0.261308
0.260242
0.259185
0.258135
0.257093
0.256058
0.255032
0.254012
0.253000
0.251996
0.250999
0.250009
0.249027
0.248051
0.247083
0.246122
0.245168
0.244221
0.243281
0.242348
0.241421
0.240501
0.239588
0.238682
0.237782
0.236888
0.236002
0.235121
0.234247
0.233379
0.232518
0.231663
0.230814
0.229971
0.229134
0.228303
0.227479
0.226660
0.225847
0.225040
0.224238
0.223443
0.222653
0.221869
0.221091
0.220318
0.219550
0.218789
0.218032
0.217281
0.216536
0.215795
0.215060
0.214330
0.213606
0.212887
0.212172
0.211463
0.210759
0.210060
0.209366
0.208676
0.207992
0.207312
0.206638
0.205968
0.205303
0.204642
0.203986
0.203335
0.202688
0.202046
0.201409
0.200776
0.200147
0.199523
0.198903
0.198288
0.197676
0.197069
0.196467
0.195868
0.195274
0.194684
0.194098
0.193516
0.192938
0.192364
0.191794
0.191228
0.190666
0.190108
0.189553
0.189003
0.188456
0.187913
0.187374
0.186838
0.186307
0.185778
0.185254
0.184733
0.184215
0.183701
0.183191
0.182684
0.182181
0.181681
0.181184
0.180691
0.180201
0.179714
0.179231
0.178751
0.178274
0.177801
0.177330
0.176863
0.176399
0.175938
0.175480
0.175025
0.174573
0.174125
0.173679
0.173236
0.172796
0.172359
0.171925
0.171494
0.171066
0.170641
0.170218
0.169798
0.169381
0.168967
0.168555
0.168146
0.167740
0.167337
0.166936
0.166538
0.166142
0.165749
0.165358
0.164970
0.164585
0.164202
0.163822
0.163444
0.163068
0.162695
0.162324
0.161956
0.161590
0.161227
0.160866
0.160507
0.160150
0.159796
0.159444
0.159094
0.158746
0.158401
0.158058
0.157717
0.157378
0.157042
0.156707
0.156375
0.156045
0.155716
0.155390
0.155066
0.154744
0.154424
0.154106
0.153790
0.153476
0.153164
0.152854
0.152546
0.152240
0.151936
0.151633
0.151333
0.151034
0.150737
0.150442
0.150149
0.149858
0.149568
0.149281
0.148995
0.148710
0.148428
0.148147
0.147868
0.147591
0.147315
0.147041
0.146769
0.146499
0.146230
0.145962
0.145697
0.145433
0.145170
0.144909
0.144650
0.144392
0.144136
0.143882
0.143629
0.143377
0.143127
0.142879
0.142632
0.142386
0.142142
0.141899
0.141658
0.141418
0.141180
0.140943
0.140708
0.140474
0.140241
0.140010
0.139780
0.139551
0.139324
0.139098
0.138874
0.138651
0.138429
0.138208
0.137989
0.137771
0.137554
0.137339
0.137124
0.136912
0.136700
0.136489
0.136280
0.136072
0.135865
0.135660
0.135455
0.135252
0.135050
0.134849
0.134650
0.134451
0.134254
0.134057
0.133862
0.133668
0.133475
0.133284
0.133093
0.132903
0.132715
0.132527
0.132341
0.132156
0.131972
0.131788
0.131606
0.131425
0.131245
0.131066
0.130888
0.130711
0.130535
0.130360
0.130186
0.130013
0.129841
0.129670
0.129500
0.129331
0.129163
0.128995
0.128829
0.128664
0.128499
0.128336
0.128173
0.128011
0.127851
0.127691
0.127532
0.127374
0.127216
0.127060
0.126904
0.126750
0.126596
0.126443
0.126291
0.126140
0.125989
0.125840
0.125691
0.125543
0.125396
0.125250
0.125104
0.124960
0.124816
0.124673
0.124531
0.124389
0.124248
0.124108
0.123969
0.123831
0.123693
0.123556
0.123420
0.123285
0.123150
0.123016
0.122883
0.122750
0.122618
0.122487
0.122357
0.122227
0.122098
0.121970
0.121842
0.121716
0.121589
0.121464
0.121339
0.121215
0.121091
0.120969
0.120847
0.120725
0.120604
0.120484
0.120364
0.120246
0.120127
0.120010
0.119893
0.119776
0.119660
0.119545
0.119431
0.119317
0.119204
0.119091
0.118979
0.118867
0.118756
0.118646
0.118536
0.118427
0.118319
0.118211
0.118103
0.117996
0.117890
0.117784
0.117679
0.117575
0.117470
0.117367
0.117264
0.117162
0.117060
0.116958
0.116858
0.116757
0.116658
0.116558
0.116460
0.116361
0.116264
0.116167
0.116070
0.115974
0.115878
0.115783
0.115688
0.115594
0.115500
0.115407
0.115315
0.115222
0.115131
0.115039
0.114949
0.114858
0.114769
0.114679
0.114590
0.114502
0.114414
0.114326
0.114239
0.114153
0.114066
0.113981
0.113895
0.113811
0.113726
0.113642
0.113559
0.113476
0.113393
0.113311
0.113229
0.113147
0.113066
0.112986
0.112906
0.112826
0.112747
0.112668
0.112589
0.112511
0.112433
0.112356
0.112279
0.112203
0.112126
0.112051
0.111975
0.111900
0.111826
0.111752
0.111678
0.111604
0.111531
0.111458
0.111386
0.111314
0.111243
0.111171
0.111100
0.111030
0.110960
0.110890
0.110821
0.110751
0.110683
0.110614
0.110546
0.110479
0.110411
0.110344
0.110277
0.110211
0.110145
0.110079
0.110014
0.109949
0.109884
0.109820
0.109756
0.109692
0.109629
0.109566
0.109503
0.109441
0.109379
0.109317
0.109255
0.109194
0.109133
0.109073
0.109012
0.108952
0.108893
0.108833
0.108774
0.108716
0.108657
0.108599
0.108541
0.108483
0.108426
0.108369
0.108312
0.108256
0.108200
0.108144
0.108088
0.108033
0.107978
0.107923
0.107869
0.107814
0.107760
0.107707
0.107653
0.107600
0.107547
0.107495
0.107442
0.107390
0.107338
0.107287
0.107235
0.107184
0.107133
0.107083
0.107033
0.106982
0.106933
0.106883
0.106834
0.106785
0.106736
0.106687
0.106639
0.106591
0.106543
0.106495
0.106448
0.106401
0.106354
0.106307
0.106261
0.106214
0.106168
0.106122
0.106077
0.106032
0.105986
0.105942
0.105897
0.105852
0.105808
0.105764
0.105720
0.105677
0.105634
0.105590
0.105547
0.105505
0.105462
0.105420
0.105378
0.105336
0.105294
0.105253
0.105212
0.105171
0.105130
0.105089
0.105049
0.105008
0.104968
0.104928
0.104889
0.104849
0.104810
0.104771
0.104732
0.104693
0.104655
0.104616
0.104578
0.104540
0.104503
0.104465
0.104428
0.104390
0.104353
0.104317
0.104280
0.104243
0.104207
0.104171
0.104135
0.104099
0.104064
0.104028
0.103993
0.103958
0.103923
0.103888
0.103854
0.103819
0.103785
0.103751
0.103717
0.103683
0.103650
0.103616
0.103583
0.103550
0.103517
0.103484
0.103452
0.103419
0.103387
0.103355
0.103323
0.103291
0.103260
0.103228
0.103197
0.103166
0.103135
0.103104
0.103073
0.103042
0.103012
0.102982
0.102952
0.102922
0.102892
0.102862
0.102833
0.102803
0.102774
0.102745
0.102716
0.102687
0.102658
0.102630
0.102601
0.102573
0.102545
0.102517
0.102489
0.102461
0.102434
0.102406
0.102379
0.102352
0.102325
0.102298
0.102271
0.102244
0.102218
0.102191
0.102165
0.102139
0.102113
0.102087
0.102061
0.102036
0.102010
0.101985
0.101960
0.101934
0.101909
0.101885
0.101860
0.101835
0.101811
0.101786
0.101762
0.101738
0.101714
0.101820
0.102314
0.103577
0.106644
0.142001
0.403329
0.379516
0.384936
0.413748
0.454924
0.524854
0.623254
0.723962
0.815247
0.894591
0.962823
1.021310
1.071190
1.113310
1.148440
1.177410
1.201090
1.220410
1.236220
1.249270
1.260090
1.269000
1.276120
1.281400
1.284790
1.286290
1.286080
1.284440
1.281730
1.278260
1.274300
1.270000
1.265480
1.260790
1.256000
1.251110
1.246140
1.241110
1.236020
1.230890
1.225710
1.220490
1.215240
1.209970
1.204660
1.199340
1.193990
1.188620
1.183240
1.177840
1.172430
1.167010
1.161570
1.156130
1.150670
1.145210
1.139740
1.134270
1.128790
1.123310
1.117830
1.112350
1.106870
1.101390
1.095910
1.090440
1.084970
1.079500
1.074050
1.068590
1.063150
1.057710
1.052280
1.046850
1.041440
1.036040
1.030640
1.025260
1.019890
1.014530
1.009180
1.003850
0.998526
0.993216
0.987919
0.982635
0.977366
0.972110
0.966868
0.961641
0.956429
0.951231
0.946048
0.940881
0.935729
0.930592
0.925472
0.920367
0.915278
0.910206
0.905150
0.900111
0.895089
0.890083
0.885095
0.880123
0.875169
0.870233
0.865314
0.860413
0.855530
0.850665
0.845818
0.840990
0.836180
0.831389
0.826617
0.821864
0.817129
0.812415
0.807719
0.803043
0.798387
0.793751
0.789134
0.784538
0.779962
0.775406
0.770870
0.766356
0.761862
0.757389
0.752936
0.748505
0.744095
0.739706
0.735339
0.730993
0.726669
0.722367
0.718086
0.713827
0.709591
0.705376
0.701183
0.697013
0.692865
0.688739
0.684636
0.680555
0.676496
0.672461
0.668448
0.664457
0.660490
0.656545
0.652623
0.648724
0.644848
0.640994
0.637164
0.633357
0.629572
0.625811
0.622072
0.618357
0.614665
0.610995
0.607349
0.603726
0.600125
0.596548
0.592993
0.589462
0.585953
0.582468
0.579005
0.575565
0.572147
0.568753
0.565381
0.562032
0.558705
0.555401
0.552120
0.548861
0.545624
0.542410
0.539218
0.536048
0.532900
0.529775
0.526671
0.523589
0.520530
0.517492
0.514475
0.511480
0.508507
0.505555
0.502625
0.499716
0.496828
0.493961
0.491115
0.488290
0.485486
0.482703
0.479940
0.477198
0.474476
0.471774
0.469092
0.466431
0.463790
0.461168
0.458566
0.455984
0.453422
0.450879
0.448355
0.445850
0.443365
0.440898
0.438451
0.436022
0.433611
0.431220
0.428846
0.426492
0.424155
0.421836
0.419535
0.417251
0.414986
0.412738
0.410508
0.408294
0.406098
0.403919
0.401758
0.399612
0.397484
0.395372
0.393277
0.391198
0.389135
0.387089
0.385058
0.383043
0.381044
0.379061
0.377093
0.375140
0.373203
0.371281
0.369374
0.367482
0.365605
0.363742
0.361894
0.360060
0.358241
0.356436
0.354645
0.352868
0.351105
0.349356
0.347620
0.345898
0.344189
0.342493
0.340811
0.339142
0.337486
0.335842
0.334212
0.332594
0.330988
0.329395
0.327815
0.326246
0.324690
0.323146
0.321613
0.320093
0.318584
0.317087
0.315601
0.314127
0.312664
0.311212
0.309771
0.308342
0.306923
0.305515
0.304118
0.302732
0.301356
0.299990
0.298635
0.297290
0.295956
0.294632
0.293317
0.292013
0.290718
0.289433
0.288158
0.286893
0.285637
0.284390
0.283153
0.281925
0.280706
0.279497
0.278296
0.277104
0.275922
0.274748
0.273583
0.272426
0.271279
0.270139
0.269009
0.267886
0.266772
0.265666
0.264569
0.263479
0.262398
0.261324
0.260259
0.259201
0.258151
0.257109
0.256074
0.255047
0.254028
0.253016
0.252012
0.251015
0.250025
0.249042
0.248067
0.247099
0.246137
0.245183
0.244236
0.243296
0.242363
0.241436
0.240516
0.239603
0.238696
0.237796
0.236903
0.236016
0.235136
0.234261
0.233394
0.232532
0.231677
0.230828
0.229985
0.229148
0.228317
0.227492
0.226673
0.225861
0.225053
0.224252
0.223457
0.222667
0.221882
0.221104
0.220331
0.219564
0.218802
0.218045
0.217294
0.216548
0.215808
0.215073
0.214343
0.213619
0.212899
0.212185
0.211476
0.210771
0.210072
0.209378
0.208689
0.208004
0.207325
0.206650
0.205980
0.205315
0.204654
0.203998
0.203347
0.202700
0.202058
0.201421
0.200787
0.200159
0.199534
0.198915
0.198299
0.197688
0.197081
0.196478
0.195880
0.195285
0.194695
0.194109
0.193527
0.192949
0.192375
0.191805
0.191239
0.190677
0.190118
0.189564
0.189013
0.188467
0.187924
0.187384
0.186849
0.186317
0.185789
0.185264
0.184743
0.184226
0.183712
0.183201
0.182694
0.182191
0.181691
0.181194
0.180701
0.180211
0.179724
0.179241
0.178761
0.178284
0.177810
0.177340
0.176873
0.176409
0.175948
0.175490
0.175035
0.174583
0.174134
0.173688
0.173246
0.172806
0.172369
0.171935
0.171504
0.171075
0.170650
0.170227
0.169807
0.169390
0.168976
0.168564
0.168155
0.167749
0.167346
0.166945
0.166546
0.166151
0.165758
0.165367
0.164979
0.164594
0.164211
0.163830
0.163452
0.163077
0.162704
0.162333
0.161965
0.161599
0.161235
0.160874
0.160515
0.160158
0.159804
0.159452
0.159102
0.158755
0.158409
0.158066
0.157725
0.157386
0.157050
0.156715
0.156383
0.156052
0.155724
0.155398
0.155074
0.154752
0.154432
0.154114
0.153798
0.153484
0.153172
0.152862
0.152554
0.152247
0.151943
0.151641
0.151340
0.151041
0.150745
0.150450
0.150156
0.149865
0.149576
0.149288
0.149002
0.148718
0.148435
0.148154
0.147875
0.147598
0.147322
0.147049
0.146776
0.146506
0.146237
0.145969
0.145704
0.145440
0.145177
0.144916
0.144657
0.144399
0.144143
0.143889
0.143635
0.143384
0.143134
0.142885
0.142638
0.142393
0.142149
0.141906
0.141665
0.141425
0.141187
0.140950
0.140714
0.140480
0.140248
0.140016
0.139786
0.139558
0.139331
0.139105
0.138880
0.138657
0.138435
0.138214
0.137995
0.137777
0.137560
0.137345
0.137131
0.136918
0.136706
0.136496
0.136286
0.136078
0.135871
0.135666
0.135461
0.135258
0.135056
0.134855
0.134656
0.134457
0.134260
0.134063
0.133868
0.133674
0.133481
0.133289
0.133099
0.132909
0.132721
0.132533
0.132347
0.132162
0.131977
0.131794
0.131612
0.131431
0.131251
0.131072
0.130894
0.130717
0.130541
0.130366
0.130192
0.130019
0.129847
0.129676
0.129505
0.129336
0.129168
0.129001
0.128834
0.128669
0.128505
0.128341
0.128178
0.128017
0.127856
0.127696
0.127537
0.127379
0.127222
0.127065
0.126910
0.126755
0.126601
0.126448
0.126296
0.126145
0.125995
0.125845
0.125696
0.125548
0.125401
0.125255
0.125110
0.124965
0.124821
0.124678
0.124536
0.124394
0.124253
0.124113
0.123974
0.123836
0.123698
0.123561
0.123425
0.123289
0.123155
0.123021
0.122887
0.122755
0.122623
0.122492
0.122362
0.122232
0.122103
0.121975
0.121847
0.121720
0.121594
0.121469
0.121344
0.121220
0.121096
0.120973
0.120851
0.120730
0.120609
0.120489
0.120369
0.120250
0.120132
0.120014
0.119897
0.119781
0.119665
0.119550
0.119435
0.119321
0.119208
0.119095
0.118983
0.118872
0.118761
0.118651
0.118541
0.118432
0.118323
0.118215
0.118108
0.118001
0.117894
0.117789
0.117684
0.117579
0.117475
0.117371
0.117268
0.117166
0.117064
0.116963
0.116862
0.116762
0.116662
0.116563
0.116464
0.116366
0.116268
0.116171
0.116074
0.115978
0.115882
0.115787
0.115692
0.115598
0.115505
0.115411
0.115319
0.115226
0.115135
0.115043
0.114953
0.114862
0.114773
0.114683
0.114594
0.114506
0.114418
0.114330
0.114243
0.114157
0.114070
0.113985
0.113899
0.113815
0.113730
0.113646
0.113563
0.113479
0.113397
0.113315
0.113233
0.113151
0.113070
0.112990
0.112910
0.112830
0.112750
0.112672
0.112593
0.112515
0.112437
0.112360
0.112283
0.112206
0.112130
0.112054
0.111979
0.111904
0.111830
0.111755
0.111681
0.111608
0.111535
0.111462
0.111390
0.111318
0.111246
0.111175
0.111104
0.111034
0.110963
0.110894
0.110824
0.110755
0.110686
0.110618
0.110550
0.110482
0.110415
0.110348
0.110281
0.110215
0.110149
0.110083
0.110018
0.109953
0.109888
0.109824
0.109760
0.109696
0.109632
0.109569
0.109507
0.109444
0.109382
0.109320
0.109259
0.109198
0.109137
0.109076
0.109016
0.108956
0.108896
0.108837
0.108778
0.108719
0.108661
0.108602
0.108544
0.108487
0.108430
0.108372
0.108316
0.108259
0.108203
0.108147
0.108092
0.108036
0.107981
0.107926
0.107872
0.107818
0.107764
0.107710
0.107657
0.107603
0.107550
0.107498
0.107445
0.107393
0.107341
0.107290
0.107239
0.107187
0.107137
0.107086
0.107036
0.106986
0.106936
0.106886
0.106837
0.106788
0.106739
0.106690
0.106642
0.106594
0.106546
0.106498
0.106451
0.106404
0.106357
0.106310
0.106264
0.106217
0.106171
0.106126
0.106080
0.106035
0.105990
0.105945
0.105900
0.105856
0.105811
0.105767
0.105724
0.105680
0.105637
0.105593
0.105551
0.105508
0.105465
0.105423
0.105381
0.105339
0.105297
0.105256
0.105215
0.105174
0.105133
0.105092
0.105052
0.105011
0.104971
0.104931
0.104892
0.104852
0.104813
0.104774
0.104735
0.104696
0.104658
0.104619
0.104581
0.104543
0.104506
0.104468
0.104431
0.104393
0.104356
0.104319
0.104283
0.104246
0.104210
0.104174
0.104138
0.104102
0.104067
0.104031
0.103996
0.103961
0.103926
0.103891
0.103857
0.103822
0.103788
0.103754
0.103720
0.103686
0.103653
0.103619
0.103586
0.103553
0.103520
0.103487
0.103455
0.103422
0.103390
0.103358
0.103326
0.103294
0.103262
0.103231
0.103200
0.103168
0.103137
0.103107
0.103076
0.103045
0.103015
0.102985
0.102954
0.102924
0.102895
0.102865
0.102835
0.102806
0.102777
0.102748
0.102719
0.102690
0.102661
0.102633
0.102604
0.102576
0.102548
0.102520
0.102492
0.102464
0.102436
0.102409
0.102382
0.102355
0.102327
0.102301
0.102274
0.102247
0.102221
0.102194
0.102168
0.102142
0.102116
0.102090
0.102064
0.102038
0.102013
0.101987
0.101962
0.101937
0.101912
0.101887
0.101862
0.101838
0.101813
0.101789
0.101764
0.101740
0.101716
