0.084960
0.085088
0.085593
0.086780
0.089352
0.096599
0.437682
0.400252
0.396666
0.436369
0.503186
0.617312
0.771183
0.917483
1.035270
1.121440
1.180040
1.217250
1.239570
1.252780
1.261050
1.266520
1.269610
1.270060
1.267940
1.263950
1.258920
1.253480
1.247940
1.242400
1.236860
1.231290
1.225650
1.219920
1.214090
1.208150
1.202090
1.195920
1.189640
1.183240
1.176750
1.170140
1.163450
1.156650
1.149770
1.142800
1.135760
1.128640
1.121450
1.114190
1.106880
1.099510
1.092090
1.084620
1.077110
1.069550
1.061970
1.054350
1.046700
1.039030
1.031330
1.023620
1.015890
1.008140
1.000390
0.992625
0.984857
0.977086
0.969313
0.961543
0.953776
0.946015
0.938263
0.930520
0.922790
0.915073
0.907373
0.899691
0.892027
0.884385
0.876766
0.869171
0.861602
0.854060
0.846547
0.839064
0.831613
0.824195
0.816810
0.809461
0.802149
0.794874
0.787638
0.780442
0.773287
0.766174
0.759104
0.752077
0.745095
0.738159
0.731269
0.724427
0.717632
0.710886
0.704190
0.697543
0.690948
0.684403
0.677911
0.671470
0.665083
0.658749
0.652469
0.646243
0.640071
0.633955
0.627894
0.621888
0.615938
0.610044
0.604206
0.598425
0.592700
0.587032
0.581420
0.575866
0.570368
0.564927
0.559543
0.554215
0.548945
0.543730
0.538573
0.533472
0.528427
0.523438
0.518505
0.513628
0.508806
0.504040
0.499328
0.494671
0.490068
0.485520
0.481025
0.476583
0.472195
0.467859
0.463575
0.459343
0.455163
0.451034
0.446955
0.442927
0.438948
0.435019
0.431139
0.427307
0.423522
0.419786
0.416096
0.412453
0.408856
0.405304
0.401797
0.398335
0.394917
0.391543
0.388211
0.384922
0.381675
0.378470
0.375306
0.372182
0.369098
0.366054
0.363049
0.360082
0.357154
0.354263
0.351409
0.348591
0.345810
0.343065
0.340354
0.337678
0.335037
0.332429
0.329854
0.327313
0.324803
0.322326
0.319880
0.317465
0.315081
0.312726
0.310402
0.308107
0.305841
0.303603
0.301393
0.299211
0.297057
0.294929
0.292828
0.290753
0.288703
0.286679
0.284680
0.282706
0.280756
0.278830
0.276927
0.275048
0.273192
0.271358
0.269546
0.267757
0.265989
0.264242
0.262517
0.260812
0.259127
0.257463
0.255818
0.254193
0.252587
0.251000
0.249432
0.247882
0.246351
0.244837
0.243341
0.241862
0.240401
0.238956
0.237528
0.236117
0.234721
0.233342
0.231978
0.230630
0.229297
0.227980
0.226677
0.225389
0.224115
0.222856
0.221611
0.220379
0.219162
0.217957
0.216767
0.215589
0.214424
0.213272
0.212133
0.211006
0.209891
0.208789
0.207698
0.206620
0.205552
0.204497
0.203452
0.202419
0.201397
0.200386
0.199386
0.198396
0.197416
0.196447
0.195488
0.194540
0.193601
0.192672
0.191752
0.190842
0.189942
0.189051
0.188169
0.187296
0.186432
0.185577
0.184731
0.183893
0.183064
0.182243
0.181431
0.180627
0.179830
0.179042
0.178262
0.177490
0.176725
0.175968
0.175218
0.174476
0.173741
0.173014
0.172293
0.171580
0.170874
0.170174
0.169482
0.168796
0.168117
0.167444
0.166778
0.166118
0.165465
0.164818
0.164177
0.163542
0.162913
0.162290
0.161674
0.161063
0.160457
0.159858
0.159264
0.158676
0.158093
0.157516
0.156944
0.156377
0.155816
0.155260
0.154709
0.154163
0.153622
0.153086
0.152555
0.152029
0.151508
0.150991
0.150479
0.149972
0.149469
0.148971
0.148478
0.147989
0.147504
0.147023
0.146547
0.146075
0.145608
0.145144
0.144685
0.144230
0.143778
0.143331
0.142888
0.142448
0.142012
0.141581
0.141153
0.140728
0.140308
0.139891
0.139477
0.139068
0.138661
0.138259
0.137859
0.137463
0.137071
0.136682
0.136296
0.135914
0.135534
0.135158
0.134786
0.134416
0.134049
0.133686
0.133325
0.132968
0.132614
0.132262
0.131914
0.131568
0.131225
0.130886
0.130548
0.130214
0.129883
0.129554
0.129228
0.128905
0.128584
0.128266
0.127950
0.127637
0.127327
0.127019
0.126714
0.126411
0.126110
0.125812
0.125517
0.125224
0.124933
0.124644
0.124358
0.124074
0.123793
0.123513
0.123236
0.122961
0.122688
0.122418
0.122149
0.121883
0.121619
0.121356
0.121096
0.120838
0.120582
0.120328
0.120076
0.119826
0.119578
0.119332
0.119088
0.118845
0.118605
0.118366
0.118129
0.117894
0.117661
0.117430
0.117200
0.116972
0.116746
0.116522
0.116299
0.116078
0.115859
0.115641
0.115425
0.115211
0.114998
0.114787
0.114578
0.114370
0.114164
0.113959
0.113756
0.113554
0.113354
0.113155
0.112958
0.112762
0.112568
0.112375
0.112184
0.111994
0.111805
0.111618
0.111432
0.111248
0.111065
0.110883
0.110703
0.110524
0.110346
0.110170
0.109995
0.109821
0.109648
0.109477
0.109307
0.109138
0.108971
0.108804
0.108639
0.108475
0.108312
0.108151
0.107990
0.107831
0.107673
0.107516
0.107360
0.107206
0.107052
0.106899
0.106748
0.106598
0.106448
0.106300
0.106153
0.106007
0.105862
0.105718
0.105575
0.105433
0.105292
0.105152
0.105013
0.104875
0.104738
0.104602
0.104467
0.104333
0.104200
0.104068
0.103937
0.103806
0.103677
0.103548
0.103421
0.103294
0.103168
0.103043
0.102919
0.102796
0.102673
0.102552
0.102431
0.102311
0.102192
0.102074
0.101957
0.101840
0.101724
0.101609
0.101495
0.101382
0.101269
0.101157
0.101046
0.100936
0.100826
0.100718
0.100610
0.100502
0.100396
0.100290
0.100185
0.100081
0.099977
0.099874
0.099772
0.099670
0.099569
0.099469
0.099369
0.099271
0.099173
0.099075
0.098978
0.098882
0.098787
0.098692
0.098598
0.098504
0.098411
0.098319
0.098227
0.098136
0.098045
0.097955
0.097866
0.097778
0.097689
0.097602
0.097515
0.097429
0.097343
0.097258
0.097173
0.097089
0.097006
0.096923
0.096841
0.096759
0.096677
0.096597
0.096517
0.096437
0.096358
0.096279
0.096201
0.096124
0.096047
0.095970
0.095894
0.095819
0.095744
0.095669
0.095595
0.095522
0.095448
0.095376
0.095304
0.095232
0.095161
0.095090
0.095020
0.094950
0.094881
0.094812
0.094744
0.094676
0.094608
0.094542
0.094475
0.094409
0.094343
0.094278
0.094213
0.094148
0.094084
0.094021
0.093957
0.093895
0.093832
0.093770
0.093709
0.093648
0.093587
0.093527
0.093467
0.093407
0.093348
0.093289
0.093230
0.093173
0.093115
0.093058
0.093001
0.092944
0.092888
0.092832
0.092776
0.092721
0.092667
0.092612
0.092558
0.092505
0.092451
0.092398
0.092346
0.092293
0.092241
0.092190
0.092138
0.092087
0.092037
0.091986
0.091936
0.091887
0.091837
0.091788
0.091739
0.091691
0.091643
0.091595
0.091548
0.091500
0.091454
0.091407
0.091361
0.091315
0.091269
0.091224
0.091178
0.091134
0.091089
0.091045
0.091001
0.090957
0.090914
0.090871
0.090828
0.090785
0.090743
0.090701
0.090659
0.090618
0.090576
0.090535
0.090495
0.090454
0.090414
0.090374
0.090334
0.090295
0.090256
0.090217
0.090178
0.090140
0.090102
0.090064
0.090026
0.089988
0.089951
0.089914
0.089877
0.089841
0.089805
0.089768
0.089733
0.089697
0.089662
0.089626
0.089592
0.089557
0.089522
0.089488
0.089454
0.089420
0.089386
0.089353
0.089320
0.089287
0.089254
0.089221
0.089189
0.089157
0.089125
0.089093
0.089062
0.089030
0.088999
0.088968
0.088937
0.088907
0.088876
0.088846
0.088816
0.088786
0.088757
0.088727
0.088698
0.088669
0.088640
0.088611
0.088583
0.088555
0.088526
0.088498
0.088471
0.088443
0.088415
0.088388
0.088361
0.088334
0.088307
0.088281
0.088254
0.088228
0.088202
0.088176
0.088150
0.088125
0.088099
0.088074
0.088049
0.088024
0.087999
0.087974
0.087950
0.087926
0.087901
0.087877
0.087853
0.087830
0.087806
0.087782
0.087759
0.087736
0.087713
0.087690
0.087667
0.087645
0.087623
0.087600
0.087578
0.087556
0.087534
0.087512
0.087491
0.087469
0.087448
0.087427
0.087406
0.087385
0.087364
0.087343
0.087323
0.087302
0.087282
0.087262
0.087242
0.087222
0.087202
0.087183
0.087163
0.087144
0.087124
0.087105
0.087086
0.087067
0.087049
0.087030
0.087011
0.086993
0.086975
0.086956
0.086938
0.086920
0.086902
0.086885
0.086867
0.086849
0.086832
0.086815
0.086797
0.086780
0.086763
0.086746
0.086730
0.086713
0.086696
0.086680
0.086664
0.086647
0.086631
0.086615
0.086599
0.086583
0.086568
0.086552
0.086536
0.086521
0.086506
0.086490
0.086475
0.086460
0.086445
0.086430
0.086416
0.086401
0.086386
0.086372
0.086357
0.086343
0.086329
0.086314
0.086301
0.086287
0.086273
0.086259
0.086245
0.086232
0.086218
0.086205
0.086191
0.086178
0.086165
0.086152
0.086139
0.086126
0.086113
0.086100
0.086087
0.086075
0.086062
0.086050
0.086037
0.086025
0.086013
0.086001
0.085989
0.085977
0.085965
0.085953
0.085941
0.085930
0.085918
0.085906
0.085895
0.085884
0.085872
0.085861
0.085850
0.085839
0.085828
0.085817
0.085806
0.085795
0.085784
0.085774
0.085763
0.085752
0.085742
0.085731
0.085721
0.085711
0.085700
0.085690
0.085680
0.085670
0.085660
0.085650
0.085641
0.085631
0.085621
0.085611
0.085602
0.085592
0.085583
0.085573
0.085564
0.085555
0.085546
0.085537
0.085527
0.085518
0.085509
0.085500
0.085492
0.085483
0.085474
0.085465
0.085457
0.085448
0.085440
0.085431
0.085423
0.085414
0.085406
0.085398
0.085390
0.085381
0.085373
0.085365
0.085357
0.085349
0.085342
0.085334
0.085326
0.085318
0.085310
0.085303
0.085295
0.085288
0.085280
0.085273
0.085265
0.085258
0.085251
0.085243
0.085236
0.085229
0.085222
0.085215
0.085208
0.085201
0.085194
0.085187
0.085180
0.085173
0.085167
0.085160
0.085153
0.085147
0.085140
0.085134
0.085127
0.085121
0.085114
0.085108
0.085102
0.085096
0.085089
0.085083
0.085077
0.085071
0.085065
0.085059
0.085053
0.085047
0.085041
0.085035
0.085029
0.085023
0.085018
0.085012
0.085006
0.085001
0.084995
0.084990
0.084984
0.084979
0.084973
0.084968
0.084962
0.085090
0.085595
0.086782
0.089355
0.096604
0.437806
0.400368
0.396777
0.436475
0.503288
0.617397
0.771261
0.917545
1.035320
1.121480
1.180080
1.217280
1.239600
1.252820
1.261090
1.266560
1.269650
1.270100
1.267990
1.264000
1.258970
1.253530
1.247990
1.242450
1.236910
1.231340
1.225700
1.219970
1.214140
1.208200
1.202140
1.195970
1.189690
1.183300
1.176800
1.170200
1.163500
1.156710
1.149830
1.142860
1.135820
1.128700
1.121510
1.114250
1.106940
1.099570
1.092150
1.084680
1.077170
1.069620
1.062030
1.054410
1.046760
1.039090
1.031400
1.023680
1.015950
1.008210
1.000450
0.992691
0.984923
0.977152
0.969380
0.961609
0.953843
0.946082
0.938330
0.930588
0.922858
0.915142
0.907441
0.899759
0.892096
0.884454
0.876835
0.869240
0.861671
0.854129
0.846616
0.839134
0.831682
0.824264
0.816880
0.809531
0.802218
0.794943
0.787707
0.780511
0.773356
0.766243
0.759172
0.752146
0.745164
0.738228
0.731338
0.724495
0.717700
0.710954
0.704258
0.697611
0.691015
0.684470
0.677978
0.671537
0.665150
0.658816
0.652535
0.646309
0.640137
0.634020
0.627959
0.621953
0.616003
0.610108
0.604270
0.598489
0.592764
0.587095
0.581483
0.575928
0.570430
0.564989
0.559604
0.554276
0.549005
0.543791
0.538633
0.533531
0.528486
0.523497
0.518564
0.513686
0.508864
0.504097
0.499385
0.494727
0.490124
0.485575
0.481080
0.476638
0.472249
0.467913
0.463629
0.459397
0.455216
0.451086
0.447007
0.442978
0.438999
0.435070
0.431189
0.427356
0.423572
0.419835
0.416145
0.412501
0.408904
0.405351
0.401844
0.398382
0.394963
0.391589
0.388257
0.384968
0.381720
0.378514
0.375350
0.372226
0.369142
0.366097
0.363091
0.360124
0.357195
0.354304
0.351450
0.348632
0.345850
0.343104
0.340394
0.337718
0.335076
0.332467
0.329892
0.327350
0.324841
0.322363
0.319917
0.317501
0.315117
0.312762
0.310437
0.308142
0.305875
0.303637
0.301427
0.299245
0.297090
0.294962
0.292861
0.290785
0.288736
0.286711
0.284712
0.282738
0.280787
0.278861
0.276958
0.275079
0.273222
0.271388
0.269576
0.267787
0.266018
0.264272
0.262546
0.260840
0.259156
0.257491
0.255846
0.254221
0.252615
0.251028
0.249459
0.247909
0.246377
0.244863
0.243367
0.241888
0.240426
0.238982
0.237553
0.236142
0.234746
0.233367
0.232003
0.230655
0.229322
0.228004
0.226701
0.225412
0.224139
0.222879
0.221634
0.220402
0.219184
0.217980
0.216789
0.215611
0.214446
0.213294
0.212154
0.211027
0.209913
0.208810
0.207719
0.206640
0.205573
0.204517
0.203473
0.202440
0.201417
0.200406
0.199405
0.198415
0.197436
0.196466
0.195507
0.194558
0.193619
0.192690
0.191771
0.190861
0.189960
0.189069
0.188187
0.187314
0.186450
0.185595
0.184748
0.183910
0.183081
0.182260
0.181448
0.180643
0.179847
0.179059
0.178279
0.177506
0.176741
0.175984
0.175234
0.174492
0.173757
0.173029
0.172309
0.171595
0.170889
0.170189
0.169497
0.168811
0.168131
0.167459
0.166792
0.166133
0.165479
0.164832
0.164191
0.163556
0.162927
0.162304
0.161687
0.161076
0.160471
0.159872
0.159278
0.158689
0.158106
0.157529
0.156957
0.156390
0.155829
0.155273
0.154722
0.154176
0.153635
0.153099
0.152568
0.152041
0.151520
0.151003
0.150491
0.149984
0.149481
0.148983
0.148489
0.148000
0.147515
0.147035
0.146559
0.146087
0.145619
0.145155
0.144696
0.144241
0.143789
0.143342
0.142898
0.142459
0.142023
0.141591
0.141163
0.140739
0.140318
0.139901
0.139488
0.139078
0.138672
0.138269
0.137869
0.137474
0.137081
0.136692
0.136306
0.135923
0.135544
0.135168
0.134795
0.134425
0.134059
0.133695
0.133335
0.132977
0.132623
0.132271
0.131923
0.131577
0.131235
0.130895
0.130558
0.130223
0.129892
0.129563
0.129237
0.128913
0.128593
0.128274
0.127959
0.127646
0.127335
0.127028
0.126722
0.126419
0.126119
0.125821
0.125525
0.125232
0.124941
0.124652
0.124366
0.124082
0.123801
0.123521
0.123244
0.122969
0.122696
0.122425
0.122157
0.121891
0.121626
0.121364
0.121104
0.120846
0.120590
0.120336
0.120084
0.119834
0.119585
0.119339
0.119095
0.118852
0.118612
0.118373
0.118136
0.117901
0.117668
0.117437
0.117207
0.116979
0.116753
0.116529
0.116306
0.116085
0.115866
0.115648
0.115432
0.115218
0.115005
0.114794
0.114584
0.114377
0.114170
0.113965
0.113762
0.113560
0.113360
0.113161
0.112964
0.112768
0.112574
0.112381
0.112190
0.112000
0.111811
0.111624
0.111438
0.111254
0.111071
0.110889
0.110709
0.110530
0.110352
0.110176
0.110000
0.109827
0.109654
0.109483
0.109313
0.109144
0.108976
0.108810
0.108645
0.108481
0.108318
0.108156
0.107996
0.107837
0.107679
0.107522
0.107366
0.107211
0.107057
0.106905
0.106753
0.106603
0.106454
0.106306
0.106158
0.106012
0.105867
0.105723
0.105580
0.105438
0.105297
0.105158
0.105019
0.104881
0.104744
0.104608
0.104472
0.104338
0.104205
0.104073
0.103942
0.103811
0.103682
0.103553
0.103425
0.103299
0.103173
0.103048
0.102924
0.102800
0.102678
0.102556
0.102436
0.102316
0.102197
0.102079
0.101961
0.101845
0.101729
0.101614
0.101500
0.101386
0.101274
0.101162
0.101051
0.100941
0.100831
0.100722
0.100614
0.100507
0.100400
0.100294
0.100189
0.100085
0.099981
0.099878
0.099776
0.099674
0.099573
0.099473
0.099374
0.099275
0.099177
0.099079
0.098983
0.098886
0.098791
0.098696
0.098602
0.098508
0.098415
0.098323
0.098231
0.098140
0.098049
0.097959
0.097870
0.097781
0.097693
0.097606
0.097519
0.097433
0.097347
0.097262
0.097177
0.097093
0.097010
0.096927
0.096844
0.096763
0.096681
0.096601
0.096520
0.096441
0.096362
0.096283
0.096205
0.096127
0.096050
0.095974
0.095898
0.095822
0.095747
0.095673
0.095599
0.095525
0.095452
0.095380
0.095307
0.095236
0.095165
0.095094
0.095024
0.094954
0.094885
0.094816
0.094747
0.094679
0.094612
0.094545
0.094478
0.094412
0.094346
0.094281
0.094216
0.094152
0.094088
0.094024
0.093961
0.093898
0.093836
0.093774
0.093712
0.093651
0.093590
0.093530
0.093470
0.093410
0.093351
0.093292
0.093234
0.093176
0.093118
0.093061
0.093004
0.092947
0.092891
0.092835
0.092780
0.092725
0.092670
0.092616
0.092561
0.092508
0.092454
0.092401
0.092349
0.092296
0.092244
0.092193
0.092141
0.092090
0.092040
0.091989
0.091939
0.091890
0.091840
0.091791
0.091743
0.091694
0.091646
0.091598
0.091551
0.091503
0.091456
0.091410
0.091364
0.091318
0.091272
0.091227
0.091181
0.091137
0.091092
0.091048
0.091004
0.090960
0.090917
0.090874
0.090831
0.090788
0.090746
0.090704
0.090662
0.090621
0.090579
0.090538
0.090498
0.090457
0.090417
0.090377
0.090337
0.090298
0.090259
0.090220
0.090181
0.090143
0.090104
0.090066
0.090029
0.089991
0.089954
0.089917
0.089880
0.089844
0.089807
0.089771
0.089735
0.089700
0.089664
0.089629
0.089594
0.089560
0.089525
0.089491
0.089457
0.089423
0.089389
0.089356
0.089322
0.089289
0.089257
0.089224
0.089192
0.089160
0.089128
0.089096
0.089064
0.089033
0.089002
0.088971
0.088940
0.088909
0.088879
0.088849
0.088819
0.088789
0.088759
0.088730
0.088701
0.088672
0.088643
0.088614
0.088585
0.088557
0.088529
0.088501
0.088473
0.088446
0.088418
0.088391
0.088364
0.088337
0.088310
0.088283
0.088257
0.088231
0.088205
0.088179
0.088153
0.088127
0.088102
0.088076
0.088051
0.088026
0.088001
0.087977
0.087952
0.087928
0.087904
0.087880
0.087856
0.087832
0.087808
0.087785
0.087762
0.087738
0.087716
0.087693
0.087670
0.087647
0.087625
0.087603
0.087580
0.087558
0.087537
0.087515
0.087493
0.087472
0.087450
0.087429
0.087408
0.087387
0.087366
0.087346
0.087325
0.087305
0.087285
0.087264
0.087244
0.087224
0.087205
0.087185
0.087165
0.087146
0.087127
0.087108
0.087088
0.087070
0.087051
0.087032
0.087013
0.086995
0.086977
0.086958
0.086940
0.086922
0.086905
0.086887
0.086869
0.086852
0.086834
0.086817
0.086800
0.086782
0.086766
0.086749
0.086732
0.086715
0.086699
0.086682
0.086666
0.086650
0.086633
0.086617
0.086601
0.086586
0.086570
0.086554
0.086539
0.086523
0.086508
0.086492
0.086477
0.086462
0.086447
0.086432
0.086418
0.086403
0.086388
0.086374
0.086359
0.086345
0.086331
0.086317
0.086303
0.086289
0.086275
0.086261
0.086247
0.086234
0.086220
0.086207
0.086193
0.086180
0.086167
0.086154
0.086141
0.086128
0.086115
0.086102
0.086089
0.086077
0.086064
0.086052
0.086039
0.086027
0.086015
0.086003
0.085991
0.085979
0.085967
0.085955
0.085943
0.085931
0.085920
0.085908
0.085897
0.085886
0.085874
0.085863
0.085852
0.085841
0.085830
0.085819
0.085808
0.085797
0.085786
0.085776
0.085765
0.085754
0.085744
0.085733
0.085723
0.085713
0.085703
0.085692
0.085682
0.085672
0.085662
0.085652
0.085643
0.085633
0.085623
0.085614
0.085604
0.085594
0.085585
0.085575
0.085566
0.085557
0.085548
0.085539
0.085529
0.085520
0.085511
0.085503
0.085494
0.085485
0.085476
0.085467
0.085459
0.085450
0.085442
0.085433
0.085425
0.085416
0.085408
0.085400
0.085392
0.085383
0.085375
0.085367
0.085359
0.085351
0.085343
0.085336
0.085328
0.085320
0.085312
0.085305
0.085297
0.085290
0.085282
0.085275
0.085267
0.085260
0.085253
0.085245
0.085238
0.085231
0.085224
0.085217
0.085210
0.085203
0.085196
0.085189
0.085182
0.085175
0.085169
0.085162
0.085155
0.085149
0.085142
0.085136
0.085129
0.085123
0.085116
0.085110
0.085104
0.085097
0.085091
0.085085
0.085079
0.085073
0.085067
0.085061
0.085055
0.085049
0.085043
0.085037
0.085031
0.085025
0.085020
0.085014
0.085008
0.085003
0.084997
0.084991
0.084986
0.084980
0.084975
0.084970
0.084964
0.085092
0.085596
0.086784
0.089356
0.096605
0.437812
0.400384
0.396793
0.436485
0.503297
0.617404
0.771246
0.917526
1.035300
1.121460
1.180070
1.217270
1.239600
1.252810
1.261090
1.266560
1.269650
1.270100
1.267990
1.264000
1.258980
1.253540
1.248000
1.242460
1.236920
1.231340
1.225710
1.219980
1.214150
1.208210
1.202150
1.195980
1.189700
1.183310
1.176810
1.170210
1.163510
1.156720
1.149840
1.142870
1.135830
1.128710
1.121520
1.114270
1.106950
1.099580
1.092160
1.084690
1.077180
1.069630
1.062040
1.054430
1.046780
1.039110
1.031410
1.023700
1.015970
1.008220
1.000470
0.992708
0.984940
0.977169
0.969398
0.961627
0.953861
0.946101
0.938349
0.930607
0.922877
0.915161
0.907461
0.899779
0.892116
0.884475
0.876856
0.869261
0.861692
0.854151
0.846638
0.839156
0.831705
0.824286
0.816902
0.809553
0.802241
0.794967
0.787731
0.780535
0.773380
0.766267
0.759197
0.752170
0.745188
0.738252
0.731362
0.724520
0.717725
0.710979
0.704283
0.697636
0.691041
0.684496
0.678003
0.671563
0.665175
0.658841
0.652561
0.646335
0.640163
0.634046
0.627985
0.621979
0.616029
0.610134
0.604296
0.598515
0.592790
0.587121
0.581509
0.575954
0.570456
0.565015
0.559630
0.554302
0.549031
0.543816
0.538659
0.533557
0.528512
0.523522
0.518589
0.513711
0.508889
0.504122
0.499410
0.494752
0.490149
0.485600
0.481105
0.476663
0.472274
0.467937
0.463653
0.459421
0.455240
0.451110
0.447031
0.443003
0.439023
0.435094
0.431213
0.427380
0.423595
0.419858
0.416168
0.412524
0.408926
0.405374
0.401867
0.398405
0.394986
0.391611
0.388279
0.384990
0.381742
0.378536
0.375371
0.372247
0.369163
0.366118
0.363112
0.360145
0.357216
0.354325
0.351470
0.348652
0.345871
0.343125
0.340414
0.337737
0.335095
0.332487
0.329912
0.327370
0.324860
0.322382
0.319935
0.317520
0.315135
0.312781
0.310456
0.308160
0.305894
0.303655
0.301445
0.299263
0.297108
0.294980
0.292878
0.290803
0.288753
0.286729
0.284729
0.282755
0.280804
0.278878
0.276975
0.275095
0.273238
0.271404
0.269592
0.267803
0.266034
0.264287
0.262561
0.260856
0.259171
0.257506
0.255861
0.254236
0.252630
0.251042
0.249474
0.247924
0.246392
0.244878
0.243381
0.241902
0.240441
0.238996
0.237567
0.236155
0.234760
0.233380
0.232016
0.230668
0.229335
0.228017
0.226714
0.225426
0.224152
0.222892
0.221646
0.220415
0.219197
0.217993
0.216801
0.215623
0.214458
0.213306
0.212167
0.211040
0.209925
0.208822
0.207731
0.206652
0.205585
0.204529
0.203484
0.202451
0.201429
0.200417
0.199417
0.198426
0.197447
0.196478
0.195518
0.194569
0.193630
0.192701
0.191781
0.190871
0.189971
0.189079
0.188197
0.187324
0.186460
0.185605
0.184758
0.183921
0.183091
0.182270
0.181458
0.180653
0.179857
0.179069
0.178288
0.177516
0.176751
0.175994
0.175244
0.174501
0.173766
0.173039
0.172318
0.171605
0.170898
0.170199
0.169506
0.168820
0.168140
0.167468
0.166801
0.166141
0.165488
0.164841
0.164200
0.163565
0.162936
0.162313
0.161696
0.161085
0.160480
0.159880
0.159286
0.158697
0.158115
0.157537
0.156965
0.156398
0.155837
0.155281
0.154729
0.154183
0.153642
0.153106
0.152575
0.152049
0.151528
0.151011
0.150499
0.149992
0.149489
0.148991
0.148497
0.148008
0.147523
0.147042
0.146566
0.146094
0.145626
0.145163
0.144703
0.144248
0.143796
0.143349
0.142905
0.142466
0.142030
0.141598
0.141170
0.140746
0.140325
0.139908
0.139494
0.139085
0.138678
0.138275
0.137876
0.137480
0.137088
0.136698
0.136313
0.135930
0.135551
0.135175
0.134802
0.134432
0.134065
0.133702
0.133341
0.132984
0.132629
0.132278
0.131929
0.131583
0.131241
0.130901
0.130564
0.130229
0.129898
0.129569
0.129243
0.128919
0.128598
0.128280
0.127965
0.127652
0.127341
0.127033
0.126728
0.126425
0.126125
0.125826
0.125531
0.125238
0.124947
0.124658
0.124372
0.124088
0.123806
0.123527
0.123249
0.122974
0.122702
0.122431
0.122162
0.121896
0.121632
0.121369
0.121109
0.120851
0.120595
0.120341
0.120089
0.119839
0.119590
0.119344
0.119100
0.118857
0.118617
0.118378
0.118141
0.117906
0.117673
0.117442
0.117212
0.116984
0.116758
0.116534
0.116311
0.116090
0.115871
0.115653
0.115437
0.115223
0.115010
0.114799
0.114589
0.114381
0.114175
0.113970
0.113767
0.113565
0.113365
0.113166
0.112969
0.112773
0.112579
0.112386
0.112194
0.112004
0.111816
0.111629
0.111443
0.111258
0.111075
0.110894
0.110713
0.110534
0.110356
0.110180
0.110005
0.109831
0.109658
0.109487
0.109317
0.109148
0.108980
0.108814
0.108649
0.108485
0.108322
0.108161
0.108000
0.107841
0.107683
0.107526
0.107370
0.107215
0.107061
0.106909
0.106757
0.106607
0.106458
0.106310
0.106162
0.106016
0.105871
0.105727
0.105584
0.105442
0.105301
0.105161
0.105022
0.104884
0.104747
0.104611
0.104476
0.104342
0.104209
0.104077
0.103945
0.103815
0.103685
0.103557
0.103429
0.103302
0.103177
0.103052
0.102927
0.102804
0.102682
0.102560
0.102439
0.102319
0.102200
0.102082
0.101965
0.101848
0.101732
0.101617
0.101503
0.101390
0.101277
0.101165
0.101054
0.100944
0.100834
0.100726
0.100618
0.100510
0.100404
0.100298
0.100193
0.100088
0.099985
0.099882
0.099779
0.099678
0.099577
0.099477
0.099377
0.099278
0.099180
0.099083
0.098986
0.098890
0.098794
0.098699
0.098605
0.098511
0.098418
0.098326
0.098234
0.098143
0.098053
0.097963
0.097873
0.097785
0.097697
0.097609
0.097522
0.097436
0.097350
0.097265
0.097180
0.097096
0.097013
0.096930
0.096848
0.096766
0.096684
0.096604
0.096524
0.096444
0.096365
0.096286
0.096208
0.096130
0.096053
0.095977
0.095901
0.095825
0.095750
0.095676
0.095602
0.095528
0.095455
0.095382
0.095310
0.095239
0.095168
0.095097
0.095027
0.094957
0.094888
0.094819
0.094750
0.094682
0.094615
0.094548
0.094481
0.094415
0.094349
0.094284
0.094219
0.094155
0.094091
0.094027
0.093964
0.093901
0.093839
0.093777
0.093715
0.093654
0.093593
0.093533
0.093473
0.093413
0.093354
0.093295
0.093237
0.093178
0.093121
0.093063
0.093007
0.092950
0.092894
0.092838
0.092783
0.092727
0.092673
0.092618
0.092564
0.092510
0.092457
0.092404
0.092351
0.092299
0.092247
0.092195
0.092144
0.092093
0.092042
0.091992
0.091942
0.091892
0.091843
0.091794
0.091745
0.091697
0.091648
0.091601
0.091553
0.091506
0.091459
0.091413
0.091366
0.091320
0.091275
0.091229
0.091184
0.091139
0.091095
0.091050
0.091006
0.090963
0.090919
0.090876
0.090833
0.090791
0.090748
0.090706
0.090665
0.090623
0.090582
0.090541
0.090500
0.090459
0.090419
0.090379
0.090340
0.090300
0.090261
0.090222
0.090183
0.090145
0.090107
0.090069
0.090031
0.089994
0.089956
0.089919
0.089883
0.089846
0.089810
0.089774
0.089738
0.089702
0.089667
0.089632
0.089597
0.089562
0.089527
0.089493
0.089459
0.089425
0.089392
0.089358
0.089325
0.089292
0.089259
0.089227
0.089194
0.089162
0.089130
0.089098
0.089067
0.089035
0.089004
0.088973
0.088942
0.088912
0.088881
0.088851
0.088821
0.088791
0.088762
0.088732
0.088703
0.088674
0.088645
0.088616
0.088588
0.088559
0.088531
0.088503
0.088475
0.088448
0.088420
0.088393
0.088366
0.088339
0.088312
0.088285
0.088259
0.088233
0.088207
0.088181
0.088155
0.088129
0.088104
0.088079
0.088053
0.088028
0.088004
0.087979
0.087954
0.087930
0.087906
0.087882
0.087858
0.087834
0.087810
0.087787
0.087764
0.087741
0.087718
0.087695
0.087672
0.087649
0.087627
0.087605
0.087582
0.087560
0.087539
0.087517
0.087495
0.087474
0.087453
0.087431
0.087410
0.087389
0.087369
0.087348
0.087327
0.087307
0.087287
0.087266
0.087246
0.087226
0.087207
0.087187
0.087167
0.087148
0.087129
0.087110
0.087091
0.087072
0.087053
0.087034
0.087016
0.086997
0.086979
0.086961
0.086943
0.086925
0.086907
0.086889
0.086871
0.086854
0.086836
0.086819
0.086802
0.086785
0.086768
0.086751
0.086734
0.086717
0.086701
0.086684
0.086668
0.086652
0.086635
0.086619
0.086603
0.086587
0.086572
0.086556
0.086541
0.086525
0.086510
0.086495
0.086479
0.086464
0.086449
0.086434
0.086420
0.086405
0.086390
0.086376
0.086361
0.086347
0.086333
0.086319
0.086305
0.086291
0.086277
0.086263
0.086249
0.086236
0.086222
0.086209
0.086195
0.086182
0.086169
0.086156
0.086143
0.086130
0.086117
0.086104
0.086091
0.086079
0.086066
0.086054
0.086041
0.086029
0.086017
0.086005
0.085993
0.085981
0.085969
0.085957
0.085945
0.085933
0.085922
0.085910
0.085899
0.085887
0.085876
0.085865
0.085854
0.085843
0.085832
0.085821
0.085810
0.085799
0.085788
0.085777
0.085767
0.085756
0.085746
0.085735
0.085725
0.085715
0.085705
0.085694
0.085684
0.085674
0.085664
0.085654
0.085644
0.085635
0.085625
0.085615
0.085606
0.085596
0.085587
0.085577
0.085568
0.085559
0.085550
0.085540
0.085531
0.085522
0.085513
0.085504
0.085496
0.085487
0.085478
0.085469
0.085461
0.085452
0.085443
0.085435
0.085427
0.085418
0.085410
0.085402
0.085393
0.085385
0.085377
0.085369
0.085361
0.085353
0.085345
0.085337
0.085330
0.085322
0.085314
0.085306
0.085299
0.085291
0.085284
0.085276
0.085269
0.085262
0.085254
0.085247
0.085240
0.085233
0.085226
0.085219
0.085212
0.085205
0.085198
0.085191
0.085184
0.085177
0.085170
0.085164
0.085157
0.085151
0.085144
0.085138
0.085131
0.085125
0.085118
0.085112
0.085106
0.085099
0.085093
0.085087
0.085081
0.085074
0.085069
0.085062
0.085057
0.085051
0.085045
0.085039
0.085033
0.085027
0.085021
0.085016
0.085010
0.085004
0.084999
0.084993
0.084988
0.084982
0.084977
0.084971
0.084966
