9.17121e-08
9.17121e-08
9.17121e-08
9.17121e-08
9.17124e-08
9.17121e-08
9.17049e-08
9.17035e-08
9.17035e-08
9.17038e-08
9.17041e-08
9.17043e-08
9.17046e-08
9.17046e-08
9.17049e-08
9.17051e-08
9.17051e-08
9.17054e-08
9.17054e-08
9.17057e-08
9.17057e-08
9.17059e-08
9.17059e-08
9.17059e-08
9.17062e-08
9.17062e-08
9.17062e-08
9.17062e-08
9.17062e-08
9.17062e-08
9.17062e-08
9.17059e-08
9.17059e-08
9.17059e-08
9.17059e-08
9.17057e-08
9.17057e-08
9.17054e-08
9.17054e-08
9.17054e-08
9.17051e-08
9.17051e-08
9.17049e-08
9.17049e-08
9.17046e-08
9.17046e-08
9.17043e-08
9.17043e-08
9.17041e-08
9.17038e-08
9.17038e-08
9.17035e-08
9.17035e-08
9.17033e-08
9.1703e-08
9.1703e-08
9.17027e-08
9.17027e-08
9.17024e-08
9.17022e-08
9.17022e-08
9.17019e-08
9.17016e-08
9.17016e-08
9.17014e-08
9.17014e-08
9.17011e-08
9.17008e-08
9.17008e-08
9.17006e-08
9.17003e-08
9.17003e-08
9.17e-08
9.17e-08
9.16998e-08
9.16995e-08
9.16995e-08
9.16992e-08
9.1699e-08
9.1699e-08
9.16987e-08
9.16987e-08
9.16984e-08
9.16982e-08
9.16982e-08
9.16979e-08
9.16979e-08
9.16976e-08
9.16976e-08
9.16974e-08
9.16971e-08
9.16971e-08
9.16968e-08
9.16968e-08
9.16965e-08
9.16965e-08
9.16963e-08
9.16963e-08
9.1696e-08
9.1696e-08
9.16957e-08
9.16957e-08
9.16955e-08
9.16955e-08
9.16952e-08
9.16952e-08
9.16949e-08
9.16949e-08
9.16947e-08
9.16947e-08
9.16944e-08
9.16944e-08
9.16944e-08
9.16941e-08
9.16941e-08
9.16939e-08
9.16939e-08
9.16936e-08
9.16936e-08
9.16936e-08
9.16933e-08
9.16933e-08
9.16931e-08
9.16931e-08
9.16931e-08
9.16928e-08
9.16928e-08
9.16928e-08
9.16925e-08
9.16925e-08
9.16925e-08
9.16923e-08
9.16923e-08
9.16923e-08
9.1692e-08
9.1692e-08
9.1692e-08
9.16917e-08
9.16917e-08
9.16917e-08
9.16915e-08
9.16915e-08
9.16915e-08
9.16915e-08
9.16912e-08
9.16912e-08
9.16912e-08
9.16909e-08
9.16909e-08
9.16909e-08
9.16909e-08
9.16906e-08
9.16906e-08
9.16906e-08
9.16906e-08
9.16904e-08
9.16904e-08
9.16904e-08
9.16904e-08
9.16901e-08
9.16901e-08
9.16901e-08
9.16901e-08
9.16901e-08
9.16898e-08
9.16898e-08
9.16898e-08
9.16898e-08
9.16898e-08
9.16896e-08
9.16896e-08
9.16896e-08
9.16896e-08
9.16896e-08
9.16896e-08
9.16893e-08
9.16893e-08
9.16893e-08
9.16893e-08
9.16893e-08
9.16893e-08
9.1689e-08
9.1689e-08
9.1689e-08
9.1689e-08
9.1689e-08
9.1689e-08
9.1689e-08
9.16888e-08
9.16888e-08
9.16888e-08
9.16888e-08
9.16888e-08
9.16888e-08
9.16888e-08
9.16888e-08
9.16885e-08
9.16885e-08
9.16885e-08
9.16885e-08
9.16885e-08
9.16885e-08
9.16885e-08
9.16885e-08
9.16885e-08
9.16885e-08
9.16882e-08
9.16882e-08
9.16882e-08
9.16882e-08
9.16882e-08
9.16882e-08
9.16882e-08
9.16882e-08
9.16882e-08
9.16882e-08
9.16882e-08
9.16882e-08
9.1688e-08
9.1688e-08
9.1688e-08
9.1688e-08
9.1688e-08
9.1688e-08
9.1688e-08
9.1688e-08
9.1688e-08
9.1688e-08
9.1688e-08
9.1688e-08
9.1688e-08
9.1688e-08
9.1688e-08
9.1688e-08
9.1688e-08
9.1688e-08
9.1688e-08
9.1688e-08
9.1688e-08
9.16877e-08
9.16877e-08
9.16877e-08
9.16877e-08
9.16877e-08
9.16877e-08
9.16877e-08
9.16877e-08
9.16877e-08
9.16877e-08
9.16877e-08
9.16877e-08
9.16877e-08
9.16877e-08
9.16877e-08
9.16877e-08
9.16877e-08
9.16877e-08
9.16877e-08
9.16877e-08
9.16877e-08
9.16877e-08
9.16877e-08
9.16877e-08
9.16877e-08
9.16877e-08
9.16877e-08
9.16877e-08
9.16877e-08
9.16877e-08
9.16877e-08
9.16877e-08
9.16877e-08
9.16877e-08
9.16877e-08
9.16877e-08
9.16877e-08
9.16877e-08
9.16877e-08
9.16877e-08
9.16877e-08
9.16877e-08
9.16877e-08
9.16877e-08
9.16877e-08
9.16877e-08
9.1688e-08
9.1688e-08
9.1688e-08
9.1688e-08
9.1688e-08
9.1688e-08
9.1688e-08
9.1688e-08
9.1688e-08
9.1688e-08
9.1688e-08
9.1688e-08
9.1688e-08
9.1688e-08
9.1688e-08
9.1688e-08
9.1688e-08
9.1688e-08
9.1688e-08
9.1688e-08
9.1688e-08
9.1688e-08
9.1688e-08
9.1688e-08
9.1688e-08
9.1688e-08
9.1688e-08
9.16882e-08
9.16882e-08
9.16882e-08
9.16882e-08
9.16882e-08
9.16882e-08
9.16882e-08
9.16882e-08
9.16882e-08
9.16882e-08
9.16882e-08
9.16882e-08
9.16882e-08
9.16882e-08
9.16882e-08
9.16882e-08
9.16882e-08
9.16882e-08
9.16885e-08
9.16885e-08
9.16885e-08
9.16885e-08
9.16885e-08
9.16885e-08
9.16885e-08
9.16885e-08
9.16885e-08
9.16885e-08
9.16885e-08
9.16885e-08
9.16885e-08
9.16885e-08
9.16885e-08
9.16888e-08
9.16888e-08
9.16888e-08
9.16888e-08
9.16888e-08
9.16888e-08
9.16888e-08
9.16888e-08
9.16888e-08
9.16888e-08
9.16888e-08
9.16888e-08
9.16888e-08
9.1689e-08
9.1689e-08
9.1689e-08
9.1689e-08
9.1689e-08
9.1689e-08
9.1689e-08
9.1689e-08
9.1689e-08
9.1689e-08
9.1689e-08
9.1689e-08
9.1689e-08
9.16893e-08
9.16893e-08
9.16893e-08
9.16893e-08
9.16893e-08
9.16893e-08
9.16893e-08
9.16893e-08
9.16893e-08
9.16893e-08
9.16893e-08
9.16896e-08
9.16896e-08
9.16896e-08
9.16896e-08
9.16896e-08
9.16896e-08
9.16896e-08
9.16896e-08
9.16896e-08
9.16896e-08
9.16896e-08
9.16898e-08
9.16898e-08
9.16898e-08
9.16898e-08
9.16898e-08
9.16898e-08
9.16898e-08
9.16898e-08
9.16898e-08
9.16898e-08
9.16898e-08
9.16901e-08
9.16901e-08
9.16901e-08
9.16901e-08
9.16901e-08
9.16901e-08
9.16901e-08
9.16901e-08
9.16901e-08
9.16901e-08
9.16904e-08
9.16904e-08
9.16904e-08
9.16904e-08
9.16904e-08
9.16904e-08
9.16904e-08
9.16904e-08
9.16904e-08
9.16906e-08
9.16906e-08
9.16906e-08
9.16906e-08
9.16906e-08
9.16906e-08
9.16906e-08
9.16906e-08
9.16906e-08
9.16906e-08
9.16909e-08
9.16909e-08
9.16909e-08
9.16909e-08
9.16909e-08
9.16909e-08
9.16909e-08
9.16909e-08
9.16909e-08
9.16912e-08
9.16912e-08
9.16912e-08
9.16912e-08
9.16912e-08
9.16912e-08
9.16912e-08
9.16912e-08
9.16912e-08
9.16915e-08
9.16915e-08
9.16915e-08
9.16915e-08
9.16915e-08
9.16915e-08
9.16915e-08
9.16915e-08
9.16915e-08
9.16917e-08
9.16917e-08
9.16917e-08
9.16917e-08
9.16917e-08
9.16917e-08
9.16917e-08
9.16917e-08
9.16917e-08
9.1692e-08
9.1692e-08
9.1692e-08
9.1692e-08
9.1692e-08
9.1692e-08
9.1692e-08
9.1692e-08
9.16923e-08
9.16923e-08
9.16923e-08
9.16923e-08
9.16923e-08
9.16923e-08
9.16923e-08
9.16923e-08
9.16925e-08
9.16925e-08
9.16925e-08
9.16925e-08
9.16925e-08
9.16925e-08
9.16925e-08
9.16925e-08
9.16925e-08
9.16928e-08
9.16928e-08
9.16928e-08
9.16928e-08
9.16928e-08
9.16928e-08
9.16928e-08
9.16928e-08
9.16931e-08
9.16931e-08
9.16931e-08
9.16931e-08
9.16931e-08
9.16931e-08
9.16931e-08
9.16931e-08
9.16933e-08
9.16933e-08
9.16933e-08
9.16933e-08
9.16933e-08
9.16933e-08
9.16933e-08
9.16933e-08
9.16936e-08
9.16936e-08
9.16936e-08
9.16936e-08
9.16936e-08
9.16936e-08
9.16936e-08
9.16936e-08
9.16939e-08
9.16939e-08
9.16939e-08
9.16939e-08
9.16939e-08
9.16939e-08
9.16939e-08
9.16939e-08
9.16941e-08
9.16941e-08
9.16941e-08
9.16941e-08
9.16941e-08
9.16941e-08
9.16941e-08
9.16944e-08
9.16944e-08
9.16944e-08
9.16944e-08
9.16944e-08
9.16944e-08
9.16944e-08
9.16944e-08
9.16947e-08
9.16947e-08
9.16947e-08
9.16947e-08
9.16947e-08
9.16947e-08
9.16947e-08
9.16947e-08
9.16949e-08
9.16949e-08
9.16949e-08
9.16949e-08
9.16949e-08
9.16949e-08
9.16949e-08
9.16952e-08
9.16952e-08
9.16952e-08
9.16952e-08
9.16952e-08
9.16952e-08
9.16952e-08
9.16952e-08
9.16955e-08
9.16955e-08
9.16955e-08
9.16955e-08
9.16955e-08
9.16955e-08
9.16955e-08
9.16957e-08
9.16957e-08
9.16957e-08
9.16957e-08
9.16957e-08
9.16957e-08
9.16957e-08
9.16957e-08
9.1696e-08
9.1696e-08
9.1696e-08
9.1696e-08
9.1696e-08
9.1696e-08
9.1696e-08
9.16963e-08
9.16963e-08
9.16963e-08
9.16963e-08
9.16963e-08
9.16963e-08
9.16963e-08
9.16965e-08
9.16965e-08
9.16965e-08
9.16965e-08
9.16965e-08
9.16965e-08
9.16965e-08
9.16965e-08
9.16968e-08
9.16968e-08
9.16968e-08
9.16968e-08
9.16968e-08
9.16968e-08
9.16968e-08
9.16971e-08
9.16971e-08
9.16971e-08
9.16971e-08
9.16971e-08
9.16971e-08
9.16971e-08
9.16974e-08
9.16974e-08
9.16974e-08
9.16974e-08
9.16974e-08
9.16974e-08
9.16974e-08
9.16976e-08
9.16976e-08
9.16976e-08
9.16976e-08
9.16976e-08
9.16976e-08
9.16976e-08
9.16976e-08
9.16979e-08
9.16979e-08
9.16979e-08
9.16979e-08
9.16979e-08
9.16979e-08
9.16979e-08
9.16982e-08
9.16982e-08
9.16982e-08
9.16982e-08
9.16982e-08
9.16982e-08
9.16982e-08
9.16984e-08
9.16984e-08
9.16984e-08
9.16984e-08
9.16984e-08
9.16984e-08
9.16984e-08
9.16987e-08
9.16987e-08
9.16987e-08
9.16987e-08
9.16987e-08
9.16987e-08
9.16987e-08
9.1699e-08
9.1699e-08
9.1699e-08
9.1699e-08
9.1699e-08
9.1699e-08
9.1699e-08
9.16992e-08
9.16992e-08
9.16992e-08
9.16992e-08
9.16992e-08
9.16992e-08
9.16992e-08
9.16995e-08
9.16995e-08
9.16995e-08
9.16995e-08
9.16995e-08
9.16995e-08
9.16995e-08
9.16998e-08
9.16998e-08
9.16998e-08
9.16998e-08
9.16998e-08
9.16998e-08
9.16998e-08
9.17e-08
9.17e-08
9.17e-08
9.17e-08
9.17e-08
9.17e-08
9.17e-08
9.17003e-08
9.17003e-08
9.17003e-08
9.17003e-08
9.17003e-08
9.17003e-08
9.17003e-08
9.17006e-08
9.17006e-08
9.17006e-08
9.17006e-08
9.17006e-08
9.17006e-08
9.17006e-08
9.17008e-08
9.17008e-08
9.17008e-08
9.17008e-08
9.17008e-08
9.17008e-08
9.17008e-08
9.17011e-08
9.17011e-08
9.17011e-08
9.17011e-08
9.17011e-08
9.17011e-08
9.17011e-08
9.17014e-08
9.17014e-08
9.17014e-08
9.17014e-08
9.17014e-08
9.17014e-08
9.17014e-08
9.17016e-08
9.17016e-08
9.17016e-08
9.17016e-08
9.17016e-08
9.17016e-08
9.17016e-08
9.17019e-08
9.17019e-08
9.17019e-08
9.17019e-08
9.17019e-08
9.17019e-08
9.17022e-08
9.17022e-08
9.17022e-08
9.17022e-08
9.17022e-08
9.17022e-08
9.17022e-08
9.17024e-08
9.17024e-08
9.17024e-08
9.17024e-08
9.17024e-08
9.17024e-08
9.17024e-08
9.17027e-08
9.17027e-08
9.17027e-08
9.17027e-08
9.17027e-08
9.17027e-08
9.17027e-08
9.1703e-08
9.1703e-08
9.1703e-08
9.1703e-08
9.1703e-08
9.1703e-08
9.1703e-08
9.17033e-08
9.17033e-08
9.17033e-08
9.17033e-08
9.17033e-08
9.17033e-08
9.17033e-08
9.17035e-08
9.17035e-08
9.17035e-08
9.17035e-08
9.17035e-08
9.17035e-08
9.17038e-08
9.17038e-08
9.17038e-08
9.17038e-08
9.17038e-08
9.17038e-08
9.17038e-08
9.17041e-08
9.17041e-08
9.17041e-08
9.17041e-08
9.17041e-08
9.17041e-08
9.17041e-08
9.17043e-08
9.17043e-08
9.17043e-08
9.17043e-08
9.17043e-08
9.17043e-08
9.17043e-08
9.17046e-08
9.17046e-08
9.17046e-08
9.17046e-08
9.17046e-08
9.17046e-08
9.17049e-08
9.17049e-08
9.17049e-08
9.17049e-08
9.17049e-08
9.17049e-08
9.17049e-08
9.17051e-08
9.17051e-08
9.17051e-08
9.17051e-08
9.17051e-08
9.17051e-08
9.17051e-08
9.17054e-08
9.17054e-08
9.17054e-08
9.17054e-08
9.17054e-08
9.17054e-08
9.17054e-08
9.17057e-08
9.17057e-08
9.17057e-08
9.17057e-08
9.17057e-08
9.17057e-08
9.17059e-08
9.17059e-08
9.17059e-08
9.17059e-08
9.17059e-08
9.17059e-08
9.17059e-08
9.17062e-08
9.17062e-08
9.17062e-08
9.17062e-08
9.17062e-08
9.17062e-08
9.17062e-08
9.17065e-08
9.17065e-08
9.17065e-08
9.17065e-08
9.17065e-08
9.17065e-08
9.17067e-08
9.17067e-08
9.17067e-08
9.17067e-08
9.17067e-08
9.17067e-08
9.17067e-08
9.1707e-08
9.1707e-08
9.1707e-08
9.1707e-08
9.1707e-08
9.1707e-08
9.1707e-08
9.17073e-08
9.17073e-08
9.17073e-08
9.17073e-08
9.17073e-08
9.17073e-08
9.17073e-08
9.17075e-08
9.17075e-08
9.17075e-08
9.17075e-08
9.17075e-08
9.17075e-08
9.17078e-08
9.17078e-08
9.17078e-08
9.17078e-08
9.17078e-08
9.17078e-08
9.17078e-08
9.17081e-08
9.17081e-08
9.17081e-08
9.17081e-08
9.17081e-08
9.17081e-08
9.17081e-08
9.17083e-08
9.17083e-08
9.17083e-08
9.17083e-08
9.17083e-08
9.17083e-08
9.17086e-08
9.17086e-08
9.17086e-08
9.17086e-08
9.17086e-08
9.17086e-08
9.17086e-08
9.17089e-08
9.17089e-08
9.17089e-08
9.17089e-08
9.17089e-08
9.17089e-08
9.17089e-08
9.17092e-08
9.17092e-08
9.17092e-08
9.17092e-08
9.17092e-08
9.17092e-08
9.17094e-08
9.17094e-08
9.17094e-08
9.17094e-08
9.17094e-08
9.17094e-08
9.17094e-08
9.17097e-08
9.17097e-08
9.17097e-08
9.17097e-08
9.17097e-08
9.17097e-08
9.171e-08
9.171e-08
9.171e-08
9.171e-08
9.171e-08
9.171e-08
9.171e-08
9.17102e-08
9.17102e-08
9.17102e-08
9.17102e-08
9.17102e-08
9.17102e-08
9.17102e-08
9.17105e-08
9.17105e-08
9.17105e-08
9.17105e-08
9.17105e-08
9.17105e-08
9.17108e-08
9.17108e-08
9.17108e-08
9.17108e-08
9.17108e-08
9.17108e-08
9.17108e-08
9.1711e-08
9.1711e-08
9.1711e-08
9.1711e-08
9.1711e-08
9.1711e-08
9.1711e-08
9.17113e-08
9.17113e-08
9.17113e-08
9.17113e-08
9.17113e-08
9.17113e-08
9.17116e-08
9.17116e-08
9.17116e-08
9.17116e-08
9.17116e-08
9.17116e-08
9.17116e-08
9.17118e-08
9.17118e-08
9.17118e-08
9.17118e-08
9.17118e-08
9.17118e-08
9.17121e-08
9.17121e-08
9.17121e-08
9.17121e-08
9.17121e-08
9.17121e-08
9.17124e-08
9.17124e-08
9.17121e-08
9.17049e-08
9.17035e-08
9.17035e-08
9.17038e-08
9.17041e-08
9.17043e-08
9.17046e-08
9.17046e-08
9.17049e-08
9.17051e-08
9.17051e-08
9.17054e-08
9.17057e-08
9.17057e-08
9.17059e-08
9.17059e-08
9.17059e-08
9.17059e-08
9.17062e-08
9.17062e-08
9.17062e-08
9.17062e-08
9.17062e-08
9.17062e-08
9.17062e-08
9.17059e-08
9.17059e-08
9.17059e-08
9.17059e-08
9.17057e-08
9.17057e-08
9.17054e-08
9.17054e-08
9.17054e-08
9.17051e-08
9.17051e-08
9.17049e-08
9.17049e-08
9.17046e-08
9.17046e-08
9.17043e-08
9.17043e-08
9.17041e-08
9.17038e-08
9.17038e-08
9.17035e-08
9.17035e-08
9.17033e-08
9.17033e-08
9.1703e-08
9.17027e-08
9.17027e-08
9.17024e-08
9.17022e-08
9.17022e-08
9.17019e-08
9.17019e-08
9.17016e-08
9.17014e-08
9.17014e-08
9.17011e-08
9.17008e-08
9.17008e-08
9.17006e-08
9.17003e-08
9.17003e-08
9.17e-08
9.17e-08
9.16998e-08
9.16995e-08
9.16995e-08
9.16992e-08
9.16992e-08
9.1699e-08
9.16987e-08
9.16987e-08
9.16984e-08
9.16984e-08
9.16982e-08
9.16979e-08
9.16979e-08
9.16976e-08
9.16976e-08
9.16974e-08
9.16974e-08
9.16971e-08
9.16968e-08
9.16968e-08
9.16965e-08
9.16965e-08
9.16963e-08
9.16963e-08
9.1696e-08
9.1696e-08
9.16957e-08
9.16957e-08
9.16955e-08
9.16955e-08
9.16952e-08
9.16952e-08
9.16949e-08
9.16949e-08
9.16947e-08
9.16947e-08
9.16947e-08
9.16944e-08
9.16944e-08
9.16941e-08
9.16941e-08
9.16939e-08
9.16939e-08
9.16939e-08
9.16936e-08
9.16936e-08
9.16933e-08
9.16933e-08
9.16933e-08
9.16931e-08
9.16931e-08
9.16928e-08
9.16928e-08
9.16928e-08
9.16925e-08
9.16925e-08
9.16925e-08
9.16923e-08
9.16923e-08
9.16923e-08
9.1692e-08
9.1692e-08
9.1692e-08
9.16917e-08
9.16917e-08
9.16917e-08
9.16917e-08
9.16915e-08
9.16915e-08
9.16915e-08
9.16912e-08
9.16912e-08
9.16912e-08
9.16912e-08
9.16909e-08
9.16909e-08
9.16909e-08
9.16906e-08
9.16906e-08
9.16906e-08
9.16906e-08
9.16906e-08
9.16904e-08
9.16904e-08
9.16904e-08
9.16904e-08
9.16901e-08
9.16901e-08
9.16901e-08
9.16901e-08
9.16901e-08
9.16898e-08
9.16898e-08
9.16898e-08
9.16898e-08
9.16898e-08
9.16896e-08
9.16896e-08
9.16896e-08
9.16896e-08
9.16896e-08
9.16893e-08
9.16893e-08
9.16893e-08
9.16893e-08
9.16893e-08
9.16893e-08
9.16893e-08
9.1689e-08
9.1689e-08
9.1689e-08
9.1689e-08
9.1689e-08
9.1689e-08
9.1689e-08
9.16888e-08
9.16888e-08
9.16888e-08
9.16888e-08
9.16888e-08
9.16888e-08
9.16888e-08
9.16888e-08
9.16885e-08
9.16885e-08
9.16885e-08
9.16885e-08
9.16885e-08
9.16885e-08
9.16885e-08
9.16885e-08
9.16885e-08
9.16885e-08
9.16882e-08
9.16882e-08
9.16882e-08
9.16882e-08
9.16882e-08
9.16882e-08
9.16882e-08
9.16882e-08
9.16882e-08
9.16882e-08
9.16882e-08
9.16882e-08
9.16882e-08
9.1688e-08
9.1688e-08
9.1688e-08
9.1688e-08
9.1688e-08
9.1688e-08
9.1688e-08
9.1688e-08
9.1688e-08
9.1688e-08
9.1688e-08
9.1688e-08
9.1688e-08
9.1688e-08
9.1688e-08
9.1688e-08
9.1688e-08
9.1688e-08
9.1688e-08
9.1688e-08
9.1688e-08
9.1688e-08
9.1688e-08
9.16877e-08
9.16877e-08
9.16877e-08
9.16877e-08
9.16877e-08
9.16877e-08
9.16877e-08
9.16877e-08
9.16877e-08
9.16877e-08
9.16877e-08
9.16877e-08
9.16877e-08
9.16877e-08
9.16877e-08
9.16877e-08
9.16877e-08
9.16877e-08
9.16877e-08
9.16877e-08
9.16877e-08
9.16877e-08
9.16877e-08
9.16877e-08
9.16877e-08
9.16877e-08
9.16877e-08
9.16877e-08
9.16877e-08
9.16877e-08
9.16877e-08
9.16877e-08
9.16877e-08
9.16877e-08
9.16877e-08
9.16877e-08
9.16877e-08
9.16877e-08
9.1688e-08
9.1688e-08
9.1688e-08
9.1688e-08
9.1688e-08
9.1688e-08
9.1688e-08
9.1688e-08
9.1688e-08
9.1688e-08
9.1688e-08
9.1688e-08
9.1688e-08
9.1688e-08
9.1688e-08
9.1688e-08
9.1688e-08
9.1688e-08
9.1688e-08
9.1688e-08
9.1688e-08
9.1688e-08
9.1688e-08
9.1688e-08
9.1688e-08
9.1688e-08
9.1688e-08
9.1688e-08
9.1688e-08
9.16882e-08
9.16882e-08
9.16882e-08
9.16882e-08
9.16882e-08
9.16882e-08
9.16882e-08
9.16882e-08
9.16882e-08
9.16882e-08
9.16882e-08
9.16882e-08
9.16882e-08
9.16882e-08
9.16882e-08
9.16882e-08
9.16882e-08
9.16882e-08
9.16885e-08
9.16885e-08
9.16885e-08
9.16885e-08
9.16885e-08
9.16885e-08
9.16885e-08
9.16885e-08
9.16885e-08
9.16885e-08
9.16885e-08
9.16885e-08
9.16885e-08
9.16885e-08
9.16885e-08
9.16888e-08
9.16888e-08
9.16888e-08
9.16888e-08
9.16888e-08
9.16888e-08
9.16888e-08
9.16888e-08
9.16888e-08
9.16888e-08
9.16888e-08
9.16888e-08
9.16888e-08
9.16888e-08
9.1689e-08
9.1689e-08
9.1689e-08
9.1689e-08
9.1689e-08
9.1689e-08
9.1689e-08
9.1689e-08
9.1689e-08
9.1689e-08
9.1689e-08
9.1689e-08
9.16893e-08
9.16893e-08
9.16893e-08
9.16893e-08
9.16893e-08
9.16893e-08
9.16893e-08
9.16893e-08
9.16893e-08
9.16893e-08
9.16893e-08
9.16893e-08
9.16896e-08
9.16896e-08
9.16896e-08
9.16896e-08
9.16896e-08
9.16896e-08
9.16896e-08
9.16896e-08
9.16896e-08
9.16896e-08
9.16896e-08
9.16898e-08
9.16898e-08
9.16898e-08
9.16898e-08
9.16898e-08
9.16898e-08
9.16898e-08
9.16898e-08
9.16898e-08
9.16898e-08
9.16898e-08
9.16901e-08
9.16901e-08
9.16901e-08
9.16901e-08
9.16901e-08
9.16901e-08
9.16901e-08
9.16901e-08
9.16901e-08
9.16901e-08
9.16904e-08
9.16904e-08
9.16904e-08
9.16904e-08
9.16904e-08
9.16904e-08
9.16904e-08
9.16904e-08
9.16904e-08
9.16906e-08
9.16906e-08
9.16906e-08
9.16906e-08
9.16906e-08
9.16906e-08
9.16906e-08
9.16906e-08
9.16906e-08
9.16906e-08
9.16909e-08
9.16909e-08
9.16909e-08
9.16909e-08
9.16909e-08
9.16909e-08
9.16909e-08
9.16909e-08
9.16909e-08
9.16912e-08
9.16912e-08
9.16912e-08
9.16912e-08
9.16912e-08
9.16912e-08
9.16912e-08
9.16912e-08
9.16912e-08
9.16915e-08
9.16915e-08
9.16915e-08
9.16915e-08
9.16915e-08
9.16915e-08
9.16915e-08
9.16915e-08
9.16915e-08
9.16917e-08
9.16917e-08
9.16917e-08
9.16917e-08
9.16917e-08
9.16917e-08
9.16917e-08
9.16917e-08
9.16917e-08
9.1692e-08
9.1692e-08
9.1692e-08
9.1692e-08
9.1692e-08
9.1692e-08
9.1692e-08
9.1692e-08
9.16923e-08
9.16923e-08
9.16923e-08
9.16923e-08
9.16923e-08
9.16923e-08
9.16923e-08
9.16923e-08
9.16923e-08
9.16925e-08
9.16925e-08
9.16925e-08
9.16925e-08
9.16925e-08
9.16925e-08
9.16925e-08
9.16925e-08
9.16928e-08
9.16928e-08
9.16928e-08
9.16928e-08
9.16928e-08
9.16928e-08
9.16928e-08
9.16928e-08
9.16931e-08
9.16931e-08
9.16931e-08
9.16931e-08
9.16931e-08
9.16931e-08
9.16931e-08
9.16931e-08
9.16933e-08
9.16933e-08
9.16933e-08
9.16933e-08
9.16933e-08
9.16933e-08
9.16933e-08
9.16933e-08
9.16936e-08
9.16936e-08
9.16936e-08
9.16936e-08
9.16936e-08
9.16936e-08
9.16936e-08
9.16936e-08
9.16939e-08
9.16939e-08
9.16939e-08
9.16939e-08
9.16939e-08
9.16939e-08
9.16939e-08
9.16939e-08
9.16941e-08
9.16941e-08
9.16941e-08
9.16941e-08
9.16941e-08
9.16941e-08
9.16941e-08
9.16941e-08
9.16944e-08
9.16944e-08
9.16944e-08
9.16944e-08
9.16944e-08
9.16944e-08
9.16944e-08
9.16947e-08
9.16947e-08
9.16947e-08
9.16947e-08
9.16947e-08
9.16947e-08
9.16947e-08
9.16947e-08
9.16949e-08
9.16949e-08
9.16949e-08
9.16949e-08
9.16949e-08
9.16949e-08
9.16949e-08
9.16949e-08
9.16952e-08
9.16952e-08
9.16952e-08
9.16952e-08
9.16952e-08
9.16952e-08
9.16952e-08
9.16955e-08
9.16955e-08
9.16955e-08
9.16955e-08
9.16955e-08
9.16955e-08
9.16955e-08
9.16955e-08
9.16957e-08
9.16957e-08
9.16957e-08
9.16957e-08
9.16957e-08
9.16957e-08
9.16957e-08
9.1696e-08
9.1696e-08
9.1696e-08
9.1696e-08
9.1696e-08
9.1696e-08
9.1696e-08
9.16963e-08
9.16963e-08
9.16963e-08
9.16963e-08
9.16963e-08
9.16963e-08
9.16963e-08
9.16963e-08
9.16965e-08
9.16965e-08
9.16965e-08
9.16965e-08
9.16965e-08
9.16965e-08
9.16965e-08
9.16968e-08
9.16968e-08
9.16968e-08
9.16968e-08
9.16968e-08
9.16968e-08
9.16968e-08
9.16971e-08
9.16971e-08
9.16971e-08
9.16971e-08
9.16971e-08
9.16971e-08
9.16971e-08
9.16971e-08
9.16974e-08
9.16974e-08
9.16974e-08
9.16974e-08
9.16974e-08
9.16974e-08
9.16974e-08
9.16976e-08
9.16976e-08
9.16976e-08
9.16976e-08
9.16976e-08
9.16976e-08
9.16976e-08
9.16979e-08
9.16979e-08
9.16979e-08
9.16979e-08
9.16979e-08
9.16979e-08
9.16979e-08
9.16982e-08
9.16982e-08
9.16982e-08
9.16982e-08
9.16982e-08
9.16982e-08
9.16982e-08
9.16984e-08
9.16984e-08
9.16984e-08
9.16984e-08
9.16984e-08
9.16984e-08
9.16984e-08
9.16987e-08
9.16987e-08
9.16987e-08
9.16987e-08
9.16987e-08
9.16987e-08
9.16987e-08
9.1699e-08
9.1699e-08
9.1699e-08
9.1699e-08
9.1699e-08
9.1699e-08
9.1699e-08
9.16992e-08
9.16992e-08
9.16992e-08
9.16992e-08
9.16992e-08
9.16992e-08
9.16992e-08
9.16995e-08
9.16995e-08
9.16995e-08
9.16995e-08
9.16995e-08
9.16995e-08
9.16995e-08
9.16998e-08
9.16998e-08
9.16998e-08
9.16998e-08
9.16998e-08
9.16998e-08
9.16998e-08
9.17e-08
9.17e-08
9.17e-08
9.17e-08
9.17e-08
9.17e-08
9.17e-08
9.17003e-08
9.17003e-08
9.17003e-08
9.17003e-08
9.17003e-08
9.17003e-08
9.17003e-08
9.17006e-08
9.17006e-08
9.17006e-08
9.17006e-08
9.17006e-08
9.17006e-08
9.17006e-08
9.17008e-08
9.17008e-08
9.17008e-08
9.17008e-08
9.17008e-08
9.17008e-08
9.17008e-08
9.17011e-08
9.17011e-08
9.17011e-08
9.17011e-08
9.17011e-08
9.17011e-08
9.17011e-08
9.17014e-08
9.17014e-08
9.17014e-08
9.17014e-08
9.17014e-08
9.17014e-08
9.17014e-08
9.17016e-08
9.17016e-08
9.17016e-08
9.17016e-08
9.17016e-08
9.17016e-08
9.17016e-08
9.17019e-08
9.17019e-08
9.17019e-08
9.17019e-08
9.17019e-08
9.17019e-08
9.17019e-08
9.17022e-08
9.17022e-08
9.17022e-08
9.17022e-08
9.17022e-08
9.17022e-08
9.17022e-08
9.17024e-08
9.17024e-08
9.17024e-08
9.17024e-08
9.17024e-08
9.17024e-08
9.17027e-08
9.17027e-08
9.17027e-08
9.17027e-08
9.17027e-08
9.17027e-08
9.17027e-08
9.1703e-08
9.1703e-08
9.1703e-08
9.1703e-08
9.1703e-08
9.1703e-08
9.1703e-08
9.17033e-08
9.17033e-08
9.17033e-08
9.17033e-08
9.17033e-08
9.17033e-08
9.17033e-08
9.17035e-08
9.17035e-08
9.17035e-08
9.17035e-08
9.17035e-08
9.17035e-08
9.17035e-08
9.17038e-08
9.17038e-08
9.17038e-08
9.17038e-08
9.17038e-08
9.17038e-08
9.17041e-08
9.17041e-08
9.17041e-08
9.17041e-08
9.17041e-08
9.17041e-08
9.17041e-08
9.17043e-08
9.17043e-08
9.17043e-08
9.17043e-08
9.17043e-08
9.17043e-08
9.17043e-08
9.17046e-08
9.17046e-08
9.17046e-08
9.17046e-08
9.17046e-08
9.17046e-08
9.17046e-08
9.17049e-08
9.17049e-08
9.17049e-08
9.17049e-08
9.17049e-08
9.17049e-08
9.17051e-08
9.17051e-08
9.17051e-08
9.17051e-08
9.17051e-08
9.17051e-08
9.17051e-08
9.17054e-08
9.17054e-08
9.17054e-08
9.17054e-08
9.17054e-08
9.17054e-08
9.17054e-08
9.17057e-08
9.17057e-08
9.17057e-08
9.17057e-08
9.17057e-08
9.17057e-08
9.17057e-08
9.17059e-08
9.17059e-08
9.17059e-08
9.17059e-08
9.17059e-08
9.17059e-08
9.17062e-08
9.17062e-08
9.17062e-08
9.17062e-08
9.17062e-08
9.17062e-08
9.17062e-08
9.17065e-08
9.17065e-08
9.17065e-08
9.17065e-08
9.17065e-08
9.17065e-08
9.17065e-08
9.17067e-08
9.17067e-08
9.17067e-08
9.17067e-08
9.17067e-08
9.17067e-08
9.1707e-08
9.1707e-08
9.1707e-08
9.1707e-08
9.1707e-08
9.1707e-08
9.1707e-08
9.17073e-08
9.17073e-08
9.17073e-08
9.17073e-08
9.17073e-08
9.17073e-08
9.17073e-08
9.17075e-08
9.17075e-08
9.17075e-08
9.17075e-08
9.17075e-08
9.17075e-08
9.17078e-08
9.17078e-08
9.17078e-08
9.17078e-08
9.17078e-08
9.17078e-08
9.17078e-08
9.17081e-08
9.17081e-08
9.17081e-08
9.17081e-08
9.17081e-08
9.17081e-08
9.17081e-08
9.17083e-08
9.17083e-08
9.17083e-08
9.17083e-08
9.17083e-08
9.17083e-08
9.17086e-08
9.17086e-08
9.17086e-08
9.17086e-08
9.17086e-08
9.17086e-08
9.17086e-08
9.17089e-08
9.17089e-08
9.17089e-08
9.17089e-08
9.17089e-08
9.17089e-08
9.17089e-08
9.17092e-08
9.17092e-08
9.17092e-08
9.17092e-08
9.17092e-08
9.17092e-08
9.17094e-08
9.17094e-08
9.17094e-08
9.17094e-08
9.17094e-08
9.17094e-08
9.17094e-08
9.17097e-08
9.17097e-08
9.17097e-08
9.17097e-08
9.17097e-08
9.17097e-08
9.17097e-08
9.171e-08
9.171e-08
9.171e-08
9.171e-08
9.171e-08
9.171e-08
9.17102e-08
9.17102e-08
9.17102e-08
9.17102e-08
9.17102e-08
9.17102e-08
9.17102e-08
9.17105e-08
9.17105e-08
9.17105e-08
9.17105e-08
9.17105e-08
9.17105e-08
9.17105e-08
9.17108e-08
9.17108e-08
9.17108e-08
9.17108e-08
9.17108e-08
9.17108e-08
9.1711e-08
9.1711e-08
9.1711e-08
9.1711e-08
9.1711e-08
9.1711e-08
9.1711e-08
9.17113e-08
9.17113e-08
9.17113e-08
9.17113e-08
9.17113e-08
9.17113e-08
9.17113e-08
9.17116e-08
9.17116e-08
9.17116e-08
9.17116e-08
9.17116e-08
9.17116e-08
9.17118e-08
9.17118e-08
9.17118e-08
9.17118e-08
9.17118e-08
9.17118e-08
9.17118e-08
9.17121e-08
9.17121e-08
9.17121e-08
9.17121e-08
9.17121e-08
9.17121e-08
9.17124e-08
9.17124e-08
9.17121e-08
9.17049e-08
9.17035e-08
9.17035e-08
9.17038e-08
9.17041e-08
9.17043e-08
9.17046e-08
9.17049e-08
9.17049e-08
9.17051e-08
9.17054e-08
9.17054e-08
9.17057e-08
9.17057e-08
9.17059e-08
9.17059e-08
9.17059e-08
9.17062e-08
9.17062e-08
9.17062e-08
9.17062e-08
9.17062e-08
9.17062e-08
9.17062e-08
9.17062e-08
9.17062e-08
9.17059e-08
9.17059e-08
9.17059e-08
9.17057e-08
9.17057e-08
9.17057e-08
9.17054e-08
9.17054e-08
9.17051e-08
9.17051e-08
9.17049e-08
9.17049e-08
9.17046e-08
9.17046e-08
9.17043e-08
9.17043e-08
9.17041e-08
9.17041e-08
9.17038e-08
9.17035e-08
9.17035e-08
9.17033e-08
9.16989e-08
9.16986e-08
9.16984e-08
9.16984e-08
9.16981e-08
9.16981e-08
9.16978e-08
9.16976e-08
9.16976e-08
9.16973e-08
9.1697e-08
9.1697e-08
9.16968e-08
9.16968e-08
9.16965e-08
9.16962e-08
9.16962e-08
9.1696e-08
9.16957e-08
9.16957e-08
9.16954e-08
9.16952e-08
9.16952e-08
9.16949e-08
9.16949e-08
9.16946e-08
9.16944e-08
9.16944e-08
9.16941e-08
9.16941e-08
9.16938e-08
9.16935e-08
9.16935e-08
9.16933e-08
9.16933e-08
9.1693e-08
9.1693e-08
9.16927e-08
9.16927e-08
9.16925e-08
9.16922e-08
9.16922e-08
9.16919e-08
9.16919e-08
9.16917e-08
9.16917e-08
9.16914e-08
9.16914e-08
9.16911e-08
9.16911e-08
9.16909e-08
9.16909e-08
9.16906e-08
9.16906e-08
9.16906e-08
9.16903e-08
9.16903e-08
9.16901e-08
9.16901e-08
9.16898e-08
9.16898e-08
9.16898e-08
9.16895e-08
9.16895e-08
9.16893e-08
9.16893e-08
9.1689e-08
9.1689e-08
9.1689e-08
9.16887e-08
9.16887e-08
9.16887e-08
9.16885e-08
9.16885e-08
9.16885e-08
9.16882e-08
9.16882e-08
9.16879e-08
9.16879e-08
9.16879e-08
9.16876e-08
9.16876e-08
9.16876e-08
9.16876e-08
9.16874e-08
9.16874e-08
9.16874e-08
9.16871e-08
9.16871e-08
9.16871e-08
9.16868e-08
9.16868e-08
9.16868e-08
9.16868e-08
9.16866e-08
9.16866e-08
9.16866e-08
9.16866e-08
9.16863e-08
9.16863e-08
9.16863e-08
9.16863e-08
9.1686e-08
9.1686e-08
9.1686e-08
9.1686e-08
9.16858e-08
9.16858e-08
9.16858e-08
9.16858e-08
9.16858e-08
9.16855e-08
9.16855e-08
9.16855e-08
9.16855e-08
9.16855e-08
9.16852e-08
9.16852e-08
9.16852e-08
9.16852e-08
9.16852e-08
9.16852e-08
9.1685e-08
9.1685e-08
9.1685e-08
9.1685e-08
9.1685e-08
9.1685e-08
9.16847e-08
9.16847e-08
9.16847e-08
9.16847e-08
9.16847e-08
9.16847e-08
9.16847e-08
9.16844e-08
9.16844e-08
9.16844e-08
9.16844e-08
9.16844e-08
9.16844e-08
9.16844e-08
9.16844e-08
9.16844e-08
9.16842e-08
9.16842e-08
9.16842e-08
9.16842e-08
9.16842e-08
9.16842e-08
9.16842e-08
9.16842e-08
9.16842e-08
9.16842e-08
9.16839e-08
9.16839e-08
9.16839e-08
9.16839e-08
9.16839e-08
9.16839e-08
9.16839e-08
9.16839e-08
9.16839e-08
9.16839e-08
9.16839e-08
9.16839e-08
9.16839e-08
9.16839e-08
9.16836e-08
9.16836e-08
9.16836e-08
9.16836e-08
9.16836e-08
9.16836e-08
9.16836e-08
9.16836e-08
9.16836e-08
9.16836e-08
9.16836e-08
9.16836e-08
9.16836e-08
9.16836e-08
9.16836e-08
9.16836e-08
9.16836e-08
9.16836e-08
9.16836e-08
9.16836e-08
9.16836e-08
9.16836e-08
9.16836e-08
9.16836e-08
9.16836e-08
9.16836e-08
9.16834e-08
9.16834e-08
9.16834e-08
9.16834e-08
9.16834e-08
9.16834e-08
9.16834e-08
9.16834e-08
9.16834e-08
9.16834e-08
9.16834e-08
9.16834e-08
9.16834e-08
9.16834e-08
9.16834e-08
9.16834e-08
9.16834e-08
9.16834e-08
9.16834e-08
9.16834e-08
9.16834e-08
9.16834e-08
9.16834e-08
9.16834e-08
9.16834e-08
9.16834e-08
9.16834e-08
9.16836e-08
9.16836e-08
9.16836e-08
9.16836e-08
9.16836e-08
9.16836e-08
9.16836e-08
9.16836e-08
9.16836e-08
9.16836e-08
9.16836e-08
9.16836e-08
9.16836e-08
9.16836e-08
9.16836e-08
9.16836e-08
9.16836e-08
9.16836e-08
9.16836e-08
9.16836e-08
9.16836e-08
9.16836e-08
9.16836e-08
9.16836e-08
9.16836e-08
9.16836e-08
9.16836e-08
9.16836e-08
9.16836e-08
9.16836e-08
9.16836e-08
9.1688e-08
9.16882e-08
9.16882e-08
9.16882e-08
9.16882e-08
9.16882e-08
9.16882e-08
9.16882e-08
9.16882e-08
9.16882e-08
9.16882e-08
9.16882e-08
9.16882e-08
9.16882e-08
9.16882e-08
9.16882e-08
9.16882e-08
9.16882e-08
9.16882e-08
9.16882e-08
9.16885e-08
9.16885e-08
9.16885e-08
9.16885e-08
9.16885e-08
9.16885e-08
9.16885e-08
9.16885e-08
9.16885e-08
9.16885e-08
9.16885e-08
9.16885e-08
9.16885e-08
9.16885e-08
9.16885e-08
9.16885e-08
9.16888e-08
9.16888e-08
9.16888e-08
9.16888e-08
9.16888e-08
9.16888e-08
9.16888e-08
9.16888e-08
9.16888e-08
9.16888e-08
9.16888e-08
9.16888e-08
9.16888e-08
9.16888e-08
9.1689e-08
9.1689e-08
9.1689e-08
9.1689e-08
9.1689e-08
9.1689e-08
9.1689e-08
9.1689e-08
9.1689e-08
9.1689e-08
9.1689e-08
9.1689e-08
9.16893e-08
9.16893e-08
9.16893e-08
9.16893e-08
9.16893e-08
9.16893e-08
9.16893e-08
9.16893e-08
9.16893e-08
9.16893e-08
9.16893e-08
9.16893e-08
9.16896e-08
9.16896e-08
9.16896e-08
9.16896e-08
9.16896e-08
9.16896e-08
9.16896e-08
9.16896e-08
9.16896e-08
9.16896e-08
9.16896e-08
9.16898e-08
9.16898e-08
9.16898e-08
9.16898e-08
9.16898e-08
9.16898e-08
9.16898e-08
9.16898e-08
9.16898e-08
9.16898e-08
9.16901e-08
9.16901e-08
9.16901e-08
9.16901e-08
9.16901e-08
9.16901e-08
9.16901e-08
9.16901e-08
9.16901e-08
9.16901e-08
9.16901e-08
9.16904e-08
9.16904e-08
9.16904e-08
9.16904e-08
9.16904e-08
9.16904e-08
9.16904e-08
9.16904e-08
9.16904e-08
9.16906e-08
9.16906e-08
9.16906e-08
9.16906e-08
9.16906e-08
9.16906e-08
9.16906e-08
9.16906e-08
9.16906e-08
9.16906e-08
9.16909e-08
9.16909e-08
9.16909e-08
9.16909e-08
9.16909e-08
9.16909e-08
9.16909e-08
9.16909e-08
9.16909e-08
9.16912e-08
9.16912e-08
9.16912e-08
9.16912e-08
9.16912e-08
9.16912e-08
9.16912e-08
9.16912e-08
9.16912e-08
9.16915e-08
9.16915e-08
9.16915e-08
9.16915e-08
9.16915e-08
9.16915e-08
9.16915e-08
9.16915e-08
9.16915e-08
9.16917e-08
9.16917e-08
9.16917e-08
9.16917e-08
9.16917e-08
9.16917e-08
9.16917e-08
9.16917e-08
9.16917e-08
9.1692e-08
9.1692e-08
9.1692e-08
9.1692e-08
9.1692e-08
9.1692e-08
9.1692e-08
9.1692e-08
9.16923e-08
9.16923e-08
9.16923e-08
9.16923e-08
9.16923e-08
9.16923e-08
9.16923e-08
9.16923e-08
9.16923e-08
9.16925e-08
9.16925e-08
9.16925e-08
9.16925e-08
9.16925e-08
9.16925e-08
9.16925e-08
9.16925e-08
9.16928e-08
9.16928e-08
9.16928e-08
9.16928e-08
9.16928e-08
9.16928e-08
9.16928e-08
9.16928e-08
9.16931e-08
9.16931e-08
9.16931e-08
9.16931e-08
9.16931e-08
9.16931e-08
9.16931e-08
9.16931e-08
9.16933e-08
9.16933e-08
9.16933e-08
9.16933e-08
9.16933e-08
9.16933e-08
9.16933e-08
9.16933e-08
9.16936e-08
9.16936e-08
9.16936e-08
9.16936e-08
9.16936e-08
9.16936e-08
9.16936e-08
9.16936e-08
9.16939e-08
9.16939e-08
9.16939e-08
9.16939e-08
9.16939e-08
9.16939e-08
9.16939e-08
9.16939e-08
9.16941e-08
9.16941e-08
9.16941e-08
9.16941e-08
9.16941e-08
9.16941e-08
9.16941e-08
9.16941e-08
9.16944e-08
9.16944e-08
9.16944e-08
9.16944e-08
9.16944e-08
9.16944e-08
9.16944e-08
9.16944e-08
9.16947e-08
9.16947e-08
9.16947e-08
9.16947e-08
9.16947e-08
9.16947e-08
9.16947e-08
9.16949e-08
9.16949e-08
9.16949e-08
9.16949e-08
9.16949e-08
9.16949e-08
9.16949e-08
9.16949e-08
9.16952e-08
9.16952e-08
9.16952e-08
9.16952e-08
9.16952e-08
9.16952e-08
9.16952e-08
9.16955e-08
9.16955e-08
9.16955e-08
9.16955e-08
9.16955e-08
9.16955e-08
9.16955e-08
9.16955e-08
9.16957e-08
9.16957e-08
9.16957e-08
9.16957e-08
9.16957e-08
9.16957e-08
9.16957e-08
9.1696e-08
9.1696e-08
9.1696e-08
9.1696e-08
9.1696e-08
9.1696e-08
9.1696e-08
9.1696e-08
9.16963e-08
9.16963e-08
9.16963e-08
9.16963e-08
9.16963e-08
9.16963e-08
9.16963e-08
9.16965e-08
9.16965e-08
9.16965e-08
9.16965e-08
9.16965e-08
9.16965e-08
9.16965e-08
9.16968e-08
9.16968e-08
9.16968e-08
9.16968e-08
9.16968e-08
9.16968e-08
9.16968e-08
9.16968e-08
9.16971e-08
9.16971e-08
9.16971e-08
9.16971e-08
9.16971e-08
9.16971e-08
9.16971e-08
9.16974e-08
9.16974e-08
9.16974e-08
9.16974e-08
9.16974e-08
9.16974e-08
9.16974e-08
9.16976e-08
9.16976e-08
9.16976e-08
9.16976e-08
9.16976e-08
9.16976e-08
9.16976e-08
9.16979e-08
9.16979e-08
9.16979e-08
9.16979e-08
9.16979e-08
9.16979e-08
9.16979e-08
9.16982e-08
9.16982e-08
9.16982e-08
9.16982e-08
9.16982e-08
9.16982e-08
9.16982e-08
9.16984e-08
9.16984e-08
9.16984e-08
9.16984e-08
9.16984e-08
9.16984e-08
9.16984e-08
9.16984e-08
9.16987e-08
9.16987e-08
9.16987e-08
9.16987e-08
9.16987e-08
9.16987e-08
9.16987e-08
9.1699e-08
9.1699e-08
9.1699e-08
9.1699e-08
9.1699e-08
9.1699e-08
9.1699e-08
9.16992e-08
9.16992e-08
9.16992e-08
9.16992e-08
9.16992e-08
9.16992e-08
9.16992e-08
9.16995e-08
9.16995e-08
9.16995e-08
9.16995e-08
9.16995e-08
9.16995e-08
9.16995e-08
9.16998e-08
9.16998e-08
9.16998e-08
9.16998e-08
9.16998e-08
9.16998e-08
9.16998e-08
9.17e-08
9.17e-08
9.17e-08
9.17e-08
9.17e-08
9.17e-08
9.17e-08
9.17003e-08
9.17003e-08
9.17003e-08
9.17003e-08
9.17003e-08
9.17003e-08
9.17003e-08
9.17006e-08
9.17006e-08
9.17006e-08
9.17006e-08
9.17006e-08
9.17006e-08
9.17006e-08
9.17008e-08
9.17008e-08
9.17008e-08
9.17008e-08
9.17008e-08
9.17008e-08
9.17011e-08
9.17011e-08
9.17011e-08
9.17011e-08
9.17011e-08
9.17011e-08
9.17011e-08
9.17014e-08
9.17014e-08
9.17014e-08
9.17014e-08
9.17014e-08
9.17014e-08
9.17014e-08
9.17016e-08
9.17016e-08
9.17016e-08
9.17016e-08
9.17016e-08
9.17016e-08
9.17016e-08
9.17019e-08
9.17019e-08
9.17019e-08
9.17019e-08
9.17019e-08
9.17019e-08
9.17019e-08
9.17022e-08
9.17022e-08
9.17022e-08
9.17022e-08
9.17022e-08
9.17022e-08
9.17022e-08
9.17024e-08
9.17024e-08
9.17024e-08
9.17024e-08
9.17024e-08
9.17024e-08
9.17024e-08
9.17027e-08
9.17027e-08
9.17027e-08
9.17027e-08
9.17027e-08
9.17027e-08
9.1703e-08
9.1703e-08
9.1703e-08
9.1703e-08
9.1703e-08
9.1703e-08
9.1703e-08
9.17033e-08
9.17033e-08
9.17033e-08
9.17033e-08
9.17033e-08
9.17033e-08
9.17033e-08
9.17035e-08
9.17035e-08
9.17035e-08
9.17035e-08
9.17035e-08
9.17035e-08
9.17035e-08
9.17038e-08
9.17038e-08
9.17038e-08
9.17038e-08
9.17038e-08
9.17038e-08
9.17038e-08
9.17041e-08
9.17041e-08
9.17041e-08
9.17041e-08
9.17041e-08
9.17041e-08
9.17043e-08
9.17043e-08
9.17043e-08
9.17043e-08
9.17043e-08
9.17043e-08
9.17043e-08
9.17046e-08
9.17046e-08
9.17046e-08
9.17046e-08
9.17046e-08
9.17046e-08
9.17046e-08
9.17049e-08
9.17049e-08
9.17049e-08
9.17049e-08
9.17049e-08
9.17049e-08
9.17049e-08
9.17051e-08
9.17051e-08
9.17051e-08
9.17051e-08
9.17051e-08
9.17051e-08
9.17054e-08
9.17054e-08
9.17054e-08
9.17054e-08
9.17054e-08
9.17054e-08
9.17054e-08
9.17057e-08
9.17057e-08
9.17057e-08
9.17057e-08
9.17057e-08
9.17057e-08
9.17057e-08
9.17059e-08
9.17059e-08
9.17059e-08
9.17059e-08
9.17059e-08
9.17059e-08
9.17059e-08
9.17062e-08
9.17062e-08
9.17062e-08
9.17062e-08
9.17062e-08
9.17062e-08
9.17065e-08
9.17065e-08
9.17065e-08
9.17065e-08
9.17065e-08
9.17065e-08
9.17065e-08
9.17067e-08
9.17067e-08
9.17067e-08
9.17067e-08
9.17067e-08
9.17067e-08
9.17067e-08
9.1707e-08
9.1707e-08
9.1707e-08
9.1707e-08
9.1707e-08
9.1707e-08
9.17073e-08
9.17073e-08
9.17073e-08
9.17073e-08
9.17073e-08
9.17073e-08
9.17073e-08
9.17075e-08
9.17075e-08
9.17075e-08
9.17075e-08
9.17075e-08
9.17075e-08
9.17075e-08
9.17078e-08
9.17078e-08
9.17078e-08
9.17078e-08
9.17078e-08
9.17078e-08
9.17081e-08
9.17081e-08
9.17081e-08
9.17081e-08
9.17081e-08
9.17081e-08
9.17081e-08
9.17083e-08
9.17083e-08
9.17083e-08
9.17083e-08
9.17083e-08
9.17083e-08
9.17083e-08
9.17086e-08
9.17086e-08
9.17086e-08
9.17086e-08
9.17086e-08
9.17086e-08
9.17089e-08
9.17089e-08
9.17089e-08
9.17089e-08
9.17089e-08
9.17089e-08
9.17089e-08
9.17092e-08
9.17092e-08
9.17092e-08
9.17092e-08
9.17092e-08
9.17092e-08
9.17092e-08
9.17094e-08
9.17094e-08
9.17094e-08
9.17094e-08
9.17094e-08
9.17094e-08
9.17097e-08
9.17097e-08
9.17097e-08
9.17097e-08
9.17097e-08
9.17097e-08
9.17097e-08
9.171e-08
9.171e-08
9.171e-08
9.171e-08
9.171e-08
9.171e-08
9.171e-08
9.17102e-08
9.17102e-08
9.17102e-08
9.17102e-08
9.17102e-08
9.17102e-08
9.17105e-08
9.17105e-08
9.17105e-08
9.17105e-08
9.17105e-08
9.17105e-08
9.17105e-08
9.17108e-08
9.17108e-08
9.17108e-08
9.17108e-08
9.17108e-08
9.17108e-08
9.17108e-08
9.1711e-08
9.1711e-08
9.1711e-08
9.1711e-08
9.1711e-08
9.1711e-08
9.17113e-08
9.17113e-08
9.17113e-08
9.17113e-08
9.17113e-08
9.17113e-08
9.17113e-08
9.17116e-08
9.17116e-08
9.17116e-08
9.17116e-08
9.17116e-08
9.17116e-08
9.17118e-08
9.17118e-08
9.17118e-08
9.17118e-08
9.17118e-08
9.17118e-08
9.17118e-08
9.17121e-08
9.17121e-08
9.17121e-08
9.17121e-08
9.17121e-08
