0.997192
0.995519
0.993846
0.992179
0.990518
0.988875
0.987294
0.986691
0.987932
0.991333
0.997587
1.008140
1.026100
1.057080
1.108450
1.187680
1.300670
1.450570
1.637560
1.859350
2.111970
2.390670
2.690590
3.007200
3.336400
3.674490
4.018120
4.364290
4.710430
5.054420
5.394670
5.729970
6.059470
6.382600
6.699010
7.008360
7.310530
7.605580
7.893340
8.173970
8.447490
8.713950
8.973540
9.226250
9.472330
9.711780
9.944840
10.171500
10.392000
10.606400
10.814700
11.017300
11.214000
11.405100
11.590600
11.770700
11.945400
12.114800
12.279100
12.438200
12.592300
12.741500
12.886000
13.025600
13.160600
13.290900
13.416700
13.538100
13.655200
13.767800
13.876300
13.980600
14.080700
14.176800
14.269000
14.357300
14.441700
14.522400
14.599400
14.672700
14.742500
14.808700
14.871500
14.930800
14.986900
15.039600
15.089100
15.135400
15.178600
15.218800
15.255900
15.290100
15.321300
15.349700
15.375400
15.398200
15.418400
15.436000
15.450900
15.463300
15.473200
15.480700
15.485800
15.488600
15.489000
15.487200
15.483200
15.477000
15.468700
15.458400
15.446100
15.431700
15.415400
15.397200
15.377200
15.355300
15.331700
15.306400
15.279400
15.250800
15.220500
15.188700
15.155400
15.120600
15.084300
15.046700
15.007600
14.967200
14.925500
14.882700
14.838500
14.793100
14.746600
14.699000
14.650300
14.600500
14.549700
14.497900
14.445200
14.391500
14.337000
14.281500
14.225300
14.168200
14.110300
14.051800
13.992500
13.932500
13.871900
13.810500
13.748700
13.686200
13.623200
13.559700
13.495600
13.431000
13.366100
13.300700
13.234800
13.168700
13.102100
13.035200
12.968000
12.900500
12.832800
12.764800
12.696500
12.628100
12.559400
12.490600
12.421700
12.352700
12.283500
12.214200
12.144900
12.075500
12.006100
11.936600
11.867200
11.797700
11.728400
11.659000
11.589700
11.520500
11.451300
11.382300
11.313400
11.244700
11.176000
11.107500
11.039300
10.971100
10.903300
10.835500
10.768100
10.700800
10.633800
10.567100
10.500600
10.434300
10.368400
10.302800
10.237500
10.172400
10.107700
10.043300
9.979280
9.915580
9.852190
9.789230
9.726570
9.664270
9.602400
9.540830
9.479690
9.418980
9.358630
9.298650
9.239090
9.179950
9.121190
9.062910
9.004990
8.947500
8.890440
8.833800
8.777590
8.721800
8.666440
8.611560
8.557060
8.503030
8.449380
8.396210
8.343460
8.291200
8.239310
8.187900
8.136860
8.086310
8.036180
7.986480
7.937260
7.888410
7.840040
7.792040
7.744530
7.697440
7.650720
7.604490
7.558620
7.513170
7.468210
7.423560
7.379390
7.335650
7.292280
7.249270
7.206740
7.164580
7.122790
7.081420
7.040420
6.999840
6.959630
6.919780
6.880300
6.841180
6.802490
6.764160
6.726140
6.688540
6.651250
6.614320
6.577760
6.541560
6.505670
6.470140
6.434920
6.400060
6.365560
6.331310
6.297430
6.263910
6.230630
6.197720
6.165050
6.132750
6.100750
6.069030
6.037600
6.006480
5.975640
5.945090
5.914820
5.884840
5.855130
5.825690
5.796530
5.767640
5.739000
5.710640
5.682520
5.654670
5.627060
5.599700
5.572590
5.545730
5.519110
5.492720
5.466570
5.440650
5.414960
5.389490
5.364260
5.339240
5.314440
5.289860
5.265490
5.241340
5.217380
5.193640
5.170100
5.146770
5.123620
5.100680
5.077940
5.055380
5.033010
5.010830
4.988840
4.967020
4.945390
4.923940
4.902660
4.881550
4.860620
4.839860
4.819270
4.798850
4.778580
4.758480
4.738540
4.718760
4.699140
4.679670
4.660350
4.641190
4.622170
4.603310
4.584590
4.566010
4.547570
4.529280
4.511130
4.493110
4.475230
4.457490
4.439880
4.422390
4.405040
4.387830
4.370730
4.353760
4.336920
4.320200
4.303600
4.287120
4.270760
4.254520
4.238390
4.222380
4.206490
4.190710
4.175030
4.159470
4.144020
4.128670
4.113430
4.098300
4.083270
4.068350
4.053520
4.038800
4.024170
4.009650
3.995230
3.980890
3.966660
3.952530
3.938480
3.924530
3.910670
3.896900
3.883220
3.869630
3.856130
3.842710
3.829380
3.816140
3.802990
3.789910
3.776920
3.764010
3.751180
3.738430
3.725770
3.713170
3.700670
3.688230
3.675880
3.663590
3.651380
3.639250
3.627190
3.615210
3.603300
3.591450
3.579680
3.567980
3.556350
3.544790
3.533290
3.521870
3.510510
3.499210
3.487980
3.476820
3.465720
3.454690
3.443710
3.432810
3.421960
3.411170
3.400450
3.389790
3.379180
3.368640
3.358150
3.347720
3.337350
3.327040
3.316790
3.306580
3.296440
3.286350
3.276320
3.266330
3.256410
3.246540
3.236720
3.226950
3.217230
3.207570
3.197950
3.188390
3.178880
3.169420
3.160010
3.150640
3.141330
3.132060
3.122840
3.113670
3.104540
3.095460
3.086430
3.077440
3.068500
3.059600
3.050750
3.041940
3.033180
3.024460
3.015780
3.007150
2.998550
2.990010
2.981490
2.973030
2.964610
2.956220
2.947880
2.939570
2.931310
2.923090
2.914900
2.906760
2.898650
2.890580
2.882550
2.874560
2.866610
2.858690
2.850810
2.842960
2.835160
2.827380
2.819650
2.811950
2.804290
2.796660
2.789060
2.781500
2.773980
2.766490
2.759030
2.751600
2.744210
2.736850
2.729530
2.722240
2.714980
2.707750
2.700550
2.693390
2.686260
2.679150
2.672080
2.665040
2.658040
2.651060
2.644110
2.637190
2.630300
2.623440
2.616610
2.609810
2.603040
2.596290
2.589580
2.582890
2.576240
2.569600
2.563000
2.556430
2.549880
2.543360
2.536860
2.530400
2.523960
2.517550
2.511160
2.504800
2.498460
2.492150
2.485870
2.479610
2.473380
2.467170
2.460990
2.454830
2.448700
2.442590
2.436510
2.430450
2.424410
2.418400
2.412410
2.406450
2.400510
2.394590
2.388690
2.382820
2.376970
2.371150
2.365340
2.359560
2.353800
2.348060
2.342350
2.336660
2.330990
2.325340
2.319710
2.314110
2.308520
2.302960
2.297410
2.291890
2.286390
2.280910
2.275450
2.270010
2.264590
2.259190
2.253810
2.248450
2.243110
2.237790
2.232490
2.227210
2.221950
2.216710
2.211480
2.206280
2.201090
2.195930
2.190780
2.185650
2.180540
2.175450
2.170380
2.165310
2.160280
2.155260
2.150260
2.145270
2.140300
2.135360
2.130420
2.125510
2.120610
2.115730
2.110870
2.106030
2.101200
2.096390
2.091590
2.086810
2.082050
2.077300
2.072580
2.067860
2.063160
2.058490
2.053820
2.049170
2.044540
2.039930
2.035330
2.030740
2.026170
2.021610
2.017080
2.012550
2.008040
2.003550
1.999070
1.994610
1.990160
1.985730
1.981300
1.976900
1.972510
1.968130
1.963780
1.959430
1.955100
1.950780
1.946470
1.942190
1.937910
1.933650
1.929400
1.925160
1.920950
1.916740
1.912550
1.908370
1.904200
1.900050
1.895910
1.891780
1.887670
1.883580
1.879490
1.875410
1.871350
1.867310
1.863280
1.859250
1.855250
1.851250
1.847260
1.843290
1.839330
1.835390
1.831450
1.827530
1.823620
1.819720
1.815840
1.811970
1.808110
1.804260
1.800420
1.796600
1.792790
1.788980
1.785190
1.781420
1.777650
1.773900
1.770150
1.766420
1.762700
1.758990
1.755290
1.751610
1.747930
1.744260
1.740610
1.736970
1.733340
1.729720
1.726110
1.722510
1.718920
1.715340
1.711780
1.708220
1.704680
1.701140
1.697620
1.694100
1.690600
1.687110
1.683630
1.680150
1.676690
1.673240
1.669800
1.666370
1.662950
1.659540
1.656140
1.652740
1.649360
1.645990
1.642630
1.639280
1.635930
1.632600
1.629280
1.625970
1.622660
1.619370
1.616080
1.612810
1.609540
1.606290
1.603040
1.599800
1.596570
1.593350
1.590150
1.586940
1.583750
1.580570
1.577400
1.574230
1.571070
1.567930
1.564790
1.561660
1.558540
1.555430
1.552330
1.549230
1.546150
1.543070
1.540010
1.536950
1.533900
1.530850
1.527820
1.524800
1.521780
1.518770
1.515770
1.512780
1.509790
1.506820
1.503850
1.500890
1.497940
1.495000
1.492070
1.489140
1.486220
1.483310
1.480410
1.477520
1.474630
1.471750
1.468880
1.466020
1.463160
1.460310
1.457480
1.454640
1.451820
1.449000
1.446190
1.443390
1.440590
1.437810
1.435030
1.432260
1.429500
1.426740
1.423990
1.421250
1.418520
1.415790
1.413070
1.410360
1.407650
1.404960
1.402260
1.399580
1.396900
1.394240
1.391570
1.388920
1.386270
1.383630
1.380990
1.378370
1.375750
1.373130
1.370530
1.367930
1.365330
1.362750
1.360170
1.357600
1.355030
1.352470
1.349920
1.347380
1.344840
1.342310
1.339780
1.337260
1.334750
1.332240
1.329740
1.327250
1.324760
1.322280
1.319810
1.317340
1.314880
1.312420
1.309980
1.307530
1.305100
1.302670
1.300250
1.297830
1.295420
1.293020
1.290620
1.288220
1.285840
1.283460
1.281090
1.278720
1.276360
1.274000
1.271650
1.269300
1.266970
1.264640
1.262310
1.259990
1.257680
1.255370
1.253070
1.250770
1.248480
1.246190
1.243910
1.241640
1.239370
1.237110
1.234850
1.232600
1.230360
1.228120
1.225890
1.223660
1.221430
1.219220
1.217000
1.214800
1.212600
1.210400
1.208210
1.206030
1.203850
1.201680
1.199510
1.197350
1.195190
1.193040
1.190890
1.188750
1.186620
1.184480
1.182360
1.180240
1.178120
1.176010
1.173910
1.171810
1.169720
1.167630
1.165540
1.163460
1.161390
1.159330
1.157260
1.155200
1.153150
1.151100
1.149060
1.147020
1.144990
1.142950
1.140930
1.138910
1.136900
1.134890
1.132890
1.130890
1.128900
1.126910
1.124920
1.122950
1.120970
1.119000
1.117030
1.115070
1.113110
1.111170
1.109220
1.107280
1.105340
1.103410
1.101480
1.099560
1.097640
1.095730
1.093820
1.091910
1.090020
1.088120
1.086220
1.084340
1.082460
1.080580
1.078710
1.076840
1.074980
1.073120
1.071270
1.069410
1.067570
1.065720
1.063890
1.062050
1.060220
1.058400
1.056580
1.054770
1.052950
1.051150
1.049350
1.047550
1.045750
1.043960
1.042180
1.040400
1.038620
1.036840
1.035080
1.033320
1.031550
1.029800
1.028050
1.026300
1.024560
1.022820
1.021080
1.019350
1.017620
1.015890
1.014180
1.012460
1.010750
1.009040
1.007340
1.005640
1.003940
1.002250
1.000560
0.998883
0.997204
0.995525
0.993852
0.992185
0.990530
0.988888
0.987300
0.986704
0.987938
0.991339
0.997593
1.008140
1.026090
1.057070
1.108420
1.187630
1.300600
1.450480
1.637450
1.859220
2.111830
2.390510
2.690410
3.007010
3.336190
3.674270
4.017890
4.364040
4.710160
5.054150
5.394370
5.729660
6.059160
6.382290
6.698640
7.007990
7.310220
7.605220
7.892970
8.173610
8.447060
8.713530
8.973110
9.225820
9.471910
9.711360
9.944360
10.171000
10.391500
10.605900
10.814300
11.016800
11.213500
11.404600
11.590100
11.770100
11.944800
12.114300
12.278400
12.437600
12.591800
12.741000
12.885300
13.025000
13.159900
13.290300
13.416100
13.537500
13.654500
13.767200
13.875600
13.979800
14.080000
14.176200
14.268300
14.356600
14.441000
14.521700
14.598700
14.672000
14.741800
14.808000
14.870700
14.930100
14.986100
15.038800
15.088300
15.134600
15.177800
15.218000
15.255100
15.289300
15.320500
15.349000
15.374600
15.397400
15.417600
15.435200
15.450100
15.462500
15.472500
15.479900
15.485000
15.487700
15.488200
15.486300
15.482300
15.476200
15.467900
15.457500
15.445100
15.430800
15.414500
15.396300
15.376300
15.354400
15.330800
15.305500
15.278500
15.249900
15.219600
15.187800
15.154500
15.119700
15.083400
15.045700
15.006700
14.966300
14.924600
14.881700
14.837500
14.792200
14.745600
14.698100
14.649300
14.599600
14.548800
14.497000
14.444300
14.390600
14.336000
14.280600
14.224300
14.167300
14.109400
14.050800
13.991600
13.931600
13.870900
13.809600
13.747800
13.685300
13.622300
13.558700
13.494700
13.430100
13.365200
13.299800
13.233900
13.167700
13.101200
13.034300
12.967100
12.899600
12.831900
12.763900
12.695700
12.627200
12.558600
12.489800
12.420900
12.351800
12.282600
12.213400
12.144100
12.074600
12.005200
11.935800
11.866300
11.796900
11.727500
11.658200
11.588900
11.519600
11.450500
11.381500
11.312600
11.243900
11.175300
11.106700
11.038500
10.970400
10.902500
10.834800
10.767300
10.700100
10.633100
10.566300
10.499900
10.433700
10.367700
10.302100
10.236700
10.171700
10.107000
10.042600
9.978610
9.914910
9.851520
9.788560
9.725900
9.663600
9.601730
9.540220
9.479080
9.418310
9.357960
9.298040
9.238480
9.179350
9.120580
9.062300
9.004380
8.946890
8.889830
8.833250
8.777040
8.721250
8.665890
8.610960
8.556510
8.502490
8.448830
8.395660
8.342970
8.290660
8.238760
8.187360
8.136380
8.085820
8.035690
7.985990
7.936770
7.887920
7.839560
7.791560
7.744040
7.696960
7.650300
7.604000
7.558190
7.512750
7.467730
7.423140
7.378970
7.335230
7.291850
7.248900
7.206320
7.164160
7.122360
7.080990
7.040050
6.999410
6.959200
6.919350
6.879930
6.840810
6.802120
6.763800
6.725770
6.688180
6.650880
6.613960
6.577390
6.541200
6.505300
6.469780
6.434610
6.399750
6.365200
6.331010
6.297120
6.263540
6.230330
6.197410
6.164740
6.132440
6.100440
6.068730
6.037310
6.006190
5.975360
5.944800
5.914550
5.884560
5.854850
5.825420
5.796260
5.767360
5.738740
5.710370
5.682260
5.654400
5.626800
5.599450
5.572340
5.545480
5.518860
5.492480
5.466330
5.440410
5.414720
5.389260
5.364030
5.339010
5.314220
5.289640
5.265270
5.241120
5.217160
5.193430
5.169890
5.146550
5.123420
5.100480
5.077730
5.055170
5.032810
5.010630
4.988630
4.966830
4.945190
4.923740
4.902470
4.881360
4.860440
4.839680
4.819090
4.798660
4.778400
4.758300
4.738370
4.718580
4.698960
4.679500
4.660180
4.641020
4.622000
4.603140
4.584420
4.565840
4.547410
4.529120
4.510960
4.492950
4.475070
4.457330
4.439720
4.422240
4.404890
4.387670
4.370580
4.353610
4.336770
4.320050
4.303450
4.286980
4.270620
4.254380
4.238250
4.222240
4.206350
4.190570
4.174890
4.159330
4.143880
4.128540
4.113300
4.098170
4.083140
4.068210
4.053390
4.038670
4.024050
4.009520
3.995100
3.980770
3.966540
3.952400
3.938360
3.924400
3.910540
3.896780
3.883100
3.869510
3.856010
3.842600
3.829270
3.816020
3.802870
3.789800
3.776800
3.763890
3.751070
3.738320
3.725650
3.713060
3.700560
3.688120
3.675770
3.663480
3.651280
3.639150
3.627090
3.615110
3.603190
3.591350
3.579580
3.567880
3.556250
3.544690
3.533200
3.521770
3.510410
3.499120
3.487890
3.476720
3.465630
3.454590
3.443620
3.432710
3.421870
3.411080
3.400360
3.389700
3.379090
3.368540
3.358060
3.347640
3.337260
3.326950
3.316690
3.306500
3.296350
3.286260
3.276230
3.266250
3.256330
3.246450
3.236630
3.226860
3.217150
3.207490
3.197880
3.188310
3.178800
3.169340
3.159930
3.150560
3.141250
3.131980
3.122760
3.113590
3.104460
3.095390
3.086350
3.077370
3.068420
3.059530
3.050680
3.041870
3.033100
3.024380
3.015710
3.007070
2.998480
2.989930
2.981420
2.972960
2.964530
2.956150
2.947810
2.939510
2.931240
2.923020
2.914840
2.906690
2.898580
2.890510
2.882480
2.874490
2.866540
2.858620
2.850740
2.842900
2.835090
2.827320
2.819590
2.811880
2.804220
2.796590
2.789000
2.781440
2.773910
2.766420
2.758960
2.751540
2.744150
2.736790
2.729470
2.722180
2.714920
2.707690
2.700490
2.693330
2.686200
2.679100
2.672020
2.664980
2.657980
2.651000
2.644050
2.637130
2.630240
2.623380
2.616550
2.609750
2.602980
2.596240
2.589520
2.582840
2.576180
2.569550
2.562940
2.556370
2.549820
2.543310
2.536810
2.530340
2.523900
2.517490
2.511110
2.504740
2.498410
2.492100
2.485820
2.479560
2.473330
2.467120
2.460940
2.454780
2.448640
2.442540
2.436450
2.430390
2.424360
2.418350
2.412360
2.406390
2.400460
2.394540
2.388640
2.382770
2.376930
2.371100
2.365290
2.359510
2.353750
2.348020
2.342300
2.336610
2.330940
2.325290
2.319660
2.314060
2.308470
2.302910
2.297360
2.291850
2.286340
2.280860
2.275400
2.269960
2.264540
2.259150
2.253760
2.248400
2.243070
2.237750
2.232450
2.227170
2.221900
2.216660
2.211440
2.206230
2.201050
2.195880
2.190740
2.185610
2.180500
2.175410
2.170330
2.165270
2.160230
2.155220
2.150210
2.145230
2.140260
2.135320
2.130380
2.125470
2.120580
2.115700
2.110830
2.105990
2.101160
2.096340
2.091550
2.086770
2.082010
2.077270
2.072540
2.067820
2.063130
2.058450
2.053780
2.049140
2.044500
2.039880
2.035280
2.030700
2.026130
2.021580
2.017030
2.012510
2.008000
2.003510
1.999030
1.994570
1.990120
1.985680
1.981270
1.976860
1.972480
1.968100
1.963740
1.959390
1.955060
1.950740
1.946440
1.942150
1.937870
1.933610
1.929360
1.925130
1.920910
1.916700
1.912510
1.908330
1.904170
1.900010
1.895880
1.891750
1.887640
1.883540
1.879450
1.875380
1.871320
1.867270
1.863240
1.859220
1.855210
1.851210
1.847230
1.843260
1.839300
1.835350
1.831420
1.827500
1.823590
1.819690
1.815810
1.811940
1.808070
1.804230
1.800390
1.796560
1.792750
1.788950
1.785160
1.781380
1.777620
1.773860
1.770120
1.766390
1.762670
1.758950
1.755260
1.751580
1.747890
1.744230
1.740580
1.736940
1.733310
1.729690
1.726080
1.722480
1.718890
1.715310
1.711750
1.708190
1.704650
1.701110
1.697590
1.694070
1.690570
1.687080
1.683600
1.680120
1.676660
1.673210
1.669770
1.666340
1.662920
1.659510
1.656110
1.652720
1.649330
1.645960
1.642600
1.639250
1.635910
1.632570
1.629250
1.625940
1.622630
1.619340
1.616060
1.612780
1.609520
1.606260
1.603010
1.599780
1.596550
1.593330
1.590120
1.586920
1.583720
1.580540
1.577370
1.574200
1.571050
1.567900
1.564770
1.561630
1.558520
1.555400
1.552300
1.549210
1.546130
1.543050
1.539980
1.536920
1.533870
1.530830
1.527800
1.524770
1.521750
1.518740
1.515740
1.512750
1.509770
1.506800
1.503830
1.500870
1.497920
1.494980
1.492040
1.489120
1.486200
1.483280
1.480380
1.477490
1.474600
1.471720
1.468850
1.465990
1.463130
1.460290
1.457450
1.454620
1.451790
1.448980
1.446170
1.443370
1.440580
1.437790
1.435010
1.432240
1.429470
1.426720
1.423970
1.421230
1.418490
1.415770
1.413050
1.410330
1.407630
1.404930
1.402240
1.399560
1.396880
1.394210
1.391550
1.388900
1.386250
1.383610
1.380970
1.378350
1.375720
1.373110
1.370510
1.367910
1.365320
1.362730
1.360150
1.357580
1.355010
1.352460
1.349900
1.347360
1.344810
1.342280
1.339760
1.337240
1.334730
1.332220
1.329720
1.327230
1.324740
1.322260
1.319790
1.317320
1.314860
1.312410
1.309960
1.307520
1.305080
1.302650
1.300230
1.297810
1.295400
1.292990
1.290600
1.288210
1.285820
1.283440
1.281060
1.278700
1.276340
1.273980
1.271630
1.269290
1.266950
1.264620
1.262290
1.259970
1.257650
1.255350
1.253050
1.250750
1.248460
1.246170
1.243890
1.241620
1.239360
1.237090
1.234830
1.232580
1.230340
1.228100
1.225870
1.223640
1.221410
1.219200
1.216990
1.214780
1.212580
1.210380
1.208190
1.206010
1.203830
1.201660
1.199490
1.197330
1.195170
1.193020
1.190870
1.188730
1.186600
1.184460
1.182340
1.180220
1.178110
1.175990
1.173890
1.171790
1.169700
1.167610
1.165520
1.163450
1.161380
1.159310
1.157240
1.155180
1.153130
1.151080
1.149040
1.147000
1.144970
1.142940
1.140920
1.138900
1.136880
1.134880
1.132870
1.130870
1.128880
1.126890
1.124900
1.122930
1.120950
1.118980
1.117010
1.115060
1.113100
1.111150
1.109200
1.107260
1.105330
1.103390
1.101460
1.099540
1.097630
1.095710
1.093800
1.091890
1.090000
1.088100
1.086210
1.084330
1.082440
1.080570
1.078690
1.076830
1.074960
1.073100
1.071250
1.069400
1.067550
1.065710
1.063870
1.062040
1.060210
1.058390
1.056570
1.054750
1.052940
1.051130
1.049330
1.047530
1.045740
1.043950
1.042160
1.040380
1.038600
1.036830
1.035060
1.033300
1.031540
1.029780
1.028030
1.026280
1.024540
1.022800
1.021060
1.019330
1.017600
1.015880
1.014160
1.012440
1.010730
1.009020
1.007320
1.005620
1.003930
1.002230
1.000550
0.998865
0.997186
0.995513
0.993840
0.992173
0.990518
0.988869
0.987288
0.986691
0.987926
0.991327
0.997587
1.008140
1.026110
1.057100
1.108470
1.187720
1.300720
1.450630
1.637620
1.859420
2.112050
2.390750
2.690690
3.007290
3.336490
3.674590
4.018210
4.364380
4.710510
5.054500
5.394740
5.730030
6.059540
6.382660
6.699010
7.008360
7.310590
7.605580
7.893400
8.173970
8.447490
8.713950
8.973540
9.226250
9.472330
9.711780
9.944840
10.171500
10.392000
10.606300
10.814700
11.017300
11.213900
11.405000
11.590600
11.770700
11.945400
12.114800
12.279000
12.438200
12.592300
12.741500
12.885900
13.025500
13.160500
13.290900
13.416700
13.538100
13.655100
13.767800
13.876300
13.980500
14.080700
14.176800
14.269000
14.357200
14.441600
14.522300
14.599300
14.672600
14.742400
14.808600
14.871400
14.930700
14.986700
15.039500
15.089000
15.135300
15.178500
15.218600
15.255700
15.289900
15.321200
15.349600
15.375200
15.398100
15.418300
15.435800
15.450800
15.463200
15.473100
15.480600
15.485600
15.488400
15.488900
15.487000
15.483000
15.476800
15.468500
15.458200
15.445800
15.431400
15.415200
15.397000
15.377000
15.355100
15.331500
15.306200
15.279100
15.250600
15.220300
15.188500
15.155200
15.120300
15.084000
15.046400
15.007300
14.967000
14.925300
14.882400
14.838200
14.792900
14.746300
14.698700
14.650000
14.600200
14.549400
14.497600
14.444900
14.391200
14.336700
14.281300
14.225000
14.167900
14.110100
14.051500
13.992200
13.932200
13.871600
13.810300
13.748400
13.685900
13.622900
13.559400
13.495300
13.430800
13.365800
13.300400
13.234600
13.168400
13.101800
13.035000
12.967700
12.900300
12.832500
12.764500
12.696300
12.627800
12.559200
12.490400
12.421500
12.352400
12.283200
12.214000
12.144600
12.075300
12.005800
11.936400
11.866900
11.797500
11.728100
11.658700
11.589400
11.520200
11.451100
11.382000
11.313200
11.244400
11.175700
11.107300
11.039000
10.970900
10.903000
10.835300
10.767800
10.700600
10.633600
10.566800
10.500300
10.434100
10.368200
10.302600
10.237200
10.172200
10.107500
10.043100
9.979030
9.915340
9.852010
9.788980
9.726320
9.664080
9.602150
9.540650
9.479510
9.418730
9.358380
9.298460
9.238900
9.179770
9.121000
9.062720
9.004800
8.947310
8.890250
8.833610
8.777390
8.721610
8.666310
8.611370
8.556860
8.502840
8.449240
8.396070
8.343330
8.291010
8.239120
8.187710
8.136730
8.086170
8.036040
7.986340
7.937060
7.888270
7.839850
7.791910
7.744390
7.697250
7.650590
7.604350
7.558480
7.513030
7.468080
7.423480
7.379260
7.335510
7.292140
7.249190
7.206600
7.164440
7.122650
7.081280
7.040280
6.999700
6.959490
6.919640
6.880160
6.841100
6.802350
6.764020
6.726060
6.688400
6.651170
6.614240
6.577680
6.541420
6.505590
6.470060
6.434830
6.399970
6.365420
6.331230
6.297340
6.263760
6.230550
6.197630
6.164960
6.132660
6.100660
6.068930
6.037520
6.006390
5.975560
5.945000
5.914740
5.884760
5.855050
5.825610
5.796450
5.767560
5.738930
5.710550
5.682450
5.654590
5.626980
5.599630
5.572490
5.545620
5.519000
5.492620
5.466460
5.440550
5.414860
5.389400
5.364160
5.339150
5.314340
5.289770
5.265400
5.241240
5.217290
5.193550
5.170020
5.146670
5.123540
5.100600
5.077850
5.055290
5.032920
5.010740
4.988750
4.966940
4.945310
4.923860
4.902580
4.881480
4.860540
4.839790
4.819190
4.798770
4.778510
4.758410
4.738470
4.718690
4.699070
4.679600
4.660290
4.641120
4.622100
4.603240
4.584510
4.565940
4.547510
4.529210
4.511060
4.493050
4.475170
4.457420
4.439810
4.422330
4.404980
4.387760
4.370670
4.353700
4.336860
4.320140
4.303540
4.287060
4.270700
4.254470
4.238340
4.222330
4.206440
4.190650
4.174980
4.159420
4.143960
4.128620
4.113380
4.098250
4.083220
4.068300
4.053470
4.038750
4.024120
4.009600
3.995180
3.980850
3.966620
3.952480
3.938430
3.924480
3.910620
3.896860
3.883170
3.869580
3.856080
3.842670
3.829340
3.816100
3.802940
3.789870
3.776880
3.763970
3.751140
3.738390
3.725720
3.713130
3.700620
3.688190
3.675830
3.663550
3.651350
3.639220
3.627160
3.615170
3.603260
3.591420
3.579650
3.567950
3.556310
3.544750
3.533260
3.521830
3.510470
3.499180
3.487950
3.476780
3.465690
3.454650
3.443680
3.432770
3.421930
3.411140
3.400420
3.389750
3.379150
3.368610
3.358120
3.347690
3.337320
3.327010
3.316750
3.306550
3.296410
3.286320
3.276290
3.266300
3.256380
3.246510
3.236680
3.226920
3.217200
3.207540
3.197920
3.188360
3.178850
3.169390
3.159970
3.150610
3.141300
3.132030
3.122810
3.113640
3.104510
3.095430
3.086400
3.077410
3.068470
3.059570
3.050720
3.041910
3.033150
3.024430
3.015750
3.007120
2.998530
2.989970
2.981470
2.973000
2.964580
2.956190
2.947850
2.939550
2.931290
2.923060
2.914880
2.906730
2.898620
2.890560
2.882530
2.874530
2.866580
2.858660
2.850780
2.842940
2.835130
2.827360
2.819620
2.811930
2.804260
2.796630
2.789040
2.781480
2.773950
2.766460
2.759010
2.751580
2.744190
2.736830
2.729510
2.722210
2.714950
2.707730
2.700530
2.693360
2.686230
2.679130
2.672060
2.665020
2.658010
2.651030
2.644090
2.637160
2.630280
2.623420
2.616590
2.609790
2.603020
2.596270
2.589560
2.582870
2.576210
2.569580
2.562980
2.556400
2.549860
2.543340
2.536840
2.530380
2.523940
2.517520
2.511140
2.504780
2.498440
2.492130
2.485850
2.479590
2.473360
2.467150
2.460970
2.454810
2.448680
2.442570
2.436480
2.430420
2.424390
2.418380
2.412390
2.406420
2.400490
2.394570
2.388670
2.382800
2.376950
2.371130
2.365320
2.359540
2.353780
2.348050
2.342330
2.336640
2.330970
2.325320
2.319690
2.314090
2.308500
2.302940
2.297390
2.291870
2.286370
2.280890
2.275430
2.269990
2.264570
2.259170
2.253790
2.248430
2.243090
2.237780
2.232470
2.227190
2.221930
2.216690
2.211460
2.206260
2.201070
2.195910
2.190760
2.185630
2.180520
2.175430
2.170360
2.165300
2.160260
2.155240
2.150240
2.145260
2.140290
2.135340
2.130410
2.125500
2.120600
2.115720
2.110850
2.106010
2.101180
2.096370
2.091570
2.086800
2.082040
2.077290
2.072560
2.067850
2.063150
2.058470
2.053810
2.049160
2.044520
2.039910
2.035310
2.030720
2.026150
2.021600
2.017060
2.012540
2.008020
2.003530
1.999060
1.994590
1.990140
1.985710
1.981290
1.976890
1.972490
1.968120
1.963760
1.959410
1.955080
1.950760
1.946460
1.942170
1.937900
1.933630
1.929390
1.925150
1.920930
1.916730
1.912530
1.908360
1.904190
1.900030
1.895900
1.891770
1.887660
1.883560
1.879480
1.875400
1.871340
1.867290
1.863260
1.859240
1.855230
1.851230
1.847250
1.843280
1.839320
1.835370
1.831440
1.827520
1.823610
1.819710
1.815830
1.811950
1.808090
1.804250
1.800410
1.796580
1.792770
1.788970
1.785180
1.781400
1.777640
1.773880
1.770140
1.766410
1.762680
1.758970
1.755280
1.751590
1.747910
1.744250
1.740600
1.736960
1.733320
1.729700
1.726100
1.722500
1.718910
1.715330
1.711760
1.708210
1.704660
1.701130
1.697610
1.694090
1.690590
1.687100
1.683620
1.680140
1.676680
1.673230
1.669790
1.666360
1.662940
1.659520
1.656120
1.652730
1.649350
1.645980
1.642620
1.639270
1.635920
1.632590
1.629260
1.625950
1.622650
1.619350
1.616070
1.612800
1.609530
1.606270
1.603030
1.599790
1.596560
1.593340
1.590130
1.586930
1.583740
1.580560
1.577380
1.574220
1.571060
1.567920
1.564780
1.561650
1.558530
1.555420
1.552320
1.549220
1.546140
1.543060
1.539990
1.536930
1.533890
1.530840
1.527810
1.524780
1.521770
1.518760
1.515760
1.512760
1.509780
1.506810
1.503840
1.500880
1.497930
1.494990
1.492060
1.489130
1.486210
1.483300
1.480400
1.477500
1.474620
1.471740
1.468870
1.466010
1.463150
1.460300
1.457460
1.454630
1.451810
1.448990
1.446180
1.443380
1.440590
1.437800
1.435020
1.432250
1.429490
1.426730
1.423980
1.421240
1.418500
1.415780
1.413060
1.410350
1.407650
1.404940
1.402260
1.399570
1.396900
1.394220
1.391560
1.388910
1.386260
1.383620
1.380990
1.378360
1.375740
1.373130
1.370520
1.367920
1.365330
1.362740
1.360160
1.357590
1.355020
1.352470
1.349910
1.347370
1.344830
1.342300
1.339770
1.337250
1.334740
1.332230
1.329730
1.327240
1.324760
1.322270
1.319800
1.317330
1.314870
1.312420
1.309970
1.307530
1.305090
1.302660
1.300240
1.297820
1.295410
1.293010
1.290610
1.288220
1.285830
1.283450
1.281080
1.278710
1.276350
1.273990
1.271640
1.269300
1.266960
1.264630
1.262300
1.259980
1.257670
1.255360
1.253060
1.250760
1.248470
1.246190
1.243910
1.241630
1.239370
1.237100
1.234850
1.232600
1.230350
1.228110
1.225870
1.223650
1.221430
1.219210
1.217000
1.214790
1.212590
1.210400
1.208210
1.206020
1.203850
1.201670
1.199500
1.197340
1.195180
1.193030
1.190880
1.188740
1.186600
1.184470
1.182350
1.180230
1.178120
1.176010
1.173900
1.171800
1.169710
1.167620
1.165540
1.163460
1.161380
1.159310
1.157250
1.155190
1.153140
1.151090
1.149050
1.147010
1.144970
1.142950
1.140920
1.138910
1.136900
1.134890
1.132880
1.130880
1.128890
1.126900
1.124920
1.122930
1.120960
1.118990
1.117030
1.115070
1.113110
1.111160
1.109210
1.107270
1.105330
1.103400
1.101480
1.099550
1.097630
1.095720
1.093810
1.091910
1.090010
1.088110
1.086220
1.084330
1.082450
1.080570
1.078700
1.076830
1.074970
1.073110
1.071250
1.069400
1.067560
1.065720
1.063880
1.062050
1.060220
1.058390
1.056570
1.054760
1.052950
1.051140
1.049340
1.047540
1.045740
1.043960
1.042170
1.040390
1.038610
1.036840
1.035070
1.033300
1.031550
1.029790
1.028040
1.026290
1.024540
1.022800
1.021070
1.019340
1.017610
1.015890
1.014170
1.012460
1.010740
1.009040
1.007330
1.005630
1.003940
1.002250
1.000560
0.998877
0.997192
