0.084723
0.084816
0.085186
0.086046
0.087861
0.092172
0.355957
0.345880
0.338458
0.370394
0.429342
0.532037
0.671402
0.806403
0.919812
1.009340
1.077780
1.128750
1.165750
1.192050
1.210660
1.224010
1.233690
1.240310
1.243770
1.243840
1.240830
1.235600
1.229130
1.222140
1.215000
1.207870
1.200780
1.193690
1.186590
1.179460
1.172280
1.165050
1.157760
1.150420
1.143030
1.135580
1.128090
1.120550
1.112980
1.105360
1.097720
1.090040
1.082340
1.074620
1.066890
1.059140
1.051380
1.043620
1.035850
1.028080
1.020320
1.012560
1.004810
0.997071
0.989345
0.981634
0.973941
0.966267
0.958614
0.950983
0.943377
0.935797
0.928245
0.920721
0.913228
0.905766
0.898337
0.890941
0.883581
0.876256
0.868969
0.861719
0.854508
0.847336
0.840206
0.833116
0.826068
0.819062
0.812100
0.805182
0.798308
0.791479
0.784695
0.777957
0.771265
0.764621
0.758023
0.751473
0.744971
0.738516
0.732111
0.725754
0.719446
0.713187
0.706977
0.700818
0.694707
0.688647
0.682637
0.676677
0.670768
0.664909
0.659100
0.653341
0.647634
0.641976
0.636370
0.630814
0.625308
0.619853
0.614448
0.609094
0.603790
0.598536
0.593333
0.588179
0.583075
0.578021
0.573017
0.568062
0.563156
0.558299
0.553492
0.548733
0.544022
0.539359
0.534745
0.530178
0.525659
0.521187
0.516762
0.512383
0.508051
0.503766
0.499526
0.495331
0.491182
0.487078
0.483018
0.479003
0.475031
0.471103
0.467218
0.463376
0.459577
0.455820
0.452105
0.448431
0.444798
0.441206
0.437654
0.434142
0.430670
0.427238
0.423843
0.420488
0.417171
0.413891
0.410648
0.407443
0.404274
0.401141
0.398045
0.394983
0.391957
0.388965
0.386007
0.383084
0.380194
0.377337
0.374513
0.371721
0.368961
0.366233
0.363537
0.360871
0.358236
0.355631
0.353055
0.350509
0.347993
0.345505
0.343046
0.340614
0.338211
0.335834
0.333485
0.331163
0.328867
0.326597
0.324352
0.322133
0.319940
0.317771
0.315626
0.313506
0.311409
0.309336
0.307286
0.305259
0.303255
0.301274
0.299314
0.297376
0.295460
0.293565
0.291690
0.289837
0.288004
0.286191
0.284398
0.282625
0.280871
0.279136
0.277421
0.275724
0.274045
0.272385
0.270742
0.269117
0.267510
0.265920
0.264347
0.262791
0.261252
0.259729
0.258222
0.256731
0.255256
0.253797
0.252353
0.250924
0.249510
0.248112
0.246727
0.245357
0.244002
0.242660
0.241333
0.240019
0.238719
0.237432
0.236159
0.234898
0.233651
0.232416
0.231194
0.229984
0.228786
0.227601
0.226428
0.225266
0.224116
0.222978
0.221851
0.220736
0.219631
0.218538
0.217455
0.216383
0.215322
0.214271
0.213231
0.212201
0.211181
0.210171
0.209171
0.208180
0.207199
0.206228
0.205266
0.204313
0.203370
0.202436
0.201510
0.200594
0.199686
0.198787
0.197897
0.197015
0.196141
0.195276
0.194418
0.193569
0.192728
0.191895
0.191069
0.190252
0.189441
0.188639
0.187844
0.187056
0.186275
0.185502
0.184736
0.183977
0.183224
0.182479
0.181741
0.181009
0.180284
0.179565
0.178853
0.178147
0.177448
0.176755
0.176068
0.175388
0.174713
0.174044
0.173382
0.172725
0.172074
0.171429
0.170790
0.170156
0.169528
0.168905
0.168288
0.167676
0.167069
0.166468
0.165872
0.165281
0.164695
0.164114
0.163539
0.162968
0.162402
0.161841
0.161285
0.160733
0.160186
0.159644
0.159106
0.158573
0.158045
0.157521
0.157001
0.156486
0.155974
0.155468
0.154965
0.154467
0.153973
0.153482
0.152996
0.152514
0.152036
0.151562
0.151092
0.150625
0.150163
0.149704
0.149249
0.148797
0.148350
0.147905
0.147465
0.147028
0.146594
0.146165
0.145738
0.145315
0.144895
0.144479
0.144066
0.143656
0.143249
0.142846
0.142446
0.142049
0.141655
0.141264
0.140877
0.140492
0.140110
0.139732
0.139356
0.138983
0.138613
0.138246
0.137882
0.137521
0.137162
0.136806
0.136453
0.136103
0.135755
0.135410
0.135068
0.134728
0.134391
0.134056
0.133724
0.133394
0.133067
0.132742
0.132420
0.132100
0.131783
0.131468
0.131155
0.130845
0.130537
0.130231
0.129928
0.129626
0.129327
0.129031
0.128736
0.128444
0.128153
0.127865
0.127579
0.127295
0.127013
0.126734
0.126456
0.126180
0.125906
0.125635
0.125365
0.125097
0.124831
0.124567
0.124305
0.124045
0.123787
0.123530
0.123276
0.123023
0.122772
0.122523
0.122275
0.122029
0.121786
0.121543
0.121303
0.121064
0.120827
0.120592
0.120358
0.120126
0.119895
0.119666
0.119439
0.119213
0.118989
0.118767
0.118546
0.118326
0.118108
0.117892
0.117677
0.117463
0.117251
0.117041
0.116832
0.116624
0.116418
0.116213
0.116010
0.115808
0.115607
0.115408
0.115210
0.115013
0.114818
0.114624
0.114432
0.114241
0.114051
0.113862
0.113675
0.113488
0.113304
0.113120
0.112937
0.112756
0.112576
0.112398
0.112220
0.112044
0.111868
0.111694
0.111522
0.111350
0.111179
0.111010
0.110841
0.110674
0.110508
0.110343
0.110179
0.110016
0.109855
0.109694
0.109534
0.109376
0.109218
0.109062
0.108906
0.108752
0.108598
0.108446
0.108294
0.108144
0.107994
0.107846
0.107698
0.107552
0.107406
0.107261
0.107117
0.106975
0.106833
0.106692
0.106552
0.106412
0.106274
0.106137
0.106000
0.105864
0.105730
0.105596
0.105463
0.105330
0.105199
0.105068
0.104939
0.104810
0.104682
0.104554
0.104428
0.104302
0.104177
0.104053
0.103930
0.103808
0.103686
0.103565
0.103445
0.103325
0.103207
0.103089
0.102972
0.102855
0.102739
0.102624
0.102510
0.102396
0.102284
0.102171
0.102060
0.101949
0.101839
0.101730
0.101621
0.101513
0.101406
0.101299
0.101193
0.101088
0.100983
0.100879
0.100775
0.100673
0.100570
0.100469
0.100368
0.100268
0.100168
0.100069
0.099971
0.099873
0.099775
0.099679
0.099583
0.099487
0.099392
0.099298
0.099205
0.099111
0.099019
0.098927
0.098835
0.098744
0.098654
0.098564
0.098475
0.098387
0.098298
0.098211
0.098124
0.098037
0.097951
0.097865
0.097780
0.097696
0.097612
0.097529
0.097446
0.097363
0.097281
0.097200
0.097119
0.097038
0.096958
0.096879
0.096800
0.096721
0.096643
0.096565
0.096488
0.096411
0.096335
0.096259
0.096184
0.096109
0.096035
0.095961
0.095887
0.095814
0.095741
0.095669
0.095597
0.095526
0.095455
0.095385
0.095314
0.095245
0.095176
0.095107
0.095038
0.094970
0.094903
0.094835
0.094768
0.094702
0.094636
0.094570
0.094505
0.094440
0.094375
0.094311
0.094247
0.094184
0.094121
0.094058
0.093996
0.093934
0.093873
0.093812
0.093751
0.093690
0.093630
0.093571
0.093511
0.093452
0.093393
0.093335
0.093277
0.093219
0.093162
0.093105
0.093048
0.092992
0.092936
0.092880
0.092825
0.092770
0.092715
0.092661
0.092607
0.092553
0.092499
0.092446
0.092394
0.092341
0.092289
0.092237
0.092185
0.092134
0.092083
0.092032
0.091982
0.091932
0.091882
0.091832
0.091783
0.091734
0.091685
0.091637
0.091589
0.091541
0.091493
0.091446
0.091399
0.091352
0.091306
0.091260
0.091214
0.091168
0.091123
0.091077
0.091033
0.090988
0.090944
0.090899
0.090856
0.090812
0.090769
0.090726
0.090683
0.090640
0.090598
0.090555
0.090514
0.090472
0.090431
0.090389
0.090348
0.090308
0.090267
0.090227
0.090187
0.090147
0.090108
0.090069
0.090029
0.089991
0.089952
0.089914
0.089875
0.089837
0.089800
0.089762
0.089725
0.089688
0.089651
0.089614
0.089578
0.089541
0.089505
0.089469
0.089434
0.089398
0.089363
0.089328
0.089293
0.089259
0.089224
0.089190
0.089156
0.089122
0.089088
0.089055
0.089021
0.088988
0.088956
0.088923
0.088890
0.088858
0.088826
0.088794
0.088762
0.088730
0.088699
0.088668
0.088637
0.088606
0.088575
0.088545
0.088514
0.088484
0.088454
0.088424
0.088394
0.088365
0.088336
0.088306
0.088277
0.088248
0.088220
0.088191
0.088163
0.088135
0.088107
0.088079
0.088051
0.088024
0.087996
0.087969
0.087942
0.087915
0.087888
0.087861
0.087835
0.087809
0.087782
0.087757
0.087731
0.087705
0.087679
0.087654
0.087628
0.087603
0.087578
0.087554
0.087529
0.087504
0.087480
0.087455
0.087431
0.087407
0.087383
0.087359
0.087336
0.087312
0.087289
0.087266
0.087243
0.087220
0.087197
0.087174
0.087152
0.087129
0.087107
0.087085
0.087063
0.087041
0.087019
0.086997
0.086976
0.086954
0.086933
0.086912
0.086890
0.086870
0.086849
0.086828
0.086807
0.086787
0.086766
0.086746
0.086726
0.086706
0.086686
0.086666
0.086647
0.086627
0.086608
0.086588
0.086569
0.086550
0.086531
0.086512
0.086493
0.086474
0.086456
0.086437
0.086419
0.086401
0.086383
0.086364
0.086346
0.086329
0.086311
0.086293
0.086276
0.086258
0.086241
0.086223
0.086206
0.086189
0.086172
0.086155
0.086139
0.086122
0.086105
0.086089
0.086073
0.086056
0.086040
0.086024
0.086008
0.085992
0.085976
0.085960
0.085945
0.085929
0.085914
0.085898
0.085883
0.085868
0.085852
0.085838
0.085822
0.085808
0.085793
0.085778
0.085764
0.085749
0.085734
0.085720
0.085706
0.085692
0.085677
0.085664
0.085650
0.085636
0.085622
0.085608
0.085594
0.085581
0.085567
0.085554
0.085541
0.085527
0.085514
0.085501
0.085488
0.085475
0.085462
0.085449
0.085437
0.085424
0.085411
0.085399
0.085386
0.085374
0.085362
0.085350
0.085337
0.085325
0.085313
0.085301
0.085289
0.085278
0.085266
0.085254
0.085242
0.085231
0.085220
0.085208
0.085197
0.085185
0.085174
0.085163
0.085152
0.085141
0.085130
0.085119
0.085108
0.085098
0.085087
0.085076
0.085066
0.085055
0.085045
0.085034
0.085024
0.085014
0.085003
0.084993
0.084983
0.084973
0.084963
0.084953
0.084943
0.084934
0.084924
0.084914
0.084905
0.084895
0.084885
0.084876
0.084867
0.084857
0.084848
0.084839
0.084829
0.084820
0.084811
0.084802
0.084793
0.084784
0.084775
0.084767
0.084758
0.084749
0.084740
0.084732
0.084723
0.084816
0.085186
0.086046
0.087861
0.092172
0.355968
0.345886
0.338465
0.370405
0.429353
0.532043
0.671403
0.806403
0.919816
1.009340
1.077780
1.128750
1.165750
1.192050
1.210660
1.224020
1.233700
1.240320
1.243780
1.243860
1.240850
1.235620
1.229150
1.222160
1.215030
1.207900
1.200800
1.193710
1.186610
1.179480
1.172300
1.165070
1.157780
1.150440
1.143050
1.135600
1.128110
1.120580
1.113000
1.105390
1.097740
1.090070
1.082370
1.074650
1.066910
1.059160
1.051400
1.043640
1.035870
1.028100
1.020340
1.012580
1.004830
0.997092
0.989367
0.981656
0.973962
0.966288
0.958635
0.951004
0.943398
0.935818
0.928266
0.920742
0.913248
0.905787
0.898357
0.890962
0.883601
0.876277
0.868989
0.861739
0.854528
0.847356
0.840225
0.833136
0.826088
0.819082
0.812120
0.805201
0.798327
0.791498
0.784714
0.777976
0.771284
0.764639
0.758042
0.751491
0.744989
0.738535
0.732129
0.725771
0.719463
0.713204
0.706995
0.700835
0.694725
0.688665
0.682654
0.676694
0.670785
0.664925
0.659116
0.653358
0.647650
0.641993
0.636386
0.630830
0.625324
0.619869
0.614464
0.609110
0.603806
0.598552
0.593348
0.588194
0.583090
0.578036
0.573032
0.568077
0.563171
0.558314
0.553506
0.548747
0.544036
0.539373
0.534758
0.530192
0.525672
0.521200
0.516775
0.512396
0.508064
0.503778
0.499538
0.495344
0.491194
0.487090
0.483030
0.479015
0.475043
0.471115
0.467230
0.463388
0.459588
0.455831
0.452116
0.448442
0.444809
0.441217
0.437665
0.434153
0.430681
0.427248
0.423854
0.420498
0.417181
0.413901
0.410658
0.407453
0.404284
0.401151
0.398054
0.394993
0.391966
0.388974
0.386017
0.383093
0.380203
0.377346
0.374522
0.371730
0.368970
0.366242
0.363545
0.360879
0.358244
0.355639
0.353063
0.350518
0.348001
0.345513
0.343053
0.340622
0.338218
0.335842
0.333493
0.331170
0.328874
0.326604
0.324359
0.322140
0.319947
0.317777
0.315633
0.313512
0.311416
0.309343
0.307293
0.305266
0.303262
0.301280
0.299320
0.297382
0.295466
0.293570
0.291696
0.289843
0.288010
0.286197
0.284404
0.282631
0.280877
0.279142
0.277426
0.275729
0.274050
0.272390
0.270747
0.269123
0.267515
0.265925
0.264352
0.262796
0.261257
0.259734
0.258227
0.256736
0.255261
0.253802
0.252358
0.250929
0.249515
0.248116
0.246732
0.245362
0.244006
0.242665
0.241337
0.240023
0.238723
0.237436
0.236163
0.234902
0.233655
0.232420
0.231198
0.229988
0.228790
0.227605
0.226432
0.225270
0.224120
0.222982
0.221855
0.220739
0.219635
0.218541
0.217459
0.216387
0.215326
0.214275
0.213234
0.212204
0.211184
0.210174
0.209174
0.208183
0.207203
0.206231
0.205269
0.204317
0.203373
0.202439
0.201514
0.200597
0.199689
0.198790
0.197900
0.197018
0.196144
0.195279
0.194421
0.193572
0.192731
0.191898
0.191072
0.190254
0.189444
0.188641
0.187846
0.187058
0.186278
0.185505
0.184738
0.183979
0.183227
0.182482
0.181743
0.181011
0.180286
0.179567
0.178855
0.178150
0.177450
0.176757
0.176070
0.175390
0.174715
0.174047
0.173384
0.172727
0.172076
0.171431
0.170792
0.170158
0.169530
0.168907
0.168290
0.167678
0.167071
0.166470
0.165874
0.165283
0.164697
0.164116
0.163541
0.162970
0.162404
0.161843
0.161286
0.160735
0.160188
0.159646
0.159108
0.158575
0.158046
0.157522
0.157003
0.156487
0.155976
0.155469
0.154967
0.154468
0.153974
0.153484
0.152998
0.152516
0.152038
0.151564
0.151093
0.150627
0.150164
0.149705
0.149250
0.148799
0.148351
0.147907
0.147466
0.147029
0.146596
0.146166
0.145739
0.145316
0.144897
0.144480
0.144067
0.143657
0.143251
0.142847
0.142447
0.142050
0.141656
0.141266
0.140878
0.140493
0.140112
0.139733
0.139357
0.138985
0.138615
0.138248
0.137883
0.137522
0.137163
0.136808
0.136454
0.136104
0.135756
0.135411
0.135069
0.134729
0.134392
0.134057
0.133725
0.133395
0.133068
0.132743
0.132421
0.132101
0.131784
0.131469
0.131156
0.130846
0.130538
0.130232
0.129929
0.129627
0.129328
0.129032
0.128737
0.128445
0.128154
0.127866
0.127580
0.127296
0.127014
0.126735
0.126457
0.126181
0.125907
0.125636
0.125366
0.125098
0.124832
0.124568
0.124306
0.124046
0.123788
0.123531
0.123276
0.123024
0.122773
0.122523
0.122276
0.122030
0.121786
0.121544
0.121304
0.121065
0.120828
0.120592
0.120358
0.120126
0.119896
0.119667
0.119440
0.119214
0.118990
0.118767
0.118546
0.118327
0.118109
0.117892
0.117677
0.117464
0.117252
0.117041
0.116832
0.116625
0.116419
0.116214
0.116010
0.115808
0.115608
0.115408
0.115211
0.115014
0.114819
0.114625
0.114432
0.114241
0.114051
0.113863
0.113675
0.113489
0.113304
0.113120
0.112938
0.112757
0.112577
0.112398
0.112221
0.112044
0.111869
0.111695
0.111522
0.111350
0.111180
0.111010
0.110842
0.110675
0.110509
0.110344
0.110180
0.110017
0.109855
0.109694
0.109535
0.109376
0.109219
0.109062
0.108907
0.108752
0.108599
0.108446
0.108295
0.108144
0.107995
0.107846
0.107699
0.107552
0.107406
0.107262
0.107118
0.106975
0.106833
0.106692
0.106552
0.106413
0.106274
0.106137
0.106000
0.105865
0.105730
0.105596
0.105463
0.105331
0.105199
0.105069
0.104939
0.104810
0.104682
0.104555
0.104428
0.104303
0.104178
0.104054
0.103931
0.103808
0.103686
0.103565
0.103445
0.103326
0.103207
0.103089
0.102972
0.102855
0.102740
0.102625
0.102510
0.102397
0.102284
0.102172
0.102060
0.101950
0.101839
0.101730
0.101621
0.101513
0.101406
0.101299
0.101193
0.101088
0.100983
0.100879
0.100776
0.100673
0.100571
0.100469
0.100368
0.100268
0.100168
0.100069
0.099971
0.099873
0.099776
0.099679
0.099583
0.099488
0.099393
0.099299
0.099205
0.099112
0.099019
0.098927
0.098836
0.098745
0.098655
0.098565
0.098475
0.098387
0.098299
0.098211
0.098124
0.098037
0.097951
0.097866
0.097781
0.097696
0.097612
0.097529
0.097446
0.097363
0.097282
0.097200
0.097119
0.097038
0.096959
0.096879
0.096800
0.096721
0.096643
0.096566
0.096488
0.096412
0.096336
0.096260
0.096184
0.096110
0.096035
0.095961
0.095888
0.095814
0.095742
0.095670
0.095598
0.095526
0.095455
0.095385
0.095315
0.095245
0.095176
0.095107
0.095038
0.094970
0.094903
0.094835
0.094769
0.094702
0.094636
0.094570
0.094505
0.094440
0.094376
0.094312
0.094248
0.094184
0.094121
0.094059
0.093996
0.093935
0.093873
0.093812
0.093751
0.093690
0.093630
0.093571
0.093511
0.093452
0.093394
0.093335
0.093277
0.093219
0.093162
0.093105
0.093048
0.092992
0.092936
0.092880
0.092825
0.092770
0.092715
0.092661
0.092607
0.092553
0.092500
0.092446
0.092394
0.092341
0.092289
0.092237
0.092185
0.092134
0.092083
0.092032
0.091982
0.091932
0.091882
0.091832
0.091783
0.091734
0.091685
0.091637
0.091589
0.091541
0.091493
0.091446
0.091399
0.091352
0.091306
0.091260
0.091214
0.091168
0.091123
0.091078
0.091033
0.090988
0.090944
0.090900
0.090856
0.090812
0.090769
0.090726
0.090683
0.090640
0.090598
0.090556
0.090514
0.090472
0.090431
0.090389
0.090349
0.090308
0.090268
0.090227
0.090187
0.090147
0.090108
0.090069
0.090030
0.089991
0.089952
0.089914
0.089875
0.089838
0.089800
0.089762
0.089725
0.089688
0.089651
0.089614
0.089578
0.089541
0.089505
0.089470
0.089434
0.089398
0.089363
0.089328
0.089293
0.089259
0.089224
0.089190
0.089156
0.089122
0.089088
0.089055
0.089022
0.088988
0.088956
0.088923
0.088890
0.088858
0.088826
0.088794
0.088762
0.088730
0.088699
0.088668
0.088637
0.088606
0.088575
0.088545
0.088514
0.088484
0.088454
0.088424
0.088395
0.088365
0.088336
0.088306
0.088277
0.088249
0.088220
0.088191
0.088163
0.088135
0.088107
0.088079
0.088051
0.088024
0.087996
0.087969
0.087942
0.087915
0.087888
0.087861
0.087835
0.087809
0.087782
0.087757
0.087731
0.087705
0.087679
0.087654
0.087628
0.087603
0.087578
0.087554
0.087529
0.087504
0.087480
0.087455
0.087431
0.087407
0.087383
0.087359
0.087336
0.087312
0.087289
0.087266
0.087243
0.087220
0.087197
0.087174
0.087152
0.087129
0.087107
0.087085
0.087063
0.087041
0.087019
0.086997
0.086976
0.086954
0.086933
0.086912
0.086890
0.086870
0.086849
0.086828
0.086807
0.086787
0.086766
0.086746
0.086726
0.086706
0.086686
0.086666
0.086647
0.086627
0.086608
0.086588
0.086569
0.086550
0.086531
0.086512
0.086493
0.086474
0.086456
0.086437
0.086419
0.086401
0.086383
0.086364
0.086346
0.086329
0.086311
0.086293
0.086276
0.086258
0.086241
0.086223
0.086206
0.086189
0.086172
0.086155
0.086139
0.086122
0.086105
0.086089
0.086073
0.086056
0.086040
0.086024
0.086008
0.085992
0.085976
0.085960
0.085945
0.085929
0.085914
0.085898
0.085883
0.085868
0.085852
0.085838
0.085822
0.085808
0.085793
0.085778
0.085764
0.085749
0.085734
0.085720
0.085706
0.085692
0.085677
0.085663
0.085650
0.085636
0.085622
0.085608
0.085594
0.085581
0.085567
0.085554
0.085541
0.085527
0.085514
0.085501
0.085488
0.085475
0.085462
0.085449
0.085437
0.085424
0.085411
0.085399
0.085386
0.085374
0.085362
0.085350
0.085337
0.085325
0.085313
0.085301
0.085289
0.085277
0.085266
0.085254
0.085242
0.085231
0.085220
0.085208
0.085197
0.085185
0.085174
0.085163
0.085152
0.085141
0.085130
0.085119
0.085108
0.085097
0.085087
0.085076
0.085066
0.085055
0.085045
0.085034
0.085024
0.085014
0.085003
0.084993
0.084983
0.084973
0.084963
0.084953
0.084943
0.084934
0.084924
0.084914
0.084905
0.084895
0.084885
0.084876
0.084867
0.084857
0.084848
0.084839
0.084829
0.084820
0.084811
0.084802
0.084793
0.084784
0.084775
0.084767
0.084758
0.084749
0.084740
0.084732
0.084723
0.084816
0.085186
0.086046
0.087861
0.092174
0.356021
0.345887
0.338475
0.370423
0.429378
0.532070
0.671433
0.806428
0.919834
1.009360
1.077790
1.128760
1.165760
1.192050
1.210670
1.224020
1.233700
1.240330
1.243790
1.243860
1.240850
1.235620
1.229150
1.222160
1.215020
1.207890
1.200790
1.193700
1.186610
1.179470
1.172300
1.165060
1.157780
1.150440
1.143040
1.135600
1.128100
1.120570
1.112990
1.105380
1.097730
1.090060
1.082360
1.074640
1.066900
1.059150
1.051400
1.043630
1.035860
1.028100
1.020330
1.012570
1.004820
0.997086
0.989360
0.981649
0.973956
0.966282
0.958628
0.950998
0.943392
0.935812
0.928259
0.920735
0.913242
0.905780
0.898351
0.890955
0.883595
0.876270
0.868983
0.861733
0.854522
0.847350
0.840219
0.833129
0.826081
0.819076
0.812114
0.805195
0.798321
0.791492
0.784708
0.777970
0.771278
0.764633
0.758036
0.751485
0.744983
0.738529
0.732123
0.725766
0.719458
0.713199
0.706989
0.700829
0.694719
0.688659
0.682649
0.676689
0.670779
0.664920
0.659111
0.653352
0.647645
0.641987
0.636381
0.630825
0.625319
0.619864
0.614459
0.609105
0.603801
0.598547
0.593343
0.588189
0.583085
0.578031
0.573027
0.568072
0.563166
0.558309
0.553501
0.548742
0.544031
0.539369
0.534754
0.530187
0.525668
0.521196
0.516771
0.512392
0.508060
0.503774
0.499534
0.495340
0.491190
0.487086
0.483026
0.479011
0.475039
0.471111
0.467226
0.463384
0.459585
0.455827
0.452112
0.448438
0.444805
0.441213
0.437661
0.434150
0.430677
0.427244
0.423850
0.420495
0.417177
0.413897
0.410655
0.407449
0.404280
0.401148
0.398051
0.394989
0.391963
0.388971
0.386014
0.383090
0.380200
0.377343
0.374519
0.371727
0.368967
0.366239
0.363542
0.360877
0.358241
0.355636
0.353061
0.350515
0.347998
0.345510
0.343051
0.340619
0.338216
0.335839
0.333490
0.331168
0.328871
0.326601
0.324357
0.322138
0.319944
0.317775
0.315631
0.313510
0.311414
0.309341
0.307291
0.305264
0.303260
0.301278
0.299318
0.297380
0.295464
0.293569
0.291695
0.289841
0.288008
0.286195
0.284402
0.282629
0.280875
0.279140
0.277424
0.275727
0.274049
0.272388
0.270746
0.269121
0.267514
0.265924
0.264351
0.262795
0.261255
0.259732
0.258225
0.256735
0.255260
0.253800
0.252356
0.250927
0.249514
0.248115
0.246730
0.245361
0.244005
0.242663
0.241336
0.240022
0.238722
0.237435
0.236162
0.234901
0.233654
0.232419
0.231196
0.229987
0.228789
0.227604
0.226430
0.225269
0.224119
0.222981
0.221854
0.220738
0.219634
0.218540
0.217458
0.216386
0.215325
0.214274
0.213233
0.212203
0.211183
0.210173
0.209173
0.208182
0.207202
0.206230
0.205268
0.204316
0.203372
0.202438
0.201513
0.200596
0.199688
0.198789
0.197899
0.197017
0.196143
0.195278
0.194420
0.193571
0.192730
0.191897
0.191071
0.190253
0.189443
0.188641
0.187845
0.187058
0.186277
0.185504
0.184737
0.183978
0.183226
0.182481
0.181742
0.181010
0.180285
0.179567
0.178855
0.178149
0.177450
0.176757
0.176070
0.175389
0.174714
0.174046
0.173383
0.172727
0.172076
0.171431
0.170791
0.170157
0.169529
0.168906
0.168289
0.167677
0.167070
0.166469
0.165873
0.165282
0.164696
0.164116
0.163540
0.162969
0.162403
0.161842
0.161286
0.160734
0.160187
0.159645
0.159108
0.158574
0.158046
0.157522
0.157002
0.156487
0.155976
0.155469
0.154966
0.154468
0.153974
0.153484
0.152997
0.152515
0.152037
0.151563
0.151093
0.150626
0.150164
0.149705
0.149250
0.148798
0.148351
0.147906
0.147466
0.147029
0.146595
0.146166
0.145739
0.145316
0.144896
0.144480
0.144067
0.143657
0.143250
0.142847
0.142447
0.142050
0.141656
0.141265
0.140878
0.140493
0.140111
0.139733
0.139357
0.138984
0.138614
0.138247
0.137883
0.137522
0.137163
0.136807
0.136454
0.136104
0.135756
0.135411
0.135068
0.134729
0.134391
0.134057
0.133725
0.133395
0.133068
0.132743
0.132421
0.132101
0.131784
0.131469
0.131156
0.130846
0.130537
0.130232
0.129928
0.129627
0.129328
0.129031
0.128737
0.128444
0.128154
0.127866
0.127580
0.127296
0.127014
0.126734
0.126456
0.126181
0.125907
0.125635
0.125365
0.125098
0.124832
0.124568
0.124306
0.124046
0.123787
0.123531
0.123276
0.123023
0.122772
0.122523
0.122276
0.122030
0.121786
0.121544
0.121303
0.121065
0.120827
0.120592
0.120358
0.120126
0.119896
0.119667
0.119439
0.119214
0.118990
0.118767
0.118546
0.118326
0.118109
0.117892
0.117677
0.117464
0.117252
0.117041
0.116832
0.116624
0.116418
0.116213
0.116010
0.115808
0.115607
0.115408
0.115210
0.115014
0.114819
0.114625
0.114432
0.114241
0.114051
0.113862
0.113675
0.113489
0.113304
0.113120
0.112938
0.112757
0.112577
0.112398
0.112220
0.112044
0.111869
0.111695
0.111522
0.111350
0.111180
0.111010
0.110842
0.110675
0.110509
0.110343
0.110180
0.110017
0.109855
0.109694
0.109535
0.109376
0.109218
0.109062
0.108906
0.108752
0.108599
0.108446
0.108295
0.108144
0.107995
0.107846
0.107698
0.107552
0.107406
0.107261
0.107118
0.106975
0.106833
0.106692
0.106552
0.106413
0.106274
0.106137
0.106000
0.105865
0.105730
0.105596
0.105463
0.105331
0.105199
0.105069
0.104939
0.104810
0.104682
0.104555
0.104428
0.104303
0.104178
0.104054
0.103930
0.103808
0.103686
0.103565
0.103445
0.103326
0.103207
0.103089
0.102972
0.102855
0.102739
0.102624
0.102510
0.102397
0.102284
0.102172
0.102060
0.101949
0.101839
0.101730
0.101621
0.101513
0.101406
0.101299
0.101193
0.101088
0.100983
0.100879
0.100775
0.100673
0.100571
0.100469
0.100368
0.100268
0.100168
0.100069
0.099971
0.099873
0.099776
0.099679
0.099583
0.099487
0.099393
0.099298
0.099205
0.099112
0.099019
0.098927
0.098836
0.098745
0.098654
0.098564
0.098475
0.098387
0.098298
0.098211
0.098124
0.098037
0.097951
0.097866
0.097781
0.097696
0.097612
0.097529
0.097446
0.097363
0.097281
0.097200
0.097119
0.097038
0.096958
0.096879
0.096800
0.096721
0.096643
0.096565
0.096488
0.096412
0.096335
0.096260
0.096184
0.096109
0.096035
0.095961
0.095887
0.095814
0.095742
0.095669
0.095597
0.095526
0.095455
0.095385
0.095314
0.095245
0.095176
0.095107
0.095038
0.094970
0.094903
0.094835
0.094768
0.094702
0.094636
0.094570
0.094505
0.094440
0.094376
0.094311
0.094248
0.094184
0.094121
0.094058
0.093996
0.093934
0.093873
0.093812
0.093751
0.093690
0.093630
0.093571
0.093511
0.093452
0.093393
0.093335
0.093277
0.093219
0.093162
0.093105
0.093048
0.092992
0.092936
0.092880
0.092825
0.092770
0.092715
0.092661
0.092607
0.092553
0.092499
0.092446
0.092394
0.092341
0.092289
0.092237
0.092185
0.092134
0.092083
0.092032
0.091982
0.091932
0.091882
0.091832
0.091783
0.091734
0.091685
0.091637
0.091589
0.091541
0.091493
0.091446
0.091399
0.091352
0.091306
0.091260
0.091214
0.091168
0.091123
0.091077
0.091033
0.090988
0.090943
0.090899
0.090856
0.090812
0.090769
0.090726
0.090683
0.090640
0.090598
0.090555
0.090514
0.090472
0.090431
0.090389
0.090348
0.090308
0.090267
0.090227
0.090187
0.090147
0.090108
0.090068
0.090029
0.089991
0.089952
0.089913
0.089875
0.089837
0.089800
0.089762
0.089725
0.089688
0.089651
0.089614
0.089578
0.089541
0.089505
0.089469
0.089434
0.089398
0.089363
0.089328
0.089293
0.089259
0.089224
0.089190
0.089156
0.089122
0.089088
0.089055
0.089021
0.088988
0.088955
0.088923
0.088890
0.088858
0.088826
0.088794
0.088762
0.088730
0.088699
0.088668
0.088637
0.088606
0.088575
0.088545
0.088514
0.088484
0.088454
0.088424
0.088394
0.088365
0.088335
0.088306
0.088277
0.088248
0.088220
0.088191
0.088163
0.088135
0.088107
0.088079
0.088051
0.088024
0.087996
0.087969
0.087942
0.087915
0.087888
0.087861
0.087835
0.087809
0.087782
0.087756
0.087731
0.087705
0.087679
0.087654
0.087628
0.087603
0.087578
0.087553
0.087529
0.087504
0.087480
0.087455
0.087431
0.087407
0.087383
0.087359
0.087336
0.087312
0.087289
0.087266
0.087243
0.087220
0.087197
0.087174
0.087152
0.087129
0.087107
0.087085
0.087063
0.087041
0.087019
0.086997
0.086975
0.086954
0.086933
0.086912
0.086890
0.086870
0.086849
0.086828
0.086807
0.086787
0.086766
0.086746
0.086726
0.086706
0.086686
0.086666
0.086647
0.086627
0.086608
0.086588
0.086569
0.086550
0.086531
0.086512
0.086493
0.086474
0.086456
0.086437
0.086419
0.086401
0.086383
0.086364
0.086346
0.086329
0.086311
0.086293
0.086276
0.086258
0.086241
0.086223
0.086206
0.086189
0.086172
0.086155
0.086139
0.086122
0.086105
0.086089
0.086072
0.086056
0.086040
0.086024
0.086008
0.085992
0.085976
0.085960
0.085945
0.085929
0.085913
0.085898
0.085883
0.085868
0.085852
0.085837
0.085822
0.085807
0.085793
0.085778
0.085763
0.085749
0.085734
0.085720
0.085706
0.085692
0.085677
0.085663
0.085649
0.085636
0.085622
0.085608
0.085594
0.085581
0.085567
0.085554
0.085541
0.085527
0.085514
0.085501
0.085488
0.085475
0.085462
0.085449
0.085436
0.085424
0.085411
0.085399
0.085386
0.085374
0.085362
0.085349
0.085337
0.085325
0.085313
0.085301
0.085289
0.085277
0.085266
0.085254
0.085242
0.085231
0.085219
0.085208
0.085197
0.085185
0.085174
0.085163
0.085152
0.085141
0.085130
0.085119
0.085108
0.085097
0.085087
0.085076
0.085065
0.085055
0.085044
0.085034
0.085024
0.085014
0.085003
0.084993
0.084983
0.084973
0.084963
0.084953
0.084943
0.084933
0.084924
0.084914
0.084904
0.084895
0.084885
0.084876
0.084866
0.084857
0.084848
0.084838
0.084829
0.084820
0.084811
0.084802
0.084793
0.084784
0.084775
0.084766
0.084758
0.084749
0.084740
0.084732
0.084723
