1.009570
1.007880
1.006190
1.004510
1.002830
1.001170
0.999561
0.998896
1.000030
1.003280
1.009330
1.019590
1.037140
1.067510
1.117990
1.196010
1.307470
1.455550
1.640580
1.860370
2.111090
2.388090
2.686570
3.002050
3.330430
3.668040
4.011520
4.357810
4.704320
5.048910
5.389930
5.726190
6.056800
6.381160
6.698940
7.009840
7.313670
7.610440
7.900140
8.182770
8.458460
8.727200
8.989180
9.244510
9.493210
9.735500
9.971390
10.201100
10.424700
10.642400
10.854100
11.060100
11.260400
11.455300
11.644500
11.828600
12.007200
12.180800
12.349100
12.512600
12.671100
12.824800
12.973600
13.117900
13.257500
13.392600
13.523300
13.649500
13.771500
13.889100
14.002600
14.112000
14.217300
14.318600
14.416000
14.509500
14.599200
14.685300
14.767600
14.846300
14.921500
14.993100
15.061300
15.126100
15.187500
15.245800
15.300700
15.352500
15.401200
15.446800
15.489400
15.529100
15.565700
15.599600
15.630600
15.658900
15.684400
15.707300
15.727600
15.745300
15.760500
15.773200
15.783400
15.791300
15.796900
15.800100
15.801100
15.799900
15.796600
15.791100
15.783500
15.773900
15.762300
15.748800
15.733400
15.716100
15.697000
15.676000
15.653400
15.629000
15.603000
15.575300
15.546000
15.515200
15.482800
15.449000
15.413700
15.377000
15.338900
15.299500
15.258800
15.216800
15.173600
15.129100
15.083500
15.036800
14.988900
14.940000
14.890000
14.839000
14.787100
14.734200
14.680300
14.625600
14.570000
14.513600
14.456300
14.398300
14.339500
14.280000
14.219800
14.159000
14.097500
14.035400
13.972600
13.909400
13.845600
13.781300
13.716400
13.651100
13.585300
13.519200
13.452600
13.385600
13.318400
13.250700
13.182800
13.114500
13.046000
12.977200
12.908200
12.839000
12.769600
12.700000
12.630300
12.560400
12.490400
12.420400
12.350200
12.280000
12.209700
12.139400
12.069100
11.998800
11.928500
11.858200
11.788000
11.717900
11.647800
11.577800
11.507900
11.438200
11.368500
11.299100
11.229800
11.160600
11.091700
11.022900
10.954300
10.886000
10.817900
10.750000
10.682400
10.615100
10.548000
10.481200
10.414700
10.348500
10.282600
10.217000
10.151700
10.086800
10.022200
9.957920
9.894030
9.830490
9.767320
9.704520
9.642130
9.580050
9.518450
9.457150
9.396340
9.335830
9.275800
9.216190
9.156950
9.098120
9.039730
8.981810
8.924260
8.867130
8.810480
8.754190
8.698390
8.643010
8.588120
8.533580
8.479530
8.425900
8.372760
8.319980
8.267680
8.215800
8.164410
8.113440
8.062890
8.012770
7.963120
7.913840
7.865050
7.816730
7.768780
7.721250
7.674210
7.627530
7.581330
7.535550
7.490140
7.445200
7.400640
7.356490
7.312770
7.269460
7.226530
7.184010
7.141920
7.100190
7.058880
7.017930
6.977410
6.937250
6.897450
6.858080
6.819060
6.780410
6.742120
6.704200
6.666640
6.629430
6.592530
6.556060
6.519940
6.484130
6.448620
6.413530
6.378750
6.344260
6.310140
6.276320
6.242810
6.209650
6.176800
6.144250
6.112000
6.080050
6.048410
6.017060
5.986000
5.955240
5.924770
5.894580
5.864660
5.835030
5.805670
5.776580
5.747760
5.719200
5.690910
5.662870
5.635090
5.607560
5.580280
5.553240
5.526450
5.499900
5.473600
5.447520
5.421670
5.396060
5.370670
5.345510
5.320570
5.295840
5.271330
5.247040
5.222950
5.199080
5.175410
5.151950
5.128680
5.105620
5.082750
5.060070
5.037590
5.015290
4.993180
4.971260
4.949520
4.927960
4.906580
4.885370
4.864340
4.843480
4.822790
4.802270
4.781910
4.761730
4.741690
4.721820
4.702110
4.682560
4.663160
4.643910
4.624810
4.605870
4.587070
4.568410
4.549900
4.531540
4.513310
4.495220
4.477270
4.459460
4.441780
4.424240
4.406820
4.389540
4.372380
4.355360
4.338450
4.321670
4.305010
4.288480
4.272060
4.255770
4.239590
4.223530
4.207580
4.191750
4.176030
4.160420
4.144920
4.129520
4.114240
4.099060
4.083990
4.069020
4.054150
4.039390
4.024720
4.010160
3.995700
3.981330
3.967060
3.952890
3.938800
3.924820
3.910920
3.897120
3.883410
3.869790
3.856260
3.842810
3.829450
3.816180
3.802990
3.789880
3.776860
3.763930
3.751080
3.738300
3.725610
3.712990
3.700460
3.688000
3.675620
3.663320
3.651090
3.638940
3.626850
3.614850
3.602910
3.591050
3.579260
3.567540
3.555890
3.544310
3.532800
3.521350
3.509980
3.498670
3.487430
3.476250
3.465130
3.454080
3.443100
3.432170
3.421310
3.410520
3.399780
3.389100
3.378480
3.367930
3.357430
3.346990
3.336610
3.326280
3.316020
3.305810
3.295660
3.285550
3.275510
3.265520
3.255590
3.245710
3.235880
3.226100
3.216380
3.206710
3.197090
3.187520
3.178000
3.168530
3.159110
3.149750
3.140420
3.131150
3.121920
3.112750
3.103620
3.094540
3.085490
3.076500
3.067560
3.058660
3.049800
3.040990
3.032220
3.023500
3.014820
3.006190
2.997590
2.989040
2.980530
2.972060
2.963640
2.955250
2.946910
2.938600
2.930340
2.922110
2.913930
2.905780
2.897680
2.889610
2.881580
2.873590
2.865630
2.857720
2.849830
2.841990
2.834190
2.826410
2.818680
2.810980
2.803320
2.795690
2.788100
2.780540
2.773020
2.765530
2.758070
2.750650
2.743260
2.735910
2.728580
2.721290
2.714030
2.706810
2.699620
2.692450
2.685320
2.678230
2.671160
2.664120
2.657120
2.650140
2.643190
2.636280
2.629390
2.622540
2.615710
2.608910
2.602150
2.595410
2.588700
2.582020
2.575360
2.568740
2.562140
2.555570
2.549020
2.542510
2.536020
2.529560
2.523120
2.516710
2.510330
2.503980
2.497650
2.491340
2.485060
2.478810
2.472590
2.466380
2.460210
2.454050
2.447930
2.441820
2.435750
2.429690
2.423660
2.417650
2.411670
2.405710
2.399780
2.393870
2.387980
2.382110
2.376270
2.370450
2.364650
2.358880
2.353120
2.347390
2.341690
2.336000
2.330340
2.324690
2.319070
2.313470
2.307890
2.302340
2.296800
2.291280
2.285790
2.280320
2.274860
2.269430
2.264020
2.258620
2.253260
2.247900
2.242570
2.237250
2.231960
2.226690
2.221430
2.216200
2.210980
2.205780
2.200610
2.195450
2.190300
2.185180
2.180080
2.174990
2.169930
2.164880
2.159850
2.154830
2.149840
2.144860
2.139910
2.134970
2.130040
2.125130
2.120240
2.115370
2.110510
2.105680
2.100860
2.096050
2.091270
2.086500
2.081740
2.077000
2.072280
2.067570
2.062880
2.058210
2.053560
2.048910
2.044290
2.039680
2.035080
2.030510
2.025950
2.021400
2.016870
2.012350
2.007850
2.003370
1.998890
1.994440
1.990000
1.985570
1.981160
1.976760
1.972380
1.968010
1.963660
1.959320
1.955000
1.950690
1.946390
1.942110
1.937840
1.933590
1.929350
1.925120
1.920910
1.916710
1.912530
1.908360
1.904200
1.900050
1.895920
1.891800
1.887700
1.883610
1.879530
1.875460
1.871410
1.867380
1.863350
1.859330
1.855330
1.851340
1.847370
1.843410
1.839450
1.835510
1.831590
1.827680
1.823770
1.819880
1.816010
1.812140
1.808290
1.804450
1.800620
1.796800
1.793000
1.789210
1.785430
1.781650
1.777890
1.774140
1.770410
1.766690
1.762970
1.759280
1.755590
1.751900
1.748240
1.744580
1.740930
1.737300
1.733680
1.730060
1.726460
1.722870
1.719290
1.715720
1.712160
1.708610
1.705080
1.701550
1.698030
1.694530
1.691030
1.687550
1.684080
1.680610
1.677150
1.673710
1.670280
1.666850
1.663440
1.660030
1.656650
1.653260
1.649890
1.646520
1.643170
1.639820
1.636490
1.633170
1.629850
1.626540
1.623250
1.619960
1.616680
1.613420
1.610160
1.606910
1.603670
1.600440
1.597220
1.594010
1.590810
1.587610
1.584430
1.581250
1.578090
1.574930
1.571780
1.568640
1.565510
1.562390
1.559280
1.556170
1.553080
1.549990
1.546910
1.543850
1.540780
1.537730
1.534690
1.531650
1.528630
1.525610
1.522600
1.519600
1.516600
1.513620
1.510640
1.507680
1.504720
1.501770
1.498820
1.495890
1.492960
1.490040
1.487130
1.484230
1.481330
1.478450
1.475570
1.472690
1.469830
1.466970
1.464130
1.461280
1.458450
1.455630
1.452810
1.450000
1.447200
1.444410
1.441620
1.438840
1.436070
1.433310
1.430550
1.427800
1.425060
1.422330
1.419600
1.416880
1.414170
1.411460
1.408760
1.406070
1.403390
1.400700
1.398030
1.395370
1.392710
1.390070
1.387420
1.384790
1.382160
1.379540
1.376930
1.374320
1.371730
1.369130
1.366550
1.363970
1.361400
1.358830
1.356270
1.353720
1.351170
1.348630
1.346100
1.343580
1.341060
1.338550
1.336040
1.333540
1.331050
1.328560
1.326080
1.323610
1.321140
1.318680
1.316230
1.313780
1.311340
1.308900
1.306480
1.304050
1.301630
1.299220
1.296820
1.294420
1.292030
1.289640
1.287260
1.284890
1.282520
1.280160
1.277810
1.275460
1.273120
1.270780
1.268450
1.266120
1.263800
1.261490
1.259180
1.256880
1.254580
1.252290
1.250000
1.247730
1.245460
1.243190
1.240930
1.238670
1.236420
1.234170
1.231930
1.229710
1.227480
1.225250
1.223040
1.220830
1.218620
1.216420
1.214230
1.212040
1.209860
1.207680
1.205500
1.203340
1.201180
1.199020
1.196860
1.194720
1.192580
1.190450
1.188310
1.186190
1.184070
1.181960
1.179850
1.177750
1.175650
1.173550
1.171460
1.169380
1.167300
1.165230
1.163170
1.161100
1.159050
1.156990
1.154950
1.152910
1.150860
1.148840
1.146810
1.144780
1.142770
1.140760
1.138740
1.136750
1.134750
1.132750
1.130770
1.128780
1.126810
1.124830
1.122860
1.120890
1.118940
1.116980
1.115030
1.113080
1.111150
1.109210
1.107280
1.105350
1.103430
1.101510
1.099600
1.097690
1.095790
1.093890
1.092000
1.090110
1.088220
1.086340
1.084460
1.082590
1.080730
1.078860
1.077010
1.075150
1.073300
1.071460
1.069610
1.067780
1.065950
1.064120
1.062300
1.060480
1.058670
1.056850
1.055050
1.053250
1.051450
1.049660
1.047870
1.046090
1.044300
1.042530
1.040750
1.038990
1.037230
1.035460
1.033710
1.031960
1.030220
1.028470
1.026730
1.025000
1.023260
1.021540
1.019820
1.018100
1.016390
1.014680
1.012970
1.011260
1.009570
1.007880
1.006190
1.004500
1.002820
1.001160
0.999555
0.998890
1.000020
1.003270
1.009320
1.019590
1.037140
1.067510
1.117980
1.196010
1.307460
1.455550
1.640580
1.860380
2.111100
2.388100
2.686600
3.002080
3.330480
3.668100
4.011560
4.357870
4.704380
5.048970
5.390010
5.726280
6.056920
6.381280
6.699070
7.009960
7.313790
7.610620
7.900320
8.182950
8.458640
8.727380
8.989420
9.244690
9.493390
9.735680
9.971630
10.201400
10.425000
10.642600
10.854400
11.060400
11.260700
11.455500
11.644800
11.828900
12.007600
12.181100
12.349500
12.512900
12.671400
12.825100
12.974000
13.118300
13.257900
13.393000
13.523600
13.649900
13.771800
13.889500
14.003000
14.112400
14.217600
14.319000
14.416300
14.509900
14.599600
14.685700
14.768000
14.846700
14.921900
14.993500
15.061700
15.126500
15.188000
15.246200
15.301200
15.353000
15.401700
15.447300
15.489900
15.529500
15.566300
15.600100
15.631100
15.659400
15.685000
15.707900
15.728100
15.745900
15.761000
15.773700
15.784000
15.791900
15.797400
15.800700
15.801700
15.800500
15.797100
15.791600
15.784100
15.774500
15.762900
15.749400
15.734000
15.716700
15.697500
15.676600
15.654000
15.629600
15.603600
15.575900
15.546600
15.515800
15.483400
15.449600
15.414300
15.377600
15.339500
15.300100
15.259400
15.217400
15.174200
15.129700
15.084100
15.037400
14.989600
14.940600
14.890700
14.839700
14.787700
14.734800
14.680900
14.626200
14.570600
14.514200
14.456900
14.398900
14.340100
14.280600
14.220500
14.159600
14.098100
14.036000
13.973300
13.910000
13.846200
13.781900
13.717000
13.651700
13.585900
13.519800
13.453200
13.386200
13.319000
13.251300
13.183300
13.115100
13.046600
12.977800
12.908800
12.839600
12.770200
12.700600
12.630900
12.561000
12.491000
12.420900
12.350800
12.280500
12.210300
12.140000
12.069600
11.999300
11.929000
11.858700
11.788600
11.718400
11.648300
11.578300
11.508500
11.438700
11.369100
11.299600
11.230300
11.161200
11.092200
11.023400
10.954900
10.886500
10.818400
10.750600
10.682900
10.615600
10.548500
10.481700
10.415100
10.349000
10.283100
10.217500
10.152200
10.087200
10.022700
9.958400
9.894510
9.830980
9.767810
9.705000
9.642560
9.580530
9.518870
9.457580
9.396760
9.336310
9.276220
9.216610
9.157370
9.098550
9.040150
8.982170
8.924680
8.867550
8.810840
8.754620
8.698810
8.643440
8.588480
8.533950
8.479900
8.426270
8.373120
8.320340
8.268040
8.216160
8.164770
8.113740
8.063190
8.013130
7.963430
7.914210
7.865410
7.817040
7.769090
7.721620
7.674510
7.627890
7.581630
7.535850
7.490440
7.445510
7.400940
7.356790
7.313070
7.269770
7.226830
7.184310
7.142220
7.100490
7.059180
7.018240
6.977650
6.937490
6.897750
6.858320
6.819310
6.780650
6.742370
6.704440
6.666880
6.629680
6.592780
6.556300
6.520130
6.484310
6.448860
6.413720
6.378930
6.344510
6.310320
6.276510
6.243050
6.209830
6.176980
6.144430
6.112180
6.080230
6.048590
6.017260
5.986200
5.955440
5.924960
5.894770
5.864860
5.835220
5.805850
5.776760
5.747950
5.719390
5.691090
5.663050
5.635270
5.607730
5.580460
5.553420
5.526630
5.500070
5.473760
5.447680
5.421840
5.396220
5.370840
5.345670
5.320720
5.296000
5.271490
5.247200
5.223110
5.199230
5.175560
5.152100
5.128830
5.105760
5.082890
5.060210
5.037730
5.015430
4.993320
4.971400
4.949660
4.928090
4.906710
4.885500
4.864470
4.843610
4.822920
4.802400
4.782040
4.761850
4.741810
4.721950
4.702230
4.682680
4.663270
4.644030
4.624930
4.605980
4.587180
4.568530
4.550020
4.531650
4.513430
4.495340
4.477380
4.459570
4.441890
4.424350
4.406930
4.389650
4.372490
4.355460
4.338560
4.321770
4.305120
4.288580
4.272170
4.255870
4.239690
4.223620
4.207680
4.191850
4.176120
4.160510
4.145010
4.129620
4.114330
4.099150
4.084080
4.069110
4.054240
4.039480
4.024810
4.010250
3.995780
3.981420
3.967150
3.952970
3.938890
3.924900
3.911010
3.897200
3.883490
3.869870
3.856330
3.842890
3.829530
3.816260
3.803070
3.789960
3.776940
3.764010
3.751150
3.738380
3.725680
3.713070
3.700540
3.688080
3.675700
3.663390
3.651160
3.639010
3.626920
3.614920
3.602980
3.591120
3.579330
3.567610
3.555960
3.544380
3.532870
3.521430
3.510050
3.498740
3.487490
3.476310
3.465190
3.454150
3.443160
3.432240
3.421370
3.410580
3.399840
3.389160
3.378550
3.367990
3.357490
3.347050
3.336670
3.326350
3.316080
3.305870
3.295710
3.285610
3.275570
3.265580
3.255650
3.245770
3.235940
3.226160
3.216440
3.206770
3.197150
3.187570
3.178060
3.168590
3.159170
3.149800
3.140480
3.131200
3.121980
3.112800
3.103670
3.094590
3.085550
3.076560
3.067610
3.058710
3.049860
3.041050
3.032280
3.023550
3.014870
3.006240
2.997640
2.989090
2.980580
2.972110
2.963680
2.955300
2.946960
2.938650
2.930380
2.922160
2.913980
2.905830
2.897720
2.889660
2.881620
2.873630
2.865670
2.857760
2.849880
2.842040
2.834230
2.826460
2.818730
2.811030
2.803360
2.795740
2.788140
2.780580
2.773060
2.765570
2.758110
2.750690
2.743300
2.735950
2.728620
2.721330
2.714070
2.706850
2.699660
2.692500
2.685360
2.678270
2.671200
2.664160
2.657150
2.650180
2.643230
2.636320
2.629430
2.622580
2.615750
2.608960
2.602190
2.595450
2.588740
2.582050
2.575400
2.568770
2.562180
2.555610
2.549060
2.542540
2.536060
2.529600
2.523160
2.516750
2.510370
2.504010
2.497680
2.491380
2.485100
2.478850
2.472620
2.466420
2.460240
2.454090
2.447960
2.441860
2.435780
2.429730
2.423700
2.417690
2.411710
2.405750
2.399810
2.393900
2.388010
2.382150
2.376300
2.370480
2.364680
2.358910
2.353160
2.347430
2.341720
2.336030
2.330370
2.324730
2.319110
2.313510
2.307930
2.302370
2.296830
2.291320
2.285820
2.280350
2.274890
2.269460
2.264050
2.258650
2.253290
2.247930
2.242600
2.237290
2.231990
2.226720
2.221460
2.216230
2.211010
2.205810
2.200640
2.195480
2.190330
2.185210
2.180110
2.175020
2.169960
2.164910
2.159880
2.154870
2.149870
2.144890
2.139940
2.134990
2.130070
2.125160
2.120270
2.115400
2.110540
2.105710
2.100890
2.096080
2.091290
2.086520
2.081770
2.077030
2.072310
2.067600
2.062910
2.058240
2.053580
2.048940
2.044320
2.039700
2.035110
2.030540
2.025970
2.021420
2.016890
2.012380
2.007880
2.003390
1.998920
1.994460
1.990030
1.985600
1.981180
1.976790
1.972410
1.968040
1.963690
1.959350
1.955020
1.950710
1.946420
1.942140
1.937870
1.933610
1.929370
1.925150
1.920940
1.916730
1.912550
1.908380
1.904220
1.900080
1.895950
1.891830
1.887720
1.883630
1.879550
1.875490
1.871430
1.867390
1.863370
1.859360
1.855350
1.851370
1.847390
1.843430
1.839480
1.835540
1.831610
1.827700
1.823800
1.819910
1.816030
1.812170
1.808310
1.804470
1.800640
1.796830
1.793020
1.789220
1.785440
1.781670
1.777920
1.774170
1.770440
1.766710
1.763000
1.759290
1.755600
1.751930
1.748260
1.744600
1.740950
1.737320
1.733700
1.730080
1.726480
1.722890
1.719310
1.715740
1.712180
1.708640
1.705100
1.701570
1.698060
1.694550
1.691050
1.687570
1.684090
1.680630
1.677170
1.673730
1.670290
1.666880
1.663460
1.660060
1.656660
1.653280
1.649910
1.646540
1.643180
1.639840
1.636510
1.633180
1.629870
1.626560
1.623270
1.619980
1.616700
1.613440
1.610170
1.606930
1.603690
1.600460
1.597240
1.594030
1.590830
1.587630
1.584450
1.581270
1.578110
1.574950
1.571800
1.568660
1.565530
1.562400
1.559290
1.556190
1.553100
1.550010
1.546930
1.543860
1.540800
1.537750
1.534710
1.531670
1.528650
1.525630
1.522620
1.519620
1.516620
1.513640
1.510660
1.507700
1.504740
1.501780
1.498840
1.495910
1.492980
1.490060
1.487140
1.484250
1.481350
1.478460
1.475590
1.472710
1.469850
1.466990
1.464140
1.461300
1.458470
1.455640
1.452830
1.450020
1.447220
1.444420
1.441640
1.438860
1.436090
1.433320
1.430560
1.427820
1.425070
1.422340
1.419610
1.416890
1.414180
1.411470
1.408770
1.406090
1.403400
1.400720
1.398050
1.395390
1.392740
1.390090
1.387450
1.384820
1.382190
1.379570
1.376950
1.374350
1.371750
1.369160
1.366570
1.363990
1.361420
1.358850
1.356290
1.353740
1.351200
1.348650
1.346120
1.343600
1.341080
1.338570
1.336060
1.333560
1.331070
1.328590
1.326100
1.323630
1.321160
1.318700
1.316250
1.313800
1.311360
1.308920
1.306500
1.304070
1.301660
1.299240
1.296840
1.294440
1.292050
1.289660
1.287280
1.284910
1.282540
1.280170
1.277820
1.275470
1.273130
1.270790
1.268460
1.266130
1.263810
1.261500
1.259190
1.256890
1.254590
1.252300
1.250020
1.247740
1.245470
1.243200
1.240940
1.238680
1.236430
1.234190
1.231950
1.229720
1.227490
1.225270
1.223050
1.220840
1.218640
1.216430
1.214240
1.212050
1.209870
1.207690
1.205510
1.203350
1.201190
1.199030
1.196880
1.194730
1.192600
1.190460
1.188330
1.186210
1.184090
1.181970
1.179860
1.177760
1.175660
1.173570
1.171480
1.169390
1.167320
1.165240
1.163180
1.161110
1.159060
1.157010
1.154960
1.152910
1.150880
1.148850
1.146820
1.144800
1.142780
1.140770
1.138760
1.136760
1.134760
1.132770
1.130770
1.128790
1.126810
1.124840
1.122870
1.120900
1.118950
1.116990
1.115040
1.113100
1.111160
1.109220
1.107290
1.105360
1.103440
1.101530
1.099610
1.097700
1.095800
1.093900
1.092010
1.090120
1.088230
1.086350
1.084480
1.082600
1.080740
1.078870
1.077010
1.075160
1.073310
1.071470
1.069630
1.067790
1.065960
1.064130
1.062310
1.060490
1.058680
1.056870
1.055060
1.053260
1.051460
1.049670
1.047880
1.046090
1.044320
1.042540
1.040770
1.039000
1.037230
1.035480
1.033720
1.031970
1.030220
1.028480
1.026740
1.025010
1.023280
1.021550
1.019830
1.018110
1.016400
1.014680
1.012980
1.011280
1.009580
1.007880
1.006200
1.004510
1.002830
1.001170
0.999561
0.998896
1.000030
1.003280
1.009340
1.019600
1.037150
1.067530
1.118010
1.196040
1.307500
1.455600
1.640640
1.860440
2.111170
2.388180
2.686680
3.002170
3.330560
3.668180
4.011650
4.357950
4.704470
5.049070
5.390110
5.726380
6.056980
6.381410
6.699130
7.010020
7.313910
7.610680
7.900380
8.183010
8.458700
8.727440
8.989420
9.244760
9.493450
9.735740
9.971630
10.201400
10.425000
10.642600
10.854400
11.060400
11.260700
11.455500
11.644800
11.828900
12.007500
12.181100
12.349500
12.512900
12.671400
12.825100
12.974000
13.118200
13.257800
13.392900
13.523600
13.649800
13.771800
13.889500
14.003000
14.112300
14.217600
14.319000
14.416300
14.509900
14.599600
14.685600
14.768000
14.846700
14.921900
14.993500
15.061700
15.126500
15.188000
15.246200
15.301200
15.352900
15.401600
15.447300
15.489900
15.529500
15.566200
15.600000
15.631100
15.659300
15.684900
15.707800
15.728000
15.745700
15.761000
15.773600
15.783900
15.791800
15.797400
15.800600
15.801600
15.800500
15.797100
15.791600
15.784000
15.774400
15.762900
15.749400
15.733900
15.716600
15.697500
15.676500
15.653900
15.629500
15.603500
15.575800
15.546500
15.515700
15.483300
15.449500
15.414200
15.377500
15.339400
15.300000
15.259300
15.217300
15.174100
15.129600
15.084000
15.037300
14.989500
14.940500
14.890500
14.839600
14.787600
14.734700
14.680900
14.626100
14.570500
14.514000
14.456800
14.398800
14.340100
14.280500
14.220400
14.159500
14.098000
14.035900
13.973200
13.909900
13.846100
13.781700
13.716900
13.651600
13.585800
13.519700
13.453100
13.386200
13.318800
13.251200
13.183300
13.115000
13.046500
12.977700
12.908700
12.839500
12.770100
12.700500
12.630800
12.560900
12.490900
12.420800
12.350700
12.280500
12.210200
12.139900
12.069500
11.999200
11.928900
11.858700
11.788500
11.718300
11.648200
11.578200
11.508400
11.438600
11.369000
11.299500
11.230200
11.161000
11.092100
11.023400
10.954700
10.886400
10.818300
10.750400
10.682900
10.615500
10.548400
10.481600
10.415100
10.348800
10.282900
10.217400
10.152100
10.087200
10.022500
9.958280
9.894390
9.830860
9.767690
9.704880
9.642490
9.580410
9.518750
9.457520
9.396640
9.336190
9.276160
9.216490
9.157250
9.098490
9.040090
8.982110
8.924560
8.867490
8.810780
8.754560
8.698690
8.643310
8.588420
8.533890
8.479830
8.426210
8.373000
8.320280
8.267980
8.216100
8.164710
8.113680
8.063130
8.013070
7.963370
7.914150
7.865350
7.816980
7.769020
7.721560
7.674450
7.627830
7.581570
7.535790
7.490380
7.445450
7.400880
7.356730
7.313010
7.269710
7.226770
7.184250
7.142160
7.100430
7.059120
7.018180
6.977590
6.937430
6.897690
6.858260
6.819250
6.780590
6.742310
6.704380
6.666820
6.629620
6.592780
6.556240
6.520130
6.484310
6.448800
6.413720
6.378870
6.344450
6.310320
6.276510
6.242990
6.209830
6.176920
6.144370
6.112120
6.080230
6.048590
6.017210
5.986160
5.955400
5.924920
5.894730
5.864820
5.835180
5.805820
5.776730
5.747900
5.719340
5.691050
5.663010
5.635220
5.607700
5.580410
5.553380
5.526590
5.500040
5.473720
5.447650
5.421810
5.396190
5.370800
5.345630
5.320690
5.295970
5.271460
5.247160
5.223080
5.199200
5.175530
5.152060
5.128800
5.105730
5.082860
5.060180
5.037700
5.015400
4.993290
4.971370
4.949630
4.928070
4.906680
4.885470
4.864450
4.843590
4.822900
4.802370
4.782020
4.761820
4.741790
4.721920
4.702210
4.682650
4.663250
4.644000
4.624910
4.605960
4.587160
4.568510
4.550000
4.531630
4.513400
4.495310
4.477370
4.459550
4.441870
4.424320
4.406910
4.389620
4.372460
4.355430
4.338530
4.321750
4.305100
4.288560
4.272150
4.255850
4.239670
4.223610
4.207660
4.191820
4.176100
4.160490
4.144990
4.129600
4.114310
4.099130
4.084060
4.069090
4.054230
4.039460
4.024800
4.010230
3.995770
3.981400
3.967130
3.952950
3.938870
3.924880
3.910990
3.897190
3.883470
3.869850
3.856320
3.842870
3.829510
3.816240
3.803050
3.789950
3.776930
3.763990
3.751140
3.738360
3.725670
3.713050
3.700520
3.688060
3.675680
3.663380
3.651150
3.638990
3.626910
3.614910
3.602970
3.591110
3.579320
3.567600
3.555950
3.544360
3.532850
3.521410
3.510030
3.498720
3.487470
3.476290
3.465180
3.454130
3.443150
3.432220
3.421360
3.410560
3.399830
3.389150
3.378530
3.367980
3.357470
3.347040
3.336660
3.326330
3.316060
3.305860
3.295700
3.285600
3.275560
3.265570
3.255640
3.245760
3.235920
3.226150
3.216430
3.206750
3.197130
3.187570
3.178040
3.168580
3.159160
3.149790
3.140470
3.131190
3.121970
3.112790
3.103660
3.094580
3.085540
3.076540
3.067600
3.058700
3.049850
3.041030
3.032270
3.023540
3.014860
3.006220
2.997630
2.989080
2.980570
2.972100
2.963680
2.955290
2.946940
2.938640
2.930380
2.922150
2.913960
2.905820
2.897710
2.889640
2.881610
2.873620
2.865670
2.857750
2.849870
2.842030
2.834220
2.826450
2.818710
2.811010
2.803350
2.795720
2.788130
2.780570
2.773050
2.765560
2.758110
2.750680
2.743290
2.735940
2.728620
2.721330
2.714070
2.706840
2.699650
2.692480
2.685360
2.678260
2.671190
2.664150
2.657150
2.650170
2.643230
2.636310
2.629430
2.622570
2.615740
2.608950
2.602180
2.595440
2.588730
2.582050
2.575390
2.568770
2.562170
2.555600
2.549050
2.542540
2.536050
2.529590
2.523150
2.516740
2.510360
2.504010
2.497680
2.491370
2.485090
2.478840
2.472620
2.466410
2.460240
2.454080
2.447950
2.441850
2.435770
2.429720
2.423690
2.417680
2.411700
2.405740
2.399810
2.393900
2.388010
2.382140
2.376300
2.370480
2.364680
2.358900
2.353150
2.347420
2.341710
2.336030
2.330360
2.324720
2.319100
2.313500
2.307920
2.302360
2.296830
2.291310
2.285810
2.280340
2.274890
2.269450
2.264040
2.258650
2.253280
2.247920
2.242590
2.237280
2.231990
2.226710
2.221450
2.216220
2.211010
2.205810
2.200630
2.195470
2.190330
2.185210
2.180100
2.175020
2.169950
2.164900
2.159870
2.154860
2.149860
2.144890
2.139920
2.134980
2.130060
2.125150
2.120270
2.115390
2.110540
2.105700
2.100870
2.096070
2.091280
2.086510
2.081760
2.077020
2.072300
2.067590
2.062910
2.058230
2.053580
2.048940
2.044310
2.039700
2.035110
2.030530
2.025970
2.021420
2.016890
2.012370
2.007870
2.003380
1.998920
1.994460
1.990020
1.985590
1.981180
1.976780
1.972400
1.968030
1.963680
1.959340
1.955020
1.950700
1.946410
1.942130
1.937860
1.933610
1.929370
1.925140
1.920930
1.916730
1.912550
1.908380
1.904220
1.900070
1.895940
1.891820
1.887720
1.883630
1.879550
1.875480
1.871430
1.867390
1.863370
1.859350
1.855350
1.851360
1.847390
1.843430
1.839470
1.835530
1.831610
1.827690
1.823790
1.819900
1.816030
1.812160
1.808310
1.804470
1.800640
1.796820
1.793020
1.789220
1.785440
1.781670
1.777910
1.774160
1.770430
1.766700
1.762990
1.759290
1.755600
1.751920
1.748250
1.744590
1.740950
1.737320
1.733690
1.730080
1.726480
1.722890
1.719310
1.715740
1.712180
1.708630
1.705090
1.701570
1.698050
1.694540
1.691050
1.687570
1.684090
1.680630
1.677170
1.673720
1.670290
1.666870
1.663460
1.660050
1.656660
1.653280
1.649900
1.646540
1.643180
1.639840
1.636510
1.633180
1.629860
1.626560
1.623260
1.619980
1.616700
1.613430
1.610170
1.606930
1.603680
1.600450
1.597230
1.594020
1.590820
1.587620
1.584440
1.581270
1.578100
1.574940
1.571800
1.568660
1.565530
1.562400
1.559290
1.556180
1.553090
1.550010
1.546930
1.543860
1.540800
1.537750
1.534700
1.531670
1.528640
1.525630
1.522610
1.519610
1.516620
1.513630
1.510660
1.507690
1.504730
1.501780
1.498840
1.495900
1.492970
1.490060
1.487140
1.484240
1.481350
1.478460
1.475580
1.472700
1.469840
1.466990
1.464140
1.461300
1.458470
1.455640
1.452820
1.450020
1.447210
1.444420
1.441630
1.438860
1.436080
1.433320
1.430560
1.427820
1.425070
1.422340
1.419610
1.416890
1.414180
1.411470
1.408770
1.406080
1.403400
1.400720
1.398050
1.395390
1.392730
1.390090
1.387440
1.384810
1.382180
1.379560
1.376950
1.374350
1.371740
1.369150
1.366570
1.363990
1.361420
1.358850
1.356290
1.353740
1.351190
1.348650
1.346120
1.343590
1.341080
1.338560
1.336060
1.333560
1.331070
1.328580
1.326100
1.323630
1.321160
1.318700
1.316250
1.313800
1.311360
1.308920
1.306490
1.304070
1.301650
1.299240
1.296840
1.294440
1.292050
1.289660
1.287280
1.284910
1.282540
1.280180
1.277830
1.275480
1.273130
1.270800
1.268470
1.266140
1.263820
1.261500
1.259200
1.256900
1.254600
1.252310
1.250020
1.247750
1.245470
1.243200
1.240950
1.238690
1.236430
1.234190
1.231950
1.229720
1.227490
1.225270
1.223050
1.220840
1.218640
1.216440
1.214240
1.212050
1.209870
1.207690
1.205520
1.203350
1.201190
1.199030
1.196880
1.194740
1.192600
1.190460
1.188330
1.186210
1.184090
1.181970
1.179870
1.177760
1.175660
1.173570
1.171480
1.169390
1.167320
1.165240
1.163170
1.161110
1.159050
1.157000
1.154950
1.152910
1.150880
1.148840
1.146810
1.144790
1.142770
1.140760
1.138760
1.136750
1.134750
1.132760
1.130770
1.128790
1.126810
1.124840
1.122870
1.120900
1.118940
1.116990
1.115040
1.113100
1.111150
1.109220
1.107290
1.105360
1.103440
1.101520
1.099610
1.097700
1.095800
1.093900
1.092000
1.090120
1.088230
1.086350
1.084470
1.082600
1.080730
1.078870
1.077010
1.075160
1.073310
1.071460
1.069630
1.067790
1.065950
1.064130
1.062310
1.060490
1.058670
1.056860
1.055050
1.053250
1.051460
1.049670
1.047870
1.046090
1.044310
1.042540
1.040770
1.039000
1.037230
1.035480
1.033720
1.031970
1.030220
1.028480
1.026740
1.025000
1.023280
1.021550
1.019830
1.018110
1.016390
1.014680
1.012980
1.011280
1.009570
