14.180300
14.180200
14.180200
14.180200
14.180100
14.180200
14.182600
14.183000
14.182900
14.182700
14.182600
14.182400
14.182300
14.182200
14.182000
14.181900
14.181800
14.181600
14.181500
14.181400
14.181300
14.181200
14.181100
14.180900
14.180800
14.180700
14.180600
14.180500
14.180400
14.180300
14.180200
14.180100
14.180000
14.179900
14.179800
14.179700
14.179600
14.179500
14.179400
14.179400
14.179300
14.179200
14.179100
14.179000
14.179000
14.178900
14.178800
14.178700
14.178600
14.178600
14.178500
14.178400
14.178400
14.178300
14.178200
14.178200
14.178100
14.178000
14.178000
14.177900
14.177900
14.177800
14.177700
14.177700
14.177600
14.177600
14.177500
14.177500
14.177400
14.177400
14.177400
14.177300
14.177300
14.177300
14.177200
14.177200
14.177200
14.177100
14.177100
14.177100
14.177100
14.177100
14.177100
14.177100
14.177100
14.177100
14.177100
14.177100
14.177100
14.177100
14.177100
14.177100
14.177100
14.177100
14.177100
14.177200
14.177200
14.177200
14.177200
14.177300
14.177300
14.177300
14.177400
14.177400
14.177500
14.177500
14.177500
14.177600
14.177600
14.177700
14.177700
14.177800
14.177800
14.177900
14.177900
14.178000
14.178000
14.178100
14.178100
14.178200
14.178200
14.178300
14.178300
14.178400
14.178500
14.178500
14.178600
14.178600
14.178700
14.178700
14.178800
14.178900
14.178900
14.179000
14.179000
14.179100
14.179100
14.179200
14.179200
14.179300
14.179400
14.179400
14.179500
14.179500
14.179600
14.179600
14.179700
14.179700
14.179800
14.179900
14.179900
14.180000
14.180000
14.180100
14.180100
14.180200
14.180200
14.180300
14.180300
14.180400
14.180400
14.180500
14.180500
14.180600
14.180600
14.180700
14.180700
14.180800
14.180800
14.180900
14.180900
14.181000
14.181000
14.181100
14.181100
14.181200
14.181200
14.181300
14.181300
14.181400
14.181400
14.181500
14.181500
14.181500
14.181600
14.181600
14.181700
14.181700
14.181800
14.181800
14.181900
14.181900
14.181900
14.182000
14.182000
14.182100
14.182100
14.182200
14.182200
14.182200
14.182300
14.182300
14.182400
14.182400
14.182400
14.182500
14.182500
14.182600
14.182600
14.182600
14.182700
14.182700
14.182800
14.182800
14.182800
14.182900
14.182900
14.183000
14.183000
14.183000
14.183100
14.183100
14.183100
14.183200
14.183200
14.183300
14.183300
14.183300
14.183400
14.183400
14.183400
14.183500
14.183500
14.183500
14.183600
14.183600
14.183600
14.183700
14.183700
14.183700
14.183800
14.183800
14.183800
14.183900
14.183900
14.183900
14.184000
14.184000
14.184000
14.184100
14.184100
14.184100
14.184200
14.184200
14.184200
14.184200
14.184300
14.184300
14.184300
14.184400
14.184400
14.184400
14.184500
14.184500
14.184500
14.184500
14.184600
14.184600
14.184600
14.184700
14.184700
14.184700
14.184700
14.184800
14.184800
14.184800
14.184800
14.184900
14.184900
14.184900
14.185000
14.185000
14.185000
14.185000
14.185100
14.185100
14.185100
14.185100
14.185200
14.185200
14.185200
14.185200
14.185300
14.185300
14.185300
14.185300
14.185400
14.185400
14.185400
14.185400
14.185400
14.185500
14.185500
14.185500
14.185500
14.185600
14.185600
14.185600
14.185600
14.185600
14.185700
14.185700
14.185700
14.185700
14.185800
14.185800
14.185800
14.185800
14.185800
14.185900
14.185900
14.185900
14.185900
14.185900
14.186000
14.186000
14.186000
14.186000
14.186000
14.186100
14.186100
14.186100
14.186100
14.186100
14.186100
14.186200
14.186200
14.186200
14.186200
14.186200
14.186300
14.186300
14.186300
14.186300
14.186300
14.186300
14.186400
14.186400
14.186400
14.186400
14.186400
14.186400
14.186500
14.186500
14.186500
14.186500
14.186500
14.186500
14.186500
14.186600
14.186600
14.186600
14.186600
14.186600
14.186600
14.186600
14.186700
14.186700
14.186700
14.186700
14.186700
14.186700
14.186700
14.186800
14.186800
14.186800
14.186800
14.186800
14.186800
14.186800
14.186800
14.186900
14.186900
14.186900
14.186900
14.186900
14.186900
14.186900
14.186900
14.187000
14.187000
14.187000
14.187000
14.187000
14.187000
14.187000
14.187000
14.187000
14.187100
14.187100
14.187100
14.187100
14.187100
14.187100
14.187100
14.187100
14.187100
14.187100
14.187200
14.187200
14.187200
14.187200
14.187200
14.187200
14.187200
14.187200
14.187200
14.187200
14.187200
14.187200
14.187300
14.187300
14.187300
14.187300
14.187300
14.187300
14.187300
14.187300
14.187300
14.187300
14.187300
14.187300
14.187300
14.187400
14.187400
14.187400
14.187400
14.187400
14.187400
14.187400
14.187400
14.187400
14.187400
14.187400
14.187400
14.187400
14.187400
14.187400
14.187400
14.187400
14.187500
14.187500
14.187500
14.187500
14.187500
14.187500
14.187500
14.187500
14.187500
14.187500
14.187500
14.187500
14.187500
14.187500
14.187500
14.187500
14.187500
14.187500
14.187500
14.187500
14.187500
14.187500
14.187500
14.187500
14.187500
14.187500
14.187600
14.187600
14.187600
14.187600
14.187600
14.187600
14.187600
14.187600
14.187600
14.187600
14.187600
14.187600
14.187600
14.187600
14.187600
14.187600
14.187600
14.187600
14.187600
14.187600
14.187600
14.187600
14.187600
14.187600
14.187600
14.187600
14.187600
14.187600
14.187600
14.187600
14.187600
14.187600
14.187600
14.187600
14.187600
14.187600
14.187600
14.187600
14.187600
14.187600
14.187600
14.187600
14.187600
14.187600
14.187600
14.187600
14.187600
14.187600
14.187600
14.187600
14.187600
14.187600
14.187600
14.187600
14.187600
14.187600
14.187600
14.187600
14.187600
14.187600
14.187600
14.187600
14.187500
14.187500
14.187500
14.187500
14.187500
14.187500
14.187500
14.187500
14.187500
14.187500
14.187500
14.187500
14.187500
14.187500
14.187500
14.187500
14.187500
14.187500
14.187500
14.187500
14.187500
14.187500
14.187500
14.187500
14.187500
14.187500
14.187500
14.187500
14.187400
14.187400
14.187400
14.187400
14.187400
14.187400
14.187400
14.187400
14.187400
14.187400
14.187400
14.187400
14.187400
14.187400
14.187400
14.187400
14.187400
14.187400
14.187400
14.187300
14.187300
14.187300
14.187300
14.187300
14.187300
14.187300
14.187300
14.187300
14.187300
14.187300
14.187300
14.187300
14.187300
14.187300
14.187200
14.187200
14.187200
14.187200
14.187200
14.187200
14.187200
14.187200
14.187200
14.187200
14.187200
14.187200
14.187200
14.187200
14.187100
14.187100
14.187100
14.187100
14.187100
14.187100
14.187100
14.187100
14.187100
14.187100
14.187100
14.187100
14.187000
14.187000
14.187000
14.187000
14.187000
14.187000
14.187000
14.187000
14.187000
14.187000
14.187000
14.186900
14.186900
14.186900
14.186900
14.186900
14.186900
14.186900
14.186900
14.186900
14.186900
14.186800
14.186800
14.186800
14.186800
14.186800
14.186800
14.186800
14.186800
14.186800
14.186800
14.186700
14.186700
14.186700
14.186700
14.186700
14.186700
14.186700
14.186700
14.186700
14.186600
14.186600
14.186600
14.186600
14.186600
14.186600
14.186600
14.186600
14.186600
14.186500
14.186500
14.186500
14.186500
14.186500
14.186500
14.186500
14.186500
14.186400
14.186400
14.186400
14.186400
14.186400
14.186400
14.186400
14.186400
14.186300
14.186300
14.186300
14.186300
14.186300
14.186300
14.186300
14.186300
14.186200
14.186200
14.186200
14.186200
14.186200
14.186200
14.186200
14.186200
14.186100
14.186100
14.186100
14.186100
14.186100
14.186100
14.186100
14.186000
14.186000
14.186000
14.186000
14.186000
14.186000
14.186000
14.186000
14.185900
14.185900
14.185900
14.185900
14.185900
14.185900
14.185900
14.185800
14.185800
14.185800
14.185800
14.185800
14.185800
14.185800
14.185700
14.185700
14.185700
14.185700
14.185700
14.185700
14.185600
14.185600
14.185600
14.185600
14.185600
14.185600
14.185600
14.185500
14.185500
14.185500
14.185500
14.185500
14.185500
14.185400
14.185400
14.185400
14.185400
14.185400
14.185400
14.185400
14.185300
14.185300
14.185300
14.185300
14.185300
14.185300
14.185200
14.185200
14.185200
14.185200
14.185200
14.185200
14.185100
14.185100
14.185100
14.185100
14.185100
14.185100
14.185000
14.185000
14.185000
14.185000
14.185000
14.185000
14.184900
14.184900
14.184900
14.184900
14.184900
14.184900
14.184800
14.184800
14.184800
14.184800
14.184800
14.184800
14.184700
14.184700
14.184700
14.184700
14.184700
14.184700
14.184600
14.184600
14.184600
14.184600
14.184600
14.184600
14.184500
14.184500
14.184500
14.184500
14.184500
14.184400
14.184400
14.184400
14.184400
14.184400
14.184400
14.184300
14.184300
14.184300
14.184300
14.184300
14.184300
14.184200
14.184200
14.184200
14.184200
14.184200
14.184100
14.184100
14.184100
14.184100
14.184100
14.184100
14.184000
14.184000
14.184000
14.184000
14.184000
14.183900
14.183900
14.183900
14.183900
14.183900
14.183800
14.183800
14.183800
14.183800
14.183800
14.183800
14.183700
14.183700
14.183700
14.183700
14.183700
14.183600
14.183600
14.183600
14.183600
14.183600
14.183500
14.183500
14.183500
14.183500
14.183500
14.183400
14.183400
14.183400
14.183400
14.183400
14.183300
14.183300
14.183300
14.183300
14.183300
14.183200
14.183200
14.183200
14.183200
14.183200
14.183100
14.183100
14.183100
14.183100
14.183100
14.183000
14.183000
14.183000
14.183000
14.183000
14.182900
14.182900
14.182900
14.182900
14.182900
14.182800
14.182800
14.182800
14.182800
14.182800
14.182700
14.182700
14.182700
14.182700
14.182700
14.182600
14.182600
14.182600
14.182600
14.182600
14.182500
14.182500
14.182500
14.182500
14.182500
14.182400
14.182400
14.182400
14.182400
14.182400
14.182300
14.182300
14.182300
14.182300
14.182300
14.182200
14.182200
14.182200
14.182200
14.182100
14.182100
14.182100
14.182100
14.182100
14.182000
14.182000
14.182000
14.182000
14.182000
14.181900
14.181900
14.181900
14.181900
14.181900
14.181800
14.181800
14.181800
14.181800
14.181700
14.181700
14.181700
14.181700
14.181700
14.181600
14.181600
14.181600
14.181600
14.181600
14.181500
14.181500
14.181500
14.181500
14.181400
14.181400
14.181400
14.181400
14.181400
14.181300
14.181300
14.181300
14.181300
14.181200
14.181200
14.181200
14.181200
14.181200
14.181100
14.181100
14.181100
14.181100
14.181100
14.181000
14.181000
14.181000
14.181000
14.180900
14.180900
14.180900
14.180900
14.180900
14.180800
14.180800
14.180800
14.180800
14.180700
14.180700
14.180700
14.180700
14.180600
14.180600
14.180600
14.180600
14.183000
14.183400
14.183300
14.183100
14.183000
14.182900
14.182700
14.182600
14.182500
14.182300
14.182200
14.182100
14.182000
14.181800
14.181700
14.181600
14.181500
14.181400
14.181300
14.181100
14.181000
14.180900
14.180800
14.180700
14.180600
14.180500
14.180400
14.180300
14.180200
14.180100
14.180100
14.180000
14.179900
14.179800
14.179700
14.179600
14.179500
14.179500
14.179400
14.179300
14.179200
14.179200
14.179100
14.179000
14.178900
14.178900
14.178800
14.178700
14.178700
14.178600
14.178500
14.178500
14.178400
14.178300
14.178300
14.178200
14.178200
14.178100
14.178100
14.178000
14.178000
14.177900
14.177900
14.177800
14.177800
14.177800
14.177700
14.177700
14.177700
14.177600
14.177600
14.177600
14.177600
14.177500
14.177500
14.177500
14.177500
14.177500
14.177500
14.177500
14.177500
14.177500
14.177500
14.177500
14.177500
14.177500
14.177500
14.177600
14.177600
14.177600
14.177600
14.177600
14.177700
14.177700
14.177700
14.177800
14.177800
14.177800
14.177900
14.177900
14.178000
14.178000
14.178100
14.178100
14.178100
14.178200
14.178200
14.178300
14.178300
14.178400
14.178400
14.178500
14.178600
14.178600
14.178700
14.178700
14.178800
14.178800
14.178900
14.178900
14.179000
14.179100
14.179100
14.179200
14.179200
14.179300
14.179300
14.179400
14.179500
14.179500
14.179600
14.179600
14.179700
14.179700
14.179800
14.179800
14.179900
14.180000
14.180000
14.180100
14.180100
14.180200
14.180200
14.180300
14.180300
14.180400
14.180400
14.180500
14.180600
14.180600
14.180700
14.180700
14.180800
14.180800
14.180900
14.180900
14.181000
14.181000
14.181100
14.181100
14.181200
14.181200
14.181300
14.181300
14.181400
14.181400
14.181500
14.181500
14.181600
14.181600
14.181700
14.181700
14.181700
14.181800
14.181800
14.181900
14.181900
14.182000
14.182000
14.182100
14.182100
14.182200
14.182200
14.182200
14.182300
14.182300
14.182400
14.182400
14.182500
14.182500
14.182500
14.182600
14.182600
14.182700
14.182700
14.182800
14.182800
14.182800
14.182900
14.182900
14.183000
14.183000
14.183000
14.183100
14.183100
14.183200
14.183200
14.183200
14.183300
14.183300
14.183300
14.183400
14.183400
14.183500
14.183500
14.183500
14.183600
14.183600
14.183600
14.183700
14.183700
14.183800
14.183800
14.183800
14.183900
14.183900
14.183900
14.184000
14.184000
14.184000
14.184100
14.184100
14.184100
14.184200
14.184200
14.184200
14.184300
14.184300
14.184300
14.184400
14.184400
14.184400
14.184500
14.184500
14.184500
14.184600
14.184600
14.184600
14.184600
14.184700
14.184700
14.184700
14.184800
14.184800
14.184800
14.184900
14.184900
14.184900
14.184900
14.185000
14.185000
14.185000
14.185100
14.185100
14.185100
14.185100
14.185200
14.185200
14.185200
14.185200
14.185300
14.185300
14.185300
14.185400
14.185400
14.185400
14.185400
14.185500
14.185500
14.185500
14.185500
14.185600
14.185600
14.185600
14.185600
14.185700
14.185700
14.185700
14.185700
14.185800
14.185800
14.185800
14.185800
14.185900
14.185900
14.185900
14.185900
14.185900
14.186000
14.186000
14.186000
14.186000
14.186100
14.186100
14.186100
14.186100
14.186100
14.186200
14.186200
14.186200
14.186200
14.186200
14.186300
14.186300
14.186300
14.186300
14.186300
14.186400
14.186400
14.186400
14.186400
14.186400
14.186500
14.186500
14.186500
14.186500
14.186500
14.186600
14.186600
14.186600
14.186600
14.186600
14.186600
14.186700
14.186700
14.186700
14.186700
14.186700
14.186800
14.186800
14.186800
14.186800
14.186800
14.186800
14.186800
14.186900
14.186900
14.186900
14.186900
14.186900
14.186900
14.187000
14.187000
14.187000
14.187000
14.187000
14.187000
14.187000
14.187100
14.187100
14.187100
14.187100
14.187100
14.187100
14.187100
14.187200
14.187200
14.187200
14.187200
14.187200
14.187200
14.187200
14.187300
14.187300
14.187300
14.187300
14.187300
14.187300
14.187300
14.187300
14.187400
14.187400
14.187400
14.187400
14.187400
14.187400
14.187400
14.187400
14.187400
14.187500
14.187500
14.187500
14.187500
14.187500
14.187500
14.187500
14.187500
14.187500
14.187500
14.187600
14.187600
14.187600
14.187600
14.187600
14.187600
14.187600
14.187600
14.187600
14.187600
14.187600
14.187700
14.187700
14.187700
14.187700
14.187700
14.187700
14.187700
14.187700
14.187700
14.187700
14.187700
14.187700
14.187700
14.187800
14.187800
14.187800
14.187800
14.187800
14.187800
14.187800
14.187800
14.187800
14.187800
14.187800
14.187800
14.187800
14.187800
14.187800
14.187900
14.187900
14.187900
14.187900
14.187900
14.187900
14.187900
14.187900
14.187900
14.187900
14.187900
14.187900
14.187900
14.187900
14.187900
14.187900
14.187900
14.187900
14.187900
14.187900
14.187900
14.187900
14.188000
14.188000
14.188000
14.188000
14.188000
14.188000
14.188000
14.188000
14.188000
14.188000
14.188000
14.188000
14.188000
14.188000
14.188000
14.188000
14.188000
14.188000
14.188000
14.188000
14.188000
14.188000
14.188000
14.188000
14.188000
14.188000
14.188000
14.188000
14.188000
14.188000
14.188000
14.188000
14.188000
14.188000
14.188000
14.188000
14.188000
14.188000
14.188000
14.188000
14.188000
14.188000
14.188000
14.188000
14.188000
14.188000
14.188000
14.188000
14.188000
14.188000
14.188000
14.188000
14.188000
14.188000
14.188000
14.188000
14.188000
14.188000
14.188000
14.188000
14.188000
14.188000
14.188000
14.188000
14.188000
14.188000
14.188000
14.188000
14.188000
14.188000
14.188000
14.188000
14.188000
14.188000
14.188000
14.188000
14.188000
14.188000
14.188000
14.188000
14.188000
14.188000
14.188000
14.187900
14.187900
14.187900
14.187900
14.187900
14.187900
14.187900
14.187900
14.187900
14.187900
14.187900
14.187900
14.187900
14.187900
14.187900
14.187900
14.187900
14.187900
14.187900
14.187900
14.187900
14.187900
14.187900
14.187800
14.187800
14.187800
14.187800
14.187800
14.187800
14.187800
14.187800
14.187800
14.187800
14.187800
14.187800
14.187800
14.187800
14.187800
14.187800
14.187800
14.187800
14.187700
14.187700
14.187700
14.187700
14.187700
14.187700
14.187700
14.187700
14.187700
14.187700
14.187700
14.187700
14.187700
14.187700
14.187700
14.187600
14.187600
14.187600
14.187600
14.187600
14.187600
14.187600
14.187600
14.187600
14.187600
14.187600
14.187600
14.187600
14.187500
14.187500
14.187500
14.187500
14.187500
14.187500
14.187500
14.187500
14.187500
14.187500
14.187500
14.187400
14.187400
14.187400
14.187400
14.187400
14.187400
14.187400
14.187400
14.187400
14.187400
14.187400
14.187300
14.187300
14.187300
14.187300
14.187300
14.187300
14.187300
14.187300
14.187300
14.187300
14.187200
14.187200
14.187200
14.187200
14.187200
14.187200
14.187200
14.187200
14.187200
14.187200
14.187100
14.187100
14.187100
14.187100
14.187100
14.187100
14.187100
14.187100
14.187100
14.187000
14.187000
14.187000
14.187000
14.187000
14.187000
14.187000
14.187000
14.187000
14.186900
14.186900
14.186900
14.186900
14.186900
14.186900
14.186900
14.186900
14.186800
14.186800
14.186800
14.186800
14.186800
14.186800
14.186800
14.186800
14.186700
14.186700
14.186700
14.186700
14.186700
14.186700
14.186700
14.186700
14.186600
14.186600
14.186600
14.186600
14.186600
14.186600
14.186600
14.186500
14.186500
14.186500
14.186500
14.186500
14.186500
14.186500
14.186500
14.186400
14.186400
14.186400
14.186400
14.186400
14.186400
14.186400
14.186300
14.186300
14.186300
14.186300
14.186300
14.186300
14.186300
14.186200
14.186200
14.186200
14.186200
14.186200
14.186200
14.186200
14.186100
14.186100
14.186100
14.186100
14.186100
14.186100
14.186000
14.186000
14.186000
14.186000
14.186000
14.186000
14.186000
14.185900
14.185900
14.185900
14.185900
14.185900
14.185900
14.185900
14.185800
14.185800
14.185800
14.185800
14.185800
14.185800
14.185700
14.185700
14.185700
14.185700
14.185700
14.185700
14.185600
14.185600
14.185600
14.185600
14.185600
14.185600
14.185500
14.185500
14.185500
14.185500
14.185500
14.185500
14.185400
14.185400
14.185400
14.185400
14.185400
14.185400
14.185300
14.185300
14.185300
14.185300
14.185300
14.185300
14.185200
14.185200
14.185200
14.185200
14.185200
14.185200
14.185100
14.185100
14.185100
14.185100
14.185100
14.185100
14.185000
14.185000
14.185000
14.185000
14.185000
14.185000
14.184900
14.184900
14.184900
14.184900
14.184900
14.184800
14.184800
14.184800
14.184800
14.184800
14.184800
14.184700
14.184700
14.184700
14.184700
14.184700
14.184600
14.184600
14.184600
14.184600
14.184600
14.184600
14.184500
14.184500
14.184500
14.184500
14.184500
14.184400
14.184400
14.184400
14.184400
14.184400
14.184400
14.184300
14.184300
14.184300
14.184300
14.184300
14.184200
14.184200
14.184200
14.184200
14.184200
14.184100
14.184100
14.184100
14.184100
14.184100
14.184000
14.184000
14.184000
14.184000
14.184000
14.184000
14.183900
14.183900
14.183900
14.183900
14.183900
14.183800
14.183800
14.183800
14.183800
14.183800
14.183700
14.183700
14.183700
14.183700
14.183700
14.183600
14.183600
14.183600
14.183600
14.183600
14.183500
14.183500
14.183500
14.183500
14.183500
14.183400
14.183400
14.183400
14.183400
14.183400
14.183300
14.183300
14.183300
14.183300
14.183300
14.183200
14.183200
14.183200
14.183200
14.183200
14.183100
14.183100
14.183100
14.183100
14.183100
14.183000
14.183000
14.183000
14.183000
14.183000
14.182900
14.182900
14.182900
14.182900
14.182900
14.182800
14.182800
14.182800
14.182800
14.182700
14.182700
14.182700
14.182700
14.182700
14.182600
14.182600
14.182600
14.182600
14.182600
14.182500
14.182500
14.182500
14.182500
14.182500
14.182400
14.182400
14.182400
14.182400
14.182300
14.182300
14.182300
14.182300
14.182300
14.182200
14.182200
14.182200
14.182200
14.182200
14.182100
14.182100
14.182100
14.182100
14.182000
14.182000
14.182000
14.182000
14.182000
14.181900
14.181900
14.181900
14.181900
14.181900
14.181800
14.181800
14.181800
14.181800
14.181700
14.181700
14.181700
14.181700
14.181700
14.181600
14.181600
14.181600
14.181600
14.181500
14.181500
14.181500
14.181500
14.181500
14.181400
14.181400
14.181400
14.181400
14.181400
14.181300
14.181300
14.181300
14.181300
14.181200
14.181200
14.181200
14.181200
14.181200
14.181100
14.181100
14.181100
14.181000
14.181000
14.181100
14.183500
14.183800
14.183700
14.183600
14.183400
14.183300
14.183100
14.183000
14.182900
14.182800
14.182600
14.182500
14.182400
14.182300
14.182100
14.182000
14.181900
14.181800
14.181700
14.181600
14.181500
14.181400
14.181300
14.181200
14.181100
14.181000
14.180900
14.180800
14.180700
14.180600
14.180500
14.180400
14.180300
14.180200
14.180100
14.180100
14.180000
14.179900
14.179800
14.179700
14.179700
14.179600
14.179500
14.179400
14.179400
14.179300
14.179200
14.179200
14.179100
14.179000
14.179000
14.178900
14.178800
14.178800
14.178700
14.178700
14.178600
14.178600
14.178500
14.178500
14.178400
14.178400
14.178300
14.178300
14.178200
14.178200
14.178100
14.178100
14.178100
14.178100
14.178000
14.178000
14.178000
14.178000
14.177900
14.177900
14.177900
14.177900
14.177900
14.177900
14.177900
14.177900
14.177900
14.177900
14.177900
14.178000
14.178000
14.178000
14.178000
14.178000
14.178100
14.178100
14.178100
14.178100
14.178200
14.178200
14.178200
14.178300
14.178300
14.178400
14.178400
14.178400
14.178500
14.178500
14.178600
14.178600
14.178700
14.178700
14.178800
14.178800
14.178900
14.178900
14.179000
14.179000
14.179100
14.179100
14.179200
14.179300
14.179300
14.179400
14.179400
14.179500
14.179500
14.179600
14.179700
14.179700
14.179800
14.179800
14.179900
14.179900
14.180000
14.180100
14.180100
14.180200
14.180200
14.180300
14.180300
14.180400
14.180400
14.180500
14.180600
14.180600
14.180700
14.180700
14.180800
14.180800
14.180900
14.180900
14.181000
14.181000
14.181100
14.181100
14.181200
14.181200
14.181300
14.181300
14.181400
14.181500
14.181500
14.181600
14.181600
14.181600
14.181700
14.181700
14.181800
14.181800
14.181900
14.181900
14.182000
14.182000
14.182100
14.182100
14.182200
14.182200
14.182300
14.182300
14.182400
14.182400
14.182500
14.182500
14.182500
14.182600
14.182600
14.182700
14.182700
14.182800
14.182800
14.182900
14.182900
14.182900
14.183000
14.183000
14.183100
14.183100
14.183100
14.183200
14.183200
14.183300
14.183300
14.183300
14.183400
14.183400
14.183500
14.183500
14.183500
14.183600
14.183600
14.183700
14.183700
14.183700
14.183800
14.183800
14.183900
14.183900
14.183900
14.184000
14.184000
14.184000
14.184100
14.184100
14.184100
14.184200
14.184200
14.184300
14.184300
14.184300
14.184400
14.184400
14.184400
14.184500
14.184500
14.184500
14.184600
14.184600
14.184600
14.184700
14.184700
14.184700
14.184800
14.184800
14.184800
14.184900
14.184900
14.184900
14.185000
14.185000
14.185000
14.185000
14.185100
14.185100
14.185100
14.185200
14.185200
14.185200
14.185300
14.185300
14.185300
14.185300
14.185400
14.185400
14.185400
14.185500
14.185500
14.185500
14.185500
14.185600
14.185600
14.185600
14.185700
14.185700
14.185700
14.185700
14.185800
14.185800
14.185800
14.185800
14.185900
14.185900
14.185900
14.185900
14.186000
14.186000
14.186000
14.186000
14.186100
14.186100
14.186100
14.186100
14.186200
14.186200
14.186200
14.186200
14.186300
14.186300
14.186300
14.186300
14.186400
14.186400
14.186400
14.186400
14.186400
14.186500
14.186500
14.186500
14.186500
14.186600
14.186600
14.186600
14.186600
14.186600
14.186700
14.186700
14.186700
14.186700
14.186700
14.186800
14.186800
14.186800
14.186800
14.186800
14.186900
14.186900
14.186900
14.186900
14.186900
14.187000
14.187000
14.187000
14.187000
14.187000
14.187000
14.187100
14.187100
14.187100
14.187100
14.187100
14.187100
14.187200
14.187200
14.187200
14.187200
14.187200
14.187200
14.187300
14.187300
14.187300
14.187300
14.187300
14.187300
14.187400
14.187400
14.187400
14.187400
14.187400
14.187400
14.187500
14.187500
14.187500
14.187500
14.187500
14.187500
14.187500
14.187600
14.187600
14.187600
14.187600
14.187600
14.187600
14.187600
14.187600
14.187700
14.187700
14.187700
14.187700
14.187700
14.187700
14.187700
14.187700
14.187800
14.187800
14.187800
14.187800
14.187800
14.187800
14.187800
14.187800
14.187900
14.187900
14.187900
14.187900
14.187900
14.187900
14.187900
14.187900
14.187900
14.187900
14.188000
14.188000
14.188000
14.188000
14.188000
14.188000
14.188000
14.188000
14.188000
14.188000
14.188100
14.188100
14.188100
14.188100
14.188100
14.188100
14.188100
14.188100
14.188100
14.188100
14.188100
14.188100
14.188100
14.188200
14.188200
14.188200
14.188200
14.188200
14.188200
14.188200
14.188200
14.188200
14.188200
14.188200
14.188200
14.188200
14.188200
14.188300
14.188300
14.188300
14.188300
14.188300
14.188300
14.188300
14.188300
14.188300
14.188300
14.188300
14.188300
14.188300
14.188300
14.188300
14.188300
14.188300
14.188300
14.188300
14.188400
14.188400
14.188400
14.188400
14.188400
14.188400
14.188400
14.188400
14.188400
14.188400
14.188400
14.188400
14.188400
14.188400
14.188400
14.188400
14.188400
14.188400
14.188400
14.188400
14.188400
14.188400
14.188400
14.188400
14.188400
14.188400
14.188400
14.188400
14.188400
14.188400
14.188400
14.188400
14.188400
14.188400
14.188400
14.188400
14.188400
14.188400
14.188400
14.188400
14.188400
14.188500
14.188500
14.188500
14.188500
14.188500
14.188500
14.188500
14.188500
14.188500
14.188500
14.188500
14.188500
14.188500
14.188500
14.188500
14.188500
14.188400
14.188400
14.188400
14.188400
14.188400
14.188400
14.188400
14.188400
14.188400
14.188400
14.188400
14.188400
14.188400
14.188400
14.188400
14.188400
14.188400
14.188400
14.188400
14.188400
14.188400
14.188400
14.188400
14.188400
14.188400
14.188400
14.188400
14.188400
14.188400
14.188400
14.188400
14.188400
14.188400
14.188400
14.188400
14.188400
14.188400
14.188400
14.188400
14.188400
14.188400
14.188400
14.188300
14.188300
14.188300
14.188300
14.188300
14.188300
14.188300
14.188300
14.188300
14.188300
14.188300
14.188300
14.188300
14.188300
14.188300
14.188300
14.188300
14.188300
14.188300
14.188300
14.188300
14.188200
14.188200
14.188200
14.188200
14.188200
14.188200
14.188200
14.188200
14.188200
14.188200
14.188200
14.188200
14.188200
14.188200
14.188200
14.188200
14.188200
14.188100
14.188100
14.188100
14.188100
14.188100
14.188100
14.188100
14.188100
14.188100
14.188100
14.188100
14.188100
14.188100
14.188100
14.188000
14.188000
14.188000
14.188000
14.188000
14.188000
14.188000
14.188000
14.188000
14.188000
14.188000
14.188000
14.187900
14.187900
14.187900
14.187900
14.187900
14.187900
14.187900
14.187900
14.187900
14.187900
14.187900
14.187900
14.187800
14.187800
14.187800
14.187800
14.187800
14.187800
14.187800
14.187800
14.187800
14.187800
14.187700
14.187700
14.187700
14.187700
14.187700
14.187700
14.187700
14.187700
14.187700
14.187700
14.187600
14.187600
14.187600
14.187600
14.187600
14.187600
14.187600
14.187600
14.187600
14.187600
14.187500
14.187500
14.187500
14.187500
14.187500
14.187500
14.187500
14.187500
14.187500
14.187400
14.187400
14.187400
14.187400
14.187400
14.187400
14.187400
14.187400
14.187300
14.187300
14.187300
14.187300
14.187300
14.187300
14.187300
14.187300
14.187200
14.187200
14.187200
14.187200
14.187200
14.187200
14.187200
14.187200
14.187100
14.187100
14.187100
14.187100
14.187100
14.187100
14.187100
14.187100
14.187000
14.187000
14.187000
14.187000
14.187000
14.187000
14.187000
14.187000
14.186900
14.186900
14.186900
14.186900
14.186900
14.186900
14.186900
14.186800
14.186800
14.186800
14.186800
14.186800
14.186800
14.186800
14.186700
14.186700
14.186700
14.186700
14.186700
14.186700
14.186700
14.186600
14.186600
14.186600
14.186600
14.186600
14.186600
14.186600
14.186500
14.186500
14.186500
14.186500
14.186500
14.186500
14.186500
14.186400
14.186400
14.186400
14.186400
14.186400
14.186400
14.186300
14.186300
14.186300
14.186300
14.186300
14.186300
14.186300
14.186200
14.186200
14.186200
14.186200
14.186200
14.186200
14.186100
14.186100
14.186100
14.186100
14.186100
14.186100
14.186000
14.186000
14.186000
14.186000
14.186000
14.186000
14.185900
14.185900
14.185900
14.185900
14.185900
14.185900
14.185800
14.185800
14.185800
14.185800
14.185800
14.185800
14.185700
14.185700
14.185700
14.185700
14.185700
14.185700
14.185600
14.185600
14.185600
14.185600
14.185600
14.185600
14.185500
14.185500
14.185500
14.185500
14.185500
14.185500
14.185400
14.185400
14.185400
14.185400
14.185400
14.185300
14.185300
14.185300
14.185300
14.185300
14.185300
14.185200
14.185200
14.185200
14.185200
14.185200
14.185200
14.185100
14.185100
14.185100
14.185100
14.185100
14.185000
14.185000
14.185000
14.185000
14.185000
14.185000
14.184900
14.184900
14.184900
14.184900
14.184900
14.184800
14.184800
14.184800
14.184800
14.184800
14.184700
14.184700
14.184700
14.184700
14.184700
14.184700
14.184600
14.184600
14.184600
14.184600
14.184600
14.184500
14.184500
14.184500
14.184500
14.184500
14.184400
14.184400
14.184400
14.184400
14.184400
14.184300
14.184300
14.184300
14.184300
14.184300
14.184200
14.184200
14.184200
14.184200
14.184200
14.184200
14.184100
14.184100
14.184100
14.184100
14.184100
14.184000
14.184000
14.184000
14.184000
14.184000
14.183900
14.183900
14.183900
14.183900
14.183900
14.183800
14.183800
14.183800
14.183800
14.183800
14.183700
14.183700
14.183700
14.183700
14.183700
14.183600
14.183600
14.183600
14.183600
14.183500
14.183500
14.183500
14.183500
14.183500
14.183400
14.183400
14.183400
14.183400
14.183400
14.183300
14.183300
14.183300
14.183300
14.183300
14.183200
14.183200
14.183200
14.183200
14.183200
14.183100
14.183100
14.183100
14.183100
14.183100
14.183000
14.183000
14.183000
14.183000
14.182900
14.182900
14.182900
14.182900
14.182900
14.182800
14.182800
14.182800
14.182800
14.182800
14.182700
14.182700
14.182700
14.182700
14.182700
14.182600
14.182600
14.182600
14.182600
14.182500
14.182500
14.182500
14.182500
14.182500
14.182400
14.182400
14.182400
14.182400
14.182400
14.182300
14.182300
14.182300
14.182300
14.182200
14.182200
14.182200
14.182200
14.182200
14.182100
14.182100
14.182100
14.182100
14.182000
14.182000
14.182000
14.182000
14.182000
14.181900
14.181900
14.181900
14.181900
14.181800
14.181800
14.181800
14.181800
14.181800
14.181700
14.181700
14.181700
14.181700
14.181600
14.181600
14.181600
14.181600
14.181600
