10.951000
10.951000
10.951000
10.951000
10.951000
10.951000
10.953500
10.954400
10.954400
10.954300
10.954200
10.954100
10.954100
10.954000
10.953900
10.953800
10.953800
10.953700
10.953700
10.953600
10.953600
10.953500
10.953500
10.953400
10.953400
10.953400
10.953400
10.953300
10.953300
10.953300
10.953300
10.953300
10.953300
10.953300
10.953300
10.953400
10.953400
10.953400
10.953400
10.953500
10.953500
10.953500
10.953600
10.953600
10.953600
10.953700
10.953700
10.953800
10.953800
10.953800
10.953900
10.953900
10.954000
10.954000
10.954100
10.954100
10.954200
10.954200
10.954300
10.954400
10.954400
10.954500
10.954500
10.954600
10.954600
10.954700
10.954700
10.954800
10.954800
10.954900
10.955000
10.955000
10.955100
10.955100
10.955200
10.955200
10.955300
10.955300
10.955400
10.955400
10.955500
10.955600
10.955600
10.955700
10.955700
10.955800
10.955800
10.955900
10.955900
10.956000
10.956000
10.956000
10.956100
10.956100
10.956200
10.956200
10.956300
10.956300
10.956400
10.956400
10.956500
10.956500
10.956500
10.956600
10.956600
10.956700
10.956700
10.956700
10.956800
10.956800
10.956900
10.956900
10.956900
10.957000
10.957000
10.957000
10.957100
10.957100
10.957100
10.957200
10.957200
10.957200
10.957300
10.957300
10.957300
10.957400
10.957400
10.957400
10.957400
10.957500
10.957500
10.957500
10.957600
10.957600
10.957600
10.957600
10.957700
10.957700
10.957700
10.957700
10.957800
10.957800
10.957800
10.957800
10.957900
10.957900
10.957900
10.957900
10.958000
10.958000
10.958000
10.958000
10.958000
10.958100
10.958100
10.958100
10.958100
10.958100
10.958100
10.958200
10.958200
10.958200
10.958200
10.958200
10.958300
10.958300
10.958300
10.958300
10.958300
10.958300
10.958300
10.958400
10.958400
10.958400
10.958400
10.958400
10.958400
10.958400
10.958500
10.958500
10.958500
10.958500
10.958500
10.958500
10.958500
10.958500
10.958600
10.958600
10.958600
10.958600
10.958600
10.958600
10.958600
10.958600
10.958600
10.958600
10.958700
10.958700
10.958700
10.958700
10.958700
10.958700
10.958700
10.958700
10.958700
10.958700
10.958700
10.958700
10.958800
10.958800
10.958800
10.958800
10.958800
10.958800
10.958800
10.958800
10.958800
10.958800
10.958800
10.958800
10.958800
10.958800
10.958800
10.958800
10.958800
10.958800
10.958900
10.958900
10.958900
10.958900
10.958900
10.958900
10.958900
10.958900
10.958900
10.958900
10.958900
10.958900
10.958900
10.958900
10.958900
10.958900
10.958900
10.958900
10.958900
10.958900
10.958900
10.958900
10.958900
10.958900
10.958900
10.958900
10.958900
10.958900
10.958900
10.958900
10.958900
10.958900
10.958900
10.958900
10.958900
10.958900
10.958900
10.958900
10.958900
10.958900
10.958900
10.958900
10.958900
10.958900
10.958900
10.958900
10.958900
10.958900
10.958900
10.958900
10.958900
10.958900
10.958900
10.958900
10.958900
10.958900
10.958900
10.958900
10.958900
10.958900
10.958900
10.958900
10.958900
10.958900
10.958900
10.958900
10.958900
10.958900
10.958900
10.958900
10.958900
10.958900
10.958900
10.958900
10.958800
10.958800
10.958800
10.958800
10.958800
10.958800
10.958800
10.958800
10.958800
10.958800
10.958800
10.958800
10.958800
10.958800
10.958800
10.958800
10.958800
10.958800
10.958800
10.958800
10.958800
10.958800
10.958800
10.958800
10.958700
10.958700
10.958700
10.958700
10.958700
10.958700
10.958700
10.958700
10.958700
10.958700
10.958700
10.958700
10.958700
10.958700
10.958700
10.958700
10.958700
10.958700
10.958700
10.958600
10.958600
10.958600
10.958600
10.958600
10.958600
10.958600
10.958600
10.958600
10.958600
10.958600
10.958600
10.958600
10.958600
10.958600
10.958600
10.958500
10.958500
10.958500
10.958500
10.958500
10.958500
10.958500
10.958500
10.958500
10.958500
10.958500
10.958500
10.958500
10.958500
10.958400
10.958400
10.958400
10.958400
10.958400
10.958400
10.958400
10.958400
10.958400
10.958400
10.958400
10.958400
10.958400
10.958400
10.958300
10.958300
10.958300
10.958300
10.958300
10.958300
10.958300
10.958300
10.958300
10.958300
10.958300
10.958300
10.958200
10.958200
10.958200
10.958200
10.958200
10.958200
10.958200
10.958200
10.958200
10.958200
10.958200
10.958200
10.958200
10.958100
10.958100
10.958100
10.958100
10.958100
10.958100
10.958100
10.958100
10.958100
10.958100
10.958100
10.958000
10.958000
10.958000
10.958000
10.958000
10.958000
10.958000
10.958000
10.958000
10.958000
10.958000
10.957900
10.957900
10.957900
10.957900
10.957900
10.957900
10.957900
10.957900
10.957900
10.957900
10.957900
10.957800
10.957800
10.957800
10.957800
10.957800
10.957800
10.957800
10.957800
10.957800
10.957800
10.957700
10.957700
10.957700
10.957700
10.957700
10.957700
10.957700
10.957700
10.957700
10.957700
10.957700
10.957600
10.957600
10.957600
10.957600
10.957600
10.957600
10.957600
10.957600
10.957600
10.957600
10.957500
10.957500
10.957500
10.957500
10.957500
10.957500
10.957500
10.957500
10.957500
10.957500
10.957400
10.957400
10.957400
10.957400
10.957400
10.957400
10.957400
10.957400
10.957400
10.957300
10.957300
10.957300
10.957300
10.957300
10.957300
10.957300
10.957300
10.957300
10.957300
10.957200
10.957200
10.957200
10.957200
10.957200
10.957200
10.957200
10.957200
10.957200
10.957100
10.957100
10.957100
10.957100
10.957100
10.957100
10.957100
10.957100
10.957100
10.957000
10.957000
10.957000
10.957000
10.957000
10.957000
10.957000
10.957000
10.957000
10.957000
10.956900
10.956900
10.956900
10.956900
10.956900
10.956900
10.956900
10.956900
10.956900
10.956800
10.956800
10.956800
10.956800
10.956800
10.956800
10.956800
10.956800
10.956800
10.956700
10.956700
10.956700
10.956700
10.956700
10.956700
10.956700
10.956700
10.956600
10.956600
10.956600
10.956600
10.956600
10.956600
10.956600
10.956600
10.956600
10.956500
10.956500
10.956500
10.956500
10.956500
10.956500
10.956500
10.956500
10.956500
10.956400
10.956400
10.956400
10.956400
10.956400
10.956400
10.956400
10.956400
10.956300
10.956300
10.956300
10.956300
10.956300
10.956300
10.956300
10.956300
10.956300
10.956200
10.956200
10.956200
10.956200
10.956200
10.956200
10.956200
10.956200
10.956100
10.956100
10.956100
10.956100
10.956100
10.956100
10.956100
10.956100
10.956100
10.956000
10.956000
10.956000
10.956000
10.956000
10.956000
10.956000
10.956000
10.955900
10.955900
10.955900
10.955900
10.955900
10.955900
10.955900
10.955900
10.955900
10.955800
10.955800
10.955800
10.955800
10.955800
10.955800
10.955800
10.955800
10.955700
10.955700
10.955700
10.955700
10.955700
10.955700
10.955700
10.955700
10.955600
10.955600
10.955600
10.955600
10.955600
10.955600
10.955600
10.955600
10.955500
10.955500
10.955500
10.955500
10.955500
10.955500
10.955500
10.955500
10.955500
10.955400
10.955400
10.955400
10.955400
10.955400
10.955400
10.955400
10.955400
10.955300
10.955300
10.955300
10.955300
10.955300
10.955300
10.955300
10.955300
10.955200
10.955200
10.955200
10.955200
10.955200
10.955200
10.955200
10.955200
10.955100
10.955100
10.955100
10.955100
10.955100
10.955100
10.955100
10.955100
10.955000
10.955000
10.955000
10.955000
10.955000
10.955000
10.955000
10.955000
10.954900
10.954900
10.954900
10.954900
10.954900
10.954900
10.954900
10.954900
10.954800
10.954800
10.954800
10.954800
10.954800
10.954800
10.954800
10.954800
10.954700
10.954700
10.954700
10.954700
10.954700
10.954700
10.954700
10.954700
10.954600
10.954600
10.954600
10.954600
10.954600
10.954600
10.954600
10.954600
10.954500
10.954500
10.954500
10.954500
10.954500
10.954500
10.954500
10.954400
10.954400
10.954400
10.954400
10.954400
10.954400
10.954400
10.954400
10.954300
10.954300
10.954300
10.954300
10.954300
10.954300
10.954300
10.954300
10.954200
10.954200
10.954200
10.954200
10.954200
10.954200
10.954200
10.954200
10.954100
10.954100
10.954100
10.954100
10.954100
10.954100
10.954100
10.954100
10.954000
10.954000
10.954000
10.954000
10.954000
10.954000
10.954000
10.954000
10.953900
10.953900
10.953900
10.953900
10.953900
10.953900
10.953900
10.953800
10.953800
10.953800
10.953800
10.953800
10.953800
10.953800
10.953800
10.953700
10.953700
10.953700
10.953700
10.953700
10.953700
10.953700
10.953700
10.953600
10.953600
10.953600
10.953600
10.953600
10.953600
10.953600
10.953500
10.953500
10.953500
10.953500
10.953500
10.953500
10.953500
10.953500
10.953400
10.953400
10.953400
10.953400
10.953400
10.953400
10.953400
10.953400
10.953300
10.953300
10.953300
10.953300
10.953300
10.953300
10.953300
10.953300
10.953200
10.953200
10.953200
10.953200
10.953200
10.953200
10.953200
10.953100
10.953100
10.953100
10.953100
10.953100
10.953100
10.953100
10.953100
10.953000
10.953000
10.953000
10.953000
10.953000
10.953000
10.953000
10.952900
10.952900
10.952900
10.952900
10.952900
10.952900
10.952900
10.952900
10.952800
10.952800
10.952800
10.952800
10.952800
10.952800
10.952800
10.952800
10.952700
10.952700
10.952700
10.952700
10.952700
10.952700
10.952700
10.952600
10.952600
10.952600
10.952600
10.952600
10.952600
10.952600
10.952600
10.952500
10.952500
10.952500
10.952500
10.952500
10.952500
10.952500
10.952500
10.952400
10.952400
10.952400
10.952400
10.952400
10.952400
10.952400
10.952300
10.952300
10.952300
10.952300
10.952300
10.952300
10.952300
10.952300
10.952200
10.952200
10.952200
10.952200
10.952200
10.952200
10.952200
10.952100
10.952100
10.952100
10.952100
10.952100
10.952100
10.952100
10.952100
10.952000
10.952000
10.952000
10.952000
10.952000
10.952000
10.952000
10.951900
10.951900
10.951900
10.951900
10.951900
10.951900
10.951900
10.951900
10.951800
10.951800
10.951800
10.951800
10.951800
10.951800
10.951800
10.951700
10.951700
10.951700
10.951700
10.951700
10.951700
10.951700
10.951700
10.951600
10.951600
10.951600
10.951600
10.951600
10.951600
10.951600
10.951500
10.951500
10.951500
10.951500
10.951500
10.951500
10.951500
10.951500
10.951400
10.951400
10.951400
10.951400
10.951400
10.951400
10.951400
10.951300
10.951300
10.951300
10.951300
10.951300
10.951300
10.951300
10.951300
10.951200
10.951200
10.951200
10.951200
10.951200
10.951200
10.951200
10.951100
10.951100
10.951100
10.951100
10.951100
10.951100
10.951100
10.951100
10.951000
10.951000
10.951000
10.951000
10.951000
10.951000
10.953500
10.954400
10.954400
10.954300
10.954200
10.954100
10.954100
10.954000
10.953900
10.953800
10.953800
10.953700
10.953700
10.953600
10.953600
10.953500
10.953500
10.953500
10.953400
10.953400
10.953400
10.953300
10.953300
10.953300
10.953300
10.953300
10.953300
10.953300
10.953300
10.953400
10.953400
10.953400
10.953400
10.953500
10.953500
10.953500
10.953600
10.953600
10.953600
10.953700
10.953700
10.953800
10.953800
10.953900
10.953900
10.953900
10.954000
10.954000
10.954100
10.954100
10.954200
10.954300
10.954300
10.954400
10.954400
10.954500
10.954500
10.954600
10.954600
10.954700
10.954700
10.954800
10.954800
10.954900
10.955000
10.955000
10.955100
10.955100
10.955200
10.955200
10.955300
10.955300
10.955400
10.955400
10.955500
10.955600
10.955600
10.955700
10.955700
10.955800
10.955800
10.955900
10.955900
10.956000
10.956000
10.956000
10.956100
10.956100
10.956200
10.956200
10.956300
10.956300
10.956400
10.956400
10.956500
10.956500
10.956500
10.956600
10.956600
10.956700
10.956700
10.956700
10.956800
10.956800
10.956900
10.956900
10.956900
10.957000
10.957000
10.957000
10.957100
10.957100
10.957100
10.957200
10.957200
10.957200
10.957300
10.957300
10.957300
10.957400
10.957400
10.957400
10.957400
10.957500
10.957500
10.957500
10.957600
10.957600
10.957600
10.957600
10.957700
10.957700
10.957700
10.957700
10.957800
10.957800
10.957800
10.957800
10.957900
10.957900
10.957900
10.957900
10.958000
10.958000
10.958000
10.958000
10.958000
10.958100
10.958100
10.958100
10.958100
10.958100
10.958200
10.958200
10.958200
10.958200
10.958200
10.958200
10.958300
10.958300
10.958300
10.958300
10.958300
10.958300
10.958400
10.958400
10.958400
10.958400
10.958400
10.958400
10.958400
10.958400
10.958500
10.958500
10.958500
10.958500
10.958500
10.958500
10.958500
10.958500
10.958600
10.958600
10.958600
10.958600
10.958600
10.958600
10.958600
10.958600
10.958600
10.958700
10.958700
10.958700
10.958700
10.958700
10.958700
10.958700
10.958700
10.958700
10.958700
10.958700
10.958700
10.958700
10.958800
10.958800
10.958800
10.958800
10.958800
10.958800
10.958800
10.958800
10.958800
10.958800
10.958800
10.958800
10.958800
10.958800
10.958800
10.958800
10.958800
10.958800
10.958900
10.958900
10.958900
10.958900
10.958900
10.958900
10.958900
10.958900
10.958900
10.958900
10.958900
10.958900
10.958900
10.958900
10.958900
10.958900
10.958900
10.958900
10.958900
10.958900
10.958900
10.958900
10.958900
10.958900
10.958900
10.958900
10.958900
10.958900
10.958900
10.958900
10.958900
10.958900
10.958900
10.958900
10.958900
10.958900
10.958900
10.958900
10.958900
10.958900
10.958900
10.958900
10.958900
10.958900
10.958900
10.958900
10.958900
10.958900
10.958900
10.958900
10.958900
10.958900
10.958900
10.958900
10.958900
10.958900
10.958900
10.958900
10.958900
10.958900
10.958900
10.958900
10.958900
10.958900
10.958900
10.958900
10.958900
10.958900
10.958900
10.958900
10.958900
10.958900
10.958900
10.958900
10.958800
10.958800
10.958800
10.958800
10.958800
10.958800
10.958800
10.958800
10.958800
10.958800
10.958800
10.958800
10.958800
10.958800
10.958800
10.958800
10.958800
10.958800
10.958800
10.958800
10.958800
10.958800
10.958800
10.958800
10.958700
10.958700
10.958700
10.958700
10.958700
10.958700
10.958700
10.958700
10.958700
10.958700
10.958700
10.958700
10.958700
10.958700
10.958700
10.958700
10.958700
10.958700
10.958700
10.958600
10.958600
10.958600
10.958600
10.958600
10.958600
10.958600
10.958600
10.958600
10.958600
10.958600
10.958600
10.958600
10.958600
10.958600
10.958600
10.958500
10.958500
10.958500
10.958500
10.958500
10.958500
10.958500
10.958500
10.958500
10.958500
10.958500
10.958500
10.958500
10.958500
10.958500
10.958400
10.958400
10.958400
10.958400
10.958400
10.958400
10.958400
10.958400
10.958400
10.958400
10.958400
10.958400
10.958400
10.958300
10.958300
10.958300
10.958300
10.958300
10.958300
10.958300
10.958300
10.958300
10.958300
10.958300
10.958300
10.958300
10.958200
10.958200
10.958200
10.958200
10.958200
10.958200
10.958200
10.958200
10.958200
10.958200
10.958200
10.958200
10.958100
10.958100
10.958100
10.958100
10.958100
10.958100
10.958100
10.958100
10.958100
10.958100
10.958100
10.958000
10.958000
10.958000
10.958000
10.958000
10.958000
10.958000
10.958000
10.958000
10.958000
10.958000
10.957900
10.957900
10.957900
10.957900
10.957900
10.957900
10.957900
10.957900
10.957900
10.957900
10.957900
10.957800
10.957800
10.957800
10.957800
10.957800
10.957800
10.957800
10.957800
10.957800
10.957800
10.957800
10.957700
10.957700
10.957700
10.957700
10.957700
10.957700
10.957700
10.957700
10.957700
10.957700
10.957600
10.957600
10.957600
10.957600
10.957600
10.957600
10.957600
10.957600
10.957600
10.957600
10.957500
10.957500
10.957500
10.957500
10.957500
10.957500
10.957500
10.957500
10.957500
10.957500
10.957400
10.957400
10.957400
10.957400
10.957400
10.957400
10.957400
10.957400
10.957400
10.957300
10.957300
10.957300
10.957300
10.957300
10.957300
10.957300
10.957300
10.957300
10.957300
10.957200
10.957200
10.957200
10.957200
10.957200
10.957200
10.957200
10.957200
10.957200
10.957100
10.957100
10.957100
10.957100
10.957100
10.957100
10.957100
10.957100
10.957100
10.957100
10.957000
10.957000
10.957000
10.957000
10.957000
10.957000
10.957000
10.957000
10.957000
10.956900
10.956900
10.956900
10.956900
10.956900
10.956900
10.956900
10.956900
10.956900
10.956800
10.956800
10.956800
10.956800
10.956800
10.956800
10.956800
10.956800
10.956800
10.956700
10.956700
10.956700
10.956700
10.956700
10.956700
10.956700
10.956700
10.956600
10.956600
10.956600
10.956600
10.956600
10.956600
10.956600
10.956600
10.956600
10.956500
10.956500
10.956500
10.956500
10.956500
10.956500
10.956500
10.956500
10.956500
10.956400
10.956400
10.956400
10.956400
10.956400
10.956400
10.956400
10.956400
10.956400
10.956300
10.956300
10.956300
10.956300
10.956300
10.956300
10.956300
10.956300
10.956200
10.956200
10.956200
10.956200
10.956200
10.956200
10.956200
10.956200
10.956200
10.956100
10.956100
10.956100
10.956100
10.956100
10.956100
10.956100
10.956100
10.956000
10.956000
10.956000
10.956000
10.956000
10.956000
10.956000
10.956000
10.955900
10.955900
10.955900
10.955900
10.955900
10.955900
10.955900
10.955900
10.955900
10.955800
10.955800
10.955800
10.955800
10.955800
10.955800
10.955800
10.955800
10.955700
10.955700
10.955700
10.955700
10.955700
10.955700
10.955700
10.955700
10.955600
10.955600
10.955600
10.955600
10.955600
10.955600
10.955600
10.955600
10.955500
10.955500
10.955500
10.955500
10.955500
10.955500
10.955500
10.955500
10.955500
10.955400
10.955400
10.955400
10.955400
10.955400
10.955400
10.955400
10.955400
10.955300
10.955300
10.955300
10.955300
10.955300
10.955300
10.955300
10.955300
10.955200
10.955200
10.955200
10.955200
10.955200
10.955200
10.955200
10.955200
10.955100
10.955100
10.955100
10.955100
10.955100
10.955100
10.955100
10.955100
10.955000
10.955000
10.955000
10.955000
10.955000
10.955000
10.955000
10.955000
10.954900
10.954900
10.954900
10.954900
10.954900
10.954900
10.954900
10.954900
10.954800
10.954800
10.954800
10.954800
10.954800
10.954800
10.954800
10.954800
10.954700
10.954700
10.954700
10.954700
10.954700
10.954700
10.954700
10.954700
10.954600
10.954600
10.954600
10.954600
10.954600
10.954600
10.954600
10.954600
10.954500
10.954500
10.954500
10.954500
10.954500
10.954500
10.954500
10.954500
10.954400
10.954400
10.954400
10.954400
10.954400
10.954400
10.954400
10.954300
10.954300
10.954300
10.954300
10.954300
10.954300
10.954300
10.954300
10.954200
10.954200
10.954200
10.954200
10.954200
10.954200
10.954200
10.954200
10.954100
10.954100
10.954100
10.954100
10.954100
10.954100
10.954100
10.954100
10.954000
10.954000
10.954000
10.954000
10.954000
10.954000
10.954000
10.954000
10.953900
10.953900
10.953900
10.953900
10.953900
10.953900
10.953900
10.953800
10.953800
10.953800
10.953800
10.953800
10.953800
10.953800
10.953800
10.953700
10.953700
10.953700
10.953700
10.953700
10.953700
10.953700
10.953700
10.953600
10.953600
10.953600
10.953600
10.953600
10.953600
10.953600
10.953600
10.953500
10.953500
10.953500
10.953500
10.953500
10.953500
10.953500
10.953400
10.953400
10.953400
10.953400
10.953400
10.953400
10.953400
10.953400
10.953300
10.953300
10.953300
10.953300
10.953300
10.953300
10.953300
10.953300
10.953200
10.953200
10.953200
10.953200
10.953200
10.953200
10.953200
10.953100
10.953100
10.953100
10.953100
10.953100
10.953100
10.953100
10.953100
10.953000
10.953000
10.953000
10.953000
10.953000
10.953000
10.953000
10.953000
10.952900
10.952900
10.952900
10.952900
10.952900
10.952900
10.952900
10.952800
10.952800
10.952800
10.952800
10.952800
10.952800
10.952800
10.952800
10.952700
10.952700
10.952700
10.952700
10.952700
10.952700
10.952700
10.952600
10.952600
10.952600
10.952600
10.952600
10.952600
10.952600
10.952600
10.952500
10.952500
10.952500
10.952500
10.952500
10.952500
10.952500
10.952500
10.952400
10.952400
10.952400
10.952400
10.952400
10.952400
10.952400
10.952300
10.952300
10.952300
10.952300
10.952300
10.952300
10.952300
10.952300
10.952200
10.952200
10.952200
10.952200
10.952200
10.952200
10.952200
10.952100
10.952100
10.952100
10.952100
10.952100
10.952100
10.952100
10.952100
10.952000
10.952000
10.952000
10.952000
10.952000
10.952000
10.952000
10.951900
10.951900
10.951900
10.951900
10.951900
10.951900
10.951900
10.951900
10.951800
10.951800
10.951800
10.951800
10.951800
10.951800
10.951800
10.951700
10.951700
10.951700
10.951700
10.951700
10.951700
10.951700
10.951700
10.951600
10.951600
10.951600
10.951600
10.951600
10.951600
10.951600
10.951600
10.951500
10.951500
10.951500
10.951500
10.951500
10.951500
10.951500
10.951400
10.951400
10.951400
10.951400
10.951400
10.951400
10.951400
10.951400
10.951300
10.951300
10.951300
10.951300
10.951300
10.951300
10.951300
10.951200
10.951200
10.951200
10.951200
10.951200
10.951200
10.951200
10.951200
10.951100
10.951100
10.951100
10.951100
10.951100
10.951100
10.951100
10.951000
10.951000
10.951000
10.951000
10.951000
10.951000
10.953500
10.954400
10.954400
10.954300
10.954200
10.954100
10.954100
10.954000
10.953900
10.953800
10.953800
10.953700
10.953700
10.953600
10.953600
10.953500
10.953500
10.953500
10.953400
10.953400
10.953400
10.953300
10.953300
10.953300
10.953300
10.953300
10.953300
10.953300
10.953300
10.953400
10.953400
10.953400
10.953400
10.953500
10.953500
10.953500
10.953600
10.953600
10.953600
10.953700
10.953700
10.953800
10.953800
10.953900
10.953900
10.953900
10.954000
10.954000
10.954100
10.954100
10.954200
10.954300
10.954300
10.954400
10.954400
10.954500
10.954500
10.954600
10.954600
10.954700
10.954700
10.954800
10.954900
10.954900
10.955000
10.955000
10.955100
10.955100
10.955200
10.955200
10.955300
10.955300
10.955400
10.955400
10.955500
10.955600
10.955600
10.955700
10.955700
10.955800
10.955800
10.955900
10.955900
10.956000
10.956000
10.956000
10.956100
10.956100
10.956200
10.956200
10.956300
10.956300
10.956400
10.956400
10.956500
10.956500
10.956500
10.956600
10.956600
10.956700
10.956700
10.956700
10.956800
10.956800
10.956900
10.956900
10.956900
10.957000
10.957000
10.957000
10.957100
10.957100
10.957100
10.957200
10.957200
10.957200
10.957300
10.957300
10.957300
10.957400
10.957400
10.957400
10.957400
10.957500
10.957500
10.957500
10.957600
10.957600
10.957600
10.957600
10.957700
10.957700
10.957700
10.957700
10.957800
10.957800
10.957800
10.957800
10.957900
10.957900
10.957900
10.957900
10.958000
10.958000
10.958000
10.958000
10.958000
10.958100
10.958100
10.958100
10.958100
10.958100
10.958200
10.958200
10.958200
10.958200
10.958200
10.958200
10.958300
10.958300
10.958300
10.958300
10.958300
10.958300
10.958400
10.958400
10.958400
10.958400
10.958400
10.958400
10.958400
10.958500
10.958500
10.958500
10.958500
10.958500
10.958500
10.958500
10.958500
10.958500
10.958600
10.958600
10.958600
10.958600
10.958600
10.958600
10.958600
10.958600
10.958600
10.958700
10.958700
10.958700
10.958700
10.958700
10.958700
10.958700
10.958700
10.958700
10.958700
10.958700
10.958700
10.958700
10.958800
10.958800
10.958800
10.958800
10.958800
10.958800
10.958800
10.958800
10.958800
10.958800
10.958800
10.958800
10.958800
10.958800
10.958800
10.958800
10.958800
10.958800
10.958900
10.958900
10.958900
10.958900
10.958900
10.958900
10.958900
10.958900
10.958900
10.958900
10.958900
10.958900
10.958900
10.958900
10.958900
10.958900
10.958900
10.958900
10.958900
10.958900
10.958900
10.958900
10.958900
10.958900
10.958900
10.958900
10.958900
10.958900
10.958900
10.958900
10.958900
10.958900
10.958900
10.958900
10.958900
10.958900
10.958900
10.958900
10.958900
10.958900
10.958900
10.958900
10.958900
10.958900
10.958900
10.958900
10.958900
10.958900
10.958900
10.958900
10.958900
10.958900
10.958900
10.958900
10.958900
10.958900
10.958900
10.958900
10.958900
10.958900
10.958900
10.958900
10.958900
10.958900
10.958900
10.958900
10.958900
10.958900
10.958900
10.958900
10.958900
10.958900
10.958900
10.958900
10.958900
10.958800
10.958800
10.958800
10.958800
10.958800
10.958800
10.958800
10.958800
10.958800
10.958800
10.958800
10.958800
10.958800
10.958800
10.958800
10.958800
10.958800
10.958800
10.958800
10.958800
10.958800
10.958800
10.958800
10.958800
10.958700
10.958700
10.958700
10.958700
10.958700
10.958700
10.958700
10.958700
10.958700
10.958700
10.958700
10.958700
10.958700
10.958700
10.958700
10.958700
10.958700
10.958700
10.958600
10.958600
10.958600
10.958600
10.958600
10.958600
10.958600
10.958600
10.958600
10.958600
10.958600
10.958600
10.958600
10.958600
10.958600
10.958600
10.958500
10.958500
10.958500
10.958500
10.958500
10.958500
10.958500
10.958500
10.958500
10.958500
10.958500
10.958500
10.958500
10.958500
10.958500
10.958400
10.958400
10.958400
10.958400
10.958400
10.958400
10.958400
10.958400
10.958400
10.958400
10.958400
10.958400
10.958400
10.958300
10.958300
10.958300
10.958300
10.958300
10.958300
10.958300
10.958300
10.958300
10.958300
10.958300
10.958300
10.958300
10.958200
10.958200
10.958200
10.958200
10.958200
10.958200
10.958200
10.958200
10.958200
10.958200
10.958200
10.958200
10.958100
10.958100
10.958100
10.958100
10.958100
10.958100
10.958100
10.958100
10.958100
10.958100
10.958100
10.958000
10.958000
10.958000
10.958000
10.958000
10.958000
10.958000
10.958000
10.958000
10.958000
10.958000
10.957900
10.957900
10.957900
10.957900
10.957900
10.957900
10.957900
10.957900
10.957900
10.957900
10.957900
10.957800
10.957800
10.957800
10.957800
10.957800
10.957800
10.957800
10.957800
10.957800
10.957800
10.957800
10.957700
10.957700
10.957700
10.957700
10.957700
10.957700
10.957700
10.957700
10.957700
10.957700
10.957600
10.957600
10.957600
10.957600
10.957600
10.957600
10.957600
10.957600
10.957600
10.957600
10.957500
10.957500
10.957500
10.957500
10.957500
10.957500
10.957500
10.957500
10.957500
10.957500
10.957400
10.957400
10.957400
10.957400
10.957400
10.957400
10.957400
10.957400
10.957400
10.957300
10.957300
10.957300
10.957300
10.957300
10.957300
10.957300
10.957300
10.957300
10.957300
10.957200
10.957200
10.957200
10.957200
10.957200
10.957200
10.957200
10.957200
10.957200
10.957100
10.957100
10.957100
10.957100
10.957100
10.957100
10.957100
10.957100
10.957100
10.957100
10.957000
10.957000
10.957000
10.957000
10.957000
10.957000
10.957000
10.957000
10.957000
10.956900
10.956900
10.956900
10.956900
10.956900
10.956900
10.956900
10.956900
10.956900
10.956800
10.956800
10.956800
10.956800
10.956800
10.956800
10.956800
10.956800
10.956800
10.956700
10.956700
10.956700
10.956700
10.956700
10.956700
10.956700
10.956700
10.956700
10.956600
10.956600
10.956600
10.956600
10.956600
10.956600
10.956600
10.956600
10.956500
10.956500
10.956500
10.956500
10.956500
10.956500
10.956500
10.956500
10.956500
10.956400
10.956400
10.956400
10.956400
10.956400
10.956400
10.956400
10.956400
10.956400
10.956300
10.956300
10.956300
10.956300
10.956300
10.956300
10.956300
10.956300
10.956200
10.956200
10.956200
10.956200
10.956200
10.956200
10.956200
10.956200
10.956200
10.956100
10.956100
10.956100
10.956100
10.956100
10.956100
10.956100
10.956100
10.956000
10.956000
10.956000
10.956000
10.956000
10.956000
10.956000
10.956000
10.956000
10.955900
10.955900
10.955900
10.955900
10.955900
10.955900
10.955900
10.955900
10.955800
10.955800
10.955800
10.955800
10.955800
10.955800
10.955800
10.955800
10.955700
10.955700
10.955700
10.955700
10.955700
10.955700
10.955700
10.955700
10.955600
10.955600
10.955600
10.955600
10.955600
10.955600
10.955600
10.955600
10.955600
10.955500
10.955500
10.955500
10.955500
10.955500
10.955500
10.955500
10.955500
10.955400
10.955400
10.955400
10.955400
10.955400
10.955400
10.955400
10.955400
10.955300
10.955300
10.955300
10.955300
10.955300
10.955300
10.955300
10.955300
10.955200
10.955200
10.955200
10.955200
10.955200
10.955200
10.955200
10.955200
10.955100
10.955100
10.955100
10.955100
10.955100
10.955100
10.955100
10.955100
10.955000
10.955000
10.955000
10.955000
10.955000
10.955000
10.955000
10.955000
10.954900
10.954900
10.954900
10.954900
10.954900
10.954900
10.954900
10.954900
10.954800
10.954800
10.954800
10.954800
10.954800
10.954800
10.954800
10.954800
10.954700
10.954700
10.954700
10.954700
10.954700
10.954700
10.954700
10.954700
10.954600
10.954600
10.954600
10.954600
10.954600
10.954600
10.954600
10.954600
10.954500
10.954500
10.954500
10.954500
10.954500
10.954500
10.954500
10.954500
10.954400
10.954400
10.954400
10.954400
10.954400
10.954400
10.954400
10.954400
10.954300
10.954300
10.954300
10.954300
10.954300
10.954300
10.954300
10.954200
10.954200
10.954200
10.954200
10.954200
10.954200
10.954200
10.954200
10.954100
10.954100
10.954100
10.954100
10.954100
10.954100
10.954100
10.954100
10.954000
10.954000
10.954000
10.954000
10.954000
10.954000
10.954000
10.954000
10.953900
10.953900
10.953900
10.953900
10.953900
10.953900
10.953900
10.953800
10.953800
10.953800
10.953800
10.953800
10.953800
10.953800
10.953800
10.953700
10.953700
10.953700
10.953700
10.953700
10.953700
10.953700
10.953700
10.953600
10.953600
10.953600
10.953600
10.953600
10.953600
10.953600
10.953600
10.953500
10.953500
10.953500
10.953500
10.953500
10.953500
10.953500
10.953400
10.953400
10.953400
10.953400
10.953400
10.953400
10.953400
10.953400
10.953300
10.953300
10.953300
10.953300
10.953300
10.953300
10.953300
10.953300
10.953200
10.953200
10.953200
10.953200
10.953200
10.953200
10.953200
10.953100
10.953100
10.953100
10.953100
10.953100
10.953100
10.953100
10.953100
10.953000
10.953000
10.953000
10.953000
10.953000
10.953000
10.953000
10.953000
10.952900
10.952900
10.952900
10.952900
10.952900
10.952900
10.952900
10.952800
10.952800
10.952800
10.952800
10.952800
10.952800
10.952800
10.952800
10.952700
10.952700
10.952700
10.952700
10.952700
10.952700
10.952700
10.952700
10.952600
10.952600
10.952600
10.952600
10.952600
10.952600
10.952600
10.952500
10.952500
10.952500
10.952500
10.952500
10.952500
10.952500
10.952500
10.952400
10.952400
10.952400
10.952400
10.952400
10.952400
10.952400
10.952300
10.952300
10.952300
10.952300
10.952300
10.952300
10.952300
10.952300
10.952200
10.952200
10.952200
10.952200
10.952200
10.952200
10.952200
10.952100
10.952100
10.952100
10.952100
10.952100
10.952100
10.952100
10.952100
10.952000
10.952000
10.952000
10.952000
10.952000
10.952000
10.952000
10.952000
10.951900
10.951900
10.951900
10.951900
10.951900
10.951900
10.951900
10.951800
10.951800
10.951800
10.951800
10.951800
10.951800
10.951800
10.951800
10.951700
10.951700
10.951700
10.951700
10.951700
10.951700
10.951700
10.951600
10.951600
10.951600
10.951600
10.951600
10.951600
10.951600
10.951600
10.951500
10.951500
10.951500
10.951500
10.951500
10.951500
10.951500
10.951400
10.951400
10.951400
10.951400
10.951400
10.951400
10.951400
10.951400
10.951300
10.951300
10.951300
10.951300
10.951300
10.951300
10.951300
10.951200
10.951200
10.951200
10.951200
10.951200
10.951200
10.951200
10.951200
10.951100
10.951100
10.951100
10.951100
10.951100
10.951100
10.951100
10.951000
