0.091968
0.092062
0.092433
0.093290
0.095097
0.099421
0.360803
0.348621
0.341674
0.372302
0.428340
0.526024
0.659218
0.789300
0.899995
0.989028
1.058810
1.112440
1.152790
1.182560
1.204270
1.220160
1.231930
1.240520
1.246150
1.248600
1.247770
1.244100
1.238450
1.231710
1.224480
1.217110
1.209710
1.202320
1.194920
1.187510
1.180060
1.172570
1.165030
1.157450
1.149820
1.142140
1.134420
1.126670
1.118880
1.111060
1.103210
1.095340
1.087460
1.079550
1.071640
1.063710
1.055790
1.047860
1.039930
1.032010
1.024100
1.016210
1.008320
1.000450
0.992600
0.984770
0.976963
0.969180
0.961423
0.953694
0.945995
0.938326
0.930690
0.923087
0.915520
0.907988
0.900494
0.893038
0.885621
0.878244
0.870908
0.863614
0.856363
0.849155
0.841990
0.834871
0.827797
0.820768
0.813786
0.806851
0.799964
0.793123
0.786332
0.779588
0.772894
0.766248
0.759653
0.753107
0.746611
0.740165
0.733770
0.727425
0.721131
0.714888
0.708696
0.702556
0.696466
0.690428
0.684441
0.678505
0.672621
0.666789
0.661008
0.655278
0.649600
0.643973
0.638397
0.632873
0.627400
0.621978
0.616607
0.611286
0.606017
0.600798
0.595629
0.590511
0.585442
0.580424
0.575455
0.570536
0.565667
0.560846
0.556074
0.551351
0.546676
0.542049
0.537471
0.532939
0.528455
0.524019
0.519629
0.515285
0.510988
0.506736
0.502530
0.498369
0.494253
0.490181
0.486154
0.482171
0.478231
0.474335
0.470481
0.466669
0.462900
0.459173
0.455487
0.451842
0.448237
0.444673
0.441149
0.437665
0.434219
0.430813
0.427444
0.424114
0.420822
0.417566
0.414348
0.411166
0.408020
0.404911
0.401836
0.398796
0.395791
0.392820
0.389884
0.386980
0.384110
0.381272
0.378467
0.375694
0.372952
0.370242
0.367563
0.364914
0.362295
0.359706
0.357147
0.354617
0.352115
0.349642
0.347197
0.344780
0.342390
0.340028
0.337692
0.335382
0.333099
0.330841
0.328609
0.326402
0.324220
0.322062
0.319928
0.317819
0.315733
0.313670
0.311630
0.309613
0.307619
0.305646
0.303696
0.301767
0.299859
0.297972
0.296107
0.294261
0.292436
0.290631
0.288846
0.287080
0.285333
0.283606
0.281897
0.280207
0.278534
0.276880
0.275244
0.273626
0.272024
0.270440
0.268873
0.267323
0.265789
0.264271
0.262770
0.261284
0.259814
0.258360
0.256921
0.255497
0.254088
0.252694
0.251314
0.249949
0.248597
0.247260
0.245937
0.244627
0.243331
0.242048
0.240779
0.239522
0.238278
0.237047
0.235829
0.234623
0.233429
0.232247
0.231077
0.229919
0.228773
0.227638
0.226514
0.225402
0.224301
0.223211
0.222131
0.221062
0.220004
0.218957
0.217919
0.216892
0.215875
0.214868
0.213871
0.212884
0.211906
0.210937
0.209978
0.209029
0.208088
0.207157
0.206234
0.205321
0.204416
0.203520
0.202632
0.201753
0.200882
0.200019
0.199165
0.198319
0.197480
0.196650
0.195827
0.195012
0.194205
0.193405
0.192613
0.191828
0.191051
0.190280
0.189517
0.188760
0.188011
0.187269
0.186533
0.185804
0.185082
0.184366
0.183657
0.182955
0.182258
0.181568
0.180885
0.180207
0.179535
0.178870
0.178210
0.177557
0.176909
0.176267
0.175631
0.175000
0.174375
0.173755
0.173141
0.172532
0.171929
0.171331
0.170738
0.170151
0.169568
0.168991
0.168418
0.167851
0.167288
0.166730
0.166178
0.165629
0.165086
0.164547
0.164013
0.163484
0.162958
0.162438
0.161922
0.161410
0.160902
0.160399
0.159900
0.159406
0.158915
0.158428
0.157946
0.157468
0.156993
0.156523
0.156056
0.155594
0.155135
0.154680
0.154229
0.153781
0.153337
0.152897
0.152460
0.152027
0.151598
0.151172
0.150749
0.150330
0.149914
0.149502
0.149093
0.148687
0.148284
0.147885
0.147489
0.147096
0.146707
0.146320
0.145936
0.145556
0.145178
0.144804
0.144432
0.144064
0.143698
0.143335
0.142975
0.142618
0.142264
0.141913
0.141564
0.141218
0.140874
0.140534
0.140196
0.139860
0.139527
0.139197
0.138869
0.138544
0.138221
0.137901
0.137583
0.137268
0.136955
0.136645
0.136336
0.136031
0.135727
0.135426
0.135127
0.134830
0.134536
0.134244
0.133954
0.133666
0.133380
0.133097
0.132815
0.132536
0.132259
0.131984
0.131711
0.131440
0.131171
0.130904
0.130639
0.130375
0.130114
0.129855
0.129598
0.129342
0.129089
0.128837
0.128587
0.128339
0.128093
0.127848
0.127606
0.127365
0.127126
0.126888
0.126653
0.126419
0.126186
0.125956
0.125727
0.125500
0.125274
0.125050
0.124827
0.124607
0.124387
0.124170
0.123954
0.123739
0.123526
0.123314
0.123104
0.122896
0.122689
0.122483
0.122279
0.122076
0.121875
0.121675
0.121476
0.121279
0.121084
0.120889
0.120696
0.120505
0.120315
0.120126
0.119938
0.119752
0.119567
0.119383
0.119200
0.119019
0.118839
0.118661
0.118483
0.118307
0.118132
0.117958
0.117785
0.117614
0.117444
0.117275
0.117107
0.116940
0.116774
0.116610
0.116446
0.116284
0.116123
0.115963
0.115804
0.115646
0.115489
0.115334
0.115179
0.115025
0.114873
0.114721
0.114570
0.114421
0.114272
0.114125
0.113978
0.113833
0.113688
0.113544
0.113402
0.113260
0.113119
0.112980
0.112841
0.112703
0.112566
0.112430
0.112294
0.112160
0.112027
0.111894
0.111762
0.111632
0.111502
0.111373
0.111244
0.111117
0.110991
0.110865
0.110740
0.110616
0.110493
0.110370
0.110249
0.110128
0.110008
0.109889
0.109770
0.109652
0.109536
0.109419
0.109304
0.109189
0.109076
0.108962
0.108850
0.108738
0.108627
0.108517
0.108408
0.108299
0.108191
0.108083
0.107977
0.107870
0.107765
0.107661
0.107557
0.107453
0.107351
0.107249
0.107147
0.107047
0.106947
0.106847
0.106748
0.106650
0.106553
0.106456
0.106360
0.106264
0.106169
0.106075
0.105981
0.105888
0.105795
0.105703
0.105612
0.105521
0.105430
0.105341
0.105252
0.105163
0.105075
0.104988
0.104901
0.104814
0.104729
0.104643
0.104559
0.104474
0.104391
0.104308
0.104225
0.104143
0.104061
0.103980
0.103900
0.103820
0.103740
0.103661
0.103583
0.103505
0.103427
0.103350
0.103274
0.103197
0.103122
0.103047
0.102972
0.102898
0.102824
0.102751
0.102678
0.102606
0.102534
0.102462
0.102391
0.102321
0.102250
0.102181
0.102111
0.102043
0.101974
0.101906
0.101839
0.101772
0.101705
0.101639
0.101573
0.101507
0.101442
0.101377
0.101313
0.101249
0.101186
0.101123
0.101060
0.100998
0.100936
0.100874
0.100813
0.100752
0.100692
0.100632
0.100572
0.100513
0.100454
0.100395
0.100337
0.100279
0.100222
0.100164
0.100108
0.100051
0.099995
0.099939
0.099884
0.099829
0.099774
0.099720
0.099666
0.099612
0.099559
0.099505
0.099453
0.099400
0.099348
0.099296
0.099245
0.099194
0.099143
0.099092
0.099042
0.098992
0.098943
0.098893
0.098844
0.098795
0.098747
0.098699
0.098651
0.098603
0.098556
0.098509
0.098463
0.098416
0.098370
0.098324
0.098279
0.098233
0.098188
0.098144
0.098099
0.098055
0.098011
0.097967
0.097924
0.097881
0.097838
0.097796
0.097753
0.097711
0.097669
0.097628
0.097586
0.097545
0.097504
0.097464
0.097423
0.097383
0.097343
0.097304
0.097265
0.097225
0.097186
0.097148
0.097109
0.097071
0.097033
0.096996
0.096958
0.096921
0.096884
0.096847
0.096810
0.096774
0.096738
0.096702
0.096666
0.096630
0.096595
0.096560
0.096525
0.096491
0.096456
0.096422
0.096388
0.096354
0.096320
0.096287
0.096254
0.096221
0.096188
0.096155
0.096123
0.096091
0.096058
0.096027
0.095995
0.095963
0.095932
0.095901
0.095870
0.095839
0.095809
0.095779
0.095748
0.095718
0.095689
0.095659
0.095629
0.095600
0.095571
0.095542
0.095513
0.095485
0.095456
0.095428
0.095400
0.095372
0.095344
0.095317
0.095289
0.095262
0.095235
0.095208
0.095182
0.095155
0.095128
0.095102
0.095076
0.095050
0.095024
0.094999
0.094973
0.094948
0.094923
0.094898
0.094873
0.094848
0.094824
0.094799
0.094775
0.094751
0.094727
0.094703
0.094679
0.094655
0.094632
0.094609
0.094586
0.094563
0.094540
0.094517
0.094494
0.094472
0.094450
0.094427
0.094405
0.094383
0.094362
0.094340
0.094318
0.094297
0.094276
0.094255
0.094233
0.094213
0.094192
0.094171
0.094151
0.094130
0.094110
0.094090
0.094070
0.094050
0.094030
0.094010
0.093991
0.093971
0.093952
0.093933
0.093914
0.093895
0.093876
0.093857
0.093839
0.093820
0.093802
0.093783
0.093765
0.093747
0.093729
0.093711
0.093693
0.093676
0.093658
0.093641
0.093623
0.093606
0.093589
0.093572
0.093555
0.093538
0.093522
0.093505
0.093489
0.093472
0.093456
0.093440
0.093423
0.093408
0.093392
0.093376
0.093360
0.093344
0.093329
0.093313
0.093298
0.093283
0.093268
0.093253
0.093238
0.093223
0.093208
0.093193
0.093178
0.093164
0.093150
0.093135
0.093121
0.093107
0.093093
0.093078
0.093065
0.093051
0.093037
0.093023
0.093010
0.092996
0.092983
0.092969
0.092956
0.092943
0.092930
0.092917
0.092904
0.092891
0.092878
0.092865
0.092853
0.092840
0.092828
0.092815
0.092803
0.092791
0.092778
0.092766
0.092754
0.092742
0.092730
0.092719
0.092707
0.092695
0.092684
0.092672
0.092661
0.092649
0.092638
0.092627
0.092616
0.092605
0.092593
0.092582
0.092572
0.092561
0.092550
0.092539
0.092528
0.092518
0.092507
0.092497
0.092487
0.092476
0.092466
0.092456
0.092446
0.092436
0.092426
0.092416
0.092406
0.092396
0.092386
0.092377
0.092367
0.092357
0.092348
0.092338
0.092329
0.092319
0.092310
0.092301
0.092292
0.092283
0.092274
0.092265
0.092256
0.092247
0.092238
0.092229
0.092220
0.092212
0.092203
0.092195
0.092186
0.092178
0.092169
0.092161
0.092153
0.092144
0.092136
0.092128
0.092120
0.092112
0.092104
0.092096
0.092088
0.092080
0.092072
0.092065
0.092057
0.092049
0.092042
0.092034
0.092027
0.092019
0.092012
0.092004
0.091997
0.091990
0.091983
0.091975
0.091968
0.092062
0.092433
0.093290
0.095098
0.099423
0.360902
0.348645
0.341702
0.372335
0.428382
0.526086
0.659287
0.789358
0.900045
0.989071
1.058850
1.112480
1.152830
1.182590
1.204300
1.220190
1.231950
1.240550
1.246180
1.248630
1.247810
1.244140
1.238490
1.231740
1.224520
1.217140
1.209750
1.202360
1.194960
1.187550
1.180100
1.172610
1.165070
1.157490
1.149860
1.142180
1.134460
1.126710
1.118920
1.111100
1.103250
1.095380
1.087490
1.079590
1.071670
1.063750
1.055820
1.047900
1.039970
1.032050
1.024140
1.016240
1.008360
1.000490
0.992638
0.984807
0.977000
0.969217
0.961460
0.953731
0.946031
0.938362
0.930726
0.923123
0.915555
0.908024
0.900529
0.893073
0.885656
0.878279
0.870943
0.863649
0.856397
0.849189
0.842024
0.834905
0.827830
0.820802
0.813819
0.806884
0.799996
0.793156
0.786364
0.779620
0.772926
0.766280
0.759684
0.753138
0.746642
0.740196
0.733800
0.727456
0.721161
0.714918
0.708726
0.702585
0.696495
0.690457
0.684470
0.678534
0.672650
0.666817
0.661036
0.655306
0.649627
0.644000
0.638424
0.632900
0.627426
0.622004
0.616633
0.611312
0.606042
0.600823
0.595654
0.590535
0.585467
0.580448
0.575480
0.570560
0.565690
0.560869
0.556097
0.551374
0.546699
0.542072
0.537493
0.532962
0.528478
0.524041
0.519650
0.515307
0.511009
0.506757
0.502551
0.498390
0.494274
0.490202
0.486174
0.482191
0.478251
0.474354
0.470500
0.466689
0.462919
0.459192
0.455505
0.451860
0.448256
0.444692
0.441167
0.437682
0.434237
0.430830
0.427462
0.424131
0.420839
0.417583
0.414365
0.411183
0.408037
0.404927
0.401852
0.398812
0.395807
0.392836
0.389899
0.386995
0.384125
0.381287
0.378482
0.375708
0.372967
0.370256
0.367577
0.364928
0.362309
0.359720
0.357160
0.354630
0.352128
0.349655
0.347210
0.344793
0.342403
0.340040
0.337704
0.335395
0.333111
0.330853
0.328621
0.326414
0.324231
0.322073
0.319940
0.317830
0.315744
0.313681
0.311641
0.309624
0.307629
0.305657
0.303706
0.301777
0.299869
0.297982
0.296116
0.294271
0.292446
0.290641
0.288855
0.287089
0.285342
0.283615
0.281906
0.280215
0.278543
0.276889
0.275253
0.273634
0.272033
0.270449
0.268882
0.267331
0.265797
0.264280
0.262778
0.261292
0.259822
0.258368
0.256929
0.255505
0.254096
0.252701
0.251322
0.249956
0.248605
0.247268
0.245944
0.244635
0.243338
0.242055
0.240786
0.239529
0.238285
0.237054
0.235836
0.234629
0.233435
0.232254
0.231084
0.229925
0.228779
0.227644
0.226520
0.225408
0.224307
0.223217
0.222137
0.221068
0.220010
0.218963
0.217925
0.216898
0.215881
0.214874
0.213877
0.212889
0.211911
0.210943
0.209984
0.209034
0.208093
0.207162
0.206239
0.205326
0.204421
0.203525
0.202637
0.201758
0.200887
0.200024
0.199170
0.198324
0.197485
0.196655
0.195832
0.195017
0.194210
0.193410
0.192618
0.191833
0.191055
0.190284
0.189521
0.188765
0.188015
0.187273
0.186537
0.185808
0.185086
0.184370
0.183661
0.182959
0.182262
0.181572
0.180888
0.180211
0.179539
0.178874
0.178214
0.177560
0.176913
0.176271
0.175634
0.175004
0.174378
0.173759
0.173145
0.172536
0.171933
0.171335
0.170742
0.170154
0.169571
0.168994
0.168422
0.167854
0.167291
0.166734
0.166181
0.165633
0.165089
0.164550
0.164016
0.163487
0.162962
0.162441
0.161925
0.161413
0.160905
0.160402
0.159903
0.159408
0.158918
0.158431
0.157949
0.157470
0.156996
0.156526
0.156059
0.155596
0.155138
0.154682
0.154231
0.153784
0.153340
0.152899
0.152463
0.152030
0.151600
0.151174
0.150751
0.150332
0.149917
0.149504
0.149095
0.148689
0.148287
0.147888
0.147491
0.147099
0.146709
0.146322
0.145939
0.145558
0.145181
0.144806
0.144435
0.144066
0.143700
0.143338
0.142978
0.142621
0.142266
0.141915
0.141566
0.141220
0.140876
0.140536
0.140198
0.139862
0.139529
0.139199
0.138871
0.138546
0.138223
0.137903
0.137585
0.137270
0.136957
0.136647
0.136338
0.136032
0.135729
0.135428
0.135129
0.134832
0.134538
0.134246
0.133956
0.133668
0.133382
0.133099
0.132817
0.132538
0.132261
0.131986
0.131712
0.131441
0.131172
0.130905
0.130640
0.130377
0.130116
0.129857
0.129599
0.129344
0.129090
0.128839
0.128589
0.128341
0.128094
0.127850
0.127607
0.127366
0.127127
0.126890
0.126654
0.126420
0.126188
0.125957
0.125728
0.125501
0.125275
0.125051
0.124829
0.124608
0.124389
0.124171
0.123955
0.123740
0.123527
0.123316
0.123106
0.122897
0.122690
0.122484
0.122280
0.122077
0.121876
0.121676
0.121478
0.121281
0.121085
0.120891
0.120698
0.120506
0.120316
0.120127
0.119939
0.119753
0.119568
0.119384
0.119202
0.119020
0.118840
0.118662
0.118484
0.118308
0.118133
0.117959
0.117787
0.117615
0.117445
0.117276
0.117108
0.116941
0.116775
0.116611
0.116448
0.116285
0.116124
0.115964
0.115805
0.115647
0.115490
0.115335
0.115180
0.115026
0.114874
0.114722
0.114571
0.114422
0.114273
0.114126
0.113979
0.113834
0.113689
0.113545
0.113403
0.113261
0.113120
0.112980
0.112842
0.112704
0.112567
0.112430
0.112295
0.112161
0.112027
0.111895
0.111763
0.111632
0.111503
0.111373
0.111245
0.111118
0.110991
0.110866
0.110741
0.110617
0.110494
0.110371
0.110249
0.110129
0.110009
0.109889
0.109771
0.109653
0.109536
0.109420
0.109305
0.109190
0.109076
0.108963
0.108851
0.108739
0.108628
0.108518
0.108408
0.108299
0.108191
0.108084
0.107977
0.107871
0.107766
0.107661
0.107557
0.107454
0.107351
0.107249
0.107148
0.107047
0.106947
0.106848
0.106749
0.106651
0.106553
0.106457
0.106360
0.106265
0.106170
0.106075
0.105981
0.105888
0.105796
0.105704
0.105612
0.105521
0.105431
0.105341
0.105252
0.105164
0.105076
0.104988
0.104901
0.104815
0.104729
0.104644
0.104559
0.104475
0.104391
0.104308
0.104226
0.104143
0.104062
0.103981
0.103900
0.103820
0.103741
0.103662
0.103583
0.103505
0.103428
0.103351
0.103274
0.103198
0.103122
0.103047
0.102972
0.102898
0.102825
0.102751
0.102678
0.102606
0.102534
0.102463
0.102392
0.102321
0.102251
0.102181
0.102112
0.102043
0.101975
0.101907
0.101839
0.101772
0.101705
0.101639
0.101573
0.101508
0.101442
0.101378
0.101313
0.101250
0.101186
0.101123
0.101060
0.100998
0.100936
0.100875
0.100813
0.100753
0.100692
0.100632
0.100572
0.100513
0.100454
0.100396
0.100337
0.100279
0.100222
0.100165
0.100108
0.100052
0.099995
0.099940
0.099884
0.099829
0.099774
0.099720
0.099666
0.099612
0.099559
0.099506
0.099453
0.099401
0.099348
0.099297
0.099245
0.099194
0.099143
0.099093
0.099042
0.098992
0.098943
0.098893
0.098844
0.098796
0.098747
0.098699
0.098651
0.098604
0.098557
0.098509
0.098463
0.098416
0.098370
0.098324
0.098279
0.098234
0.098189
0.098144
0.098100
0.098055
0.098011
0.097968
0.097924
0.097881
0.097838
0.097796
0.097753
0.097711
0.097669
0.097628
0.097587
0.097545
0.097505
0.097464
0.097424
0.097384
0.097344
0.097304
0.097265
0.097226
0.097187
0.097148
0.097110
0.097072
0.097033
0.096996
0.096958
0.096921
0.096884
0.096847
0.096810
0.096774
0.096738
0.096702
0.096666
0.096631
0.096595
0.096560
0.096526
0.096491
0.096456
0.096422
0.096388
0.096354
0.096321
0.096287
0.096254
0.096221
0.096188
0.096155
0.096123
0.096091
0.096059
0.096027
0.095995
0.095964
0.095932
0.095901
0.095870
0.095840
0.095809
0.095779
0.095749
0.095718
0.095689
0.095659
0.095630
0.095600
0.095571
0.095542
0.095514
0.095485
0.095457
0.095428
0.095400
0.095372
0.095345
0.095317
0.095290
0.095262
0.095235
0.095208
0.095182
0.095155
0.095129
0.095102
0.095076
0.095050
0.095024
0.094999
0.094973
0.094948
0.094923
0.094898
0.094873
0.094848
0.094824
0.094799
0.094775
0.094751
0.094727
0.094703
0.094679
0.094656
0.094632
0.094609
0.094586
0.094563
0.094540
0.094517
0.094494
0.094472
0.094450
0.094427
0.094405
0.094383
0.094362
0.094340
0.094318
0.094297
0.094276
0.094255
0.094234
0.094213
0.094192
0.094171
0.094151
0.094130
0.094110
0.094090
0.094070
0.094050
0.094030
0.094011
0.093991
0.093972
0.093952
0.093933
0.093914
0.093895
0.093876
0.093857
0.093839
0.093820
0.093802
0.093784
0.093765
0.093747
0.093729
0.093711
0.093694
0.093676
0.093658
0.093641
0.093624
0.093606
0.093589
0.093572
0.093555
0.093539
0.093522
0.093505
0.093489
0.093472
0.093456
0.093440
0.093424
0.093408
0.093392
0.093376
0.093360
0.093344
0.093329
0.093313
0.093298
0.093283
0.093268
0.093253
0.093238
0.093223
0.093208
0.093193
0.093178
0.093164
0.093150
0.093135
0.093121
0.093107
0.093093
0.093079
0.093065
0.093051
0.093037
0.093023
0.093010
0.092996
0.092983
0.092969
0.092956
0.092943
0.092930
0.092917
0.092904
0.092891
0.092878
0.092865
0.092853
0.092840
0.092828
0.092815
0.092803
0.092791
0.092779
0.092766
0.092754
0.092742
0.092731
0.092719
0.092707
0.092695
0.092684
0.092672
0.092661
0.092649
0.092638
0.092627
0.092616
0.092605
0.092593
0.092582
0.092572
0.092561
0.092550
0.092539
0.092529
0.092518
0.092507
0.092497
0.092487
0.092476
0.092466
0.092456
0.092446
0.092436
0.092426
0.092416
0.092406
0.092396
0.092386
0.092377
0.092367
0.092357
0.092348
0.092338
0.092329
0.092320
0.092310
0.092301
0.092292
0.092283
0.092274
0.092265
0.092256
0.092247
0.092238
0.092229
0.092220
0.092212
0.092203
0.092195
0.092186
0.092178
0.092169
0.092161
0.092153
0.092144
0.092136
0.092128
0.092120
0.092112
0.092104
0.092096
0.092088
0.092080
0.092072
0.092065
0.092057
0.092049
0.092042
0.092034
0.092027
0.092019
0.092012
0.092004
0.091997
0.091990
0.091983
0.091975
0.091968
0.092062
0.092433
0.093290
0.095098
0.099423
0.360890
0.348635
0.341693
0.372327
0.428370
0.526073
0.659275
0.789346
0.900034
0.989061
1.058840
1.112470
1.152820
1.182580
1.204290
1.220180
1.231950
1.240540
1.246170
1.248620
1.247790
1.244120
1.238460
1.231720
1.224500
1.217130
1.209730
1.202340
1.194950
1.187530
1.180090
1.172600
1.165060
1.157470
1.149840
1.142160
1.134450
1.126690
1.118900
1.111080
1.103240
1.095370
1.087480
1.079570
1.071660
1.063740
1.055810
1.047880
1.039960
1.032040
1.024130
1.016230
1.008340
1.000470
0.992622
0.984792
0.976984
0.969201
0.961444
0.953715
0.946016
0.938347
0.930711
0.923108
0.915540
0.908008
0.900514
0.893058
0.885641
0.878264
0.870928
0.863634
0.856382
0.849174
0.842010
0.834890
0.827816
0.820787
0.813805
0.806870
0.799982
0.793142
0.786350
0.779606
0.772912
0.766266
0.759671
0.753125
0.746629
0.740183
0.733787
0.727442
0.721148
0.714905
0.708713
0.702572
0.696483
0.690444
0.684457
0.678522
0.672637
0.666805
0.661024
0.655294
0.649615
0.643988
0.638413
0.632888
0.627415
0.621993
0.616621
0.611301
0.606031
0.600812
0.595643
0.590525
0.585456
0.580438
0.575469
0.570550
0.565680
0.560859
0.556087
0.551364
0.546689
0.542062
0.537484
0.532952
0.528468
0.524031
0.519641
0.515297
0.511000
0.506748
0.502542
0.498381
0.494265
0.490193
0.486166
0.482182
0.478242
0.474346
0.470492
0.466680
0.462911
0.459184
0.455498
0.451852
0.448248
0.444684
0.441160
0.437675
0.434229
0.430823
0.427454
0.424124
0.420831
0.417576
0.414358
0.411176
0.408030
0.404920
0.401845
0.398805
0.395800
0.392829
0.389892
0.386989
0.384118
0.381281
0.378475
0.375702
0.372960
0.370250
0.367571
0.364922
0.362303
0.359714
0.357155
0.354624
0.352123
0.349650
0.347205
0.344787
0.342398
0.340035
0.337699
0.335389
0.333106
0.330848
0.328616
0.326409
0.324226
0.322068
0.319935
0.317825
0.315739
0.313676
0.311636
0.309619
0.307624
0.305652
0.303701
0.301772
0.299865
0.297978
0.296112
0.294267
0.292442
0.290636
0.288851
0.287085
0.285338
0.283611
0.281902
0.280212
0.278539
0.276885
0.275249
0.273630
0.272029
0.270445
0.268878
0.267328
0.265794
0.264276
0.262775
0.261289
0.259819
0.258365
0.256925
0.255502
0.254092
0.252698
0.251318
0.249953
0.248602
0.247264
0.245941
0.244631
0.243335
0.242052
0.240783
0.239526
0.238282
0.237051
0.235833
0.234626
0.233433
0.232251
0.231081
0.229923
0.228776
0.227641
0.226518
0.225405
0.224304
0.223214
0.222135
0.221066
0.220008
0.218960
0.217923
0.216896
0.215878
0.214871
0.213874
0.212887
0.211909
0.210940
0.209981
0.209032
0.208091
0.207160
0.206237
0.205324
0.204419
0.203522
0.202635
0.201756
0.200885
0.200022
0.199168
0.198321
0.197483
0.196653
0.195830
0.195015
0.194208
0.193408
0.192616
0.191831
0.191053
0.190282
0.189519
0.188763
0.188013
0.187271
0.186535
0.185806
0.185084
0.184369
0.183659
0.182957
0.182260
0.181570
0.180887
0.180209
0.179537
0.178872
0.178212
0.177559
0.176911
0.176269
0.175633
0.175002
0.174377
0.173757
0.173143
0.172534
0.171931
0.171333
0.170740
0.170152
0.169570
0.168992
0.168420
0.167853
0.167290
0.166732
0.166179
0.165631
0.165088
0.164549
0.164015
0.163485
0.162960
0.162440
0.161923
0.161412
0.160904
0.160401
0.159902
0.159407
0.158917
0.158430
0.157948
0.157469
0.156995
0.156524
0.156058
0.155595
0.155136
0.154681
0.154230
0.153782
0.153338
0.152898
0.152462
0.152029
0.151599
0.151173
0.150750
0.150331
0.149915
0.149503
0.149094
0.148688
0.148286
0.147887
0.147490
0.147098
0.146708
0.146321
0.145938
0.145557
0.145180
0.144805
0.144434
0.144065
0.143699
0.143337
0.142977
0.142620
0.142265
0.141914
0.141565
0.141219
0.140875
0.140535
0.140197
0.139861
0.139528
0.139198
0.138870
0.138545
0.138222
0.137902
0.137585
0.137269
0.136956
0.136646
0.136338
0.136032
0.135728
0.135427
0.135128
0.134831
0.134537
0.134245
0.133955
0.133667
0.133381
0.133098
0.132816
0.132537
0.132260
0.131985
0.131712
0.131441
0.131172
0.130905
0.130639
0.130376
0.130115
0.129856
0.129599
0.129343
0.129090
0.128838
0.128588
0.128340
0.128094
0.127849
0.127607
0.127366
0.127127
0.126889
0.126654
0.126420
0.126187
0.125957
0.125728
0.125500
0.125275
0.125051
0.124828
0.124607
0.124388
0.124170
0.123954
0.123740
0.123527
0.123315
0.123105
0.122896
0.122689
0.122484
0.122280
0.122077
0.121876
0.121676
0.121477
0.121280
0.121084
0.120890
0.120697
0.120506
0.120315
0.120126
0.119939
0.119752
0.119567
0.119384
0.119201
0.119020
0.118840
0.118661
0.118484
0.118308
0.118133
0.117959
0.117786
0.117615
0.117444
0.117275
0.117107
0.116941
0.116775
0.116610
0.116447
0.116285
0.116124
0.115964
0.115805
0.115647
0.115490
0.115334
0.115179
0.115026
0.114873
0.114722
0.114571
0.114421
0.114273
0.114125
0.113979
0.113833
0.113689
0.113545
0.113402
0.113261
0.113120
0.112980
0.112841
0.112703
0.112566
0.112430
0.112295
0.112161
0.112027
0.111895
0.111763
0.111632
0.111502
0.111373
0.111245
0.111118
0.110991
0.110865
0.110740
0.110616
0.110493
0.110371
0.110249
0.110128
0.110008
0.109889
0.109771
0.109653
0.109536
0.109420
0.109304
0.109190
0.109076
0.108963
0.108850
0.108739
0.108628
0.108517
0.108408
0.108299
0.108191
0.108084
0.107977
0.107871
0.107766
0.107661
0.107557
0.107454
0.107351
0.107249
0.107148
0.107047
0.106947
0.106848
0.106749
0.106651
0.106553
0.106456
0.106360
0.106264
0.106169
0.106075
0.105981
0.105888
0.105795
0.105703
0.105612
0.105521
0.105431
0.105341
0.105252
0.105163
0.105075
0.104988
0.104901
0.104815
0.104729
0.104644
0.104559
0.104475
0.104391
0.104308
0.104225
0.104143
0.104062
0.103981
0.103900
0.103820
0.103741
0.103662
0.103583
0.103505
0.103427
0.103350
0.103274
0.103198
0.103122
0.103047
0.102972
0.102898
0.102824
0.102751
0.102678
0.102606
0.102534
0.102462
0.102391
0.102321
0.102251
0.102181
0.102112
0.102043
0.101974
0.101907
0.101839
0.101772
0.101705
0.101639
0.101573
0.101507
0.101442
0.101378
0.101313
0.101249
0.101186
0.101123
0.101060
0.100998
0.100936
0.100874
0.100813
0.100752
0.100692
0.100632
0.100572
0.100513
0.100454
0.100395
0.100337
0.100279
0.100222
0.100165
0.100108
0.100051
0.099995
0.099940
0.099884
0.099829
0.099774
0.099720
0.099666
0.099612
0.099559
0.099506
0.099453
0.099400
0.099348
0.099296
0.099245
0.099194
0.099143
0.099092
0.099042
0.098992
0.098943
0.098893
0.098844
0.098796
0.098747
0.098699
0.098651
0.098604
0.098556
0.098509
0.098463
0.098416
0.098370
0.098324
0.098279
0.098234
0.098188
0.098144
0.098099
0.098055
0.098011
0.097968
0.097924
0.097881
0.097838
0.097796
0.097753
0.097711
0.097669
0.097628
0.097586
0.097545
0.097505
0.097464
0.097424
0.097383
0.097344
0.097304
0.097265
0.097225
0.097187
0.097148
0.097110
0.097071
0.097033
0.096996
0.096958
0.096921
0.096884
0.096847
0.096810
0.096774
0.096738
0.096702
0.096666
0.096631
0.096595
0.096560
0.096525
0.096491
0.096456
0.096422
0.096388
0.096354
0.096320
0.096287
0.096254
0.096221
0.096188
0.096155
0.096123
0.096091
0.096059
0.096027
0.095995
0.095963
0.095932
0.095901
0.095870
0.095839
0.095809
0.095779
0.095748
0.095718
0.095689
0.095659
0.095629
0.095600
0.095571
0.095542
0.095514
0.095485
0.095456
0.095428
0.095400
0.095372
0.095344
0.095317
0.095290
0.095262
0.095235
0.095208
0.095182
0.095155
0.095129
0.095102
0.095076
0.095050
0.095024
0.094999
0.094973
0.094948
0.094923
0.094898
0.094873
0.094848
0.094824
0.094799
0.094775
0.094751
0.094727
0.094703
0.094679
0.094656
0.094632
0.094609
0.094586
0.094563
0.094540
0.094517
0.094494
0.094472
0.094450
0.094427
0.094405
0.094383
0.094362
0.094340
0.094318
0.094297
0.094276
0.094255
0.094234
0.094213
0.094192
0.094171
0.094151
0.094130
0.094110
0.094090
0.094070
0.094050
0.094030
0.094010
0.093991
0.093972
0.093952
0.093933
0.093914
0.093895
0.093876
0.093857
0.093839
0.093820
0.093802
0.093783
0.093765
0.093747
0.093729
0.093711
0.093693
0.093676
0.093658
0.093641
0.093624
0.093606
0.093589
0.093572
0.093555
0.093539
0.093522
0.093505
0.093489
0.093472
0.093456
0.093440
0.093424
0.093408
0.093392
0.093376
0.093360
0.093344
0.093329
0.093313
0.093298
0.093283
0.093268
0.093253
0.093238
0.093223
0.093208
0.093193
0.093178
0.093164
0.093150
0.093135
0.093121
0.093107
0.093093
0.093078
0.093065
0.093051
0.093037
0.093023
0.093010
0.092996
0.092983
0.092969
0.092956
0.092943
0.092930
0.092917
0.092904
0.092891
0.092878
0.092865
0.092853
0.092840
0.092828
0.092815
0.092803
0.092791
0.092779
0.092766
0.092754
0.092742
0.092731
0.092719
0.092707
0.092695
0.092684
0.092672
0.092661
0.092649
0.092638
0.092627
0.092616
0.092605
0.092593
0.092582
0.092572
0.092561
0.092550
0.092539
0.092529
0.092518
0.092507
0.092497
0.092487
0.092476
0.092466
0.092456
0.092446
0.092436
0.092426
0.092416
0.092406
0.092396
0.092386
0.092377
0.092367
0.092357
0.092348
0.092338
0.092329
0.092319
0.092310
0.092301
0.092292
0.092283
0.092274
0.092265
0.092256
0.092247
0.092238
0.092229
0.092220
0.092212
0.092203
0.092195
0.092186
0.092178
0.092169
0.092161
0.092153
0.092144
0.092136
0.092128
0.092120
0.092112
0.092104
0.092096
0.092088
0.092080
0.092072
0.092065
0.092057
0.092049
0.092042
0.092034
0.092027
0.092019
0.092012
0.092004
0.091997
0.091990
0.091983
0.091975
0.091968
