11.340800
11.340800
11.340800
11.340700
11.340700
11.340900
11.343600
11.343800
11.343800
11.343700
11.343600
11.343500
11.343400
11.343300
11.343300
11.343200
11.343100
11.343100
11.343000
11.343000
11.342900
11.342900
11.342800
11.342800
11.342800
11.342700
11.342700
11.342700
11.342700
11.342700
11.342700
11.342700
11.342700
11.342700
11.342700
11.342700
11.342700
11.342800
11.342800
11.342800
11.342800
11.342900
11.342900
11.342900
11.343000
11.343000
11.343100
11.343100
11.343200
11.343200
11.343300
11.343300
11.343300
11.343400
11.343400
11.343500
11.343600
11.343600
11.343700
11.343700
11.343800
11.343800
11.343900
11.343900
11.344000
11.344100
11.344100
11.344200
11.344200
11.344300
11.344400
11.344400
11.344500
11.344500
11.344600
11.344600
11.344700
11.344800
11.344800
11.344900
11.344900
11.345000
11.345100
11.345100
11.345200
11.345200
11.345300
11.345300
11.345400
11.345500
11.345500
11.345600
11.345600
11.345700
11.345700
11.345800
11.345800
11.345900
11.345900
11.346000
11.346000
11.346100
11.346100
11.346200
11.346200
11.346300
11.346300
11.346400
11.346400
11.346500
11.346500
11.346600
11.346600
11.346700
11.346700
11.346700
11.346800
11.346800
11.346900
11.346900
11.347000
11.347000
11.347000
11.347100
11.347100
11.347200
11.347200
11.347200
11.347300
11.347300
11.347400
11.347400
11.347400
11.347500
11.347500
11.347500
11.347600
11.347600
11.347600
11.347700
11.347700
11.347800
11.347800
11.347800
11.347800
11.347900
11.347900
11.347900
11.348000
11.348000
11.348000
11.348100
11.348100
11.348100
11.348100
11.348200
11.348200
11.348200
11.348300
11.348300
11.348300
11.348300
11.348400
11.348400
11.348400
11.348400
11.348500
11.348500
11.348500
11.348500
11.348600
11.348600
11.348600
11.348600
11.348600
11.348700
11.348700
11.348700
11.348700
11.348700
11.348800
11.348800
11.348800
11.348800
11.348800
11.348900
11.348900
11.348900
11.348900
11.348900
11.348900
11.349000
11.349000
11.349000
11.349000
11.349000
11.349000
11.349100
11.349100
11.349100
11.349100
11.349100
11.349100
11.349100
11.349200
11.349200
11.349200
11.349200
11.349200
11.349200
11.349200
11.349200
11.349300
11.349300
11.349300
11.349300
11.349300
11.349300
11.349300
11.349300
11.349300
11.349400
11.349400
11.349400
11.349400
11.349400
11.349400
11.349400
11.349400
11.349400
11.349400
11.349400
11.349400
11.349500
11.349500
11.349500
11.349500
11.349500
11.349500
11.349500
11.349500
11.349500
11.349500
11.349500
11.349500
11.349500
11.349500
11.349500
11.349500
11.349600
11.349600
11.349600
11.349600
11.349600
11.349600
11.349600
11.349600
11.349600
11.349600
11.349600
11.349600
11.349600
11.349600
11.349600
11.349600
11.349600
11.349600
11.349600
11.349600
11.349600
11.349600
11.349600
11.349600
11.349600
11.349600
11.349600
11.349600
11.349600
11.349600
11.349600
11.349600
11.349600
11.349600
11.349600
11.349600
11.349600
11.349600
11.349600
11.349600
11.349600
11.349600
11.349600
11.349600
11.349600
11.349600
11.349600
11.349600
11.349600
11.349600
11.349600
11.349600
11.349600
11.349600
11.349600
11.349600
11.349600
11.349600
11.349600
11.349600
11.349600
11.349600
11.349600
11.349600
11.349600
11.349600
11.349600
11.349600
11.349600
11.349600
11.349600
11.349600
11.349600
11.349600
11.349600
11.349500
11.349500
11.349500
11.349500
11.349500
11.349500
11.349500
11.349500
11.349500
11.349500
11.349500
11.349500
11.349500
11.349500
11.349500
11.349500
11.349500
11.349500
11.349500
11.349500
11.349500
11.349500
11.349400
11.349400
11.349400
11.349400
11.349400
11.349400
11.349400
11.349400
11.349400
11.349400
11.349400
11.349400
11.349400
11.349400
11.349400
11.349400
11.349300
11.349300
11.349300
11.349300
11.349300
11.349300
11.349300
11.349300
11.349300
11.349300
11.349300
11.349300
11.349300
11.349300
11.349200
11.349200
11.349200
11.349200
11.349200
11.349200
11.349200
11.349200
11.349200
11.349200
11.349200
11.349200
11.349200
11.349100
11.349100
11.349100
11.349100
11.349100
11.349100
11.349100
11.349100
11.349100
11.349100
11.349100
11.349100
11.349000
11.349000
11.349000
11.349000
11.349000
11.349000
11.349000
11.349000
11.349000
11.349000
11.349000
11.349000
11.348900
11.348900
11.348900
11.348900
11.348900
11.348900
11.348900
11.348900
11.348900
11.348900
11.348800
11.348800
11.348800
11.348800
11.348800
11.348800
11.348800
11.348800
11.348800
11.348800
11.348800
11.348700
11.348700
11.348700
11.348700
11.348700
11.348700
11.348700
11.348700
11.348700
11.348600
11.348600
11.348600
11.348600
11.348600
11.348600
11.348600
11.348600
11.348600
11.348600
11.348500
11.348500
11.348500
11.348500
11.348500
11.348500
11.348500
11.348500
11.348500
11.348400
11.348400
11.348400
11.348400
11.348400
11.348400
11.348400
11.348400
11.348400
11.348300
11.348300
11.348300
11.348300
11.348300
11.348300
11.348300
11.348300
11.348300
11.348200
11.348200
11.348200
11.348200
11.348200
11.348200
11.348200
11.348200
11.348200
11.348100
11.348100
11.348100
11.348100
11.348100
11.348100
11.348100
11.348100
11.348100
11.348000
11.348000
11.348000
11.348000
11.348000
11.348000
11.348000
11.348000
11.347900
11.347900
11.347900
11.347900
11.347900
11.347900
11.347900
11.347900
11.347800
11.347800
11.347800
11.347800
11.347800
11.347800
11.347800
11.347800
11.347800
11.347700
11.347700
11.347700
11.347700
11.347700
11.347700
11.347700
11.347700
11.347600
11.347600
11.347600
11.347600
11.347600
11.347600
11.347600
11.347600
11.347500
11.347500
11.347500
11.347500
11.347500
11.347500
11.347500
11.347400
11.347400
11.347400
11.347400
11.347400
11.347400
11.347400
11.347400
11.347300
11.347300
11.347300
11.347300
11.347300
11.347300
11.347300
11.347300
11.347200
11.347200
11.347200
11.347200
11.347200
11.347200
11.347200
11.347200
11.347100
11.347100
11.347100
11.347100
11.347100
11.347100
11.347100
11.347000
11.347000
11.347000
11.347000
11.347000
11.347000
11.347000
11.347000
11.346900
11.346900
11.346900
11.346900
11.346900
11.346900
11.346900
11.346800
11.346800
11.346800
11.346800
11.346800
11.346800
11.346800
11.346800
11.346700
11.346700
11.346700
11.346700
11.346700
11.346700
11.346700
11.346600
11.346600
11.346600
11.346600
11.346600
11.346600
11.346600
11.346500
11.346500
11.346500
11.346500
11.346500
11.346500
11.346500
11.346400
11.346400
11.346400
11.346400
11.346400
11.346400
11.346400
11.346400
11.346300
11.346300
11.346300
11.346300
11.346300
11.346300
11.346300
11.346200
11.346200
11.346200
11.346200
11.346200
11.346200
11.346200
11.346100
11.346100
11.346100
11.346100
11.346100
11.346100
11.346100
11.346000
11.346000
11.346000
11.346000
11.346000
11.346000
11.346000
11.345900
11.345900
11.345900
11.345900
11.345900
11.345900
11.345900
11.345800
11.345800
11.345800
11.345800
11.345800
11.345800
11.345800
11.345700
11.345700
11.345700
11.345700
11.345700
11.345700
11.345700
11.345600
11.345600
11.345600
11.345600
11.345600
11.345600
11.345600
11.345500
11.345500
11.345500
11.345500
11.345500
11.345500
11.345500
11.345400
11.345400
11.345400
11.345400
11.345400
11.345400
11.345400
11.345300
11.345300
11.345300
11.345300
11.345300
11.345300
11.345300
11.345200
11.345200
11.345200
11.345200
11.345200
11.345200
11.345200
11.345100
11.345100
11.345100
11.345100
11.345100
11.345100
11.345100
11.345000
11.345000
11.345000
11.345000
11.345000
11.345000
11.344900
11.344900
11.344900
11.344900
11.344900
11.344900
11.344900
11.344800
11.344800
11.344800
11.344800
11.344800
11.344800
11.344800
11.344700
11.344700
11.344700
11.344700
11.344700
11.344700
11.344700
11.344600
11.344600
11.344600
11.344600
11.344600
11.344600
11.344600
11.344500
11.344500
11.344500
11.344500
11.344500
11.344500
11.344400
11.344400
11.344400
11.344400
11.344400
11.344400
11.344400
11.344300
11.344300
11.344300
11.344300
11.344300
11.344300
11.344300
11.344200
11.344200
11.344200
11.344200
11.344200
11.344200
11.344100
11.344100
11.344100
11.344100
11.344100
11.344100
11.344100
11.344000
11.344000
11.344000
11.344000
11.344000
11.344000
11.344000
11.343900
11.343900
11.343900
11.343900
11.343900
11.343900
11.343800
11.343800
11.343800
11.343800
11.343800
11.343800
11.343800
11.343700
11.343700
11.343700
11.343700
11.343700
11.343700
11.343700
11.343600
11.343600
11.343600
11.343600
11.343600
11.343600
11.343500
11.343500
11.343500
11.343500
11.343500
11.343500
11.343500
11.343400
11.343400
11.343400
11.343400
11.343400
11.343400
11.343400
11.343300
11.343300
11.343300
11.343300
11.343300
11.343300
11.343200
11.343200
11.343200
11.343200
11.343200
11.343200
11.343200
11.343100
11.343100
11.343100
11.343100
11.343100
11.343100
11.343000
11.343000
11.343000
11.343000
11.343000
11.343000
11.343000
11.342900
11.342900
11.342900
11.342900
11.342900
11.342900
11.342800
11.342800
11.342800
11.342800
11.342800
11.342800
11.342800
11.342700
11.342700
11.342700
11.342700
11.342700
11.342700
11.342700
11.342600
11.342600
11.342600
11.342600
11.342600
11.342600
11.342500
11.342500
11.342500
11.342500
11.342500
11.342500
11.342500
11.342400
11.342400
11.342400
11.342400
11.342400
11.342400
11.342300
11.342300
11.342300
11.342300
11.342300
11.342300
11.342300
11.342200
11.342200
11.342200
11.342200
11.342200
11.342200
11.342100
11.342100
11.342100
11.342100
11.342100
11.342100
11.342100
11.342000
11.342000
11.342000
11.342000
11.342000
11.342000
11.341900
11.341900
11.341900
11.341900
11.341900
11.341900
11.341900
11.341800
11.341800
11.341800
11.341800
11.341800
11.341800
11.341700
11.341700
11.341700
11.341700
11.341700
11.341700
11.341700
11.341600
11.341600
11.341600
11.341600
11.341600
11.341600
11.341500
11.341500
11.341500
11.341500
11.341500
11.341500
11.341500
11.341400
11.341400
11.341400
11.341400
11.341400
11.341400
11.341300
11.341300
11.341300
11.341300
11.341300
11.341300
11.341200
11.341200
11.341200
11.341200
11.341200
11.341200
11.341200
11.341100
11.341100
11.341100
11.341100
11.341100
11.341100
11.341000
11.341000
11.341000
11.341000
11.341000
11.341000
11.341000
11.340900
11.340900
11.340900
11.340900
11.340900
11.340900
11.340800
11.340800
11.340800
11.340800
11.340800
11.340800
11.340700
11.340700
11.340700
11.340800
11.343600
11.343800
11.343700
11.343700
11.343600
11.343500
11.343400
11.343300
11.343300
11.343200
11.343100
11.343100
11.343000
11.343000
11.342900
11.342900
11.342800
11.342800
11.342700
11.342700
11.342700
11.342700
11.342700
11.342700
11.342600
11.342600
11.342700
11.342700
11.342700
11.342700
11.342700
11.342700
11.342800
11.342800
11.342800
11.342900
11.342900
11.342900
11.343000
11.343000
11.343100
11.343100
11.343100
11.343200
11.343200
11.343300
11.343300
11.343400
11.343400
11.343500
11.343500
11.343600
11.343600
11.343700
11.343800
11.343800
11.343900
11.343900
11.344000
11.344000
11.344100
11.344200
11.344200
11.344300
11.344300
11.344400
11.344500
11.344500
11.344600
11.344600
11.344700
11.344700
11.344800
11.344900
11.344900
11.345000
11.345000
11.345100
11.345200
11.345200
11.345300
11.345300
11.345400
11.345400
11.345500
11.345500
11.345600
11.345700
11.345700
11.345800
11.345800
11.345900
11.345900
11.346000
11.346000
11.346100
11.346100
11.346200
11.346200
11.346300
11.346300
11.346400
11.346400
11.346500
11.346500
11.346600
11.346600
11.346600
11.346700
11.346700
11.346800
11.346800
11.346900
11.346900
11.346900
11.347000
11.347000
11.347100
11.347100
11.347200
11.347200
11.347200
11.347300
11.347300
11.347300
11.347400
11.347400
11.347500
11.347500
11.347500
11.347600
11.347600
11.347600
11.347700
11.347700
11.347700
11.347800
11.347800
11.347800
11.347900
11.347900
11.347900
11.348000
11.348000
11.348000
11.348000
11.348100
11.348100
11.348100
11.348200
11.348200
11.348200
11.348200
11.348300
11.348300
11.348300
11.348300
11.348400
11.348400
11.348400
11.348400
11.348500
11.348500
11.348500
11.348500
11.348600
11.348600
11.348600
11.348600
11.348600
11.348700
11.348700
11.348700
11.348700
11.348700
11.348800
11.348800
11.348800
11.348800
11.348800
11.348900
11.348900
11.348900
11.348900
11.348900
11.348900
11.349000
11.349000
11.349000
11.349000
11.349000
11.349000
11.349100
11.349100
11.349100
11.349100
11.349100
11.349100
11.349100
11.349200
11.349200
11.349200
11.349200
11.349200
11.349200
11.349200
11.349200
11.349300
11.349300
11.349300
11.349300
11.349300
11.349300
11.349300
11.349300
11.349300
11.349300
11.349400
11.349400
11.349400
11.349400
11.349400
11.349400
11.349400
11.349400
11.349400
11.349400
11.349400
11.349400
11.349500
11.349500
11.349500
11.349500
11.349500
11.349500
11.349500
11.349500
11.349500
11.349500
11.349500
11.349500
11.349500
11.349500
11.349500
11.349500
11.349500
11.349600
11.349600
11.349600
11.349600
11.349600
11.349600
11.349600
11.349600
11.349600
11.349600
11.349600
11.349600
11.349600
11.349600
11.349600
11.349600
11.349600
11.349600
11.349600
11.349600
11.349600
11.349600
11.349600
11.349600
11.349600
11.349600
11.349600
11.349600
11.349600
11.349600
11.349600
11.349600
11.349600
11.349600
11.349600
11.349600
11.349600
11.349600
11.349600
11.349600
11.349600
11.349600
11.349600
11.349600
11.349600
11.349600
11.349600
11.349600
11.349600
11.349600
11.349600
11.349600
11.349600
11.349600
11.349600
11.349600
11.349600
11.349600
11.349600
11.349600
11.349600
11.349600
11.349600
11.349600
11.349600
11.349600
11.349600
11.349600
11.349500
11.349500
11.349500
11.349500
11.349500
11.349500
11.349500
11.349500
11.349500
11.349500
11.349500
11.349500
11.349500
11.349500
11.349500
11.349500
11.349500
11.349500
11.349500
11.349500
11.349500
11.349500
11.349400
11.349400
11.349400
11.349400
11.349400
11.349400
11.349400
11.349400
11.349400
11.349400
11.349400
11.349400
11.349400
11.349400
11.349400
11.349400
11.349400
11.349400
11.349300
11.349300
11.349300
11.349300
11.349300
11.349300
11.349300
11.349300
11.349300
11.349300
11.349300
11.349300
11.349300
11.349300
11.349200
11.349200
11.349200
11.349200
11.349200
11.349200
11.349200
11.349200
11.349200
11.349200
11.349200
11.349200
11.349200
11.349100
11.349100
11.349100
11.349100
11.349100
11.349100
11.349100
11.349100
11.349100
11.349100
11.349100
11.349100
11.349000
11.349000
11.349000
11.349000
11.349000
11.349000
11.349000
11.349000
11.349000
11.349000
11.349000
11.349000
11.348900
11.348900
11.348900
11.348900
11.348900
11.348900
11.348900
11.348900
11.348900
11.348900
11.348900
11.348800
11.348800
11.348800
11.348800
11.348800
11.348800
11.348800
11.348800
11.348800
11.348800
11.348700
11.348700
11.348700
11.348700
11.348700
11.348700
11.348700
11.348700
11.348700
11.348700
11.348600
11.348600
11.348600
11.348600
11.348600
11.348600
11.348600
11.348600
11.348600
11.348500
11.348500
11.348500
11.348500
11.348500
11.348500
11.348500
11.348500
11.348500
11.348500
11.348400
11.348400
11.348400
11.348400
11.348400
11.348400
11.348400
11.348400
11.348400
11.348300
11.348300
11.348300
11.348300
11.348300
11.348300
11.348300
11.348300
11.348300
11.348200
11.348200
11.348200
11.348200
11.348200
11.348200
11.348200
11.348200
11.348200
11.348100
11.348100
11.348100
11.348100
11.348100
11.348100
11.348100
11.348100
11.348000
11.348000
11.348000
11.348000
11.348000
11.348000
11.348000
11.348000
11.348000
11.347900
11.347900
11.347900
11.347900
11.347900
11.347900
11.347900
11.347900
11.347800
11.347800
11.347800
11.347800
11.347800
11.347800
11.347800
11.347800
11.347700
11.347700
11.347700
11.347700
11.347700
11.347700
11.347700
11.347700
11.347600
11.347600
11.347600
11.347600
11.347600
11.347600
11.347600
11.347600
11.347500
11.347500
11.347500
11.347500
11.347500
11.347500
11.347500
11.347500
11.347400
11.347400
11.347400
11.347400
11.347400
11.347400
11.347400
11.347400
11.347300
11.347300
11.347300
11.347300
11.347300
11.347300
11.347300
11.347300
11.347200
11.347200
11.347200
11.347200
11.347200
11.347200
11.347200
11.347100
11.347100
11.347100
11.347100
11.347100
11.347100
11.347100
11.347100
11.347000
11.347000
11.347000
11.347000
11.347000
11.347000
11.347000
11.346900
11.346900
11.346900
11.346900
11.346900
11.346900
11.346900
11.346900
11.346800
11.346800
11.346800
11.346800
11.346800
11.346800
11.346800
11.346700
11.346700
11.346700
11.346700
11.346700
11.346700
11.346700
11.346700
11.346600
11.346600
11.346600
11.346600
11.346600
11.346600
11.346600
11.346500
11.346500
11.346500
11.346500
11.346500
11.346500
11.346500
11.346400
11.346400
11.346400
11.346400
11.346400
11.346400
11.346400
11.346300
11.346300
11.346300
11.346300
11.346300
11.346300
11.346300
11.346300
11.346200
11.346200
11.346200
11.346200
11.346200
11.346200
11.346200
11.346100
11.346100
11.346100
11.346100
11.346100
11.346100
11.346100
11.346000
11.346000
11.346000
11.346000
11.346000
11.346000
11.346000
11.345900
11.345900
11.345900
11.345900
11.345900
11.345900
11.345900
11.345800
11.345800
11.345800
11.345800
11.345800
11.345800
11.345800
11.345700
11.345700
11.345700
11.345700
11.345700
11.345700
11.345700
11.345600
11.345600
11.345600
11.345600
11.345600
11.345600
11.345600
11.345500
11.345500
11.345500
11.345500
11.345500
11.345500
11.345500
11.345400
11.345400
11.345400
11.345400
11.345400
11.345400
11.345400
11.345300
11.345300
11.345300
11.345300
11.345300
11.345300
11.345300
11.345200
11.345200
11.345200
11.345200
11.345200
11.345200
11.345200
11.345100
11.345100
11.345100
11.345100
11.345100
11.345100
11.345000
11.345000
11.345000
11.345000
11.345000
11.345000
11.345000
11.344900
11.344900
11.344900
11.344900
11.344900
11.344900
11.344900
11.344800
11.344800
11.344800
11.344800
11.344800
11.344800
11.344800
11.344700
11.344700
11.344700
11.344700
11.344700
11.344700
11.344700
11.344600
11.344600
11.344600
11.344600
11.344600
11.344600
11.344500
11.344500
11.344500
11.344500
11.344500
11.344500
11.344500
11.344400
11.344400
11.344400
11.344400
11.344400
11.344400
11.344400
11.344300
11.344300
11.344300
11.344300
11.344300
11.344300
11.344300
11.344200
11.344200
11.344200
11.344200
11.344200
11.344200
11.344100
11.344100
11.344100
11.344100
11.344100
11.344100
11.344100
11.344000
11.344000
11.344000
11.344000
11.344000
11.344000
11.344000
11.343900
11.343900
11.343900
11.343900
11.343900
11.343900
11.343800
11.343800
11.343800
11.343800
11.343800
11.343800
11.343800
11.343700
11.343700
11.343700
11.343700
11.343700
11.343700
11.343700
11.343600
11.343600
11.343600
11.343600
11.343600
11.343600
11.343500
11.343500
11.343500
11.343500
11.343500
11.343500
11.343500
11.343400
11.343400
11.343400
11.343400
11.343400
11.343400
11.343300
11.343300
11.343300
11.343300
11.343300
11.343300
11.343300
11.343200
11.343200
11.343200
11.343200
11.343200
11.343200
11.343200
11.343100
11.343100
11.343100
11.343100
11.343100
11.343100
11.343000
11.343000
11.343000
11.343000
11.343000
11.343000
11.343000
11.342900
11.342900
11.342900
11.342900
11.342900
11.342900
11.342800
11.342800
11.342800
11.342800
11.342800
11.342800
11.342800
11.342700
11.342700
11.342700
11.342700
11.342700
11.342700
11.342600
11.342600
11.342600
11.342600
11.342600
11.342600
11.342600
11.342500
11.342500
11.342500
11.342500
11.342500
11.342500
11.342500
11.342400
11.342400
11.342400
11.342400
11.342400
11.342400
11.342300
11.342300
11.342300
11.342300
11.342300
11.342300
11.342300
11.342200
11.342200
11.342200
11.342200
11.342200
11.342200
11.342100
11.342100
11.342100
11.342100
11.342100
11.342100
11.342100
11.342000
11.342000
11.342000
11.342000
11.342000
11.342000
11.341900
11.341900
11.341900
11.341900
11.341900
11.341900
11.341900
11.341800
11.341800
11.341800
11.341800
11.341800
11.341800
11.341700
11.341700
11.341700
11.341700
11.341700
11.341700
11.341700
11.341600
11.341600
11.341600
11.341600
11.341600
11.341600
11.341500
11.341500
11.341500
11.341500
11.341500
11.341500
11.341400
11.341400
11.341400
11.341400
11.341400
11.341400
11.341400
11.341300
11.341300
11.341300
11.341300
11.341300
11.341300
11.341200
11.341200
11.341200
11.341200
11.341200
11.341200
11.341200
11.341100
11.341100
11.341100
11.341100
11.341100
11.341100
11.341000
11.341000
11.341000
11.341000
11.341000
11.341000
11.341000
11.340900
11.340900
11.340900
11.340900
11.340900
11.340900
11.340800
11.340800
11.340800
11.340800
11.340800
11.340800
11.340800
11.340700
11.340700
11.340700
11.340800
11.343600
11.343800
11.343700
11.343600
11.343500
11.343500
11.343400
11.343300
11.343200
11.343200
11.343100
11.343000
11.343000
11.342900
11.342900
11.342800
11.342800
11.342800
11.342700
11.342700
11.342700
11.342700
11.342600
11.342600
11.342600
11.342600
11.342600
11.342600
11.342700
11.342700
11.342700
11.342700
11.342700
11.342800
11.342800
11.342800
11.342900
11.342900
11.343000
11.343000
11.343000
11.343100
11.343100
11.343200
11.343200
11.343300
11.343300
11.343400
11.343400
11.343500
11.343500
11.343600
11.343600
11.343700
11.343700
11.343800
11.343900
11.343900
11.344000
11.344000
11.344100
11.344100
11.344200
11.344300
11.344300
11.344400
11.344400
11.344500
11.344600
11.344600
11.344700
11.344700
11.344800
11.344800
11.344900
11.345000
11.345000
11.345100
11.345100
11.345200
11.345200
11.345300
11.345400
11.345400
11.345500
11.345500
11.345600
11.345600
11.345700
11.345700
11.345800
11.345800
11.345900
11.346000
11.346000
11.346100
11.346100
11.346200
11.346200
11.346300
11.346300
11.346300
11.346400
11.346400
11.346500
11.346500
11.346600
11.346600
11.346700
11.346700
11.346800
11.346800
11.346800
11.346900
11.346900
11.347000
11.347000
11.347100
11.347100
11.347100
11.347200
11.347200
11.347300
11.347300
11.347300
11.347400
11.347400
11.347400
11.347500
11.347500
11.347500
11.347600
11.347600
11.347700
11.347700
11.347700
11.347700
11.347800
11.347800
11.347800
11.347900
11.347900
11.347900
11.348000
11.348000
11.348000
11.348100
11.348100
11.348100
11.348100
11.348200
11.348200
11.348200
11.348300
11.348300
11.348300
11.348300
11.348400
11.348400
11.348400
11.348400
11.348500
11.348500
11.348500
11.348500
11.348500
11.348600
11.348600
11.348600
11.348600
11.348700
11.348700
11.348700
11.348700
11.348700
11.348800
11.348800
11.348800
11.348800
11.348800
11.348800
11.348900
11.348900
11.348900
11.348900
11.348900
11.348900
11.349000
11.349000
11.349000
11.349000
11.349000
11.349000
11.349100
11.349100
11.349100
11.349100
11.349100
11.349100
11.349100
11.349200
11.349200
11.349200
11.349200
11.349200
11.349200
11.349200
11.349200
11.349200
11.349300
11.349300
11.349300
11.349300
11.349300
11.349300
11.349300
11.349300
11.349300
11.349300
11.349400
11.349400
11.349400
11.349400
11.349400
11.349400
11.349400
11.349400
11.349400
11.349400
11.349400
11.349400
11.349500
11.349500
11.349500
11.349500
11.349500
11.349500
11.349500
11.349500
11.349500
11.349500
11.349500
11.349500
11.349500
11.349500
11.349500
11.349500
11.349500
11.349500
11.349500
11.349500
11.349600
11.349600
11.349600
11.349600
11.349600
11.349600
11.349600
11.349600
11.349600
11.349600
11.349600
11.349600
11.349600
11.349600
11.349600
11.349600
11.349600
11.349600
11.349600
11.349600
11.349600
11.349600
11.349600
11.349600
11.349600
11.349600
11.349600
11.349600
11.349600
11.349600
11.349600
11.349600
11.349600
11.349600
11.349600
11.349600
11.349600
11.349600
11.349600
11.349600
11.349600
11.349600
11.349600
11.349600
11.349600
11.349600
11.349600
11.349600
11.349600
11.349600
11.349600
11.349600
11.349600
11.349600
11.349600
11.349600
11.349600
11.349600
11.349500
11.349500
11.349500
11.349500
11.349500
11.349500
11.349500
11.349500
11.349500
11.349500
11.349500
11.349500
11.349500
11.349500
11.349500
11.349500
11.349500
11.349500
11.349500
11.349500
11.349500
11.349500
11.349500
11.349500
11.349400
11.349400
11.349400
11.349400
11.349400
11.349400
11.349400
11.349400
11.349400
11.349400
11.349400
11.349400
11.349400
11.349400
11.349400
11.349400
11.349400
11.349400
11.349300
11.349300
11.349300
11.349300
11.349300
11.349300
11.349300
11.349300
11.349300
11.349300
11.349300
11.349300
11.349300
11.349300
11.349300
11.349200
11.349200
11.349200
11.349200
11.349200
11.349200
11.349200
11.349200
11.349200
11.349200
11.349200
11.349200
11.349200
11.349100
11.349100
11.349100
11.349100
11.349100
11.349100
11.349100
11.349100
11.349100
11.349100
11.349100
11.349100
11.349000
11.349000
11.349000
11.349000
11.349000
11.349000
11.349000
11.349000
11.349000
11.349000
11.349000
11.349000
11.348900
11.348900
11.348900
11.348900
11.348900
11.348900
11.348900
11.348900
11.348900
11.348900
11.348900
11.348800
11.348800
11.348800
11.348800
11.348800
11.348800
11.348800
11.348800
11.348800
11.348800
11.348700
11.348700
11.348700
11.348700
11.348700
11.348700
11.348700
11.348700
11.348700
11.348700
11.348600
11.348600
11.348600
11.348600
11.348600
11.348600
11.348600
11.348600
11.348600
11.348600
11.348500
11.348500
11.348500
11.348500
11.348500
11.348500
11.348500
11.348500
11.348500
11.348400
11.348400
11.348400
11.348400
11.348400
11.348400
11.348400
11.348400
11.348400
11.348300
11.348300
11.348300
11.348300
11.348300
11.348300
11.348300
11.348300
11.348300
11.348200
11.348200
11.348200
11.348200
11.348200
11.348200
11.348200
11.348200
11.348200
11.348100
11.348100
11.348100
11.348100
11.348100
11.348100
11.348100
11.348100
11.348100
11.348000
11.348000
11.348000
11.348000
11.348000
11.348000
11.348000
11.348000
11.347900
11.347900
11.347900
11.347900
11.347900
11.347900
11.347900
11.347900
11.347900
11.347800
11.347800
11.347800
11.347800
11.347800
11.347800
11.347800
11.347800
11.347700
11.347700
11.347700
11.347700
11.347700
11.347700
11.347700
11.347700
11.347600
11.347600
11.347600
11.347600
11.347600
11.347600
11.347600
11.347600
11.347500
11.347500
11.347500
11.347500
11.347500
11.347500
11.347500
11.347500
11.347400
11.347400
11.347400
11.347400
11.347400
11.347400
11.347400
11.347400
11.347300
11.347300
11.347300
11.347300
11.347300
11.347300
11.347300
11.347200
11.347200
11.347200
11.347200
11.347200
11.347200
11.347200
11.347200
11.347100
11.347100
11.347100
11.347100
11.347100
11.347100
11.347100
11.347100
11.347000
11.347000
11.347000
11.347000
11.347000
11.347000
11.347000
11.346900
11.346900
11.346900
11.346900
11.346900
11.346900
11.346900
11.346900
11.346800
11.346800
11.346800
11.346800
11.346800
11.346800
11.346800
11.346700
11.346700
11.346700
11.346700
11.346700
11.346700
11.346700
11.346600
11.346600
11.346600
11.346600
11.346600
11.346600
11.346600
11.346600
11.346500
11.346500
11.346500
11.346500
11.346500
11.346500
11.346500
11.346400
11.346400
11.346400
11.346400
11.346400
11.346400
11.346400
11.346300
11.346300
11.346300
11.346300
11.346300
11.346300
11.346300
11.346200
11.346200
11.346200
11.346200
11.346200
11.346200
11.346200
11.346200
11.346100
11.346100
11.346100
11.346100
11.346100
11.346100
11.346100
11.346000
11.346000
11.346000
11.346000
11.346000
11.346000
11.346000
11.345900
11.345900
11.345900
11.345900
11.345900
11.345900
11.345900
11.345800
11.345800
11.345800
11.345800
11.345800
11.345800
11.345800
11.345700
11.345700
11.345700
11.345700
11.345700
11.345700
11.345700
11.345600
11.345600
11.345600
11.345600
11.345600
11.345600
11.345600
11.345500
11.345500
11.345500
11.345500
11.345500
11.345500
11.345500
11.345400
11.345400
11.345400
11.345400
11.345400
11.345400
11.345400
11.345300
11.345300
11.345300
11.345300
11.345300
11.345300
11.345300
11.345200
11.345200
11.345200
11.345200
11.345200
11.345200
11.345100
11.345100
11.345100
11.345100
11.345100
11.345100
11.345100
11.345000
11.345000
11.345000
11.345000
11.345000
11.345000
11.345000
11.344900
11.344900
11.344900
11.344900
11.344900
11.344900
11.344900
11.344800
11.344800
11.344800
11.344800
11.344800
11.344800
11.344800
11.344700
11.344700
11.344700
11.344700
11.344700
11.344700
11.344700
11.344600
11.344600
11.344600
11.344600
11.344600
11.344600
11.344500
11.344500
11.344500
11.344500
11.344500
11.344500
11.344500
11.344400
11.344400
11.344400
11.344400
11.344400
11.344400
11.344400
11.344300
11.344300
11.344300
11.344300
11.344300
11.344300
11.344300
11.344200
11.344200
11.344200
11.344200
11.344200
11.344200
11.344100
11.344100
11.344100
11.344100
11.344100
11.344100
11.344100
11.344000
11.344000
11.344000
11.344000
11.344000
11.344000
11.344000
11.343900
11.343900
11.343900
11.343900
11.343900
11.343900
11.343800
11.343800
11.343800
11.343800
11.343800
11.343800
11.343800
11.343700
11.343700
11.343700
11.343700
11.343700
11.343700
11.343700
11.343600
11.343600
11.343600
11.343600
11.343600
11.343600
11.343500
11.343500
11.343500
11.343500
11.343500
11.343500
11.343500
11.343400
11.343400
11.343400
11.343400
11.343400
11.343400
11.343300
11.343300
11.343300
11.343300
11.343300
11.343300
11.343300
11.343200
11.343200
11.343200
11.343200
11.343200
11.343200
11.343200
11.343100
11.343100
11.343100
11.343100
11.343100
11.343100
11.343000
11.343000
11.343000
11.343000
11.343000
11.343000
11.343000
11.342900
11.342900
11.342900
11.342900
11.342900
11.342900
11.342800
11.342800
11.342800
11.342800
11.342800
11.342800
11.342800
11.342700
11.342700
11.342700
11.342700
11.342700
11.342700
11.342600
11.342600
11.342600
11.342600
11.342600
11.342600
11.342600
11.342500
11.342500
11.342500
11.342500
11.342500
11.342500
11.342400
11.342400
11.342400
11.342400
11.342400
11.342400
11.342400
11.342300
11.342300
11.342300
11.342300
11.342300
11.342300
11.342200
11.342200
11.342200
11.342200
11.342200
11.342200
11.342200
11.342100
11.342100
11.342100
11.342100
11.342100
11.342100
11.342000
11.342000
11.342000
11.342000
11.342000
11.342000
11.342000
11.341900
11.341900
11.341900
11.341900
11.341900
11.341900
11.341800
11.341800
11.341800
11.341800
11.341800
11.341800
11.341800
11.341700
11.341700
11.341700
11.341700
11.341700
11.341700
11.341600
11.341600
11.341600
11.341600
11.341600
11.341600
11.341600
11.341500
11.341500
11.341500
11.341500
11.341500
11.341500
11.341400
11.341400
11.341400
11.341400
11.341400
11.341400
11.341400
11.341300
11.341300
11.341300
11.341300
11.341300
11.341300
11.341200
11.341200
11.341200
11.341200
11.341200
11.341200
11.341200
11.341100
11.341100
11.341100
11.341100
11.341100
11.341100
11.341000
11.341000
11.341000
11.341000
11.341000
11.341000
11.341000
11.340900
11.340900
11.340900
11.340900
11.340900
11.340900
11.340800
11.340800
11.340800
11.340800
11.340800
11.340800
11.340800
