1.085390
1.083610
1.081830
1.080060
1.078300
1.076550
1.074960
1.074750
1.076720
1.081180
1.088750
1.100610
1.119240
1.148970
1.195390
1.264300
1.360630
1.487650
1.646700
1.837290
2.057390
2.303960
2.573420
2.862050
3.166250
3.482770
3.808630
4.141190
4.477980
4.816790
5.155600
5.492680
5.826630
6.156320
6.481020
6.800120
7.113240
7.420130
7.720620
8.014770
8.302520
8.583870
8.858880
9.127730
9.390460
9.647200
9.897950
10.142900
10.382300
10.616000
10.844200
11.067000
11.284600
11.496900
11.704200
11.906400
12.103700
12.296200
12.483900
12.666800
12.845200
13.019000
13.188300
13.353200
13.513800
13.670100
13.822100
13.970000
14.113800
14.253700
14.389400
14.521300
14.649400
14.773600
14.894000
15.010800
15.123900
15.233300
15.339300
15.441700
15.540600
15.636200
15.728400
15.817400
15.903000
15.985500
16.064800
16.141000
16.214100
16.284200
16.351300
16.415400
16.476600
16.535100
16.590600
16.643400
16.693400
16.740800
16.785500
16.827600
16.867100
16.904000
16.938500
16.970500
17.000000
17.027200
17.052000
17.074500
17.094800
17.112800
17.128500
17.142200
17.153700
17.163000
17.170300
17.175600
17.178900
17.180100
17.179500
17.176900
17.172500
17.166200
17.158200
17.148300
17.136700
17.123400
17.108500
17.091800
17.073500
17.053700
17.032300
17.009300
16.984800
16.958800
16.931400
16.902600
16.872400
16.840800
16.807800
16.773600
16.738000
16.701200
16.663200
16.624000
16.583500
16.542000
16.499200
16.455400
16.410500
16.364500
16.317500
16.269500
16.220500
16.170600
16.119700
16.067900
16.015200
15.961600
15.907100
15.851900
15.795800
15.739000
15.681400
15.623100
15.564000
15.504200
15.443700
15.382700
15.320900
15.258600
15.195600
15.132100
15.068000
15.003300
14.938200
14.872600
14.806400
14.739800
14.672700
14.605200
14.537300
14.469100
14.400400
14.331400
14.262000
14.192300
14.122300
14.052100
13.981500
13.910600
13.839600
13.768300
13.696800
13.625100
13.553200
13.481200
13.409000
13.336600
13.264200
13.191600
13.118900
13.046200
12.973400
12.900500
12.827600
12.754700
12.681800
12.608900
12.535900
12.463100
12.390300
12.317500
12.244800
12.172100
12.099500
12.027100
11.954700
11.882500
11.810400
11.738500
11.666700
11.595100
11.523700
11.452500
11.381400
11.310600
11.240000
11.169600
11.099500
11.029600
10.959900
10.890500
10.821400
10.752600
10.684100
10.615800
10.547900
10.480300
10.413000
10.346000
10.279400
10.213100
10.147200
10.081600
10.016300
9.951470
9.887010
9.822900
9.759140
9.695840
9.632890
9.570350
9.508150
9.446430
9.385110
9.324140
9.263630
9.203590
9.143900
9.084670
9.025860
8.967500
8.909560
8.852020
8.794950
8.738340
8.682140
8.626340
8.571020
8.516150
8.461760
8.407770
8.354240
8.301130
8.248480
8.196290
8.144510
8.093200
8.042290
7.991850
7.941880
7.892310
7.843210
7.794510
7.746280
7.698460
7.651100
7.604150
7.557610
7.511530
7.465860
7.420600
7.375800
7.331350
7.287370
7.243790
7.200620
7.157860
7.115510
7.073500
7.031970
6.990780
6.949990
6.909620
6.869590
6.829970
6.790760
6.751890
6.713380
6.675270
6.637520
6.600110
6.563050
6.526400
6.490030
6.454080
6.418420
6.383160
6.348190
6.313580
6.279310
6.245340
6.211710
6.178370
6.145380
6.112690
6.080340
6.048290
6.016520
5.985100
5.953920
5.923090
5.892480
5.862230
5.832210
5.802500
5.773060
5.743900
5.715000
5.686380
5.658020
5.629930
5.602090
5.574520
5.547190
5.520110
5.493290
5.466700
5.440360
5.414260
5.388380
5.362750
5.337350
5.312170
5.287210
5.262490
5.237970
5.213680
5.189600
5.165720
5.142060
5.118610
5.095360
5.072310
5.049460
5.026810
5.004350
4.982080
4.960010
4.938110
4.916410
4.894890
4.873540
4.852380
4.831400
4.810580
4.789940
4.769470
4.749170
4.729030
4.709060
4.689250
4.669600
4.650110
4.630770
4.611590
4.592560
4.573690
4.554960
4.536380
4.517950
4.499660
4.481510
4.463500
4.445630
4.427900
4.410310
4.392850
4.375520
4.358320
4.341260
4.324320
4.307510
4.290820
4.274260
4.257820
4.241500
4.225300
4.209220
4.193260
4.177410
4.161680
4.146060
4.130550
4.115160
4.099870
4.084690
4.069610
4.054650
4.039790
4.025030
4.010380
3.995830
3.981370
3.967020
3.952760
3.938600
3.924540
3.910570
3.896700
3.882920
3.869230
3.855630
3.842130
3.828720
3.815390
3.802140
3.788990
3.775920
3.762930
3.750030
3.737220
3.724480
3.711830
3.699250
3.686760
3.674340
3.662010
3.649750
3.637560
3.625460
3.613430
3.601470
3.589580
3.577770
3.566030
3.554370
3.542770
3.531240
3.519790
3.508400
3.497070
3.485820
3.474640
3.463520
3.452460
3.441470
3.430540
3.419680
3.408880
3.398150
3.387470
3.376860
3.366310
3.355810
3.345380
3.335010
3.324690
3.314440
3.304240
3.294100
3.284010
3.273980
3.264000
3.254080
3.244220
3.234410
3.224650
3.214940
3.205290
3.195690
3.186150
3.176650
3.167200
3.157810
3.148460
3.139170
3.129920
3.120720
3.111570
3.102470
3.093410
3.084400
3.075440
3.066530
3.057660
3.048830
3.040050
3.031320
3.022630
3.013980
3.005390
2.996820
2.988310
2.979830
2.971400
2.963010
2.954670
2.946360
2.938100
2.929870
2.921680
2.913540
2.905440
2.897370
2.889340
2.881350
2.873400
2.865490
2.857620
2.849780
2.841980
2.834220
2.826490
2.818800
2.811150
2.803530
2.795950
2.788400
2.780890
2.773410
2.765970
2.758560
2.751190
2.743840
2.736540
2.729270
2.722020
2.714810
2.707640
2.700500
2.693380
2.686300
2.679260
2.672240
2.665250
2.658300
2.651370
2.644480
2.637620
2.630780
2.623980
2.617200
2.610460
2.603750
2.597050
2.590400
2.583770
2.577170
2.570600
2.564050
2.557530
2.551050
2.544580
2.538150
2.531740
2.525360
2.519010
2.512680
2.506380
2.500110
2.493860
2.487630
2.481440
2.475260
2.469120
2.462990
2.456900
2.450830
2.444780
2.438760
2.432760
2.426780
2.420840
2.414910
2.409010
2.403130
2.397280
2.391440
2.385630
2.379850
2.374090
2.368340
2.362630
2.356930
2.351260
2.345610
2.339980
2.334370
2.328790
2.323220
2.317680
2.312160
2.306660
2.301180
2.295720
2.290290
2.284870
2.279470
2.274090
2.268740
2.263410
2.258100
2.252800
2.247520
2.242270
2.237040
2.231820
2.226620
2.221440
2.216280
2.211150
2.206030
2.200920
2.195840
2.190780
2.185730
2.180700
2.175690
2.170710
2.165730
2.160780
2.155840
2.150920
2.146020
2.141130
2.136270
2.131420
2.126590
2.121770
2.116980
2.112200
2.107430
2.102680
2.097950
2.093240
2.088550
2.083870
2.079200
2.074550
2.069920
2.065310
2.060710
2.056120
2.051560
2.047010
2.042470
2.037950
2.033450
2.028950
2.024480
2.020020
2.015580
2.011150
2.006740
2.002340
1.997960
1.993590
1.989230
1.984890
1.980570
1.976260
1.971960
1.967680
1.963410
1.959160
1.954920
1.950690
1.946480
1.942290
1.938100
1.933930
1.929780
1.925640
1.921500
1.917390
1.913290
1.909200
1.905130
1.901070
1.897020
1.892980
1.888960
1.884950
1.880950
1.876970
1.873000
1.869040
1.865090
1.861160
1.857240
1.853330
1.849440
1.845550
1.841680
1.837830
1.833980
1.830150
1.826320
1.822510
1.818720
1.814930
1.811150
1.807390
1.803640
1.799900
1.796180
1.792460
1.788750
1.785060
1.781380
1.777710
1.774050
1.770400
1.766770
1.763140
1.759530
1.755930
1.752330
1.748760
1.745180
1.741630
1.738080
1.734540
1.731010
1.727500
1.723990
1.720500
1.717010
1.713540
1.710080
1.706620
1.703180
1.699750
1.696330
1.692920
1.689510
1.686120
1.682740
1.679370
1.676010
1.672660
1.669310
1.665990
1.662660
1.659350
1.656050
1.652760
1.649470
1.646200
1.642930
1.639680
1.636440
1.633200
1.629980
1.626760
1.623550
1.620360
1.617170
1.613990
1.610810
1.607660
1.604500
1.601360
1.598230
1.595110
1.591990
1.588880
1.585790
1.582700
1.579610
1.576540
1.573480
1.570430
1.567380
1.564350
1.561320
1.558300
1.555290
1.552290
1.549290
1.546310
1.543330
1.540360
1.537400
1.534450
1.531510
1.528570
1.525640
1.522720
1.519810
1.516910
1.514010
1.511130
1.508250
1.505380
1.502520
1.499660
1.496810
1.493970
1.491140
1.488320
1.485500
1.482690
1.479900
1.477100
1.474320
1.471540
1.468770
1.466010
1.463260
1.460510
1.457770
1.455040
1.452310
1.449600
1.446890
1.444180
1.441490
1.438800
1.436120
1.433450
1.430780
1.428120
1.425470
1.422820
1.420190
1.417560
1.414930
1.412320
1.409710
1.407100
1.404510
1.401920
1.399340
1.396760
1.394200
1.391630
1.389080
1.386540
1.383990
1.381460
1.378930
1.376410
1.373900
1.371390
1.368890
1.366400
1.363910
1.361430
1.358950
1.356480
1.354020
1.351570
1.349120
1.346680
1.344240
1.341810
1.339390
1.336970
1.334560
1.332160
1.329760
1.327370
1.324980
1.322600
1.320230
1.317860
1.315500
1.313140
1.310800
1.308460
1.306120
1.303790
1.301460
1.299150
1.296830
1.294530
1.292220
1.289930
1.287640
1.285360
1.283080
1.280810
1.278540
1.276280
1.274030
1.271780
1.269530
1.267290
1.265060
1.262840
1.260610
1.258400
1.256190
1.253990
1.251790
1.249600
1.247410
1.245230
1.243060
1.240890
1.238720
1.236560
1.234410
1.232260
1.230120
1.227980
1.225850
1.223720
1.221600
1.219490
1.217380
1.215270
1.213170
1.211070
1.208990
1.206900
1.204820
1.202740
1.200680
1.198610
1.196550
1.194500
1.192450
1.190410
1.188370
1.186340
1.184310
1.182280
1.180260
1.178250
1.176240
1.174240
1.172240
1.170250
1.168260
1.166280
1.164300
1.162320
1.160360
1.158390
1.156430
1.154470
1.152520
1.150580
1.148640
1.146700
1.144770
1.142840
1.140920
1.139010
1.137100
1.135190
1.133290
1.131390
1.129490
1.127600
1.125720
1.123840
1.121960
1.120090
1.118230
1.116370
1.114510
1.112660
1.110810
1.108960
1.107120
1.105290
1.103460
1.101630
1.099810
1.097990
1.096180
1.094370
1.092570
1.090770
1.088970
1.087180
1.085390
1.083610
1.081830
1.080060
1.078300
1.076550
1.074950
1.074750
1.076710
1.081180
1.088750
1.100610
1.119230
1.148960
1.195380
1.264290
1.360610
1.487620
1.646680
1.837260
2.057350
2.303930
2.573390
2.862010
3.166210
3.482720
3.808590
4.141140
4.477930
4.816740
5.155540
5.492620
5.826570
6.156320
6.481020
6.800070
7.113180
7.420070
7.720620
8.014770
8.302470
8.583870
8.858880
9.127730
9.390460
9.647200
9.898010
10.143000
10.382300
10.616000
10.844200
11.067000
11.284600
11.497000
11.704200
11.906400
12.103800
12.296200
12.483900
12.666900
12.845200
13.019000
13.188300
13.353300
13.513900
13.670100
13.822200
13.970100
14.114000
14.253700
14.389600
14.521400
14.649400
14.773600
14.894100
15.010900
15.123900
15.233400
15.339300
15.441800
15.540700
15.636300
15.728500
15.817400
15.903100
15.985600
16.064900
16.141100
16.214200
16.284300
16.351300
16.415500
16.476800
16.535100
16.590700
16.643500
16.693500
16.740900
16.785600
16.827700
16.867200
16.904100
16.938600
16.970600
17.000100
17.027300
17.052100
17.074700
17.094900
17.112900
17.128700
17.142300
17.153800
17.163200
17.170400
17.175700
17.179000
17.180300
17.179600
17.177100
17.172600
17.166400
17.158300
17.148500
17.136900
17.123600
17.108600
17.091900
17.073700
17.053800
17.032400
17.009400
16.985000
16.959000
16.931600
16.902700
16.872600
16.841000
16.808000
16.773800
16.738200
16.701400
16.663400
16.624100
16.583800
16.542200
16.499500
16.455600
16.410700
16.364800
16.317800
16.269800
16.220700
16.170800
16.119900
16.068100
16.015400
15.961800
15.907400
15.852100
15.796000
15.739200
15.681600
15.623200
15.564200
15.504400
15.444000
15.382800
15.321100
15.258700
15.195800
15.132300
15.068200
15.003600
14.938400
14.872700
14.806600
14.740000
14.672900
14.605500
14.537600
14.469300
14.400600
14.331600
14.262200
14.192500
14.122500
14.052200
13.981700
13.910900
13.839800
13.768500
13.697000
13.625300
13.553400
13.481300
13.409100
13.336800
13.264300
13.191800
13.119100
13.046400
12.973600
12.900700
12.827800
12.754900
12.682000
12.609100
12.536200
12.463300
12.390400
12.317600
12.244900
12.172300
12.099700
12.027300
11.954900
11.882700
11.810600
11.738700
11.666900
11.595300
11.523900
11.452700
11.381600
11.310800
11.240200
11.169800
11.099600
11.029800
10.960100
10.890700
10.821600
10.752800
10.684200
10.616000
10.548100
10.480400
10.413200
10.346200
10.279500
10.213300
10.147300
10.081700
10.016500
9.951650
9.887130
9.823020
9.759310
9.695950
9.633010
9.570460
9.508330
9.446540
9.385220
9.324310
9.263810
9.203710
9.144070
9.084790
9.025970
8.967620
8.909670
8.852140
8.795060
8.738450
8.682250
8.626460
8.571190
8.516270
8.461870
8.407880
8.354360
8.301240
8.248590
8.196410
8.144630
8.093310
8.042410
7.991970
7.941990
7.892420
7.843320
7.794630
7.746400
7.698570
7.651220
7.604270
7.557720
7.511650
7.465980
7.420710
7.375860
7.331470
7.287490
7.243910
7.200740
7.157920
7.115570
7.073620
7.032020
6.990890
6.950110
6.909730
6.869710
6.830090
6.790820
6.751950
6.713500
6.675330
6.637570
6.600170
6.563160
6.526450
6.490150
6.454140
6.418530
6.383220
6.348250
6.313640
6.279370
6.245390
6.211770
6.178490
6.145440
6.112800
6.080400
6.048340
6.016580
5.985160
5.953980
5.923140
5.892540
5.862290
5.832270
5.802560
5.773120
5.743960
5.715070
5.686440
5.658090
5.629990
5.602160
5.574580
5.547250
5.520180
5.493340
5.466760
5.440420
5.414320
5.388450
5.362810
5.337400
5.312220
5.287270
5.262540
5.238030
5.213730
5.189650
5.165780
5.142120
5.118660
5.095420
5.072370
5.049510
5.026860
5.004400
4.982130
4.960050
4.938170
4.916460
4.894930
4.873590
4.852430
4.831440
4.810630
4.789990
4.769520
4.749210
4.729080
4.709110
4.689300
4.669640
4.650150
4.630810
4.611640
4.592610
4.573730
4.555000
4.536420
4.517990
4.499700
4.481550
4.463540
4.445670
4.427940
4.410350
4.392890
4.375560
4.358370
4.341300
4.324360
4.307550
4.290860
4.274300
4.257860
4.241540
4.225340
4.209260
4.193300
4.177450
4.161720
4.146100
4.130590
4.115190
4.099900
4.084720
4.069650
4.054690
4.039820
4.025070
4.010410
3.995860
3.981400
3.967050
3.952790
3.938640
3.924580
3.910610
3.896730
3.882950
3.869270
3.855670
3.842160
3.828740
3.815420
3.802170
3.789020
3.775950
3.762960
3.750060
3.737250
3.724510
3.711860
3.699280
3.686790
3.674370
3.662030
3.649780
3.637590
3.625490
3.613450
3.601490
3.589610
3.577800
3.566060
3.554390
3.542800
3.531270
3.519810
3.508420
3.497100
3.485850
3.474660
3.463540
3.452490
3.441500
3.430570
3.419710
3.408910
3.398170
3.387500
3.376880
3.366330
3.355840
3.345400
3.335030
3.324720
3.314460
3.304260
3.294120
3.284030
3.274000
3.264030
3.254100
3.244240
3.234430
3.224670
3.214970
3.205320
3.195720
3.186170
3.176670
3.167230
3.157830
3.148480
3.139190
3.129940
3.120740
3.111590
3.102490
3.093430
3.084430
3.075460
3.066550
3.057680
3.048860
3.040080
3.031340
3.022650
3.014010
3.005400
2.996850
2.988330
2.979860
2.971420
2.963030
2.954680
2.946380
2.938110
2.929890
2.921700
2.913560
2.905450
2.897390
2.889360
2.881370
2.873420
2.865510
2.857640
2.849800
2.842000
2.834240
2.826510
2.818820
2.811170
2.803550
2.795970
2.788420
2.780900
2.773430
2.765990
2.758580
2.751200
2.743860
2.736560
2.729280
2.722040
2.714830
2.707660
2.700510
2.693400
2.686320
2.679270
2.672260
2.665270
2.658320
2.651390
2.644490
2.637630
2.630800
2.624000
2.617220
2.610480
2.603760
2.597070
2.590420
2.583780
2.577190
2.570610
2.564070
2.557550
2.551060
2.544600
2.538170
2.531760
2.525380
2.519030
2.512700
2.506400
2.500120
2.493870
2.487650
2.481450
2.475280
2.469130
2.463010
2.456910
2.450840
2.444800
2.438770
2.432780
2.426800
2.420850
2.414930
2.409020
2.403150
2.397290
2.391460
2.385650
2.379860
2.374100
2.368360
2.362640
2.356950
2.351270
2.345620
2.339990
2.334390
2.328800
2.323240
2.317690
2.312170
2.306670
2.301190
2.295740
2.290300
2.284880
2.279490
2.274110
2.268750
2.263420
2.258110
2.252810
2.247540
2.242280
2.237050
2.231830
2.226630
2.221460
2.216290
2.211160
2.206040
2.200940
2.195850
2.190790
2.185750
2.180720
2.175710
2.170720
2.165740
2.160790
2.155850
2.150930
2.146030
2.141150
2.136280
2.131440
2.126600
2.121790
2.116990
2.112210
2.107450
2.102700
2.097970
2.093250
2.088560
2.083880
2.079210
2.074570
2.069940
2.065320
2.060720
2.056140
2.051570
2.047020
2.042480
2.037960
2.033460
2.028970
2.024490
2.020040
2.015590
2.011160
2.006750
2.002350
1.997970
1.993600
1.989240
1.984900
1.980580
1.976270
1.971970
1.967690
1.963420
1.959170
1.954930
1.950700
1.946490
1.942300
1.938110
1.933940
1.929790
1.925650
1.921520
1.917400
1.913300
1.909210
1.905140
1.901070
1.897030
1.892990
1.888970
1.884960
1.880960
1.876980
1.873010
1.869050
1.865110
1.861170
1.857250
1.853340
1.849440
1.845560
1.841700
1.837830
1.833990
1.830150
1.826330
1.822530
1.818730
1.814940
1.811160
1.807400
1.803650
1.799910
1.796180
1.792470
1.788760
1.785070
1.781390
1.777720
1.774060
1.770420
1.766780
1.763150
1.759540
1.755930
1.752350
1.748770
1.745180
1.741620
1.738070
1.734540
1.731010
1.727500
1.723990
1.720500
1.717010
1.713540
1.710070
1.706620
1.703180
1.699750
1.696330
1.692910
1.689510
1.686120
1.682740
1.679370
1.676000
1.672650
1.669310
1.665980
1.662660
1.659350
1.656050
1.652760
1.649470
1.646200
1.642940
1.639680
1.636440
1.633200
1.629970
1.626760
1.623550
1.620350
1.617160
1.613990
1.610820
1.607660
1.604500
1.601360
1.598230
1.595100
1.591990
1.588880
1.585780
1.582690
1.579620
1.576540
1.573480
1.570430
1.567380
1.564340
1.561320
1.558300
1.555290
1.552280
1.549290
1.546300
1.543330
1.540360
1.537400
1.534450
1.531500
1.528570
1.525640
1.522720
1.519810
1.516910
1.514010
1.511130
1.508250
1.505370
1.502510
1.499660
1.496810
1.493970
1.491140
1.488320
1.485500
1.482700
1.479890
1.477100
1.474320
1.471540
1.468770
1.466010
1.463250
1.460510
1.457770
1.455040
1.452310
1.449590
1.446880
1.444180
1.441490
1.438800
1.436120
1.433440
1.430780
1.428120
1.425470
1.422830
1.420180
1.417550
1.414930
1.412320
1.409710
1.407110
1.404510
1.401920
1.399340
1.396760
1.394200
1.391640
1.389080
1.386530
1.383990
1.381460
1.378930
1.376410
1.373900
1.371390
1.368890
1.366390
1.363910
1.361420
1.358950
1.356490
1.354020
1.351570
1.349120
1.346680
1.344240
1.341810
1.339390
1.336970
1.334560
1.332160
1.329760
1.327370
1.324980
1.322600
1.320230
1.317860
1.315500
1.313150
1.310800
1.308450
1.306120
1.303790
1.301460
1.299140
1.296830
1.294530
1.292220
1.289930
1.287640
1.285360
1.283080
1.280810
1.278540
1.276280
1.274030
1.271780
1.269540
1.267300
1.265070
1.262840
1.260630
1.258410
1.256200
1.254000
1.251800
1.249610
1.247420
1.245240
1.243070
1.240900
1.238730
1.236570
1.234420
1.232270
1.230130
1.227990
1.225860
1.223730
1.221610
1.219490
1.217380
1.215280
1.213180
1.211080
1.208990
1.206900
1.204830
1.202750
1.200680
1.198620
1.196560
1.194510
1.192460
1.190420
1.188370
1.186340
1.184310
1.182290
1.180280
1.178260
1.176250
1.174250
1.172250
1.170260
1.168270
1.166280
1.164310
1.162330
1.160360
1.158390
1.156430
1.154480
1.152530
1.150590
1.148640
1.146710
1.144780
1.142860
1.140930
1.139020
1.137100
1.135190
1.133290
1.131390
1.129500
1.127610
1.125730
1.123840
1.121970
1.120100
1.118230
1.116370
1.114510
1.112660
1.110810
1.108970
1.107130
1.105300
1.103460
1.101640
1.099820
1.098000
1.096180
1.094380
1.092570
1.090770
1.088980
1.087180
1.085400
1.083610
1.081840
1.080060
1.078300
1.076560
1.074960
1.074750
1.076720
1.081170
1.088750
1.100610
1.119230
1.148950
1.195370
1.264280
1.360600
1.487610
1.646670
1.837240
2.057330
2.303910
2.573360
2.861980
3.166180
3.482690
3.808540
4.141090
4.477880
4.816680
5.155490
5.492560
5.826510
6.156210
6.480900
6.800010
7.113120
7.420020
7.720510
8.014660
8.302350
8.583700
8.858770
9.127610
9.390340
9.647030
9.897830
10.142800
10.382100
10.615800
10.844000
11.066900
11.284400
11.496800
11.704000
11.906300
12.103600
12.296000
12.483600
12.666600
12.845000
13.018800
13.188100
13.353000
13.513600
13.669800
13.821900
13.969900
14.113700
14.253400
14.389300
14.521100
14.649100
14.773400
14.893800
15.010600
15.123600
15.233100
15.339000
15.441400
15.540300
15.635900
15.728100
15.817100
15.902700
15.985200
16.064500
16.140700
16.213800
16.283800
16.351000
16.415100
16.476400
16.534700
16.590300
16.643100
16.693100
16.740500
16.785200
16.827200
16.866700
16.903700
16.938100
16.970100
16.999700
17.026900
17.051700
17.074200
17.094400
17.112400
17.128200
17.141900
17.153300
17.162700
17.170000
17.175300
17.178500
17.179800
17.179200
17.176600
17.172200
17.165900
17.157900
17.148000
17.136400
17.123100
17.108100
17.091500
17.073200
17.053300
17.031900
17.008900
16.984400
16.958500
16.931100
16.902300
16.872000
16.840400
16.807500
16.773200
16.737700
16.700900
16.662900
16.623700
16.583200
16.541600
16.498900
16.455100
16.410200
16.364200
16.317200
16.269200
16.220300
16.170300
16.119400
16.067500
16.014800
15.961200
15.906800
15.851600
15.795500
15.738700
15.681100
15.622700
15.563700
15.503900
15.443500
15.382400
15.320600
15.258200
15.195300
15.131700
15.067700
15.003000
14.937900
14.872200
14.806100
14.739500
14.672400
14.604900
14.537000
14.468700
14.400100
14.331100
14.261700
14.192000
14.122100
14.051800
13.981200
13.910300
13.839300
13.768000
13.696500
13.624800
13.552900
13.480900
13.408700
13.336300
13.263900
13.191300
13.118600
13.045900
12.973100
12.900200
12.827300
12.754500
12.681500
12.608600
12.535700
12.462800
12.390000
12.317200
12.244500
12.171800
12.099200
12.026800
11.954500
11.882200
11.810200
11.738200
11.666500
11.594900
11.523500
11.452200
11.381200
11.310300
11.239700
11.169400
11.099200
11.029300
10.959600
10.890300
10.821200
10.752400
10.683800
10.615600
10.547700
10.480100
10.412800
10.345800
10.279200
10.212900
10.147000
10.081400
10.016200
9.951300
9.886780
9.822670
9.758960
9.695610
9.632660
9.570110
9.507980
9.446250
9.384870
9.323960
9.263460
9.203360
9.143730
9.084500
9.025680
8.967270
8.909380
8.851840
8.794770
8.738160
8.681960
8.626170
8.570900
8.515980
8.461580
8.407590
8.354070
8.300950
8.248300
8.196120
8.144340
8.093020
8.042180
7.991730
7.941700
7.892190
7.843030
7.794390
7.746160
7.698340
7.650930
7.604030
7.557490
7.511410
7.465740
7.420480
7.375680
7.331240
7.287250
7.243680
7.200510
7.157750
7.115390
7.073390
7.031850
6.990660
6.949880
6.909500
6.869530
6.829910
6.790640
6.751780
6.713260
6.675160
6.637400
6.599990
6.562990
6.526280
6.489980
6.453960
6.418360
6.383040
6.348080
6.313460
6.279200
6.245220
6.211590
6.178310
6.145330
6.112630
6.080280
6.048230
6.016460
5.984990
5.953860
5.922970
5.892430
5.862110
5.832150
5.802420
5.772980
5.743830
5.714930
5.686310
5.657950
5.629860
5.602030
5.574450
5.547120
5.520050
5.493220
5.466630
5.440290
5.414190
5.388320
5.362690
5.337290
5.312110
5.287150
5.262420
5.237910
5.213620
5.189540
5.165670
5.142010
5.118550
5.095310
5.072260
5.049410
5.026750
5.004300
4.982030
4.959950
4.938060
4.916350
4.894830
4.873490
4.852330
4.831340
4.810530
4.789890
4.769420
4.749120
4.728990
4.709010
4.689200
4.669560
4.650060
4.630730
4.611550
4.592520
4.573640
4.554920
4.536340
4.517900
4.499610
4.481470
4.463460
4.445590
4.427860
4.410270
4.392810
4.375480
4.358280
4.341220
4.324280
4.307470
4.290780
4.274220
4.257780
4.241460
4.225260
4.209180
4.193220
4.177370
4.161640
4.146020
4.130520
4.115120
4.099830
4.084650
4.069580
4.054620
4.039760
4.025000
4.010340
3.995790
3.981340
3.966980
3.952730
3.938570
3.924510
3.910540
3.896670
3.882890
3.869200
3.855610
3.842100
3.828690
3.815360
3.802120
3.788960
3.775890
3.762900
3.750010
3.737190
3.724450
3.711800
3.699230
3.686730
3.674320
3.661980
3.649720
3.637540
3.625430
3.613400
3.601440
3.589560
3.577750
3.566010
3.554340
3.542740
3.531220
3.519760
3.508370
3.497050
3.485800
3.474610
3.463490
3.452430
3.441440
3.430520
3.419660
3.408860
3.398120
3.387450
3.376840
3.366280
3.355790
3.345360
3.334980
3.324670
3.314410
3.304210
3.294070
3.283980
3.273950
3.263980
3.254060
3.244200
3.234390
3.224630
3.214930
3.205280
3.195680
3.186130
3.176630
3.167190
3.157790
3.148440
3.139150
3.129900
3.120700
3.111550
3.102450
3.093390
3.084390
3.075430
3.066510
3.057640
3.048820
3.040040
3.031300
3.022610
3.013970
3.005370
2.996810
2.988290
2.979820
2.971390
2.963000
2.954650
2.946350
2.938080
2.929850
2.921670
2.913520
2.905420
2.897350
2.889330
2.881340
2.873380
2.865470
2.857600
2.849760
2.841960
2.834200
2.826480
2.818780
2.811130
2.803520
2.795930
2.788390
2.780880
2.773400
2.765950
2.758550
2.751170
2.743830
2.736530
2.729250
2.722010
2.714800
2.707620
2.700480
2.693370
2.686290
2.679240
2.672230
2.665240
2.658280
2.651360
2.644460
2.637610
2.630770
2.623970
2.617190
2.610450
2.603730
2.597040
2.590390
2.583760
2.577160
2.570580
2.564020
2.557510
2.551020
2.544560
2.538120
2.531720
2.525330
2.518980
2.512650
2.506350
2.500080
2.493830
2.487610
2.481410
2.475240
2.469090
2.462970
2.456880
2.450800
2.444760
2.438740
2.432740
2.426760
2.420810
2.414890
2.408980
2.403110
2.397250
2.391420
2.385610
2.379830
2.374060
2.368320
2.362600
2.356910
2.351240
2.345580
2.339960
2.334350
2.328760
2.323200
2.317660
2.312140
2.306640
2.301160
2.295700
2.290260
2.284840
2.279450
2.274080
2.268720
2.263390
2.258070
2.252780
2.247500
2.242250
2.237010
2.231800
2.226600
2.221420
2.216260
2.211130
2.206000
2.200900
2.195820
2.190760
2.185710
2.180680
2.175670
2.170680
2.165710
2.160760
2.155820
2.150900
2.146000
2.141110
2.136250
2.131400
2.126570
2.121750
2.116960
2.112180
2.107410
2.102670
2.097940
2.093220
2.088530
2.083850
2.079180
2.074540
2.069910
2.065290
2.060690
2.056110
2.051540
2.046990
2.042450
2.037930
2.033430
2.028940
2.024460
2.020010
2.015560
2.011130
2.006720
2.002320
1.997940
1.993570
1.989210
1.984870
1.980550
1.976240
1.971940
1.967660
1.963390
1.959140
1.954900
1.950670
1.946460
1.942270
1.938090
1.933910
1.929760
1.925620
1.921490
1.917370
1.913270
1.909180
1.905110
1.901050
1.897000
1.892960
1.888940
1.884930
1.880940
1.876950
1.872980
1.869020
1.865080
1.861140
1.857220
1.853310
1.849420
1.845540
1.841670
1.837810
1.833960
1.830130
1.826310
1.822500
1.818700
1.814910
1.811140
1.807380
1.803620
1.799890
1.796160
1.792440
1.788740
1.785050
1.781370
1.777690
1.774030
1.770390
1.766760
1.763130
1.759510
1.755910
1.752320
1.748740
1.745170
1.741610
1.738060
1.734530
1.731000
1.727480
1.723980
1.720480
1.717000
1.713520
1.710060
1.706610
1.703170
1.699740
1.696310
1.692900
1.689500
1.686110
1.682720
1.679360
1.675990
1.672640
1.669300
1.665970
1.662650
1.659340
1.656030
1.652740
1.649460
1.646190
1.642920
1.639670
1.636430
1.633190
1.629960
1.626750
1.623540
1.620340
1.617150
1.613980
1.610800
1.607650
1.604490
1.601350
1.598210
1.595090
1.591980
1.588870
1.585770
1.582680
1.579600
1.576530
1.573470
1.570420
1.567370
1.564330
1.561310
1.558290
1.555270
1.552270
1.549280
1.546290
1.543320
1.540350
1.537390
1.534430
1.531490
1.528560
1.525630
1.522710
1.519800
1.516900
1.514000
1.511120
1.508240
1.505370
1.502510
1.499650
1.496800
1.493970
1.491130
1.488310
1.485490
1.482680
1.479890
1.477090
1.474310
1.471530
1.468760
1.466000
1.463250
1.460500
1.457760
1.455030
1.452300
1.449590
1.446880
1.444170
1.441480
1.438790
1.436110
1.433440
1.430770
1.428110
1.425460
1.422810
1.420180
1.417550
1.414920
1.412310
1.409690
1.407090
1.404500
1.401910
1.399330
1.396760
1.394180
1.391620
1.389070
1.386520
1.383990
1.381450
1.378920
1.376400
1.373890
1.371380
1.368880
1.366390
1.363900
1.361420
1.358950
1.356470
1.354010
1.351560
1.349110
1.346670
1.344230
1.341800
1.339380
1.336960
1.334550
1.332150
1.329750
1.327360
1.324980
1.322600
1.320220
1.317850
1.315490
1.313140
1.310790
1.308450
1.306110
1.303780
1.301450
1.299140
1.296820
1.294520
1.292220
1.289920
1.287630
1.285350
1.283070
1.280800
1.278530
1.276280
1.274020
1.271770
1.269530
1.267290
1.265060
1.262840
1.260610
1.258400
1.256190
1.253990
1.251790
1.249600
1.247410
1.245230
1.243060
1.240890
1.238720
1.236560
1.234410
1.232260
1.230120
1.227980
1.225850
1.223720
1.221600
1.219490
1.217380
1.215270
1.213170
1.211070
1.208990
1.206900
1.204820
1.202740
1.200680
1.198610
1.196550
1.194500
1.192450
1.190410
1.188370
1.186340
1.184310
1.182280
1.180260
1.178250
1.176240
1.174240
1.172240
1.170250
1.168260
1.166280
1.164300
1.162320
1.160360
1.158390
1.156430
1.154470
1.152520
1.150580
1.148640
1.146710
1.144780
1.142850
1.140920
1.139010
1.137100
1.135190
1.133290
1.131390
1.129490
1.127610
1.125720
1.123840
1.121960
1.120100
1.118230
1.116370
1.114510
1.112660
1.110810
1.108960
1.107120
1.105290
1.103460
1.101630
1.099810
1.097990
1.096180
1.094370
1.092570
1.090770
1.088970
1.087180
1.085390
