11.424100
11.424100
11.424000
11.424000
11.424000
11.424100
11.426800
11.427200
11.427200
11.427100
11.427000
11.426900
11.426800
11.426700
11.426700
11.426600
11.426500
11.426500
11.426400
11.426400
11.426300
11.426300
11.426300
11.426200
11.426200
11.426200
11.426200
11.426200
11.426200
11.426200
11.426200
11.426200
11.426200
11.426300
11.426300
11.426300
11.426300
11.426400
11.426400
11.426500
11.426500
11.426600
11.426600
11.426600
11.426700
11.426700
11.426800
11.426900
11.426900
11.427000
11.427000
11.427100
11.427100
11.427200
11.427300
11.427300
11.427400
11.427400
11.427500
11.427600
11.427600
11.427700
11.427700
11.427800
11.427900
11.427900
11.428000
11.428100
11.428100
11.428200
11.428300
11.428300
11.428400
11.428400
11.428500
11.428600
11.428600
11.428700
11.428700
11.428800
11.428900
11.428900
11.429000
11.429000
11.429100
11.429200
11.429200
11.429300
11.429300
11.429400
11.429400
11.429500
11.429600
11.429600
11.429700
11.429700
11.429800
11.429800
11.429900
11.429900
11.430000
11.430000
11.430100
11.430100
11.430200
11.430200
11.430300
11.430300
11.430400
11.430400
11.430500
11.430500
11.430500
11.430600
11.430600
11.430700
11.430700
11.430800
11.430800
11.430800
11.430900
11.430900
11.431000
11.431000
11.431000
11.431100
11.431100
11.431100
11.431200
11.431200
11.431300
11.431300
11.431300
11.431400
11.431400
11.431400
11.431500
11.431500
11.431500
11.431600
11.431600
11.431600
11.431600
11.431700
11.431700
11.431700
11.431800
11.431800
11.431800
11.431800
11.431900
11.431900
11.431900
11.431900
11.432000
11.432000
11.432000
11.432000
11.432100
11.432100
11.432100
11.432100
11.432200
11.432200
11.432200
11.432200
11.432300
11.432300
11.432300
11.432300
11.432300
11.432400
11.432400
11.432400
11.432400
11.432400
11.432400
11.432500
11.432500
11.432500
11.432500
11.432500
11.432500
11.432600
11.432600
11.432600
11.432600
11.432600
11.432600
11.432600
11.432700
11.432700
11.432700
11.432700
11.432700
11.432700
11.432700
11.432800
11.432800
11.432800
11.432800
11.432800
11.432800
11.432800
11.432800
11.432800
11.432900
11.432900
11.432900
11.432900
11.432900
11.432900
11.432900
11.432900
11.432900
11.432900
11.432900
11.433000
11.433000
11.433000
11.433000
11.433000
11.433000
11.433000
11.433000
11.433000
11.433000
11.433000
11.433000
11.433000
11.433000
11.433000
11.433000
11.433000
11.433100
11.433100
11.433100
11.433100
11.433100
11.433100
11.433100
11.433100
11.433100
11.433100
11.433100
11.433100
11.433100
11.433100
11.433100
11.433100
11.433100
11.433100
11.433100
11.433100
11.433100
11.433100
11.433100
11.433100
11.433100
11.433100
11.433100
11.433100
11.433100
11.433100
11.433100
11.433100
11.433100
11.433100
11.433100
11.433100
11.433100
11.433100
11.433100
11.433100
11.433100
11.433100
11.433100
11.433100
11.433100
11.433100
11.433100
11.433100
11.433100
11.433100
11.433100
11.433100
11.433100
11.433100
11.433100
11.433100
11.433100
11.433100
11.433100
11.433100
11.433100
11.433100
11.433100
11.433100
11.433100
11.433100
11.433100
11.433100
11.433100
11.433100
11.433000
11.433000
11.433000
11.433000
11.433000
11.433000
11.433000
11.433000
11.433000
11.433000
11.433000
11.433000
11.433000
11.433000
11.433000
11.433000
11.433000
11.433000
11.433000
11.433000
11.433000
11.433000
11.432900
11.432900
11.432900
11.432900
11.432900
11.432900
11.432900
11.432900
11.432900
11.432900
11.432900
11.432900
11.432900
11.432900
11.432900
11.432900
11.432800
11.432800
11.432800
11.432800
11.432800
11.432800
11.432800
11.432800
11.432800
11.432800
11.432800
11.432800
11.432800
11.432800
11.432800
11.432700
11.432700
11.432700
11.432700
11.432700
11.432700
11.432700
11.432700
11.432700
11.432700
11.432700
11.432700
11.432700
11.432600
11.432600
11.432600
11.432600
11.432600
11.432600
11.432600
11.432600
11.432600
11.432600
11.432600
11.432600
11.432500
11.432500
11.432500
11.432500
11.432500
11.432500
11.432500
11.432500
11.432500
11.432500
11.432500
11.432400
11.432400
11.432400
11.432400
11.432400
11.432400
11.432400
11.432400
11.432400
11.432400
11.432300
11.432300
11.432300
11.432300
11.432300
11.432300
11.432300
11.432300
11.432300
11.432300
11.432300
11.432200
11.432200
11.432200
11.432200
11.432200
11.432200
11.432200
11.432200
11.432200
11.432200
11.432100
11.432100
11.432100
11.432100
11.432100
11.432100
11.432100
11.432100
11.432100
11.432000
11.432000
11.432000
11.432000
11.432000
11.432000
11.432000
11.432000
11.432000
11.432000
11.431900
11.431900
11.431900
11.431900
11.431900
11.431900
11.431900
11.431900
11.431900
11.431800
11.431800
11.431800
11.431800
11.431800
11.431800
11.431800
11.431800
11.431800
11.431700
11.431700
11.431700
11.431700
11.431700
11.431700
11.431700
11.431700
11.431600
11.431600
11.431600
11.431600
11.431600
11.431600
11.431600
11.431600
11.431600
11.431500
11.431500
11.431500
11.431500
11.431500
11.431500
11.431500
11.431500
11.431400
11.431400
11.431400
11.431400
11.431400
11.431400
11.431400
11.431400
11.431400
11.431300
11.431300
11.431300
11.431300
11.431300
11.431300
11.431300
11.431300
11.431200
11.431200
11.431200
11.431200
11.431200
11.431200
11.431200
11.431200
11.431100
11.431100
11.431100
11.431100
11.431100
11.431100
11.431100
11.431100
11.431000
11.431000
11.431000
11.431000
11.431000
11.431000
11.431000
11.431000
11.430900
11.430900
11.430900
11.430900
11.430900
11.430900
11.430900
11.430900
11.430800
11.430800
11.430800
11.430800
11.430800
11.430800
11.430800
11.430700
11.430700
11.430700
11.430700
11.430700
11.430700
11.430700
11.430700
11.430600
11.430600
11.430600
11.430600
11.430600
11.430600
11.430600
11.430600
11.430500
11.430500
11.430500
11.430500
11.430500
11.430500
11.430500
11.430400
11.430400
11.430400
11.430400
11.430400
11.430400
11.430400
11.430400
11.430300
11.430300
11.430300
11.430300
11.430300
11.430300
11.430300
11.430200
11.430200
11.430200
11.430200
11.430200
11.430200
11.430200
11.430200
11.430100
11.430100
11.430100
11.430100
11.430100
11.430100
11.430100
11.430000
11.430000
11.430000
11.430000
11.430000
11.430000
11.430000
11.429900
11.429900
11.429900
11.429900
11.429900
11.429900
11.429900
11.429900
11.429800
11.429800
11.429800
11.429800
11.429800
11.429800
11.429800
11.429700
11.429700
11.429700
11.429700
11.429700
11.429700
11.429700
11.429600
11.429600
11.429600
11.429600
11.429600
11.429600
11.429600
11.429500
11.429500
11.429500
11.429500
11.429500
11.429500
11.429500
11.429400
11.429400
11.429400
11.429400
11.429400
11.429400
11.429400
11.429400
11.429300
11.429300
11.429300
11.429300
11.429300
11.429300
11.429300
11.429200
11.429200
11.429200
11.429200
11.429200
11.429200
11.429200
11.429100
11.429100
11.429100
11.429100
11.429100
11.429100
11.429100
11.429000
11.429000
11.429000
11.429000
11.429000
11.429000
11.429000
11.428900
11.428900
11.428900
11.428900
11.428900
11.428900
11.428900
11.428800
11.428800
11.428800
11.428800
11.428800
11.428800
11.428800
11.428700
11.428700
11.428700
11.428700
11.428700
11.428700
11.428700
11.428600
11.428600
11.428600
11.428600
11.428600
11.428600
11.428600
11.428500
11.428500
11.428500
11.428500
11.428500
11.428500
11.428400
11.428400
11.428400
11.428400
11.428400
11.428400
11.428400
11.428300
11.428300
11.428300
11.428300
11.428300
11.428300
11.428300
11.428200
11.428200
11.428200
11.428200
11.428200
11.428200
11.428200
11.428100
11.428100
11.428100
11.428100
11.428100
11.428100
11.428100
11.428000
11.428000
11.428000
11.428000
11.428000
11.428000
11.428000
11.427900
11.427900
11.427900
11.427900
11.427900
11.427900
11.427900
11.427800
11.427800
11.427800
11.427800
11.427800
11.427800
11.427700
11.427700
11.427700
11.427700
11.427700
11.427700
11.427700
11.427600
11.427600
11.427600
11.427600
11.427600
11.427600
11.427600
11.427500
11.427500
11.427500
11.427500
11.427500
11.427500
11.427500
11.427400
11.427400
11.427400
11.427400
11.427400
11.427400
11.427300
11.427300
11.427300
11.427300
11.427300
11.427300
11.427300
11.427200
11.427200
11.427200
11.427200
11.427200
11.427200
11.427200
11.427100
11.427100
11.427100
11.427100
11.427100
11.427100
11.427100
11.427000
11.427000
11.427000
11.427000
11.427000
11.427000
11.426900
11.426900
11.426900
11.426900
11.426900
11.426900
11.426900
11.426800
11.426800
11.426800
11.426800
11.426800
11.426800
11.426800
11.426700
11.426700
11.426700
11.426700
11.426700
11.426700
11.426700
11.426600
11.426600
11.426600
11.426600
11.426600
11.426600
11.426500
11.426500
11.426500
11.426500
11.426500
11.426500
11.426500
11.426400
11.426400
11.426400
11.426400
11.426400
11.426400
11.426400
11.426300
11.426300
11.426300
11.426300
11.426300
11.426300
11.426200
11.426200
11.426200
11.426200
11.426200
11.426200
11.426200
11.426100
11.426100
11.426100
11.426100
11.426100
11.426100
11.426000
11.426000
11.426000
11.426000
11.426000
11.426000
11.426000
11.425900
11.425900
11.425900
11.425900
11.425900
11.425900
11.425900
11.425800
11.425800
11.425800
11.425800
11.425800
11.425800
11.425700
11.425700
11.425700
11.425700
11.425700
11.425700
11.425700
11.425600
11.425600
11.425600
11.425600
11.425600
11.425600
11.425600
11.425500
11.425500
11.425500
11.425500
11.425500
11.425500
11.425400
11.425400
11.425400
11.425400
11.425400
11.425400
11.425400
11.425300
11.425300
11.425300
11.425300
11.425300
11.425300
11.425200
11.425200
11.425200
11.425200
11.425200
11.425200
11.425200
11.425100
11.425100
11.425100
11.425100
11.425100
11.425100
11.425100
11.425000
11.425000
11.425000
11.425000
11.425000
11.425000
11.424900
11.424900
11.424900
11.424900
11.424900
11.424900
11.424900
11.424800
11.424800
11.424800
11.424800
11.424800
11.424800
11.424700
11.424700
11.424700
11.424700
11.424700
11.424700
11.424700
11.424600
11.424600
11.424600
11.424600
11.424600
11.424600
11.424600
11.424500
11.424500
11.424500
11.424500
11.424500
11.424500
11.424400
11.424400
11.424400
11.424400
11.424400
11.424400
11.424400
11.424300
11.424300
11.424300
11.424300
11.424300
11.424300
11.424200
11.424200
11.424200
11.424200
11.424200
11.424200
11.424200
11.424100
11.424100
11.424100
11.424100
11.424100
11.424100
11.424000
11.424000
11.424000
11.424100
11.426800
11.427200
11.427200
11.427100
11.427000
11.426900
11.426800
11.426700
11.426700
11.426600
11.426500
11.426500
11.426400
11.426400
11.426300
11.426300
11.426300
11.426200
11.426200
11.426200
11.426200
11.426200
11.426200
11.426200
11.426200
11.426200
11.426200
11.426300
11.426300
11.426300
11.426300
11.426400
11.426400
11.426500
11.426500
11.426600
11.426600
11.426600
11.426700
11.426700
11.426800
11.426900
11.426900
11.427000
11.427000
11.427100
11.427100
11.427200
11.427300
11.427300
11.427400
11.427400
11.427500
11.427600
11.427600
11.427700
11.427700
11.427800
11.427900
11.427900
11.428000
11.428100
11.428100
11.428200
11.428200
11.428300
11.428400
11.428400
11.428500
11.428600
11.428600
11.428700
11.428700
11.428800
11.428900
11.428900
11.429000
11.429000
11.429100
11.429200
11.429200
11.429300
11.429300
11.429400
11.429400
11.429500
11.429600
11.429600
11.429700
11.429700
11.429800
11.429800
11.429900
11.429900
11.430000
11.430000
11.430100
11.430100
11.430200
11.430200
11.430300
11.430300
11.430400
11.430400
11.430500
11.430500
11.430500
11.430600
11.430600
11.430700
11.430700
11.430800
11.430800
11.430800
11.430900
11.430900
11.431000
11.431000
11.431000
11.431100
11.431100
11.431100
11.431200
11.431200
11.431300
11.431300
11.431300
11.431400
11.431400
11.431400
11.431500
11.431500
11.431500
11.431600
11.431600
11.431600
11.431600
11.431700
11.431700
11.431700
11.431800
11.431800
11.431800
11.431800
11.431900
11.431900
11.431900
11.431900
11.432000
11.432000
11.432000
11.432000
11.432100
11.432100
11.432100
11.432100
11.432200
11.432200
11.432200
11.432200
11.432200
11.432300
11.432300
11.432300
11.432300
11.432300
11.432400
11.432400
11.432400
11.432400
11.432400
11.432500
11.432500
11.432500
11.432500
11.432500
11.432500
11.432600
11.432600
11.432600
11.432600
11.432600
11.432600
11.432600
11.432700
11.432700
11.432700
11.432700
11.432700
11.432700
11.432700
11.432800
11.432800
11.432800
11.432800
11.432800
11.432800
11.432800
11.432800
11.432800
11.432900
11.432900
11.432900
11.432900
11.432900
11.432900
11.432900
11.432900
11.432900
11.432900
11.432900
11.432900
11.433000
11.433000
11.433000
11.433000
11.433000
11.433000
11.433000
11.433000
11.433000
11.433000
11.433000
11.433000
11.433000
11.433000
11.433000
11.433000
11.433100
11.433100
11.433100
11.433100
11.433100
11.433100
11.433100
11.433100
11.433100
11.433100
11.433100
11.433100
11.433100
11.433100
11.433100
11.433100
11.433100
11.433100
11.433100
11.433100
11.433100
11.433100
11.433100
11.433100
11.433100
11.433100
11.433100
11.433100
11.433100
11.433100
11.433100
11.433100
11.433100
11.433100
11.433100
11.433100
11.433100
11.433100
11.433100
11.433100
11.433100
11.433100
11.433100
11.433100
11.433100
11.433100
11.433100
11.433100
11.433100
11.433100
11.433100
11.433100
11.433100
11.433100
11.433100
11.433100
11.433100
11.433100
11.433100
11.433100
11.433100
11.433100
11.433100
11.433100
11.433100
11.433100
11.433100
11.433100
11.433100
11.433100
11.433000
11.433000
11.433000
11.433000
11.433000
11.433000
11.433000
11.433000
11.433000
11.433000
11.433000
11.433000
11.433000
11.433000
11.433000
11.433000
11.433000
11.433000
11.433000
11.433000
11.433000
11.433000
11.432900
11.432900
11.432900
11.432900
11.432900
11.432900
11.432900
11.432900
11.432900
11.432900
11.432900
11.432900
11.432900
11.432900
11.432900
11.432900
11.432800
11.432800
11.432800
11.432800
11.432800
11.432800
11.432800
11.432800
11.432800
11.432800
11.432800
11.432800
11.432800
11.432800
11.432800
11.432700
11.432700
11.432700
11.432700
11.432700
11.432700
11.432700
11.432700
11.432700
11.432700
11.432700
11.432700
11.432600
11.432600
11.432600
11.432600
11.432600
11.432600
11.432600
11.432600
11.432600
11.432600
11.432600
11.432600
11.432500
11.432500
11.432500
11.432500
11.432500
11.432500
11.432500
11.432500
11.432500
11.432500
11.432500
11.432500
11.432400
11.432400
11.432400
11.432400
11.432400
11.432400
11.432400
11.432400
11.432400
11.432400
11.432300
11.432300
11.432300
11.432300
11.432300
11.432300
11.432300
11.432300
11.432300
11.432300
11.432300
11.432200
11.432200
11.432200
11.432200
11.432200
11.432200
11.432200
11.432200
11.432200
11.432100
11.432100
11.432100
11.432100
11.432100
11.432100
11.432100
11.432100
11.432100
11.432100
11.432000
11.432000
11.432000
11.432000
11.432000
11.432000
11.432000
11.432000
11.432000
11.431900
11.431900
11.431900
11.431900
11.431900
11.431900
11.431900
11.431900
11.431900
11.431900
11.431800
11.431800
11.431800
11.431800
11.431800
11.431800
11.431800
11.431800
11.431700
11.431700
11.431700
11.431700
11.431700
11.431700
11.431700
11.431700
11.431700
11.431600
11.431600
11.431600
11.431600
11.431600
11.431600
11.431600
11.431600
11.431600
11.431500
11.431500
11.431500
11.431500
11.431500
11.431500
11.431500
11.431500
11.431400
11.431400
11.431400
11.431400
11.431400
11.431400
11.431400
11.431400
11.431300
11.431300
11.431300
11.431300
11.431300
11.431300
11.431300
11.431300
11.431300
11.431200
11.431200
11.431200
11.431200
11.431200
11.431200
11.431200
11.431200
11.431100
11.431100
11.431100
11.431100
11.431100
11.431100
11.431100
11.431100
11.431000
11.431000
11.431000
11.431000
11.431000
11.431000
11.431000
11.431000
11.430900
11.430900
11.430900
11.430900
11.430900
11.430900
11.430900
11.430900
11.430800
11.430800
11.430800
11.430800
11.430800
11.430800
11.430800
11.430700
11.430700
11.430700
11.430700
11.430700
11.430700
11.430700
11.430700
11.430600
11.430600
11.430600
11.430600
11.430600
11.430600
11.430600
11.430600
11.430500
11.430500
11.430500
11.430500
11.430500
11.430500
11.430500
11.430400
11.430400
11.430400
11.430400
11.430400
11.430400
11.430400
11.430400
11.430300
11.430300
11.430300
11.430300
11.430300
11.430300
11.430300
11.430200
11.430200
11.430200
11.430200
11.430200
11.430200
11.430200
11.430200
11.430100
11.430100
11.430100
11.430100
11.430100
11.430100
11.430100
11.430000
11.430000
11.430000
11.430000
11.430000
11.430000
11.430000
11.429900
11.429900
11.429900
11.429900
11.429900
11.429900
11.429900
11.429900
11.429800
11.429800
11.429800
11.429800
11.429800
11.429800
11.429800
11.429700
11.429700
11.429700
11.429700
11.429700
11.429700
11.429700
11.429600
11.429600
11.429600
11.429600
11.429600
11.429600
11.429600
11.429500
11.429500
11.429500
11.429500
11.429500
11.429500
11.429500
11.429400
11.429400
11.429400
11.429400
11.429400
11.429400
11.429400
11.429300
11.429300
11.429300
11.429300
11.429300
11.429300
11.429300
11.429300
11.429200
11.429200
11.429200
11.429200
11.429200
11.429200
11.429200
11.429100
11.429100
11.429100
11.429100
11.429100
11.429100
11.429100
11.429000
11.429000
11.429000
11.429000
11.429000
11.429000
11.429000
11.428900
11.428900
11.428900
11.428900
11.428900
11.428900
11.428900
11.428800
11.428800
11.428800
11.428800
11.428800
11.428800
11.428800
11.428700
11.428700
11.428700
11.428700
11.428700
11.428700
11.428700
11.428600
11.428600
11.428600
11.428600
11.428600
11.428600
11.428500
11.428500
11.428500
11.428500
11.428500
11.428500
11.428500
11.428400
11.428400
11.428400
11.428400
11.428400
11.428400
11.428400
11.428300
11.428300
11.428300
11.428300
11.428300
11.428300
11.428300
11.428200
11.428200
11.428200
11.428200
11.428200
11.428200
11.428200
11.428100
11.428100
11.428100
11.428100
11.428100
11.428100
11.428100
11.428000
11.428000
11.428000
11.428000
11.428000
11.428000
11.428000
11.427900
11.427900
11.427900
11.427900
11.427900
11.427900
11.427900
11.427800
11.427800
11.427800
11.427800
11.427800
11.427800
11.427700
11.427700
11.427700
11.427700
11.427700
11.427700
11.427700
11.427600
11.427600
11.427600
11.427600
11.427600
11.427600
11.427600
11.427500
11.427500
11.427500
11.427500
11.427500
11.427500
11.427500
11.427400
11.427400
11.427400
11.427400
11.427400
11.427400
11.427300
11.427300
11.427300
11.427300
11.427300
11.427300
11.427300
11.427200
11.427200
11.427200
11.427200
11.427200
11.427200
11.427200
11.427100
11.427100
11.427100
11.427100
11.427100
11.427100
11.427100
11.427000
11.427000
11.427000
11.427000
11.427000
11.427000
11.426900
11.426900
11.426900
11.426900
11.426900
11.426900
11.426900
11.426800
11.426800
11.426800
11.426800
11.426800
11.426800
11.426800
11.426700
11.426700
11.426700
11.426700
11.426700
11.426700
11.426600
11.426600
11.426600
11.426600
11.426600
11.426600
11.426600
11.426500
11.426500
11.426500
11.426500
11.426500
11.426500
11.426500
11.426400
11.426400
11.426400
11.426400
11.426400
11.426400
11.426300
11.426300
11.426300
11.426300
11.426300
11.426300
11.426300
11.426200
11.426200
11.426200
11.426200
11.426200
11.426200
11.426200
11.426100
11.426100
11.426100
11.426100
11.426100
11.426100
11.426000
11.426000
11.426000
11.426000
11.426000
11.426000
11.426000
11.425900
11.425900
11.425900
11.425900
11.425900
11.425900
11.425900
11.425800
11.425800
11.425800
11.425800
11.425800
11.425800
11.425700
11.425700
11.425700
11.425700
11.425700
11.425700
11.425700
11.425600
11.425600
11.425600
11.425600
11.425600
11.425600
11.425600
11.425500
11.425500
11.425500
11.425500
11.425500
11.425500
11.425400
11.425400
11.425400
11.425400
11.425400
11.425400
11.425400
11.425300
11.425300
11.425300
11.425300
11.425300
11.425300
11.425200
11.425200
11.425200
11.425200
11.425200
11.425200
11.425200
11.425100
11.425100
11.425100
11.425100
11.425100
11.425100
11.425100
11.425000
11.425000
11.425000
11.425000
11.425000
11.425000
11.424900
11.424900
11.424900
11.424900
11.424900
11.424900
11.424900
11.424800
11.424800
11.424800
11.424800
11.424800
11.424800
11.424700
11.424700
11.424700
11.424700
11.424700
11.424700
11.424700
11.424600
11.424600
11.424600
11.424600
11.424600
11.424600
11.424500
11.424500
11.424500
11.424500
11.424500
11.424500
11.424500
11.424400
11.424400
11.424400
11.424400
11.424400
11.424400
11.424400
11.424300
11.424300
11.424300
11.424300
11.424300
11.424300
11.424200
11.424200
11.424200
11.424200
11.424200
11.424200
11.424200
11.424100
11.424100
11.424100
11.424100
11.424100
11.424100
11.424000
11.424000
11.424000
11.424100
11.426800
11.427200
11.427200
11.427100
11.427000
11.426900
11.426800
11.426700
11.426700
11.426600
11.426500
11.426500
11.426400
11.426400
11.426300
11.426300
11.426300
11.426200
11.426200
11.426200
11.426200
11.426200
11.426200
11.426200
11.426200
11.426200
11.426200
11.426200
11.426300
11.426300
11.426300
11.426400
11.426400
11.426500
11.426500
11.426600
11.426600
11.426600
11.426700
11.426700
11.426800
11.426900
11.426900
11.427000
11.427000
11.427100
11.427100
11.427200
11.427300
11.427300
11.427400
11.427400
11.427500
11.427600
11.427600
11.427700
11.427700
11.427800
11.427900
11.427900
11.428000
11.428100
11.428100
11.428200
11.428200
11.428300
11.428400
11.428400
11.428500
11.428600
11.428600
11.428700
11.428700
11.428800
11.428900
11.428900
11.429000
11.429000
11.429100
11.429200
11.429200
11.429300
11.429300
11.429400
11.429400
11.429500
11.429600
11.429600
11.429700
11.429700
11.429800
11.429800
11.429900
11.429900
11.430000
11.430000
11.430100
11.430100
11.430200
11.430200
11.430300
11.430300
11.430400
11.430400
11.430400
11.430500
11.430500
11.430600
11.430600
11.430700
11.430700
11.430800
11.430800
11.430800
11.430900
11.430900
11.431000
11.431000
11.431000
11.431100
11.431100
11.431100
11.431200
11.431200
11.431300
11.431300
11.431300
11.431400
11.431400
11.431400
11.431500
11.431500
11.431500
11.431600
11.431600
11.431600
11.431600
11.431700
11.431700
11.431700
11.431800
11.431800
11.431800
11.431800
11.431900
11.431900
11.431900
11.431900
11.432000
11.432000
11.432000
11.432000
11.432100
11.432100
11.432100
11.432100
11.432200
11.432200
11.432200
11.432200
11.432200
11.432300
11.432300
11.432300
11.432300
11.432300
11.432400
11.432400
11.432400
11.432400
11.432400
11.432500
11.432500
11.432500
11.432500
11.432500
11.432500
11.432600
11.432600
11.432600
11.432600
11.432600
11.432600
11.432600
11.432700
11.432700
11.432700
11.432700
11.432700
11.432700
11.432700
11.432800
11.432800
11.432800
11.432800
11.432800
11.432800
11.432800
11.432800
11.432800
11.432900
11.432900
11.432900
11.432900
11.432900
11.432900
11.432900
11.432900
11.432900
11.432900
11.432900
11.432900
11.433000
11.433000
11.433000
11.433000
11.433000
11.433000
11.433000
11.433000
11.433000
11.433000
11.433000
11.433000
11.433000
11.433000
11.433000
11.433000
11.433100
11.433100
11.433100
11.433100
11.433100
11.433100
11.433100
11.433100
11.433100
11.433100
11.433100
11.433100
11.433100
11.433100
11.433100
11.433100
11.433100
11.433100
11.433100
11.433100
11.433100
11.433100
11.433100
11.433100
11.433100
11.433100
11.433100
11.433100
11.433100
11.433100
11.433100
11.433100
11.433100
11.433100
11.433100
11.433100
11.433100
11.433100
11.433100
11.433100
11.433100
11.433100
11.433100
11.433100
11.433100
11.433100
11.433100
11.433100
11.433100
11.433100
11.433100
11.433100
11.433100
11.433100
11.433100
11.433100
11.433100
11.433100
11.433100
11.433100
11.433100
11.433100
11.433100
11.433100
11.433100
11.433100
11.433100
11.433100
11.433100
11.433100
11.433000
11.433000
11.433000
11.433000
11.433000
11.433000
11.433000
11.433000
11.433000
11.433000
11.433000
11.433000
11.433000
11.433000
11.433000
11.433000
11.433000
11.433000
11.433000
11.433000
11.433000
11.432900
11.432900
11.432900
11.432900
11.432900
11.432900
11.432900
11.432900
11.432900
11.432900
11.432900
11.432900
11.432900
11.432900
11.432900
11.432900
11.432900
11.432800
11.432800
11.432800
11.432800
11.432800
11.432800
11.432800
11.432800
11.432800
11.432800
11.432800
11.432800
11.432800
11.432800
11.432700
11.432700
11.432700
11.432700
11.432700
11.432700
11.432700
11.432700
11.432700
11.432700
11.432700
11.432700
11.432700
11.432600
11.432600
11.432600
11.432600
11.432600
11.432600
11.432600
11.432600
11.432600
11.432600
11.432600
11.432600
11.432500
11.432500
11.432500
11.432500
11.432500
11.432500
11.432500
11.432500
11.432500
11.432500
11.432500
11.432400
11.432400
11.432400
11.432400
11.432400
11.432400
11.432400
11.432400
11.432400
11.432400
11.432400
11.432300
11.432300
11.432300
11.432300
11.432300
11.432300
11.432300
11.432300
11.432300
11.432300
11.432200
11.432200
11.432200
11.432200
11.432200
11.432200
11.432200
11.432200
11.432200
11.432200
11.432100
11.432100
11.432100
11.432100
11.432100
11.432100
11.432100
11.432100
11.432100
11.432100
11.432000
11.432000
11.432000
11.432000
11.432000
11.432000
11.432000
11.432000
11.432000
11.431900
11.431900
11.431900
11.431900
11.431900
11.431900
11.431900
11.431900
11.431900
11.431800
11.431800
11.431800
11.431800
11.431800
11.431800
11.431800
11.431800
11.431800
11.431700
11.431700
11.431700
11.431700
11.431700
11.431700
11.431700
11.431700
11.431700
11.431600
11.431600
11.431600
11.431600
11.431600
11.431600
11.431600
11.431600
11.431600
11.431500
11.431500
11.431500
11.431500
11.431500
11.431500
11.431500
11.431500
11.431400
11.431400
11.431400
11.431400
11.431400
11.431400
11.431400
11.431400
11.431300
11.431300
11.431300
11.431300
11.431300
11.431300
11.431300
11.431300
11.431300
11.431200
11.431200
11.431200
11.431200
11.431200
11.431200
11.431200
11.431200
11.431100
11.431100
11.431100
11.431100
11.431100
11.431100
11.431100
11.431100
11.431000
11.431000
11.431000
11.431000
11.431000
11.431000
11.431000
11.431000
11.430900
11.430900
11.430900
11.430900
11.430900
11.430900
11.430900
11.430800
11.430800
11.430800
11.430800
11.430800
11.430800
11.430800
11.430800
11.430700
11.430700
11.430700
11.430700
11.430700
11.430700
11.430700
11.430700
11.430600
11.430600
11.430600
11.430600
11.430600
11.430600
11.430600
11.430500
11.430500
11.430500
11.430500
11.430500
11.430500
11.430500
11.430500
11.430400
11.430400
11.430400
11.430400
11.430400
11.430400
11.430400
11.430400
11.430300
11.430300
11.430300
11.430300
11.430300
11.430300
11.430300
11.430200
11.430200
11.430200
11.430200
11.430200
11.430200
11.430200
11.430100
11.430100
11.430100
11.430100
11.430100
11.430100
11.430100
11.430100
11.430000
11.430000
11.430000
11.430000
11.430000
11.430000
11.430000
11.429900
11.429900
11.429900
11.429900
11.429900
11.429900
11.429900
11.429800
11.429800
11.429800
11.429800
11.429800
11.429800
11.429800
11.429800
11.429700
11.429700
11.429700
11.429700
11.429700
11.429700
11.429700
11.429600
11.429600
11.429600
11.429600
11.429600
11.429600
11.429600
11.429500
11.429500
11.429500
11.429500
11.429500
11.429500
11.429500
11.429400
11.429400
11.429400
11.429400
11.429400
11.429400
11.429400
11.429300
11.429300
11.429300
11.429300
11.429300
11.429300
11.429300
11.429200
11.429200
11.429200
11.429200
11.429200
11.429200
11.429200
11.429200
11.429100
11.429100
11.429100
11.429100
11.429100
11.429100
11.429100
11.429000
11.429000
11.429000
11.429000
11.429000
11.429000
11.429000
11.428900
11.428900
11.428900
11.428900
11.428900
11.428900
11.428900
11.428800
11.428800
11.428800
11.428800
11.428800
11.428800
11.428800
11.428700
11.428700
11.428700
11.428700
11.428700
11.428700
11.428600
11.428600
11.428600
11.428600
11.428600
11.428600
11.428600
11.428500
11.428500
11.428500
11.428500
11.428500
11.428500
11.428500
11.428400
11.428400
11.428400
11.428400
11.428400
11.428400
11.428400
11.428300
11.428300
11.428300
11.428300
11.428300
11.428300
11.428300
11.428200
11.428200
11.428200
11.428200
11.428200
11.428200
11.428200
11.428100
11.428100
11.428100
11.428100
11.428100
11.428100
11.428100
11.428000
11.428000
11.428000
11.428000
11.428000
11.428000
11.428000
11.427900
11.427900
11.427900
11.427900
11.427900
11.427900
11.427800
11.427800
11.427800
11.427800
11.427800
11.427800
11.427800
11.427700
11.427700
11.427700
11.427700
11.427700
11.427700
11.427700
11.427600
11.427600
11.427600
11.427600
11.427600
11.427600
11.427600
11.427500
11.427500
11.427500
11.427500
11.427500
11.427500
11.427500
11.427400
11.427400
11.427400
11.427400
11.427400
11.427400
11.427300
11.427300
11.427300
11.427300
11.427300
11.427300
11.427300
11.427200
11.427200
11.427200
11.427200
11.427200
11.427200
11.427200
11.427100
11.427100
11.427100
11.427100
11.427100
11.427100
11.427100
11.427000
11.427000
11.427000
11.427000
11.427000
11.427000
11.426900
11.426900
11.426900
11.426900
11.426900
11.426900
11.426900
11.426800
11.426800
11.426800
11.426800
11.426800
11.426800
11.426800
11.426700
11.426700
11.426700
11.426700
11.426700
11.426700
11.426600
11.426600
11.426600
11.426600
11.426600
11.426600
11.426600
11.426500
11.426500
11.426500
11.426500
11.426500
11.426500
11.426500
11.426400
11.426400
11.426400
11.426400
11.426400
11.426400
11.426300
11.426300
11.426300
11.426300
11.426300
11.426300
11.426300
11.426200
11.426200
11.426200
11.426200
11.426200
11.426200
11.426200
11.426100
11.426100
11.426100
11.426100
11.426100
11.426100
11.426000
11.426000
11.426000
11.426000
11.426000
11.426000
11.426000
11.425900
11.425900
11.425900
11.425900
11.425900
11.425900
11.425900
11.425800
11.425800
11.425800
11.425800
11.425800
11.425800
11.425700
11.425700
11.425700
11.425700
11.425700
11.425700
11.425700
11.425600
11.425600
11.425600
11.425600
11.425600
11.425600
11.425500
11.425500
11.425500
11.425500
11.425500
11.425500
11.425500
11.425400
11.425400
11.425400
11.425400
11.425400
11.425400
11.425400
11.425300
11.425300
11.425300
11.425300
11.425300
11.425300
11.425200
11.425200
11.425200
11.425200
11.425200
11.425200
11.425200
11.425100
11.425100
11.425100
11.425100
11.425100
11.425100
11.425000
11.425000
11.425000
11.425000
11.425000
11.425000
11.425000
11.424900
11.424900
11.424900
11.424900
11.424900
11.424900
11.424900
11.424800
11.424800
11.424800
11.424800
11.424800
11.424800
11.424700
11.424700
11.424700
11.424700
11.424700
11.424700
11.424700
11.424600
11.424600
11.424600
11.424600
11.424600
11.424600
11.424500
11.424500
11.424500
11.424500
11.424500
11.424500
11.424500
11.424400
11.424400
11.424400
11.424400
11.424400
11.424400
11.424400
11.424300
11.424300
11.424300
11.424300
11.424300
11.424300
11.424200
11.424200
11.424200
11.424200
11.424200
11.424200
11.424200
11.424100
11.424100
11.424100
11.424100
11.424100
