1.022370
1.020670
1.018980
1.017280
1.015600
1.013940
1.012350
1.011920
1.013520
1.017500
1.024620
1.036360
1.055820
1.088500
1.141440
1.221710
1.334810
1.483740
1.668720
1.887730
2.137110
2.412420
2.709070
3.022680
3.349290
3.685360
4.027610
4.373070
4.719150
5.063660
5.404910
5.741630
6.072910
6.398040
6.716700
7.028560
7.333470
7.631340
7.922190
8.206010
8.482920
8.752990
9.016270
9.272950
9.523080
9.766780
10.004200
10.235500
10.460700
10.680000
10.893400
11.101200
11.303300
11.499900
11.691000
11.876900
12.057500
12.233000
12.403400
12.568800
12.729400
12.885200
13.036300
13.182700
13.324500
13.461800
13.594800
13.723300
13.847500
13.967600
14.083500
14.195300
14.303000
14.406800
14.506600
14.602700
14.695000
14.783600
14.868400
14.949700
15.027500
15.101800
15.172700
15.240100
15.304200
15.365100
15.422800
15.477300
15.528700
15.577100
15.622300
15.664700
15.704200
15.740800
15.774600
15.805600
15.833900
15.859500
15.882600
15.903000
15.920900
15.936400
15.949300
15.960000
15.968200
15.974200
15.977900
15.979300
15.978700
15.975800
15.970800
15.963900
15.954900
15.943900
15.931000
15.916300
15.899600
15.881200
15.861000
15.839000
15.815400
15.790100
15.763100
15.734700
15.704600
15.673000
15.639900
15.605400
15.569500
15.532200
15.493500
15.453600
15.412400
15.369900
15.326300
15.281400
15.235400
15.188300
15.140100
15.090900
15.040500
14.989300
14.937100
14.883800
14.829800
14.774800
14.719000
14.662400
14.605000
14.546800
14.487800
14.428200
14.367800
14.306800
14.245200
14.182900
14.120000
14.056600
13.992600
13.928100
13.863200
13.797700
13.731800
13.665500
13.598800
13.531600
13.464100
13.396300
13.328200
13.259800
13.191100
13.122100
13.052900
12.983500
12.913800
12.844000
12.774000
12.703800
12.633600
12.563300
12.492800
12.422200
12.351700
12.281000
12.210400
12.139700
12.069000
11.998400
11.927800
11.857200
11.786700
11.716200
11.645900
11.575600
11.505600
11.435600
11.365800
11.296100
11.226600
11.157300
11.088200
11.019200
10.950500
10.882100
10.813800
10.745800
10.678100
10.610600
10.543400
10.476500
10.409900
10.343600
10.277700
10.212000
10.146600
10.081700
10.017000
9.952650
9.888700
9.825160
9.761920
9.699040
9.636580
9.574550
9.512810
9.451550
9.390660
9.330120
9.270070
9.210370
9.151160
9.092300
9.033930
8.975920
8.918380
8.861210
8.804520
8.748250
8.692460
8.637020
8.582070
8.527540
8.473490
8.419860
8.366660
8.313930
8.261560
8.209730
8.158260
8.107280
8.056710
8.006620
7.956960
7.907710
7.858890
7.810480
7.762560
7.715060
7.667970
7.621310
7.575070
7.529250
7.483900
7.438920
7.394360
7.350220
7.306500
7.263140
7.220260
7.177740
7.135640
7.093900
7.052590
7.011630
6.971090
6.930910
6.891160
6.851760
6.812730
6.774050
6.735800
6.697840
6.660310
6.623070
6.586260
6.549740
6.513590
6.477800
6.442370
6.407230
6.372400
6.337990
6.303820
6.270010
6.236560
6.203350
6.170500
6.137950
6.105760
6.073810
6.042160
6.010810
5.979790
5.949040
5.918570
5.888390
5.858480
5.828870
5.799520
5.770440
5.741630
5.713080
5.684800
5.656780
5.629010
5.601490
5.574230
5.547210
5.520430
5.493900
5.467600
5.441540
5.415710
5.390110
5.364740
5.339600
5.314670
5.289960
5.265470
5.241190
5.217130
5.193270
5.169620
5.146180
5.122930
5.099880
5.077030
5.054370
5.031910
5.009630
4.987550
4.965640
4.943930
4.922390
4.901020
4.879840
4.858830
4.837990
4.817320
4.796820
4.776490
4.756320
4.736310
4.716470
4.696780
4.677250
4.657870
4.638640
4.619570
4.600650
4.581870
4.563240
4.544760
4.526410
4.508210
4.490150
4.472220
4.454440
4.436780
4.419250
4.401870
4.384610
4.367480
4.350470
4.333590
4.316840
4.300210
4.283700
4.267310
4.251030
4.234890
4.218840
4.202920
4.187120
4.171420
4.155830
4.140360
4.124990
4.109730
4.094580
4.079530
4.064590
4.049750
4.035010
4.020370
4.005830
3.991400
3.977060
3.962810
3.948660
3.934610
3.920650
3.906780
3.893000
3.879320
3.865720
3.852210
3.838790
3.825460
3.812210
3.799050
3.785970
3.772980
3.760070
3.747240
3.734490
3.721830
3.709240
3.696730
3.684300
3.671940
3.659660
3.647460
3.635330
3.623280
3.611300
3.599390
3.587560
3.575790
3.564100
3.552470
3.540920
3.529430
3.518010
3.506660
3.495380
3.484160
3.473010
3.461910
3.450890
3.439930
3.429030
3.418200
3.407430
3.396710
3.386060
3.375470
3.364940
3.354470
3.344060
3.333700
3.323400
3.313160
3.302970
3.292850
3.282770
3.272750
3.262790
3.252880
3.243020
3.233220
3.223470
3.213770
3.204120
3.194530
3.184980
3.175490
3.166050
3.156650
3.147300
3.138010
3.128760
3.119560
3.110400
3.101300
3.092240
3.083230
3.074260
3.065340
3.056460
3.047630
3.038840
3.030100
3.021400
3.012750
3.004130
2.995560
2.987030
2.978550
2.970100
2.961700
2.953340
2.945020
2.936740
2.928500
2.920300
2.912140
2.904010
2.895930
2.887880
2.879880
2.871910
2.863980
2.856080
2.848230
2.840410
2.832630
2.824880
2.817170
2.809490
2.801850
2.794240
2.786670
2.779140
2.771630
2.764170
2.756730
2.749330
2.741970
2.734640
2.727340
2.720070
2.712830
2.705630
2.698460
2.691320
2.684210
2.677140
2.670090
2.663080
2.656090
2.649140
2.642210
2.635330
2.628460
2.621630
2.614820
2.608050
2.601300
2.594580
2.587890
2.581230
2.574600
2.567990
2.561420
2.554870
2.548350
2.541850
2.535390
2.528940
2.522530
2.516150
2.509780
2.503450
2.497140
2.490860
2.484600
2.478370
2.472160
2.465980
2.459820
2.453690
2.447590
2.441500
2.435440
2.429410
2.423400
2.417420
2.411450
2.405520
2.399600
2.393710
2.387840
2.381990
2.376180
2.370370
2.364600
2.358840
2.353110
2.347400
2.341710
2.336050
2.330400
2.324770
2.319180
2.313590
2.308040
2.302500
2.296980
2.291490
2.286010
2.280560
2.275120
2.269710
2.264320
2.258940
2.253590
2.248260
2.242940
2.237650
2.232370
2.227120
2.221880
2.216670
2.211470
2.206290
2.201130
2.195990
2.190870
2.185770
2.180680
2.175620
2.170570
2.165540
2.160530
2.155530
2.150560
2.145600
2.140660
2.135730
2.130830
2.125940
2.121070
2.116210
2.111380
2.106560
2.101760
2.096970
2.092200
2.087450
2.082710
2.077990
2.073290
2.068600
2.063930
2.059280
2.054640
2.050020
2.045410
2.040820
2.036240
2.031680
2.027130
2.022610
2.018090
2.013590
2.009110
2.004640
2.000190
1.995750
1.991330
1.986920
1.982530
1.978150
1.973780
1.969430
1.965100
1.960770
1.956470
1.952170
1.947900
1.943630
1.939380
1.935140
1.930920
1.926710
1.922520
1.918330
1.914160
1.910010
1.905870
1.901750
1.897630
1.893530
1.889440
1.885370
1.881300
1.877250
1.873220
1.869200
1.865190
1.861190
1.857200
1.853230
1.849270
1.845330
1.841400
1.837470
1.833560
1.829670
1.825780
1.821910
1.818050
1.814200
1.810360
1.806530
1.802720
1.798920
1.795140
1.791360
1.787590
1.783830
1.780090
1.776360
1.772640
1.768930
1.765230
1.761550
1.757880
1.754210
1.750560
1.746920
1.743290
1.739670
1.736060
1.732470
1.728880
1.725300
1.721740
1.718190
1.714640
1.711110
1.707590
1.704080
1.700580
1.697090
1.693610
1.690130
1.686680
1.683230
1.679790
1.676360
1.672940
1.669540
1.666140
1.662750
1.659370
1.656000
1.652640
1.649290
1.645950
1.642620
1.639300
1.635990
1.632690
1.629400
1.626120
1.622850
1.619590
1.616330
1.613090
1.609860
1.606630
1.603410
1.600210
1.597010
1.593820
1.590650
1.587480
1.584320
1.581160
1.578020
1.574890
1.571770
1.568650
1.565540
1.562450
1.559350
1.556270
1.553200
1.550140
1.547080
1.544040
1.541000
1.537970
1.534950
1.531940
1.528930
1.525940
1.522950
1.519970
1.517000
1.514040
1.511090
1.508140
1.505200
1.502270
1.499350
1.496440
1.493530
1.490640
1.487750
1.484870
1.481990
1.479120
1.476270
1.473420
1.470580
1.467740
1.464920
1.462100
1.459290
1.456480
1.453690
1.450900
1.448120
1.445340
1.442580
1.439820
1.437070
1.434330
1.431590
1.428860
1.426140
1.423430
1.420720
1.418020
1.415330
1.412640
1.409960
1.407300
1.404630
1.401980
1.399330
1.396690
1.394050
1.391420
1.388800
1.386190
1.383580
1.380980
1.378390
1.375800
1.373220
1.370650
1.368080
1.365520
1.362970
1.360430
1.357880
1.355350
1.352820
1.350310
1.347790
1.345290
1.342790
1.340290
1.337810
1.335330
1.332850
1.330390
1.327920
1.325470
1.323020
1.320580
1.318150
1.315710
1.313290
1.310870
1.308470
1.306060
1.303670
1.301270
1.298890
1.296510
1.294140
1.291760
1.289400
1.287050
1.284700
1.282360
1.280020
1.277690
1.275360
1.273040
1.270730
1.268430
1.266120
1.263830
1.261540
1.259260
1.256970
1.254700
1.252430
1.250180
1.247920
1.245670
1.243430
1.241190
1.238960
1.236730
1.234510
1.232290
1.230080
1.227880
1.225680
1.223480
1.221300
1.219110
1.216940
1.214760
1.212600
1.210440
1.208280
1.206130
1.203990
1.201840
1.199710
1.197590
1.195460
1.193340
1.191230
1.189120
1.187020
1.184920
1.182830
1.180740
1.178660
1.176580
1.174510
1.172450
1.170380
1.168330
1.166280
1.164230
1.162190
1.160150
1.158120
1.156090
1.154080
1.152060
1.150050
1.148040
1.146040
1.144040
1.142050
1.140060
1.138080
1.136110
1.134130
1.132160
1.130200
1.128250
1.126290
1.124340
1.122400
1.120460
1.118520
1.116600
1.114670
1.112750
1.110840
1.108930
1.107020
1.105110
1.103220
1.101320
1.099440
1.097550
1.095670
1.093800
1.091930
1.090060
1.088200
1.086350
1.084500
1.082650
1.080800
1.078960
1.077130
1.075300
1.073480
1.071660
1.069840
1.068020
1.066210
1.064410
1.062610
1.060820
1.059030
1.057240
1.055460
1.053680
1.051900
1.050130
1.048370
1.046610
1.044850
1.043100
1.041350
1.039600
1.037860
1.036130
1.034390
1.032670
1.030940
1.029220
1.027500
1.025790
1.024090
1.022380
1.020680
1.018980
1.017290
1.015610
1.013940
1.012360
1.011940
1.013530
1.017520
1.024640
1.036370
1.055840
1.088520
1.141470
1.221750
1.334860
1.483780
1.668780
1.887790
2.137170
2.412480
2.709120
3.022740
3.349370
3.685430
4.027680
4.373130
4.719210
5.063710
5.404970
5.741680
6.072970
6.398100
6.716700
7.028560
7.333470
7.631340
7.922130
8.206010
8.482860
8.752930
9.016210
9.272890
9.523020
9.766720
10.004200
10.235500
10.460700
10.679900
10.893400
11.101000
11.303200
11.499700
11.690900
11.876700
12.057300
12.232800
12.403200
12.568700
12.729200
12.885000
13.036100
13.182500
13.324300
13.461600
13.594500
13.723100
13.847400
13.967400
14.083300
14.195100
14.302800
14.406600
14.506500
14.602500
14.694700
14.783300
14.868200
14.949500
15.027300
15.101500
15.172400
15.239900
15.304000
15.364800
15.422500
15.477000
15.528400
15.576800
15.622000
15.664400
15.703900
15.740500
15.774200
15.805300
15.833600
15.859200
15.882200
15.902700
15.920600
15.936000
15.949000
15.959600
15.967800
15.973800
15.977500
15.979000
15.978300
15.975400
15.970500
15.963500
15.954500
15.943600
15.930700
15.915900
15.899300
15.880800
15.860600
15.838700
15.815000
15.789700
15.762800
15.734200
15.704100
15.672600
15.639500
15.605000
15.569100
15.531800
15.493200
15.453200
15.412000
15.369500
15.325900
15.281000
15.235000
15.187900
15.139700
15.090400
15.040200
14.988900
14.936600
14.883500
14.829400
14.774400
14.718600
14.662000
14.604500
14.546300
14.487400
14.427700
14.367400
14.306400
14.244700
14.182500
14.119600
14.056200
13.992200
13.927800
13.862800
13.797300
13.731400
13.665100
13.598400
13.531200
13.463800
13.396000
13.327800
13.259400
13.190700
13.121700
13.052500
12.983000
12.913400
12.843600
12.773600
12.703500
12.633200
12.562800
12.492400
12.421900
12.351300
12.280600
12.210000
12.139300
12.068600
11.998000
11.927300
11.856800
11.786300
11.715900
11.645600
11.575300
11.505200
11.435200
11.365400
11.295700
11.226200
11.156900
11.087800
11.018900
10.950200
10.881700
10.813500
10.745500
10.677800
10.610300
10.543100
10.476200
10.409600
10.343300
10.277300
10.211700
10.146300
10.081400
10.016700
9.952350
9.888400
9.824860
9.761620
9.698740
9.636280
9.574250
9.512510
9.451250
9.390360
9.329880
9.269770
9.210130
9.150860
9.092060
9.033630
8.975680
8.918080
8.860970
8.804280
8.748010
8.692150
8.636780
8.581830
8.527300
8.473250
8.419620
8.366420
8.313690
8.261380
8.209490
8.158020
8.107040
8.056530
8.006380
7.956720
7.907470
7.858650
7.810300
7.762380
7.714820
7.667730
7.621130
7.574890
7.529070
7.483660
7.438740
7.394180
7.350040
7.306320
7.262960
7.220080
7.177560
7.135460
7.093720
7.052410
7.011450
6.970910
6.930730
6.890980
6.851580
6.812550
6.773930
6.735620
6.697720
6.660130
6.622950
6.586080
6.549620
6.513470
6.477620
6.442190
6.407050
6.372280
6.337810
6.303700
6.269890
6.236380
6.203230
6.170380
6.137830
6.105580
6.073690
6.042040
6.010690
5.979660
5.948900
5.918440
5.888260
5.858360
5.828740
5.799390
5.770320
5.741510
5.712960
5.684680
5.656660
5.628890
5.601380
5.574110
5.547090
5.520320
5.493790
5.467490
5.441430
5.415600
5.390010
5.364630
5.339490
5.314560
5.289860
5.265370
5.241090
5.217030
5.193170
5.169520
5.146080
5.122830
5.099790
5.076940
5.054280
5.031820
5.009540
4.987460
4.965560
4.943840
4.922300
4.900940
4.879760
4.858740
4.837910
4.817240
4.796740
4.776410
4.756240
4.736230
4.716390
4.696700
4.677170
4.657790
4.638570
4.619500
4.600570
4.581790
4.563170
4.544680
4.526340
4.508140
4.490080
4.472150
4.454360
4.436710
4.419190
4.401800
4.384540
4.367410
4.350400
4.333530
4.316770
4.300140
4.283630
4.267240
4.250970
4.234820
4.218780
4.202860
4.187050
4.171360
4.155770
4.140300
4.124930
4.109680
4.094520
4.079470
4.064530
4.049690
4.034960
4.020320
4.005780
3.991340
3.977000
3.962760
3.948610
3.934550
3.920590
3.906730
3.892950
3.879260
3.865670
3.852160
3.838740
3.825410
3.812160
3.799000
3.785920
3.772930
3.760020
3.747190
3.734440
3.721780
3.709190
3.696680
3.684250
3.671890
3.659620
3.647410
3.635290
3.623230
3.611250
3.599340
3.587510
3.575740
3.564050
3.552430
3.540870
3.529390
3.517970
3.506620
3.495330
3.484120
3.472960
3.461870
3.450850
3.439890
3.428990
3.418160
3.407380
3.396670
3.386020
3.375430
3.364900
3.354430
3.344010
3.333660
3.323360
3.313120
3.302940
3.292800
3.282730
3.272720
3.262750
3.252840
3.242980
3.233180
3.223430
3.213740
3.204090
3.194490
3.184950
3.175450
3.166010
3.156620
3.147270
3.137970
3.128720
3.119520
3.110370
3.101260
3.092210
3.083190
3.074230
3.065300
3.056430
3.047600
3.038810
3.030070
3.021370
3.012710
3.004100
2.995530
2.987000
2.978520
2.970070
2.961670
2.953310
2.944990
2.936710
2.928470
2.920260
2.912100
2.903980
2.895900
2.887850
2.879850
2.871880
2.863950
2.856050
2.848200
2.840380
2.832600
2.824850
2.817140
2.809460
2.801820
2.794210
2.786650
2.779110
2.771610
2.764140
2.756710
2.749310
2.741940
2.734610
2.727310
2.720040
2.712810
2.705600
2.698430
2.691290
2.684190
2.677110
2.670070
2.663050
2.656070
2.649110
2.642190
2.635300
2.628430
2.621600
2.614790
2.608020
2.601270
2.594550
2.587870
2.581210
2.574570
2.567970
2.561390
2.554850
2.548320
2.541830
2.535360
2.528920
2.522510
2.516120
2.509760
2.503430
2.497110
2.490830
2.484580
2.478340
2.472140
2.465960
2.459800
2.453670
2.447560
2.441480
2.435420
2.429390
2.423380
2.417390
2.411430
2.405490
2.399580
2.393690
2.387820
2.381980
2.376150
2.370350
2.364570
2.358820
2.353090
2.347380
2.341690
2.336020
2.330380
2.324760
2.319150
2.313570
2.308020
2.302480
2.296960
2.291470
2.285990
2.280540
2.275100
2.269690
2.264300
2.258920
2.253570
2.248240
2.242920
2.237630
2.232360
2.227100
2.221860
2.216650
2.211450
2.206270
2.201110
2.195970
2.190850
2.185750
2.180670
2.175600
2.170550
2.165520
2.160510
2.155510
2.150540
2.145580
2.140640
2.135720
2.130810
2.125930
2.121050
2.116200
2.111360
2.106540
2.101740
2.096950
2.092190
2.087430
2.082700
2.077980
2.073270
2.068580
2.063910
2.059260
2.054620
2.050000
2.045390
2.040800
2.036220
2.031660
2.027120
2.022590
2.018080
2.013580
2.009090
2.004630
2.000180
1.995740
1.991310
1.986900
1.982510
1.978130
1.973760
1.969420
1.965080
1.960760
1.956450
1.952160
1.947880
1.943620
1.939360
1.935130
1.930910
1.926700
1.922500
1.918320
1.914150
1.910000
1.905860
1.901730
1.897610
1.893510
1.889430
1.885350
1.881290
1.877240
1.873210
1.869180
1.865170
1.861180
1.857190
1.853220
1.849260
1.845310
1.841380
1.837460
1.833550
1.829650
1.825760
1.821900
1.818030
1.814180
1.810350
1.806520
1.802710
1.798910
1.795120
1.791340
1.787570
1.783820
1.780080
1.776350
1.772630
1.768920
1.765220
1.761540
1.757860
1.754200
1.750550
1.746900
1.743280
1.739660
1.736050
1.732460
1.728870
1.725290
1.721730
1.718170
1.714630
1.711100
1.707570
1.704070
1.700570
1.697080
1.693590
1.690120
1.686660
1.683220
1.679780
1.676350
1.672930
1.669520
1.666120
1.662740
1.659360
1.655990
1.652630
1.649280
1.645940
1.642610
1.639290
1.635980
1.632680
1.629390
1.626110
1.622840
1.619580
1.616320
1.613080
1.609850
1.606620
1.603410
1.600200
1.597000
1.593820
1.590640
1.587460
1.584310
1.581150
1.578010
1.574880
1.571750
1.568640
1.565530
1.562430
1.559340
1.556260
1.553190
1.550130
1.547070
1.544030
1.540990
1.537960
1.534940
1.531930
1.528920
1.525930
1.522940
1.519960
1.516990
1.514030
1.511070
1.508130
1.505190
1.502260
1.499340
1.496430
1.493520
1.490630
1.487740
1.484850
1.481980
1.479120
1.476260
1.473410
1.470570
1.467730
1.464900
1.462090
1.459280
1.456470
1.453680
1.450890
1.448110
1.445340
1.442570
1.439810
1.437060
1.434320
1.431580
1.428850
1.426130
1.423420
1.420710
1.418010
1.415320
1.412640
1.409960
1.407290
1.404630
1.401970
1.399320
1.396670
1.394040
1.391410
1.388790
1.386180
1.383570
1.380970
1.378380
1.375790
1.373210
1.370640
1.368070
1.365510
1.362960
1.360410
1.357870
1.355340
1.352820
1.350290
1.347780
1.345280
1.342780
1.340280
1.337800
1.335320
1.332840
1.330380
1.327920
1.325460
1.323020
1.320570
1.318130
1.315710
1.313290
1.310870
1.308460
1.306050
1.303660
1.301260
1.298880
1.296500
1.294120
1.291760
1.289400
1.287040
1.284700
1.282350
1.280010
1.277680
1.275360
1.273040
1.270730
1.268410
1.266110
1.263820
1.261530
1.259240
1.256970
1.254690
1.252430
1.250170
1.247910
1.245660
1.243420
1.241180
1.238950
1.236720
1.234500
1.232290
1.230080
1.227870
1.225670
1.223480
1.221290
1.219100
1.216930
1.214760
1.212590
1.210430
1.208280
1.206130
1.203980
1.201840
1.199710
1.197570
1.195450
1.193330
1.191220
1.189110
1.187010
1.184910
1.182820
1.180730
1.178650
1.176580
1.174510
1.172440
1.170370
1.168320
1.166270
1.164220
1.162180
1.160150
1.158120
1.156090
1.154070
1.152050
1.150040
1.148030
1.146030
1.144030
1.142050
1.140060
1.138080
1.136090
1.134130
1.132160
1.130200
1.128240
1.126280
1.124340
1.122390
1.120450
1.118520
1.116590
1.114660
1.112750
1.110830
1.108920
1.107010
1.105110
1.103210
1.101320
1.099430
1.097550
1.095670
1.093790
1.091920
1.090060
1.088190
1.086340
1.084490
1.082640
1.080800
1.078960
1.077130
1.075300
1.073470
1.071650
1.069830
1.068020
1.066210
1.064410
1.062610
1.060810
1.059020
1.057240
1.055450
1.053680
1.051900
1.050130
1.048370
1.046600
1.044850
1.043090
1.041340
1.039600
1.037860
1.036120
1.034390
1.032660
1.030930
1.029210
1.027500
1.025790
1.024080
1.022370
1.020670
1.018980
1.017290
1.015610
1.013940
1.012360
1.011930
1.013520
1.017500
1.024630
1.036360
1.055830
1.088500
1.141440
1.221710
1.334820
1.483730
1.668720
1.887720
2.137100
2.412400
2.709050
3.022670
3.349300
3.685370
4.027620
4.373080
4.719150
5.063670
5.404930
5.741650
6.072910
6.398040
6.716700
7.028560
7.333410
7.631280
7.922130
8.205950
8.482860
8.752930
9.016210
9.272890
9.523020
9.766720
10.004200
10.235500
10.460700
10.679900
10.893400
11.101100
11.303200
11.499700
11.690900
11.876800
12.057300
12.232800
12.403300
12.568700
12.729300
12.885000
13.036100
13.182500
13.324300
13.461700
13.594600
13.723200
13.847400
13.967500
14.083300
14.195100
14.302800
14.406600
14.506500
14.602500
14.694700
14.783300
14.868200
14.949600
15.027300
15.101500
15.172400
15.239900
15.304100
15.364900
15.422600
15.477100
15.528500
15.576800
15.622100
15.664500
15.704000
15.740500
15.774300
15.805300
15.833600
15.859300
15.882300
15.902700
15.920600
15.936100
15.949100
15.959700
15.968000
15.973900
15.977600
15.979100
15.978400
15.975500
15.970500
15.963600
15.954600
15.943600
15.930700
15.916000
15.899300
15.880900
15.860600
15.838700
15.815100
15.789800
15.762800
15.734400
15.704300
15.672700
15.639600
15.605100
15.569200
15.531900
15.493200
15.453300
15.412100
15.369600
15.326000
15.281100
15.235100
15.188000
15.139800
15.090600
15.040200
14.989000
14.936800
14.883500
14.829500
14.774500
14.718700
14.662100
14.604700
14.546500
14.487500
14.427900
14.367500
14.306500
14.244900
14.182600
14.119700
14.056300
13.992300
13.927800
13.862900
13.797500
13.731500
13.665200
13.598500
13.531300
13.463900
13.396000
13.327900
13.259500
13.190800
13.121800
13.052600
12.983200
12.913500
12.843700
12.773700
12.703600
12.633300
12.563000
12.492500
12.422000
12.351400
12.280800
12.210100
12.139400
12.068800
11.998100
11.927500
11.856900
11.786400
11.716000
11.645700
11.575400
11.505300
11.435400
11.365500
11.295800
11.226400
11.157100
11.087900
11.019000
10.950300
10.881800
10.813600
10.745600
10.677900
10.610400
10.543200
10.476300
10.409700
10.343400
10.277400
10.211800
10.146500
10.081400
10.016800
9.952470
9.888520
9.824920
9.761680
9.698860
9.636400
9.574310
9.512630
9.451310
9.390420
9.329940
9.269890
9.210190
9.150980
9.092120
9.033690
8.975740
8.918200
8.861030
8.804340
8.748070
8.692270
8.636840
8.581890
8.527420
8.473310
8.419680
8.366480
8.313750
8.261440
8.209550
8.158140
8.107160
8.056590
8.006440
7.956780
7.907530
7.858710
7.810360
7.762440
7.714940
7.667850
7.621190
7.574950
7.529130
7.483720
7.438800
7.394240
7.350100
7.306380
7.263020
7.220140
7.177620
7.135520
7.093780
7.052470
7.011510
6.970970
6.930790
6.891040
6.851640
6.812610
6.773930
6.735680
6.697720
6.660190
6.623010
6.586140
6.549620
6.513530
6.477680
6.442250
6.407110
6.372340
6.337870
6.303760
6.269950
6.236440
6.203290
6.170440
6.137890
6.105640
6.073690
6.042100
6.010750
5.979700
5.948950
5.918490
5.888310
5.858410
5.828780
5.799440
5.770360
5.741550
5.713010
5.684720
5.656700
5.628940
5.601420
5.574150
5.547130
5.520360
5.493830
5.467530
5.441470
5.415640
5.390050
5.364670
5.339530
5.314600
5.289900
5.265410
5.241130
5.217060
5.193210
5.169560
5.146120
5.122870
5.099820
5.076970
5.054310
5.031850
5.009580
4.987490
4.965590
4.943870
4.922330
4.900970
4.879790
4.858770
4.837940
4.817270
4.796770
4.776440
4.756270
4.736260
4.716410
4.696730
4.677200
4.657820
4.638590
4.619520
4.600600
4.581820
4.563200
4.544710
4.526360
4.508160
4.490100
4.472180
4.454390
4.436730
4.419210
4.401820
4.384560
4.367430
4.350430
4.333550
4.316790
4.300170
4.283660
4.267270
4.251000
4.234840
4.218800
4.202880
4.187080
4.171380
4.155790
4.140320
4.124950
4.109690
4.094540
4.079500
4.064550
4.049710
4.034970
4.020340
4.005800
3.991360
3.977020
3.962770
3.948630
3.934570
3.920610
3.906740
3.892970
3.879280
3.865680
3.852180
3.838760
3.825420
3.812180
3.799020
3.785940
3.772950
3.760040
3.747210
3.734460
3.721790
3.709200
3.696690
3.684260
3.671910
3.659630
3.647430
3.635300
3.623250
3.611270
3.599360
3.587530
3.575760
3.564070
3.552440
3.540890
3.529400
3.517980
3.506630
3.495350
3.484130
3.472980
3.461890
3.450860
3.439900
3.429000
3.418170
3.407400
3.396690
3.386030
3.375450
3.364910
3.354440
3.344030
3.333670
3.323370
3.313130
3.302950
3.292820
3.282750
3.272730
3.262760
3.252860
3.243000
3.233190
3.223450
3.213750
3.204100
3.194510
3.184960
3.175470
3.166020
3.156630
3.147280
3.137990
3.128740
3.119540
3.110380
3.101280
3.092220
3.083210
3.074240
3.065320
3.056440
3.047610
3.038830
3.030080
3.021380
3.012730
3.004110
2.995540
2.987020
2.978530
2.970090
2.961680
2.953320
2.945000
2.936720
2.928480
2.920280
2.912110
2.904000
2.895910
2.887860
2.879860
2.871890
2.863960
2.856060
2.848210
2.840390
2.832610
2.824850
2.817140
2.809470
2.801830
2.794230
2.786650
2.779120
2.771620
2.764150
2.756720
2.749320
2.741950
2.734620
2.727320
2.720050
2.712820
2.705610
2.698440
2.691300
2.684200
2.677120
2.670070
2.663060
2.656070
2.649120
2.642200
2.635310
2.628440
2.621610
2.614810
2.608030
2.601290
2.594570
2.587880
2.581220
2.574590
2.567980
2.561400
2.554850
2.548330
2.541840
2.535370
2.528930
2.522520
2.516130
2.509770
2.503430
2.497130
2.490840
2.484590
2.478350
2.472140
2.465960
2.459810
2.453680
2.447570
2.441490
2.435430
2.429400
2.423380
2.417400
2.411440
2.405500
2.399590
2.393690
2.387830
2.381980
2.376160
2.370360
2.364580
2.358830
2.353100
2.347390
2.341700
2.336030
2.330380
2.324760
2.319160
2.313580
2.308020
2.302490
2.296970
2.291470
2.286000
2.280540
2.275110
2.269700
2.264300
2.258930
2.253580
2.248250
2.242930
2.237630
2.232360
2.227110
2.221870
2.216660
2.211460
2.206280
2.201120
2.195980
2.190860
2.185760
2.180670
2.175600
2.170560
2.165530
2.160520
2.155520
2.150550
2.145590
2.140640
2.135730
2.130820
2.125930
2.121060
2.116200
2.111370
2.106550
2.101750
2.096960
2.092190
2.087440
2.082700
2.077980
2.073280
2.068590
2.063920
2.059260
2.054630
2.050000
2.045400
2.040800
2.036230
2.031670
2.027120
2.022590
2.018080
2.013590
2.009100
2.004630
2.000180
1.995740
1.991320
1.986910
1.982510
1.978140
1.973770
1.969420
1.965090
1.960760
1.956460
1.952170
1.947890
1.943620
1.939370
1.935140
1.930910
1.926700
1.922510
1.918330
1.914160
1.910000
1.905860
1.901730
1.897620
1.893520
1.889430
1.885360
1.881300
1.877250
1.873210
1.869190
1.865180
1.861180
1.857200
1.853230
1.849260
1.845320
1.841380
1.837460
1.833550
1.829650
1.825770
1.821900
1.818040
1.814190
1.810350
1.806530
1.802710
1.798910
1.795120
1.791350
1.787580
1.783830
1.780090
1.776360
1.772630
1.768930
1.765230
1.761540
1.757870
1.754210
1.750560
1.746910
1.743280
1.739660
1.736060
1.732460
1.728870
1.725300
1.721740
1.718180
1.714640
1.711110
1.707580
1.704070
1.700570
1.697080
1.693600
1.690130
1.686670
1.683220
1.679780
1.676350
1.672930
1.669530
1.666130
1.662740
1.659360
1.655990
1.652640
1.649280
1.645950
1.642620
1.639300
1.635990
1.632690
1.629390
1.626120
1.622840
1.619580
1.616330
1.613080
1.609850
1.606630
1.603410
1.600200
1.597010
1.593820
1.590640
1.587470
1.584310
1.581160
1.578020
1.574880
1.571760
1.568640
1.565540
1.562440
1.559350
1.556270
1.553200
1.550130
1.547080
1.544030
1.540990
1.537960
1.534940
1.531930
1.528930
1.525930
1.522950
1.519970
1.517000
1.514030
1.511080
1.508130
1.505190
1.502260
1.499350
1.496430
1.493530
1.490630
1.487740
1.484860
1.481980
1.479120
1.476260
1.473410
1.470570
1.467740
1.464910
1.462090
1.459280
1.456480
1.453680
1.450890
1.448110
1.445340
1.442570
1.439820
1.437060
1.434320
1.431580
1.428860
1.426140
1.423420
1.420710
1.418020
1.415320
1.412640
1.409960
1.407290
1.404630
1.401970
1.399320
1.396680
1.394040
1.391420
1.388800
1.386180
1.383580
1.380980
1.378380
1.375790
1.373220
1.370640
1.368080
1.365520
1.362970
1.360420
1.357880
1.355340
1.352820
1.350300
1.347790
1.345280
1.342780
1.340290
1.337800
1.335320
1.332850
1.330380
1.327920
1.325470
1.323020
1.320580
1.318140
1.315710
1.313290
1.310870
1.308460
1.306060
1.303660
1.301270
1.298880
1.296500
1.294130
1.291760
1.289400
1.287040
1.284700
1.282350
1.280020
1.277690
1.275360
1.273040
1.270730
1.268420
1.266120
1.263820
1.261530
1.259250
1.256970
1.254700
1.252430
1.250170
1.247920
1.245670
1.243420
1.241190
1.238950
1.236720
1.234500
1.232290
1.230080
1.227870
1.225670
1.223480
1.221290
1.219110
1.216930
1.214760
1.212590
1.210430
1.208280
1.206130
1.203980
1.201840
1.199710
1.197580
1.195450
1.193340
1.191230
1.189120
1.187020
1.184910
1.182820
1.180740
1.178660
1.176580
1.174510
1.172440
1.170380
1.168320
1.166270
1.164220
1.162180
1.160150
1.158120
1.156090
1.154070
1.152050
1.150050
1.148030
1.146030
1.144040
1.142050
1.140060
1.138080
1.136100
1.134130
1.132160
1.130200
1.128240
1.126290
1.124340
1.122400
1.120460
1.118520
1.116590
1.114670
1.112750
1.110830
1.108920
1.107020
1.105110
1.103210
1.101320
1.099430
1.097550
1.095670
1.093800
1.091920
1.090060
1.088200
1.086350
1.084490
1.082650
1.080800
1.078960
1.077130
1.075300
1.073470
1.071650
1.069840
1.068020
1.066210
1.064410
1.062610
1.060820
1.059030
1.057240
1.055450
1.053680
1.051900
1.050130
1.048370
1.046610
1.044850
1.043090
1.041350
1.039600
1.037860
1.036120
1.034390
1.032660
1.030940
1.029210
1.027500
1.025790
1.024080
1.022370
