0.096085
0.096170
0.096547
0.097443
0.099377
0.104593
0.365034
0.342562
0.337709
0.361743
0.403740
0.478108
0.583136
0.690299
0.786789
0.870046
0.941176
1.001810
1.053250
1.096460
1.132310
1.161700
1.185600
1.204980
1.220750
1.233640
1.244140
1.252460
1.258580
1.262340
1.263670
1.262750
1.260000
1.255940
1.251050
1.245680
1.240030
1.234230
1.228330
1.222350
1.216300
1.210190
1.204010
1.197780
1.191500
1.185170
1.178790
1.172370
1.165910
1.159410
1.152890
1.146340
1.139760
1.133160
1.126550
1.119930
1.113290
1.106650
1.100010
1.093360
1.086720
1.080080
1.073450
1.066830
1.060220
1.053620
1.047040
1.040470
1.033920
1.027380
1.020870
1.014380
1.007910
1.001470
0.995049
0.988654
0.982285
0.975942
0.969627
0.963340
0.957082
0.950852
0.944653
0.938483
0.932343
0.926235
0.920158
0.914112
0.908098
0.902116
0.896166
0.890249
0.884365
0.878513
0.872694
0.866909
0.861157
0.855438
0.849752
0.844101
0.838482
0.832898
0.827347
0.821830
0.816346
0.810897
0.805481
0.800099
0.794750
0.789436
0.784155
0.778908
0.773695
0.768515
0.763369
0.758257
0.753178
0.748133
0.743121
0.738143
0.733198
0.728286
0.723407
0.718562
0.713750
0.708971
0.704225
0.699511
0.694831
0.690183
0.685568
0.680986
0.676436
0.671918
0.667433
0.662979
0.658558
0.654169
0.649812
0.645487
0.641193
0.636931
0.632700
0.628501
0.624333
0.620196
0.616090
0.612015
0.607971
0.603957
0.599974
0.596022
0.592099
0.588207
0.584345
0.580513
0.576710
0.572937
0.569194
0.565479
0.561794
0.558139
0.554512
0.550913
0.547344
0.543802
0.540290
0.536805
0.533348
0.529919
0.526518
0.523145
0.519798
0.516479
0.513188
0.509923
0.506684
0.503473
0.500287
0.497129
0.493996
0.490889
0.487808
0.484752
0.481722
0.478717
0.475737
0.472782
0.469852
0.466947
0.464066
0.461209
0.458376
0.455567
0.452782
0.450020
0.447282
0.444567
0.441875
0.439206
0.436559
0.433935
0.431334
0.428754
0.426197
0.423661
0.421147
0.418655
0.416183
0.413733
0.411304
0.408896
0.406508
0.404141
0.401794
0.399467
0.397161
0.394873
0.392606
0.390358
0.388129
0.385920
0.383729
0.381557
0.379404
0.377269
0.375152
0.373054
0.370973
0.368911
0.366866
0.364838
0.362828
0.360835
0.358859
0.356900
0.354957
0.353032
0.351122
0.349229
0.347352
0.345491
0.343646
0.341816
0.340002
0.338203
0.336420
0.334652
0.332898
0.331160
0.329436
0.327727
0.326032
0.324351
0.322684
0.321032
0.319393
0.317768
0.316157
0.314559
0.312975
0.311404
0.309846
0.308301
0.306768
0.305249
0.303742
0.302248
0.300765
0.299296
0.297838
0.296393
0.294959
0.293537
0.292127
0.290729
0.289342
0.287966
0.286602
0.285248
0.283906
0.282575
0.281255
0.279945
0.278646
0.277358
0.276080
0.274813
0.273556
0.272308
0.271071
0.269845
0.268627
0.267420
0.266223
0.265035
0.263856
0.262687
0.261528
0.260378
0.259237
0.258105
0.256982
0.255868
0.254763
0.253666
0.252579
0.251500
0.250430
0.249368
0.248314
0.247269
0.246232
0.245203
0.244183
0.243170
0.242166
0.241169
0.240180
0.239199
0.238226
0.237260
0.236301
0.235351
0.234407
0.233471
0.232543
0.231621
0.230707
0.229800
0.228899
0.228006
0.227120
0.226241
0.225368
0.224502
0.223643
0.222790
0.221944
0.221105
0.220272
0.219445
0.218625
0.217811
0.217003
0.216201
0.215405
0.214616
0.213832
0.213055
0.212283
0.211517
0.210757
0.210003
0.209254
0.208511
0.207774
0.207042
0.206316
0.205595
0.204880
0.204170
0.203465
0.202765
0.202071
0.201382
0.200698
0.200019
0.199346
0.198677
0.198013
0.197354
0.196700
0.196051
0.195407
0.194767
0.194132
0.193502
0.192876
0.192255
0.191638
0.191026
0.190419
0.189816
0.189217
0.188623
0.188033
0.187447
0.186865
0.186288
0.185715
0.185146
0.184581
0.184020
0.183463
0.182910
0.182362
0.181817
0.181276
0.180738
0.180205
0.179676
0.179150
0.178628
0.178109
0.177595
0.177084
0.176576
0.176072
0.175572
0.175075
0.174582
0.174092
0.173606
0.173123
0.172643
0.172167
0.171694
0.171224
0.170758
0.170295
0.169835
0.169378
0.168925
0.168474
0.168027
0.167582
0.167141
0.166703
0.166268
0.165835
0.165406
0.164980
0.164556
0.164136
0.163718
0.163303
0.162891
0.162482
0.162075
0.161671
0.161270
0.160872
0.160476
0.160083
0.159693
0.159305
0.158920
0.158537
0.158157
0.157780
0.157405
0.157032
0.156662
0.156294
0.155929
0.155566
0.155206
0.154848
0.154492
0.154139
0.153788
0.153439
0.153093
0.152749
0.152407
0.152067
0.151730
0.151394
0.151061
0.150730
0.150401
0.150075
0.149750
0.149428
0.149107
0.148789
0.148472
0.148158
0.147846
0.147536
0.147227
0.146921
0.146616
0.146314
0.146013
0.145715
0.145418
0.145123
0.144830
0.144539
0.144250
0.143962
0.143677
0.143393
0.143111
0.142830
0.142552
0.142275
0.142000
0.141726
0.141455
0.141185
0.140916
0.140650
0.140385
0.140121
0.139860
0.139599
0.139341
0.139084
0.138829
0.138575
0.138323
0.138072
0.137823
0.137575
0.137329
0.137084
0.136841
0.136600
0.136359
0.136121
0.135883
0.135648
0.135413
0.135180
0.134949
0.134718
0.134490
0.134262
0.134036
0.133811
0.133588
0.133366
0.133145
0.132926
0.132708
0.132491
0.132276
0.132062
0.131849
0.131637
0.131427
0.131217
0.131010
0.130803
0.130597
0.130393
0.130190
0.129988
0.129788
0.129588
0.129390
0.129193
0.128997
0.128802
0.128608
0.128416
0.128224
0.128034
0.127844
0.127656
0.127469
0.127283
0.127098
0.126915
0.126732
0.126550
0.126370
0.126190
0.126011
0.125834
0.125657
0.125482
0.125307
0.125134
0.124961
0.124790
0.124619
0.124450
0.124281
0.124114
0.123947
0.123781
0.123616
0.123452
0.123290
0.123128
0.122966
0.122806
0.122647
0.122489
0.122331
0.122175
0.122019
0.121864
0.121710
0.121557
0.121405
0.121254
0.121103
0.120953
0.120804
0.120656
0.120509
0.120363
0.120217
0.120073
0.119929
0.119786
0.119643
0.119502
0.119361
0.119221
0.119082
0.118943
0.118806
0.118669
0.118533
0.118397
0.118263
0.118129
0.117995
0.117863
0.117731
0.117600
0.117470
0.117340
0.117212
0.117083
0.116956
0.116829
0.116703
0.116578
0.116453
0.116329
0.116206
0.116083
0.115961
0.115840
0.115719
0.115599
0.115480
0.115361
0.115243
0.115126
0.115009
0.114893
0.114777
0.114662
0.114548
0.114434
0.114321
0.114209
0.114097
0.113985
0.113875
0.113765
0.113655
0.113546
0.113438
0.113330
0.113223
0.113117
0.113011
0.112905
0.112800
0.112696
0.112592
0.112489
0.112386
0.112284
0.112183
0.112082
0.111981
0.111881
0.111782
0.111683
0.111584
0.111486
0.111389
0.111292
0.111196
0.111100
0.111005
0.110910
0.110816
0.110722
0.110628
0.110536
0.110443
0.110351
0.110260
0.110169
0.110079
0.109989
0.109899
0.109810
0.109722
0.109634
0.109546
0.109459
0.109372
0.109286
0.109200
0.109115
0.109030
0.108945
0.108861
0.108778
0.108695
0.108612
0.108529
0.108448
0.108366
0.108285
0.108205
0.108124
0.108045
0.107965
0.107886
0.107808
0.107730
0.107652
0.107574
0.107498
0.107421
0.107345
0.107269
0.107194
0.107119
0.107044
0.106970
0.106896
0.106823
0.106750
0.106677
0.106605
0.106533
0.106461
0.106390
0.106319
0.106248
0.106178
0.106109
0.106039
0.105970
0.105901
0.105833
0.105765
0.105697
0.105630
0.105563
0.105496
0.105430
0.105364
0.105299
0.105233
0.105168
0.105104
0.105039
0.104975
0.104912
0.104849
0.104786
0.104723
0.104660
0.104598
0.104537
0.104475
0.104414
0.104353
0.104293
0.104233
0.104173
0.104113
0.104054
0.103995
0.103936
0.103878
0.103820
0.103762
0.103705
0.103647
0.103590
0.103534
0.103477
0.103421
0.103365
0.103310
0.103255
0.103200
0.103145
0.103091
0.103037
0.102983
0.102929
0.102876
0.102823
0.102770
0.102717
0.102665
0.102613
0.102561
0.102510
0.102459
0.102408
0.102357
0.102307
0.102256
0.102206
0.102157
0.102107
0.102058
0.102009
0.101960
0.101912
0.101864
0.101816
0.101768
0.101720
0.101673
0.101626
0.101579
0.101533
0.101486
0.101440
0.101394
0.101349
0.101303
0.101258
0.101213
0.101168
0.101124
0.101079
0.101035
0.100991
0.100948
0.100904
0.100861
0.100818
0.100775
0.100733
0.100690
0.100648
0.100606
0.100564
0.100523
0.100481
0.100440
0.100399
0.100359
0.100318
0.100278
0.100238
0.100198
0.100158
0.100118
0.100079
0.100040
0.100001
0.099962
0.099924
0.099885
0.099847
0.099809
0.099771
0.099734
0.099696
0.099659
0.099622
0.099585
0.099548
0.099512
0.099475
0.099439
0.099403
0.099367
0.099332
0.099296
0.099261
0.099226
0.099191
0.099156
0.099121
0.099087
0.099053
0.099019
0.098985
0.098951
0.098917
0.098884
0.098851
0.098817
0.098785
0.098752
0.098719
0.098687
0.098654
0.098622
0.098590
0.098558
0.098527
0.098495
0.098464
0.098433
0.098402
0.098371
0.098340
0.098309
0.098279
0.098249
0.098219
0.098188
0.098159
0.098129
0.098099
0.098070
0.098041
0.098012
0.097983
0.097954
0.097925
0.097896
0.097868
0.097840
0.097811
0.097784
0.097756
0.097728
0.097700
0.097673
0.097645
0.097618
0.097591
0.097564
0.097537
0.097511
0.097484
0.097458
0.097432
0.097406
0.097379
0.097353
0.097328
0.097302
0.097277
0.097251
0.097226
0.097201
0.097176
0.097151
0.097126
0.097101
0.097077
0.097052
0.097028
0.097004
0.096980
0.096956
0.096932
0.096908
0.096885
0.096861
0.096838
0.096815
0.096792
0.096769
0.096746
0.096723
0.096700
0.096678
0.096655
0.096633
0.096611
0.096588
0.096566
0.096544
0.096523
0.096501
0.096479
0.096458
0.096437
0.096415
0.096394
0.096373
0.096352
0.096331
0.096310
0.096290
0.096269
0.096249
0.096228
0.096208
0.096188
0.096168
0.096148
0.096128
0.096108
0.096088
0.096173
0.096550
0.097446
0.099379
0.104593
0.364979
0.342533
0.337675
0.361703
0.403698
0.478060
0.583085
0.690249
0.786736
0.869994
0.941126
1.001760
1.053200
1.096420
1.132270
1.161670
1.185560
1.204940
1.220710
1.233610
1.244110
1.252440
1.258550
1.262310
1.263650
1.262730
1.259980
1.255920
1.251030
1.245650
1.240010
1.234210
1.228310
1.222330
1.216280
1.210170
1.204000
1.197770
1.191480
1.185150
1.178770
1.172350
1.165890
1.159400
1.152870
1.146320
1.139750
1.133150
1.126540
1.119920
1.113280
1.106640
1.100000
1.093350
1.086710
1.080070
1.073440
1.066820
1.060210
1.053610
1.047030
1.040460
1.033910
1.027380
1.020870
1.014380
1.007910
1.001460
0.995043
0.988648
0.982279
0.975937
0.969623
0.963336
0.957078
0.950849
0.944649
0.938480
0.932341
0.926233
0.920156
0.914110
0.908096
0.902115
0.896165
0.890249
0.884364
0.878513
0.872695
0.866909
0.861157
0.855439
0.849754
0.844102
0.838484
0.832900
0.827349
0.821832
0.816349
0.810900
0.805484
0.800102
0.794754
0.789440
0.784159
0.778913
0.773699
0.768520
0.763374
0.758262
0.753184
0.748139
0.743127
0.738149
0.733204
0.728293
0.723414
0.718569
0.713757
0.708978
0.704232
0.699519
0.694839
0.690191
0.685577
0.680994
0.676444
0.671927
0.667442
0.662989
0.658568
0.654179
0.649822
0.645497
0.641203
0.636941
0.632710
0.628511
0.624343
0.620207
0.616101
0.612026
0.607982
0.603969
0.599986
0.596033
0.592111
0.588219
0.584357
0.580524
0.576722
0.572949
0.569206
0.565492
0.561807
0.558151
0.554524
0.550926
0.547356
0.543815
0.540303
0.536818
0.533361
0.529933
0.526532
0.523158
0.519812
0.516493
0.513201
0.509936
0.506698
0.503486
0.500301
0.497142
0.494010
0.490903
0.487822
0.484766
0.481736
0.478731
0.475751
0.472797
0.469867
0.466961
0.464080
0.461223
0.458390
0.455581
0.452796
0.450035
0.447296
0.444581
0.441889
0.439220
0.436574
0.433950
0.431348
0.428769
0.426211
0.423676
0.421162
0.418669
0.416198
0.413748
0.411319
0.408911
0.406523
0.404156
0.401809
0.399482
0.397175
0.394888
0.392620
0.390372
0.388144
0.385934
0.383743
0.381571
0.379418
0.377283
0.375166
0.373068
0.370988
0.368925
0.366880
0.364852
0.362842
0.360849
0.358873
0.356914
0.354972
0.353046
0.351136
0.349243
0.347366
0.345505
0.343660
0.341830
0.340016
0.338217
0.336434
0.334665
0.332912
0.331173
0.329450
0.327740
0.326045
0.324365
0.322698
0.321045
0.319407
0.317782
0.316171
0.314573
0.312988
0.311417
0.309859
0.308314
0.306781
0.305262
0.303755
0.302261
0.300779
0.299309
0.297851
0.296406
0.294972
0.293550
0.292140
0.290741
0.289354
0.287979
0.286614
0.285261
0.283919
0.282588
0.281267
0.279958
0.278659
0.277370
0.276093
0.274825
0.273568
0.272321
0.271084
0.269857
0.268639
0.267432
0.266235
0.265047
0.263868
0.262699
0.261540
0.260389
0.259248
0.258116
0.256993
0.255879
0.254774
0.253678
0.252590
0.251511
0.250441
0.249379
0.248326
0.247280
0.246243
0.245215
0.244194
0.243181
0.242177
0.241180
0.240191
0.239210
0.238237
0.237271
0.236313
0.235362
0.234418
0.233482
0.232554
0.231632
0.230718
0.229811
0.228910
0.228017
0.227131
0.226251
0.225379
0.224513
0.223653
0.222801
0.221955
0.221115
0.220282
0.219455
0.218635
0.217821
0.217013
0.216211
0.215415
0.214626
0.213842
0.213065
0.212293
0.211527
0.210767
0.210013
0.209264
0.208521
0.207784
0.207052
0.206325
0.205605
0.204889
0.204179
0.203474
0.202775
0.202081
0.201392
0.200708
0.200029
0.199355
0.198686
0.198022
0.197363
0.196709
0.196060
0.195416
0.194776
0.194141
0.193511
0.192885
0.192264
0.191647
0.191035
0.190428
0.189824
0.189226
0.188631
0.188041
0.187455
0.186874
0.186297
0.185723
0.185154
0.184589
0.184028
0.183472
0.182919
0.182370
0.181825
0.181284
0.180747
0.180213
0.179684
0.179158
0.178636
0.178118
0.177603
0.177092
0.176584
0.176081
0.175580
0.175083
0.174590
0.174100
0.173614
0.173131
0.172651
0.172175
0.171702
0.171232
0.170766
0.170303
0.169843
0.169386
0.168932
0.168482
0.168034
0.167590
0.167149
0.166710
0.166275
0.165843
0.165414
0.164987
0.164564
0.164143
0.163725
0.163310
0.162898
0.162489
0.162083
0.161679
0.161278
0.160879
0.160484
0.160090
0.159700
0.159312
0.158927
0.158544
0.158164
0.157787
0.157412
0.157039
0.156669
0.156301
0.155936
0.155573
0.155213
0.154855
0.154499
0.154146
0.153795
0.153446
0.153100
0.152755
0.152414
0.152074
0.151736
0.151401
0.151068
0.150737
0.150408
0.150081
0.149757
0.149434
0.149114
0.148795
0.148479
0.148165
0.147852
0.147542
0.147234
0.146927
0.146623
0.146320
0.146020
0.145721
0.145424
0.145130
0.144837
0.144545
0.144256
0.143969
0.143683
0.143399
0.143117
0.142837
0.142558
0.142281
0.142006
0.141733
0.141461
0.141191
0.140922
0.140656
0.140391
0.140127
0.139866
0.139605
0.139347
0.139090
0.138835
0.138581
0.138328
0.138078
0.137829
0.137581
0.137335
0.137090
0.136847
0.136605
0.136365
0.136126
0.135889
0.135653
0.135419
0.135186
0.134954
0.134724
0.134495
0.134268
0.134042
0.133817
0.133594
0.133372
0.133151
0.132932
0.132714
0.132497
0.132281
0.132067
0.131854
0.131642
0.131432
0.131223
0.131015
0.130808
0.130603
0.130399
0.130196
0.129994
0.129793
0.129593
0.129395
0.129198
0.129002
0.128807
0.128613
0.128421
0.128229
0.128039
0.127850
0.127662
0.127475
0.127289
0.127104
0.126920
0.126737
0.126555
0.126375
0.126195
0.126017
0.125839
0.125662
0.125487
0.125312
0.125139
0.124966
0.124795
0.124624
0.124455
0.124286
0.124119
0.123952
0.123786
0.123621
0.123457
0.123295
0.123133
0.122971
0.122811
0.122652
0.122494
0.122336
0.122180
0.122024
0.121869
0.121715
0.121562
0.121410
0.121258
0.121108
0.120958
0.120809
0.120661
0.120514
0.120368
0.120222
0.120077
0.119933
0.119790
0.119648
0.119506
0.119366
0.119226
0.119086
0.118948
0.118810
0.118673
0.118537
0.118402
0.118267
0.118133
0.118000
0.117868
0.117736
0.117605
0.117475
0.117345
0.117216
0.117088
0.116961
0.116834
0.116708
0.116582
0.116458
0.116334
0.116210
0.116088
0.115966
0.115844
0.115724
0.115604
0.115484
0.115366
0.115247
0.115130
0.115013
0.114897
0.114781
0.114667
0.114552
0.114439
0.114325
0.114213
0.114101
0.113990
0.113879
0.113769
0.113660
0.113551
0.113442
0.113335
0.113227
0.113121
0.113015
0.112909
0.112804
0.112700
0.112596
0.112493
0.112390
0.112288
0.112187
0.112086
0.111985
0.111885
0.111786
0.111687
0.111588
0.111491
0.111393
0.111296
0.111200
0.111104
0.111009
0.110914
0.110820
0.110726
0.110633
0.110540
0.110447
0.110355
0.110264
0.110173
0.110083
0.109993
0.109903
0.109814
0.109726
0.109638
0.109550
0.109463
0.109376
0.109290
0.109204
0.109119
0.109034
0.108949
0.108865
0.108782
0.108698
0.108616
0.108533
0.108452
0.108370
0.108289
0.108208
0.108128
0.108048
0.107969
0.107890
0.107812
0.107733
0.107656
0.107578
0.107501
0.107425
0.107349
0.107273
0.107198
0.107123
0.107048
0.106974
0.106900
0.106826
0.106753
0.106681
0.106608
0.106536
0.106465
0.106394
0.106323
0.106252
0.106182
0.106112
0.106043
0.105974
0.105905
0.105837
0.105769
0.105701
0.105634
0.105567
0.105500
0.105434
0.105368
0.105302
0.105237
0.105172
0.105107
0.105043
0.104979
0.104915
0.104852
0.104789
0.104726
0.104664
0.104602
0.104540
0.104479
0.104418
0.104357
0.104296
0.104236
0.104176
0.104117
0.104058
0.103999
0.103940
0.103881
0.103823
0.103766
0.103708
0.103651
0.103594
0.103537
0.103481
0.103425
0.103369
0.103313
0.103258
0.103203
0.103149
0.103094
0.103040
0.102986
0.102933
0.102879
0.102826
0.102773
0.102721
0.102669
0.102617
0.102565
0.102513
0.102462
0.102411
0.102360
0.102310
0.102260
0.102210
0.102160
0.102111
0.102061
0.102012
0.101964
0.101915
0.101867
0.101819
0.101771
0.101724
0.101676
0.101629
0.101582
0.101536
0.101490
0.101443
0.101398
0.101352
0.101306
0.101261
0.101216
0.101171
0.101127
0.101083
0.101038
0.100995
0.100951
0.100907
0.100864
0.100821
0.100778
0.100736
0.100693
0.100651
0.100609
0.100568
0.100526
0.100485
0.100443
0.100403
0.100362
0.100321
0.100281
0.100241
0.100201
0.100161
0.100122
0.100082
0.100043
0.100004
0.099965
0.099927
0.099888
0.099850
0.099812
0.099774
0.099737
0.099699
0.099662
0.099625
0.099588
0.099551
0.099515
0.099478
0.099442
0.099406
0.099370
0.099335
0.099299
0.099264
0.099229
0.099194
0.099159
0.099125
0.099090
0.099056
0.099022
0.098988
0.098954
0.098920
0.098887
0.098854
0.098821
0.098788
0.098755
0.098722
0.098690
0.098657
0.098625
0.098593
0.098561
0.098530
0.098498
0.098467
0.098436
0.098405
0.098374
0.098343
0.098312
0.098282
0.098252
0.098222
0.098192
0.098162
0.098132
0.098102
0.098073
0.098044
0.098014
0.097986
0.097957
0.097928
0.097899
0.097871
0.097843
0.097815
0.097786
0.097759
0.097731
0.097703
0.097676
0.097648
0.097621
0.097594
0.097567
0.097541
0.097514
0.097487
0.097461
0.097435
0.097408
0.097382
0.097356
0.097331
0.097305
0.097280
0.097254
0.097229
0.097204
0.097179
0.097154
0.097129
0.097104
0.097080
0.097055
0.097031
0.097007
0.096983
0.096959
0.096935
0.096911
0.096888
0.096864
0.096841
0.096818
0.096795
0.096771
0.096749
0.096726
0.096703
0.096681
0.096658
0.096636
0.096614
0.096591
0.096569
0.096547
0.096526
0.096504
0.096482
0.096461
0.096439
0.096418
0.096397
0.096376
0.096355
0.096334
0.096313
0.096293
0.096272
0.096251
0.096231
0.096211
0.096191
0.096171
0.096151
0.096131
0.096111
0.096091
0.096176
0.096553
0.097448
0.099382
0.104596
0.365044
0.342597
0.337732
0.361755
0.403746
0.478103
0.583118
0.690276
0.786760
0.870014
0.941144
1.001780
1.053220
1.096430
1.132290
1.161690
1.185580
1.204970
1.220740
1.233630
1.244140
1.252460
1.258580
1.262350
1.263690
1.262770
1.260020
1.255960
1.251070
1.245700
1.240050
1.234250
1.228350
1.222370
1.216320
1.210210
1.204040
1.197810
1.191530
1.185200
1.178820
1.172400
1.165940
1.159440
1.152920
1.146370
1.139790
1.133200
1.126590
1.119960
1.113330
1.106690
1.100040
1.093400
1.086760
1.080120
1.073490
1.066870
1.060260
1.053660
1.047070
1.040510
1.033960
1.027420
1.020910
1.014420
1.007960
1.001510
0.995091
0.988696
0.982327
0.975985
0.969671
0.963384
0.957126
0.950897
0.944698
0.938528
0.932389
0.926281
0.920204
0.914159
0.908145
0.902163
0.896214
0.890297
0.884413
0.878562
0.872743
0.866958
0.861206
0.855488
0.849803
0.844151
0.838533
0.832949
0.827398
0.821881
0.816398
0.810949
0.805533
0.800151
0.794803
0.789489
0.784208
0.778961
0.773748
0.768569
0.763423
0.758311
0.753232
0.748187
0.743176
0.738197
0.733252
0.728341
0.723463
0.718618
0.713806
0.709027
0.704281
0.699567
0.694887
0.690239
0.685625
0.681042
0.676492
0.671975
0.667489
0.663036
0.658615
0.654226
0.649869
0.645544
0.641250
0.636988
0.632758
0.628558
0.624390
0.620253
0.616148
0.612073
0.608029
0.604015
0.600032
0.596080
0.592157
0.588265
0.584403
0.580570
0.576768
0.572995
0.569251
0.565537
0.561852
0.558196
0.554569
0.550971
0.547401
0.543860
0.540347
0.536862
0.533405
0.529977
0.526575
0.523202
0.519855
0.516536
0.513244
0.509979
0.506741
0.503529
0.500344
0.497185
0.494052
0.490945
0.487864
0.484808
0.481778
0.478773
0.475793
0.472838
0.469907
0.467002
0.464120
0.461263
0.458430
0.455621
0.452836
0.450074
0.447336
0.444621
0.441928
0.439259
0.436612
0.433988
0.431387
0.428807
0.426249
0.423714
0.421200
0.418707
0.416235
0.413785
0.411356
0.408948
0.406560
0.404192
0.401845
0.399518
0.397211
0.394924
0.392656
0.390408
0.388179
0.385969
0.383778
0.381606
0.379453
0.377318
0.375201
0.373102
0.371022
0.368959
0.366914
0.364886
0.362876
0.360883
0.358906
0.356947
0.355004
0.353078
0.351169
0.349276
0.347398
0.345537
0.343692
0.341862
0.340048
0.338249
0.336465
0.334697
0.332943
0.331204
0.329480
0.327771
0.326076
0.324395
0.322728
0.321075
0.319437
0.317812
0.316200
0.314602
0.313018
0.311446
0.309888
0.308343
0.306810
0.305291
0.303783
0.302289
0.300807
0.299337
0.297879
0.296433
0.294999
0.293578
0.292167
0.290769
0.289381
0.288006
0.286641
0.285288
0.283945
0.282614
0.281294
0.279984
0.278685
0.277396
0.276118
0.274851
0.273593
0.272346
0.271109
0.269882
0.268664
0.267457
0.266259
0.265071
0.263893
0.262724
0.261564
0.260413
0.259272
0.258140
0.257017
0.255903
0.254798
0.253701
0.252613
0.251534
0.250464
0.249402
0.248348
0.247303
0.246266
0.245237
0.244216
0.243203
0.242199
0.241202
0.240213
0.239232
0.238258
0.237292
0.236334
0.235383
0.234439
0.233503
0.232574
0.231653
0.230738
0.229831
0.228931
0.228037
0.227151
0.226271
0.225398
0.224532
0.223673
0.222820
0.221974
0.221134
0.220301
0.219474
0.218654
0.217840
0.217032
0.216230
0.215434
0.214644
0.213861
0.213083
0.212311
0.211545
0.210785
0.210031
0.209282
0.208539
0.207801
0.207069
0.206343
0.205622
0.204907
0.204196
0.203492
0.202792
0.202098
0.201409
0.200724
0.200046
0.199372
0.198703
0.198039
0.197380
0.196726
0.196076
0.195432
0.194792
0.194157
0.193527
0.192901
0.192280
0.191663
0.191051
0.190443
0.189840
0.189241
0.188647
0.188056
0.187471
0.186889
0.186312
0.185738
0.185169
0.184604
0.184043
0.183486
0.182933
0.182384
0.181839
0.181298
0.180761
0.180228
0.179698
0.179172
0.178650
0.178132
0.177617
0.177106
0.176598
0.176094
0.175594
0.175097
0.174604
0.174114
0.173627
0.173144
0.172664
0.172188
0.171715
0.171245
0.170779
0.170316
0.169856
0.169399
0.168945
0.168494
0.168047
0.167603
0.167161
0.166723
0.166288
0.165855
0.165426
0.164999
0.164576
0.164155
0.163738
0.163323
0.162910
0.162501
0.162094
0.161691
0.161289
0.160891
0.160495
0.160102
0.159712
0.159324
0.158939
0.158556
0.158176
0.157798
0.157423
0.157050
0.156680
0.156313
0.155947
0.155584
0.155224
0.154866
0.154510
0.154157
0.153806
0.153457
0.153110
0.152766
0.152424
0.152084
0.151747
0.151411
0.151078
0.150747
0.150418
0.150092
0.149767
0.149444
0.149124
0.148805
0.148489
0.148175
0.147862
0.147552
0.147244
0.146937
0.146633
0.146330
0.146030
0.145731
0.145434
0.145139
0.144846
0.144555
0.144266
0.143978
0.143692
0.143408
0.143126
0.142846
0.142567
0.142290
0.142015
0.141742
0.141470
0.141200
0.140932
0.140665
0.140400
0.140136
0.139875
0.139614
0.139356
0.139099
0.138843
0.138590
0.138337
0.138087
0.137837
0.137590
0.137344
0.137099
0.136856
0.136614
0.136374
0.136135
0.135898
0.135662
0.135427
0.135194
0.134963
0.134732
0.134504
0.134276
0.134050
0.133825
0.133602
0.133380
0.133159
0.132940
0.132722
0.132505
0.132289
0.132075
0.131862
0.131650
0.131440
0.131231
0.131023
0.130816
0.130611
0.130406
0.130203
0.130001
0.129801
0.129601
0.129403
0.129206
0.129010
0.128815
0.128621
0.128428
0.128237
0.128046
0.127857
0.127669
0.127482
0.127296
0.127111
0.126927
0.126744
0.126563
0.126382
0.126202
0.126024
0.125846
0.125670
0.125494
0.125320
0.125146
0.124973
0.124802
0.124631
0.124462
0.124293
0.124125
0.123959
0.123793
0.123628
0.123464
0.123301
0.123139
0.122978
0.122818
0.122659
0.122500
0.122343
0.122186
0.122030
0.121876
0.121722
0.121569
0.121416
0.121265
0.121114
0.120965
0.120816
0.120668
0.120520
0.120374
0.120229
0.120084
0.119940
0.119797
0.119654
0.119513
0.119372
0.119232
0.119093
0.118954
0.118817
0.118680
0.118543
0.118408
0.118273
0.118139
0.118006
0.117874
0.117742
0.117611
0.117481
0.117351
0.117222
0.117094
0.116967
0.116840
0.116714
0.116588
0.116464
0.116340
0.116216
0.116094
0.115972
0.115850
0.115729
0.115609
0.115490
0.115371
0.115253
0.115136
0.115019
0.114903
0.114787
0.114672
0.114558
0.114444
0.114331
0.114219
0.114107
0.113995
0.113885
0.113775
0.113665
0.113556
0.113448
0.113340
0.113233
0.113126
0.113020
0.112915
0.112810
0.112706
0.112602
0.112499
0.112396
0.112294
0.112192
0.112091
0.111991
0.111891
0.111791
0.111692
0.111594
0.111496
0.111398
0.111302
0.111205
0.111109
0.111014
0.110919
0.110825
0.110731
0.110638
0.110545
0.110452
0.110361
0.110269
0.110178
0.110088
0.109998
0.109908
0.109819
0.109731
0.109643
0.109555
0.109468
0.109381
0.109295
0.109209
0.109124
0.109039
0.108954
0.108870
0.108786
0.108703
0.108621
0.108538
0.108456
0.108375
0.108294
0.108213
0.108133
0.108053
0.107974
0.107895
0.107816
0.107738
0.107660
0.107583
0.107506
0.107430
0.107353
0.107278
0.107202
0.107127
0.107053
0.106978
0.106905
0.106831
0.106758
0.106685
0.106613
0.106541
0.106469
0.106398
0.106327
0.106257
0.106187
0.106117
0.106047
0.105978
0.105910
0.105841
0.105773
0.105706
0.105638
0.105571
0.105505
0.105438
0.105372
0.105307
0.105241
0.105176
0.105112
0.105047
0.104983
0.104920
0.104856
0.104793
0.104731
0.104668
0.104606
0.104545
0.104483
0.104422
0.104361
0.104301
0.104241
0.104181
0.104121
0.104062
0.104003
0.103944
0.103886
0.103828
0.103770
0.103712
0.103655
0.103598
0.103541
0.103485
0.103429
0.103373
0.103318
0.103262
0.103207
0.103153
0.103098
0.103044
0.102990
0.102937
0.102883
0.102830
0.102777
0.102725
0.102673
0.102621
0.102569
0.102517
0.102466
0.102415
0.102364
0.102314
0.102264
0.102214
0.102164
0.102115
0.102065
0.102016
0.101968
0.101919
0.101871
0.101823
0.101775
0.101728
0.101680
0.101633
0.101586
0.101540
0.101493
0.101447
0.101401
0.101356
0.101310
0.101265
0.101220
0.101175
0.101131
0.101086
0.101042
0.100998
0.100955
0.100911
0.100868
0.100825
0.100782
0.100740
0.100697
0.100655
0.100613
0.100571
0.100530
0.100488
0.100447
0.100406
0.100365
0.100325
0.100285
0.100244
0.100205
0.100165
0.100125
0.100086
0.100047
0.100008
0.099969
0.099930
0.099892
0.099854
0.099816
0.099778
0.099740
0.099703
0.099666
0.099628
0.099592
0.099555
0.099518
0.099482
0.099446
0.099410
0.099374
0.099338
0.099303
0.099268
0.099232
0.099197
0.099163
0.099128
0.099094
0.099059
0.099025
0.098991
0.098958
0.098924
0.098891
0.098857
0.098824
0.098791
0.098758
0.098726
0.098693
0.098661
0.098629
0.098597
0.098565
0.098533
0.098502
0.098470
0.098439
0.098408
0.098377
0.098346
0.098316
0.098285
0.098255
0.098225
0.098195
0.098165
0.098135
0.098106
0.098076
0.098047
0.098018
0.097989
0.097960
0.097931
0.097903
0.097874
0.097846
0.097818
0.097790
0.097762
0.097734
0.097707
0.097679
0.097652
0.097625
0.097598
0.097571
0.097544
0.097517
0.097490
0.097464
0.097438
0.097412
0.097386
0.097360
0.097334
0.097308
0.097283
0.097257
0.097232
0.097207
0.097182
0.097157
0.097132
0.097108
0.097083
0.097059
0.097034
0.097010
0.096986
0.096962
0.096938
0.096915
0.096891
0.096867
0.096844
0.096821
0.096798
0.096775
0.096752
0.096729
0.096706
0.096684
0.096661
0.096639
0.096617
0.096594
0.096572
0.096550
0.096529
0.096507
0.096485
0.096464
0.096442
0.096421
0.096400
0.096379
0.096358
0.096337
0.096316
0.096296
0.096275
0.096254
0.096234
0.096214
0.096194
0.096174
0.096154
0.096134
0.096114
0.096094
