10.720500
10.720500
10.720500
10.720400
10.720400
10.720700
10.723300
10.723400
10.723300
10.723200
10.723200
10.723100
10.723000
10.723000
10.722900
10.722800
10.722800
10.722700
10.722700
10.722600
10.722600
10.722500
10.722500
10.722500
10.722400
10.722400
10.722400
10.722400
10.722300
10.722300
10.722300
10.722300
10.722300
10.722300
10.722300
10.722400
10.722400
10.722400
10.722400
10.722400
10.722500
10.722500
10.722500
10.722600
10.722600
10.722600
10.722700
10.722700
10.722800
10.722800
10.722900
10.722900
10.722900
10.723000
10.723000
10.723100
10.723100
10.723200
10.723200
10.723300
10.723400
10.723400
10.723500
10.723500
10.723600
10.723600
10.723700
10.723700
10.723800
10.723900
10.723900
10.724000
10.724000
10.724100
10.724200
10.724200
10.724300
10.724300
10.724400
10.724400
10.724500
10.724600
10.724600
10.724700
10.724700
10.724800
10.724800
10.724900
10.725000
10.725000
10.725100
10.725100
10.725200
10.725200
10.725300
10.725300
10.725400
10.725400
10.725500
10.725600
10.725600
10.725700
10.725700
10.725800
10.725800
10.725900
10.725900
10.725900
10.726000
10.726000
10.726100
10.726100
10.726200
10.726200
10.726300
10.726300
10.726400
10.726400
10.726400
10.726500
10.726500
10.726600
10.726600
10.726700
10.726700
10.726700
10.726800
10.726800
10.726900
10.726900
10.726900
10.727000
10.727000
10.727000
10.727100
10.727100
10.727200
10.727200
10.727200
10.727300
10.727300
10.727300
10.727400
10.727400
10.727400
10.727500
10.727500
10.727500
10.727500
10.727600
10.727600
10.727600
10.727700
10.727700
10.727700
10.727700
10.727800
10.727800
10.727800
10.727900
10.727900
10.727900
10.727900
10.728000
10.728000
10.728000
10.728000
10.728100
10.728100
10.728100
10.728100
10.728100
10.728200
10.728200
10.728200
10.728200
10.728300
10.728300
10.728300
10.728300
10.728300
10.728400
10.728400
10.728400
10.728400
10.728400
10.728400
10.728500
10.728500
10.728500
10.728500
10.728500
10.728600
10.728600
10.728600
10.728600
10.728600
10.728600
10.728600
10.728700
10.728700
10.728700
10.728700
10.728700
10.728700
10.728700
10.728800
10.728800
10.728800
10.728800
10.728800
10.728800
10.728800
10.728800
10.728800
10.728900
10.728900
10.728900
10.728900
10.728900
10.728900
10.728900
10.728900
10.728900
10.728900
10.729000
10.729000
10.729000
10.729000
10.729000
10.729000
10.729000
10.729000
10.729000
10.729000
10.729000
10.729000
10.729000
10.729100
10.729100
10.729100
10.729100
10.729100
10.729100
10.729100
10.729100
10.729100
10.729100
10.729100
10.729100
10.729100
10.729100
10.729100
10.729100
10.729100
10.729100
10.729100
10.729100
10.729100
10.729100
10.729200
10.729200
10.729200
10.729200
10.729200
10.729200
10.729200
10.729200
10.729200
10.729200
10.729200
10.729200
10.729200
10.729200
10.729200
10.729200
10.729200
10.729200
10.729200
10.729200
10.729200
10.729200
10.729200
10.729200
10.729200
10.729200
10.729200
10.729200
10.729200
10.729200
10.729200
10.729200
10.729200
10.729200
10.729200
10.729200
10.729200
10.729200
10.729200
10.729200
10.729200
10.729200
10.729200
10.729200
10.729200
10.729200
10.729200
10.729200
10.729200
10.729100
10.729100
10.729100
10.729100
10.729100
10.729100
10.729100
10.729100
10.729100
10.729100
10.729100
10.729100
10.729100
10.729100
10.729100
10.729100
10.729100
10.729100
10.729100
10.729100
10.729100
10.729100
10.729100
10.729100
10.729100
10.729100
10.729100
10.729000
10.729000
10.729000
10.729000
10.729000
10.729000
10.729000
10.729000
10.729000
10.729000
10.729000
10.729000
10.729000
10.729000
10.729000
10.729000
10.729000
10.729000
10.728900
10.728900
10.728900
10.728900
10.728900
10.728900
10.728900
10.728900
10.728900
10.728900
10.728900
10.728900
10.728900
10.728900
10.728900
10.728800
10.728800
10.728800
10.728800
10.728800
10.728800
10.728800
10.728800
10.728800
10.728800
10.728800
10.728800
10.728800
10.728800
10.728700
10.728700
10.728700
10.728700
10.728700
10.728700
10.728700
10.728700
10.728700
10.728700
10.728700
10.728700
10.728700
10.728600
10.728600
10.728600
10.728600
10.728600
10.728600
10.728600
10.728600
10.728600
10.728600
10.728600
10.728500
10.728500
10.728500
10.728500
10.728500
10.728500
10.728500
10.728500
10.728500
10.728500
10.728500
10.728400
10.728400
10.728400
10.728400
10.728400
10.728400
10.728400
10.728400
10.728400
10.728400
10.728400
10.728300
10.728300
10.728300
10.728300
10.728300
10.728300
10.728300
10.728300
10.728300
10.728300
10.728200
10.728200
10.728200
10.728200
10.728200
10.728200
10.728200
10.728200
10.728200
10.728200
10.728100
10.728100
10.728100
10.728100
10.728100
10.728100
10.728100
10.728100
10.728100
10.728100
10.728000
10.728000
10.728000
10.728000
10.728000
10.728000
10.728000
10.728000
10.728000
10.727900
10.727900
10.727900
10.727900
10.727900
10.727900
10.727900
10.727900
10.727900
10.727800
10.727800
10.727800
10.727800
10.727800
10.727800
10.727800
10.727800
10.727800
10.727700
10.727700
10.727700
10.727700
10.727700
10.727700
10.727700
10.727700
10.727700
10.727600
10.727600
10.727600
10.727600
10.727600
10.727600
10.727600
10.727600
10.727600
10.727500
10.727500
10.727500
10.727500
10.727500
10.727500
10.727500
10.727500
10.727400
10.727400
10.727400
10.727400
10.727400
10.727400
10.727400
10.727400
10.727300
10.727300
10.727300
10.727300
10.727300
10.727300
10.727300
10.727300
10.727300
10.727200
10.727200
10.727200
10.727200
10.727200
10.727200
10.727200
10.727200
10.727100
10.727100
10.727100
10.727100
10.727100
10.727100
10.727100
10.727100
10.727000
10.727000
10.727000
10.727000
10.727000
10.727000
10.727000
10.727000
10.726900
10.726900
10.726900
10.726900
10.726900
10.726900
10.726900
10.726900
10.726800
10.726800
10.726800
10.726800
10.726800
10.726800
10.726800
10.726700
10.726700
10.726700
10.726700
10.726700
10.726700
10.726700
10.726700
10.726600
10.726600
10.726600
10.726600
10.726600
10.726600
10.726600
10.726600
10.726500
10.726500
10.726500
10.726500
10.726500
10.726500
10.726500
10.726500
10.726400
10.726400
10.726400
10.726400
10.726400
10.726400
10.726400
10.726300
10.726300
10.726300
10.726300
10.726300
10.726300
10.726300
10.726300
10.726200
10.726200
10.726200
10.726200
10.726200
10.726200
10.726200
10.726100
10.726100
10.726100
10.726100
10.726100
10.726100
10.726100
10.726100
10.726000
10.726000
10.726000
10.726000
10.726000
10.726000
10.726000
10.725900
10.725900
10.725900
10.725900
10.725900
10.725900
10.725900
10.725800
10.725800
10.725800
10.725800
10.725800
10.725800
10.725800
10.725800
10.725700
10.725700
10.725700
10.725700
10.725700
10.725700
10.725700
10.725600
10.725600
10.725600
10.725600
10.725600
10.725600
10.725600
10.725500
10.725500
10.725500
10.725500
10.725500
10.725500
10.725500
10.725400
10.725400
10.725400
10.725400
10.725400
10.725400
10.725400
10.725300
10.725300
10.725300
10.725300
10.725300
10.725300
10.725300
10.725300
10.725200
10.725200
10.725200
10.725200
10.725200
10.725200
10.725200
10.725100
10.725100
10.725100
10.725100
10.725100
10.725100
10.725100
10.725000
10.725000
10.725000
10.725000
10.725000
10.725000
10.725000
10.724900
10.724900
10.724900
10.724900
10.724900
10.724900
10.724900
10.724800
10.724800
10.724800
10.724800
10.724800
10.724800
10.724800
10.724700
10.724700
10.724700
10.724700
10.724700
10.724700
10.724700
10.724600
10.724600
10.724600
10.724600
10.724600
10.724600
10.724600
10.724500
10.724500
10.724500
10.724500
10.724500
10.724500
10.724500
10.724400
10.724400
10.724400
10.724400
10.724400
10.724400
10.724400
10.724300
10.724300
10.724300
10.724300
10.724300
10.724300
10.724300
10.724200
10.724200
10.724200
10.724200
10.724200
10.724200
10.724200
10.724100
10.724100
10.724100
10.724100
10.724100
10.724100
10.724100
10.724000
10.724000
10.724000
10.724000
10.724000
10.724000
10.724000
10.723900
10.723900
10.723900
10.723900
10.723900
10.723900
10.723800
10.723800
10.723800
10.723800
10.723800
10.723800
10.723800
10.723700
10.723700
10.723700
10.723700
10.723700
10.723700
10.723700
10.723600
10.723600
10.723600
10.723600
10.723600
10.723600
10.723600
10.723500
10.723500
10.723500
10.723500
10.723500
10.723500
10.723500
10.723400
10.723400
10.723400
10.723400
10.723400
10.723400
10.723400
10.723300
10.723300
10.723300
10.723300
10.723300
10.723300
10.723200
10.723200
10.723200
10.723200
10.723200
10.723200
10.723200
10.723100
10.723100
10.723100
10.723100
10.723100
10.723100
10.723100
10.723000
10.723000
10.723000
10.723000
10.723000
10.723000
10.723000
10.722900
10.722900
10.722900
10.722900
10.722900
10.722900
10.722800
10.722800
10.722800
10.722800
10.722800
10.722800
10.722800
10.722700
10.722700
10.722700
10.722700
10.722700
10.722700
10.722700
10.722600
10.722600
10.722600
10.722600
10.722600
10.722600
10.722600
10.722500
10.722500
10.722500
10.722500
10.722500
10.722500
10.722400
10.722400
10.722400
10.722400
10.722400
10.722400
10.722400
10.722300
10.722300
10.722300
10.722300
10.722300
10.722300
10.722300
10.722200
10.722200
10.722200
10.722200
10.722200
10.722200
10.722100
10.722100
10.722100
10.722100
10.722100
10.722100
10.722100
10.722000
10.722000
10.722000
10.722000
10.722000
10.722000
10.722000
10.721900
10.721900
10.721900
10.721900
10.721900
10.721900
10.721900
10.721800
10.721800
10.721800
10.721800
10.721800
10.721800
10.721700
10.721700
10.721700
10.721700
10.721700
10.721700
10.721700
10.721600
10.721600
10.721600
10.721600
10.721600
10.721600
10.721600
10.721500
10.721500
10.721500
10.721500
10.721500
10.721500
10.721400
10.721400
10.721400
10.721400
10.721400
10.721400
10.721400
10.721300
10.721300
10.721300
10.721300
10.721300
10.721300
10.721200
10.721200
10.721200
10.721200
10.721200
10.721200
10.721200
10.721100
10.721100
10.721100
10.721100
10.721100
10.721100
10.721100
10.721000
10.721000
10.721000
10.721000
10.721000
10.721000
10.720900
10.720900
10.720900
10.720900
10.720900
10.720900
10.720900
10.720800
10.720800
10.720800
10.720800
10.720800
10.720800
10.720800
10.720700
10.720700
10.720700
10.720700
10.720700
10.720700
10.720600
10.720600
10.720600
10.720600
10.720600
10.720600
10.720600
10.720500
10.720500
10.720500
10.720500
10.720500
10.720500
10.720700
10.723300
10.723400
10.723300
10.723300
10.723200
10.723100
10.723000
10.723000
10.722900
10.722900
10.722800
10.722700
10.722700
10.722600
10.722600
10.722600
10.722500
10.722500
10.722500
10.722400
10.722400
10.722400
10.722400
10.722400
10.722300
10.722300
10.722300
10.722400
10.722400
10.722400
10.722400
10.722400
10.722400
10.722500
10.722500
10.722500
10.722600
10.722600
10.722600
10.722700
10.722700
10.722700
10.722800
10.722800
10.722900
10.722900
10.723000
10.723000
10.723100
10.723100
10.723200
10.723200
10.723300
10.723300
10.723400
10.723400
10.723500
10.723500
10.723600
10.723700
10.723700
10.723800
10.723800
10.723900
10.723900
10.724000
10.724100
10.724100
10.724200
10.724200
10.724300
10.724400
10.724400
10.724500
10.724500
10.724600
10.724600
10.724700
10.724800
10.724800
10.724900
10.724900
10.725000
10.725000
10.725100
10.725200
10.725200
10.725300
10.725300
10.725400
10.725400
10.725500
10.725500
10.725600
10.725600
10.725700
10.725700
10.725800
10.725800
10.725900
10.725900
10.726000
10.726000
10.726100
10.726100
10.726200
10.726200
10.726300
10.726300
10.726300
10.726400
10.726400
10.726500
10.726500
10.726600
10.726600
10.726600
10.726700
10.726700
10.726800
10.726800
10.726800
10.726900
10.726900
10.727000
10.727000
10.727000
10.727100
10.727100
10.727100
10.727200
10.727200
10.727200
10.727300
10.727300
10.727300
10.727400
10.727400
10.727400
10.727500
10.727500
10.727500
10.727600
10.727600
10.727600
10.727700
10.727700
10.727700
10.727700
10.727800
10.727800
10.727800
10.727900
10.727900
10.727900
10.727900
10.728000
10.728000
10.728000
10.728000
10.728100
10.728100
10.728100
10.728100
10.728200
10.728200
10.728200
10.728200
10.728200
10.728300
10.728300
10.728300
10.728300
10.728300
10.728400
10.728400
10.728400
10.728400
10.728400
10.728500
10.728500
10.728500
10.728500
10.728500
10.728500
10.728600
10.728600
10.728600
10.728600
10.728600
10.728600
10.728700
10.728700
10.728700
10.728700
10.728700
10.728700
10.728700
10.728800
10.728800
10.728800
10.728800
10.728800
10.728800
10.728800
10.728800
10.728900
10.728900
10.728900
10.728900
10.728900
10.728900
10.728900
10.728900
10.728900
10.728900
10.729000
10.729000
10.729000
10.729000
10.729000
10.729000
10.729000
10.729000
10.729000
10.729000
10.729000
10.729000
10.729100
10.729100
10.729100
10.729100
10.729100
10.729100
10.729100
10.729100
10.729100
10.729100
10.729100
10.729100
10.729100
10.729100
10.729100
10.729100
10.729100
10.729100
10.729200
10.729200
10.729200
10.729200
10.729200
10.729200
10.729200
10.729200
10.729200
10.729200
10.729200
10.729200
10.729200
10.729200
10.729200
10.729200
10.729200
10.729200
10.729200
10.729200
10.729200
10.729200
10.729200
10.729200
10.729200
10.729200
10.729200
10.729200
10.729200
10.729200
10.729200
10.729200
10.729200
10.729200
10.729200
10.729200
10.729200
10.729200
10.729200
10.729200
10.729200
10.729200
10.729200
10.729200
10.729200
10.729200
10.729200
10.729200
10.729200
10.729200
10.729200
10.729200
10.729200
10.729200
10.729200
10.729200
10.729200
10.729200
10.729200
10.729200
10.729200
10.729200
10.729200
10.729200
10.729200
10.729200
10.729100
10.729100
10.729100
10.729100
10.729100
10.729100
10.729100
10.729100
10.729100
10.729100
10.729100
10.729100
10.729100
10.729100
10.729100
10.729100
10.729100
10.729100
10.729100
10.729100
10.729100
10.729100
10.729100
10.729000
10.729000
10.729000
10.729000
10.729000
10.729000
10.729000
10.729000
10.729000
10.729000
10.729000
10.729000
10.729000
10.729000
10.729000
10.729000
10.729000
10.728900
10.728900
10.728900
10.728900
10.728900
10.728900
10.728900
10.728900
10.728900
10.728900
10.728900
10.728900
10.728900
10.728900
10.728900
10.728800
10.728800
10.728800
10.728800
10.728800
10.728800
10.728800
10.728800
10.728800
10.728800
10.728800
10.728800
10.728800
10.728700
10.728700
10.728700
10.728700
10.728700
10.728700
10.728700
10.728700
10.728700
10.728700
10.728700
10.728700
10.728700
10.728600
10.728600
10.728600
10.728600
10.728600
10.728600
10.728600
10.728600
10.728600
10.728600
10.728600
10.728500
10.728500
10.728500
10.728500
10.728500
10.728500
10.728500
10.728500
10.728500
10.728500
10.728500
10.728400
10.728400
10.728400
10.728400
10.728400
10.728400
10.728400
10.728400
10.728400
10.728400
10.728400
10.728300
10.728300
10.728300
10.728300
10.728300
10.728300
10.728300
10.728300
10.728300
10.728300
10.728200
10.728200
10.728200
10.728200
10.728200
10.728200
10.728200
10.728200
10.728200
10.728200
10.728100
10.728100
10.728100
10.728100
10.728100
10.728100
10.728100
10.728100
10.728100
10.728000
10.728000
10.728000
10.728000
10.728000
10.728000
10.728000
10.728000
10.728000
10.727900
10.727900
10.727900
10.727900
10.727900
10.727900
10.727900
10.727900
10.727900
10.727800
10.727800
10.727800
10.727800
10.727800
10.727800
10.727800
10.727800
10.727800
10.727700
10.727700
10.727700
10.727700
10.727700
10.727700
10.727700
10.727700
10.727700
10.727600
10.727600
10.727600
10.727600
10.727600
10.727600
10.727600
10.727600
10.727600
10.727500
10.727500
10.727500
10.727500
10.727500
10.727500
10.727500
10.727500
10.727400
10.727400
10.727400
10.727400
10.727400
10.727400
10.727400
10.727400
10.727300
10.727300
10.727300
10.727300
10.727300
10.727300
10.727300
10.727300
10.727300
10.727200
10.727200
10.727200
10.727200
10.727200
10.727200
10.727200
10.727200
10.727100
10.727100
10.727100
10.727100
10.727100
10.727100
10.727100
10.727100
10.727000
10.727000
10.727000
10.727000
10.727000
10.727000
10.727000
10.727000
10.726900
10.726900
10.726900
10.726900
10.726900
10.726900
10.726900
10.726900
10.726800
10.726800
10.726800
10.726800
10.726800
10.726800
10.726800
10.726700
10.726700
10.726700
10.726700
10.726700
10.726700
10.726700
10.726700
10.726600
10.726600
10.726600
10.726600
10.726600
10.726600
10.726600
10.726600
10.726500
10.726500
10.726500
10.726500
10.726500
10.726500
10.726500
10.726400
10.726400
10.726400
10.726400
10.726400
10.726400
10.726400
10.726400
10.726300
10.726300
10.726300
10.726300
10.726300
10.726300
10.726300
10.726300
10.726200
10.726200
10.726200
10.726200
10.726200
10.726200
10.726200
10.726100
10.726100
10.726100
10.726100
10.726100
10.726100
10.726100
10.726000
10.726000
10.726000
10.726000
10.726000
10.726000
10.726000
10.726000
10.725900
10.725900
10.725900
10.725900
10.725900
10.725900
10.725900
10.725800
10.725800
10.725800
10.725800
10.725800
10.725800
10.725800
10.725700
10.725700
10.725700
10.725700
10.725700
10.725700
10.725700
10.725700
10.725600
10.725600
10.725600
10.725600
10.725600
10.725600
10.725600
10.725500
10.725500
10.725500
10.725500
10.725500
10.725500
10.725500
10.725400
10.725400
10.725400
10.725400
10.725400
10.725400
10.725400
10.725300
10.725300
10.725300
10.725300
10.725300
10.725300
10.725300
10.725200
10.725200
10.725200
10.725200
10.725200
10.725200
10.725200
10.725200
10.725100
10.725100
10.725100
10.725100
10.725100
10.725100
10.725100
10.725000
10.725000
10.725000
10.725000
10.725000
10.725000
10.725000
10.724900
10.724900
10.724900
10.724900
10.724900
10.724900
10.724900
10.724800
10.724800
10.724800
10.724800
10.724800
10.724800
10.724800
10.724700
10.724700
10.724700
10.724700
10.724700
10.724700
10.724700
10.724600
10.724600
10.724600
10.724600
10.724600
10.724600
10.724600
10.724500
10.724500
10.724500
10.724500
10.724500
10.724500
10.724500
10.724400
10.724400
10.724400
10.724400
10.724400
10.724400
10.724400
10.724300
10.724300
10.724300
10.724300
10.724300
10.724300
10.724300
10.724200
10.724200
10.724200
10.724200
10.724200
10.724200
10.724100
10.724100
10.724100
10.724100
10.724100
10.724100
10.724100
10.724000
10.724000
10.724000
10.724000
10.724000
10.724000
10.724000
10.723900
10.723900
10.723900
10.723900
10.723900
10.723900
10.723900
10.723800
10.723800
10.723800
10.723800
10.723800
10.723800
10.723800
10.723700
10.723700
10.723700
10.723700
10.723700
10.723700
10.723700
10.723600
10.723600
10.723600
10.723600
10.723600
10.723600
10.723600
10.723500
10.723500
10.723500
10.723500
10.723500
10.723500
10.723400
10.723400
10.723400
10.723400
10.723400
10.723400
10.723400
10.723300
10.723300
10.723300
10.723300
10.723300
10.723300
10.723300
10.723200
10.723200
10.723200
10.723200
10.723200
10.723200
10.723200
10.723100
10.723100
10.723100
10.723100
10.723100
10.723100
10.723100
10.723000
10.723000
10.723000
10.723000
10.723000
10.723000
10.722900
10.722900
10.722900
10.722900
10.722900
10.722900
10.722900
10.722800
10.722800
10.722800
10.722800
10.722800
10.722800
10.722800
10.722700
10.722700
10.722700
10.722700
10.722700
10.722700
10.722700
10.722600
10.722600
10.722600
10.722600
10.722600
10.722600
10.722500
10.722500
10.722500
10.722500
10.722500
10.722500
10.722500
10.722400
10.722400
10.722400
10.722400
10.722400
10.722400
10.722400
10.722300
10.722300
10.722300
10.722300
10.722300
10.722300
10.722200
10.722200
10.722200
10.722200
10.722200
10.722200
10.722200
10.722100
10.722100
10.722100
10.722100
10.722100
10.722100
10.722100
10.722000
10.722000
10.722000
10.722000
10.722000
10.722000
10.722000
10.721900
10.721900
10.721900
10.721900
10.721900
10.721900
10.721800
10.721800
10.721800
10.721800
10.721800
10.721800
10.721800
10.721700
10.721700
10.721700
10.721700
10.721700
10.721700
10.721700
10.721600
10.721600
10.721600
10.721600
10.721600
10.721600
10.721500
10.721500
10.721500
10.721500
10.721500
10.721500
10.721500
10.721400
10.721400
10.721400
10.721400
10.721400
10.721400
10.721400
10.721300
10.721300
10.721300
10.721300
10.721300
10.721300
10.721200
10.721200
10.721200
10.721200
10.721200
10.721200
10.721200
10.721100
10.721100
10.721100
10.721100
10.721100
10.721100
10.721000
10.721000
10.721000
10.721000
10.721000
10.721000
10.721000
10.720900
10.720900
10.720900
10.720900
10.720900
10.720900
10.720900
10.720800
10.720800
10.720800
10.720800
10.720800
10.720800
10.720700
10.720700
10.720700
10.720700
10.720700
10.720700
10.720700
10.720600
10.720600
10.720600
10.720600
10.720600
10.720600
10.720600
10.720500
10.720500
10.720500
10.720500
10.720700
10.723300
10.723400
10.723400
10.723300
10.723200
10.723100
10.723100
10.723000
10.722900
10.722900
10.722800
10.722800
10.722700
10.722700
10.722600
10.722600
10.722500
10.722500
10.722500
10.722400
10.722400
10.722400
10.722400
10.722400
10.722400
10.722400
10.722400
10.722400
10.722400
10.722400
10.722400
10.722400
10.722500
10.722500
10.722500
10.722500
10.722600
10.722600
10.722700
10.722700
10.722700
10.722800
10.722800
10.722900
10.722900
10.722900
10.723000
10.723000
10.723100
10.723100
10.723200
10.723200
10.723300
10.723400
10.723400
10.723500
10.723500
10.723600
10.723600
10.723700
10.723700
10.723800
10.723900
10.723900
10.724000
10.724000
10.724100
10.724100
10.724200
10.724300
10.724300
10.724400
10.724400
10.724500
10.724600
10.724600
10.724700
10.724700
10.724800
10.724800
10.724900
10.725000
10.725000
10.725100
10.725100
10.725200
10.725200
10.725300
10.725300
10.725400
10.725400
10.725500
10.725500
10.725600
10.725700
10.725700
10.725800
10.725800
10.725900
10.725900
10.726000
10.726000
10.726000
10.726100
10.726100
10.726200
10.726200
10.726300
10.726300
10.726400
10.726400
10.726500
10.726500
10.726500
10.726600
10.726600
10.726700
10.726700
10.726700
10.726800
10.726800
10.726900
10.726900
10.726900
10.727000
10.727000
10.727100
10.727100
10.727100
10.727200
10.727200
10.727200
10.727300
10.727300
10.727300
10.727400
10.727400
10.727400
10.727500
10.727500
10.727500
10.727600
10.727600
10.727600
10.727700
10.727700
10.727700
10.727700
10.727800
10.727800
10.727800
10.727900
10.727900
10.727900
10.727900
10.728000
10.728000
10.728000
10.728000
10.728100
10.728100
10.728100
10.728100
10.728200
10.728200
10.728200
10.728200
10.728200
10.728300
10.728300
10.728300
10.728300
10.728300
10.728400
10.728400
10.728400
10.728400
10.728400
10.728500
10.728500
10.728500
10.728500
10.728500
10.728600
10.728600
10.728600
10.728600
10.728600
10.728600
10.728600
10.728700
10.728700
10.728700
10.728700
10.728700
10.728700
10.728700
10.728800
10.728800
10.728800
10.728800
10.728800
10.728800
10.728800
10.728900
10.728900
10.728900
10.728900
10.728900
10.728900
10.728900
10.728900
10.728900
10.728900
10.729000
10.729000
10.729000
10.729000
10.729000
10.729000
10.729000
10.729000
10.729000
10.729000
10.729000
10.729100
10.729100
10.729100
10.729100
10.729100
10.729100
10.729100
10.729100
10.729100
10.729100
10.729100
10.729100
10.729100
10.729100
10.729100
10.729100
10.729200
10.729200
10.729200
10.729200
10.729200
10.729200
10.729200
10.729200
10.729200
10.729200
10.729200
10.729200
10.729200
10.729200
10.729200
10.729200
10.729200
10.729200
10.729200
10.729200
10.729200
10.729200
10.729200
10.729200
10.729200
10.729200
10.729200
10.729200
10.729200
10.729200
10.729200
10.729200
10.729200
10.729200
10.729200
10.729200
10.729200
10.729200
10.729200
10.729200
10.729200
10.729200
10.729200
10.729200
10.729200
10.729200
10.729200
10.729200
10.729200
10.729200
10.729200
10.729200
10.729200
10.729200
10.729200
10.729200
10.729200
10.729200
10.729200
10.729200
10.729200
10.729200
10.729200
10.729200
10.729200
10.729200
10.729200
10.729200
10.729200
10.729200
10.729200
10.729200
10.729200
10.729200
10.729200
10.729200
10.729200
10.729100
10.729100
10.729100
10.729100
10.729100
10.729100
10.729100
10.729100
10.729100
10.729100
10.729100
10.729100
10.729100
10.729100
10.729100
10.729100
10.729100
10.729100
10.729100
10.729100
10.729100
10.729100
10.729000
10.729000
10.729000
10.729000
10.729000
10.729000
10.729000
10.729000
10.729000
10.729000
10.729000
10.729000
10.729000
10.729000
10.729000
10.729000
10.728900
10.728900
10.728900
10.728900
10.728900
10.728900
10.728900
10.728900
10.728900
10.728900
10.728900
10.728900
10.728900
10.728900
10.728900
10.728800
10.728800
10.728800
10.728800
10.728800
10.728800
10.728800
10.728800
10.728800
10.728800
10.728800
10.728800
10.728800
10.728700
10.728700
10.728700
10.728700
10.728700
10.728700
10.728700
10.728700
10.728700
10.728700
10.728700
10.728700
10.728600
10.728600
10.728600
10.728600
10.728600
10.728600
10.728600
10.728600
10.728600
10.728600
10.728600
10.728500
10.728500
10.728500
10.728500
10.728500
10.728500
10.728500
10.728500
10.728500
10.728500
10.728500
10.728400
10.728400
10.728400
10.728400
10.728400
10.728400
10.728400
10.728400
10.728400
10.728400
10.728300
10.728300
10.728300
10.728300
10.728300
10.728300
10.728300
10.728300
10.728300
10.728300
10.728200
10.728200
10.728200
10.728200
10.728200
10.728200
10.728200
10.728200
10.728200
10.728200
10.728100
10.728100
10.728100
10.728100
10.728100
10.728100
10.728100
10.728100
10.728100
10.728000
10.728000
10.728000
10.728000
10.728000
10.728000
10.728000
10.728000
10.728000
10.728000
10.727900
10.727900
10.727900
10.727900
10.727900
10.727900
10.727900
10.727900
10.727900
10.727800
10.727800
10.727800
10.727800
10.727800
10.727800
10.727800
10.727800
10.727800
10.727700
10.727700
10.727700
10.727700
10.727700
10.727700
10.727700
10.727700
10.727600
10.727600
10.727600
10.727600
10.727600
10.727600
10.727600
10.727600
10.727600
10.727500
10.727500
10.727500
10.727500
10.727500
10.727500
10.727500
10.727500
10.727400
10.727400
10.727400
10.727400
10.727400
10.727400
10.727400
10.727400
10.727400
10.727300
10.727300
10.727300
10.727300
10.727300
10.727300
10.727300
10.727300
10.727200
10.727200
10.727200
10.727200
10.727200
10.727200
10.727200
10.727200
10.727100
10.727100
10.727100
10.727100
10.727100
10.727100
10.727100
10.727100
10.727000
10.727000
10.727000
10.727000
10.727000
10.727000
10.727000
10.727000
10.726900
10.726900
10.726900
10.726900
10.726900
10.726900
10.726900
10.726900
10.726800
10.726800
10.726800
10.726800
10.726800
10.726800
10.726800
10.726700
10.726700
10.726700
10.726700
10.726700
10.726700
10.726700
10.726700
10.726600
10.726600
10.726600
10.726600
10.726600
10.726600
10.726600
10.726600
10.726500
10.726500
10.726500
10.726500
10.726500
10.726500
10.726500
10.726400
10.726400
10.726400
10.726400
10.726400
10.726400
10.726400
10.726400
10.726300
10.726300
10.726300
10.726300
10.726300
10.726300
10.726300
10.726200
10.726200
10.726200
10.726200
10.726200
10.726200
10.726200
10.726200
10.726100
10.726100
10.726100
10.726100
10.726100
10.726100
10.726100
10.726000
10.726000
10.726000
10.726000
10.726000
10.726000
10.726000
10.726000
10.725900
10.725900
10.725900
10.725900
10.725900
10.725900
10.725900
10.725800
10.725800
10.725800
10.725800
10.725800
10.725800
10.725800
10.725700
10.725700
10.725700
10.725700
10.725700
10.725700
10.725700
10.725700
10.725600
10.725600
10.725600
10.725600
10.725600
10.725600
10.725600
10.725500
10.725500
10.725500
10.725500
10.725500
10.725500
10.725500
10.725400
10.725400
10.725400
10.725400
10.725400
10.725400
10.725400
10.725300
10.725300
10.725300
10.725300
10.725300
10.725300
10.725300
10.725200
10.725200
10.725200
10.725200
10.725200
10.725200
10.725200
10.725100
10.725100
10.725100
10.725100
10.725100
10.725100
10.725100
10.725000
10.725000
10.725000
10.725000
10.725000
10.725000
10.725000
10.724900
10.724900
10.724900
10.724900
10.724900
10.724900
10.724900
10.724900
10.724800
10.724800
10.724800
10.724800
10.724800
10.724800
10.724800
10.724700
10.724700
10.724700
10.724700
10.724700
10.724700
10.724700
10.724600
10.724600
10.724600
10.724600
10.724600
10.724600
10.724500
10.724500
10.724500
10.724500
10.724500
10.724500
10.724500
10.724400
10.724400
10.724400
10.724400
10.724400
10.724400
10.724400
10.724300
10.724300
10.724300
10.724300
10.724300
10.724300
10.724300
10.724200
10.724200
10.724200
10.724200
10.724200
10.724200
10.724200
10.724100
10.724100
10.724100
10.724100
10.724100
10.724100
10.724100
10.724000
10.724000
10.724000
10.724000
10.724000
10.724000
10.724000
10.723900
10.723900
10.723900
10.723900
10.723900
10.723900
10.723900
10.723800
10.723800
10.723800
10.723800
10.723800
10.723800
10.723800
10.723700
10.723700
10.723700
10.723700
10.723700
10.723700
10.723700
10.723600
10.723600
10.723600
10.723600
10.723600
10.723600
10.723500
10.723500
10.723500
10.723500
10.723500
10.723500
10.723500
10.723400
10.723400
10.723400
10.723400
10.723400
10.723400
10.723400
10.723300
10.723300
10.723300
10.723300
10.723300
10.723300
10.723300
10.723200
10.723200
10.723200
10.723200
10.723200
10.723200
10.723200
10.723100
10.723100
10.723100
10.723100
10.723100
10.723100
10.723000
10.723000
10.723000
10.723000
10.723000
10.723000
10.723000
10.722900
10.722900
10.722900
10.722900
10.722900
10.722900
10.722900
10.722800
10.722800
10.722800
10.722800
10.722800
10.722800
10.722800
10.722700
10.722700
10.722700
10.722700
10.722700
10.722700
10.722600
10.722600
10.722600
10.722600
10.722600
10.722600
10.722600
10.722500
10.722500
10.722500
10.722500
10.722500
10.722500
10.722500
10.722400
10.722400
10.722400
10.722400
10.722400
10.722400
10.722300
10.722300
10.722300
10.722300
10.722300
10.722300
10.722300
10.722200
10.722200
10.722200
10.722200
10.722200
10.722200
10.722200
10.722100
10.722100
10.722100
10.722100
10.722100
10.722100
10.722100
10.722000
10.722000
10.722000
10.722000
10.722000
10.722000
10.721900
10.721900
10.721900
10.721900
10.721900
10.721900
10.721900
10.721800
10.721800
10.721800
10.721800
10.721800
10.721800
10.721800
10.721700
10.721700
10.721700
10.721700
10.721700
10.721700
10.721600
10.721600
10.721600
10.721600
10.721600
10.721600
10.721600
10.721500
10.721500
10.721500
10.721500
10.721500
10.721500
10.721500
10.721400
10.721400
10.721400
10.721400
10.721400
10.721400
10.721300
10.721300
10.721300
10.721300
10.721300
10.721300
10.721300
10.721200
10.721200
10.721200
10.721200
10.721200
10.721200
10.721100
10.721100
10.721100
10.721100
10.721100
10.721100
10.721100
10.721000
10.721000
10.721000
10.721000
10.721000
10.721000
10.721000
10.720900
10.720900
10.720900
10.720900
10.720900
10.720900
10.720800
10.720800
10.720800
10.720800
10.720800
10.720800
10.720800
10.720700
10.720700
10.720700
10.720700
10.720700
10.720700
10.720700
10.720600
10.720600
10.720600
10.720600
10.720600
