11.585900
11.585900
11.585900
11.585800
11.585800
11.585900
11.588600
11.589100
11.589100
11.589000
11.588900
11.588800
11.588700
11.588600
11.588500
11.588500
11.588400
11.588300
11.588300
11.588200
11.588200
11.588100
11.588100
11.588100
11.588100
11.588000
11.588000
11.588000
11.588000
11.588000
11.588000
11.588000
11.588100
11.588100
11.588100
11.588100
11.588200
11.588200
11.588200
11.588300
11.588300
11.588400
11.588400
11.588500
11.588500
11.588600
11.588600
11.588700
11.588700
11.588800
11.588800
11.588900
11.588900
11.589000
11.589000
11.589100
11.589200
11.589200
11.589300
11.589300
11.589400
11.589500
11.589500
11.589600
11.589700
11.589700
11.589800
11.589800
11.589900
11.590000
11.590000
11.590100
11.590200
11.590200
11.590300
11.590300
11.590400
11.590500
11.590500
11.590600
11.590600
11.590700
11.590800
11.590800
11.590900
11.590900
11.591000
11.591100
11.591100
11.591200
11.591200
11.591300
11.591300
11.591400
11.591400
11.591500
11.591600
11.591600
11.591700
11.591700
11.591800
11.591800
11.591900
11.591900
11.592000
11.592000
11.592100
11.592100
11.592100
11.592200
11.592200
11.592300
11.592300
11.592400
11.592400
11.592500
11.592500
11.592500
11.592600
11.592600
11.592700
11.592700
11.592800
11.592800
11.592800
11.592900
11.592900
11.592900
11.593000
11.593000
11.593100
11.593100
11.593100
11.593200
11.593200
11.593200
11.593300
11.593300
11.593300
11.593400
11.593400
11.593400
11.593500
11.593500
11.593500
11.593500
11.593600
11.593600
11.593600
11.593700
11.593700
11.593700
11.593700
11.593800
11.593800
11.593800
11.593800
11.593900
11.593900
11.593900
11.593900
11.594000
11.594000
11.594000
11.594000
11.594100
11.594100
11.594100
11.594100
11.594100
11.594200
11.594200
11.594200
11.594200
11.594200
11.594300
11.594300
11.594300
11.594300
11.594300
11.594400
11.594400
11.594400
11.594400
11.594400
11.594400
11.594500
11.594500
11.594500
11.594500
11.594500
11.594500
11.594500
11.594600
11.594600
11.594600
11.594600
11.594600
11.594600
11.594600
11.594600
11.594700
11.594700
11.594700
11.594700
11.594700
11.594700
11.594700
11.594700
11.594700
11.594700
11.594800
11.594800
11.594800
11.594800
11.594800
11.594800
11.594800
11.594800
11.594800
11.594800
11.594800
11.594900
11.594900
11.594900
11.594900
11.594900
11.594900
11.594900
11.594900
11.594900
11.594900
11.594900
11.594900
11.594900
11.594900
11.594900
11.594900
11.594900
11.594900
11.595000
11.595000
11.595000
11.595000
11.595000
11.595000
11.595000
11.595000
11.595000
11.595000
11.595000
11.595000
11.595000
11.595000
11.595000
11.595000
11.595000
11.595000
11.595000
11.595000
11.595000
11.595000
11.595000
11.595000
11.595000
11.595000
11.595000
11.595000
11.595000
11.595000
11.595000
11.595000
11.595000
11.595000
11.595000
11.595000
11.595000
11.595000
11.595000
11.595000
11.595000
11.595000
11.595000
11.595000
11.595000
11.595000
11.595000
11.595000
11.595000
11.595000
11.595000
11.595000
11.595000
11.595000
11.595000
11.595000
11.595000
11.595000
11.595000
11.595000
11.595000
11.595000
11.595000
11.594900
11.594900
11.594900
11.594900
11.594900
11.594900
11.594900
11.594900
11.594900
11.594900
11.594900
11.594900
11.594900
11.594900
11.594900
11.594900
11.594900
11.594900
11.594900
11.594900
11.594900
11.594900
11.594900
11.594800
11.594800
11.594800
11.594800
11.594800
11.594800
11.594800
11.594800
11.594800
11.594800
11.594800
11.594800
11.594800
11.594800
11.594800
11.594800
11.594800
11.594700
11.594700
11.594700
11.594700
11.594700
11.594700
11.594700
11.594700
11.594700
11.594700
11.594700
11.594700
11.594700
11.594700
11.594600
11.594600
11.594600
11.594600
11.594600
11.594600
11.594600
11.594600
11.594600
11.594600
11.594600
11.594600
11.594600
11.594500
11.594500
11.594500
11.594500
11.594500
11.594500
11.594500
11.594500
11.594500
11.594500
11.594500
11.594500
11.594400
11.594400
11.594400
11.594400
11.594400
11.594400
11.594400
11.594400
11.594400
11.594400
11.594400
11.594400
11.594300
11.594300
11.594300
11.594300
11.594300
11.594300
11.594300
11.594300
11.594300
11.594300
11.594200
11.594200
11.594200
11.594200
11.594200
11.594200
11.594200
11.594200
11.594200
11.594200
11.594200
11.594100
11.594100
11.594100
11.594100
11.594100
11.594100
11.594100
11.594100
11.594100
11.594000
11.594000
11.594000
11.594000
11.594000
11.594000
11.594000
11.594000
11.594000
11.594000
11.593900
11.593900
11.593900
11.593900
11.593900
11.593900
11.593900
11.593900
11.593900
11.593800
11.593800
11.593800
11.593800
11.593800
11.593800
11.593800
11.593800
11.593800
11.593700
11.593700
11.593700
11.593700
11.593700
11.593700
11.593700
11.593700
11.593700
11.593600
11.593600
11.593600
11.593600
11.593600
11.593600
11.593600
11.593600
11.593600
11.593500
11.593500
11.593500
11.593500
11.593500
11.593500
11.593500
11.593500
11.593500
11.593400
11.593400
11.593400
11.593400
11.593400
11.593400
11.593400
11.593400
11.593300
11.593300
11.593300
11.593300
11.593300
11.593300
11.593300
11.593300
11.593200
11.593200
11.593200
11.593200
11.593200
11.593200
11.593200
11.593200
11.593100
11.593100
11.593100
11.593100
11.593100
11.593100
11.593100
11.593100
11.593000
11.593000
11.593000
11.593000
11.593000
11.593000
11.593000
11.593000
11.592900
11.592900
11.592900
11.592900
11.592900
11.592900
11.592900
11.592900
11.592800
11.592800
11.592800
11.592800
11.592800
11.592800
11.592800
11.592800
11.592700
11.592700
11.592700
11.592700
11.592700
11.592700
11.592700
11.592700
11.592600
11.592600
11.592600
11.592600
11.592600
11.592600
11.592600
11.592500
11.592500
11.592500
11.592500
11.592500
11.592500
11.592500
11.592500
11.592400
11.592400
11.592400
11.592400
11.592400
11.592400
11.592400
11.592300
11.592300
11.592300
11.592300
11.592300
11.592300
11.592300
11.592300
11.592200
11.592200
11.592200
11.592200
11.592200
11.592200
11.592200
11.592100
11.592100
11.592100
11.592100
11.592100
11.592100
11.592100
11.592100
11.592000
11.592000
11.592000
11.592000
11.592000
11.592000
11.592000
11.591900
11.591900
11.591900
11.591900
11.591900
11.591900
11.591900
11.591800
11.591800
11.591800
11.591800
11.591800
11.591800
11.591800
11.591700
11.591700
11.591700
11.591700
11.591700
11.591700
11.591700
11.591700
11.591600
11.591600
11.591600
11.591600
11.591600
11.591600
11.591600
11.591500
11.591500
11.591500
11.591500
11.591500
11.591500
11.591500
11.591400
11.591400
11.591400
11.591400
11.591400
11.591400
11.591400
11.591300
11.591300
11.591300
11.591300
11.591300
11.591300
11.591300
11.591200
11.591200
11.591200
11.591200
11.591200
11.591200
11.591200
11.591100
11.591100
11.591100
11.591100
11.591100
11.591100
11.591100
11.591000
11.591000
11.591000
11.591000
11.591000
11.591000
11.591000
11.590900
11.590900
11.590900
11.590900
11.590900
11.590900
11.590900
11.590800
11.590800
11.590800
11.590800
11.590800
11.590800
11.590800
11.590700
11.590700
11.590700
11.590700
11.590700
11.590700
11.590700
11.590600
11.590600
11.590600
11.590600
11.590600
11.590600
11.590600
11.590500
11.590500
11.590500
11.590500
11.590500
11.590500
11.590500
11.590400
11.590400
11.590400
11.590400
11.590400
11.590400
11.590300
11.590300
11.590300
11.590300
11.590300
11.590300
11.590300
11.590200
11.590200
11.590200
11.590200
11.590200
11.590200
11.590200
11.590100
11.590100
11.590100
11.590100
11.590100
11.590100
11.590100
11.590000
11.590000
11.590000
11.590000
11.590000
11.590000
11.590000
11.589900
11.589900
11.589900
11.589900
11.589900
11.589900
11.589800
11.589800
11.589800
11.589800
11.589800
11.589800
11.589800
11.589700
11.589700
11.589700
11.589700
11.589700
11.589700
11.589700
11.589600
11.589600
11.589600
11.589600
11.589600
11.589600
11.589500
11.589500
11.589500
11.589500
11.589500
11.589500
11.589500
11.589400
11.589400
11.589400
11.589400
11.589400
11.589400
11.589400
11.589300
11.589300
11.589300
11.589300
11.589300
11.589300
11.589300
11.589200
11.589200
11.589200
11.589200
11.589200
11.589200
11.589100
11.589100
11.589100
11.589100
11.589100
11.589100
11.589100
11.589000
11.589000
11.589000
11.589000
11.589000
11.589000
11.589000
11.588900
11.588900
11.588900
11.588900
11.588900
11.588900
11.588800
11.588800
11.588800
11.588800
11.588800
11.588800
11.588800
11.588700
11.588700
11.588700
11.588700
11.588700
11.588700
11.588600
11.588600
11.588600
11.588600
11.588600
11.588600
11.588600
11.588500
11.588500
11.588500
11.588500
11.588500
11.588500
11.588500
11.588400
11.588400
11.588400
11.588400
11.588400
11.588400
11.588300
11.588300
11.588300
11.588300
11.588300
11.588300
11.588300
11.588200
11.588200
11.588200
11.588200
11.588200
11.588200
11.588100
11.588100
11.588100
11.588100
11.588100
11.588100
11.588100
11.588000
11.588000
11.588000
11.588000
11.588000
11.588000
11.588000
11.587900
11.587900
11.587900
11.587900
11.587900
11.587900
11.587800
11.587800
11.587800
11.587800
11.587800
11.587800
11.587800
11.587700
11.587700
11.587700
11.587700
11.587700
11.587700
11.587600
11.587600
11.587600
11.587600
11.587600
11.587600
11.587600
11.587500
11.587500
11.587500
11.587500
11.587500
11.587500
11.587400
11.587400
11.587400
11.587400
11.587400
11.587400
11.587400
11.587300
11.587300
11.587300
11.587300
11.587300
11.587300
11.587200
11.587200
11.587200
11.587200
11.587200
11.587200
11.587200
11.587100
11.587100
11.587100
11.587100
11.587100
11.587100
11.587000
11.587000
11.587000
11.587000
11.587000
11.587000
11.587000
11.586900
11.586900
11.586900
11.586900
11.586900
11.586900
11.586800
11.586800
11.586800
11.586800
11.586800
11.586800
11.586800
11.586700
11.586700
11.586700
11.586700
11.586700
11.586700
11.586600
11.586600
11.586600
11.586600
11.586600
11.586600
11.586600
11.586500
11.586500
11.586500
11.586500
11.586500
11.586500
11.586400
11.586400
11.586400
11.586400
11.586400
11.586400
11.586400
11.586300
11.586300
11.586300
11.586300
11.586300
11.586300
11.586200
11.586200
11.586200
11.586200
11.586200
11.586200
11.586200
11.586100
11.586100
11.586100
11.586100
11.586100
11.586100
11.586000
11.586000
11.586000
11.586000
11.586000
11.586000
11.586000
11.585900
11.585900
11.585900
11.585900
11.585900
11.585800
11.585800
11.585900
11.588600
11.589100
11.589100
11.589000
11.588900
11.588800
11.588700
11.588600
11.588600
11.588500
11.588400
11.588400
11.588300
11.588200
11.588200
11.588200
11.588100
11.588100
11.588100
11.588000
11.588000
11.588000
11.588000
11.588000
11.588000
11.588000
11.588100
11.588100
11.588100
11.588100
11.588200
11.588200
11.588200
11.588300
11.588300
11.588400
11.588400
11.588500
11.588500
11.588600
11.588600
11.588700
11.588700
11.588800
11.588800
11.588900
11.588900
11.589000
11.589100
11.589100
11.589200
11.589200
11.589300
11.589400
11.589400
11.589500
11.589500
11.589600
11.589700
11.589700
11.589800
11.589800
11.589900
11.590000
11.590000
11.590100
11.590200
11.590200
11.590300
11.590300
11.590400
11.590500
11.590500
11.590600
11.590600
11.590700
11.590800
11.590800
11.590900
11.590900
11.591000
11.591100
11.591100
11.591200
11.591200
11.591300
11.591300
11.591400
11.591500
11.591500
11.591600
11.591600
11.591700
11.591700
11.591800
11.591800
11.591900
11.591900
11.592000
11.592000
11.592100
11.592100
11.592200
11.592200
11.592200
11.592300
11.592300
11.592400
11.592400
11.592500
11.592500
11.592600
11.592600
11.592600
11.592700
11.592700
11.592800
11.592800
11.592800
11.592900
11.592900
11.593000
11.593000
11.593000
11.593100
11.593100
11.593100
11.593200
11.593200
11.593200
11.593300
11.593300
11.593300
11.593400
11.593400
11.593400
11.593500
11.593500
11.593500
11.593600
11.593600
11.593600
11.593600
11.593700
11.593700
11.593700
11.593800
11.593800
11.593800
11.593800
11.593900
11.593900
11.593900
11.593900
11.594000
11.594000
11.594000
11.594000
11.594000
11.594100
11.594100
11.594100
11.594100
11.594200
11.594200
11.594200
11.594200
11.594200
11.594300
11.594300
11.594300
11.594300
11.594300
11.594300
11.594400
11.594400
11.594400
11.594400
11.594400
11.594400
11.594500
11.594500
11.594500
11.594500
11.594500
11.594500
11.594500
11.594600
11.594600
11.594600
11.594600
11.594600
11.594600
11.594600
11.594600
11.594700
11.594700
11.594700
11.594700
11.594700
11.594700
11.594700
11.594700
11.594700
11.594800
11.594800
11.594800
11.594800
11.594800
11.594800
11.594800
11.594800
11.594800
11.594800
11.594800
11.594900
11.594900
11.594900
11.594900
11.594900
11.594900
11.594900
11.594900
11.594900
11.594900
11.594900
11.594900
11.594900
11.594900
11.594900
11.594900
11.594900
11.595000
11.595000
11.595000
11.595000
11.595000
11.595000
11.595000
11.595000
11.595000
11.595000
11.595000
11.595000
11.595000
11.595000
11.595000
11.595000
11.595000
11.595000
11.595000
11.595000
11.595000
11.595000
11.595000
11.595000
11.595000
11.595000
11.595000
11.595000
11.595000
11.595000
11.595000
11.595000
11.595000
11.595000
11.595000
11.595000
11.595000
11.595000
11.595000
11.595000
11.595000
11.595000
11.595000
11.595000
11.595000
11.595000
11.595000
11.595000
11.595000
11.595000
11.595000
11.595000
11.595000
11.595000
11.595000
11.595000
11.595000
11.595000
11.595000
11.595000
11.595000
11.595000
11.595000
11.595000
11.595000
11.595000
11.595000
11.594900
11.594900
11.594900
11.594900
11.594900
11.594900
11.594900
11.594900
11.594900
11.594900
11.594900
11.594900
11.594900
11.594900
11.594900
11.594900
11.594900
11.594900
11.594900
11.594900
11.594900
11.594900
11.594800
11.594800
11.594800
11.594800
11.594800
11.594800
11.594800
11.594800
11.594800
11.594800
11.594800
11.594800
11.594800
11.594800
11.594800
11.594800
11.594800
11.594700
11.594700
11.594700
11.594700
11.594700
11.594700
11.594700
11.594700
11.594700
11.594700
11.594700
11.594700
11.594700
11.594700
11.594600
11.594600
11.594600
11.594600
11.594600
11.594600
11.594600
11.594600
11.594600
11.594600
11.594600
11.594600
11.594600
11.594500
11.594500
11.594500
11.594500
11.594500
11.594500
11.594500
11.594500
11.594500
11.594500
11.594500
11.594500
11.594400
11.594400
11.594400
11.594400
11.594400
11.594400
11.594400
11.594400
11.594400
11.594400
11.594400
11.594300
11.594300
11.594300
11.594300
11.594300
11.594300
11.594300
11.594300
11.594300
11.594300
11.594300
11.594200
11.594200
11.594200
11.594200
11.594200
11.594200
11.594200
11.594200
11.594200
11.594200
11.594100
11.594100
11.594100
11.594100
11.594100
11.594100
11.594100
11.594100
11.594100
11.594100
11.594000
11.594000
11.594000
11.594000
11.594000
11.594000
11.594000
11.594000
11.594000
11.594000
11.593900
11.593900
11.593900
11.593900
11.593900
11.593900
11.593900
11.593900
11.593900
11.593800
11.593800
11.593800
11.593800
11.593800
11.593800
11.593800
11.593800
11.593800
11.593700
11.593700
11.593700
11.593700
11.593700
11.593700
11.593700
11.593700
11.593700
11.593600
11.593600
11.593600
11.593600
11.593600
11.593600
11.593600
11.593600
11.593600
11.593500
11.593500
11.593500
11.593500
11.593500
11.593500
11.593500
11.593500
11.593400
11.593400
11.593400
11.593400
11.593400
11.593400
11.593400
11.593400
11.593300
11.593300
11.593300
11.593300
11.593300
11.593300
11.593300
11.593300
11.593300
11.593200
11.593200
11.593200
11.593200
11.593200
11.593200
11.593200
11.593200
11.593100
11.593100
11.593100
11.593100
11.593100
11.593100
11.593100
11.593100
11.593000
11.593000
11.593000
11.593000
11.593000
11.593000
11.593000
11.593000
11.592900
11.592900
11.592900
11.592900
11.592900
11.592900
11.592900
11.592900
11.592800
11.592800
11.592800
11.592800
11.592800
11.592800
11.592800
11.592800
11.592700
11.592700
11.592700
11.592700
11.592700
11.592700
11.592700
11.592600
11.592600
11.592600
11.592600
11.592600
11.592600
11.592600
11.592600
11.592500
11.592500
11.592500
11.592500
11.592500
11.592500
11.592500
11.592400
11.592400
11.592400
11.592400
11.592400
11.592400
11.592400
11.592400
11.592300
11.592300
11.592300
11.592300
11.592300
11.592300
11.592300
11.592200
11.592200
11.592200
11.592200
11.592200
11.592200
11.592200
11.592200
11.592100
11.592100
11.592100
11.592100
11.592100
11.592100
11.592100
11.592000
11.592000
11.592000
11.592000
11.592000
11.592000
11.592000
11.591900
11.591900
11.591900
11.591900
11.591900
11.591900
11.591900
11.591900
11.591800
11.591800
11.591800
11.591800
11.591800
11.591800
11.591800
11.591700
11.591700
11.591700
11.591700
11.591700
11.591700
11.591700
11.591600
11.591600
11.591600
11.591600
11.591600
11.591600
11.591600
11.591500
11.591500
11.591500
11.591500
11.591500
11.591500
11.591500
11.591400
11.591400
11.591400
11.591400
11.591400
11.591400
11.591400
11.591300
11.591300
11.591300
11.591300
11.591300
11.591300
11.591300
11.591300
11.591200
11.591200
11.591200
11.591200
11.591200
11.591200
11.591200
11.591100
11.591100
11.591100
11.591100
11.591100
11.591100
11.591100
11.591000
11.591000
11.591000
11.591000
11.591000
11.591000
11.590900
11.590900
11.590900
11.590900
11.590900
11.590900
11.590900
11.590800
11.590800
11.590800
11.590800
11.590800
11.590800
11.590800
11.590700
11.590700
11.590700
11.590700
11.590700
11.590700
11.590700
11.590600
11.590600
11.590600
11.590600
11.590600
11.590600
11.590600
11.590500
11.590500
11.590500
11.590500
11.590500
11.590500
11.590500
11.590400
11.590400
11.590400
11.590400
11.590400
11.590400
11.590400
11.590300
11.590300
11.590300
11.590300
11.590300
11.590300
11.590300
11.590200
11.590200
11.590200
11.590200
11.590200
11.590200
11.590100
11.590100
11.590100
11.590100
11.590100
11.590100
11.590100
11.590000
11.590000
11.590000
11.590000
11.590000
11.590000
11.590000
11.589900
11.589900
11.589900
11.589900
11.589900
11.589900
11.589900
11.589800
11.589800
11.589800
11.589800
11.589800
11.589800
11.589800
11.589700
11.589700
11.589700
11.589700
11.589700
11.589700
11.589600
11.589600
11.589600
11.589600
11.589600
11.589600
11.589600
11.589500
11.589500
11.589500
11.589500
11.589500
11.589500
11.589500
11.589400
11.589400
11.589400
11.589400
11.589400
11.589400
11.589300
11.589300
11.589300
11.589300
11.589300
11.589300
11.589300
11.589200
11.589200
11.589200
11.589200
11.589200
11.589200
11.589200
11.589100
11.589100
11.589100
11.589100
11.589100
11.589100
11.589000
11.589000
11.589000
11.589000
11.589000
11.589000
11.589000
11.588900
11.588900
11.588900
11.588900
11.588900
11.588900
11.588900
11.588800
11.588800
11.588800
11.588800
11.588800
11.588800
11.588700
11.588700
11.588700
11.588700
11.588700
11.588700
11.588700
11.588600
11.588600
11.588600
11.588600
11.588600
11.588600
11.588500
11.588500
11.588500
11.588500
11.588500
11.588500
11.588500
11.588400
11.588400
11.588400
11.588400
11.588400
11.588400
11.588400
11.588300
11.588300
11.588300
11.588300
11.588300
11.588300
11.588200
11.588200
11.588200
11.588200
11.588200
11.588200
11.588200
11.588100
11.588100
11.588100
11.588100
11.588100
11.588100
11.588000
11.588000
11.588000
11.588000
11.588000
11.588000
11.588000
11.587900
11.587900
11.587900
11.587900
11.587900
11.587900
11.587900
11.587800
11.587800
11.587800
11.587800
11.587800
11.587800
11.587700
11.587700
11.587700
11.587700
11.587700
11.587700
11.587700
11.587600
11.587600
11.587600
11.587600
11.587600
11.587600
11.587500
11.587500
11.587500
11.587500
11.587500
11.587500
11.587500
11.587400
11.587400
11.587400
11.587400
11.587400
11.587400
11.587300
11.587300
11.587300
11.587300
11.587300
11.587300
11.587300
11.587200
11.587200
11.587200
11.587200
11.587200
11.587200
11.587100
11.587100
11.587100
11.587100
11.587100
11.587100
11.587100
11.587000
11.587000
11.587000
11.587000
11.587000
11.587000
11.586900
11.586900
11.586900
11.586900
11.586900
11.586900
11.586900
11.586800
11.586800
11.586800
11.586800
11.586800
11.586800
11.586700
11.586700
11.586700
11.586700
11.586700
11.586700
11.586700
11.586600
11.586600
11.586600
11.586600
11.586600
11.586600
11.586500
11.586500
11.586500
11.586500
11.586500
11.586500
11.586500
11.586400
11.586400
11.586400
11.586400
11.586400
11.586400
11.586300
11.586300
11.586300
11.586300
11.586300
11.586300
11.586300
11.586200
11.586200
11.586200
11.586200
11.586200
11.586200
11.586100
11.586100
11.586100
11.586100
11.586100
11.586100
11.586100
11.586000
11.586000
11.586000
11.586000
11.586000
11.586000
11.585900
11.585900
11.585900
11.585900
11.585900
11.585800
11.585800
11.585900
11.588600
11.589100
11.589100
11.589000
11.588900
11.588800
11.588700
11.588600
11.588600
11.588500
11.588400
11.588400
11.588300
11.588300
11.588200
11.588200
11.588100
11.588100
11.588100
11.588000
11.588000
11.588000
11.588000
11.588000
11.588000
11.588000
11.588100
11.588100
11.588100
11.588100
11.588200
11.588200
11.588300
11.588300
11.588300
11.588400
11.588400
11.588500
11.588500
11.588600
11.588600
11.588700
11.588700
11.588800
11.588800
11.588900
11.588900
11.589000
11.589100
11.589100
11.589200
11.589200
11.589300
11.589400
11.589400
11.589500
11.589500
11.589600
11.589700
11.589700
11.589800
11.589900
11.589900
11.590000
11.590000
11.590100
11.590200
11.590200
11.590300
11.590400
11.590400
11.590500
11.590500
11.590600
11.590700
11.590700
11.590800
11.590800
11.590900
11.591000
11.591000
11.591100
11.591100
11.591200
11.591200
11.591300
11.591300
11.591400
11.591500
11.591500
11.591600
11.591600
11.591700
11.591700
11.591800
11.591800
11.591900
11.591900
11.592000
11.592000
11.592100
11.592100
11.592200
11.592200
11.592300
11.592300
11.592300
11.592400
11.592400
11.592500
11.592500
11.592600
11.592600
11.592600
11.592700
11.592700
11.592800
11.592800
11.592800
11.592900
11.592900
11.593000
11.593000
11.593000
11.593100
11.593100
11.593100
11.593200
11.593200
11.593200
11.593300
11.593300
11.593300
11.593400
11.593400
11.593400
11.593500
11.593500
11.593500
11.593600
11.593600
11.593600
11.593600
11.593700
11.593700
11.593700
11.593800
11.593800
11.593800
11.593800
11.593900
11.593900
11.593900
11.593900
11.594000
11.594000
11.594000
11.594000
11.594100
11.594100
11.594100
11.594100
11.594100
11.594200
11.594200
11.594200
11.594200
11.594200
11.594300
11.594300
11.594300
11.594300
11.594300
11.594300
11.594400
11.594400
11.594400
11.594400
11.594400
11.594400
11.594500
11.594500
11.594500
11.594500
11.594500
11.594500
11.594600
11.594600
11.594600
11.594600
11.594600
11.594600
11.594600
11.594600
11.594700
11.594700
11.594700
11.594700
11.594700
11.594700
11.594700
11.594700
11.594700
11.594800
11.594800
11.594800
11.594800
11.594800
11.594800
11.594800
11.594800
11.594800
11.594800
11.594800
11.594800
11.594900
11.594900
11.594900
11.594900
11.594900
11.594900
11.594900
11.594900
11.594900
11.594900
11.594900
11.594900
11.594900
11.594900
11.594900
11.594900
11.595000
11.595000
11.595000
11.595000
11.595000
11.595000
11.595000
11.595000
11.595000
11.595000
11.595000
11.595000
11.595000
11.595000
11.595000
11.595000
11.595000
11.595000
11.595000
11.595000
11.595000
11.595000
11.595000
11.595000
11.595000
11.595000
11.595000
11.595000
11.595000
11.595000
11.595000
11.595000
11.595000
11.595000
11.595000
11.595000
11.595000
11.595000
11.595000
11.595000
11.595000
11.595000
11.595000
11.595000
11.595000
11.595000
11.595000
11.595000
11.595000
11.595000
11.595000
11.595000
11.595000
11.595000
11.595000
11.595000
11.595000
11.595000
11.595000
11.595000
11.595000
11.595000
11.595000
11.595000
11.595000
11.595000
11.595000
11.595000
11.595000
11.595000
11.594900
11.594900
11.594900
11.594900
11.594900
11.594900
11.594900
11.594900
11.594900
11.594900
11.594900
11.594900
11.594900
11.594900
11.594900
11.594900
11.594900
11.594900
11.594900
11.594900
11.594900
11.594800
11.594800
11.594800
11.594800
11.594800
11.594800
11.594800
11.594800
11.594800
11.594800
11.594800
11.594800
11.594800
11.594800
11.594800
11.594800
11.594800
11.594700
11.594700
11.594700
11.594700
11.594700
11.594700
11.594700
11.594700
11.594700
11.594700
11.594700
11.594700
11.594700
11.594700
11.594600
11.594600
11.594600
11.594600
11.594600
11.594600
11.594600
11.594600
11.594600
11.594600
11.594600
11.594600
11.594600
11.594500
11.594500
11.594500
11.594500
11.594500
11.594500
11.594500
11.594500
11.594500
11.594500
11.594500
11.594500
11.594400
11.594400
11.594400
11.594400
11.594400
11.594400
11.594400
11.594400
11.594400
11.594400
11.594400
11.594300
11.594300
11.594300
11.594300
11.594300
11.594300
11.594300
11.594300
11.594300
11.594300
11.594300
11.594200
11.594200
11.594200
11.594200
11.594200
11.594200
11.594200
11.594200
11.594200
11.594200
11.594100
11.594100
11.594100
11.594100
11.594100
11.594100
11.594100
11.594100
11.594100
11.594100
11.594000
11.594000
11.594000
11.594000
11.594000
11.594000
11.594000
11.594000
11.594000
11.593900
11.593900
11.593900
11.593900
11.593900
11.593900
11.593900
11.593900
11.593900
11.593900
11.593800
11.593800
11.593800
11.593800
11.593800
11.593800
11.593800
11.593800
11.593800
11.593700
11.593700
11.593700
11.593700
11.593700
11.593700
11.593700
11.593700
11.593600
11.593600
11.593600
11.593600
11.593600
11.593600
11.593600
11.593600
11.593600
11.593500
11.593500
11.593500
11.593500
11.593500
11.593500
11.593500
11.593500
11.593500
11.593400
11.593400
11.593400
11.593400
11.593400
11.593400
11.593400
11.593400
11.593300
11.593300
11.593300
11.593300
11.593300
11.593300
11.593300
11.593300
11.593200
11.593200
11.593200
11.593200
11.593200
11.593200
11.593200
11.593200
11.593100
11.593100
11.593100
11.593100
11.593100
11.593100
11.593100
11.593100
11.593000
11.593000
11.593000
11.593000
11.593000
11.593000
11.593000
11.593000
11.592900
11.592900
11.592900
11.592900
11.592900
11.592900
11.592900
11.592900
11.592800
11.592800
11.592800
11.592800
11.592800
11.592800
11.592800
11.592800
11.592700
11.592700
11.592700
11.592700
11.592700
11.592700
11.592700
11.592700
11.592600
11.592600
11.592600
11.592600
11.592600
11.592600
11.592600
11.592500
11.592500
11.592500
11.592500
11.592500
11.592500
11.592500
11.592500
11.592400
11.592400
11.592400
11.592400
11.592400
11.592400
11.592400
11.592300
11.592300
11.592300
11.592300
11.592300
11.592300
11.592300
11.592300
11.592200
11.592200
11.592200
11.592200
11.592200
11.592200
11.592200
11.592100
11.592100
11.592100
11.592100
11.592100
11.592100
11.592100
11.592100
11.592000
11.592000
11.592000
11.592000
11.592000
11.592000
11.592000
11.591900
11.591900
11.591900
11.591900
11.591900
11.591900
11.591900
11.591800
11.591800
11.591800
11.591800
11.591800
11.591800
11.591800
11.591700
11.591700
11.591700
11.591700
11.591700
11.591700
11.591700
11.591700
11.591600
11.591600
11.591600
11.591600
11.591600
11.591600
11.591600
11.591500
11.591500
11.591500
11.591500
11.591500
11.591500
11.591500
11.591400
11.591400
11.591400
11.591400
11.591400
11.591400
11.591400
11.591300
11.591300
11.591300
11.591300
11.591300
11.591300
11.591300
11.591200
11.591200
11.591200
11.591200
11.591200
11.591200
11.591200
11.591100
11.591100
11.591100
11.591100
11.591100
11.591100
11.591100
11.591000
11.591000
11.591000
11.591000
11.591000
11.591000
11.591000
11.590900
11.590900
11.590900
11.590900
11.590900
11.590900
11.590900
11.590800
11.590800
11.590800
11.590800
11.590800
11.590800
11.590800
11.590700
11.590700
11.590700
11.590700
11.590700
11.590700
11.590700
11.590600
11.590600
11.590600
11.590600
11.590600
11.590600
11.590600
11.590500
11.590500
11.590500
11.590500
11.590500
11.590500
11.590400
11.590400
11.590400
11.590400
11.590400
11.590400
11.590400
11.590300
11.590300
11.590300
11.590300
11.590300
11.590300
11.590300
11.590200
11.590200
11.590200
11.590200
11.590200
11.590200
11.590200
11.590100
11.590100
11.590100
11.590100
11.590100
11.590100
11.590100
11.590000
11.590000
11.590000
11.590000
11.590000
11.590000
11.589900
11.589900
11.589900
11.589900
11.589900
11.589900
11.589900
11.589800
11.589800
11.589800
11.589800
11.589800
11.589800
11.589800
11.589700
11.589700
11.589700
11.589700
11.589700
11.589700
11.589700
11.589600
11.589600
11.589600
11.589600
11.589600
11.589600
11.589500
11.589500
11.589500
11.589500
11.589500
11.589500
11.589500
11.589400
11.589400
11.589400
11.589400
11.589400
11.589400
11.589400
11.589300
11.589300
11.589300
11.589300
11.589300
11.589300
11.589200
11.589200
11.589200
11.589200
11.589200
11.589200
11.589200
11.589100
11.589100
11.589100
11.589100
11.589100
11.589100
11.589100
11.589000
11.589000
11.589000
11.589000
11.589000
11.589000
11.588900
11.588900
11.588900
11.588900
11.588900
11.588900
11.588900
11.588800
11.588800
11.588800
11.588800
11.588800
11.588800
11.588800
11.588700
11.588700
11.588700
11.588700
11.588700
11.588700
11.588600
11.588600
11.588600
11.588600
11.588600
11.588600
11.588600
11.588500
11.588500
11.588500
11.588500
11.588500
11.588500
11.588500
11.588400
11.588400
11.588400
11.588400
11.588400
11.588400
11.588300
11.588300
11.588300
11.588300
11.588300
11.588300
11.588300
11.588200
11.588200
11.588200
11.588200
11.588200
11.588200
11.588100
11.588100
11.588100
11.588100
11.588100
11.588100
11.588100
11.588000
11.588000
11.588000
11.588000
11.588000
11.588000
11.587900
11.587900
11.587900
11.587900
11.587900
11.587900
11.587900
11.587800
11.587800
11.587800
11.587800
11.587800
11.587800
11.587800
11.587700
11.587700
11.587700
11.587700
11.587700
11.587700
11.587600
11.587600
11.587600
11.587600
11.587600
11.587600
11.587600
11.587500
11.587500
11.587500
11.587500
11.587500
11.587500
11.587400
11.587400
11.587400
11.587400
11.587400
11.587400
11.587400
11.587300
11.587300
11.587300
11.587300
11.587300
11.587300
11.587200
11.587200
11.587200
11.587200
11.587200
11.587200
11.587200
11.587100
11.587100
11.587100
11.587100
11.587100
11.587100
11.587000
11.587000
11.587000
11.587000
11.587000
11.587000
11.587000
11.586900
11.586900
11.586900
11.586900
11.586900
11.586900
11.586800
11.586800
11.586800
11.586800
11.586800
11.586800
11.586800
11.586700
11.586700
11.586700
11.586700
11.586700
11.586700
11.586600
11.586600
11.586600
11.586600
11.586600
11.586600
11.586600
11.586500
11.586500
11.586500
11.586500
11.586500
11.586500
11.586400
11.586400
11.586400
11.586400
11.586400
11.586400
11.586400
11.586300
11.586300
11.586300
11.586300
11.586300
11.586300
11.586200
11.586200
11.586200
11.586200
11.586200
11.586200
11.586200
11.586100
11.586100
11.586100
11.586100
11.586100
11.586100
11.586000
11.586000
11.586000
11.586000
11.586000
11.586000
11.586000
11.585900
11.585900
