1.023130
1.021410
1.019700
1.018000
1.016310
1.014630
1.013000
1.012330
1.013420
1.016600
1.022510
1.032460
1.049380
1.078460
1.126590
1.200870
1.307060
1.448500
1.625880
1.837470
2.079920
2.348940
2.640000
2.948730
3.271170
3.603690
3.943020
4.286130
4.630370
4.973490
5.313710
5.649680
5.980420
6.305290
6.623760
6.935600
7.240630
7.538740
7.830010
8.114260
8.391750
8.662430
8.926420
9.183900
9.434870
9.679570
9.918050
10.150400
10.376900
10.597400
10.812100
11.021300
11.224800
11.422900
11.615700
11.803200
11.985600
12.162800
12.335100
12.502500
12.665100
12.822900
12.976000
13.124600
13.268600
13.408200
13.543400
13.674400
13.801000
13.923600
14.041900
14.156200
14.266500
14.372900
14.475500
14.574200
14.669200
14.760500
14.848200
14.932300
15.012900
15.090100
15.163800
15.234200
15.301300
15.365200
15.425700
15.483300
15.537600
15.589000
15.637300
15.682700
15.725200
15.764900
15.801700
15.835800
15.867100
15.895800
15.921900
15.945400
15.966400
15.984800
16.000900
16.014500
16.025800
16.034800
16.041500
16.045900
16.048200
16.048400
16.046400
16.042400
16.036300
16.028200
16.018200
16.006300
15.992500
15.976900
15.959400
15.940300
15.919400
15.896800
15.872600
15.846700
15.819300
15.790300
15.759800
15.727800
15.694400
15.659600
15.623400
15.585900
15.547000
15.506900
15.465500
15.422900
15.379200
15.334300
15.288200
15.241100
15.192900
15.143600
15.093300
15.042100
14.990000
14.936900
14.882900
14.828000
14.772300
14.715800
14.658600
14.600500
14.541800
14.482300
14.422100
14.361300
14.299800
14.237700
14.175100
14.111900
14.048100
13.983800
13.919100
13.853800
13.788100
13.722100
13.655500
13.588600
13.521300
13.453700
13.385800
13.317600
13.249000
13.180200
13.111200
13.041900
12.972400
12.902800
12.832900
12.763000
12.692900
12.622600
12.552300
12.481900
12.411400
12.340800
12.270300
12.199600
12.129000
12.058400
11.987900
11.917300
11.846800
11.776400
11.706100
11.635900
11.565700
11.495700
11.425900
11.356200
11.286600
11.217200
11.148000
11.079000
11.010200
10.941600
10.873200
10.805100
10.737200
10.669600
10.602200
10.535200
10.468300
10.401800
10.335600
10.269700
10.204200
10.139000
10.074000
10.009500
9.945230
9.881370
9.817870
9.754720
9.691990
9.629560
9.567610
9.505960
9.444730
9.383910
9.323520
9.263480
9.203860
9.144650
9.085930
9.027560
8.969620
8.912090
8.855030
8.798340
8.742130
8.686330
8.631010
8.576050
8.521570
8.467560
8.413910
8.360740
8.307990
8.255720
8.203870
8.152430
8.101470
8.050930
8.000810
7.951170
7.901940
7.853130
7.804740
7.756830
7.709340
7.662260
7.615610
7.569370
7.523550
7.478140
7.433160
7.388650
7.344510
7.300720
7.257410
7.214510
7.171980
7.129860
7.088100
7.046760
7.005840
6.965280
6.925130
6.885340
6.845920
6.806850
6.768190
6.729900
6.691970
6.654390
6.617170
6.580310
6.543810
6.507670
6.471820
6.436340
6.401210
6.366380
6.331910
6.297800
6.263990
6.230470
6.197260
6.164400
6.131840
6.099580
6.067680
6.036020
6.004660
5.973600
5.942830
5.912350
5.882160
5.852250
5.822610
5.793250
5.764160
5.735340
5.706780
5.678490
5.650450
5.622670
5.595140
5.567870
5.540830
5.514050
5.487500
5.461200
5.435130
5.409290
5.383680
5.358300
5.333150
5.308210
5.283500
5.259000
5.234710
5.210640
5.186780
5.163120
5.139670
5.116420
5.093360
5.070510
5.047850
5.025380
5.003090
4.981000
4.959100
4.937370
4.915830
4.894460
4.873280
4.852260
4.831420
4.810750
4.790250
4.769910
4.749740
4.729730
4.709880
4.690170
4.670630
4.651250
4.632030
4.612950
4.594030
4.575260
4.556620
4.538140
4.519790
4.501590
4.483530
4.465610
4.447820
4.430170
4.412650
4.395250
4.378000
4.360870
4.343870
4.326990
4.310240
4.293610
4.277100
4.260720
4.244450
4.228290
4.212260
4.196350
4.180540
4.164840
4.149260
4.133790
4.118430
4.103180
4.088030
4.072980
4.058040
4.043210
4.028480
4.013840
3.999310
3.984870
3.970540
3.956300
3.942150
3.928100
3.914150
3.900280
3.886510
3.872830
3.859240
3.845740
3.832330
3.819000
3.805760
3.792600
3.779530
3.766540
3.753640
3.740820
3.728080
3.715410
3.702830
3.690330
3.677900
3.665550
3.653280
3.641080
3.628960
3.616920
3.604940
3.593040
3.581210
3.569450
3.557760
3.546150
3.534600
3.523120
3.511710
3.500370
3.489090
3.477870
3.466730
3.455650
3.444630
3.433680
3.422790
3.411960
3.401190
3.390490
3.379850
3.369260
3.358730
3.348270
3.337870
3.327510
3.317230
3.306990
3.296810
3.286690
3.276630
3.266620
3.256660
3.246760
3.236910
3.227110
3.217370
3.207680
3.198040
3.188450
3.178910
3.169430
3.159990
3.150600
3.141260
3.131970
3.122730
3.113540
3.104400
3.095300
3.086240
3.077240
3.068280
3.059370
3.050500
3.041670
3.032900
3.024160
3.015470
3.006820
2.998210
2.989650
2.981130
2.972650
2.964210
2.955820
2.947470
2.939150
2.930880
2.922650
2.914450
2.906300
2.898180
2.890110
2.882070
2.874070
2.866110
2.858180
2.850300
2.842450
2.834640
2.826860
2.819120
2.811420
2.803750
2.796110
2.788510
2.780950
2.773420
2.765930
2.758470
2.751040
2.743650
2.736290
2.728960
2.721670
2.714410
2.707180
2.699990
2.692820
2.685700
2.678590
2.671520
2.664480
2.657470
2.650500
2.643550
2.636640
2.629750
2.622890
2.616070
2.609270
2.602500
2.595760
2.589050
2.582370
2.575710
2.569090
2.562490
2.555920
2.549370
2.542860
2.536380
2.529910
2.523480
2.517070
2.510690
2.504340
2.498010
2.491710
2.485430
2.479180
2.472960
2.466750
2.460580
2.454430
2.448300
2.442200
2.436130
2.430070
2.424050
2.418040
2.412060
2.406110
2.400170
2.394270
2.388380
2.382520
2.376680
2.370870
2.365070
2.359300
2.353550
2.347830
2.342120
2.336440
2.330780
2.325140
2.319520
2.313930
2.308360
2.302800
2.297270
2.291750
2.286260
2.280800
2.275350
2.269920
2.264510
2.259120
2.253760
2.248410
2.243080
2.237770
2.232490
2.227220
2.221970
2.216740
2.211530
2.206340
2.201160
2.196010
2.190870
2.185760
2.180660
2.175580
2.170520
2.165480
2.160450
2.155450
2.150460
2.145490
2.140530
2.135590
2.130680
2.125780
2.120890
2.116030
2.111180
2.106350
2.101530
2.096730
2.091950
2.087190
2.082440
2.077710
2.072990
2.068300
2.063610
2.058950
2.054290
2.049660
2.045050
2.040440
2.035850
2.031280
2.026730
2.022190
2.017660
2.013160
2.008660
2.004180
1.999720
1.995270
1.990830
1.986420
1.982010
1.977620
1.973250
1.968890
1.964540
1.960210
1.955890
1.951590
1.947300
1.943030
1.938770
1.934520
1.930290
1.926070
1.921860
1.917680
1.913490
1.909330
1.905180
1.901040
1.896920
1.892810
1.888710
1.884630
1.880560
1.876500
1.872460
1.868430
1.864410
1.860400
1.856410
1.852420
1.848450
1.844500
1.840560
1.836630
1.832710
1.828800
1.824910
1.821030
1.817160
1.813300
1.809460
1.805620
1.801800
1.797990
1.794190
1.790410
1.786640
1.782870
1.779120
1.775380
1.771650
1.767940
1.764230
1.760540
1.756860
1.753190
1.749530
1.745880
1.742240
1.738610
1.735000
1.731390
1.727800
1.724210
1.720640
1.717080
1.713530
1.709990
1.706460
1.702940
1.699430
1.695940
1.692450
1.688970
1.685500
1.682050
1.678600
1.675170
1.671740
1.668320
1.664920
1.661520
1.658140
1.654760
1.651400
1.648040
1.644690
1.641350
1.638030
1.634710
1.631410
1.628110
1.624820
1.621540
1.618270
1.615010
1.611760
1.608520
1.605290
1.602060
1.598860
1.595650
1.592460
1.589270
1.586100
1.582920
1.579770
1.576620
1.573480
1.570350
1.567220
1.564110
1.561010
1.557910
1.554820
1.551750
1.548670
1.545610
1.542560
1.539520
1.536480
1.533450
1.530440
1.527430
1.524420
1.521430
1.518450
1.515470
1.512500
1.509540
1.506590
1.503640
1.500710
1.497780
1.494860
1.491950
1.489050
1.486150
1.483270
1.480390
1.477510
1.474650
1.471800
1.468950
1.466100
1.463270
1.460450
1.457630
1.454820
1.452020
1.449230
1.446440
1.443660
1.440890
1.438120
1.435370
1.432620
1.429880
1.427140
1.424420
1.421690
1.418980
1.416280
1.413580
1.410890
1.408200
1.405530
1.402860
1.400200
1.397550
1.394900
1.392250
1.389620
1.387000
1.384370
1.381760
1.379160
1.376560
1.373970
1.371380
1.368800
1.366230
1.363670
1.361100
1.358550
1.356010
1.353470
1.350940
1.348420
1.345890
1.343390
1.340880
1.338380
1.335890
1.333400
1.330920
1.328450
1.325980
1.323530
1.321070
1.318620
1.316190
1.313750
1.311320
1.308900
1.306480
1.304080
1.301670
1.299270
1.296880
1.294500
1.292120
1.289750
1.287380
1.285020
1.282670
1.280320
1.277980
1.275640
1.273310
1.270990
1.268670
1.266360
1.264040
1.261740
1.259450
1.257160
1.254880
1.252600
1.250330
1.248060
1.245800
1.243550
1.241300
1.239060
1.236820
1.234590
1.232360
1.230140
1.227930
1.225720
1.223510
1.221310
1.219120
1.216930
1.214750
1.212570
1.210400
1.208240
1.206070
1.203920
1.201770
1.199620
1.197480
1.195350
1.193220
1.191100
1.188980
1.186870
1.184760
1.182660
1.180560
1.178470
1.176380
1.174300
1.172220
1.170150
1.168090
1.166030
1.163970
1.161920
1.159880
1.157830
1.155800
1.153770
1.151740
1.149720
1.147700
1.145690
1.143690
1.141690
1.139690
1.137700
1.135710
1.133730
1.131750
1.129780
1.127810
1.125850
1.123890
1.121940
1.119990
1.118050
1.116110
1.114170
1.112240
1.110320
1.108400
1.106480
1.104570
1.102660
1.100760
1.098860
1.096970
1.095080
1.093200
1.091320
1.089450
1.087580
1.085710
1.083850
1.081990
1.080140
1.078300
1.076450
1.074610
1.072780
1.070950
1.069120
1.067300
1.065480
1.063670
1.061860
1.060060
1.058260
1.056460
1.054670
1.052880
1.051100
1.049320
1.047550
1.045780
1.044010
1.042250
1.040490
1.038740
1.036990
1.035240
1.033500
1.031760
1.030030
1.028310
1.026580
1.024860
1.023140
1.021430
1.019720
1.018020
1.016320
1.014640
1.013020
1.012340
1.013440
1.016620
1.022520
1.032490
1.049400
1.078490
1.126630
1.200920
1.307110
1.448560
1.625930
1.837530
2.079990
2.349010
2.640070
2.948810
3.271240
3.603760
3.943090
4.286200
4.630440
4.973550
5.313770
5.649740
5.980480
6.305350
6.623820
6.935660
7.240690
7.538800
7.829970
8.114270
8.391700
8.662380
8.926370
9.183900
9.434870
9.679570
9.918050
10.150400
10.376800
10.597400
10.812100
11.021200
11.224800
11.422900
11.615700
11.803200
11.985500
12.162800
12.335100
12.502500
12.665000
12.822900
12.976000
13.124500
13.268600
13.408200
13.543400
13.674300
13.801000
13.923400
14.041800
14.156100
14.266400
14.372800
14.475300
14.574100
14.669100
14.760300
14.848000
14.932200
15.012800
15.089900
15.163600
15.234000
15.301100
15.364900
15.425500
15.483100
15.537400
15.588800
15.637100
15.682500
15.725000
15.764600
15.801500
15.835500
15.866900
15.895600
15.921700
15.945200
15.966200
15.984700
16.000700
16.014300
16.025600
16.034600
16.041300
16.045800
16.048000
16.048200
16.046200
16.042100
16.036100
16.028000
16.018000
16.006100
15.992300
15.976700
15.959300
15.940100
15.919200
15.896600
15.872300
15.846500
15.819100
15.790100
15.759600
15.727600
15.694200
15.659400
15.623200
15.585700
15.546800
15.506700
15.465300
15.422700
15.379000
15.334000
15.288000
15.240800
15.192600
15.143400
15.093200
15.041900
14.989700
14.936600
14.882700
14.827800
14.772200
14.715700
14.658400
14.600300
14.541600
14.482100
14.421900
14.361100
14.299600
14.237600
14.174900
14.111700
14.047900
13.983700
13.918800
13.853600
13.788000
13.721800
13.655300
13.588400
13.521200
13.453500
13.385500
13.317300
13.248800
13.180000
13.111000
13.041700
12.972300
12.902600
12.832800
12.762800
12.692700
12.622400
12.552100
12.481700
12.411200
12.340600
12.270000
12.199500
12.128900
12.058200
11.987700
11.917100
11.846600
11.776300
11.705900
11.635700
11.565600
11.495500
11.425700
11.356000
11.286400
11.217000
11.147800
11.078800
11.010000
10.941400
10.873100
10.804900
10.737000
10.669400
10.602100
10.535000
10.468200
10.401700
10.335500
10.269600
10.204000
10.138800
10.073900
10.009300
9.945110
9.881250
9.817750
9.754600
9.691810
9.629450
9.567430
9.505840
9.444610
9.383790
9.323340
9.263360
9.203740
9.144530
9.085750
9.027380
8.969500
8.911970
8.854860
8.798220
8.742010
8.686210
8.630830
8.575930
8.521450
8.467380
8.413790
8.360630
8.307870
8.255600
8.203750
8.152310
8.101350
8.050810
8.000690
7.951050
7.901820
7.853010
7.804680
7.756710
7.709220
7.662140
7.615490
7.569250
7.523430
7.478080
7.433100
7.388530
7.344390
7.300660
7.257350
7.214390
7.171860
7.129740
7.088040
7.046700
7.005720
6.965220
6.925010
6.885220
6.845800
6.806790
6.768130
6.729780
6.691910
6.654330
6.617110
6.580250
6.543690
6.507550
6.471760
6.436280
6.401150
6.366320
6.331850
6.297680
6.263870
6.230410
6.197200
6.164340
6.131780
6.099520
6.067560
6.035960
6.004600
5.973520
5.942760
5.912280
5.882090
5.852170
5.822540
5.793180
5.764090
5.735260
5.706710
5.678410
5.650380
5.622600
5.595080
5.567770
5.540730
5.513950
5.487410
5.461100
5.435030
5.409190
5.383590
5.358210
5.333060
5.308120
5.283410
5.258910
5.234630
5.210550
5.186690
5.163040
5.139580
5.116330
5.093280
5.070420
5.047760
5.025290
5.003020
4.980930
4.959020
4.937290
4.915750
4.894390
4.873200
4.852190
4.831340
4.810670
4.790170
4.769830
4.749670
4.729660
4.709810
4.690120
4.670590
4.651210
4.631990
4.612910
4.593990
4.575210
4.556580
4.538100
4.519750
4.501550
4.483490
4.465570
4.447780
4.430120
4.412600
4.395220
4.377960
4.360830
4.343830
4.326950
4.310200
4.293570
4.277070
4.260680
4.244410
4.228260
4.212220
4.196310
4.180500
4.164810
4.149230
4.133760
4.118400
4.103140
4.087990
4.072950
4.058010
4.043170
4.028440
4.013810
3.999280
3.984840
3.970510
3.956260
3.942120
3.928070
3.914120
3.900250
3.886480
3.872800
3.859210
3.845710
3.832300
3.818970
3.805730
3.792570
3.779500
3.766510
3.753610
3.740790
3.728050
3.715390
3.702800
3.690300
3.677880
3.665530
3.653250
3.641060
3.628940
3.616890
3.604920
3.593020
3.581190
3.569420
3.557740
3.546120
3.534570
3.523100
3.511690
3.500340
3.489060
3.477850
3.466710
3.455630
3.444610
3.433650
3.422760
3.411940
3.401170
3.390470
3.379820
3.369240
3.358720
3.348250
3.337840
3.327500
3.317200
3.306970
3.296790
3.286670
3.276600
3.266590
3.256640
3.246730
3.236890
3.227090
3.217350
3.207660
3.198020
3.188430
3.178890
3.169410
3.159970
3.150580
3.141250
3.131960
3.122720
3.113520
3.104370
3.095280
3.086230
3.077220
3.068260
3.059350
3.050480
3.041650
3.032880
3.024140
3.015450
3.006800
2.998190
2.989630
2.981110
2.972640
2.964200
2.955800
2.947450
2.939130
2.930860
2.922630
2.914430
2.906280
2.898170
2.890090
2.882050
2.874050
2.866090
2.858170
2.850280
2.842430
2.834620
2.826840
2.819100
2.811400
2.803730
2.796100
2.788500
2.780940
2.773410
2.765910
2.758450
2.751030
2.743640
2.736280
2.728950
2.721660
2.714400
2.707170
2.699970
2.692810
2.685680
2.678580
2.671510
2.664470
2.657460
2.650480
2.643540
2.636620
2.629740
2.622880
2.616050
2.609250
2.602480
2.595740
2.589040
2.582350
2.575700
2.569070
2.562480
2.555900
2.549360
2.542850
2.536360
2.529900
2.523470
2.517060
2.510680
2.504330
2.498000
2.491700
2.485420
2.479170
2.472940
2.466740
2.460570
2.454420
2.448290
2.442190
2.436110
2.430060
2.424040
2.418030
2.412050
2.406100
2.400160
2.394250
2.388370
2.382510
2.376670
2.370850
2.365060
2.359290
2.353540
2.347810
2.342110
2.336430
2.330770
2.325130
2.319510
2.313920
2.308340
2.302790
2.297260
2.291750
2.286260
2.280790
2.275340
2.269910
2.264500
2.259110
2.253750
2.248400
2.243070
2.237760
2.232470
2.227200
2.221960
2.216730
2.211520
2.206330
2.201150
2.196000
2.190860
2.185750
2.180650
2.175570
2.170510
2.165460
2.160440
2.155430
2.150440
2.145470
2.140520
2.135590
2.130670
2.125770
2.120890
2.116020
2.111170
2.106340
2.101520
2.096730
2.091940
2.087180
2.082430
2.077700
2.072990
2.068280
2.063600
2.058940
2.054290
2.049650
2.045030
2.040430
2.035850
2.031280
2.026720
2.022180
2.017660
2.013150
2.008650
2.004170
1.999710
1.995260
1.990830
1.986410
1.982000
1.977610
1.973240
1.968880
1.964530
1.960200
1.955880
1.951580
1.947290
1.943020
1.938760
1.934510
1.930280
1.926060
1.921860
1.917660
1.913490
1.909320
1.905170
1.901040
1.896910
1.892800
1.888710
1.884620
1.880550
1.876490
1.872450
1.868410
1.864400
1.860390
1.856400
1.852420
1.848450
1.844490
1.840550
1.836620
1.832700
1.828790
1.824900
1.821020
1.817150
1.813290
1.809450
1.805620
1.801790
1.797990
1.794190
1.790400
1.786620
1.782870
1.779110
1.775380
1.771650
1.767930
1.764230
1.760530
1.756850
1.753180
1.749520
1.745870
1.742230
1.738610
1.734990
1.731380
1.727790
1.724210
1.720640
1.717080
1.713530
1.709980
1.706450
1.702930
1.699430
1.695930
1.692440
1.688960
1.685500
1.682040
1.678600
1.675160
1.671730
1.668320
1.664910
1.661520
1.658130
1.654750
1.651390
1.648030
1.644690
1.641350
1.638020
1.634710
1.631400
1.628100
1.624810
1.621530
1.618270
1.615000
1.611750
1.608520
1.605280
1.602060
1.598850
1.595640
1.592450
1.589260
1.586090
1.582920
1.579760
1.576620
1.573470
1.570340
1.567220
1.564110
1.561000
1.557900
1.554820
1.551740
1.548670
1.545600
1.542550
1.539510
1.536480
1.533450
1.530430
1.527420
1.524410
1.521420
1.518440
1.515460
1.512500
1.509530
1.506580
1.503640
1.500700
1.497780
1.494860
1.491950
1.489040
1.486150
1.483260
1.480380
1.477510
1.474650
1.471790
1.468940
1.466100
1.463260
1.460440
1.457630
1.454820
1.452020
1.449220
1.446430
1.443650
1.440880
1.438120
1.435360
1.432610
1.429870
1.427130
1.424410
1.421690
1.418980
1.416270
1.413570
1.410890
1.408200
1.405530
1.402860
1.400190
1.397540
1.394890
1.392250
1.389620
1.386990
1.384370
1.381760
1.379150
1.376550
1.373960
1.371370
1.368800
1.366220
1.363660
1.361100
1.358550
1.356000
1.353470
1.350940
1.348410
1.345890
1.343380
1.340880
1.338380
1.335880
1.333400
1.330920
1.328440
1.325980
1.323520
1.321070
1.318620
1.316180
1.313750
1.311320
1.308900
1.306480
1.304070
1.301670
1.299270
1.296880
1.294490
1.292120
1.289740
1.287380
1.285020
1.282660
1.280310
1.277970
1.275630
1.273300
1.270980
1.268660
1.266350
1.264040
1.261740
1.259440
1.257160
1.254870
1.252600
1.250320
1.248060
1.245800
1.243540
1.241300
1.239050
1.236820
1.234580
1.232350
1.230140
1.227920
1.225710
1.223510
1.221310
1.219110
1.216930
1.214740
1.212570
1.210390
1.208230
1.206070
1.203920
1.201770
1.199620
1.197480
1.195340
1.193220
1.191100
1.188980
1.186870
1.184760
1.182660
1.180560
1.178470
1.176380
1.174300
1.172220
1.170150
1.168080
1.166020
1.163970
1.161910
1.159870
1.157830
1.155790
1.153770
1.151730
1.149710
1.147700
1.145690
1.143680
1.141680
1.139680
1.137700
1.135710
1.133720
1.131750
1.129770
1.127810
1.125840
1.123890
1.121940
1.119980
1.118040
1.116110
1.114170
1.112240
1.110320
1.108390
1.106480
1.104570
1.102660
1.100760
1.098860
1.096970
1.095080
1.093200
1.091320
1.089440
1.087570
1.085710
1.083850
1.081990
1.080140
1.078290
1.076440
1.074610
1.072770
1.070940
1.069120
1.067300
1.065480
1.063670
1.061860
1.060050
1.058250
1.056460
1.054670
1.052880
1.051100
1.049320
1.047540
1.045770
1.044010
1.042240
1.040490
1.038740
1.036990
1.035240
1.033500
1.031760
1.030030
1.028300
1.026570
1.024850
1.023140
1.021420
1.019720
1.018020
1.016320
1.014640
1.013010
1.012340
1.013440
1.016610
1.022520
1.032480
1.049400
1.078490
1.126610
1.200900
1.307090
1.448530
1.625900
1.837500
2.079950
2.348970
2.640030
2.948770
3.271190
3.603720
3.943040
4.286150
4.630380
4.973510
5.313720
5.649700
5.980420
6.305290
6.623820
6.935660
7.240630
7.538800
7.829970
8.114270
8.391700
8.662380
8.926370
9.183850
9.434870
9.679570
9.917990
10.150400
10.376800
10.597300
10.812200
11.021300
11.224900
11.423000
11.615700
11.803300
11.985600
12.162900
12.335200
12.502500
12.665100
12.822900
12.976100
13.124700
13.268700
13.408300
13.543500
13.674400
13.801100
13.923600
14.042000
14.156300
14.266600
14.372900
14.475500
14.574200
14.669200
14.760500
14.848200
14.932300
15.012900
15.090100
15.163800
15.234200
15.301300
15.365100
15.425700
15.483300
15.537600
15.589000
15.637300
15.682700
15.725200
15.764900
15.801700
15.835800
15.867100
15.895800
15.921900
15.945400
15.966400
15.984900
16.000900
16.014500
16.025800
16.034800
16.041500
16.046000
16.048300
16.048400
16.046400
16.042400
16.036300
16.028300
16.018300
16.006300
15.992500
15.976900
15.959500
15.940300
15.919400
15.896800
15.872600
15.846800
15.819300
15.790300
15.759900
15.727900
15.694400
15.659700
15.623500
15.585900
15.547100
15.507000
15.465600
15.423000
15.379200
15.334300
15.288300
15.241100
15.192900
15.143600
15.093400
15.042200
14.990000
14.936900
14.882900
14.828100
14.772400
14.715900
14.658700
14.600600
14.541800
14.482300
14.422200
14.361300
14.299900
14.237800
14.175200
14.111900
14.048200
13.983900
13.919100
13.853900
13.788200
13.722100
13.655600
13.588700
13.521400
13.453800
13.385800
13.317600
13.249100
13.180300
13.111200
13.042000
12.972500
12.902800
12.833000
12.763100
12.692900
12.622700
12.552300
12.481900
12.411400
12.340900
12.270300
12.199700
12.129100
12.058500
11.987900
11.917400
11.846900
11.776500
11.706200
11.635900
11.565800
11.495800
11.425900
11.356200
11.286600
11.217300
11.148000
11.079000
11.010200
10.941600
10.873200
10.805100
10.737300
10.669600
10.602300
10.535200
10.468400
10.401900
10.335700
10.269800
10.204300
10.139000
10.074100
10.009500
9.945290
9.881430
9.817920
9.754780
9.692050
9.629620
9.567610
9.506020
9.444790
9.383970
9.323520
9.263540
9.203920
9.144710
9.085930
9.027560
8.969680
8.912150
8.855030
8.798400
8.742190
8.686390
8.631010
8.576110
8.521620
8.467560
8.413970
8.360800
8.308050
8.255780
8.203930
8.152490
8.101530
8.050990
8.000870
7.951230
7.901940
7.853190
7.804800
7.756830
7.709340
7.662260
7.615610
7.569370
7.523550
7.478200
7.433220
7.388650
7.344510
7.300780
7.257460
7.214510
7.171980
7.129860
7.088160
7.046820
7.005840
6.965340
6.925130
6.885300
6.845870
6.806860
6.768150
6.729860
6.691920
6.654350
6.617130
6.580270
6.543770
6.507630
6.471780
6.436300
6.401170
6.366400
6.331930
6.297760
6.263950
6.230440
6.197280
6.164360
6.131810
6.099610
6.067640
6.035980
6.004620
5.973570
5.942810
5.912330
5.882130
5.852220
5.822590
5.793220
5.764130
5.735310
5.706760
5.678460
5.650420
5.622640
5.595120
5.567840
5.540810
5.514020
5.487480
5.461170
5.435100
5.409270
5.383660
5.358280
5.333120
5.308190
5.283480
5.258980
5.234690
5.210620
5.186760
5.163100
5.139650
5.116390
5.093340
5.070490
5.047820
5.025350
5.003070
4.980980
4.959070
4.937350
4.915810
4.894440
4.873260
4.852240
4.831400
4.810730
4.790220
4.769890
4.749720
4.729710
4.709860
4.690170
4.670640
4.651260
4.632030
4.612960
4.594030
4.575260
4.556630
4.538140
4.519800
4.501600
4.483530
4.465610
4.447820
4.430170
4.412650
4.395260
4.378000
4.360870
4.343870
4.327000
4.310240
4.293610
4.277110
4.260720
4.244450
4.228300
4.212270
4.196350
4.180540
4.164850
4.149260
4.133790
4.118430
4.103180
4.088030
4.072980
4.058050
4.043210
4.028480
4.013850
3.999310
3.984880
3.970540
3.956300
3.942150
3.928110
3.914150
3.900290
3.886520
3.872840
3.859250
3.845740
3.832330
3.819000
3.805760
3.792610
3.779540
3.766550
3.753640
3.740820
3.728080
3.715420
3.702830
3.690330
3.677910
3.665560
3.653280
3.641090
3.628970
3.616920
3.604950
3.593040
3.581210
3.569450
3.557770
3.546150
3.534600
3.523120
3.511710
3.500370
3.489090
3.477880
3.466730
3.455650
3.444630
3.433680
3.422790
3.411960
3.401200
3.390490
3.379850
3.369260
3.358740
3.348270
3.337870
3.327520
3.317230
3.306990
3.296810
3.286690
3.276630
3.266620
3.256660
3.246760
3.236910
3.227120
3.217370
3.207680
3.198040
3.188450
3.178920
3.169430
3.159990
3.150610
3.141260
3.131980
3.122740
3.113540
3.104400
3.095300
3.086250
3.077240
3.068280
3.059370
3.050500
3.041680
3.032900
3.024160
3.015470
3.006820
2.998220
2.989650
2.981130
2.972650
2.964220
2.955820
2.947470
2.939150
2.930880
2.922650
2.914460
2.906300
2.898180
2.890110
2.882070
2.874070
2.866110
2.858190
2.850300
2.842450
2.834640
2.826860
2.819120
2.811420
2.803750
2.796110
2.788520
2.780960
2.773420
2.765930
2.758470
2.751040
2.743650
2.736290
2.728960
2.721680
2.714410
2.707180
2.699990
2.692830
2.685700
2.678590
2.671520
2.664490
2.657480
2.650500
2.643550
2.636640
2.629750
2.622900
2.616070
2.609270
2.602500
2.595760
2.589050
2.582370
2.575710
2.569090
2.562490
2.555920
2.549380
2.542860
2.536380
2.529910
2.523480
2.517070
2.510690
2.504340
2.498010
2.491710
2.485430
2.479180
2.472960
2.466750
2.460580
2.454430
2.448310
2.442200
2.436130
2.430070
2.424050
2.418040
2.412070
2.406110
2.400180
2.394270
2.388380
2.382520
2.376690
2.370870
2.365070
2.359300
2.353550
2.347830
2.342120
2.336440
2.330780
2.325140
2.319520
2.313930
2.308360
2.302800
2.297270
2.291760
2.286270
2.280800
2.275350
2.269920
2.264510
2.259120
2.253760
2.248410
2.243080
2.237770
2.232490
2.227220
2.221970
2.216740
2.211530
2.206340
2.201160
2.196010
2.190880
2.185760
2.180660
2.175580
2.170520
2.165480
2.160450
2.155450
2.150460
2.145490
2.140530
2.135590
2.130680
2.125780
2.120890
2.116030
2.111180
2.106350
2.101530
2.096730
2.091950
2.087190
2.082440
2.077710
2.072990
2.068300
2.063610
2.058950
2.054300
2.049660
2.045050
2.040440
2.035860
2.031280
2.026730
2.022190
2.017660
2.013160
2.008660
2.004180
1.999720
1.995270
1.990840
1.986420
1.982010
1.977620
1.973250
1.968890
1.964540
1.960210
1.955900
1.951590
1.947300
1.943030
1.938770
1.934520
1.930290
1.926070
1.921860
1.917680
1.913500
1.909330
1.905180
1.901040
1.896920
1.892810
1.888710
1.884630
1.880560
1.876500
1.872460
1.868430
1.864410
1.860400
1.856410
1.852430
1.848450
1.844500
1.840560
1.836630
1.832710
1.828810
1.824910
1.821030
1.817160
1.813300
1.809460
1.805620
1.801800
1.797990
1.794190
1.790410
1.786640
1.782870
1.779120
1.775380
1.771650
1.767940
1.764230
1.760540
1.756860
1.753190
1.749530
1.745880
1.742240
1.738610
1.735000
1.731390
1.727800
1.724210
1.720640
1.717080
1.713530
1.709990
1.706460
1.702940
1.699430
1.695940
1.692450
1.688970
1.685500
1.682050
1.678600
1.675170
1.671740
1.668330
1.664920
1.661520
1.658140
1.654760
1.651400
1.648040
1.644690
1.641350
1.638030
1.634710
1.631410
1.628110
1.624820
1.621540
1.618270
1.615010
1.611760
1.608520
1.605290
1.602070
1.598860
1.595650
1.592460
1.589270
1.586100
1.582930
1.579770
1.576620
1.573480
1.570350
1.567220
1.564110
1.561010
1.557910
1.554820
1.551750
1.548670
1.545620
1.542560
1.539520
1.536480
1.533450
1.530440
1.527430
1.524430
1.521430
1.518450
1.515470
1.512500
1.509540
1.506590
1.503640
1.500710
1.497780
1.494860
1.491950
1.489050
1.486150
1.483270
1.480390
1.477510
1.474650
1.471800
1.468950
1.466100
1.463270
1.460450
1.457630
1.454820
1.452020
1.449230
1.446440
1.443660
1.440890
1.438130
1.435370
1.432620
1.429880
1.427140
1.424420
1.421700
1.418990
1.416280
1.413580
1.410890
1.408210
1.405530
1.402860
1.400200
1.397550
1.394900
1.392260
1.389620
1.387000
1.384370
1.381760
1.379160
1.376560
1.373970
1.371380
1.368800
1.366230
1.363670
1.361100
1.358550
1.356010
1.353470
1.350940
1.348420
1.345900
1.343390
1.340880
1.338380
1.335890
1.333400
1.330920
1.328450
1.325990
1.323530
1.321070
1.318620
1.316190
1.313750
1.311320
1.308900
1.306480
1.304080
1.301670
1.299270
1.296880
1.294500
1.292120
1.289750
1.287390
1.285020
1.282670
1.280320
1.277980
1.275640
1.273310
1.270990
1.268670
1.266360
1.264040
1.261740
1.259450
1.257160
1.254880
1.252600
1.250330
1.248060
1.245800
1.243550
1.241300
1.239060
1.236820
1.234590
1.232360
1.230140
1.227930
1.225720
1.223510
1.221310
1.219120
1.216930
1.214750
1.212570
1.210400
1.208240
1.206070
1.203920
1.201770
1.199620
1.197480
1.195350
1.193220
1.191100
1.188980
1.186870
1.184760
1.182660
1.180560
1.178470
1.176380
1.174300
1.172220
1.170150
1.168090
1.166030
1.163970
1.161920
1.159880
1.157830
1.155800
1.153770
1.151740
1.149720
1.147700
1.145690
1.143690
1.141690
1.139690
1.137700
1.135710
1.133730
1.131750
1.129780
1.127810
1.125850
1.123890
1.121940
1.119990
1.118050
1.116110
1.114170
1.112240
1.110320
1.108400
1.106480
1.104570
1.102660
1.100760
1.098860
1.096970
1.095080
1.093200
1.091320
1.089450
1.087580
1.085710
1.083850
1.081990
1.080140
1.078300
1.076450
1.074610
1.072780
1.070950
1.069120
1.067300
1.065480
1.063670
1.061860
1.060060
1.058260
1.056460
1.054670
1.052880
1.051100
1.049320
1.047550
1.045780
1.044010
1.042250
1.040490
1.038740
1.036990
1.035240
1.033500
1.031760
1.030030
1.028310
1.026580
1.024860
1.023140
