10.863700
10.863700
10.863700
10.863700
10.863600
10.863800
10.866600
10.866800
10.866800
10.866700
10.866600
10.866500
10.866400
10.866400
10.866300
10.866200
10.866200
10.866100
10.866100
10.866000
10.866000
10.865900
10.865900
10.865900
10.865800
10.865800
10.865800
10.865800
10.865700
10.865700
10.865700
10.865700
10.865700
10.865700
10.865800
10.865800
10.865800
10.865800
10.865800
10.865900
10.865900
10.865900
10.866000
10.866000
10.866000
10.866100
10.866100
10.866200
10.866200
10.866300
10.866300
10.866400
10.866400
10.866500
10.866500
10.866600
10.866600
10.866700
10.866700
10.866800
10.866800
10.866900
10.866900
10.867000
10.867100
10.867100
10.867200
10.867200
10.867300
10.867400
10.867400
10.867500
10.867500
10.867600
10.867600
10.867700
10.867800
10.867800
10.867900
10.867900
10.868000
10.868100
10.868100
10.868200
10.868200
10.868300
10.868300
10.868400
10.868400
10.868500
10.868600
10.868600
10.868700
10.868700
10.868800
10.868800
10.868900
10.868900
10.869000
10.869000
10.869100
10.869100
10.869200
10.869200
10.869300
10.869300
10.869400
10.869400
10.869500
10.869500
10.869600
10.869600
10.869700
10.869700
10.869700
10.869800
10.869800
10.869900
10.869900
10.870000
10.870000
10.870000
10.870100
10.870100
10.870200
10.870200
10.870200
10.870300
10.870300
10.870300
10.870400
10.870400
10.870500
10.870500
10.870500
10.870600
10.870600
10.870600
10.870700
10.870700
10.870700
10.870800
10.870800
10.870800
10.870900
10.870900
10.870900
10.870900
10.871000
10.871000
10.871000
10.871100
10.871100
10.871100
10.871100
10.871200
10.871200
10.871200
10.871300
10.871300
10.871300
10.871300
10.871400
10.871400
10.871400
10.871400
10.871400
10.871500
10.871500
10.871500
10.871500
10.871600
10.871600
10.871600
10.871600
10.871600
10.871700
10.871700
10.871700
10.871700
10.871700
10.871800
10.871800
10.871800
10.871800
10.871800
10.871800
10.871900
10.871900
10.871900
10.871900
10.871900
10.871900
10.872000
10.872000
10.872000
10.872000
10.872000
10.872000
10.872000
10.872100
10.872100
10.872100
10.872100
10.872100
10.872100
10.872100
10.872100
10.872200
10.872200
10.872200
10.872200
10.872200
10.872200
10.872200
10.872200
10.872200
10.872300
10.872300
10.872300
10.872300
10.872300
10.872300
10.872300
10.872300
10.872300
10.872300
10.872300
10.872400
10.872400
10.872400
10.872400
10.872400
10.872400
10.872400
10.872400
10.872400
10.872400
10.872400
10.872400
10.872400
10.872400
10.872400
10.872400
10.872500
10.872500
10.872500
10.872500
10.872500
10.872500
10.872500
10.872500
10.872500
10.872500
10.872500
10.872500
10.872500
10.872500
10.872500
10.872500
10.872500
10.872500
10.872500
10.872500
10.872500
10.872500
10.872500
10.872500
10.872500
10.872500
10.872500
10.872500
10.872500
10.872500
10.872500
10.872500
10.872500
10.872500
10.872500
10.872500
10.872500
10.872500
10.872500
10.872500
10.872500
10.872500
10.872500
10.872500
10.872500
10.872500
10.872500
10.872500
10.872500
10.872500
10.872500
10.872500
10.872500
10.872500
10.872500
10.872500
10.872500
10.872500
10.872500
10.872500
10.872500
10.872500
10.872500
10.872500
10.872500
10.872500
10.872500
10.872500
10.872500
10.872500
10.872500
10.872500
10.872500
10.872500
10.872500
10.872500
10.872500
10.872500
10.872500
10.872400
10.872400
10.872400
10.872400
10.872400
10.872400
10.872400
10.872400
10.872400
10.872400
10.872400
10.872400
10.872400
10.872400
10.872400
10.872400
10.872400
10.872400
10.872400
10.872400
10.872400
10.872300
10.872300
10.872300
10.872300
10.872300
10.872300
10.872300
10.872300
10.872300
10.872300
10.872300
10.872300
10.872300
10.872300
10.872300
10.872300
10.872200
10.872200
10.872200
10.872200
10.872200
10.872200
10.872200
10.872200
10.872200
10.872200
10.872200
10.872200
10.872200
10.872200
10.872100
10.872100
10.872100
10.872100
10.872100
10.872100
10.872100
10.872100
10.872100
10.872100
10.872100
10.872100
10.872100
10.872000
10.872000
10.872000
10.872000
10.872000
10.872000
10.872000
10.872000
10.872000
10.872000
10.872000
10.872000
10.871900
10.871900
10.871900
10.871900
10.871900
10.871900
10.871900
10.871900
10.871900
10.871900
10.871900
10.871900
10.871800
10.871800
10.871800
10.871800
10.871800
10.871800
10.871800
10.871800
10.871800
10.871800
10.871700
10.871700
10.871700
10.871700
10.871700
10.871700
10.871700
10.871700
10.871700
10.871700
10.871700
10.871600
10.871600
10.871600
10.871600
10.871600
10.871600
10.871600
10.871600
10.871600
10.871600
10.871500
10.871500
10.871500
10.871500
10.871500
10.871500
10.871500
10.871500
10.871500
10.871400
10.871400
10.871400
10.871400
10.871400
10.871400
10.871400
10.871400
10.871400
10.871400
10.871300
10.871300
10.871300
10.871300
10.871300
10.871300
10.871300
10.871300
10.871300
10.871200
10.871200
10.871200
10.871200
10.871200
10.871200
10.871200
10.871200
10.871200
10.871100
10.871100
10.871100
10.871100
10.871100
10.871100
10.871100
10.871100
10.871100
10.871000
10.871000
10.871000
10.871000
10.871000
10.871000
10.871000
10.871000
10.870900
10.870900
10.870900
10.870900
10.870900
10.870900
10.870900
10.870900
10.870900
10.870800
10.870800
10.870800
10.870800
10.870800
10.870800
10.870800
10.870800
10.870700
10.870700
10.870700
10.870700
10.870700
10.870700
10.870700
10.870700
10.870600
10.870600
10.870600
10.870600
10.870600
10.870600
10.870600
10.870600
10.870600
10.870500
10.870500
10.870500
10.870500
10.870500
10.870500
10.870500
10.870500
10.870400
10.870400
10.870400
10.870400
10.870400
10.870400
10.870400
10.870300
10.870300
10.870300
10.870300
10.870300
10.870300
10.870300
10.870300
10.870200
10.870200
10.870200
10.870200
10.870200
10.870200
10.870200
10.870200
10.870100
10.870100
10.870100
10.870100
10.870100
10.870100
10.870100
10.870100
10.870000
10.870000
10.870000
10.870000
10.870000
10.870000
10.870000
10.869900
10.869900
10.869900
10.869900
10.869900
10.869900
10.869900
10.869900
10.869800
10.869800
10.869800
10.869800
10.869800
10.869800
10.869800
10.869800
10.869700
10.869700
10.869700
10.869700
10.869700
10.869700
10.869700
10.869600
10.869600
10.869600
10.869600
10.869600
10.869600
10.869600
10.869600
10.869500
10.869500
10.869500
10.869500
10.869500
10.869500
10.869500
10.869400
10.869400
10.869400
10.869400
10.869400
10.869400
10.869400
10.869300
10.869300
10.869300
10.869300
10.869300
10.869300
10.869300
10.869300
10.869200
10.869200
10.869200
10.869200
10.869200
10.869200
10.869200
10.869100
10.869100
10.869100
10.869100
10.869100
10.869100
10.869100
10.869000
10.869000
10.869000
10.869000
10.869000
10.869000
10.869000
10.868900
10.868900
10.868900
10.868900
10.868900
10.868900
10.868900
10.868800
10.868800
10.868800
10.868800
10.868800
10.868800
10.868800
10.868700
10.868700
10.868700
10.868700
10.868700
10.868700
10.868700
10.868700
10.868600
10.868600
10.868600
10.868600
10.868600
10.868600
10.868600
10.868500
10.868500
10.868500
10.868500
10.868500
10.868500
10.868500
10.868400
10.868400
10.868400
10.868400
10.868400
10.868400
10.868400
10.868300
10.868300
10.868300
10.868300
10.868300
10.868300
10.868300
10.868200
10.868200
10.868200
10.868200
10.868200
10.868200
10.868200
10.868100
10.868100
10.868100
10.868100
10.868100
10.868100
10.868100
10.868000
10.868000
10.868000
10.868000
10.868000
10.868000
10.867900
10.867900
10.867900
10.867900
10.867900
10.867900
10.867900
10.867800
10.867800
10.867800
10.867800
10.867800
10.867800
10.867800
10.867700
10.867700
10.867700
10.867700
10.867700
10.867700
10.867700
10.867600
10.867600
10.867600
10.867600
10.867600
10.867600
10.867600
10.867500
10.867500
10.867500
10.867500
10.867500
10.867500
10.867500
10.867400
10.867400
10.867400
10.867400
10.867400
10.867400
10.867400
10.867300
10.867300
10.867300
10.867300
10.867300
10.867300
10.867200
10.867200
10.867200
10.867200
10.867200
10.867200
10.867200
10.867100
10.867100
10.867100
10.867100
10.867100
10.867100
10.867100
10.867000
10.867000
10.867000
10.867000
10.867000
10.867000
10.867000
10.866900
10.866900
10.866900
10.866900
10.866900
10.866900
10.866800
10.866800
10.866800
10.866800
10.866800
10.866800
10.866800
10.866700
10.866700
10.866700
10.866700
10.866700
10.866700
10.866700
10.866600
10.866600
10.866600
10.866600
10.866600
10.866600
10.866500
10.866500
10.866500
10.866500
10.866500
10.866500
10.866500
10.866400
10.866400
10.866400
10.866400
10.866400
10.866400
10.866400
10.866300
10.866300
10.866300
10.866300
10.866300
10.866300
10.866300
10.866200
10.866200
10.866200
10.866200
10.866200
10.866200
10.866100
10.866100
10.866100
10.866100
10.866100
10.866100
10.866100
10.866000
10.866000
10.866000
10.866000
10.866000
10.866000
10.865900
10.865900
10.865900
10.865900
10.865900
10.865900
10.865900
10.865800
10.865800
10.865800
10.865800
10.865800
10.865800
10.865800
10.865700
10.865700
10.865700
10.865700
10.865700
10.865700
10.865600
10.865600
10.865600
10.865600
10.865600
10.865600
10.865600
10.865500
10.865500
10.865500
10.865500
10.865500
10.865500
10.865500
10.865400
10.865400
10.865400
10.865400
10.865400
10.865400
10.865300
10.865300
10.865300
10.865300
10.865300
10.865300
10.865300
10.865200
10.865200
10.865200
10.865200
10.865200
10.865200
10.865100
10.865100
10.865100
10.865100
10.865100
10.865100
10.865100
10.865000
10.865000
10.865000
10.865000
10.865000
10.865000
10.865000
10.864900
10.864900
10.864900
10.864900
10.864900
10.864900
10.864800
10.864800
10.864800
10.864800
10.864800
10.864800
10.864800
10.864700
10.864700
10.864700
10.864700
10.864700
10.864700
10.864600
10.864600
10.864600
10.864600
10.864600
10.864600
10.864600
10.864500
10.864500
10.864500
10.864500
10.864500
10.864500
10.864400
10.864400
10.864400
10.864400
10.864400
10.864400
10.864400
10.864300
10.864300
10.864300
10.864300
10.864300
10.864300
10.864200
10.864200
10.864200
10.864200
10.864200
10.864200
10.864200
10.864100
10.864100
10.864100
10.864100
10.864100
10.864100
10.864000
10.864000
10.864000
10.864000
10.864000
10.864000
10.864000
10.863900
10.863900
10.863900
10.863900
10.863900
10.863900
10.863800
10.863800
10.863800
10.863800
10.863800
10.863800
10.863800
10.863700
10.863700
10.863700
10.863700
10.863700
10.863800
10.866600
10.866800
10.866800
10.866700
10.866600
10.866500
10.866500
10.866400
10.866300
10.866300
10.866200
10.866100
10.866100
10.866000
10.866000
10.866000
10.865900
10.865900
10.865900
10.865800
10.865800
10.865800
10.865800
10.865800
10.865800
10.865800
10.865800
10.865800
10.865800
10.865800
10.865800
10.865800
10.865900
10.865900
10.865900
10.866000
10.866000
10.866000
10.866100
10.866100
10.866200
10.866200
10.866200
10.866300
10.866300
10.866400
10.866400
10.866500
10.866500
10.866600
10.866600
10.866700
10.866700
10.866800
10.866900
10.866900
10.867000
10.867000
10.867100
10.867100
10.867200
10.867300
10.867300
10.867400
10.867400
10.867500
10.867500
10.867600
10.867700
10.867700
10.867800
10.867800
10.867900
10.868000
10.868000
10.868100
10.868100
10.868200
10.868200
10.868300
10.868400
10.868400
10.868500
10.868500
10.868600
10.868600
10.868700
10.868700
10.868800
10.868800
10.868900
10.869000
10.869000
10.869100
10.869100
10.869200
10.869200
10.869300
10.869300
10.869300
10.869400
10.869400
10.869500
10.869500
10.869600
10.869600
10.869700
10.869700
10.869800
10.869800
10.869800
10.869900
10.869900
10.870000
10.870000
10.870100
10.870100
10.870100
10.870200
10.870200
10.870300
10.870300
10.870300
10.870400
10.870400
10.870400
10.870500
10.870500
10.870500
10.870600
10.870600
10.870600
10.870700
10.870700
10.870700
10.870800
10.870800
10.870800
10.870900
10.870900
10.870900
10.871000
10.871000
10.871000
10.871100
10.871100
10.871100
10.871100
10.871200
10.871200
10.871200
10.871200
10.871300
10.871300
10.871300
10.871300
10.871400
10.871400
10.871400
10.871400
10.871500
10.871500
10.871500
10.871500
10.871600
10.871600
10.871600
10.871600
10.871600
10.871700
10.871700
10.871700
10.871700
10.871700
10.871800
10.871800
10.871800
10.871800
10.871800
10.871900
10.871900
10.871900
10.871900
10.871900
10.871900
10.871900
10.872000
10.872000
10.872000
10.872000
10.872000
10.872000
10.872100
10.872100
10.872100
10.872100
10.872100
10.872100
10.872100
10.872100
10.872200
10.872200
10.872200
10.872200
10.872200
10.872200
10.872200
10.872200
10.872200
10.872300
10.872300
10.872300
10.872300
10.872300
10.872300
10.872300
10.872300
10.872300
10.872300
10.872400
10.872400
10.872400
10.872400
10.872400
10.872400
10.872400
10.872400
10.872400
10.872400
10.872400
10.872400
10.872400
10.872400
10.872400
10.872500
10.872500
10.872500
10.872500
10.872500
10.872500
10.872500
10.872500
10.872500
10.872500
10.872500
10.872500
10.872500
10.872500
10.872500
10.872500
10.872500
10.872500
10.872500
10.872500
10.872500
10.872500
10.872500
10.872500
10.872500
10.872500
10.872500
10.872500
10.872600
10.872600
10.872600
10.872600
10.872600
10.872600
10.872600
10.872600
10.872600
10.872600
10.872600
10.872600
10.872600
10.872600
10.872600
10.872600
10.872600
10.872600
10.872600
10.872600
10.872600
10.872600
10.872600
10.872600
10.872600
10.872600
10.872600
10.872500
10.872500
10.872500
10.872500
10.872500
10.872500
10.872500
10.872500
10.872500
10.872500
10.872500
10.872500
10.872500
10.872500
10.872500
10.872500
10.872500
10.872500
10.872500
10.872500
10.872500
10.872500
10.872500
10.872500
10.872500
10.872500
10.872500
10.872500
10.872500
10.872500
10.872500
10.872500
10.872500
10.872400
10.872400
10.872400
10.872400
10.872400
10.872400
10.872400
10.872400
10.872400
10.872400
10.872400
10.872400
10.872400
10.872400
10.872400
10.872400
10.872400
10.872400
10.872400
10.872400
10.872300
10.872300
10.872300
10.872300
10.872300
10.872300
10.872300
10.872300
10.872300
10.872300
10.872300
10.872300
10.872300
10.872300
10.872300
10.872200
10.872200
10.872200
10.872200
10.872200
10.872200
10.872200
10.872200
10.872200
10.872200
10.872200
10.872200
10.872200
10.872200
10.872100
10.872100
10.872100
10.872100
10.872100
10.872100
10.872100
10.872100
10.872100
10.872100
10.872100
10.872100
10.872100
10.872000
10.872000
10.872000
10.872000
10.872000
10.872000
10.872000
10.872000
10.872000
10.872000
10.872000
10.872000
10.871900
10.871900
10.871900
10.871900
10.871900
10.871900
10.871900
10.871900
10.871900
10.871900
10.871900
10.871800
10.871800
10.871800
10.871800
10.871800
10.871800
10.871800
10.871800
10.871800
10.871800
10.871800
10.871700
10.871700
10.871700
10.871700
10.871700
10.871700
10.871700
10.871700
10.871700
10.871700
10.871600
10.871600
10.871600
10.871600
10.871600
10.871600
10.871600
10.871600
10.871600
10.871600
10.871500
10.871500
10.871500
10.871500
10.871500
10.871500
10.871500
10.871500
10.871500
10.871400
10.871400
10.871400
10.871400
10.871400
10.871400
10.871400
10.871400
10.871400
10.871400
10.871300
10.871300
10.871300
10.871300
10.871300
10.871300
10.871300
10.871300
10.871300
10.871200
10.871200
10.871200
10.871200
10.871200
10.871200
10.871200
10.871200
10.871200
10.871100
10.871100
10.871100
10.871100
10.871100
10.871100
10.871100
10.871100
10.871100
10.871000
10.871000
10.871000
10.871000
10.871000
10.871000
10.871000
10.871000
10.870900
10.870900
10.870900
10.870900
10.870900
10.870900
10.870900
10.870900
10.870900
10.870800
10.870800
10.870800
10.870800
10.870800
10.870800
10.870800
10.870800
10.870700
10.870700
10.870700
10.870700
10.870700
10.870700
10.870700
10.870700
10.870600
10.870600
10.870600
10.870600
10.870600
10.870600
10.870600
10.870600
10.870500
10.870500
10.870500
10.870500
10.870500
10.870500
10.870500
10.870500
10.870400
10.870400
10.870400
10.870400
10.870400
10.870400
10.870400
10.870400
10.870300
10.870300
10.870300
10.870300
10.870300
10.870300
10.870300
10.870300
10.870200
10.870200
10.870200
10.870200
10.870200
10.870200
10.870200
10.870200
10.870100
10.870100
10.870100
10.870100
10.870100
10.870100
10.870100
10.870100
10.870000
10.870000
10.870000
10.870000
10.870000
10.870000
10.870000
10.869900
10.869900
10.869900
10.869900
10.869900
10.869900
10.869900
10.869900
10.869800
10.869800
10.869800
10.869800
10.869800
10.869800
10.869800
10.869700
10.869700
10.869700
10.869700
10.869700
10.869700
10.869700
10.869700
10.869600
10.869600
10.869600
10.869600
10.869600
10.869600
10.869600
10.869500
10.869500
10.869500
10.869500
10.869500
10.869500
10.869500
10.869400
10.869400
10.869400
10.869400
10.869400
10.869400
10.869400
10.869400
10.869300
10.869300
10.869300
10.869300
10.869300
10.869300
10.869300
10.869200
10.869200
10.869200
10.869200
10.869200
10.869200
10.869200
10.869100
10.869100
10.869100
10.869100
10.869100
10.869100
10.869100
10.869100
10.869000
10.869000
10.869000
10.869000
10.869000
10.869000
10.869000
10.868900
10.868900
10.868900
10.868900
10.868900
10.868900
10.868900
10.868800
10.868800
10.868800
10.868800
10.868800
10.868800
10.868800
10.868700
10.868700
10.868700
10.868700
10.868700
10.868700
10.868700
10.868600
10.868600
10.868600
10.868600
10.868600
10.868600
10.868600
10.868500
10.868500
10.868500
10.868500
10.868500
10.868500
10.868500
10.868400
10.868400
10.868400
10.868400
10.868400
10.868400
10.868400
10.868300
10.868300
10.868300
10.868300
10.868300
10.868300
10.868300
10.868200
10.868200
10.868200
10.868200
10.868200
10.868200
10.868200
10.868100
10.868100
10.868100
10.868100
10.868100
10.868100
10.868100
10.868000
10.868000
10.868000
10.868000
10.868000
10.868000
10.868000
10.867900
10.867900
10.867900
10.867900
10.867900
10.867900
10.867900
10.867800
10.867800
10.867800
10.867800
10.867800
10.867800
10.867800
10.867700
10.867700
10.867700
10.867700
10.867700
10.867700
10.867700
10.867600
10.867600
10.867600
10.867600
10.867600
10.867600
10.867500
10.867500
10.867500
10.867500
10.867500
10.867500
10.867500
10.867400
10.867400
10.867400
10.867400
10.867400
10.867400
10.867400
10.867300
10.867300
10.867300
10.867300
10.867300
10.867300
10.867300
10.867200
10.867200
10.867200
10.867200
10.867200
10.867200
10.867200
10.867100
10.867100
10.867100
10.867100
10.867100
10.867100
10.867000
10.867000
10.867000
10.867000
10.867000
10.867000
10.867000
10.866900
10.866900
10.866900
10.866900
10.866900
10.866900
10.866900
10.866800
10.866800
10.866800
10.866800
10.866800
10.866800
10.866800
10.866700
10.866700
10.866700
10.866700
10.866700
10.866700
10.866600
10.866600
10.866600
10.866600
10.866600
10.866600
10.866600
10.866500
10.866500
10.866500
10.866500
10.866500
10.866500
10.866500
10.866400
10.866400
10.866400
10.866400
10.866400
10.866400
10.866300
10.866300
10.866300
10.866300
10.866300
10.866300
10.866300
10.866200
10.866200
10.866200
10.866200
10.866200
10.866200
10.866200
10.866100
10.866100
10.866100
10.866100
10.866100
10.866100
10.866000
10.866000
10.866000
10.866000
10.866000
10.866000
10.866000
10.865900
10.865900
10.865900
10.865900
10.865900
10.865900
10.865900
10.865800
10.865800
10.865800
10.865800
10.865800
10.865800
10.865700
10.865700
10.865700
10.865700
10.865700
10.865700
10.865700
10.865600
10.865600
10.865600
10.865600
10.865600
10.865600
10.865500
10.865500
10.865500
10.865500
10.865500
10.865500
10.865500
10.865400
10.865400
10.865400
10.865400
10.865400
10.865400
10.865400
10.865300
10.865300
10.865300
10.865300
10.865300
10.865300
10.865200
10.865200
10.865200
10.865200
10.865200
10.865200
10.865200
10.865100
10.865100
10.865100
10.865100
10.865100
10.865100
10.865000
10.865000
10.865000
10.865000
10.865000
10.865000
10.865000
10.864900
10.864900
10.864900
10.864900
10.864900
10.864900
10.864800
10.864800
10.864800
10.864800
10.864800
10.864800
10.864800
10.864700
10.864700
10.864700
10.864700
10.864700
10.864700
10.864700
10.864600
10.864600
10.864600
10.864600
10.864600
10.864600
10.864500
10.864500
10.864500
10.864500
10.864500
10.864500
10.864500
10.864400
10.864400
10.864400
10.864400
10.864400
10.864400
10.864300
10.864300
10.864300
10.864300
10.864300
10.864300
10.864300
10.864200
10.864200
10.864200
10.864200
10.864200
10.864200
10.864100
10.864100
10.864100
10.864100
10.864100
10.864100
10.864100
10.864000
10.864000
10.864000
10.864000
10.864000
10.864000
10.863900
10.863900
10.863900
10.863900
10.863900
10.863900
10.863900
10.863800
10.863800
10.863800
10.863800
10.863800
10.863800
10.863700
10.863700
10.863700
10.863700
10.863800
10.866600
10.866900
10.866800
10.866700
10.866600
10.866600
10.866500
10.866400
10.866300
10.866300
10.866200
10.866200
10.866100
10.866100
10.866000
10.866000
10.865900
10.865900
10.865900
10.865800
10.865800
10.865800
10.865800
10.865800
10.865800
10.865800
10.865800
10.865800
10.865800
10.865800
10.865800
10.865900
10.865900
10.865900
10.865900
10.866000
10.866000
10.866100
10.866100
10.866100
10.866200
10.866200
10.866300
10.866300
10.866400
10.866400
10.866500
10.866500
10.866600
10.866600
10.866700
10.866700
10.866800
10.866800
10.866900
10.866900
10.867000
10.867000
10.867100
10.867200
10.867200
10.867300
10.867300
10.867400
10.867500
10.867500
10.867600
10.867600
10.867700
10.867700
10.867800
10.867900
10.867900
10.868000
10.868000
10.868100
10.868200
10.868200
10.868300
10.868300
10.868400
10.868400
10.868500
10.868500
10.868600
10.868700
10.868700
10.868800
10.868800
10.868900
10.868900
10.869000
10.869000
10.869100
10.869100
10.869200
10.869200
10.869300
10.869300
10.869400
10.869400
10.869500
10.869500
10.869600
10.869600
10.869600
10.869700
10.869700
10.869800
10.869800
10.869900
10.869900
10.870000
10.870000
10.870000
10.870100
10.870100
10.870200
10.870200
10.870200
10.870300
10.870300
10.870400
10.870400
10.870400
10.870500
10.870500
10.870500
10.870600
10.870600
10.870600
10.870700
10.870700
10.870700
10.870800
10.870800
10.870800
10.870900
10.870900
10.870900
10.871000
10.871000
10.871000
10.871000
10.871100
10.871100
10.871100
10.871200
10.871200
10.871200
10.871200
10.871300
10.871300
10.871300
10.871300
10.871400
10.871400
10.871400
10.871400
10.871500
10.871500
10.871500
10.871500
10.871600
10.871600
10.871600
10.871600
10.871600
10.871700
10.871700
10.871700
10.871700
10.871700
10.871800
10.871800
10.871800
10.871800
10.871800
10.871900
10.871900
10.871900
10.871900
10.871900
10.871900
10.872000
10.872000
10.872000
10.872000
10.872000
10.872000
10.872000
10.872100
10.872100
10.872100
10.872100
10.872100
10.872100
10.872100
10.872200
10.872200
10.872200
10.872200
10.872200
10.872200
10.872200
10.872200
10.872200
10.872300
10.872300
10.872300
10.872300
10.872300
10.872300
10.872300
10.872300
10.872300
10.872300
10.872400
10.872400
10.872400
10.872400
10.872400
10.872400
10.872400
10.872400
10.872400
10.872400
10.872400
10.872400
10.872400
10.872500
10.872500
10.872500
10.872500
10.872500
10.872500
10.872500
10.872500
10.872500
10.872500
10.872500
10.872500
10.872500
10.872500
10.872500
10.872500
10.872500
10.872500
10.872500
10.872500
10.872500
10.872500
10.872600
10.872600
10.872600
10.872600
10.872600
10.872600
10.872600
10.872600
10.872600
10.872600
10.872600
10.872600
10.872600
10.872600
10.872600
10.872600
10.872600
10.872600
10.872600
10.872600
10.872600
10.872600
10.872600
10.872600
10.872600
10.872600
10.872600
10.872600
10.872600
10.872600
10.872600
10.872600
10.872600
10.872600
10.872600
10.872600
10.872600
10.872600
10.872600
10.872600
10.872600
10.872600
10.872600
10.872600
10.872600
10.872600
10.872600
10.872500
10.872500
10.872500
10.872500
10.872500
10.872500
10.872500
10.872500
10.872500
10.872500
10.872500
10.872500
10.872500
10.872500
10.872500
10.872500
10.872500
10.872500
10.872500
10.872500
10.872500
10.872500
10.872500
10.872500
10.872500
10.872500
10.872500
10.872500
10.872400
10.872400
10.872400
10.872400
10.872400
10.872400
10.872400
10.872400
10.872400
10.872400
10.872400
10.872400
10.872400
10.872400
10.872400
10.872400
10.872400
10.872400
10.872300
10.872300
10.872300
10.872300
10.872300
10.872300
10.872300
10.872300
10.872300
10.872300
10.872300
10.872300
10.872300
10.872300
10.872300
10.872200
10.872200
10.872200
10.872200
10.872200
10.872200
10.872200
10.872200
10.872200
10.872200
10.872200
10.872200
10.872200
10.872200
10.872100
10.872100
10.872100
10.872100
10.872100
10.872100
10.872100
10.872100
10.872100
10.872100
10.872100
10.872100
10.872100
10.872000
10.872000
10.872000
10.872000
10.872000
10.872000
10.872000
10.872000
10.872000
10.872000
10.872000
10.871900
10.871900
10.871900
10.871900
10.871900
10.871900
10.871900
10.871900
10.871900
10.871900
10.871900
10.871800
10.871800
10.871800
10.871800
10.871800
10.871800
10.871800
10.871800
10.871800
10.871800
10.871800
10.871700
10.871700
10.871700
10.871700
10.871700
10.871700
10.871700
10.871700
10.871700
10.871700
10.871600
10.871600
10.871600
10.871600
10.871600
10.871600
10.871600
10.871600
10.871600
10.871600
10.871500
10.871500
10.871500
10.871500
10.871500
10.871500
10.871500
10.871500
10.871500
10.871400
10.871400
10.871400
10.871400
10.871400
10.871400
10.871400
10.871400
10.871400
10.871400
10.871300
10.871300
10.871300
10.871300
10.871300
10.871300
10.871300
10.871300
10.871300
10.871200
10.871200
10.871200
10.871200
10.871200
10.871200
10.871200
10.871200
10.871200
10.871100
10.871100
10.871100
10.871100
10.871100
10.871100
10.871100
10.871100
10.871000
10.871000
10.871000
10.871000
10.871000
10.871000
10.871000
10.871000
10.871000
10.870900
10.870900
10.870900
10.870900
10.870900
10.870900
10.870900
10.870900
10.870800
10.870800
10.870800
10.870800
10.870800
10.870800
10.870800
10.870800
10.870800
10.870700
10.870700
10.870700
10.870700
10.870700
10.870700
10.870700
10.870700
10.870600
10.870600
10.870600
10.870600
10.870600
10.870600
10.870600
10.870600
10.870500
10.870500
10.870500
10.870500
10.870500
10.870500
10.870500
10.870500
10.870400
10.870400
10.870400
10.870400
10.870400
10.870400
10.870400
10.870400
10.870300
10.870300
10.870300
10.870300
10.870300
10.870300
10.870300
10.870300
10.870200
10.870200
10.870200
10.870200
10.870200
10.870200
10.870200
10.870100
10.870100
10.870100
10.870100
10.870100
10.870100
10.870100
10.870100
10.870000
10.870000
10.870000
10.870000
10.870000
10.870000
10.870000
10.870000
10.869900
10.869900
10.869900
10.869900
10.869900
10.869900
10.869900
10.869800
10.869800
10.869800
10.869800
10.869800
10.869800
10.869800
10.869800
10.869700
10.869700
10.869700
10.869700
10.869700
10.869700
10.869700
10.869600
10.869600
10.869600
10.869600
10.869600
10.869600
10.869600
10.869600
10.869500
10.869500
10.869500
10.869500
10.869500
10.869500
10.869500
10.869400
10.869400
10.869400
10.869400
10.869400
10.869400
10.869400
10.869300
10.869300
10.869300
10.869300
10.869300
10.869300
10.869300
10.869300
10.869200
10.869200
10.869200
10.869200
10.869200
10.869200
10.869200
10.869100
10.869100
10.869100
10.869100
10.869100
10.869100
10.869100
10.869000
10.869000
10.869000
10.869000
10.869000
10.869000
10.869000
10.868900
10.868900
10.868900
10.868900
10.868900
10.868900
10.868900
10.868800
10.868800
10.868800
10.868800
10.868800
10.868800
10.868800
10.868700
10.868700
10.868700
10.868700
10.868700
10.868700
10.868700
10.868700
10.868600
10.868600
10.868600
10.868600
10.868600
10.868600
10.868600
10.868500
10.868500
10.868500
10.868500
10.868500
10.868500
10.868500
10.868400
10.868400
10.868400
10.868400
10.868400
10.868400
10.868400
10.868300
10.868300
10.868300
10.868300
10.868300
10.868300
10.868300
10.868200
10.868200
10.868200
10.868200
10.868200
10.868200
10.868200
10.868100
10.868100
10.868100
10.868100
10.868100
10.868100
10.868000
10.868000
10.868000
10.868000
10.868000
10.868000
10.868000
10.867900
10.867900
10.867900
10.867900
10.867900
10.867900
10.867900
10.867800
10.867800
10.867800
10.867800
10.867800
10.867800
10.867800
10.867700
10.867700
10.867700
10.867700
10.867700
10.867700
10.867700
10.867600
10.867600
10.867600
10.867600
10.867600
10.867600
10.867600
10.867500
10.867500
10.867500
10.867500
10.867500
10.867500
10.867500
10.867400
10.867400
10.867400
10.867400
10.867400
10.867400
10.867300
10.867300
10.867300
10.867300
10.867300
10.867300
10.867300
10.867200
10.867200
10.867200
10.867200
10.867200
10.867200
10.867200
10.867100
10.867100
10.867100
10.867100
10.867100
10.867100
10.867100
10.867000
10.867000
10.867000
10.867000
10.867000
10.867000
10.866900
10.866900
10.866900
10.866900
10.866900
10.866900
10.866900
10.866800
10.866800
10.866800
10.866800
10.866800
10.866800
10.866800
10.866700
10.866700
10.866700
10.866700
10.866700
10.866700
10.866700
10.866600
10.866600
10.866600
10.866600
10.866600
10.866600
10.866500
10.866500
10.866500
10.866500
10.866500
10.866500
10.866500
10.866400
10.866400
10.866400
10.866400
10.866400
10.866400
10.866400
10.866300
10.866300
10.866300
10.866300
10.866300
10.866300
10.866200
10.866200
10.866200
10.866200
10.866200
10.866200
10.866200
10.866100
10.866100
10.866100
10.866100
10.866100
10.866100
10.866100
10.866000
10.866000
10.866000
10.866000
10.866000
10.866000
10.865900
10.865900
10.865900
10.865900
10.865900
10.865900
10.865900
10.865800
10.865800
10.865800
10.865800
10.865800
10.865800
10.865800
10.865700
10.865700
10.865700
10.865700
10.865700
10.865700
10.865600
10.865600
10.865600
10.865600
10.865600
10.865600
10.865600
10.865500
10.865500
10.865500
10.865500
10.865500
10.865500
10.865400
10.865400
10.865400
10.865400
10.865400
10.865400
10.865400
10.865300
10.865300
10.865300
10.865300
10.865300
10.865300
10.865300
10.865200
10.865200
10.865200
10.865200
10.865200
10.865200
10.865100
10.865100
10.865100
10.865100
10.865100
10.865100
10.865100
10.865000
10.865000
10.865000
10.865000
10.865000
10.865000
10.864900
10.864900
10.864900
10.864900
10.864900
10.864900
10.864900
10.864800
10.864800
10.864800
10.864800
10.864800
10.864800
10.864700
10.864700
10.864700
10.864700
10.864700
10.864700
10.864700
10.864600
10.864600
10.864600
10.864600
10.864600
10.864600
10.864600
10.864500
10.864500
10.864500
10.864500
10.864500
10.864500
10.864400
10.864400
10.864400
10.864400
10.864400
10.864400
10.864400
10.864300
10.864300
10.864300
10.864300
10.864300
10.864300
10.864200
10.864200
10.864200
10.864200
10.864200
10.864200
10.864200
10.864100
10.864100
10.864100
10.864100
10.864100
10.864100
10.864000
10.864000
10.864000
10.864000
10.864000
10.864000
10.864000
10.863900
10.863900
10.863900
10.863900
10.863900
10.863900
10.863800
10.863800
10.863800
10.863800
10.863800
