1.009960
1.008300
1.006630
1.004970
1.003320
1.001680
1.000170
0.999857
1.001410
1.005070
1.011360
1.021290
1.037010
1.062340
1.102270
1.162130
1.246520
1.358750
1.500380
1.671310
1.870050
2.094050
2.340140
2.604960
2.885180
3.177710
3.479740
3.788740
4.102410
4.418630
4.735460
5.051160
5.364320
5.673770
5.978620
6.278250
6.572210
6.860230
7.142140
7.417870
7.687390
7.950680
8.207860
8.458930
8.704060
8.943300
9.176810
9.404600
9.626840
9.843630
10.055000
10.261100
10.462200
10.658100
10.849100
11.035100
11.216400
11.393000
11.565000
11.732300
11.895300
12.053800
12.208000
12.357900
12.503700
12.645300
12.782900
12.916500
13.046100
13.171900
13.293900
13.412200
13.526700
13.637600
13.744900
13.848700
13.949000
14.045900
14.139300
14.229500
14.316400
14.400200
14.480700
14.558100
14.632500
14.703800
14.772100
14.837600
14.900100
14.959800
15.016600
15.070800
15.122200
15.170900
15.217000
15.260500
15.301400
15.339900
15.375900
15.409400
15.440600
15.469300
15.495800
15.520000
15.542000
15.561700
15.579300
15.594700
15.608100
15.619300
15.628600
15.635900
15.641200
15.644600
15.646100
15.645700
15.643500
15.639500
15.633700
15.626300
15.617100
15.606200
15.593800
15.579700
15.564000
15.546800
15.528100
15.507800
15.486200
15.463100
15.438600
15.412700
15.385400
15.356900
15.327100
15.295900
15.263600
15.230100
15.195400
15.159500
15.122400
15.084300
15.045100
15.004900
14.963500
14.921300
14.878000
14.833700
14.788500
14.742400
14.695400
14.647600
14.598800
14.549300
14.499000
14.447900
14.396100
14.343500
14.290200
14.236200
14.181500
14.126200
14.070300
14.013700
13.956500
13.898800
13.840500
13.781700
13.722500
13.662600
13.602300
13.541600
13.480400
13.418800
13.356800
13.294400
13.231700
13.168600
13.105100
13.041400
12.977400
12.913000
12.848400
12.783600
12.718500
12.653200
12.587700
12.522000
12.456100
12.390100
12.323900
12.257700
12.191200
12.124700
12.058100
11.991500
11.924700
11.858000
11.791100
11.724300
11.657500
11.590700
11.523900
11.457100
11.390400
11.323800
11.257100
11.190600
11.124100
11.057800
10.991600
10.925600
10.859600
10.793800
10.728200
10.662700
10.597400
10.532300
10.467400
10.402600
10.338100
10.273900
10.209900
10.146000
10.082500
10.019200
9.956180
9.893400
9.830950
9.768720
9.706830
9.645270
9.583940
9.522990
9.462320
9.401980
9.341980
9.282370
9.223030
9.164030
9.105410
9.047190
8.989300
8.931740
8.874570
8.817790
8.761340
8.705340
8.649670
8.594440
8.539550
8.485050
8.430930
8.377260
8.323980
8.271090
8.218590
8.166480
8.114810
8.063530
8.012630
7.962130
7.912070
7.862400
7.813180
7.764340
7.715900
7.667890
7.620230
7.573000
7.526220
7.479830
7.433830
7.388210
7.342990
7.298210
7.253820
7.209760
7.166150
7.122980
7.080140
7.037700
6.995640
6.953970
6.912690
6.871800
6.831240
6.791130
6.751350
6.711900
6.672900
6.634230
6.595890
6.557950
6.520340
6.483110
6.446220
6.409660
6.373490
6.337660
6.302100
6.266930
6.232100
6.197600
6.163370
6.129540
6.095980
6.062760
6.029870
5.997250
5.964970
5.932970
5.901300
5.869910
5.838800
5.808020
5.777520
5.747300
5.717350
5.687680
5.658290
5.629230
5.600400
5.571790
5.543510
5.515470
5.487690
5.460170
5.432900
5.405880
5.379100
5.352580
5.326290
5.300240
5.274440
5.248860
5.223510
5.198400
5.173500
5.148840
5.124390
5.100160
5.076140
5.052340
5.028740
5.005360
4.982170
4.959200
4.936420
4.913840
4.891460
4.869260
4.847260
4.825450
4.803820
4.782380
4.761120
4.740040
4.719140
4.698410
4.677860
4.657480
4.637270
4.617220
4.597340
4.577620
4.558070
4.538670
4.519440
4.500350
4.481420
4.462650
4.444020
4.425550
4.407220
4.389040
4.370990
4.353100
4.335330
4.317720
4.300230
4.282890
4.265670
4.248590
4.231630
4.214820
4.198120
4.181550
4.165110
4.148790
4.132600
4.116520
4.100560
4.084720
4.069000
4.053390
4.037900
4.022520
4.007250
3.992090
3.977040
3.962100
3.947260
3.932540
3.917910
3.903390
3.888970
3.874650
3.860430
3.846310
3.832290
3.818370
3.804530
3.790800
3.777160
3.763610
3.750150
3.736790
3.723510
3.710320
3.697220
3.684210
3.671280
3.658440
3.645690
3.633010
3.620420
3.607910
3.595480
3.583130
3.570870
3.558670
3.546560
3.534530
3.522560
3.510680
3.498870
3.487130
3.475470
3.463880
3.452360
3.440910
3.429530
3.418220
3.406980
3.395810
3.384710
3.373670
3.362700
3.351790
3.340950
3.330180
3.319470
3.308810
3.298230
3.287700
3.277240
3.266840
3.256500
3.246220
3.235990
3.225830
3.215720
3.205680
3.195680
3.185750
3.175870
3.166050
3.156270
3.146560
3.136900
3.127290
3.117740
3.108240
3.098790
3.089390
3.080050
3.070750
3.061510
3.052310
3.043160
3.034070
3.025020
3.016020
3.007070
2.998160
2.989300
2.980490
2.971730
2.963000
2.954330
2.945700
2.937120
2.928570
2.920080
2.911620
2.903220
2.894840
2.886520
2.878240
2.870000
2.861800
2.853640
2.845520
2.837440
2.829400
2.821410
2.813440
2.805530
2.797640
2.789800
2.782000
2.774230
2.766500
2.758810
2.751160
2.743540
2.735960
2.728410
2.720910
2.713430
2.705990
2.698590
2.691220
2.683890
2.676590
2.669330
2.662090
2.654890
2.647730
2.640600
2.633500
2.626430
2.619400
2.612400
2.605420
2.598480
2.591580
2.584700
2.577850
2.571040
2.564250
2.557500
2.550780
2.544080
2.537410
2.530770
2.524170
2.517590
2.511050
2.504520
2.498030
2.491570
2.485130
2.478720
2.472340
2.465990
2.459660
2.453370
2.447090
2.440840
2.434630
2.428430
2.422260
2.416120
2.410010
2.403920
2.397850
2.391810
2.385800
2.379810
2.373840
2.367910
2.361990
2.356100
2.350230
2.344390
2.338570
2.332770
2.327000
2.321250
2.315520
2.309820
2.304140
2.298480
2.292850
2.287230
2.281650
2.276080
2.270530
2.265010
2.259510
2.254020
2.248560
2.243130
2.237710
2.232290
2.226920
2.221570
2.216230
2.210920
2.205630
2.200350
2.195100
2.189870
2.184660
2.179470
2.174300
2.169140
2.164010
2.158890
2.153800
2.148720
2.143670
2.138630
2.133610
2.128610
2.123630
2.118660
2.113720
2.108790
2.103880
2.098990
2.094120
2.089260
2.084430
2.079600
2.074800
2.070020
2.065250
2.060500
2.055770
2.051050
2.046350
2.041670
2.037000
2.032350
2.027720
2.023110
2.018510
2.013920
2.009360
2.004810
2.000270
1.995750
1.991250
1.986760
1.982290
1.977830
1.973390
1.968970
1.964550
1.960160
1.955780
1.951420
1.947070
1.942730
1.938410
1.934110
1.929820
1.925540
1.921280
1.917040
1.912800
1.908590
1.904380
1.900190
1.896020
1.891860
1.887710
1.883570
1.879460
1.875350
1.871260
1.867180
1.863110
1.859060
1.855020
1.851000
1.846990
1.842990
1.839000
1.835030
1.831070
1.827120
1.823190
1.819270
1.815360
1.811460
1.807580
1.803710
1.799850
1.796010
1.792170
1.788360
1.784550
1.780750
1.776970
1.773200
1.769440
1.765690
1.761950
1.758230
1.754520
1.750820
1.747130
1.743450
1.739780
1.736130
1.732480
1.728860
1.725230
1.721630
1.718030
1.714440
1.710870
1.707300
1.703750
1.700210
1.696680
1.693150
1.689650
1.686150
1.682660
1.679180
1.675720
1.672260
1.668810
1.665380
1.661960
1.658540
1.655140
1.651750
1.648360
1.644990
1.641630
1.638270
1.634930
1.631600
1.628280
1.624970
1.621660
1.618370
1.615090
1.611820
1.608550
1.605300
1.602060
1.598820
1.595590
1.592380
1.589180
1.585980
1.582790
1.579620
1.576450
1.573290
1.570140
1.567000
1.563860
1.560740
1.557630
1.554530
1.551430
1.548350
1.545270
1.542200
1.539140
1.536090
1.533050
1.530020
1.527000
1.523980
1.520970
1.517970
1.514980
1.512000
1.509030
1.506070
1.503110
1.500170
1.497230
1.494290
1.491370
1.488460
1.485560
1.482660
1.479770
1.476890
1.474020
1.471150
1.468290
1.465440
1.462600
1.459770
1.456950
1.454130
1.451320
1.448520
1.445730
1.442940
1.440160
1.437390
1.434630
1.431880
1.429130
1.426390
1.423650
1.420930
1.418210
1.415500
1.412800
1.410110
1.407420
1.404740
1.402070
1.399400
1.396740
1.394090
1.391450
1.388810
1.386180
1.383560
1.380950
1.378340
1.375730
1.373150
1.370560
1.367980
1.365410
1.362840
1.360280
1.357730
1.355180
1.352640
1.350110
1.347580
1.345070
1.342550
1.340050
1.337550
1.335060
1.332580
1.330100
1.327630
1.325170
1.322700
1.320250
1.317810
1.315370
1.312940
1.310510
1.308090
1.305680
1.303270
1.300870
1.298480
1.296090
1.293700
1.291330
1.288960
1.286600
1.284240
1.281890
1.279550
1.277210
1.274870
1.272550
1.270220
1.267910
1.265600
1.263300
1.261010
1.258710
1.256430
1.254150
1.251880
1.249610
1.247350
1.245090
1.242840
1.240600
1.238370
1.236130
1.233910
1.231680
1.229470
1.227260
1.225060
1.222860
1.220670
1.218480
1.216300
1.214120
1.211950
1.209790
1.207630
1.205480
1.203330
1.201190
1.199050
1.196910
1.194790
1.192670
1.190550
1.188440
1.186340
1.184240
1.182140
1.180050
1.177970
1.175890
1.173820
1.171750
1.169690
1.167630
1.165570
1.163520
1.161490
1.159450
1.157410
1.155390
1.153360
1.151350
1.149330
1.147330
1.145320
1.143330
1.141330
1.139350
1.137370
1.135390
1.133420
1.131450
1.129480
1.127530
1.125570
1.123630
1.121680
1.119740
1.117810
1.115880
1.113960
1.112030
1.110120
1.108210
1.106310
1.104410
1.102510
1.100620
1.098730
1.096840
1.094970
1.093090
1.091230
1.089360
1.087500
1.085650
1.083790
1.081950
1.080110
1.078270
1.076440
1.074610
1.072790
1.070960
1.069150
1.067340
1.065540
1.063730
1.061940
1.060140
1.058350
1.056570
1.054790
1.053010
1.051240
1.049470
1.047700
1.045950
1.044190
1.042440
1.040690
1.038950
1.037210
1.035480
1.033750
1.032020
1.030300
1.028580
1.026870
1.025160
1.023460
1.021760
1.020060
1.018370
1.016680
1.014990
1.013310
1.011630
1.009960
1.008290
1.006630
1.004970
1.003320
1.001680
1.000170
0.999855
1.001410
1.005070
1.011360
1.021280
1.036990
1.062300
1.102220
1.162050
1.246420
1.358620
1.500220
1.671140
1.869850
2.093820
2.339890
2.604680
2.884890
3.177390
3.479400
3.788380
4.102030
4.418240
4.735050
5.050750
5.363880
5.673310
5.978160
6.277780
6.571740
6.859750
7.141650
7.417390
7.686900
7.950190
8.207370
8.458440
8.703560
8.942790
9.176250
9.404090
9.626320
9.843050
10.054500
10.260600
10.461600
10.657500
10.848500
11.034600
11.215900
11.392500
11.564400
11.731800
11.894700
12.053200
12.207400
12.357300
12.503100
12.644700
12.782300
12.915900
13.045500
13.171300
13.293300
13.411500
13.526100
13.636900
13.744300
13.848100
13.948300
14.045200
14.138700
14.228900
14.315800
14.399500
14.480000
14.557400
14.631800
14.703100
14.771400
14.836900
14.899400
14.959100
15.016000
15.070100
15.121500
15.170200
15.216300
15.259800
15.300700
15.339200
15.375200
15.408700
15.439900
15.468600
15.495100
15.519300
15.541300
15.561000
15.578600
15.594000
15.607400
15.618600
15.627900
15.635100
15.640500
15.643900
15.645400
15.645000
15.642800
15.638800
15.633000
15.625500
15.616400
15.605500
15.593000
15.579000
15.563300
15.546100
15.527400
15.507100
15.485500
15.462400
15.437900
15.412000
15.384700
15.356200
15.326400
15.295200
15.262900
15.229400
15.194600
15.158800
15.121700
15.083600
15.044400
15.004200
14.962800
14.920600
14.877200
14.833000
14.787800
14.741700
14.694700
14.646900
14.598200
14.548700
14.498300
14.447200
14.395400
14.342800
14.289500
14.235500
14.180800
14.125500
14.069600
14.013000
13.955800
13.898100
13.839900
13.781100
13.721800
13.661900
13.601700
13.540900
13.479800
13.418200
13.356200
13.293800
13.231000
13.167900
13.104500
13.040800
12.976700
12.912400
12.847800
12.783000
12.717800
12.652600
12.587100
12.521400
12.455500
12.389500
12.323300
12.257000
12.190600
12.124100
12.057500
11.990900
11.924100
11.857400
11.790600
11.723700
11.656900
11.590100
11.523300
11.456600
11.389800
11.323200
11.256600
11.190100
11.123700
11.057300
10.991200
10.925000
10.859100
10.793300
10.727700
10.662200
10.596900
10.531800
10.466900
10.402200
10.337700
10.273400
10.209400
10.145600
10.082100
10.018800
9.955730
9.893000
9.830500
9.768330
9.706440
9.644820
9.583540
9.522590
9.461930
9.401590
9.341590
9.281920
9.222640
9.163630
9.105020
9.046800
8.988900
8.931350
8.874180
8.817400
8.761000
8.704950
8.649330
8.594050
8.539160
8.484710
8.430550
8.376880
8.323540
8.270650
8.218200
8.166090
8.114420
8.063140
8.012250
7.961750
7.911690
7.862080
7.812800
7.763970
7.715520
7.667520
7.619900
7.572680
7.525840
7.479450
7.433450
7.387840
7.342670
7.297890
7.253450
7.209440
7.165830
7.122610
7.079830
7.037380
6.995320
6.953660
6.912380
6.871490
6.830930
6.790820
6.751040
6.711650
6.672590
6.633920
6.595590
6.557640
6.520080
6.482860
6.445970
6.409410
6.373190
6.337350
6.301850
6.266690
6.231850
6.197350
6.163130
6.129290
6.095730
6.062510
6.029620
5.997010
5.964730
5.932730
5.901060
5.869670
5.838560
5.807780
5.777280
5.747050
5.717110
5.687500
5.658110
5.628990
5.600160
5.571600
5.543300
5.515260
5.487480
5.459960
5.432690
5.405670
5.378900
5.352380
5.326090
5.300050
5.274240
5.248660
5.223320
5.198210
5.173320
5.148650
5.124200
5.099970
5.075960
5.052160
5.028560
5.005180
4.982000
4.959020
4.936250
4.913670
4.891280
4.869090
4.847090
4.825280
4.803660
4.782220
4.760960
4.739880
4.718980
4.698250
4.677700
4.657320
4.637110
4.617070
4.597190
4.577470
4.557910
4.538520
4.519280
4.500210
4.481280
4.462500
4.443880
4.425400
4.407070
4.388890
4.370850
4.352950
4.335190
4.317580
4.300090
4.282750
4.265530
4.248450
4.231500
4.214680
4.197990
4.181420
4.164980
4.148660
4.132460
4.116390
4.100440
4.084600
4.068870
4.053270
4.037770
4.022390
4.007130
3.991970
3.976920
3.961980
3.947150
3.932420
3.917800
3.903270
3.888860
3.874540
3.860320
3.846200
3.832180
3.818250
3.804420
3.790690
3.777050
3.763500
3.750040
3.736680
3.723400
3.710210
3.697120
3.684110
3.671180
3.658340
3.645580
3.632910
3.620320
3.607810
3.595380
3.583030
3.570770
3.558580
3.546460
3.534420
3.522460
3.510580
3.498770
3.487030
3.475370
3.463780
3.452260
3.440820
3.429440
3.418130
3.406890
3.395710
3.384610
3.373570
3.362610
3.351700
3.340860
3.330090
3.319380
3.308730
3.298140
3.287620
3.277150
3.266750
3.256410
3.246130
3.235910
3.225750
3.215640
3.205590
3.195600
3.185660
3.175780
3.165960
3.156190
3.146480
3.136820
3.127210
3.117660
3.108160
3.098710
3.089310
3.079970
3.070670
3.061430
3.052230
3.043080
3.033990
3.024940
3.015940
3.006990
2.998080
2.989230
2.980410
2.971650
2.962930
2.954250
2.945620
2.937040
2.928500
2.920000
2.911550
2.903140
2.894770
2.886450
2.878170
2.869920
2.861730
2.853570
2.845450
2.837370
2.829330
2.821340
2.813370
2.805460
2.797570
2.789740
2.781930
2.774160
2.766430
2.758740
2.751090
2.743470
2.735890
2.728350
2.720840
2.713370
2.705930
2.698530
2.691160
2.683830
2.676530
2.669260
2.662030
2.654830
2.647660
2.640530
2.633430
2.626370
2.619330
2.612330
2.605360
2.598420
2.591510
2.584640
2.577790
2.570980
2.564190
2.557440
2.550710
2.544020
2.537350
2.530720
2.524110
2.517540
2.510990
2.504460
2.497970
2.491510
2.485070
2.478660
2.472280
2.465930
2.459610
2.453310
2.447030
2.440790
2.434570
2.428380
2.422210
2.416070
2.409950
2.403860
2.397800
2.391760
2.385750
2.379760
2.373790
2.367850
2.361940
2.356050
2.350180
2.344330
2.338510
2.332720
2.326940
2.321190
2.315470
2.309770
2.304090
2.298430
2.292790
2.287180
2.281590
2.276030
2.270480
2.264950
2.259450
2.253970
2.248510
2.243080
2.237660
2.232260
2.226890
2.221540
2.216200
2.210880
2.205600
2.200320
2.195070
2.189840
2.184630
2.179430
2.174260
2.169110
2.163970
2.158860
2.153770
2.148690
2.143630
2.138590
2.133580
2.128580
2.123590
2.118630
2.113690
2.108760
2.103850
2.098960
2.094090
2.089230
2.084390
2.079570
2.074770
2.069990
2.065220
2.060470
2.055730
2.051020
2.046320
2.041640
2.036970
2.032320
2.027690
2.023060
2.018460
2.013880
2.009310
2.004760
2.000230
1.995710
1.991200
1.986720
1.982250
1.977790
1.973350
1.968920
1.964510
1.960120
1.955740
1.951370
1.947030
1.942690
1.938370
1.934070
1.929780
1.925500
1.921240
1.916990
1.912760
1.908540
1.904340
1.900150
1.895980
1.891820
1.887670
1.883530
1.879420
1.875310
1.871220
1.867140
1.863070
1.859020
1.854980
1.850960
1.846950
1.842950
1.838960
1.834990
1.831030
1.827090
1.823150
1.819230
1.815320
1.811430
1.807550
1.803670
1.799820
1.795970
1.792140
1.788320
1.784510
1.780710
1.776930
1.773160
1.769400
1.765650
1.761920
1.758190
1.754480
1.750780
1.747090
1.743410
1.739740
1.736090
1.732450
1.728820
1.725200
1.721590
1.717990
1.714400
1.710830
1.707270
1.703720
1.700170
1.696640
1.693120
1.689620
1.686110
1.682630
1.679150
1.675680
1.672230
1.668780
1.665350
1.661930
1.658510
1.655110
1.651710
1.648330
1.644960
1.641600
1.638240
1.634900
1.631570
1.628250
1.624940
1.621630
1.618340
1.615060
1.611780
1.608520
1.605270
1.602020
1.598790
1.595560
1.592350
1.589150
1.585950
1.582760
1.579580
1.576420
1.573260
1.570110
1.566970
1.563830
1.560710
1.557600
1.554490
1.551400
1.548320
1.545240
1.542170
1.539110
1.536060
1.533020
1.529990
1.526970
1.523950
1.520940
1.517940
1.514950
1.511980
1.509000
1.506040
1.503080
1.500140
1.497200
1.494260
1.491350
1.488430
1.485530
1.482630
1.479740
1.476860
1.473990
1.471120
1.468260
1.465410
1.462570
1.459740
1.456920
1.454100
1.451290
1.448490
1.445700
1.442910
1.440130
1.437360
1.434600
1.431850
1.429100
1.426360
1.423630
1.420900
1.418180
1.415480
1.412770
1.410080
1.407390
1.404710
1.402040
1.399370
1.396720
1.394070
1.391420
1.388780
1.386160
1.383530
1.380920
1.378310
1.375710
1.373120
1.370530
1.367950
1.365380
1.362810
1.360250
1.357700
1.355150
1.352620
1.350090
1.347560
1.345040
1.342530
1.340030
1.337530
1.335040
1.332550
1.330080
1.327600
1.325140
1.322680
1.320230
1.317780
1.315340
1.312910
1.310490
1.308060
1.305650
1.303250
1.300840
1.298450
1.296060
1.293680
1.291300
1.288940
1.286570
1.284210
1.281860
1.279520
1.277180
1.274850
1.272520
1.270200
1.267890
1.265580
1.263280
1.260980
1.258690
1.256410
1.254130
1.251860
1.249590
1.247330
1.245070
1.242820
1.240580
1.238340
1.236110
1.233880
1.231660
1.229450
1.227240
1.225030
1.222840
1.220640
1.218460
1.216280
1.214100
1.211930
1.209770
1.207610
1.205460
1.203310
1.201170
1.199030
1.196890
1.194770
1.192650
1.190530
1.188420
1.186320
1.184220
1.182120
1.180030
1.177950
1.175870
1.173800
1.171730
1.169670
1.167610
1.165550
1.163500
1.161460
1.159430
1.157390
1.155360
1.153340
1.151330
1.149310
1.147310
1.145300
1.143310
1.141310
1.139330
1.137350
1.135370
1.133400
1.131430
1.129460
1.127510
1.125550
1.123610
1.121660
1.119720
1.117790
1.115860
1.113940
1.112020
1.110100
1.108190
1.106290
1.104390
1.102490
1.100600
1.098710
1.096820
1.094950
1.093070
1.091210
1.089340
1.087480
1.085630
1.083780
1.081930
1.080090
1.078250
1.076420
1.074590
1.072770
1.070950
1.069130
1.067320
1.065520
1.063710
1.061920
1.060120
1.058330
1.056550
1.054770
1.052990
1.051220
1.049460
1.047690
1.045930
1.044180
1.042430
1.040680
1.038940
1.037200
1.035470
1.033740
1.032010
1.030290
1.028570
1.026860
1.025150
1.023440
1.021740
1.020050
1.018350
1.016670
1.014980
1.013300
1.011630
1.009950
1.008280
1.006620
1.004960
1.003310
1.001680
1.000160
0.999849
1.001400
1.005060
1.011350
1.021280
1.036990
1.062320
1.102250
1.162090
1.246480
1.358700
1.500320
1.671250
1.869980
2.093960
2.340050
2.604860
2.885060
3.177580
3.479580
3.788570
4.102230
4.418440
4.735250
5.050940
5.364090
5.673510
5.978360
6.277980
6.571930
6.859940
7.141840
7.417570
7.687080
7.950370
8.207540
8.458600
8.703720
8.942950
9.176460
9.404240
9.626470
9.843200
10.054700
10.260800
10.461800
10.657700
10.848700
11.034700
11.216000
11.392600
11.564500
11.731900
11.894800
12.053400
12.207600
12.357500
12.503200
12.644800
12.782500
12.916000
13.045700
13.171500
13.293400
13.411700
13.526200
13.637100
13.744400
13.848200
13.948400
14.045300
14.138800
14.229000
14.315900
14.399600
14.480100
14.557600
14.631900
14.703200
14.771600
14.837000
14.899500
14.959200
15.016000
15.070200
15.121600
15.170300
15.216400
15.259900
15.300900
15.339300
15.375300
15.408800
15.439900
15.468700
15.495200
15.519400
15.541400
15.561100
15.578700
15.594100
15.607500
15.618800
15.628100
15.635300
15.640600
15.644000
15.645400
15.645100
15.642900
15.638900
15.633200
15.625700
15.616500
15.605700
15.593200
15.579100
15.563400
15.546200
15.527400
15.507200
15.485600
15.462500
15.437900
15.412100
15.384900
15.356300
15.326500
15.295400
15.263000
15.229500
15.194800
15.158900
15.121900
15.083800
15.044500
15.004300
14.963000
14.920700
14.877400
14.833100
14.787900
14.741900
14.694900
14.647000
14.598300
14.548800
14.498500
14.447400
14.395500
14.342900
14.289600
14.235600
14.181000
14.125600
14.069700
14.013100
13.956000
13.898300
13.840000
13.781200
13.721900
13.662100
13.601800
13.541000
13.479900
13.418300
13.356300
13.293900
13.231100
13.168100
13.104600
13.040900
12.976900
12.912500
12.847900
12.783100
12.718000
12.652700
12.587200
12.521500
12.455600
12.389600
12.323400
12.257200
12.190700
12.124200
12.057600
11.991000
11.924300
11.857500
11.790700
11.723900
11.657000
11.590200
11.523400
11.456600
11.390000
11.323300
11.256700
11.190200
11.123700
11.057500
10.991200
10.925200
10.859200
10.793500
10.727800
10.662300
10.597000
10.531900
10.467000
10.402300
10.337800
10.273600
10.209500
10.145700
10.082200
10.018900
9.955820
9.893090
9.830590
9.768420
9.706530
9.644920
9.583640
9.522640
9.462020
9.401690
9.341690
9.282020
9.222680
9.163740
9.105120
9.046840
8.988950
8.931450
8.874280
8.817500
8.761060
8.705060
8.649390
8.594110
8.539270
8.484770
8.430660
8.376990
8.323710
8.270820
8.218320
8.166210
8.114540
8.063260
8.012370
7.961870
7.911810
7.862200
7.812920
7.764080
7.715640
7.667630
7.620020
7.572800
7.525960
7.479570
7.433570
7.387960
7.342730
7.297960
7.253570
7.209560
7.165950
7.122730
7.079890
7.037450
6.995390
6.953720
6.912440
6.871550
6.831050
6.790880
6.751100
6.711710
6.672660
6.633990
6.595710
6.557770
6.520150
6.482930
6.446000
6.409440
6.373220
6.337380
6.301880
6.266720
6.231880
6.197320
6.163160
6.129320
6.095770
6.062540
6.029650
5.997040
5.964760
5.932760
5.901090
5.869700
5.838590
5.807810
5.777310
5.747090
5.717150
5.687480
5.658090
5.629030
5.600200
5.571590
5.543310
5.515270
5.487490
5.459970
5.432700
5.405680
5.378910
5.352390
5.326100
5.300060
5.274250
5.248670
5.223330
5.198210
5.173320
5.148650
5.124200
5.099970
5.075960
5.052160
5.028570
5.005180
4.982000
4.959030
4.936250
4.913670
4.891290
4.869090
4.847100
4.825280
4.803660
4.782220
4.760950
4.739880
4.718980
4.698250
4.677700
4.657320
4.637110
4.617060
4.597180
4.577470
4.557920
4.538520
4.519280
4.500200
4.481280
4.462500
4.443870
4.425400
4.407070
4.388880
4.370840
4.352950
4.335190
4.317570
4.300090
4.282740
4.265530
4.248450
4.231500
4.214670
4.197980
4.181410
4.164970
4.148660
4.132460
4.116380
4.100430
4.084590
4.068860
4.053260
4.037760
4.022390
4.007120
3.991960
3.976910
3.961970
3.947130
3.932410
3.917780
3.903260
3.888840
3.874530
3.860310
3.846190
3.832170
3.818240
3.804410
3.790680
3.777040
3.763490
3.750030
3.736670
3.723390
3.710210
3.697110
3.684090
3.671170
3.658330
3.645570
3.632900
3.620300
3.607800
3.595370
3.583020
3.570750
3.558560
3.546450
3.534410
3.522450
3.510570
3.498760
3.487020
3.475360
3.463770
3.452250
3.440800
3.429420
3.418110
3.406880
3.395700
3.384600
3.373560
3.362590
3.351690
3.340850
3.330070
3.319360
3.308710
3.298130
3.287600
3.277140
3.266740
3.256400
3.246120
3.235890
3.225730
3.215620
3.205580
3.195580
3.185650
3.175770
3.165950
3.156180
3.146460
3.136800
3.127200
3.117650
3.108150
3.098700
3.089300
3.079950
3.070660
3.061410
3.052220
3.043070
3.033980
3.024930
3.015930
3.006980
2.998070
2.989210
2.980400
2.971640
2.962910
2.954240
2.945610
2.937020
2.928490
2.919990
2.911540
2.903120
2.894760
2.886430
2.878150
2.869910
2.861710
2.853550
2.845430
2.837360
2.829320
2.821320
2.813360
2.805440
2.797560
2.789720
2.781920
2.774150
2.766420
2.758730
2.751080
2.743460
2.735880
2.728340
2.720820
2.713350
2.705910
2.698510
2.691140
2.683810
2.676510
2.669250
2.662010
2.654810
2.647650
2.640520
2.633420
2.626350
2.619320
2.612320
2.605340
2.598410
2.591500
2.584620
2.577780
2.570960
2.564180
2.557420
2.550700
2.544000
2.537340
2.530700
2.524100
2.517520
2.510970
2.504450
2.497960
2.491490
2.485060
2.478650
2.472270
2.465910
2.459590
2.453290
2.447020
2.440770
2.434550
2.428360
2.422190
2.416050
2.409940
2.403840
2.397780
2.391740
2.385730
2.379740
2.373780
2.367840
2.361920
2.356030
2.350170
2.344320
2.338500
2.332700
2.326930
2.321180
2.315460
2.309750
2.304080
2.298410
2.292780
2.287170
2.281580
2.276010
2.270460
2.264940
2.259440
2.253960
2.248500
2.243060
2.237640
2.232250
2.226870
2.221520
2.216180
2.210870
2.205580
2.200310
2.195060
2.189820
2.184610
2.179420
2.174240
2.169090
2.163960
2.158840
2.153750
2.148680
2.143620
2.138580
2.133560
2.128560
2.123580
2.118620
2.113670
2.108740
2.103840
2.098940
2.094070
2.089210
2.084380
2.079560
2.074760
2.069970
2.065210
2.060460
2.055720
2.051010
2.046310
2.041620
2.036960
2.032310
2.027680
2.023060
2.018460
2.013880
2.009310
2.004760
2.000230
1.995710
1.991210
1.986720
1.982240
1.977790
1.973350
1.968920
1.964510
1.960120
1.955740
1.951380
1.947030
1.942690
1.938370
1.934070
1.929780
1.925500
1.921240
1.916990
1.912760
1.908540
1.904340
1.900150
1.895980
1.891810
1.887670
1.883540
1.879410
1.875310
1.871210
1.867140
1.863080
1.859020
1.854980
1.850960
1.846950
1.842950
1.838950
1.834980
1.831020
1.827070
1.823140
1.819220
1.815310
1.811420
1.807530
1.803660
1.799810
1.795960
1.792130
1.788310
1.784500
1.780700
1.776920
1.773140
1.769390
1.765640
1.761910
1.758180
1.754470
1.750770
1.747080
1.743400
1.739730
1.736080
1.732440
1.728810
1.725190
1.721580
1.717980
1.714390
1.710820
1.707250
1.703700
1.700160
1.696630
1.693110
1.689600
1.686100
1.682620
1.679140
1.675670
1.672220
1.668770
1.665340
1.661910
1.658500
1.655090
1.651700
1.648320
1.644950
1.641580
1.638230
1.634890
1.631560
1.628240
1.624920
1.621620
1.618330
1.615040
1.611770
1.608510
1.605250
1.602010
1.598770
1.595550
1.592340
1.589130
1.585940
1.582750
1.579570
1.576400
1.573250
1.570100
1.566960
1.563820
1.560700
1.557590
1.554490
1.551390
1.548310
1.545230
1.542160
1.539100
1.536050
1.533010
1.529980
1.526950
1.523940
1.520930
1.517930
1.514950
1.511960
1.508990
1.506030
1.503070
1.500120
1.497190
1.494260
1.491330
1.488420
1.485520
1.482620
1.479730
1.476850
1.473980
1.471110
1.468260
1.465410
1.462570
1.459730
1.456910
1.454090
1.451280
1.448480
1.445690
1.442900
1.440120
1.437360
1.434590
1.431840
1.429090
1.426350
1.423620
1.420890
1.418180
1.415470
1.412770
1.410070
1.407380
1.404700
1.402030
1.399370
1.396700
1.394050
1.391410
1.388780
1.386150
1.383530
1.380910
1.378300
1.375700
1.373110
1.370520
1.367940
1.365370
1.362800
1.360240
1.357690
1.355150
1.352610
1.350080
1.347550
1.345030
1.342520
1.340010
1.337520
1.335030
1.332540
1.330060
1.327590
1.325130
1.322670
1.320220
1.317770
1.315340
1.312900
1.310470
1.308060
1.305640
1.303240
1.300840
1.298440
1.296050
1.293670
1.291300
1.288920
1.286560
1.284210
1.281860
1.279510
1.277170
1.274840
1.272510
1.270200
1.267880
1.265570
1.263270
1.260970
1.258680
1.256400
1.254120
1.251850
1.249580
1.247320
1.245060
1.242810
1.240570
1.238330
1.236100
1.233870
1.231660
1.229440
1.227230
1.225030
1.222830
1.220630
1.218450
1.216270
1.214100
1.211920
1.209760
1.207600
1.205450
1.203300
1.201160
1.199020
1.196880
1.194760
1.192640
1.190520
1.188410
1.186310
1.184210
1.182110
1.180020
1.177940
1.175860
1.173790
1.171720
1.169660
1.167600
1.165540
1.163500
1.161460
1.159420
1.157390
1.155360
1.153340
1.151320
1.149310
1.147300
1.145300
1.143300
1.141310
1.139320
1.137340
1.135360
1.133390
1.131420
1.129460
1.127500
1.125550
1.123600
1.121650
1.119720
1.117780
1.115850
1.113930
1.112010
1.110090
1.108180
1.106280
1.104380
1.102480
1.100590
1.098700
1.096820
1.094940
1.093070
1.091200
1.089340
1.087480
1.085620
1.083770
1.081930
1.080080
1.078240
1.076410
1.074580
1.072760
1.070940
1.069130
1.067310
1.065510
1.063710
1.061910
1.060110
1.058330
1.056540
1.054760
1.052990
1.051210
1.049450
1.047690
1.045930
1.044170
1.042420
1.040680
1.038930
1.037190
1.035460
1.033730
1.032000
1.030290
1.028570
1.026850
1.025150
1.023440
1.021740
1.020040
1.018350
1.016660
1.014970
1.013300
1.011620
1.009950
