0.085255
0.085347
0.085718
0.086582
0.088407
0.092773
0.357570
0.345093
0.337941
0.369332
0.426953
0.527379
0.664063
0.797043
0.909440
0.998898
1.068010
1.120150
1.158540
1.186230
1.206070
1.220430
1.230960
1.238430
1.242860
1.244000
1.241950
1.237430
1.231390
1.224630
1.217620
1.210550
1.203510
1.196470
1.189430
1.182350
1.175230
1.168060
1.160840
1.153560
1.146230
1.138850
1.131420
1.123950
1.116440
1.108890
1.101310
1.093700
1.086070
1.078410
1.070740
1.063060
1.055360
1.047660
1.039960
1.032250
1.024560
1.016860
1.009170
1.001500
0.993837
0.986190
0.978560
0.970949
0.963359
0.955791
0.948247
0.940729
0.933239
0.925776
0.918344
0.910943
0.903574
0.896238
0.888937
0.881671
0.874442
0.867249
0.860095
0.852980
0.845905
0.838869
0.831876
0.824923
0.818014
0.811147
0.804323
0.797544
0.790809
0.784119
0.777475
0.770876
0.764323
0.757817
0.751357
0.744945
0.738580
0.732263
0.725993
0.719771
0.713598
0.707473
0.701397
0.695370
0.689391
0.683462
0.677581
0.671750
0.665968
0.660235
0.654552
0.648917
0.643333
0.637797
0.632311
0.626874
0.621487
0.616148
0.610859
0.605619
0.600427
0.595285
0.590191
0.585146
0.580149
0.575201
0.570300
0.565448
0.560643
0.555886
0.551177
0.546515
0.541899
0.537330
0.532808
0.528333
0.523903
0.519519
0.515180
0.510887
0.506638
0.502435
0.498275
0.494160
0.490089
0.486061
0.482076
0.478134
0.474234
0.470377
0.466562
0.462788
0.459055
0.455363
0.451712
0.448101
0.444529
0.440997
0.437504
0.434050
0.430634
0.427257
0.423916
0.420614
0.417348
0.414118
0.410925
0.407768
0.404646
0.401559
0.398507
0.395489
0.392506
0.389556
0.386639
0.383755
0.380903
0.378084
0.375297
0.372541
0.369816
0.367122
0.364458
0.361825
0.359221
0.356647
0.354101
0.351584
0.349096
0.346635
0.344202
0.341797
0.339419
0.337067
0.334741
0.332442
0.330168
0.327920
0.325697
0.323498
0.321324
0.319175
0.317049
0.314946
0.312867
0.310811
0.308778
0.306767
0.304778
0.302811
0.300866
0.298942
0.297039
0.295157
0.293295
0.291454
0.289633
0.287831
0.286049
0.284286
0.282542
0.280817
0.279111
0.277423
0.275753
0.274100
0.272466
0.270849
0.269249
0.267665
0.266099
0.264549
0.263016
0.261499
0.259997
0.258512
0.257042
0.255587
0.254147
0.252723
0.251313
0.249918
0.248537
0.247170
0.245818
0.244479
0.243154
0.241843
0.240545
0.239260
0.237988
0.236729
0.235483
0.234249
0.233028
0.231819
0.230623
0.229438
0.228265
0.227104
0.225954
0.224816
0.223689
0.222573
0.221468
0.220375
0.219291
0.218219
0.217157
0.216105
0.215064
0.214032
0.213011
0.212000
0.210998
0.210006
0.209024
0.208051
0.207087
0.206132
0.205187
0.204251
0.203323
0.202405
0.201495
0.200593
0.199700
0.198816
0.197940
0.197072
0.196212
0.195360
0.194516
0.193680
0.192852
0.192031
0.191218
0.190412
0.189614
0.188823
0.188039
0.187263
0.186494
0.185731
0.184976
0.184227
0.183485
0.182750
0.182021
0.181299
0.180584
0.179875
0.179172
0.178475
0.177785
0.177101
0.176423
0.175750
0.175084
0.174424
0.173769
0.173120
0.172477
0.171840
0.171208
0.170581
0.169960
0.169344
0.168734
0.168129
0.167529
0.166934
0.166344
0.165760
0.165180
0.164606
0.164036
0.163471
0.162911
0.162355
0.161804
0.161258
0.160717
0.160180
0.159647
0.159119
0.158596
0.158076
0.157562
0.157051
0.156544
0.156042
0.155544
0.155050
0.154560
0.154074
0.153592
0.153114
0.152640
0.152169
0.151703
0.151240
0.150781
0.150326
0.149874
0.149426
0.148982
0.148541
0.148103
0.147670
0.147239
0.146812
0.146389
0.145969
0.145552
0.145138
0.144728
0.144321
0.143917
0.143516
0.143118
0.142724
0.142332
0.141944
0.141558
0.141176
0.140797
0.140420
0.140046
0.139676
0.139308
0.138943
0.138580
0.138221
0.137864
0.137510
0.137159
0.136810
0.136464
0.136121
0.135780
0.135441
0.135106
0.134773
0.134442
0.134114
0.133788
0.133464
0.133144
0.132825
0.132509
0.132195
0.131883
0.131574
0.131267
0.130963
0.130660
0.130360
0.130062
0.129766
0.129473
0.129181
0.128892
0.128604
0.128319
0.128036
0.127755
0.127476
0.127199
0.126924
0.126651
0.126380
0.126110
0.125843
0.125578
0.125314
0.125053
0.124793
0.124535
0.124279
0.124025
0.123773
0.123522
0.123273
0.123026
0.122781
0.122537
0.122296
0.122055
0.121817
0.121580
0.121345
0.121111
0.120879
0.120649
0.120420
0.120193
0.119968
0.119744
0.119521
0.119300
0.119081
0.118863
0.118646
0.118432
0.118218
0.118006
0.117796
0.117587
0.117379
0.117173
0.116968
0.116764
0.116562
0.116362
0.116162
0.115964
0.115768
0.115572
0.115378
0.115186
0.114994
0.114804
0.114615
0.114428
0.114241
0.114056
0.113872
0.113690
0.113508
0.113328
0.113149
0.112971
0.112794
0.112619
0.112445
0.112271
0.112099
0.111929
0.111759
0.111590
0.111423
0.111256
0.111091
0.110926
0.110763
0.110601
0.110440
0.110280
0.110121
0.109963
0.109806
0.109650
0.109495
0.109341
0.109188
0.109037
0.108886
0.108736
0.108587
0.108439
0.108292
0.108145
0.108000
0.107856
0.107713
0.107570
0.107429
0.107288
0.107148
0.107009
0.106872
0.106734
0.106598
0.106463
0.106328
0.106195
0.106062
0.105930
0.105799
0.105669
0.105539
0.105411
0.105283
0.105156
0.105030
0.104904
0.104780
0.104656
0.104533
0.104410
0.104289
0.104168
0.104048
0.103929
0.103810
0.103692
0.103575
0.103459
0.103343
0.103228
0.103114
0.103001
0.102888
0.102776
0.102665
0.102554
0.102444
0.102335
0.102226
0.102118
0.102011
0.101904
0.101798
0.101693
0.101588
0.101484
0.101380
0.101278
0.101175
0.101074
0.100973
0.100873
0.100773
0.100674
0.100575
0.100477
0.100380
0.100283
0.100187
0.100092
0.099997
0.099903
0.099809
0.099715
0.099623
0.099531
0.099439
0.099348
0.099258
0.099168
0.099078
0.098990
0.098901
0.098814
0.098726
0.098640
0.098554
0.098468
0.098383
0.098298
0.098214
0.098130
0.098047
0.097964
0.097882
0.097801
0.097720
0.097639
0.097559
0.097479
0.097400
0.097321
0.097243
0.097165
0.097087
0.097010
0.096934
0.096858
0.096783
0.096707
0.096633
0.096559
0.096485
0.096411
0.096339
0.096266
0.096194
0.096122
0.096051
0.095980
0.095910
0.095840
0.095770
0.095701
0.095633
0.095564
0.095496
0.095429
0.095362
0.095295
0.095229
0.095163
0.095097
0.095032
0.094967
0.094903
0.094839
0.094775
0.094712
0.094649
0.094586
0.094524
0.094462
0.094401
0.094340
0.094279
0.094219
0.094158
0.094099
0.094039
0.093980
0.093922
0.093863
0.093805
0.093748
0.093690
0.093633
0.093577
0.093520
0.093465
0.093409
0.093354
0.093298
0.093244
0.093189
0.093135
0.093082
0.093028
0.092975
0.092922
0.092870
0.092817
0.092765
0.092714
0.092662
0.092611
0.092561
0.092510
0.092460
0.092410
0.092360
0.092311
0.092262
0.092213
0.092165
0.092117
0.092069
0.092021
0.091974
0.091927
0.091880
0.091833
0.091787
0.091741
0.091695
0.091650
0.091605
0.091560
0.091515
0.091470
0.091426
0.091382
0.091339
0.091295
0.091252
0.091209
0.091166
0.091124
0.091082
0.091040
0.090998
0.090956
0.090915
0.090874
0.090833
0.090793
0.090752
0.090712
0.090672
0.090633
0.090593
0.090554
0.090515
0.090476
0.090438
0.090399
0.090361
0.090323
0.090286
0.090248
0.090211
0.090174
0.090137
0.090101
0.090064
0.090028
0.089992
0.089956
0.089921
0.089885
0.089850
0.089815
0.089780
0.089746
0.089711
0.089677
0.089643
0.089609
0.089576
0.089542
0.089509
0.089476
0.089443
0.089410
0.089378
0.089345
0.089313
0.089281
0.089250
0.089218
0.089187
0.089155
0.089124
0.089093
0.089063
0.089032
0.089002
0.088972
0.088942
0.088912
0.088882
0.088853
0.088823
0.088794
0.088765
0.088736
0.088707
0.088679
0.088650
0.088622
0.088594
0.088566
0.088539
0.088511
0.088484
0.088456
0.088429
0.088402
0.088375
0.088349
0.088322
0.088296
0.088270
0.088244
0.088218
0.088192
0.088166
0.088141
0.088115
0.088090
0.088065
0.088040
0.088016
0.087991
0.087966
0.087942
0.087918
0.087894
0.087870
0.087846
0.087822
0.087799
0.087775
0.087752
0.087729
0.087706
0.087683
0.087660
0.087638
0.087615
0.087593
0.087570
0.087548
0.087526
0.087504
0.087483
0.087461
0.087439
0.087418
0.087397
0.087376
0.087355
0.087334
0.087313
0.087292
0.087272
0.087251
0.087231
0.087211
0.087191
0.087171
0.087151
0.087131
0.087111
0.087092
0.087072
0.087053
0.087034
0.087015
0.086996
0.086977
0.086958
0.086939
0.086921
0.086902
0.086884
0.086866
0.086847
0.086829
0.086811
0.086794
0.086776
0.086758
0.086741
0.086723
0.086706
0.086689
0.086671
0.086654
0.086637
0.086621
0.086604
0.086587
0.086570
0.086554
0.086538
0.086521
0.086505
0.086489
0.086473
0.086457
0.086441
0.086425
0.086410
0.086394
0.086379
0.086363
0.086348
0.086333
0.086318
0.086302
0.086287
0.086273
0.086258
0.086243
0.086228
0.086214
0.086199
0.086185
0.086171
0.086156
0.086142
0.086128
0.086114
0.086100
0.086086
0.086073
0.086059
0.086045
0.086032
0.086018
0.086005
0.085992
0.085979
0.085965
0.085952
0.085939
0.085927
0.085914
0.085901
0.085888
0.085875
0.085863
0.085850
0.085838
0.085826
0.085814
0.085801
0.085789
0.085777
0.085765
0.085753
0.085741
0.085730
0.085718
0.085706
0.085695
0.085683
0.085672
0.085660
0.085649
0.085638
0.085627
0.085615
0.085604
0.085593
0.085582
0.085572
0.085561
0.085550
0.085539
0.085529
0.085518
0.085508
0.085497
0.085487
0.085476
0.085466
0.085456
0.085446
0.085436
0.085426
0.085416
0.085406
0.085396
0.085386
0.085376
0.085367
0.085357
0.085348
0.085338
0.085329
0.085319
0.085310
0.085300
0.085291
0.085282
0.085273
0.085264
0.085255
0.085347
0.085718
0.086582
0.088406
0.092772
0.357546
0.345100
0.337940
0.369324
0.426938
0.527371
0.664049
0.797024
0.909422
0.998883
1.068000
1.120140
1.158530
1.186230
1.206070
1.220420
1.230950
1.238430
1.242860
1.243990
1.241950
1.237420
1.231380
1.224620
1.217600
1.210540
1.203490
1.196450
1.189410
1.182340
1.175220
1.168050
1.160820
1.153540
1.146210
1.138830
1.131400
1.123930
1.116420
1.108870
1.101290
1.093680
1.086050
1.078390
1.070720
1.063040
1.055340
1.047640
1.039940
1.032240
1.024540
1.016840
1.009160
1.001480
0.993821
0.986174
0.978544
0.970933
0.963343
0.955775
0.948232
0.940714
0.933223
0.925761
0.918328
0.910927
0.903559
0.896223
0.888922
0.881656
0.874427
0.867234
0.860080
0.852965
0.845890
0.838855
0.831861
0.824909
0.817999
0.811133
0.804309
0.797530
0.790795
0.784105
0.777461
0.770862
0.764309
0.757803
0.751344
0.744932
0.738567
0.732249
0.725980
0.719758
0.713585
0.707460
0.701384
0.695357
0.689379
0.683449
0.677569
0.671738
0.665956
0.660223
0.654539
0.648905
0.643321
0.637785
0.632299
0.626863
0.621475
0.616137
0.610848
0.605607
0.600416
0.595274
0.590180
0.585135
0.580138
0.575190
0.570290
0.565437
0.560633
0.555876
0.551167
0.546504
0.541889
0.537321
0.532799
0.528323
0.523893
0.519509
0.515171
0.510877
0.506629
0.502426
0.498266
0.494151
0.490080
0.486052
0.482067
0.478125
0.474226
0.470369
0.466554
0.462780
0.459047
0.455355
0.451704
0.448093
0.444522
0.440990
0.437497
0.434043
0.430627
0.427249
0.423909
0.420606
0.417341
0.414111
0.410918
0.407761
0.404639
0.401552
0.398500
0.395483
0.392499
0.389549
0.386632
0.383748
0.380897
0.378078
0.375290
0.372535
0.369810
0.367116
0.364452
0.361819
0.359215
0.356640
0.354095
0.351578
0.349090
0.346629
0.344197
0.341791
0.339413
0.337061
0.334736
0.332436
0.330163
0.327915
0.325691
0.323493
0.321319
0.319169
0.317044
0.314941
0.312862
0.310806
0.308773
0.306762
0.304774
0.302807
0.300861
0.298938
0.297035
0.295152
0.293291
0.291450
0.289628
0.287827
0.286045
0.284282
0.282538
0.280813
0.279107
0.277419
0.275749
0.274096
0.272462
0.270845
0.269245
0.267662
0.266095
0.264546
0.263012
0.261495
0.259994
0.258508
0.257038
0.255583
0.254144
0.252719
0.251309
0.249914
0.248533
0.247167
0.245814
0.244476
0.243151
0.241839
0.240541
0.239256
0.237985
0.236726
0.235480
0.234246
0.233025
0.231816
0.230620
0.229435
0.228262
0.227101
0.225951
0.224813
0.223686
0.222570
0.221466
0.220372
0.219289
0.218216
0.217154
0.216102
0.215061
0.214030
0.213008
0.211997
0.210995
0.210003
0.209021
0.208048
0.207084
0.206130
0.205185
0.204248
0.203321
0.202402
0.201492
0.200591
0.199698
0.198814
0.197937
0.197069
0.196210
0.195358
0.194514
0.193678
0.192849
0.192029
0.191216
0.190410
0.189612
0.188821
0.188037
0.187261
0.186492
0.185729
0.184974
0.184225
0.183483
0.182748
0.182019
0.181297
0.180582
0.179873
0.179170
0.178473
0.177783
0.177099
0.176421
0.175749
0.175082
0.174422
0.173767
0.173119
0.172475
0.171838
0.171206
0.170579
0.169958
0.169343
0.168732
0.168127
0.167527
0.166933
0.166343
0.165758
0.165179
0.164604
0.164034
0.163469
0.162909
0.162354
0.161803
0.161257
0.160715
0.160178
0.159646
0.159118
0.158594
0.158075
0.157560
0.157049
0.156543
0.156041
0.155543
0.155049
0.154559
0.154073
0.153591
0.153112
0.152638
0.152168
0.151701
0.151239
0.150780
0.150324
0.149873
0.149425
0.148980
0.148540
0.148102
0.147668
0.147238
0.146811
0.146388
0.145967
0.145551
0.145137
0.144727
0.144319
0.143916
0.143515
0.143117
0.142723
0.142331
0.141943
0.141557
0.141175
0.140796
0.140419
0.140045
0.139675
0.139307
0.138942
0.138579
0.138220
0.137863
0.137509
0.137158
0.136809
0.136463
0.136120
0.135779
0.135441
0.135105
0.134772
0.134441
0.134113
0.133787
0.133464
0.133143
0.132824
0.132508
0.132194
0.131883
0.131573
0.131266
0.130962
0.130659
0.130359
0.130061
0.129765
0.129472
0.129180
0.128891
0.128604
0.128318
0.128035
0.127754
0.127475
0.127198
0.126923
0.126650
0.126379
0.126110
0.125842
0.125577
0.125314
0.125052
0.124793
0.124535
0.124279
0.124025
0.123772
0.123522
0.123273
0.123026
0.122780
0.122537
0.122295
0.122055
0.121816
0.121579
0.121344
0.121111
0.120879
0.120648
0.120420
0.120192
0.119967
0.119743
0.119520
0.119300
0.119080
0.118862
0.118646
0.118431
0.118218
0.118006
0.117795
0.117586
0.117378
0.117172
0.116967
0.116764
0.116562
0.116361
0.116162
0.115964
0.115767
0.115572
0.115378
0.115185
0.114994
0.114803
0.114615
0.114427
0.114241
0.114056
0.113872
0.113689
0.113508
0.113327
0.113148
0.112971
0.112794
0.112618
0.112444
0.112271
0.112099
0.111928
0.111758
0.111590
0.111422
0.111256
0.111090
0.110926
0.110763
0.110601
0.110440
0.110280
0.110121
0.109963
0.109806
0.109650
0.109495
0.109341
0.109188
0.109036
0.108885
0.108735
0.108586
0.108438
0.108291
0.108145
0.108000
0.107856
0.107712
0.107570
0.107428
0.107288
0.107148
0.107009
0.106871
0.106734
0.106598
0.106463
0.106328
0.106194
0.106062
0.105930
0.105799
0.105668
0.105539
0.105410
0.105283
0.105155
0.105029
0.104904
0.104779
0.104655
0.104532
0.104410
0.104288
0.104168
0.104048
0.103928
0.103810
0.103692
0.103575
0.103459
0.103343
0.103228
0.103114
0.103000
0.102888
0.102776
0.102664
0.102554
0.102444
0.102334
0.102226
0.102118
0.102010
0.101904
0.101798
0.101692
0.101587
0.101483
0.101380
0.101277
0.101175
0.101073
0.100973
0.100872
0.100773
0.100673
0.100575
0.100477
0.100380
0.100283
0.100187
0.100092
0.099997
0.099902
0.099808
0.099715
0.099623
0.099530
0.099439
0.099348
0.099257
0.099168
0.099078
0.098989
0.098901
0.098813
0.098726
0.098639
0.098553
0.098468
0.098382
0.098298
0.098214
0.098130
0.098047
0.097964
0.097882
0.097800
0.097719
0.097639
0.097558
0.097479
0.097399
0.097321
0.097242
0.097165
0.097087
0.097010
0.096934
0.096858
0.096782
0.096707
0.096632
0.096558
0.096485
0.096411
0.096338
0.096266
0.096194
0.096122
0.096051
0.095980
0.095910
0.095840
0.095770
0.095701
0.095632
0.095564
0.095496
0.095429
0.095362
0.095295
0.095228
0.095162
0.095097
0.095032
0.094967
0.094903
0.094838
0.094775
0.094712
0.094649
0.094586
0.094524
0.094462
0.094401
0.094340
0.094279
0.094218
0.094158
0.094099
0.094039
0.093980
0.093922
0.093863
0.093805
0.093748
0.093690
0.093633
0.093577
0.093520
0.093464
0.093409
0.093353
0.093298
0.093244
0.093189
0.093135
0.093081
0.093028
0.092975
0.092922
0.092869
0.092817
0.092765
0.092714
0.092662
0.092611
0.092560
0.092510
0.092460
0.092410
0.092360
0.092311
0.092262
0.092213
0.092165
0.092117
0.092069
0.092021
0.091974
0.091927
0.091880
0.091833
0.091787
0.091741
0.091695
0.091650
0.091604
0.091560
0.091515
0.091470
0.091426
0.091382
0.091338
0.091295
0.091252
0.091209
0.091166
0.091124
0.091081
0.091039
0.090998
0.090956
0.090915
0.090874
0.090833
0.090792
0.090752
0.090712
0.090672
0.090633
0.090593
0.090554
0.090515
0.090476
0.090438
0.090399
0.090361
0.090323
0.090286
0.090248
0.090211
0.090174
0.090137
0.090100
0.090064
0.090028
0.089992
0.089956
0.089921
0.089885
0.089850
0.089815
0.089780
0.089745
0.089711
0.089677
0.089643
0.089609
0.089576
0.089542
0.089509
0.089476
0.089443
0.089410
0.089378
0.089345
0.089313
0.089281
0.089250
0.089218
0.089187
0.089155
0.089124
0.089093
0.089063
0.089032
0.089002
0.088971
0.088941
0.088912
0.088882
0.088852
0.088823
0.088794
0.088765
0.088736
0.088707
0.088679
0.088650
0.088622
0.088594
0.088566
0.088539
0.088511
0.088483
0.088456
0.088429
0.088402
0.088375
0.088349
0.088322
0.088296
0.088270
0.088244
0.088218
0.088192
0.088166
0.088141
0.088115
0.088090
0.088065
0.088040
0.088015
0.087991
0.087966
0.087942
0.087918
0.087894
0.087870
0.087846
0.087822
0.087799
0.087775
0.087752
0.087729
0.087706
0.087683
0.087660
0.087637
0.087615
0.087593
0.087570
0.087548
0.087526
0.087504
0.087483
0.087461
0.087439
0.087418
0.087397
0.087376
0.087355
0.087334
0.087313
0.087292
0.087272
0.087251
0.087231
0.087211
0.087191
0.087171
0.087151
0.087131
0.087111
0.087092
0.087072
0.087053
0.087034
0.087015
0.086996
0.086977
0.086958
0.086939
0.086921
0.086902
0.086884
0.086866
0.086847
0.086829
0.086811
0.086794
0.086776
0.086758
0.086741
0.086723
0.086706
0.086689
0.086671
0.086654
0.086637
0.086621
0.086604
0.086587
0.086570
0.086554
0.086537
0.086521
0.086505
0.086489
0.086473
0.086457
0.086441
0.086425
0.086410
0.086394
0.086378
0.086363
0.086348
0.086333
0.086317
0.086302
0.086287
0.086273
0.086258
0.086243
0.086228
0.086214
0.086199
0.086185
0.086171
0.086156
0.086142
0.086128
0.086114
0.086100
0.086086
0.086073
0.086059
0.086045
0.086032
0.086018
0.086005
0.085992
0.085978
0.085965
0.085952
0.085939
0.085926
0.085914
0.085901
0.085888
0.085875
0.085863
0.085850
0.085838
0.085826
0.085813
0.085801
0.085789
0.085777
0.085765
0.085753
0.085741
0.085730
0.085718
0.085706
0.085695
0.085683
0.085672
0.085660
0.085649
0.085638
0.085626
0.085615
0.085604
0.085593
0.085582
0.085571
0.085561
0.085550
0.085539
0.085529
0.085518
0.085508
0.085497
0.085487
0.085476
0.085466
0.085456
0.085446
0.085436
0.085426
0.085416
0.085406
0.085396
0.085386
0.085376
0.085367
0.085357
0.085347
0.085338
0.085328
0.085319
0.085310
0.085300
0.085291
0.085282
0.085273
0.085264
0.085255
0.085347
0.085718
0.086582
0.088407
0.092775
0.357597
0.345088
0.337943
0.369339
0.426963
0.527390
0.664078
0.797058
0.909452
0.998908
1.068010
1.120150
1.158540
1.186240
1.206080
1.220430
1.230960
1.238430
1.242860
1.244000
1.241950
1.237430
1.231390
1.224620
1.217610
1.210550
1.203500
1.196460
1.189420
1.182350
1.175230
1.168060
1.160830
1.153550
1.146220
1.138840
1.131410
1.123940
1.116430
1.108880
1.101300
1.093690
1.086060
1.078400
1.070730
1.063050
1.055350
1.047650
1.039950
1.032250
1.024550
1.016850
1.009170
1.001490
0.993831
0.986184
0.978554
0.970943
0.963353
0.955785
0.948241
0.940724
0.933233
0.925770
0.918338
0.910937
0.903568
0.896233
0.888931
0.881666
0.874436
0.867244
0.860090
0.852975
0.845899
0.838864
0.831870
0.824918
0.818009
0.811142
0.804319
0.797539
0.790804
0.784114
0.777470
0.770871
0.764318
0.757812
0.751353
0.744940
0.738575
0.732258
0.725989
0.719767
0.713594
0.707469
0.701393
0.695366
0.689387
0.683458
0.677577
0.671746
0.665964
0.660231
0.654548
0.648914
0.643329
0.637793
0.632307
0.626870
0.621483
0.616145
0.610855
0.605615
0.600424
0.595281
0.590187
0.585142
0.580146
0.575197
0.570297
0.565445
0.560640
0.555883
0.551174
0.546511
0.541896
0.537327
0.532805
0.528329
0.523900
0.519516
0.515177
0.510884
0.506636
0.502432
0.498273
0.494157
0.490086
0.486058
0.482073
0.478131
0.474232
0.470375
0.466559
0.462785
0.459053
0.455361
0.451710
0.448098
0.444527
0.440995
0.437502
0.434048
0.430632
0.427255
0.423914
0.420612
0.417346
0.414116
0.410923
0.407766
0.404644
0.401557
0.398505
0.395487
0.392504
0.389554
0.386637
0.383753
0.380901
0.378082
0.375295
0.372539
0.369814
0.367120
0.364457
0.361823
0.359219
0.356645
0.354099
0.351582
0.349094
0.346634
0.344201
0.341795
0.339417
0.337065
0.334740
0.332440
0.330167
0.327918
0.325695
0.323497
0.321323
0.319173
0.317047
0.314945
0.312866
0.310810
0.308777
0.306766
0.304777
0.302810
0.300865
0.298941
0.297038
0.295156
0.293294
0.291453
0.289632
0.287830
0.286048
0.284285
0.282541
0.280816
0.279110
0.277422
0.275752
0.274099
0.272465
0.270848
0.269248
0.267665
0.266098
0.264549
0.263015
0.261498
0.259997
0.258511
0.257041
0.255586
0.254147
0.252722
0.251312
0.249917
0.248536
0.247169
0.245817
0.244478
0.243153
0.241842
0.240544
0.239259
0.237987
0.236728
0.235482
0.234249
0.233028
0.231819
0.230622
0.229437
0.228264
0.227103
0.225954
0.224815
0.223688
0.222573
0.221468
0.220374
0.219291
0.218218
0.217156
0.216105
0.215063
0.214032
0.213011
0.211999
0.210998
0.210006
0.209023
0.208050
0.207086
0.206132
0.205187
0.204250
0.203323
0.202404
0.201494
0.200593
0.199700
0.198815
0.197939
0.197071
0.196211
0.195360
0.194516
0.193680
0.192851
0.192031
0.191217
0.190412
0.189614
0.188823
0.188039
0.187263
0.186493
0.185731
0.184975
0.184227
0.183485
0.182750
0.182021
0.181299
0.180583
0.179874
0.179171
0.178475
0.177785
0.177100
0.176422
0.175750
0.175084
0.174423
0.173769
0.173120
0.172477
0.171839
0.171207
0.170581
0.169960
0.169344
0.168734
0.168128
0.167529
0.166934
0.166344
0.165760
0.165180
0.164605
0.164035
0.163471
0.162910
0.162355
0.161804
0.161258
0.160717
0.160180
0.159647
0.159119
0.158595
0.158076
0.157561
0.157050
0.156544
0.156042
0.155544
0.155050
0.154560
0.154074
0.153592
0.153113
0.152639
0.152169
0.151702
0.151240
0.150781
0.150325
0.149874
0.149426
0.148981
0.148541
0.148103
0.147669
0.147239
0.146812
0.146388
0.145968
0.145551
0.145138
0.144727
0.144320
0.143916
0.143516
0.143118
0.142723
0.142332
0.141944
0.141558
0.141176
0.140796
0.140420
0.140046
0.139675
0.139308
0.138943
0.138580
0.138221
0.137864
0.137510
0.137159
0.136810
0.136464
0.136120
0.135780
0.135441
0.135106
0.134772
0.134442
0.134113
0.133788
0.133464
0.133143
0.132825
0.132509
0.132195
0.131883
0.131574
0.131267
0.130962
0.130660
0.130360
0.130062
0.129766
0.129472
0.129181
0.128891
0.128604
0.128319
0.128036
0.127755
0.127476
0.127199
0.126924
0.126651
0.126379
0.126110
0.125843
0.125578
0.125314
0.125053
0.124793
0.124535
0.124279
0.124025
0.123773
0.123522
0.123273
0.123026
0.122781
0.122537
0.122295
0.122055
0.121817
0.121580
0.121345
0.121111
0.120879
0.120649
0.120420
0.120193
0.119967
0.119743
0.119521
0.119300
0.119081
0.118863
0.118646
0.118431
0.118218
0.118006
0.117796
0.117586
0.117379
0.117173
0.116968
0.116764
0.116562
0.116361
0.116162
0.115964
0.115767
0.115572
0.115378
0.115185
0.114994
0.114804
0.114615
0.114427
0.114241
0.114056
0.113872
0.113689
0.113508
0.113328
0.113149
0.112971
0.112794
0.112619
0.112445
0.112271
0.112099
0.111928
0.111759
0.111590
0.111422
0.111256
0.111091
0.110926
0.110763
0.110601
0.110440
0.110280
0.110121
0.109963
0.109806
0.109650
0.109495
0.109341
0.109188
0.109036
0.108886
0.108736
0.108587
0.108439
0.108291
0.108145
0.108000
0.107856
0.107713
0.107570
0.107429
0.107288
0.107148
0.107009
0.106871
0.106734
0.106598
0.106463
0.106328
0.106195
0.106062
0.105930
0.105799
0.105669
0.105539
0.105411
0.105283
0.105156
0.105030
0.104904
0.104780
0.104656
0.104533
0.104410
0.104289
0.104168
0.104048
0.103929
0.103810
0.103692
0.103575
0.103459
0.103343
0.103228
0.103114
0.103001
0.102888
0.102776
0.102664
0.102554
0.102444
0.102334
0.102226
0.102118
0.102010
0.101904
0.101798
0.101692
0.101588
0.101484
0.101380
0.101277
0.101175
0.101074
0.100973
0.100873
0.100773
0.100674
0.100575
0.100477
0.100380
0.100283
0.100187
0.100092
0.099997
0.099902
0.099809
0.099715
0.099623
0.099531
0.099439
0.099348
0.099258
0.099168
0.099078
0.098990
0.098901
0.098813
0.098726
0.098640
0.098553
0.098468
0.098383
0.098298
0.098214
0.098130
0.098047
0.097964
0.097882
0.097801
0.097720
0.097639
0.097559
0.097479
0.097400
0.097321
0.097243
0.097165
0.097087
0.097010
0.096934
0.096858
0.096783
0.096707
0.096633
0.096559
0.096485
0.096411
0.096339
0.096266
0.096194
0.096122
0.096051
0.095980
0.095910
0.095840
0.095770
0.095701
0.095633
0.095564
0.095496
0.095429
0.095362
0.095295
0.095229
0.095163
0.095097
0.095032
0.094967
0.094903
0.094839
0.094775
0.094712
0.094649
0.094586
0.094524
0.094462
0.094401
0.094340
0.094279
0.094219
0.094158
0.094099
0.094039
0.093980
0.093922
0.093863
0.093805
0.093748
0.093690
0.093633
0.093577
0.093520
0.093465
0.093409
0.093354
0.093298
0.093244
0.093189
0.093135
0.093082
0.093028
0.092975
0.092922
0.092870
0.092817
0.092765
0.092714
0.092662
0.092611
0.092561
0.092510
0.092460
0.092410
0.092360
0.092311
0.092262
0.092213
0.092165
0.092117
0.092069
0.092021
0.091974
0.091927
0.091880
0.091833
0.091787
0.091741
0.091695
0.091650
0.091605
0.091560
0.091515
0.091470
0.091426
0.091382
0.091339
0.091295
0.091252
0.091209
0.091166
0.091124
0.091082
0.091040
0.090998
0.090956
0.090915
0.090874
0.090833
0.090793
0.090752
0.090712
0.090672
0.090633
0.090593
0.090554
0.090515
0.090476
0.090438
0.090399
0.090361
0.090323
0.090286
0.090248
0.090211
0.090174
0.090137
0.090101
0.090064
0.090028
0.089992
0.089956
0.089921
0.089885
0.089850
0.089815
0.089780
0.089746
0.089711
0.089677
0.089643
0.089609
0.089576
0.089542
0.089509
0.089476
0.089443
0.089410
0.089378
0.089345
0.089313
0.089281
0.089250
0.089218
0.089187
0.089155
0.089124
0.089093
0.089063
0.089032
0.089002
0.088972
0.088942
0.088912
0.088882
0.088853
0.088823
0.088794
0.088765
0.088736
0.088707
0.088679
0.088650
0.088622
0.088594
0.088566
0.088539
0.088511
0.088484
0.088456
0.088429
0.088402
0.088375
0.088349
0.088322
0.088296
0.088270
0.088244
0.088218
0.088192
0.088166
0.088141
0.088115
0.088090
0.088065
0.088040
0.088016
0.087991
0.087966
0.087942
0.087918
0.087894
0.087870
0.087846
0.087822
0.087799
0.087775
0.087752
0.087729
0.087706
0.087683
0.087660
0.087638
0.087615
0.087593
0.087570
0.087548
0.087526
0.087504
0.087483
0.087461
0.087440
0.087418
0.087397
0.087376
0.087355
0.087334
0.087313
0.087292
0.087272
0.087251
0.087231
0.087211
0.087191
0.087171
0.087151
0.087131
0.087111
0.087092
0.087072
0.087053
0.087034
0.087015
0.086996
0.086977
0.086958
0.086939
0.086921
0.086902
0.086884
0.086866
0.086847
0.086830
0.086811
0.086794
0.086776
0.086758
0.086741
0.086723
0.086706
0.086689
0.086671
0.086654
0.086637
0.086621
0.086604
0.086587
0.086570
0.086554
0.086538
0.086521
0.086505
0.086489
0.086473
0.086457
0.086441
0.086425
0.086410
0.086394
0.086379
0.086363
0.086348
0.086333
0.086318
0.086302
0.086288
0.086273
0.086258
0.086243
0.086228
0.086214
0.086199
0.086185
0.086171
0.086156
0.086142
0.086128
0.086114
0.086100
0.086086
0.086073
0.086059
0.086045
0.086032
0.086018
0.086005
0.085992
0.085979
0.085966
0.085952
0.085939
0.085927
0.085914
0.085901
0.085888
0.085876
0.085863
0.085850
0.085838
0.085826
0.085814
0.085801
0.085789
0.085777
0.085765
0.085753
0.085741
0.085730
0.085718
0.085706
0.085695
0.085683
0.085672
0.085660
0.085649
0.085638
0.085627
0.085615
0.085604
0.085593
0.085582
0.085572
0.085561
0.085550
0.085539
0.085529
0.085518
0.085508
0.085497
0.085487
0.085476
0.085466
0.085456
0.085446
0.085436
0.085426
0.085416
0.085406
0.085396
0.085386
0.085376
0.085367
0.085357
0.085348
0.085338
0.085329
0.085319
0.085310
0.085300
0.085291
0.085282
0.085273
0.085264
0.085255
