9.30712e-08
9.30715e-08
9.30715e-08
9.30715e-08
9.30717e-08
9.30715e-08
9.30658e-08
9.30646e-08
9.30648e-08
9.30653e-08
9.30658e-08
9.30661e-08
9.30666e-08
9.30668e-08
9.30671e-08
9.30675e-08
9.30678e-08
9.3068e-08
9.3068e-08
9.30683e-08
9.30685e-08
9.30685e-08
9.30688e-08
9.30688e-08
9.3069e-08
9.3069e-08
9.3069e-08
9.3069e-08
9.3069e-08
9.3069e-08
9.30688e-08
9.30688e-08
9.30688e-08
9.30688e-08
9.30685e-08
9.30685e-08
9.30683e-08
9.30683e-08
9.3068e-08
9.3068e-08
9.30678e-08
9.30678e-08
9.30675e-08
9.30675e-08
9.30673e-08
9.30671e-08
9.30671e-08
9.30668e-08
9.30666e-08
9.30666e-08
9.30663e-08
9.30661e-08
9.30661e-08
9.30658e-08
9.30656e-08
9.30653e-08
9.30653e-08
9.30651e-08
9.30648e-08
9.30646e-08
9.30643e-08
9.30643e-08
9.30641e-08
9.30639e-08
9.30636e-08
9.30634e-08
9.30634e-08
9.30631e-08
9.30629e-08
9.30626e-08
9.30624e-08
9.30624e-08
9.30621e-08
9.30619e-08
9.30616e-08
9.30614e-08
9.30614e-08
9.30611e-08
9.30609e-08
9.30607e-08
9.30604e-08
9.30604e-08
9.30602e-08
9.30599e-08
9.30597e-08
9.30594e-08
9.30594e-08
9.30592e-08
9.30589e-08
9.30587e-08
9.30584e-08
9.30584e-08
9.30582e-08
9.30579e-08
9.30577e-08
9.30577e-08
9.30575e-08
9.30572e-08
9.3057e-08
9.3057e-08
9.30567e-08
9.30565e-08
9.30562e-08
9.30562e-08
9.3056e-08
9.30557e-08
9.30557e-08
9.30555e-08
9.30552e-08
9.3055e-08
9.3055e-08
9.30547e-08
9.30545e-08
9.30545e-08
9.30543e-08
9.3054e-08
9.3054e-08
9.30538e-08
9.30535e-08
9.30535e-08
9.30533e-08
9.3053e-08
9.3053e-08
9.30528e-08
9.30525e-08
9.30525e-08
9.30523e-08
9.30523e-08
9.3052e-08
9.30518e-08
9.30518e-08
9.30515e-08
9.30515e-08
9.30513e-08
9.30511e-08
9.30511e-08
9.30508e-08
9.30508e-08
9.30506e-08
9.30506e-08
9.30503e-08
9.30503e-08
9.30501e-08
9.30498e-08
9.30498e-08
9.30496e-08
9.30496e-08
9.30493e-08
9.30493e-08
9.30491e-08
9.30491e-08
9.30488e-08
9.30488e-08
9.30486e-08
9.30486e-08
9.30483e-08
9.30483e-08
9.30481e-08
9.30481e-08
9.30479e-08
9.30479e-08
9.30479e-08
9.30476e-08
9.30476e-08
9.30474e-08
9.30474e-08
9.30471e-08
9.30471e-08
9.30471e-08
9.30469e-08
9.30469e-08
9.30466e-08
9.30466e-08
9.30466e-08
9.30464e-08
9.30464e-08
9.30461e-08
9.30461e-08
9.30461e-08
9.30459e-08
9.30459e-08
9.30459e-08
9.30456e-08
9.30456e-08
9.30454e-08
9.30454e-08
9.30454e-08
9.30451e-08
9.30451e-08
9.30451e-08
9.30449e-08
9.30449e-08
9.30449e-08
9.30449e-08
9.30447e-08
9.30447e-08
9.30447e-08
9.30444e-08
9.30444e-08
9.30444e-08
9.30442e-08
9.30442e-08
9.30442e-08
9.30442e-08
9.30439e-08
9.30439e-08
9.30439e-08
9.30439e-08
9.30437e-08
9.30437e-08
9.30437e-08
9.30437e-08
9.30434e-08
9.30434e-08
9.30434e-08
9.30434e-08
9.30432e-08
9.30432e-08
9.30432e-08
9.30432e-08
9.30432e-08
9.30429e-08
9.30429e-08
9.30429e-08
9.30429e-08
9.30429e-08
9.30427e-08
9.30427e-08
9.30427e-08
9.30427e-08
9.30427e-08
9.30427e-08
9.30424e-08
9.30424e-08
9.30424e-08
9.30424e-08
9.30424e-08
9.30424e-08
9.30422e-08
9.30422e-08
9.30422e-08
9.30422e-08
9.30422e-08
9.30422e-08
9.30422e-08
9.30419e-08
9.30419e-08
9.30419e-08
9.30419e-08
9.30419e-08
9.30419e-08
9.30419e-08
9.30419e-08
9.30417e-08
9.30417e-08
9.30417e-08
9.30417e-08
9.30417e-08
9.30417e-08
9.30417e-08
9.30417e-08
9.30417e-08
9.30417e-08
9.30417e-08
9.30415e-08
9.30415e-08
9.30415e-08
9.30415e-08
9.30415e-08
9.30415e-08
9.30415e-08
9.30415e-08
9.30415e-08
9.30415e-08
9.30415e-08
9.30415e-08
9.30415e-08
9.30415e-08
9.30415e-08
9.30415e-08
9.30412e-08
9.30412e-08
9.30412e-08
9.30412e-08
9.30412e-08
9.30412e-08
9.30412e-08
9.30412e-08
9.30412e-08
9.30412e-08
9.30412e-08
9.30412e-08
9.30412e-08
9.30412e-08
9.30412e-08
9.30412e-08
9.30412e-08
9.30412e-08
9.30412e-08
9.30412e-08
9.30412e-08
9.30412e-08
9.30412e-08
9.30412e-08
9.30412e-08
9.30412e-08
9.30412e-08
9.30412e-08
9.30412e-08
9.30412e-08
9.30412e-08
9.30412e-08
9.30412e-08
9.30412e-08
9.30412e-08
9.30412e-08
9.30412e-08
9.30412e-08
9.30412e-08
9.30412e-08
9.30412e-08
9.30412e-08
9.30412e-08
9.30412e-08
9.30412e-08
9.30412e-08
9.30412e-08
9.30412e-08
9.30412e-08
9.30412e-08
9.30415e-08
9.30415e-08
9.30415e-08
9.30415e-08
9.30415e-08
9.30415e-08
9.30415e-08
9.30415e-08
9.30415e-08
9.30415e-08
9.30415e-08
9.30415e-08
9.30415e-08
9.30415e-08
9.30415e-08
9.30415e-08
9.30415e-08
9.30415e-08
9.30415e-08
9.30415e-08
9.30417e-08
9.30417e-08
9.30417e-08
9.30417e-08
9.30417e-08
9.30417e-08
9.30417e-08
9.30417e-08
9.30417e-08
9.30417e-08
9.30417e-08
9.30417e-08
9.30417e-08
9.30417e-08
9.30419e-08
9.30419e-08
9.30419e-08
9.30419e-08
9.30419e-08
9.30419e-08
9.30419e-08
9.30419e-08
9.30419e-08
9.30419e-08
9.30419e-08
9.30422e-08
9.30422e-08
9.30422e-08
9.30422e-08
9.30422e-08
9.30422e-08
9.30422e-08
9.30422e-08
9.30422e-08
9.30422e-08
9.30422e-08
9.30424e-08
9.30424e-08
9.30424e-08
9.30424e-08
9.30424e-08
9.30424e-08
9.30424e-08
9.30424e-08
9.30424e-08
9.30424e-08
9.30427e-08
9.30427e-08
9.30427e-08
9.30427e-08
9.30427e-08
9.30427e-08
9.30427e-08
9.30427e-08
9.30429e-08
9.30429e-08
9.30429e-08
9.30429e-08
9.30429e-08
9.30429e-08
9.30429e-08
9.30429e-08
9.30429e-08
9.30432e-08
9.30432e-08
9.30432e-08
9.30432e-08
9.30432e-08
9.30432e-08
9.30432e-08
9.30432e-08
9.30434e-08
9.30434e-08
9.30434e-08
9.30434e-08
9.30434e-08
9.30434e-08
9.30434e-08
9.30434e-08
9.30437e-08
9.30437e-08
9.30437e-08
9.30437e-08
9.30437e-08
9.30437e-08
9.30437e-08
9.30439e-08
9.30439e-08
9.30439e-08
9.30439e-08
9.30439e-08
9.30439e-08
9.30439e-08
9.30439e-08
9.30442e-08
9.30442e-08
9.30442e-08
9.30442e-08
9.30442e-08
9.30442e-08
9.30442e-08
9.30444e-08
9.30444e-08
9.30444e-08
9.30444e-08
9.30444e-08
9.30444e-08
9.30447e-08
9.30447e-08
9.30447e-08
9.30447e-08
9.30447e-08
9.30447e-08
9.30447e-08
9.30449e-08
9.30449e-08
9.30449e-08
9.30449e-08
9.30449e-08
9.30449e-08
9.30449e-08
9.30451e-08
9.30451e-08
9.30451e-08
9.30451e-08
9.30451e-08
9.30451e-08
9.30454e-08
9.30454e-08
9.30454e-08
9.30454e-08
9.30454e-08
9.30454e-08
9.30456e-08
9.30456e-08
9.30456e-08
9.30456e-08
9.30456e-08
9.30456e-08
9.30456e-08
9.30459e-08
9.30459e-08
9.30459e-08
9.30459e-08
9.30459e-08
9.30459e-08
9.30461e-08
9.30461e-08
9.30461e-08
9.30461e-08
9.30461e-08
9.30461e-08
9.30464e-08
9.30464e-08
9.30464e-08
9.30464e-08
9.30464e-08
9.30464e-08
9.30466e-08
9.30466e-08
9.30466e-08
9.30466e-08
9.30466e-08
9.30466e-08
9.30469e-08
9.30469e-08
9.30469e-08
9.30469e-08
9.30469e-08
9.30469e-08
9.30471e-08
9.30471e-08
9.30471e-08
9.30471e-08
9.30471e-08
9.30474e-08
9.30474e-08
9.30474e-08
9.30474e-08
9.30474e-08
9.30474e-08
9.30476e-08
9.30476e-08
9.30476e-08
9.30476e-08
9.30476e-08
9.30476e-08
9.30479e-08
9.30479e-08
9.30479e-08
9.30479e-08
9.30479e-08
9.30481e-08
9.30481e-08
9.30481e-08
9.30481e-08
9.30481e-08
9.30481e-08
9.30483e-08
9.30483e-08
9.30483e-08
9.30483e-08
9.30483e-08
9.30486e-08
9.30486e-08
9.30486e-08
9.30486e-08
9.30486e-08
9.30486e-08
9.30488e-08
9.30488e-08
9.30488e-08
9.30488e-08
9.30488e-08
9.30491e-08
9.30491e-08
9.30491e-08
9.30491e-08
9.30491e-08
9.30491e-08
9.30493e-08
9.30493e-08
9.30493e-08
9.30493e-08
9.30493e-08
9.30496e-08
9.30496e-08
9.30496e-08
9.30496e-08
9.30496e-08
9.30498e-08
9.30498e-08
9.30498e-08
9.30498e-08
9.30498e-08
9.30498e-08
9.30501e-08
9.30501e-08
9.30501e-08
9.30501e-08
9.30501e-08
9.30503e-08
9.30503e-08
9.30503e-08
9.30503e-08
9.30503e-08
9.30506e-08
9.30506e-08
9.30506e-08
9.30506e-08
9.30506e-08
9.30508e-08
9.30508e-08
9.30508e-08
9.30508e-08
9.30508e-08
9.30508e-08
9.30511e-08
9.30511e-08
9.30511e-08
9.30511e-08
9.30511e-08
9.30513e-08
9.30513e-08
9.30513e-08
9.30513e-08
9.30513e-08
9.30515e-08
9.30515e-08
9.30515e-08
9.30515e-08
9.30515e-08
9.30518e-08
9.30518e-08
9.30518e-08
9.30518e-08
9.30518e-08
9.3052e-08
9.3052e-08
9.3052e-08
9.3052e-08
9.3052e-08
9.30523e-08
9.30523e-08
9.30523e-08
9.30523e-08
9.30523e-08
9.30525e-08
9.30525e-08
9.30525e-08
9.30525e-08
9.30525e-08
9.30528e-08
9.30528e-08
9.30528e-08
9.30528e-08
9.30528e-08
9.3053e-08
9.3053e-08
9.3053e-08
9.3053e-08
9.3053e-08
9.30533e-08
9.30533e-08
9.30533e-08
9.30533e-08
9.30533e-08
9.30535e-08
9.30535e-08
9.30535e-08
9.30535e-08
9.30535e-08
9.30538e-08
9.30538e-08
9.30538e-08
9.30538e-08
9.30538e-08
9.3054e-08
9.3054e-08
9.3054e-08
9.3054e-08
9.3054e-08
9.30543e-08
9.30543e-08
9.30543e-08
9.30543e-08
9.30543e-08
9.30545e-08
9.30545e-08
9.30545e-08
9.30545e-08
9.30545e-08
9.30547e-08
9.30547e-08
9.30547e-08
9.30547e-08
9.30547e-08
9.3055e-08
9.3055e-08
9.3055e-08
9.3055e-08
9.3055e-08
9.30552e-08
9.30552e-08
9.30552e-08
9.30552e-08
9.30552e-08
9.30555e-08
9.30555e-08
9.30555e-08
9.30555e-08
9.30555e-08
9.30557e-08
9.30557e-08
9.30557e-08
9.30557e-08
9.3056e-08
9.3056e-08
9.3056e-08
9.3056e-08
9.3056e-08
9.30562e-08
9.30562e-08
9.30562e-08
9.30562e-08
9.30562e-08
9.30565e-08
9.30565e-08
9.30565e-08
9.30565e-08
9.30565e-08
9.30567e-08
9.30567e-08
9.30567e-08
9.30567e-08
9.30567e-08
9.3057e-08
9.3057e-08
9.3057e-08
9.3057e-08
9.3057e-08
9.30572e-08
9.30572e-08
9.30572e-08
9.30572e-08
9.30575e-08
9.30575e-08
9.30575e-08
9.30575e-08
9.30575e-08
9.30577e-08
9.30577e-08
9.30577e-08
9.30577e-08
9.30577e-08
9.30579e-08
9.30579e-08
9.30579e-08
9.30579e-08
9.30579e-08
9.30582e-08
9.30582e-08
9.30582e-08
9.30582e-08
9.30582e-08
9.30584e-08
9.30584e-08
9.30584e-08
9.30584e-08
9.30587e-08
9.30587e-08
9.30587e-08
9.30587e-08
9.30587e-08
9.30589e-08
9.30589e-08
9.30589e-08
9.30589e-08
9.30589e-08
9.30592e-08
9.30592e-08
9.30592e-08
9.30592e-08
9.30592e-08
9.30594e-08
9.30594e-08
9.30594e-08
9.30594e-08
9.30597e-08
9.30597e-08
9.30597e-08
9.30597e-08
9.30597e-08
9.30599e-08
9.30599e-08
9.30599e-08
9.30599e-08
9.30599e-08
9.30602e-08
9.30602e-08
9.30602e-08
9.30602e-08
9.30602e-08
9.30604e-08
9.30604e-08
9.30604e-08
9.30604e-08
9.30607e-08
9.30607e-08
9.30607e-08
9.30607e-08
9.30607e-08
9.30609e-08
9.30609e-08
9.30609e-08
9.30609e-08
9.30609e-08
9.30611e-08
9.30611e-08
9.30611e-08
9.30611e-08
9.30614e-08
9.30614e-08
9.30614e-08
9.30614e-08
9.30614e-08
9.30616e-08
9.30616e-08
9.30616e-08
9.30616e-08
9.30616e-08
9.30619e-08
9.30619e-08
9.30619e-08
9.30619e-08
9.30621e-08
9.30621e-08
9.30621e-08
9.30621e-08
9.30621e-08
9.30624e-08
9.30624e-08
9.30624e-08
9.30624e-08
9.30624e-08
9.30626e-08
9.30626e-08
9.30626e-08
9.30626e-08
9.30629e-08
9.30629e-08
9.30629e-08
9.30629e-08
9.30629e-08
9.30631e-08
9.30631e-08
9.30631e-08
9.30631e-08
9.30631e-08
9.30634e-08
9.30634e-08
9.30634e-08
9.30634e-08
9.30636e-08
9.30636e-08
9.30636e-08
9.30636e-08
9.30636e-08
9.30639e-08
9.30639e-08
9.30639e-08
9.30639e-08
9.30639e-08
9.30641e-08
9.30641e-08
9.30641e-08
9.30641e-08
9.30643e-08
9.30643e-08
9.30643e-08
9.30643e-08
9.30643e-08
9.30646e-08
9.30646e-08
9.30646e-08
9.30646e-08
9.30646e-08
9.30648e-08
9.30648e-08
9.30648e-08
9.30648e-08
9.30651e-08
9.30651e-08
9.30651e-08
9.30651e-08
9.30651e-08
9.30653e-08
9.30653e-08
9.30653e-08
9.30653e-08
9.30653e-08
9.30656e-08
9.30656e-08
9.30656e-08
9.30656e-08
9.30658e-08
9.30658e-08
9.30658e-08
9.30658e-08
9.30658e-08
9.30661e-08
9.30661e-08
9.30661e-08
9.30661e-08
9.30661e-08
9.30663e-08
9.30663e-08
9.30663e-08
9.30663e-08
9.30666e-08
9.30666e-08
9.30666e-08
9.30666e-08
9.30666e-08
9.30668e-08
9.30668e-08
9.30668e-08
9.30668e-08
9.30671e-08
9.30671e-08
9.30671e-08
9.30671e-08
9.30671e-08
9.30673e-08
9.30673e-08
9.30673e-08
9.30673e-08
9.30673e-08
9.30675e-08
9.30675e-08
9.30675e-08
9.30675e-08
9.30678e-08
9.30678e-08
9.30678e-08
9.30678e-08
9.30678e-08
9.3068e-08
9.3068e-08
9.3068e-08
9.3068e-08
9.3068e-08
9.30683e-08
9.30683e-08
9.30683e-08
9.30683e-08
9.30685e-08
9.30685e-08
9.30685e-08
9.30685e-08
9.30685e-08
9.30688e-08
9.30688e-08
9.30688e-08
9.30688e-08
9.3069e-08
9.3069e-08
9.3069e-08
9.3069e-08
9.3069e-08
9.30693e-08
9.30693e-08
9.30693e-08
9.30693e-08
9.30693e-08
9.30695e-08
9.30695e-08
9.30695e-08
9.30695e-08
9.30698e-08
9.30698e-08
9.30698e-08
9.30698e-08
9.30698e-08
9.307e-08
9.307e-08
9.307e-08
9.307e-08
9.30703e-08
9.30703e-08
9.30703e-08
9.30703e-08
9.30703e-08
9.30705e-08
9.30705e-08
9.30705e-08
9.30705e-08
9.30705e-08
9.30707e-08
9.30707e-08
9.30707e-08
9.30707e-08
9.3071e-08
9.3071e-08
9.3071e-08
9.3071e-08
9.3071e-08
9.30712e-08
9.30712e-08
9.30712e-08
9.30712e-08
9.30715e-08
9.30715e-08
9.30715e-08
9.30717e-08
9.30715e-08
9.30658e-08
9.30646e-08
9.30648e-08
9.30653e-08
9.30658e-08
9.30661e-08
9.30666e-08
9.30668e-08
9.30671e-08
9.30673e-08
9.30678e-08
9.3068e-08
9.3068e-08
9.30683e-08
9.30685e-08
9.30685e-08
9.30688e-08
9.30688e-08
9.30688e-08
9.3069e-08
9.3069e-08
9.3069e-08
9.3069e-08
9.3069e-08
9.30688e-08
9.30688e-08
9.30688e-08
9.30685e-08
9.30685e-08
9.30685e-08
9.30683e-08
9.30683e-08
9.3068e-08
9.3068e-08
9.30678e-08
9.30678e-08
9.30675e-08
9.30675e-08
9.30673e-08
9.30671e-08
9.30671e-08
9.30668e-08
9.30666e-08
9.30666e-08
9.30663e-08
9.30661e-08
9.30658e-08
9.30658e-08
9.30656e-08
9.30653e-08
9.30651e-08
9.30651e-08
9.30648e-08
9.30646e-08
9.30643e-08
9.30643e-08
9.30641e-08
9.30639e-08
9.30636e-08
9.30634e-08
9.30634e-08
9.30631e-08
9.30629e-08
9.30626e-08
9.30624e-08
9.30624e-08
9.30621e-08
9.30619e-08
9.30616e-08
9.30614e-08
9.30611e-08
9.30611e-08
9.30609e-08
9.30607e-08
9.30604e-08
9.30602e-08
9.30602e-08
9.30599e-08
9.30597e-08
9.30594e-08
9.30592e-08
9.30592e-08
9.30589e-08
9.30587e-08
9.30584e-08
9.30584e-08
9.30582e-08
9.30579e-08
9.30577e-08
9.30577e-08
9.30575e-08
9.30572e-08
9.3057e-08
9.3057e-08
9.30567e-08
9.30565e-08
9.30562e-08
9.30562e-08
9.3056e-08
9.30557e-08
9.30555e-08
9.30555e-08
9.30552e-08
9.3055e-08
9.3055e-08
9.30547e-08
9.30545e-08
9.30545e-08
9.30543e-08
9.3054e-08
9.3054e-08
9.30538e-08
9.30535e-08
9.30535e-08
9.30533e-08
9.3053e-08
9.3053e-08
9.30528e-08
9.30525e-08
9.30525e-08
9.30523e-08
9.30523e-08
9.3052e-08
9.30518e-08
9.30518e-08
9.30515e-08
9.30515e-08
9.30513e-08
9.30511e-08
9.30511e-08
9.30508e-08
9.30508e-08
9.30506e-08
9.30506e-08
9.30503e-08
9.30501e-08
9.30501e-08
9.30498e-08
9.30498e-08
9.30496e-08
9.30496e-08
9.30493e-08
9.30493e-08
9.30491e-08
9.30491e-08
9.30488e-08
9.30488e-08
9.30486e-08
9.30486e-08
9.30483e-08
9.30483e-08
9.30481e-08
9.30481e-08
9.30479e-08
9.30479e-08
9.30479e-08
9.30476e-08
9.30476e-08
9.30474e-08
9.30474e-08
9.30471e-08
9.30471e-08
9.30469e-08
9.30469e-08
9.30469e-08
9.30466e-08
9.30466e-08
9.30464e-08
9.30464e-08
9.30464e-08
9.30461e-08
9.30461e-08
9.30461e-08
9.30459e-08
9.30459e-08
9.30456e-08
9.30456e-08
9.30456e-08
9.30454e-08
9.30454e-08
9.30454e-08
9.30451e-08
9.30451e-08
9.30451e-08
9.30449e-08
9.30449e-08
9.30449e-08
9.30447e-08
9.30447e-08
9.30447e-08
9.30447e-08
9.30444e-08
9.30444e-08
9.30444e-08
9.30442e-08
9.30442e-08
9.30442e-08
9.30442e-08
9.30439e-08
9.30439e-08
9.30439e-08
9.30439e-08
9.30437e-08
9.30437e-08
9.30437e-08
9.30437e-08
9.30434e-08
9.30434e-08
9.30434e-08
9.30434e-08
9.30432e-08
9.30432e-08
9.30432e-08
9.30432e-08
9.30432e-08
9.30429e-08
9.30429e-08
9.30429e-08
9.30429e-08
9.30429e-08
9.30427e-08
9.30427e-08
9.30427e-08
9.30427e-08
9.30427e-08
9.30424e-08
9.30424e-08
9.30424e-08
9.30424e-08
9.30424e-08
9.30424e-08
9.30422e-08
9.30422e-08
9.30422e-08
9.30422e-08
9.30422e-08
9.30422e-08
9.30422e-08
9.30419e-08
9.30419e-08
9.30419e-08
9.30419e-08
9.30419e-08
9.30419e-08
9.30419e-08
9.30419e-08
9.30419e-08
9.30417e-08
9.30417e-08
9.30417e-08
9.30417e-08
9.30417e-08
9.30417e-08
9.30417e-08
9.30417e-08
9.30417e-08
9.30417e-08
9.30415e-08
9.30415e-08
9.30415e-08
9.30415e-08
9.30415e-08
9.30415e-08
9.30415e-08
9.30415e-08
9.30415e-08
9.30415e-08
9.30415e-08
9.30415e-08
9.30415e-08
9.30415e-08
9.30415e-08
9.30412e-08
9.30412e-08
9.30412e-08
9.30412e-08
9.30412e-08
9.30412e-08
9.30412e-08
9.30412e-08
9.30412e-08
9.30412e-08
9.30412e-08
9.30412e-08
9.30412e-08
9.30412e-08
9.30412e-08
9.30412e-08
9.30412e-08
9.30412e-08
9.30412e-08
9.30412e-08
9.30412e-08
9.30412e-08
9.30412e-08
9.30412e-08
9.30412e-08
9.30412e-08
9.30412e-08
9.30412e-08
9.30412e-08
9.30412e-08
9.30412e-08
9.30412e-08
9.30412e-08
9.30412e-08
9.30412e-08
9.30412e-08
9.30412e-08
9.30412e-08
9.30412e-08
9.30412e-08
9.30412e-08
9.30412e-08
9.30412e-08
9.30412e-08
9.30412e-08
9.30412e-08
9.30412e-08
9.30412e-08
9.30412e-08
9.30412e-08
9.30412e-08
9.30412e-08
9.30412e-08
9.30412e-08
9.30415e-08
9.30415e-08
9.30415e-08
9.30415e-08
9.30415e-08
9.30415e-08
9.30415e-08
9.30415e-08
9.30415e-08
9.30415e-08
9.30415e-08
9.30415e-08
9.30415e-08
9.30415e-08
9.30415e-08
9.30415e-08
9.30415e-08
9.30415e-08
9.30415e-08
9.30417e-08
9.30417e-08
9.30417e-08
9.30417e-08
9.30417e-08
9.30417e-08
9.30417e-08
9.30417e-08
9.30417e-08
9.30417e-08
9.30417e-08
9.30417e-08
9.30417e-08
9.30417e-08
9.30419e-08
9.30419e-08
9.30419e-08
9.30419e-08
9.30419e-08
9.30419e-08
9.30419e-08
9.30419e-08
9.30419e-08
9.30419e-08
9.30419e-08
9.30422e-08
9.30422e-08
9.30422e-08
9.30422e-08
9.30422e-08
9.30422e-08
9.30422e-08
9.30422e-08
9.30422e-08
9.30422e-08
9.30422e-08
9.30424e-08
9.30424e-08
9.30424e-08
9.30424e-08
9.30424e-08
9.30424e-08
9.30424e-08
9.30424e-08
9.30424e-08
9.30427e-08
9.30427e-08
9.30427e-08
9.30427e-08
9.30427e-08
9.30427e-08
9.30427e-08
9.30427e-08
9.30427e-08
9.30429e-08
9.30429e-08
9.30429e-08
9.30429e-08
9.30429e-08
9.30429e-08
9.30429e-08
9.30429e-08
9.30429e-08
9.30432e-08
9.30432e-08
9.30432e-08
9.30432e-08
9.30432e-08
9.30432e-08
9.30432e-08
9.30432e-08
9.30434e-08
9.30434e-08
9.30434e-08
9.30434e-08
9.30434e-08
9.30434e-08
9.30434e-08
9.30437e-08
9.30437e-08
9.30437e-08
9.30437e-08
9.30437e-08
9.30437e-08
9.30437e-08
9.30437e-08
9.30439e-08
9.30439e-08
9.30439e-08
9.30439e-08
9.30439e-08
9.30439e-08
9.30439e-08
9.30442e-08
9.30442e-08
9.30442e-08
9.30442e-08
9.30442e-08
9.30442e-08
9.30442e-08
9.30444e-08
9.30444e-08
9.30444e-08
9.30444e-08
9.30444e-08
9.30444e-08
9.30444e-08
9.30447e-08
9.30447e-08
9.30447e-08
9.30447e-08
9.30447e-08
9.30447e-08
9.30447e-08
9.30449e-08
9.30449e-08
9.30449e-08
9.30449e-08
9.30449e-08
9.30449e-08
9.30451e-08
9.30451e-08
9.30451e-08
9.30451e-08
9.30451e-08
9.30451e-08
9.30451e-08
9.30454e-08
9.30454e-08
9.30454e-08
9.30454e-08
9.30454e-08
9.30454e-08
9.30456e-08
9.30456e-08
9.30456e-08
9.30456e-08
9.30456e-08
9.30456e-08
9.30459e-08
9.30459e-08
9.30459e-08
9.30459e-08
9.30459e-08
9.30459e-08
9.30461e-08
9.30461e-08
9.30461e-08
9.30461e-08
9.30461e-08
9.30461e-08
9.30464e-08
9.30464e-08
9.30464e-08
9.30464e-08
9.30464e-08
9.30464e-08
9.30466e-08
9.30466e-08
9.30466e-08
9.30466e-08
9.30466e-08
9.30466e-08
9.30469e-08
9.30469e-08
9.30469e-08
9.30469e-08
9.30469e-08
9.30469e-08
9.30471e-08
9.30471e-08
9.30471e-08
9.30471e-08
9.30471e-08
9.30471e-08
9.30474e-08
9.30474e-08
9.30474e-08
9.30474e-08
9.30474e-08
9.30476e-08
9.30476e-08
9.30476e-08
9.30476e-08
9.30476e-08
9.30476e-08
9.30479e-08
9.30479e-08
9.30479e-08
9.30479e-08
9.30479e-08
9.30479e-08
9.30481e-08
9.30481e-08
9.30481e-08
9.30481e-08
9.30481e-08
9.30483e-08
9.30483e-08
9.30483e-08
9.30483e-08
9.30483e-08
9.30483e-08
9.30486e-08
9.30486e-08
9.30486e-08
9.30486e-08
9.30486e-08
9.30488e-08
9.30488e-08
9.30488e-08
9.30488e-08
9.30488e-08
9.30488e-08
9.30491e-08
9.30491e-08
9.30491e-08
9.30491e-08
9.30491e-08
9.30493e-08
9.30493e-08
9.30493e-08
9.30493e-08
9.30493e-08
9.30496e-08
9.30496e-08
9.30496e-08
9.30496e-08
9.30496e-08
9.30496e-08
9.30498e-08
9.30498e-08
9.30498e-08
9.30498e-08
9.30498e-08
9.30501e-08
9.30501e-08
9.30501e-08
9.30501e-08
9.30501e-08
9.30503e-08
9.30503e-08
9.30503e-08
9.30503e-08
9.30503e-08
9.30503e-08
9.30506e-08
9.30506e-08
9.30506e-08
9.30506e-08
9.30506e-08
9.30508e-08
9.30508e-08
9.30508e-08
9.30508e-08
9.30508e-08
9.30511e-08
9.30511e-08
9.30511e-08
9.30511e-08
9.30511e-08
9.30513e-08
9.30513e-08
9.30513e-08
9.30513e-08
9.30513e-08
9.30515e-08
9.30515e-08
9.30515e-08
9.30515e-08
9.30515e-08
9.30518e-08
9.30518e-08
9.30518e-08
9.30518e-08
9.30518e-08
9.3052e-08
9.3052e-08
9.3052e-08
9.3052e-08
9.3052e-08
9.3052e-08
9.30523e-08
9.30523e-08
9.30523e-08
9.30523e-08
9.30523e-08
9.30525e-08
9.30525e-08
9.30525e-08
9.30525e-08
9.30525e-08
9.30528e-08
9.30528e-08
9.30528e-08
9.30528e-08
9.30528e-08
9.3053e-08
9.3053e-08
9.3053e-08
9.3053e-08
9.3053e-08
9.30533e-08
9.30533e-08
9.30533e-08
9.30533e-08
9.30533e-08
9.30535e-08
9.30535e-08
9.30535e-08
9.30535e-08
9.30535e-08
9.30538e-08
9.30538e-08
9.30538e-08
9.30538e-08
9.30538e-08
9.3054e-08
9.3054e-08
9.3054e-08
9.3054e-08
9.3054e-08
9.30543e-08
9.30543e-08
9.30543e-08
9.30543e-08
9.30545e-08
9.30545e-08
9.30545e-08
9.30545e-08
9.30545e-08
9.30547e-08
9.30547e-08
9.30547e-08
9.30547e-08
9.30547e-08
9.3055e-08
9.3055e-08
9.3055e-08
9.3055e-08
9.3055e-08
9.30552e-08
9.30552e-08
9.30552e-08
9.30552e-08
9.30552e-08
9.30555e-08
9.30555e-08
9.30555e-08
9.30555e-08
9.30555e-08
9.30557e-08
9.30557e-08
9.30557e-08
9.30557e-08
9.30557e-08
9.3056e-08
9.3056e-08
9.3056e-08
9.3056e-08
9.3056e-08
9.30562e-08
9.30562e-08
9.30562e-08
9.30562e-08
9.30562e-08
9.30565e-08
9.30565e-08
9.30565e-08
9.30565e-08
9.30567e-08
9.30567e-08
9.30567e-08
9.30567e-08
9.30567e-08
9.3057e-08
9.3057e-08
9.3057e-08
9.3057e-08
9.3057e-08
9.30572e-08
9.30572e-08
9.30572e-08
9.30572e-08
9.30572e-08
9.30575e-08
9.30575e-08
9.30575e-08
9.30575e-08
9.30575e-08
9.30577e-08
9.30577e-08
9.30577e-08
9.30577e-08
9.30579e-08
9.30579e-08
9.30579e-08
9.30579e-08
9.30579e-08
9.30582e-08
9.30582e-08
9.30582e-08
9.30582e-08
9.30582e-08
9.30584e-08
9.30584e-08
9.30584e-08
9.30584e-08
9.30584e-08
9.30587e-08
9.30587e-08
9.30587e-08
9.30587e-08
9.30589e-08
9.30589e-08
9.30589e-08
9.30589e-08
9.30589e-08
9.30592e-08
9.30592e-08
9.30592e-08
9.30592e-08
9.30592e-08
9.30594e-08
9.30594e-08
9.30594e-08
9.30594e-08
9.30594e-08
9.30597e-08
9.30597e-08
9.30597e-08
9.30597e-08
9.30599e-08
9.30599e-08
9.30599e-08
9.30599e-08
9.30599e-08
9.30602e-08
9.30602e-08
9.30602e-08
9.30602e-08
9.30602e-08
9.30604e-08
9.30604e-08
9.30604e-08
9.30604e-08
9.30604e-08
9.30607e-08
9.30607e-08
9.30607e-08
9.30607e-08
9.30609e-08
9.30609e-08
9.30609e-08
9.30609e-08
9.30609e-08
9.30611e-08
9.30611e-08
9.30611e-08
9.30611e-08
9.30611e-08
9.30614e-08
9.30614e-08
9.30614e-08
9.30614e-08
9.30616e-08
9.30616e-08
9.30616e-08
9.30616e-08
9.30616e-08
9.30619e-08
9.30619e-08
9.30619e-08
9.30619e-08
9.30619e-08
9.30621e-08
9.30621e-08
9.30621e-08
9.30621e-08
9.30624e-08
9.30624e-08
9.30624e-08
9.30624e-08
9.30624e-08
9.30626e-08
9.30626e-08
9.30626e-08
9.30626e-08
9.30626e-08
9.30629e-08
9.30629e-08
9.30629e-08
9.30629e-08
9.30629e-08
9.30631e-08
9.30631e-08
9.30631e-08
9.30631e-08
9.30634e-08
9.30634e-08
9.30634e-08
9.30634e-08
9.30634e-08
9.30636e-08
9.30636e-08
9.30636e-08
9.30636e-08
9.30636e-08
9.30639e-08
9.30639e-08
9.30639e-08
9.30639e-08
9.30641e-08
9.30641e-08
9.30641e-08
9.30641e-08
9.30641e-08
9.30643e-08
9.30643e-08
9.30643e-08
9.30643e-08
9.30646e-08
9.30646e-08
9.30646e-08
9.30646e-08
9.30646e-08
9.30648e-08
9.30648e-08
9.30648e-08
9.30648e-08
9.30648e-08
9.30651e-08
9.30651e-08
9.30651e-08
9.30651e-08
9.30653e-08
9.30653e-08
9.30653e-08
9.30653e-08
9.30653e-08
9.30656e-08
9.30656e-08
9.30656e-08
9.30656e-08
9.30656e-08
9.30658e-08
9.30658e-08
9.30658e-08
9.30658e-08
9.30661e-08
9.30661e-08
9.30661e-08
9.30661e-08
9.30661e-08
9.30663e-08
9.30663e-08
9.30663e-08
9.30663e-08
9.30663e-08
9.30666e-08
9.30666e-08
9.30666e-08
9.30666e-08
9.30668e-08
9.30668e-08
9.30668e-08
9.30668e-08
9.30668e-08
9.30671e-08
9.30671e-08
9.30671e-08
9.30671e-08
9.30673e-08
9.30673e-08
9.30673e-08
9.30673e-08
9.30673e-08
9.30675e-08
9.30675e-08
9.30675e-08
9.30675e-08
9.30675e-08
9.30678e-08
9.30678e-08
9.30678e-08
9.30678e-08
9.3068e-08
9.3068e-08
9.3068e-08
9.3068e-08
9.3068e-08
9.30683e-08
9.30683e-08
9.30683e-08
9.30683e-08
9.30683e-08
9.30685e-08
9.30685e-08
9.30685e-08
9.30685e-08
9.30688e-08
9.30688e-08
9.30688e-08
9.30688e-08
9.30688e-08
9.3069e-08
9.3069e-08
9.3069e-08
9.3069e-08
9.30693e-08
9.30693e-08
9.30693e-08
9.30693e-08
9.30693e-08
9.30695e-08
9.30695e-08
9.30695e-08
9.30695e-08
9.30695e-08
9.30698e-08
9.30698e-08
9.30698e-08
9.30698e-08
9.307e-08
9.307e-08
9.307e-08
9.307e-08
9.307e-08
9.30703e-08
9.30703e-08
9.30703e-08
9.30703e-08
9.30705e-08
9.30705e-08
9.30705e-08
9.30705e-08
9.30705e-08
9.30707e-08
9.30707e-08
9.30707e-08
9.30707e-08
9.30707e-08
9.3071e-08
9.3071e-08
9.3071e-08
9.3071e-08
9.30712e-08
9.30712e-08
9.30712e-08
9.30712e-08
9.30712e-08
9.30715e-08
9.30715e-08
9.30715e-08
9.30715e-08
9.30658e-08
9.30646e-08
9.30648e-08
9.30653e-08
9.30658e-08
9.30661e-08
9.30666e-08
9.30668e-08
9.30671e-08
9.30673e-08
9.30675e-08
9.30678e-08
9.3068e-08
9.30683e-08
9.30685e-08
9.30685e-08
9.30688e-08
9.30688e-08
9.30688e-08
9.3069e-08
9.3069e-08
9.3069e-08
9.3069e-08
9.30688e-08
9.30688e-08
9.30688e-08
9.30688e-08
9.30685e-08
9.30685e-08
9.30685e-08
9.30683e-08
9.30683e-08
9.3068e-08
9.3068e-08
9.30678e-08
9.30678e-08
9.30675e-08
9.30673e-08
9.30673e-08
9.30671e-08
9.30671e-08
9.30668e-08
9.30666e-08
9.30666e-08
9.30663e-08
9.30661e-08
9.30658e-08
9.30658e-08
9.30656e-08
9.30653e-08
9.30651e-08
9.30651e-08
9.30648e-08
9.30646e-08
9.30643e-08
9.30643e-08
9.30641e-08
9.30639e-08
9.30636e-08
9.30634e-08
9.30634e-08
9.30631e-08
9.30629e-08
9.30626e-08
9.30624e-08
9.30621e-08
9.30621e-08
9.30619e-08
9.30616e-08
9.30614e-08
9.30611e-08
9.30611e-08
9.30609e-08
9.30607e-08
9.30604e-08
9.30602e-08
9.30602e-08
9.30599e-08
9.30597e-08
9.30594e-08
9.30592e-08
9.30592e-08
9.30589e-08
9.30587e-08
9.30584e-08
9.30584e-08
9.30582e-08
9.30579e-08
9.30577e-08
9.30575e-08
9.30575e-08
9.30572e-08
9.3057e-08
9.30567e-08
9.30567e-08
9.30565e-08
9.30562e-08
9.30562e-08
9.3056e-08
9.30557e-08
9.30555e-08
9.30555e-08
9.30552e-08
9.3055e-08
9.3055e-08
9.30547e-08
9.30545e-08
9.30545e-08
9.30543e-08
9.3054e-08
9.3054e-08
9.30538e-08
9.30535e-08
9.30535e-08
9.30533e-08
9.3053e-08
9.3053e-08
9.30528e-08
9.30525e-08
9.30525e-08
9.30523e-08
9.3052e-08
9.3052e-08
9.30518e-08
9.30518e-08
9.30515e-08
9.30513e-08
9.30513e-08
9.30511e-08
9.30511e-08
9.30508e-08
9.30508e-08
9.30506e-08
9.30503e-08
9.30503e-08
9.30501e-08
9.30501e-08
9.30498e-08
9.30498e-08
9.30496e-08
9.30496e-08
9.30493e-08
9.30493e-08
9.30491e-08
9.30491e-08
9.30488e-08
9.30488e-08
9.30486e-08
9.30486e-08
9.30483e-08
9.30483e-08
9.30481e-08
9.30481e-08
9.30479e-08
9.30479e-08
9.30476e-08
9.30476e-08
9.30476e-08
9.30474e-08
9.30474e-08
9.30471e-08
9.30471e-08
9.30469e-08
9.30469e-08
9.30469e-08
9.30466e-08
9.30466e-08
9.30464e-08
9.30464e-08
9.30464e-08
9.30461e-08
9.30461e-08
9.30459e-08
9.30459e-08
9.30459e-08
9.30456e-08
9.30456e-08
9.30456e-08
9.30454e-08
9.30454e-08
9.30454e-08
9.30451e-08
9.30451e-08
9.30451e-08
9.30449e-08
9.30449e-08
9.30449e-08
9.30447e-08
9.30447e-08
9.30447e-08
9.30444e-08
9.30444e-08
9.30444e-08
9.30444e-08
9.30442e-08
9.30442e-08
9.30442e-08
9.30439e-08
9.30439e-08
9.30439e-08
9.30439e-08
9.30437e-08
9.30437e-08
9.30437e-08
9.30437e-08
9.30434e-08
9.30434e-08
9.30434e-08
9.30434e-08
9.30434e-08
9.30432e-08
9.30432e-08
9.30432e-08
9.30432e-08
9.30429e-08
9.30429e-08
9.30429e-08
9.30429e-08
9.30429e-08
9.30427e-08
9.30427e-08
9.30427e-08
9.30427e-08
9.30427e-08
9.30427e-08
9.30424e-08
9.30424e-08
9.30424e-08
9.30424e-08
9.30424e-08
9.30424e-08
9.30422e-08
9.30422e-08
9.30422e-08
9.30422e-08
9.30422e-08
9.30422e-08
9.30422e-08
9.30419e-08
9.30419e-08
9.30419e-08
9.30419e-08
9.30419e-08
9.30419e-08
9.30419e-08
9.30419e-08
9.30417e-08
9.30417e-08
9.30417e-08
9.30417e-08
9.30417e-08
9.30417e-08
9.30417e-08
9.30417e-08
9.30417e-08
9.30417e-08
9.30415e-08
9.30415e-08
9.30415e-08
9.30415e-08
9.30415e-08
9.30415e-08
9.30415e-08
9.30415e-08
9.30415e-08
9.30415e-08
9.30415e-08
9.30415e-08
9.30415e-08
9.30415e-08
9.30412e-08
9.30412e-08
9.30412e-08
9.30412e-08
9.30412e-08
9.30412e-08
9.30412e-08
9.30412e-08
9.30412e-08
9.30412e-08
9.30412e-08
9.30412e-08
9.30412e-08
9.30412e-08
9.30412e-08
9.30412e-08
9.30412e-08
9.30412e-08
9.30412e-08
9.30412e-08
9.30412e-08
9.30412e-08
9.30412e-08
9.30412e-08
9.30412e-08
9.30412e-08
9.30412e-08
9.30412e-08
9.30412e-08
9.30412e-08
9.30412e-08
9.30412e-08
9.30412e-08
9.30412e-08
9.30412e-08
9.30412e-08
9.30412e-08
9.30412e-08
9.30412e-08
9.30412e-08
9.30412e-08
9.30412e-08
9.30412e-08
9.30412e-08
9.30412e-08
9.30412e-08
9.30412e-08
9.30412e-08
9.30412e-08
9.30412e-08
9.30412e-08
9.30412e-08
9.30412e-08
9.30412e-08
9.30412e-08
9.30412e-08
9.30412e-08
9.30412e-08
9.30415e-08
9.30415e-08
9.30415e-08
9.30415e-08
9.30415e-08
9.30415e-08
9.30415e-08
9.30415e-08
9.30415e-08
9.30415e-08
9.30415e-08
9.30415e-08
9.30415e-08
9.30415e-08
9.30415e-08
9.30415e-08
9.30415e-08
9.30415e-08
9.30417e-08
9.30417e-08
9.30417e-08
9.30417e-08
9.30417e-08
9.30417e-08
9.30417e-08
9.30417e-08
9.30417e-08
9.30417e-08
9.30417e-08
9.30417e-08
9.30417e-08
9.30417e-08
9.30419e-08
9.30419e-08
9.30419e-08
9.30419e-08
9.30419e-08
9.30419e-08
9.30419e-08
9.30419e-08
9.30419e-08
9.30419e-08
9.30419e-08
9.30422e-08
9.30422e-08
9.30422e-08
9.30422e-08
9.30422e-08
9.30422e-08
9.30422e-08
9.30422e-08
9.30422e-08
9.30422e-08
9.30422e-08
9.30424e-08
9.30424e-08
9.30424e-08
9.30424e-08
9.30424e-08
9.30424e-08
9.30424e-08
9.30424e-08
9.30424e-08
9.30427e-08
9.30427e-08
9.30427e-08
9.30427e-08
9.30427e-08
9.30427e-08
9.30427e-08
9.30427e-08
9.30427e-08
9.30429e-08
9.30429e-08
9.30429e-08
9.30429e-08
9.30429e-08
9.30429e-08
9.30429e-08
9.30429e-08
9.30432e-08
9.30432e-08
9.30432e-08
9.30432e-08
9.30432e-08
9.30432e-08
9.30432e-08
9.30432e-08
9.30434e-08
9.30434e-08
9.30434e-08
9.30434e-08
9.30434e-08
9.30434e-08
9.30434e-08
9.30434e-08
9.30437e-08
9.30437e-08
9.30437e-08
9.30437e-08
9.30437e-08
9.30437e-08
9.30437e-08
9.30437e-08
9.30439e-08
9.30439e-08
9.30439e-08
9.30439e-08
9.30439e-08
9.30439e-08
9.30439e-08
9.30442e-08
9.30442e-08
9.30442e-08
9.30442e-08
9.30442e-08
9.30442e-08
9.30442e-08
9.30444e-08
9.30444e-08
9.30444e-08
9.30444e-08
9.30444e-08
9.30444e-08
9.30444e-08
9.30447e-08
9.30447e-08
9.30447e-08
9.30447e-08
9.30447e-08
9.30447e-08
9.30449e-08
9.30449e-08
9.30449e-08
9.30449e-08
9.30449e-08
9.30449e-08
9.30449e-08
9.30451e-08
9.30451e-08
9.30451e-08
9.30451e-08
9.30451e-08
9.30451e-08
9.30454e-08
9.30454e-08
9.30454e-08
9.30454e-08
9.30454e-08
9.30454e-08
9.30454e-08
9.30456e-08
9.30456e-08
9.30456e-08
9.30456e-08
9.30456e-08
9.30456e-08
9.30459e-08
9.30459e-08
9.30459e-08
9.30459e-08
9.30459e-08
9.30459e-08
9.30461e-08
9.30461e-08
9.30461e-08
9.30461e-08
9.30461e-08
9.30461e-08
9.30464e-08
9.30464e-08
9.30464e-08
9.30464e-08
9.30464e-08
9.30464e-08
9.30466e-08
9.30466e-08
9.30466e-08
9.30466e-08
9.30466e-08
9.30466e-08
9.30469e-08
9.30469e-08
9.30469e-08
9.30469e-08
9.30469e-08
9.30469e-08
9.30471e-08
9.30471e-08
9.30471e-08
9.30471e-08
9.30471e-08
9.30474e-08
9.30474e-08
9.30474e-08
9.30474e-08
9.30474e-08
9.30474e-08
9.30476e-08
9.30476e-08
9.30476e-08
9.30476e-08
9.30476e-08
9.30476e-08
9.30479e-08
9.30479e-08
9.30479e-08
9.30479e-08
9.30479e-08
9.30481e-08
9.30481e-08
9.30481e-08
9.30481e-08
9.30481e-08
9.30481e-08
9.30483e-08
9.30483e-08
9.30483e-08
9.30483e-08
9.30483e-08
9.30486e-08
9.30486e-08
9.30486e-08
9.30486e-08
9.30486e-08
9.30486e-08
9.30488e-08
9.30488e-08
9.30488e-08
9.30488e-08
9.30488e-08
9.30491e-08
9.30491e-08
9.30491e-08
9.30491e-08
9.30491e-08
9.30491e-08
9.30493e-08
9.30493e-08
9.30493e-08
9.30493e-08
9.30493e-08
9.30496e-08
9.30496e-08
9.30496e-08
9.30496e-08
9.30496e-08
9.30498e-08
9.30498e-08
9.30498e-08
9.30498e-08
9.30498e-08
9.30498e-08
9.30501e-08
9.30501e-08
9.30501e-08
9.30501e-08
9.30501e-08
9.30503e-08
9.30503e-08
9.30503e-08
9.30503e-08
9.30503e-08
9.30506e-08
9.30506e-08
9.30506e-08
9.30506e-08
9.30506e-08
9.30508e-08
9.30508e-08
9.30508e-08
9.30508e-08
9.30508e-08
9.30511e-08
9.30511e-08
9.30511e-08
9.30511e-08
9.30511e-08
9.30511e-08
9.30513e-08
9.30513e-08
9.30513e-08
9.30513e-08
9.30513e-08
9.30515e-08
9.30515e-08
9.30515e-08
9.30515e-08
9.30515e-08
9.30518e-08
9.30518e-08
9.30518e-08
9.30518e-08
9.30518e-08
9.3052e-08
9.3052e-08
9.3052e-08
9.3052e-08
9.3052e-08
9.30523e-08
9.30523e-08
9.30523e-08
9.30523e-08
9.30523e-08
9.30525e-08
9.30525e-08
9.30525e-08
9.30525e-08
9.30525e-08
9.30528e-08
9.30528e-08
9.30528e-08
9.30528e-08
9.30528e-08
9.3053e-08
9.3053e-08
9.3053e-08
9.3053e-08
9.3053e-08
9.30533e-08
9.30533e-08
9.30533e-08
9.30533e-08
9.30533e-08
9.30535e-08
9.30535e-08
9.30535e-08
9.30535e-08
9.30535e-08
9.30538e-08
9.30538e-08
9.30538e-08
9.30538e-08
9.30538e-08
9.3054e-08
9.3054e-08
9.3054e-08
9.3054e-08
9.3054e-08
9.30543e-08
9.30543e-08
9.30543e-08
9.30543e-08
9.30543e-08
9.30545e-08
9.30545e-08
9.30545e-08
9.30545e-08
9.30545e-08
9.30547e-08
9.30547e-08
9.30547e-08
9.30547e-08
9.30547e-08
9.3055e-08
9.3055e-08
9.3055e-08
9.3055e-08
9.3055e-08
9.30552e-08
9.30552e-08
9.30552e-08
9.30552e-08
9.30552e-08
9.30555e-08
9.30555e-08
9.30555e-08
9.30555e-08
9.30557e-08
9.30557e-08
9.30557e-08
9.30557e-08
9.30557e-08
9.3056e-08
9.3056e-08
9.3056e-08
9.3056e-08
9.3056e-08
9.30562e-08
9.30562e-08
9.30562e-08
9.30562e-08
9.30562e-08
9.30565e-08
9.30565e-08
9.30565e-08
9.30565e-08
9.30565e-08
9.30567e-08
9.30567e-08
9.30567e-08
9.30567e-08
9.30567e-08
9.3057e-08
9.3057e-08
9.3057e-08
9.3057e-08
9.30572e-08
9.30572e-08
9.30572e-08
9.30572e-08
9.30572e-08
9.30575e-08
9.30575e-08
9.30575e-08
9.30575e-08
9.30575e-08
9.30577e-08
9.30577e-08
9.30577e-08
9.30577e-08
9.30577e-08
9.30579e-08
9.30579e-08
9.30579e-08
9.30579e-08
9.30579e-08
9.30582e-08
9.30582e-08
9.30582e-08
9.30582e-08
9.30584e-08
9.30584e-08
9.30584e-08
9.30584e-08
9.30584e-08
9.30587e-08
9.30587e-08
9.30587e-08
9.30587e-08
9.30587e-08
9.30589e-08
9.30589e-08
9.30589e-08
9.30589e-08
9.30589e-08
9.30592e-08
9.30592e-08
9.30592e-08
9.30592e-08
9.30594e-08
9.30594e-08
9.30594e-08
9.30594e-08
9.30594e-08
9.30597e-08
9.30597e-08
9.30597e-08
9.30597e-08
9.30597e-08
9.30599e-08
9.30599e-08
9.30599e-08
9.30599e-08
9.30599e-08
9.30602e-08
9.30602e-08
9.30602e-08
9.30602e-08
9.30604e-08
9.30604e-08
9.30604e-08
9.30604e-08
9.30604e-08
9.30607e-08
9.30607e-08
9.30607e-08
9.30607e-08
9.30607e-08
9.30609e-08
9.30609e-08
9.30609e-08
9.30609e-08
9.30611e-08
9.30611e-08
9.30611e-08
9.30611e-08
9.30611e-08
9.30614e-08
9.30614e-08
9.30614e-08
9.30614e-08
9.30614e-08
9.30616e-08
9.30616e-08
9.30616e-08
9.30616e-08
9.30616e-08
9.30619e-08
9.30619e-08
9.30619e-08
9.30619e-08
9.30621e-08
9.30621e-08
9.30621e-08
9.30621e-08
9.30621e-08
9.30624e-08
9.30624e-08
9.30624e-08
9.30624e-08
9.30624e-08
9.30626e-08
9.30626e-08
9.30626e-08
9.30626e-08
9.30629e-08
9.30629e-08
9.30629e-08
9.30629e-08
9.30629e-08
9.30631e-08
9.30631e-08
9.30631e-08
9.30631e-08
9.30631e-08
9.30634e-08
9.30634e-08
9.30634e-08
9.30634e-08
9.30636e-08
9.30636e-08
9.30636e-08
9.30636e-08
9.30636e-08
9.30639e-08
9.30639e-08
9.30639e-08
9.30639e-08
9.30639e-08
9.30641e-08
9.30641e-08
9.30641e-08
9.30641e-08
9.30643e-08
9.30643e-08
9.30643e-08
9.30643e-08
9.30643e-08
9.30646e-08
9.30646e-08
9.30646e-08
9.30646e-08
9.30646e-08
9.30648e-08
9.30648e-08
9.30648e-08
9.30648e-08
9.30651e-08
9.30651e-08
9.30651e-08
9.30651e-08
9.30651e-08
9.30653e-08
9.30653e-08
9.30653e-08
9.30653e-08
9.30656e-08
9.30656e-08
9.30656e-08
9.30656e-08
9.30656e-08
9.30658e-08
9.30658e-08
9.30658e-08
9.30658e-08
9.30658e-08
9.30661e-08
9.30661e-08
9.30661e-08
9.30661e-08
9.30663e-08
9.30663e-08
9.30663e-08
9.30663e-08
9.30663e-08
9.30666e-08
9.30666e-08
9.30666e-08
9.30666e-08
9.30666e-08
9.30668e-08
9.30668e-08
9.30668e-08
9.30668e-08
9.30671e-08
9.30671e-08
9.30671e-08
9.30671e-08
9.30671e-08
9.30673e-08
9.30673e-08
9.30673e-08
9.30673e-08
9.30673e-08
9.30675e-08
9.30675e-08
9.30675e-08
9.30675e-08
9.30678e-08
9.30678e-08
9.30678e-08
9.30678e-08
9.30678e-08
9.3068e-08
9.3068e-08
9.3068e-08
9.3068e-08
9.30683e-08
9.30683e-08
9.30683e-08
9.30683e-08
9.30683e-08
9.30685e-08
9.30685e-08
9.30685e-08
9.30685e-08
9.30685e-08
9.30688e-08
9.30688e-08
9.30688e-08
9.30688e-08
9.3069e-08
9.3069e-08
9.3069e-08
9.3069e-08
9.3069e-08
9.30693e-08
9.30693e-08
9.30693e-08
9.30693e-08
9.30695e-08
9.30695e-08
9.30695e-08
9.30695e-08
9.30695e-08
9.30698e-08
9.30698e-08
9.30698e-08
9.30698e-08
9.30698e-08
9.307e-08
9.307e-08
9.307e-08
9.307e-08
9.30703e-08
9.30703e-08
9.30703e-08
9.30703e-08
9.30703e-08
9.30705e-08
9.30705e-08
9.30705e-08
9.30705e-08
9.30707e-08
9.30707e-08
9.30707e-08
9.30707e-08
9.30707e-08
9.3071e-08
9.3071e-08
9.3071e-08
9.3071e-08
9.3071e-08
9.30712e-08
9.30712e-08
9.30712e-08
