0.097507
0.097588
0.097957
0.098835
0.100728
0.105777
0.362654
0.341692
0.336957
0.360933
0.402816
0.476842
0.581133
0.687439
0.783176
0.865922
0.936823
0.997513
1.049270
1.093030
1.129600
1.159830
1.184610
1.204870
1.221470
1.235130
1.246340
1.255350
1.262150
1.266580
1.268550
1.268170
1.265820
1.262040
1.257330
1.252080
1.246540
1.240830
1.235010
1.229110
1.223150
1.217130
1.211050
1.204920
1.198730
1.192490
1.186200
1.179880
1.173520
1.167120
1.160690
1.154240
1.147760
1.141260
1.134750
1.128230
1.121700
1.115160
1.108620
1.102080
1.095540
1.089000
1.082480
1.075960
1.069450
1.062960
1.056480
1.050020
1.043570
1.037150
1.030740
1.024360
1.017990
1.011650
1.005340
0.999047
0.992781
0.986542
0.980330
0.974145
0.967988
0.961860
0.955760
0.949690
0.943649
0.937639
0.931659
0.925709
0.919791
0.913903
0.908047
0.902222
0.896429
0.890668
0.884939
0.879242
0.873577
0.867944
0.862344
0.856776
0.851240
0.845737
0.840266
0.834828
0.829422
0.824048
0.818708
0.813399
0.808123
0.802880
0.797669
0.792490
0.787344
0.782230
0.777148
0.772099
0.767081
0.762096
0.757143
0.752222
0.747333
0.742476
0.737650
0.732857
0.728095
0.723364
0.718665
0.713998
0.709362
0.704757
0.700184
0.695642
0.691130
0.686650
0.682201
0.677782
0.673394
0.669037
0.664710
0.660413
0.656147
0.651911
0.647705
0.643529
0.639383
0.635266
0.631180
0.627123
0.623095
0.619097
0.615128
0.611188
0.607277
0.603395
0.599541
0.595717
0.591920
0.588152
0.584413
0.580701
0.577018
0.573362
0.569734
0.566134
0.562561
0.559015
0.555497
0.552006
0.548542
0.545104
0.541693
0.538309
0.534951
0.531619
0.528313
0.525033
0.521779
0.518551
0.515348
0.512171
0.509018
0.505891
0.502789
0.499711
0.496658
0.493629
0.490625
0.487645
0.484689
0.481756
0.478848
0.475963
0.473101
0.470262
0.467447
0.464654
0.461884
0.459137
0.456412
0.453709
0.451029
0.448370
0.445733
0.443118
0.440525
0.437952
0.435401
0.432871
0.430362
0.427873
0.425405
0.422957
0.420530
0.418122
0.415735
0.413367
0.411019
0.408690
0.406380
0.404090
0.401819
0.399566
0.397332
0.395117
0.392920
0.390741
0.388580
0.386437
0.384312
0.382205
0.380115
0.378042
0.375986
0.373948
0.371926
0.369921
0.367933
0.365961
0.364005
0.362066
0.360142
0.358235
0.356343
0.354467
0.352606
0.350761
0.348930
0.347115
0.345315
0.343529
0.341758
0.340002
0.338260
0.336532
0.334819
0.333119
0.331433
0.329761
0.328103
0.326458
0.324827
0.323208
0.321603
0.320011
0.318432
0.316866
0.315312
0.313771
0.312242
0.310726
0.309222
0.307730
0.306250
0.304781
0.303325
0.301880
0.300447
0.299025
0.297615
0.296216
0.294828
0.293451
0.292085
0.290730
0.289386
0.288052
0.286729
0.285417
0.284115
0.282823
0.281541
0.280269
0.279008
0.277756
0.276514
0.275282
0.274059
0.272847
0.271643
0.270449
0.269265
0.268089
0.266923
0.265766
0.264618
0.263479
0.262348
0.261227
0.260114
0.259009
0.257914
0.256826
0.255748
0.254677
0.253615
0.252561
0.251515
0.250477
0.249447
0.248425
0.247411
0.246404
0.245405
0.244414
0.243431
0.242455
0.241486
0.240525
0.239571
0.238625
0.237685
0.236753
0.235828
0.234910
0.233998
0.233094
0.232197
0.231306
0.230422
0.229544
0.228674
0.227810
0.226952
0.226101
0.225256
0.224417
0.223585
0.222759
0.221939
0.221126
0.220318
0.219516
0.218721
0.217931
0.217147
0.216369
0.215597
0.214830
0.214069
0.213314
0.212565
0.211820
0.211082
0.210349
0.209621
0.208898
0.208181
0.207469
0.206763
0.206061
0.205365
0.204674
0.203987
0.203306
0.202630
0.201958
0.201292
0.200630
0.199973
0.199321
0.198674
0.198031
0.197393
0.196760
0.196131
0.195506
0.194886
0.194271
0.193660
0.193053
0.192451
0.191853
0.191259
0.190669
0.190084
0.189503
0.188926
0.188352
0.187784
0.187219
0.186658
0.186101
0.185547
0.184998
0.184453
0.183911
0.183374
0.182840
0.182309
0.181783
0.181260
0.180741
0.180225
0.179713
0.179205
0.178700
0.178198
0.177700
0.177205
0.176714
0.176226
0.175742
0.175261
0.174783
0.174308
0.173837
0.173369
0.172904
0.172442
0.171984
0.171528
0.171076
0.170626
0.170180
0.169737
0.169296
0.168859
0.168425
0.167993
0.167564
0.167139
0.166716
0.166296
0.165878
0.165464
0.165052
0.164643
0.164237
0.163833
0.163432
0.163034
0.162638
0.162245
0.161855
0.161467
0.161082
0.160699
0.160319
0.159941
0.159565
0.159193
0.158822
0.158454
0.158088
0.157725
0.157364
0.157005
0.156649
0.156295
0.155943
0.155594
0.155247
0.154902
0.154559
0.154218
0.153880
0.153544
0.153210
0.152878
0.152548
0.152220
0.151895
0.151571
0.151249
0.150930
0.150612
0.150297
0.149983
0.149672
0.149362
0.149054
0.148749
0.148445
0.148143
0.147843
0.147545
0.147248
0.146954
0.146661
0.146371
0.146082
0.145794
0.145509
0.145225
0.144943
0.144663
0.144385
0.144108
0.143833
0.143559
0.143288
0.143018
0.142749
0.142482
0.142217
0.141954
0.141692
0.141431
0.141173
0.140915
0.140660
0.140406
0.140153
0.139902
0.139653
0.139405
0.139158
0.138913
0.138669
0.138427
0.138187
0.137947
0.137709
0.137473
0.137238
0.137004
0.136772
0.136541
0.136312
0.136084
0.135857
0.135632
0.135408
0.135185
0.134963
0.134743
0.134524
0.134307
0.134090
0.133875
0.133662
0.133449
0.133238
0.133028
0.132819
0.132611
0.132405
0.132200
0.131996
0.131793
0.131591
0.131391
0.131191
0.130993
0.130796
0.130600
0.130405
0.130212
0.130019
0.129827
0.129637
0.129448
0.129260
0.129073
0.128886
0.128701
0.128518
0.128335
0.128153
0.127972
0.127792
0.127613
0.127436
0.127259
0.127083
0.126908
0.126735
0.126562
0.126390
0.126219
0.126049
0.125880
0.125712
0.125545
0.125379
0.125214
0.125050
0.124886
0.124724
0.124562
0.124402
0.124242
0.124083
0.123925
0.123768
0.123612
0.123456
0.123302
0.123148
0.122996
0.122844
0.122692
0.122542
0.122393
0.122244
0.122096
0.121949
0.121803
0.121658
0.121513
0.121369
0.121226
0.121084
0.120943
0.120802
0.120662
0.120523
0.120384
0.120247
0.120110
0.119974
0.119838
0.119704
0.119570
0.119436
0.119304
0.119172
0.119041
0.118911
0.118781
0.118652
0.118524
0.118396
0.118269
0.118143
0.118017
0.117893
0.117768
0.117645
0.117522
0.117400
0.117278
0.117157
0.117037
0.116917
0.116798
0.116680
0.116562
0.116445
0.116329
0.116213
0.116098
0.115983
0.115869
0.115756
0.115643
0.115531
0.115419
0.115308
0.115197
0.115088
0.114978
0.114869
0.114761
0.114654
0.114547
0.114440
0.114334
0.114229
0.114124
0.114020
0.113916
0.113813
0.113711
0.113609
0.113507
0.113406
0.113306
0.113206
0.113106
0.113007
0.112909
0.112811
0.112714
0.112617
0.112520
0.112424
0.112329
0.112234
0.112140
0.112046
0.111952
0.111860
0.111767
0.111675
0.111584
0.111493
0.111402
0.111312
0.111222
0.111133
0.111044
0.110956
0.110868
0.110781
0.110694
0.110608
0.110522
0.110436
0.110351
0.110266
0.110182
0.110098
0.110015
0.109932
0.109849
0.109767
0.109686
0.109604
0.109523
0.109443
0.109363
0.109283
0.109204
0.109125
0.109047
0.108969
0.108891
0.108814
0.108737
0.108660
0.108584
0.108509
0.108433
0.108358
0.108284
0.108210
0.108136
0.108062
0.107989
0.107917
0.107844
0.107772
0.107701
0.107630
0.107559
0.107488
0.107418
0.107348
0.107279
0.107210
0.107141
0.107072
0.107004
0.106937
0.106869
0.106802
0.106736
0.106669
0.106603
0.106537
0.106472
0.106407
0.106342
0.106278
0.106214
0.106150
0.106086
0.106023
0.105960
0.105898
0.105836
0.105774
0.105712
0.105651
0.105590
0.105529
0.105469
0.105409
0.105349
0.105290
0.105231
0.105172
0.105113
0.105055
0.104997
0.104939
0.104882
0.104824
0.104768
0.104711
0.104655
0.104599
0.104543
0.104487
0.104432
0.104377
0.104323
0.104268
0.104214
0.104160
0.104107
0.104053
0.104000
0.103948
0.103895
0.103843
0.103791
0.103739
0.103687
0.103636
0.103585
0.103534
0.103484
0.103434
0.103384
0.103334
0.103284
0.103235
0.103186
0.103137
0.103089
0.103040
0.102992
0.102944
0.102897
0.102849
0.102802
0.102755
0.102709
0.102662
0.102616
0.102570
0.102524
0.102479
0.102433
0.102388
0.102343
0.102299
0.102254
0.102210
0.102166
0.102122
0.102079
0.102035
0.101992
0.101949
0.101906
0.101864
0.101822
0.101779
0.101738
0.101696
0.101654
0.101613
0.101572
0.101531
0.101490
0.101450
0.101409
0.101369
0.101329
0.101290
0.101250
0.101211
0.101172
0.101133
0.101094
0.101055
0.101017
0.100979
0.100941
0.100903
0.100865
0.100828
0.100790
0.100753
0.100716
0.100680
0.100643
0.100607
0.100570
0.100534
0.100498
0.100463
0.100427
0.100392
0.100357
0.100322
0.100287
0.100252
0.100218
0.100183
0.100149
0.100115
0.100081
0.100048
0.100014
0.099981
0.099948
0.099915
0.099882
0.099849
0.099816
0.099784
0.099752
0.099720
0.099688
0.099656
0.099624
0.099593
0.099561
0.099530
0.099499
0.099468
0.099438
0.099407
0.099377
0.099346
0.099316
0.099286
0.099256
0.099227
0.099197
0.099168
0.099139
0.099109
0.099080
0.099052
0.099023
0.098994
0.098966
0.098937
0.098909
0.098881
0.098854
0.098826
0.098798
0.098771
0.098743
0.098716
0.098689
0.098662
0.098635
0.098608
0.098582
0.098555
0.098529
0.098503
0.098477
0.098451
0.098425
0.098399
0.098374
0.098348
0.098323
0.098298
0.098273
0.098248
0.098223
0.098198
0.098174
0.098149
0.098125
0.098100
0.098076
0.098052
0.098028
0.098005
0.097981
0.097957
0.097934
0.097911
0.097887
0.097864
0.097841
0.097818
0.097796
0.097773
0.097750
0.097728
0.097706
0.097683
0.097661
0.097639
0.097617
0.097596
0.097574
0.097552
0.097531
0.097509
0.097591
0.097960
0.098838
0.100732
0.105784
0.362750
0.341766
0.337037
0.361017
0.402902
0.476922
0.581207
0.687498
0.783226
0.865966
0.936867
0.997548
1.049300
1.093050
1.129630
1.159850
1.184630
1.204890
1.221490
1.235150
1.246370
1.255380
1.262170
1.266610
1.268580
1.268190
1.265850
1.262060
1.257360
1.252110
1.246570
1.240850
1.235040
1.229140
1.223180
1.217160
1.211080
1.204950
1.198760
1.192520
1.186240
1.179910
1.173550
1.167150
1.160720
1.154270
1.147790
1.141300
1.134790
1.128260
1.121730
1.115190
1.108650
1.102110
1.095570
1.089040
1.082510
1.075990
1.069490
1.062990
1.056520
1.050050
1.043610
1.037180
1.030780
1.024390
1.018030
1.011690
1.005370
0.999082
0.992816
0.986577
0.980365
0.974180
0.968023
0.961895
0.955795
0.949725
0.943685
0.937674
0.931694
0.925745
0.919826
0.913939
0.908083
0.902258
0.896465
0.890704
0.884975
0.879278
0.873613
0.867981
0.862380
0.856812
0.851276
0.845773
0.840302
0.834864
0.829458
0.824085
0.818744
0.813436
0.808160
0.802916
0.797705
0.792527
0.787381
0.782267
0.777185
0.772135
0.767118
0.762133
0.757180
0.752259
0.747370
0.742513
0.737687
0.732893
0.728131
0.723401
0.718702
0.714035
0.709399
0.704794
0.700221
0.695678
0.691167
0.686687
0.682237
0.677819
0.673431
0.669073
0.664746
0.660450
0.656183
0.651947
0.647741
0.643565
0.639419
0.635303
0.631216
0.627159
0.623131
0.619133
0.615164
0.611224
0.607313
0.603431
0.599577
0.595752
0.591956
0.588188
0.584449
0.580737
0.577053
0.573398
0.569770
0.566169
0.562597
0.559051
0.555533
0.552041
0.548577
0.545139
0.541728
0.538344
0.534986
0.531654
0.528348
0.525068
0.521814
0.518585
0.515382
0.512205
0.509052
0.505925
0.502823
0.499745
0.496692
0.493663
0.490659
0.487678
0.484722
0.481790
0.478881
0.475996
0.473134
0.470295
0.467479
0.464687
0.461917
0.459169
0.456444
0.453742
0.451061
0.448402
0.445765
0.443150
0.440556
0.437984
0.435433
0.432902
0.430393
0.427904
0.425436
0.422988
0.420560
0.418153
0.415765
0.413397
0.411049
0.408720
0.406411
0.404120
0.401849
0.399596
0.397362
0.395146
0.392949
0.390770
0.388609
0.386466
0.384341
0.382234
0.380143
0.378071
0.376015
0.373976
0.371954
0.369949
0.367961
0.365989
0.364033
0.362094
0.360170
0.358262
0.356370
0.354494
0.352633
0.350787
0.348957
0.347142
0.345341
0.343556
0.341784
0.340028
0.338286
0.336558
0.334844
0.333145
0.331459
0.329787
0.328128
0.326483
0.324852
0.323233
0.321628
0.320036
0.318457
0.316890
0.315336
0.313795
0.312266
0.310750
0.309246
0.307753
0.306273
0.304805
0.303349
0.301904
0.300470
0.299049
0.297638
0.296239
0.294851
0.293474
0.292108
0.290753
0.289408
0.288075
0.286752
0.285439
0.284137
0.282845
0.281563
0.280291
0.279029
0.277777
0.276535
0.275303
0.274081
0.272868
0.271664
0.270470
0.269285
0.268110
0.266944
0.265786
0.264638
0.263499
0.262368
0.261247
0.260134
0.259029
0.257934
0.256846
0.255767
0.254697
0.253634
0.252580
0.251534
0.250496
0.249466
0.248444
0.247430
0.246423
0.245424
0.244433
0.243450
0.242473
0.241505
0.240543
0.239590
0.238643
0.237703
0.236771
0.235846
0.234927
0.234016
0.233112
0.232214
0.231323
0.230439
0.229562
0.228691
0.227827
0.226969
0.226118
0.225273
0.224434
0.223602
0.222776
0.221956
0.221142
0.220334
0.219533
0.218737
0.217947
0.217163
0.216385
0.215613
0.214846
0.214085
0.213330
0.212580
0.211836
0.211097
0.210364
0.209636
0.208914
0.208196
0.207485
0.206778
0.206076
0.205380
0.204688
0.204002
0.203321
0.202644
0.201973
0.201306
0.200645
0.199988
0.199336
0.198688
0.198045
0.197407
0.196774
0.196145
0.195520
0.194900
0.194285
0.193674
0.193067
0.192464
0.191866
0.191272
0.190683
0.190097
0.189516
0.188939
0.188366
0.187797
0.187232
0.186671
0.186114
0.185560
0.185011
0.184466
0.183924
0.183386
0.182852
0.182322
0.181795
0.181272
0.180753
0.180237
0.179725
0.179217
0.178712
0.178210
0.177712
0.177217
0.176726
0.176238
0.175754
0.175273
0.174795
0.174320
0.173849
0.173381
0.172916
0.172454
0.171995
0.171540
0.171087
0.170638
0.170191
0.169748
0.169307
0.168870
0.168436
0.168004
0.167575
0.167150
0.166727
0.166307
0.165889
0.165475
0.165063
0.164654
0.164248
0.163844
0.163443
0.163045
0.162649
0.162256
0.161865
0.161477
0.161092
0.160709
0.160329
0.159951
0.159576
0.159203
0.158832
0.158464
0.158098
0.157735
0.157374
0.157015
0.156659
0.156305
0.155953
0.155604
0.155256
0.154911
0.154569
0.154228
0.153890
0.153553
0.153219
0.152887
0.152557
0.152229
0.151904
0.151580
0.151258
0.150939
0.150621
0.150306
0.149992
0.149681
0.149371
0.149063
0.148758
0.148454
0.148152
0.147852
0.147554
0.147257
0.146963
0.146670
0.146379
0.146090
0.145803
0.145517
0.145234
0.144952
0.144671
0.144393
0.144116
0.143841
0.143568
0.143296
0.143026
0.142757
0.142491
0.142225
0.141962
0.141700
0.141439
0.141181
0.140923
0.140668
0.140414
0.140161
0.139910
0.139660
0.139412
0.139166
0.138921
0.138677
0.138435
0.138194
0.137955
0.137717
0.137481
0.137246
0.137012
0.136780
0.136549
0.136319
0.136091
0.135865
0.135639
0.135415
0.135192
0.134971
0.134750
0.134532
0.134314
0.134098
0.133883
0.133669
0.133456
0.133245
0.133035
0.132826
0.132618
0.132412
0.132207
0.132003
0.131800
0.131598
0.131397
0.131198
0.131000
0.130803
0.130607
0.130412
0.130218
0.130026
0.129834
0.129644
0.129455
0.129266
0.129079
0.128893
0.128708
0.128524
0.128341
0.128159
0.127979
0.127799
0.127620
0.127442
0.127265
0.127090
0.126915
0.126741
0.126568
0.126396
0.126226
0.126056
0.125887
0.125719
0.125552
0.125385
0.125220
0.125056
0.124893
0.124730
0.124569
0.124408
0.124248
0.124089
0.123931
0.123774
0.123618
0.123463
0.123308
0.123154
0.123002
0.122850
0.122698
0.122548
0.122399
0.122250
0.122102
0.121955
0.121809
0.121664
0.121519
0.121375
0.121232
0.121090
0.120948
0.120808
0.120668
0.120529
0.120390
0.120252
0.120116
0.119979
0.119844
0.119709
0.119575
0.119442
0.119309
0.119178
0.119047
0.118916
0.118786
0.118657
0.118529
0.118402
0.118275
0.118148
0.118023
0.117898
0.117774
0.117650
0.117527
0.117405
0.117284
0.117163
0.117042
0.116923
0.116804
0.116685
0.116568
0.116450
0.116334
0.116218
0.116103
0.115988
0.115874
0.115761
0.115648
0.115536
0.115424
0.115313
0.115202
0.115093
0.114983
0.114875
0.114766
0.114659
0.114552
0.114445
0.114339
0.114234
0.114129
0.114025
0.113921
0.113818
0.113716
0.113613
0.113512
0.113411
0.113310
0.113210
0.113111
0.113012
0.112914
0.112816
0.112718
0.112621
0.112525
0.112429
0.112334
0.112239
0.112145
0.112051
0.111957
0.111864
0.111772
0.111680
0.111588
0.111497
0.111407
0.111317
0.111227
0.111138
0.111049
0.110961
0.110873
0.110786
0.110699
0.110612
0.110526
0.110441
0.110356
0.110271
0.110187
0.110103
0.110019
0.109936
0.109854
0.109772
0.109690
0.109609
0.109528
0.109447
0.109367
0.109288
0.109208
0.109129
0.109051
0.108973
0.108895
0.108818
0.108741
0.108665
0.108589
0.108513
0.108438
0.108363
0.108288
0.108214
0.108140
0.108067
0.107994
0.107921
0.107849
0.107777
0.107705
0.107634
0.107563
0.107492
0.107422
0.107352
0.107283
0.107214
0.107145
0.107077
0.107009
0.106941
0.106873
0.106806
0.106740
0.106673
0.106607
0.106541
0.106476
0.106411
0.106346
0.106282
0.106218
0.106154
0.106090
0.106027
0.105964
0.105902
0.105840
0.105778
0.105716
0.105655
0.105594
0.105533
0.105473
0.105413
0.105353
0.105294
0.105234
0.105176
0.105117
0.105059
0.105001
0.104943
0.104885
0.104828
0.104771
0.104715
0.104659
0.104602
0.104547
0.104491
0.104436
0.104381
0.104326
0.104272
0.104218
0.104164
0.104110
0.104057
0.104004
0.103951
0.103899
0.103846
0.103794
0.103743
0.103691
0.103640
0.103589
0.103538
0.103488
0.103437
0.103387
0.103338
0.103288
0.103239
0.103190
0.103141
0.103092
0.103044
0.102996
0.102948
0.102900
0.102853
0.102806
0.102759
0.102712
0.102666
0.102620
0.102574
0.102528
0.102482
0.102437
0.102392
0.102347
0.102302
0.102258
0.102214
0.102170
0.102126
0.102082
0.102039
0.101996
0.101953
0.101910
0.101867
0.101825
0.101783
0.101741
0.101699
0.101658
0.101616
0.101575
0.101534
0.101494
0.101453
0.101413
0.101373
0.101333
0.101293
0.101254
0.101214
0.101175
0.101136
0.101097
0.101059
0.101020
0.100982
0.100944
0.100906
0.100869
0.100831
0.100794
0.100757
0.100720
0.100683
0.100646
0.100610
0.100574
0.100538
0.100502
0.100466
0.100431
0.100395
0.100360
0.100325
0.100290
0.100255
0.100221
0.100187
0.100152
0.100118
0.100085
0.100051
0.100017
0.099984
0.099951
0.099918
0.099885
0.099852
0.099820
0.099787
0.099755
0.099723
0.099691
0.099659
0.099627
0.099596
0.099565
0.099534
0.099503
0.099472
0.099441
0.099410
0.099380
0.099350
0.099319
0.099290
0.099260
0.099230
0.099200
0.099171
0.099142
0.099113
0.099083
0.099055
0.099026
0.098997
0.098969
0.098941
0.098913
0.098884
0.098856
0.098829
0.098801
0.098774
0.098746
0.098719
0.098692
0.098665
0.098638
0.098611
0.098585
0.098558
0.098532
0.098506
0.098480
0.098454
0.098428
0.098402
0.098377
0.098351
0.098326
0.098301
0.098276
0.098251
0.098226
0.098201
0.098177
0.098152
0.098128
0.098103
0.098079
0.098055
0.098031
0.098008
0.097984
0.097960
0.097937
0.097914
0.097890
0.097867
0.097844
0.097821
0.097799
0.097776
0.097753
0.097731
0.097709
0.097686
0.097664
0.097642
0.097620
0.097598
0.097577
0.097555
0.097534
0.097512
0.097594
0.097963
0.098841
0.100735
0.105787
0.362748
0.341761
0.337033
0.361014
0.402898
0.476914
0.581194
0.687481
0.783207
0.865946
0.936842
0.997528
1.049280
1.093040
1.129620
1.159850
1.184630
1.204880
1.221490
1.235150
1.246370
1.255380
1.262170
1.266610
1.268580
1.268200
1.265860
1.262080
1.257370
1.252130
1.246580
1.240870
1.235060
1.229160
1.223200
1.217180
1.211100
1.204970
1.198780
1.192540
1.186260
1.179930
1.173570
1.167170
1.160750
1.154290
1.147820
1.141320
1.134810
1.128290
1.121750
1.115220
1.108670
1.102130
1.095600
1.089060
1.082540
1.076020
1.069510
1.063020
1.056540
1.050080
1.043630
1.037210
1.030800
1.024420
1.018050
1.011720
1.005400
0.999109
0.992843
0.986604
0.980392
0.974208
0.968051
0.961923
0.955823
0.949753
0.943713
0.937703
0.931723
0.925773
0.919855
0.913968
0.908112
0.902287
0.896495
0.890734
0.885004
0.879307
0.873643
0.868010
0.862410
0.856842
0.851306
0.845803
0.840332
0.834894
0.829489
0.824115
0.818775
0.813466
0.808190
0.802947
0.797736
0.792558
0.787411
0.782297
0.777216
0.772166
0.767149
0.762164
0.757211
0.752290
0.747401
0.742544
0.737718
0.732925
0.728163
0.723433
0.718734
0.714066
0.709430
0.704826
0.700252
0.695710
0.691199
0.686718
0.682269
0.677850
0.673462
0.669105
0.664778
0.660481
0.656215
0.651979
0.647773
0.643597
0.639451
0.635334
0.631248
0.627191
0.623163
0.619165
0.615195
0.611255
0.607344
0.603462
0.599609
0.595784
0.591987
0.588219
0.584480
0.580768
0.577084
0.573429
0.569801
0.566200
0.562627
0.559082
0.555563
0.552072
0.548607
0.545170
0.541759
0.538374
0.535016
0.531684
0.528378
0.525098
0.521844
0.518616
0.515412
0.512235
0.509082
0.505955
0.502852
0.499775
0.496721
0.493693
0.490688
0.487708
0.484751
0.481819
0.478910
0.476025
0.473163
0.470324
0.467508
0.464715
0.461945
0.459198
0.456473
0.453770
0.451089
0.448430
0.445793
0.443178
0.440584
0.438012
0.435460
0.432930
0.430420
0.427932
0.425463
0.423015
0.420588
0.418180
0.415792
0.413424
0.411076
0.408747
0.406437
0.404147
0.401875
0.399622
0.397388
0.395172
0.392975
0.390796
0.388635
0.386492
0.384367
0.382259
0.380169
0.378096
0.376040
0.374001
0.371979
0.369974
0.367986
0.366014
0.364058
0.362118
0.360194
0.358287
0.356395
0.354518
0.352657
0.350811
0.348981
0.347165
0.345365
0.343579
0.341808
0.340051
0.338309
0.336581
0.334867
0.333168
0.331482
0.329809
0.328151
0.326506
0.324874
0.323256
0.321650
0.320058
0.318479
0.316912
0.315358
0.313817
0.312288
0.310772
0.309267
0.307775
0.306295
0.304826
0.303370
0.301925
0.300492
0.299070
0.297659
0.296260
0.294872
0.293495
0.292129
0.290773
0.289429
0.288095
0.286772
0.285459
0.284157
0.282864
0.281582
0.280311
0.279049
0.277797
0.276555
0.275323
0.274100
0.272887
0.271683
0.270489
0.269304
0.268129
0.266962
0.265805
0.264657
0.263517
0.262387
0.261265
0.260152
0.259048
0.257952
0.256864
0.255785
0.254715
0.253652
0.252598
0.251552
0.250514
0.249483
0.248461
0.247447
0.246440
0.245441
0.244450
0.243466
0.242490
0.241521
0.240560
0.239606
0.238659
0.237720
0.236787
0.235862
0.234944
0.234032
0.233128
0.232230
0.231339
0.230455
0.229578
0.228707
0.227842
0.226984
0.226133
0.225288
0.224449
0.223617
0.222791
0.221971
0.221157
0.220349
0.219548
0.218752
0.217962
0.217178
0.216400
0.215627
0.214861
0.214100
0.213344
0.212595
0.211850
0.211112
0.210378
0.209650
0.208928
0.208210
0.207498
0.206792
0.206090
0.205393
0.204702
0.204016
0.203334
0.202658
0.201986
0.201320
0.200658
0.200001
0.199349
0.198701
0.198058
0.197420
0.196787
0.196158
0.195533
0.194913
0.194297
0.193686
0.193079
0.192477
0.191879
0.191285
0.190695
0.190110
0.189528
0.188951
0.188378
0.187809
0.187244
0.186683
0.186126
0.185572
0.185023
0.184478
0.183936
0.183398
0.182864
0.182334
0.181807
0.181284
0.180765
0.180249
0.179737
0.179228
0.178723
0.178221
0.177723
0.177229
0.176737
0.176249
0.175765
0.175284
0.174806
0.174331
0.173860
0.173391
0.172926
0.172464
0.172006
0.171550
0.171098
0.170648
0.170202
0.169758
0.169318
0.168880
0.168446
0.168014
0.167586
0.167160
0.166737
0.166317
0.165899
0.165485
0.165073
0.164664
0.164257
0.163854
0.163453
0.163054
0.162659
0.162266
0.161875
0.161487
0.161102
0.160719
0.160338
0.159960
0.159585
0.159212
0.158841
0.158473
0.158108
0.157744
0.157383
0.157024
0.156668
0.156314
0.155962
0.155613
0.155265
0.154920
0.154578
0.154237
0.153898
0.153562
0.153228
0.152896
0.152566
0.152238
0.151912
0.151589
0.151267
0.150947
0.150630
0.150314
0.150001
0.149689
0.149379
0.149072
0.148766
0.148462
0.148160
0.147860
0.147562
0.147265
0.146971
0.146678
0.146387
0.146098
0.145811
0.145525
0.145242
0.144960
0.144679
0.144401
0.144124
0.143849
0.143575
0.143304
0.143034
0.142765
0.142498
0.142233
0.141969
0.141707
0.141447
0.141188
0.140931
0.140675
0.140421
0.140169
0.139917
0.139668
0.139420
0.139173
0.138928
0.138684
0.138442
0.138202
0.137962
0.137724
0.137488
0.137253
0.137019
0.136787
0.136556
0.136327
0.136098
0.135872
0.135646
0.135422
0.135199
0.134978
0.134757
0.134538
0.134321
0.134105
0.133889
0.133676
0.133463
0.133252
0.133042
0.132833
0.132625
0.132419
0.132213
0.132009
0.131806
0.131605
0.131404
0.131205
0.131006
0.130809
0.130613
0.130419
0.130225
0.130032
0.129841
0.129650
0.129461
0.129273
0.129086
0.128899
0.128714
0.128530
0.128348
0.128166
0.127985
0.127805
0.127626
0.127448
0.127272
0.127096
0.126921
0.126747
0.126574
0.126402
0.126232
0.126062
0.125893
0.125725
0.125558
0.125391
0.125226
0.125062
0.124898
0.124736
0.124574
0.124414
0.124254
0.124095
0.123937
0.123780
0.123624
0.123468
0.123314
0.123160
0.123007
0.122855
0.122704
0.122554
0.122404
0.122256
0.122108
0.121961
0.121815
0.121669
0.121525
0.121381
0.121238
0.121095
0.120954
0.120813
0.120673
0.120534
0.120396
0.120258
0.120121
0.119985
0.119849
0.119715
0.119581
0.119447
0.119315
0.119183
0.119052
0.118921
0.118792
0.118663
0.118534
0.118407
0.118280
0.118154
0.118028
0.117903
0.117779
0.117655
0.117533
0.117410
0.117289
0.117168
0.117047
0.116928
0.116809
0.116690
0.116573
0.116456
0.116339
0.116223
0.116108
0.115993
0.115879
0.115766
0.115653
0.115541
0.115429
0.115318
0.115207
0.115098
0.114988
0.114879
0.114771
0.114664
0.114557
0.114450
0.114344
0.114239
0.114134
0.114030
0.113926
0.113823
0.113720
0.113618
0.113517
0.113416
0.113315
0.113215
0.113116
0.113017
0.112918
0.112820
0.112723
0.112626
0.112530
0.112434
0.112338
0.112244
0.112149
0.112055
0.111962
0.111869
0.111776
0.111684
0.111593
0.111502
0.111411
0.111321
0.111231
0.111142
0.111054
0.110965
0.110877
0.110790
0.110703
0.110617
0.110531
0.110445
0.110360
0.110275
0.110191
0.110107
0.110024
0.109941
0.109858
0.109776
0.109694
0.109613
0.109532
0.109452
0.109372
0.109292
0.109213
0.109134
0.109055
0.108977
0.108900
0.108822
0.108745
0.108669
0.108593
0.108517
0.108442
0.108367
0.108292
0.108218
0.108144
0.108071
0.107998
0.107925
0.107853
0.107781
0.107709
0.107638
0.107567
0.107496
0.107426
0.107356
0.107287
0.107218
0.107149
0.107081
0.107013
0.106945
0.106877
0.106810
0.106744
0.106677
0.106611
0.106545
0.106480
0.106415
0.106350
0.106286
0.106222
0.106158
0.106094
0.106031
0.105968
0.105906
0.105844
0.105782
0.105720
0.105659
0.105598
0.105537
0.105477
0.105417
0.105357
0.105297
0.105238
0.105179
0.105121
0.105062
0.105004
0.104947
0.104889
0.104832
0.104775
0.104719
0.104662
0.104606
0.104550
0.104495
0.104440
0.104385
0.104330
0.104276
0.104222
0.104168
0.104114
0.104061
0.104008
0.103955
0.103902
0.103850
0.103798
0.103746
0.103695
0.103644
0.103593
0.103542
0.103491
0.103441
0.103391
0.103341
0.103292
0.103242
0.103193
0.103145
0.103096
0.103048
0.103000
0.102952
0.102904
0.102857
0.102810
0.102763
0.102716
0.102669
0.102623
0.102577
0.102531
0.102486
0.102440
0.102395
0.102350
0.102306
0.102261
0.102217
0.102173
0.102129
0.102086
0.102042
0.101999
0.101956
0.101913
0.101871
0.101828
0.101786
0.101744
0.101703
0.101661
0.101620
0.101579
0.101538
0.101497
0.101457
0.101416
0.101376
0.101336
0.101296
0.101257
0.101218
0.101178
0.101139
0.101101
0.101062
0.101024
0.100985
0.100947
0.100910
0.100872
0.100834
0.100797
0.100760
0.100723
0.100686
0.100650
0.100613
0.100577
0.100541
0.100505
0.100469
0.100434
0.100398
0.100363
0.100328
0.100293
0.100259
0.100224
0.100190
0.100156
0.100122
0.100088
0.100054
0.100021
0.099987
0.099954
0.099921
0.099888
0.099855
0.099823
0.099790
0.099758
0.099726
0.099694
0.099662
0.099631
0.099599
0.099568
0.099537
0.099506
0.099475
0.099444
0.099413
0.099383
0.099353
0.099323
0.099293
0.099263
0.099233
0.099204
0.099174
0.099145
0.099116
0.099087
0.099058
0.099029
0.099001
0.098972
0.098944
0.098916
0.098888
0.098860
0.098832
0.098804
0.098777
0.098749
0.098722
0.098695
0.098668
0.098641
0.098614
0.098588
0.098561
0.098535
0.098509
0.098483
0.098457
0.098431
0.098405
0.098380
0.098354
0.098329
0.098304
0.098279
0.098254
0.098229
0.098204
0.098180
0.098155
0.098131
0.098106
0.098082
0.098058
0.098034
0.098011
0.097987
0.097963
0.097940
0.097917
0.097893
0.097870
0.097847
0.097824
0.097801
0.097779
0.097756
0.097734
0.097711
0.097689
0.097667
0.097645
0.097623
0.097601
0.097580
0.097558
0.097536
0.097515
