11.037300
11.037300
11.037300
11.037300
11.037200
11.037400
11.040100
11.040400
11.040400
11.040300
11.040200
11.040100
11.040000
11.040000
11.039900
11.039800
11.039800
11.039700
11.039700
11.039600
11.039500
11.039500
11.039500
11.039400
11.039400
11.039300
11.039300
11.039300
11.039200
11.039200
11.039200
11.039200
11.039200
11.039200
11.039200
11.039200
11.039200
11.039200
11.039200
11.039200
11.039200
11.039300
11.039300
11.039300
11.039300
11.039400
11.039400
11.039400
11.039500
11.039500
11.039600
11.039600
11.039600
11.039700
11.039700
11.039800
11.039800
11.039900
11.039900
11.040000
11.040000
11.040100
11.040100
11.040200
11.040200
11.040300
11.040300
11.040400
11.040400
11.040500
11.040500
11.040600
11.040700
11.040700
11.040800
11.040800
11.040900
11.040900
11.041000
11.041000
11.041100
11.041200
11.041200
11.041300
11.041300
11.041400
11.041400
11.041500
11.041500
11.041600
11.041600
11.041700
11.041800
11.041800
11.041900
11.041900
11.042000
11.042000
11.042100
11.042100
11.042200
11.042200
11.042300
11.042300
11.042400
11.042400
11.042500
11.042500
11.042500
11.042600
11.042600
11.042700
11.042700
11.042800
11.042800
11.042900
11.042900
11.043000
11.043000
11.043000
11.043100
11.043100
11.043200
11.043200
11.043200
11.043300
11.043300
11.043400
11.043400
11.043400
11.043500
11.043500
11.043600
11.043600
11.043600
11.043700
11.043700
11.043700
11.043800
11.043800
11.043800
11.043900
11.043900
11.043900
11.044000
11.044000
11.044000
11.044100
11.044100
11.044100
11.044200
11.044200
11.044200
11.044300
11.044300
11.044300
11.044300
11.044400
11.044400
11.044400
11.044500
11.044500
11.044500
11.044500
11.044600
11.044600
11.044600
11.044600
11.044700
11.044700
11.044700
11.044700
11.044800
11.044800
11.044800
11.044800
11.044900
11.044900
11.044900
11.044900
11.045000
11.045000
11.045000
11.045000
11.045000
11.045100
11.045100
11.045100
11.045100
11.045100
11.045200
11.045200
11.045200
11.045200
11.045200
11.045300
11.045300
11.045300
11.045300
11.045300
11.045300
11.045400
11.045400
11.045400
11.045400
11.045400
11.045400
11.045500
11.045500
11.045500
11.045500
11.045500
11.045500
11.045500
11.045600
11.045600
11.045600
11.045600
11.045600
11.045600
11.045600
11.045600
11.045700
11.045700
11.045700
11.045700
11.045700
11.045700
11.045700
11.045700
11.045700
11.045800
11.045800
11.045800
11.045800
11.045800
11.045800
11.045800
11.045800
11.045800
11.045800
11.045800
11.045900
11.045900
11.045900
11.045900
11.045900
11.045900
11.045900
11.045900
11.045900
11.045900
11.045900
11.045900
11.045900
11.046000
11.046000
11.046000
11.046000
11.046000
11.046000
11.046000
11.046000
11.046000
11.046000
11.046000
11.046000
11.046000
11.046000
11.046000
11.046000
11.046000
11.046000
11.046000
11.046000
11.046000
11.046000
11.046100
11.046100
11.046100
11.046100
11.046100
11.046100
11.046100
11.046100
11.046100
11.046100
11.046100
11.046100
11.046100
11.046100
11.046100
11.046100
11.046100
11.046100
11.046100
11.046100
11.046100
11.046100
11.046100
11.046100
11.046100
11.046100
11.046100
11.046100
11.046100
11.046100
11.046100
11.046100
11.046100
11.046100
11.046100
11.046100
11.046100
11.046100
11.046100
11.046100
11.046100
11.046100
11.046100
11.046100
11.046100
11.046100
11.046100
11.046100
11.046100
11.046100
11.046100
11.046100
11.046100
11.046000
11.046000
11.046000
11.046000
11.046000
11.046000
11.046000
11.046000
11.046000
11.046000
11.046000
11.046000
11.046000
11.046000
11.046000
11.046000
11.046000
11.046000
11.046000
11.046000
11.046000
11.046000
11.046000
11.046000
11.046000
11.046000
11.046000
11.045900
11.045900
11.045900
11.045900
11.045900
11.045900
11.045900
11.045900
11.045900
11.045900
11.045900
11.045900
11.045900
11.045900
11.045900
11.045900
11.045900
11.045900
11.045800
11.045800
11.045800
11.045800
11.045800
11.045800
11.045800
11.045800
11.045800
11.045800
11.045800
11.045800
11.045800
11.045800
11.045800
11.045800
11.045700
11.045700
11.045700
11.045700
11.045700
11.045700
11.045700
11.045700
11.045700
11.045700
11.045700
11.045700
11.045700
11.045600
11.045600
11.045600
11.045600
11.045600
11.045600
11.045600
11.045600
11.045600
11.045600
11.045600
11.045600
11.045600
11.045500
11.045500
11.045500
11.045500
11.045500
11.045500
11.045500
11.045500
11.045500
11.045500
11.045500
11.045400
11.045400
11.045400
11.045400
11.045400
11.045400
11.045400
11.045400
11.045400
11.045400
11.045400
11.045300
11.045300
11.045300
11.045300
11.045300
11.045300
11.045300
11.045300
11.045300
11.045300
11.045300
11.045200
11.045200
11.045200
11.045200
11.045200
11.045200
11.045200
11.045200
11.045200
11.045200
11.045100
11.045100
11.045100
11.045100
11.045100
11.045100
11.045100
11.045100
11.045100
11.045100
11.045000
11.045000
11.045000
11.045000
11.045000
11.045000
11.045000
11.045000
11.045000
11.044900
11.044900
11.044900
11.044900
11.044900
11.044900
11.044900
11.044900
11.044900
11.044800
11.044800
11.044800
11.044800
11.044800
11.044800
11.044800
11.044800
11.044800
11.044700
11.044700
11.044700
11.044700
11.044700
11.044700
11.044700
11.044700
11.044700
11.044600
11.044600
11.044600
11.044600
11.044600
11.044600
11.044600
11.044600
11.044600
11.044500
11.044500
11.044500
11.044500
11.044500
11.044500
11.044500
11.044500
11.044400
11.044400
11.044400
11.044400
11.044400
11.044400
11.044400
11.044400
11.044300
11.044300
11.044300
11.044300
11.044300
11.044300
11.044300
11.044300
11.044300
11.044200
11.044200
11.044200
11.044200
11.044200
11.044200
11.044200
11.044200
11.044100
11.044100
11.044100
11.044100
11.044100
11.044100
11.044100
11.044100
11.044000
11.044000
11.044000
11.044000
11.044000
11.044000
11.044000
11.043900
11.043900
11.043900
11.043900
11.043900
11.043900
11.043900
11.043900
11.043800
11.043800
11.043800
11.043800
11.043800
11.043800
11.043800
11.043800
11.043700
11.043700
11.043700
11.043700
11.043700
11.043700
11.043700
11.043600
11.043600
11.043600
11.043600
11.043600
11.043600
11.043600
11.043600
11.043500
11.043500
11.043500
11.043500
11.043500
11.043500
11.043500
11.043400
11.043400
11.043400
11.043400
11.043400
11.043400
11.043400
11.043400
11.043300
11.043300
11.043300
11.043300
11.043300
11.043300
11.043300
11.043200
11.043200
11.043200
11.043200
11.043200
11.043200
11.043200
11.043100
11.043100
11.043100
11.043100
11.043100
11.043100
11.043100
11.043100
11.043000
11.043000
11.043000
11.043000
11.043000
11.043000
11.043000
11.042900
11.042900
11.042900
11.042900
11.042900
11.042900
11.042900
11.042800
11.042800
11.042800
11.042800
11.042800
11.042800
11.042800
11.042700
11.042700
11.042700
11.042700
11.042700
11.042700
11.042700
11.042600
11.042600
11.042600
11.042600
11.042600
11.042600
11.042600
11.042500
11.042500
11.042500
11.042500
11.042500
11.042500
11.042500
11.042400
11.042400
11.042400
11.042400
11.042400
11.042400
11.042400
11.042300
11.042300
11.042300
11.042300
11.042300
11.042300
11.042300
11.042200
11.042200
11.042200
11.042200
11.042200
11.042200
11.042200
11.042100
11.042100
11.042100
11.042100
11.042100
11.042100
11.042100
11.042000
11.042000
11.042000
11.042000
11.042000
11.042000
11.042000
11.041900
11.041900
11.041900
11.041900
11.041900
11.041900
11.041800
11.041800
11.041800
11.041800
11.041800
11.041800
11.041800
11.041700
11.041700
11.041700
11.041700
11.041700
11.041700
11.041700
11.041600
11.041600
11.041600
11.041600
11.041600
11.041600
11.041600
11.041500
11.041500
11.041500
11.041500
11.041500
11.041500
11.041400
11.041400
11.041400
11.041400
11.041400
11.041400
11.041400
11.041300
11.041300
11.041300
11.041300
11.041300
11.041300
11.041300
11.041200
11.041200
11.041200
11.041200
11.041200
11.041200
11.041100
11.041100
11.041100
11.041100
11.041100
11.041100
11.041100
11.041000
11.041000
11.041000
11.041000
11.041000
11.041000
11.040900
11.040900
11.040900
11.040900
11.040900
11.040900
11.040900
11.040800
11.040800
11.040800
11.040800
11.040800
11.040800
11.040800
11.040700
11.040700
11.040700
11.040700
11.040700
11.040700
11.040600
11.040600
11.040600
11.040600
11.040600
11.040600
11.040600
11.040500
11.040500
11.040500
11.040500
11.040500
11.040500
11.040400
11.040400
11.040400
11.040400
11.040400
11.040400
11.040400
11.040300
11.040300
11.040300
11.040300
11.040300
11.040300
11.040200
11.040200
11.040200
11.040200
11.040200
11.040200
11.040200
11.040100
11.040100
11.040100
11.040100
11.040100
11.040100
11.040000
11.040000
11.040000
11.040000
11.040000
11.040000
11.040000
11.039900
11.039900
11.039900
11.039900
11.039900
11.039900
11.039800
11.039800
11.039800
11.039800
11.039800
11.039800
11.039700
11.039700
11.039700
11.039700
11.039700
11.039700
11.039700
11.039600
11.039600
11.039600
11.039600
11.039600
11.039600
11.039500
11.039500
11.039500
11.039500
11.039500
11.039500
11.039500
11.039400
11.039400
11.039400
11.039400
11.039400
11.039400
11.039300
11.039300
11.039300
11.039300
11.039300
11.039300
11.039200
11.039200
11.039200
11.039200
11.039200
11.039200
11.039200
11.039100
11.039100
11.039100
11.039100
11.039100
11.039100
11.039000
11.039000
11.039000
11.039000
11.039000
11.039000
11.038900
11.038900
11.038900
11.038900
11.038900
11.038900
11.038900
11.038800
11.038800
11.038800
11.038800
11.038800
11.038800
11.038700
11.038700
11.038700
11.038700
11.038700
11.038700
11.038600
11.038600
11.038600
11.038600
11.038600
11.038600
11.038600
11.038500
11.038500
11.038500
11.038500
11.038500
11.038500
11.038400
11.038400
11.038400
11.038400
11.038400
11.038400
11.038300
11.038300
11.038300
11.038300
11.038300
11.038300
11.038300
11.038200
11.038200
11.038200
11.038200
11.038200
11.038200
11.038100
11.038100
11.038100
11.038100
11.038100
11.038100
11.038000
11.038000
11.038000
11.038000
11.038000
11.038000
11.038000
11.037900
11.037900
11.037900
11.037900
11.037900
11.037900
11.037800
11.037800
11.037800
11.037800
11.037800
11.037800
11.037700
11.037700
11.037700
11.037700
11.037700
11.037700
11.037600
11.037600
11.037600
11.037600
11.037600
11.037600
11.037600
11.037500
11.037500
11.037500
11.037500
11.037500
11.037500
11.037400
11.037400
11.037400
11.037400
11.037400
11.037300
11.037300
11.037400
11.040200
11.040500
11.040400
11.040400
11.040300
11.040200
11.040100
11.040000
11.040000
11.039900
11.039900
11.039800
11.039700
11.039700
11.039600
11.039600
11.039500
11.039500
11.039500
11.039400
11.039400
11.039400
11.039300
11.039300
11.039300
11.039300
11.039300
11.039300
11.039300
11.039300
11.039300
11.039300
11.039300
11.039300
11.039300
11.039300
11.039400
11.039400
11.039400
11.039500
11.039500
11.039500
11.039600
11.039600
11.039600
11.039700
11.039700
11.039800
11.039800
11.039800
11.039900
11.039900
11.040000
11.040000
11.040100
11.040100
11.040200
11.040200
11.040300
11.040400
11.040400
11.040500
11.040500
11.040600
11.040600
11.040700
11.040700
11.040800
11.040800
11.040900
11.041000
11.041000
11.041100
11.041100
11.041200
11.041200
11.041300
11.041300
11.041400
11.041500
11.041500
11.041600
11.041600
11.041700
11.041700
11.041800
11.041800
11.041900
11.041900
11.042000
11.042000
11.042100
11.042100
11.042200
11.042200
11.042300
11.042300
11.042400
11.042400
11.042500
11.042500
11.042600
11.042600
11.042700
11.042700
11.042800
11.042800
11.042900
11.042900
11.042900
11.043000
11.043000
11.043100
11.043100
11.043200
11.043200
11.043200
11.043300
11.043300
11.043400
11.043400
11.043400
11.043500
11.043500
11.043600
11.043600
11.043600
11.043700
11.043700
11.043700
11.043800
11.043800
11.043900
11.043900
11.043900
11.044000
11.044000
11.044000
11.044100
11.044100
11.044100
11.044200
11.044200
11.044200
11.044200
11.044300
11.044300
11.044300
11.044400
11.044400
11.044400
11.044500
11.044500
11.044500
11.044500
11.044600
11.044600
11.044600
11.044700
11.044700
11.044700
11.044700
11.044800
11.044800
11.044800
11.044800
11.044900
11.044900
11.044900
11.044900
11.044900
11.045000
11.045000
11.045000
11.045000
11.045100
11.045100
11.045100
11.045100
11.045100
11.045200
11.045200
11.045200
11.045200
11.045200
11.045300
11.045300
11.045300
11.045300
11.045300
11.045400
11.045400
11.045400
11.045400
11.045400
11.045400
11.045500
11.045500
11.045500
11.045500
11.045500
11.045500
11.045500
11.045600
11.045600
11.045600
11.045600
11.045600
11.045600
11.045600
11.045700
11.045700
11.045700
11.045700
11.045700
11.045700
11.045700
11.045700
11.045800
11.045800
11.045800
11.045800
11.045800
11.045800
11.045800
11.045800
11.045800
11.045900
11.045900
11.045900
11.045900
11.045900
11.045900
11.045900
11.045900
11.045900
11.045900
11.045900
11.046000
11.046000
11.046000
11.046000
11.046000
11.046000
11.046000
11.046000
11.046000
11.046000
11.046000
11.046000
11.046000
11.046000
11.046100
11.046100
11.046100
11.046100
11.046100
11.046100
11.046100
11.046100
11.046100
11.046100
11.046100
11.046100
11.046100
11.046100
11.046100
11.046100
11.046100
11.046100
11.046100
11.046100
11.046100
11.046100
11.046100
11.046100
11.046100
11.046100
11.046200
11.046200
11.046200
11.046200
11.046200
11.046200
11.046200
11.046200
11.046200
11.046200
11.046200
11.046200
11.046200
11.046200
11.046200
11.046200
11.046200
11.046200
11.046200
11.046200
11.046200
11.046200
11.046200
11.046200
11.046200
11.046200
11.046200
11.046200
11.046200
11.046200
11.046200
11.046200
11.046200
11.046200
11.046200
11.046200
11.046200
11.046200
11.046100
11.046100
11.046100
11.046100
11.046100
11.046100
11.046100
11.046100
11.046100
11.046100
11.046100
11.046100
11.046100
11.046100
11.046100
11.046100
11.046100
11.046100
11.046100
11.046100
11.046100
11.046100
11.046100
11.046100
11.046100
11.046100
11.046100
11.046100
11.046100
11.046100
11.046100
11.046000
11.046000
11.046000
11.046000
11.046000
11.046000
11.046000
11.046000
11.046000
11.046000
11.046000
11.046000
11.046000
11.046000
11.046000
11.046000
11.046000
11.046000
11.046000
11.045900
11.045900
11.045900
11.045900
11.045900
11.045900
11.045900
11.045900
11.045900
11.045900
11.045900
11.045900
11.045900
11.045900
11.045900
11.045900
11.045800
11.045800
11.045800
11.045800
11.045800
11.045800
11.045800
11.045800
11.045800
11.045800
11.045800
11.045800
11.045800
11.045800
11.045700
11.045700
11.045700
11.045700
11.045700
11.045700
11.045700
11.045700
11.045700
11.045700
11.045700
11.045700
11.045600
11.045600
11.045600
11.045600
11.045600
11.045600
11.045600
11.045600
11.045600
11.045600
11.045600
11.045600
11.045500
11.045500
11.045500
11.045500
11.045500
11.045500
11.045500
11.045500
11.045500
11.045500
11.045500
11.045400
11.045400
11.045400
11.045400
11.045400
11.045400
11.045400
11.045400
11.045400
11.045400
11.045400
11.045300
11.045300
11.045300
11.045300
11.045300
11.045300
11.045300
11.045300
11.045300
11.045300
11.045200
11.045200
11.045200
11.045200
11.045200
11.045200
11.045200
11.045200
11.045200
11.045200
11.045100
11.045100
11.045100
11.045100
11.045100
11.045100
11.045100
11.045100
11.045100
11.045000
11.045000
11.045000
11.045000
11.045000
11.045000
11.045000
11.045000
11.045000
11.045000
11.044900
11.044900
11.044900
11.044900
11.044900
11.044900
11.044900
11.044900
11.044900
11.044800
11.044800
11.044800
11.044800
11.044800
11.044800
11.044800
11.044800
11.044700
11.044700
11.044700
11.044700
11.044700
11.044700
11.044700
11.044700
11.044700
11.044600
11.044600
11.044600
11.044600
11.044600
11.044600
11.044600
11.044600
11.044500
11.044500
11.044500
11.044500
11.044500
11.044500
11.044500
11.044500
11.044500
11.044400
11.044400
11.044400
11.044400
11.044400
11.044400
11.044400
11.044400
11.044300
11.044300
11.044300
11.044300
11.044300
11.044300
11.044300
11.044300
11.044200
11.044200
11.044200
11.044200
11.044200
11.044200
11.044200
11.044200
11.044100
11.044100
11.044100
11.044100
11.044100
11.044100
11.044100
11.044100
11.044000
11.044000
11.044000
11.044000
11.044000
11.044000
11.044000
11.044000
11.043900
11.043900
11.043900
11.043900
11.043900
11.043900
11.043900
11.043800
11.043800
11.043800
11.043800
11.043800
11.043800
11.043800
11.043800
11.043700
11.043700
11.043700
11.043700
11.043700
11.043700
11.043700
11.043700
11.043600
11.043600
11.043600
11.043600
11.043600
11.043600
11.043600
11.043500
11.043500
11.043500
11.043500
11.043500
11.043500
11.043500
11.043400
11.043400
11.043400
11.043400
11.043400
11.043400
11.043400
11.043400
11.043300
11.043300
11.043300
11.043300
11.043300
11.043300
11.043300
11.043200
11.043200
11.043200
11.043200
11.043200
11.043200
11.043200
11.043100
11.043100
11.043100
11.043100
11.043100
11.043100
11.043100
11.043100
11.043000
11.043000
11.043000
11.043000
11.043000
11.043000
11.043000
11.042900
11.042900
11.042900
11.042900
11.042900
11.042900
11.042900
11.042800
11.042800
11.042800
11.042800
11.042800
11.042800
11.042800
11.042700
11.042700
11.042700
11.042700
11.042700
11.042700
11.042700
11.042600
11.042600
11.042600
11.042600
11.042600
11.042600
11.042600
11.042500
11.042500
11.042500
11.042500
11.042500
11.042500
11.042500
11.042400
11.042400
11.042400
11.042400
11.042400
11.042400
11.042400
11.042300
11.042300
11.042300
11.042300
11.042300
11.042300
11.042300
11.042200
11.042200
11.042200
11.042200
11.042200
11.042200
11.042100
11.042100
11.042100
11.042100
11.042100
11.042100
11.042100
11.042000
11.042000
11.042000
11.042000
11.042000
11.042000
11.042000
11.041900
11.041900
11.041900
11.041900
11.041900
11.041900
11.041900
11.041800
11.041800
11.041800
11.041800
11.041800
11.041800
11.041800
11.041700
11.041700
11.041700
11.041700
11.041700
11.041700
11.041600
11.041600
11.041600
11.041600
11.041600
11.041600
11.041600
11.041500
11.041500
11.041500
11.041500
11.041500
11.041500
11.041500
11.041400
11.041400
11.041400
11.041400
11.041400
11.041400
11.041300
11.041300
11.041300
11.041300
11.041300
11.041300
11.041300
11.041200
11.041200
11.041200
11.041200
11.041200
11.041200
11.041200
11.041100
11.041100
11.041100
11.041100
11.041100
11.041100
11.041000
11.041000
11.041000
11.041000
11.041000
11.041000
11.041000
11.040900
11.040900
11.040900
11.040900
11.040900
11.040900
11.040800
11.040800
11.040800
11.040800
11.040800
11.040800
11.040800
11.040700
11.040700
11.040700
11.040700
11.040700
11.040700
11.040600
11.040600
11.040600
11.040600
11.040600
11.040600
11.040600
11.040500
11.040500
11.040500
11.040500
11.040500
11.040500
11.040400
11.040400
11.040400
11.040400
11.040400
11.040400
11.040400
11.040300
11.040300
11.040300
11.040300
11.040300
11.040300
11.040200
11.040200
11.040200
11.040200
11.040200
11.040200
11.040200
11.040100
11.040100
11.040100
11.040100
11.040100
11.040100
11.040000
11.040000
11.040000
11.040000
11.040000
11.040000
11.040000
11.039900
11.039900
11.039900
11.039900
11.039900
11.039900
11.039800
11.039800
11.039800
11.039800
11.039800
11.039800
11.039800
11.039700
11.039700
11.039700
11.039700
11.039700
11.039700
11.039600
11.039600
11.039600
11.039600
11.039600
11.039600
11.039500
11.039500
11.039500
11.039500
11.039500
11.039500
11.039500
11.039400
11.039400
11.039400
11.039400
11.039400
11.039400
11.039300
11.039300
11.039300
11.039300
11.039300
11.039300
11.039300
11.039200
11.039200
11.039200
11.039200
11.039200
11.039200
11.039100
11.039100
11.039100
11.039100
11.039100
11.039100
11.039000
11.039000
11.039000
11.039000
11.039000
11.039000
11.039000
11.038900
11.038900
11.038900
11.038900
11.038900
11.038900
11.038800
11.038800
11.038800
11.038800
11.038800
11.038800
11.038700
11.038700
11.038700
11.038700
11.038700
11.038700
11.038700
11.038600
11.038600
11.038600
11.038600
11.038600
11.038600
11.038500
11.038500
11.038500
11.038500
11.038500
11.038500
11.038400
11.038400
11.038400
11.038400
11.038400
11.038400
11.038300
11.038300
11.038300
11.038300
11.038300
11.038300
11.038300
11.038200
11.038200
11.038200
11.038200
11.038200
11.038200
11.038100
11.038100
11.038100
11.038100
11.038100
11.038100
11.038000
11.038000
11.038000
11.038000
11.038000
11.038000
11.038000
11.037900
11.037900
11.037900
11.037900
11.037900
11.037900
11.037800
11.037800
11.037800
11.037800
11.037800
11.037800
11.037700
11.037700
11.037700
11.037700
11.037700
11.037700
11.037600
11.037600
11.037600
11.037600
11.037600
11.037600
11.037600
11.037500
11.037500
11.037500
11.037500
11.037500
11.037400
11.037400
11.037400
11.037500
11.040300
11.040600
11.040500
11.040400
11.040400
11.040300
11.040200
11.040100
11.040100
11.040000
11.039900
11.039900
11.039800
11.039800
11.039700
11.039700
11.039600
11.039600
11.039500
11.039500
11.039500
11.039400
11.039400
11.039400
11.039400
11.039400
11.039300
11.039300
11.039300
11.039300
11.039300
11.039400
11.039400
11.039400
11.039400
11.039400
11.039500
11.039500
11.039500
11.039500
11.039600
11.039600
11.039600
11.039700
11.039700
11.039800
11.039800
11.039800
11.039900
11.039900
11.040000
11.040000
11.040100
11.040100
11.040200
11.040200
11.040300
11.040300
11.040400
11.040400
11.040500
11.040500
11.040600
11.040600
11.040700
11.040800
11.040800
11.040900
11.040900
11.041000
11.041000
11.041100
11.041200
11.041200
11.041300
11.041300
11.041400
11.041400
11.041500
11.041500
11.041600
11.041600
11.041700
11.041800
11.041800
11.041900
11.041900
11.042000
11.042000
11.042100
11.042100
11.042200
11.042200
11.042300
11.042300
11.042400
11.042400
11.042500
11.042500
11.042600
11.042600
11.042700
11.042700
11.042800
11.042800
11.042800
11.042900
11.042900
11.043000
11.043000
11.043100
11.043100
11.043200
11.043200
11.043200
11.043300
11.043300
11.043400
11.043400
11.043400
11.043500
11.043500
11.043600
11.043600
11.043600
11.043700
11.043700
11.043800
11.043800
11.043800
11.043900
11.043900
11.043900
11.044000
11.044000
11.044000
11.044100
11.044100
11.044100
11.044200
11.044200
11.044200
11.044300
11.044300
11.044300
11.044400
11.044400
11.044400
11.044500
11.044500
11.044500
11.044500
11.044600
11.044600
11.044600
11.044700
11.044700
11.044700
11.044700
11.044800
11.044800
11.044800
11.044800
11.044900
11.044900
11.044900
11.044900
11.045000
11.045000
11.045000
11.045000
11.045100
11.045100
11.045100
11.045100
11.045100
11.045200
11.045200
11.045200
11.045200
11.045200
11.045300
11.045300
11.045300
11.045300
11.045300
11.045400
11.045400
11.045400
11.045400
11.045400
11.045500
11.045500
11.045500
11.045500
11.045500
11.045500
11.045600
11.045600
11.045600
11.045600
11.045600
11.045600
11.045600
11.045700
11.045700
11.045700
11.045700
11.045700
11.045700
11.045700
11.045800
11.045800
11.045800
11.045800
11.045800
11.045800
11.045800
11.045800
11.045900
11.045900
11.045900
11.045900
11.045900
11.045900
11.045900
11.045900
11.045900
11.045900
11.046000
11.046000
11.046000
11.046000
11.046000
11.046000
11.046000
11.046000
11.046000
11.046000
11.046000
11.046100
11.046100
11.046100
11.046100
11.046100
11.046100
11.046100
11.046100
11.046100
11.046100
11.046100
11.046100
11.046100
11.046100
11.046100
11.046100
11.046200
11.046200
11.046200
11.046200
11.046200
11.046200
11.046200
11.046200
11.046200
11.046200
11.046200
11.046200
11.046200
11.046200
11.046200
11.046200
11.046200
11.046200
11.046200
11.046200
11.046200
11.046200
11.046200
11.046200
11.046200
11.046200
11.046200
11.046200
11.046200
11.046200
11.046200
11.046200
11.046200
11.046200
11.046200
11.046200
11.046200
11.046200
11.046300
11.046300
11.046300
11.046300
11.046300
11.046200
11.046200
11.046200
11.046200
11.046200
11.046200
11.046200
11.046200
11.046200
11.046200
11.046200
11.046200
11.046200
11.046200
11.046200
11.046200
11.046200
11.046200
11.046200
11.046200
11.046200
11.046200
11.046200
11.046200
11.046200
11.046200
11.046200
11.046200
11.046200
11.046200
11.046200
11.046200
11.046200
11.046200
11.046200
11.046200
11.046200
11.046200
11.046200
11.046200
11.046200
11.046200
11.046200
11.046100
11.046100
11.046100
11.046100
11.046100
11.046100
11.046100
11.046100
11.046100
11.046100
11.046100
11.046100
11.046100
11.046100
11.046100
11.046100
11.046100
11.046100
11.046100
11.046100
11.046100
11.046000
11.046000
11.046000
11.046000
11.046000
11.046000
11.046000
11.046000
11.046000
11.046000
11.046000
11.046000
11.046000
11.046000
11.046000
11.046000
11.045900
11.045900
11.045900
11.045900
11.045900
11.045900
11.045900
11.045900
11.045900
11.045900
11.045900
11.045900
11.045900
11.045900
11.045800
11.045800
11.045800
11.045800
11.045800
11.045800
11.045800
11.045800
11.045800
11.045800
11.045800
11.045800
11.045800
11.045700
11.045700
11.045700
11.045700
11.045700
11.045700
11.045700
11.045700
11.045700
11.045700
11.045700
11.045700
11.045600
11.045600
11.045600
11.045600
11.045600
11.045600
11.045600
11.045600
11.045600
11.045600
11.045600
11.045500
11.045500
11.045500
11.045500
11.045500
11.045500
11.045500
11.045500
11.045500
11.045500
11.045500
11.045400
11.045400
11.045400
11.045400
11.045400
11.045400
11.045400
11.045400
11.045400
11.045400
11.045300
11.045300
11.045300
11.045300
11.045300
11.045300
11.045300
11.045300
11.045300
11.045300
11.045200
11.045200
11.045200
11.045200
11.045200
11.045200
11.045200
11.045200
11.045200
11.045200
11.045100
11.045100
11.045100
11.045100
11.045100
11.045100
11.045100
11.045100
11.045100
11.045000
11.045000
11.045000
11.045000
11.045000
11.045000
11.045000
11.045000
11.045000
11.044900
11.044900
11.044900
11.044900
11.044900
11.044900
11.044900
11.044900
11.044900
11.044800
11.044800
11.044800
11.044800
11.044800
11.044800
11.044800
11.044800
11.044700
11.044700
11.044700
11.044700
11.044700
11.044700
11.044700
11.044700
11.044700
11.044600
11.044600
11.044600
11.044600
11.044600
11.044600
11.044600
11.044600
11.044500
11.044500
11.044500
11.044500
11.044500
11.044500
11.044500
11.044500
11.044400
11.044400
11.044400
11.044400
11.044400
11.044400
11.044400
11.044400
11.044400
11.044300
11.044300
11.044300
11.044300
11.044300
11.044300
11.044300
11.044300
11.044200
11.044200
11.044200
11.044200
11.044200
11.044200
11.044200
11.044100
11.044100
11.044100
11.044100
11.044100
11.044100
11.044100
11.044100
11.044000
11.044000
11.044000
11.044000
11.044000
11.044000
11.044000
11.044000
11.043900
11.043900
11.043900
11.043900
11.043900
11.043900
11.043900
11.043900
11.043800
11.043800
11.043800
11.043800
11.043800
11.043800
11.043800
11.043700
11.043700
11.043700
11.043700
11.043700
11.043700
11.043700
11.043700
11.043600
11.043600
11.043600
11.043600
11.043600
11.043600
11.043600
11.043500
11.043500
11.043500
11.043500
11.043500
11.043500
11.043500
11.043400
11.043400
11.043400
11.043400
11.043400
11.043400
11.043400
11.043400
11.043300
11.043300
11.043300
11.043300
11.043300
11.043300
11.043300
11.043200
11.043200
11.043200
11.043200
11.043200
11.043200
11.043200
11.043100
11.043100
11.043100
11.043100
11.043100
11.043100
11.043100
11.043000
11.043000
11.043000
11.043000
11.043000
11.043000
11.043000
11.042900
11.042900
11.042900
11.042900
11.042900
11.042900
11.042900
11.042900
11.042800
11.042800
11.042800
11.042800
11.042800
11.042800
11.042800
11.042700
11.042700
11.042700
11.042700
11.042700
11.042700
11.042700
11.042600
11.042600
11.042600
11.042600
11.042600
11.042600
11.042500
11.042500
11.042500
11.042500
11.042500
11.042500
11.042500
11.042400
11.042400
11.042400
11.042400
11.042400
11.042400
11.042400
11.042300
11.042300
11.042300
11.042300
11.042300
11.042300
11.042300
11.042200
11.042200
11.042200
11.042200
11.042200
11.042200
11.042200
11.042100
11.042100
11.042100
11.042100
11.042100
11.042100
11.042100
11.042000
11.042000
11.042000
11.042000
11.042000
11.042000
11.042000
11.041900
11.041900
11.041900
11.041900
11.041900
11.041900
11.041800
11.041800
11.041800
11.041800
11.041800
11.041800
11.041800
11.041700
11.041700
11.041700
11.041700
11.041700
11.041700
11.041700
11.041600
11.041600
11.041600
11.041600
11.041600
11.041600
11.041500
11.041500
11.041500
11.041500
11.041500
11.041500
11.041500
11.041400
11.041400
11.041400
11.041400
11.041400
11.041400
11.041400
11.041300
11.041300
11.041300
11.041300
11.041300
11.041300
11.041200
11.041200
11.041200
11.041200
11.041200
11.041200
11.041200
11.041100
11.041100
11.041100
11.041100
11.041100
11.041100
11.041100
11.041000
11.041000
11.041000
11.041000
11.041000
11.041000
11.040900
11.040900
11.040900
11.040900
11.040900
11.040900
11.040900
11.040800
11.040800
11.040800
11.040800
11.040800
11.040800
11.040700
11.040700
11.040700
11.040700
11.040700
11.040700
11.040700
11.040600
11.040600
11.040600
11.040600
11.040600
11.040600
11.040500
11.040500
11.040500
11.040500
11.040500
11.040500
11.040500
11.040400
11.040400
11.040400
11.040400
11.040400
11.040400
11.040300
11.040300
11.040300
11.040300
11.040300
11.040300
11.040300
11.040200
11.040200
11.040200
11.040200
11.040200
11.040200
11.040100
11.040100
11.040100
11.040100
11.040100
11.040100
11.040100
11.040000
11.040000
11.040000
11.040000
11.040000
11.040000
11.039900
11.039900
11.039900
11.039900
11.039900
11.039900
11.039800
11.039800
11.039800
11.039800
11.039800
11.039800
11.039800
11.039700
11.039700
11.039700
11.039700
11.039700
11.039700
11.039600
11.039600
11.039600
11.039600
11.039600
11.039600
11.039600
11.039500
11.039500
11.039500
11.039500
11.039500
11.039500
11.039400
11.039400
11.039400
11.039400
11.039400
11.039400
11.039300
11.039300
11.039300
11.039300
11.039300
11.039300
11.039300
11.039200
11.039200
11.039200
11.039200
11.039200
11.039200
11.039100
11.039100
11.039100
11.039100
11.039100
11.039100
11.039000
11.039000
11.039000
11.039000
11.039000
11.039000
11.039000
11.038900
11.038900
11.038900
11.038900
11.038900
11.038900
11.038800
11.038800
11.038800
11.038800
11.038800
11.038800
11.038700
11.038700
11.038700
11.038700
11.038700
11.038700
11.038700
11.038600
11.038600
11.038600
11.038600
11.038600
11.038600
11.038500
11.038500
11.038500
11.038500
11.038500
11.038500
11.038400
11.038400
11.038400
11.038400
11.038400
11.038400
11.038400
11.038300
11.038300
11.038300
11.038300
11.038300
11.038300
11.038200
11.038200
11.038200
11.038200
11.038200
11.038200
11.038100
11.038100
11.038100
11.038100
11.038100
11.038100
11.038000
11.038000
11.038000
11.038000
11.038000
11.038000
11.038000
11.037900
11.037900
11.037900
11.037900
11.037900
11.037900
11.037800
11.037800
11.037800
11.037800
11.037800
11.037800
11.037700
11.037700
11.037700
11.037700
11.037700
11.037700
11.037600
11.037600
11.037600
11.037600
11.037600
11.037600
