1.181880
1.179970
1.178060
1.176150
1.174270
1.172390
1.170720
1.170720
1.173240
1.178660
1.187600
1.201240
1.222000
1.254070
1.302700
1.373300
1.470390
1.597060
1.754640
1.942810
2.159890
2.403220
2.669540
2.955420
3.257490
3.572590
3.897880
4.230800
4.569020
4.910400
5.253000
5.595050
5.935110
6.271920
6.604670
6.932550
7.255230
7.572370
7.883790
8.189400
8.489180
8.783140
9.071320
9.353860
9.630800
9.902250
10.168300
10.429000
10.684500
10.934900
11.180200
11.420600
11.656200
11.887000
12.113000
12.334500
12.551400
12.763800
12.971900
13.175500
13.374900
13.570100
13.761000
13.947900
14.130700
14.309500
14.484300
14.655300
14.822300
14.985600
15.145100
15.300800
15.453000
15.601500
15.746400
15.887800
16.025600
16.160100
16.291100
16.418700
16.543000
16.664000
16.781800
16.896300
17.007700
17.116000
17.221100
17.323300
17.422400
17.518500
17.611700
17.701900
17.789300
17.873900
17.955600
18.034600
18.110800
18.184400
18.255200
18.323500
18.389100
18.452200
18.512700
18.570700
18.626200
18.679300
18.730000
18.778300
18.824300
18.867900
18.909200
18.948300
18.985100
19.019800
19.052200
19.082500
19.110700
19.136800
19.160800
19.182800
19.202800
19.220800
19.236800
19.251000
19.263200
19.273500
19.282000
19.288600
19.293500
19.296600
19.297900
19.297500
19.295400
19.291600
19.286200
19.279100
19.270500
19.260200
19.248400
19.235000
19.220200
19.203800
19.186000
19.166700
19.146000
19.123900
19.100500
19.075600
19.049500
19.022000
18.993200
18.963100
18.931800
18.899200
18.865500
18.830500
18.794400
18.757100
18.718600
18.679100
18.638500
18.596800
18.554000
18.510200
18.465400
18.419500
18.372800
18.325000
18.276300
18.226600
18.176100
18.124600
18.072300
18.019100
17.965100
17.910200
17.854600
17.798100
17.740900
17.683000
17.624200
17.564800
17.504700
17.443900
17.382300
17.320100
17.257300
17.193900
17.129800
17.065200
17.000000
16.934100
16.867800
16.800900
16.733500
16.665600
16.597200
16.528200
16.458900
16.389000
16.318800
16.248100
16.177000
16.105500
16.033600
15.961400
15.888800
15.815800
15.742500
15.668900
15.595000
15.520800
15.446400
15.371600
15.296700
15.221400
15.146000
15.070300
14.994400
14.918300
14.842100
14.765600
14.689000
14.612300
14.535400
14.458400
14.381400
14.304100
14.226800
14.149500
14.072100
13.994600
13.917100
13.839500
13.761900
13.684300
13.606800
13.529200
13.451600
13.374000
13.296600
13.219100
13.141800
13.064400
12.987200
12.910100
12.833100
12.756200
12.679300
12.602600
12.526100
12.449800
12.373500
12.297500
12.221600
12.145900
12.070400
11.995100
11.920000
11.845200
11.770500
11.696100
11.622000
11.548100
11.474400
11.401100
11.328000
11.255200
11.182700
11.110500
11.038600
10.967000
10.895700
10.824800
10.754200
10.683900
10.614000
10.544400
10.475200
10.406400
10.338000
10.269800
10.202100
10.134800
10.067900
10.001400
9.935270
9.869510
9.804210
9.739360
9.674900
9.610840
9.547230
9.484020
9.421260
9.358950
9.297090
9.235630
9.174680
9.114130
9.054020
8.994370
8.935170
8.876480
8.818190
8.760350
8.703020
8.646140
8.589650
8.533680
8.478150
8.423140
8.368520
8.314410
8.260750
8.207550
8.154800
8.102490
8.050650
7.999310
7.948360
7.897930
7.847950
7.798360
7.749280
7.700660
7.652430
7.604710
7.557380
7.510510
7.464090
7.418070
7.372490
7.327370
7.282710
7.238440
7.194560
7.151140
7.108110
7.065530
7.023350
6.981570
6.940180
6.899190
6.858650
6.818450
6.778640
6.739290
6.700280
6.661600
6.623380
6.585500
6.548010
6.510870
6.474060
6.437650
6.401570
6.365890
6.330560
6.295500
6.260840
6.226520
6.192540
6.158900
6.125540
6.092520
6.059840
6.027500
5.995440
5.963660
5.932230
5.901130
5.870260
5.839720
5.809470
5.779510
5.749880
5.720480
5.691360
5.662520
5.633990
5.605700
5.577680
5.549920
5.522430
5.495190
5.468210
5.441480
5.414990
5.388750
5.362760
5.337000
5.311470
5.286190
5.261130
5.236300
5.211690
5.187310
5.163140
5.139200
5.115470
5.091940
5.068630
5.045530
5.022620
4.999920
4.977420
4.955110
4.933000
4.911080
4.889350
4.867800
4.846450
4.825270
4.804270
4.783450
4.762800
4.742340
4.722040
4.701910
4.681950
4.662150
4.642520
4.623050
4.603740
4.584580
4.565580
4.546740
4.528050
4.509500
4.491110
4.472860
4.454760
4.436790
4.418980
4.401300
4.383760
4.366360
4.349090
4.331950
4.314950
4.298070
4.281330
4.264710
4.248220
4.231850
4.215610
4.199480
4.183480
4.167590
4.151820
4.136170
4.120630
4.105220
4.089900
4.074700
4.059610
4.044630
4.029760
4.014990
4.000320
3.985760
3.971300
3.956950
3.942690
3.928540
3.914470
3.900510
3.886650
3.872880
3.859200
3.845610
3.832120
3.818720
3.805410
3.792190
3.779060
3.766010
3.753050
3.740180
3.727390
3.714680
3.702060
3.689520
3.677050
3.664670
3.652370
3.640150
3.628000
3.615930
3.603940
3.592030
3.580180
3.568420
3.556720
3.545100
3.533550
3.522070
3.510660
3.499320
3.488050
3.476850
3.465720
3.454650
3.443650
3.432720
3.421840
3.411040
3.400300
3.389620
3.379000
3.368450
3.357960
3.347530
3.337160
3.326840
3.316590
3.306400
3.296260
3.286190
3.276170
3.266200
3.256290
3.246440
3.236640
3.226900
3.217210
3.207570
3.197990
3.188460
3.178980
3.169560
3.160180
3.150860
3.141580
3.132360
3.123180
3.114060
3.104980
3.095950
3.086970
3.078040
3.069150
3.060310
3.051520
3.042770
3.034060
3.025410
3.016800
3.008220
2.999700
2.991220
2.982780
2.974380
2.966030
2.957720
2.949450
2.941220
2.933030
2.924880
2.916780
2.908710
2.900690
2.892700
2.884750
2.876850
2.868980
2.861140
2.853350
2.845590
2.837870
2.830190
2.822540
2.814930
2.807360
2.799830
2.792320
2.784850
2.777420
2.770030
2.762670
2.755340
2.748050
2.740790
2.733560
2.726370
2.719210
2.712080
2.704980
2.697920
2.690890
2.683890
2.676930
2.669990
2.663090
2.656220
2.649370
2.642560
2.635780
2.629030
2.622300
2.615610
2.608950
2.602320
2.595710
2.589130
2.582580
2.576060
2.569570
2.563110
2.556680
2.550270
2.543890
2.537530
2.531210
2.524910
2.518640
2.512390
2.506170
2.499980
2.493810
2.487670
2.481550
2.475460
2.469390
2.463350
2.457340
2.451350
2.445380
2.439440
2.433520
2.427630
2.421760
2.415910
2.410090
2.404290
2.398510
2.392760
2.387040
2.381330
2.375640
2.369980
2.364350
2.358730
2.353130
2.347570
2.342010
2.336480
2.330980
2.325500
2.320030
2.314590
2.309170
2.303770
2.298390
2.293030
2.287690
2.282370
2.277080
2.271800
2.266540
2.261310
2.256090
2.250890
2.245710
2.240560
2.235420
2.230300
2.225200
2.220120
2.215060
2.210010
2.204990
2.199980
2.195000
2.190030
2.185070
2.180140
2.175220
2.170330
2.165450
2.160590
2.155740
2.150920
2.146110
2.141320
2.136550
2.131790
2.127050
2.122330
2.117620
2.112930
2.108260
2.103610
2.098970
2.094350
2.089740
2.085150
2.080570
2.076020
2.071480
2.066950
2.062440
2.057950
2.053470
2.049010
2.044560
2.040120
2.035710
2.031310
2.026920
2.022550
2.018190
2.013850
2.009520
2.005220
2.000920
1.996630
1.992360
1.988110
1.983870
1.979650
1.975440
1.971240
1.967060
1.962890
1.958740
1.954590
1.950470
1.946360
1.942260
1.938170
1.934100
1.930040
1.926000
1.921960
1.917940
1.913940
1.909940
1.905970
1.902000
1.898050
1.894110
1.890180
1.886260
1.882360
1.878470
1.874590
1.870730
1.866880
1.863040
1.859210
1.855390
1.851590
1.847800
1.844020
1.840260
1.836500
1.832750
1.829030
1.825310
1.821600
1.817900
1.814220
1.810540
1.806890
1.803230
1.799600
1.795970
1.792360
1.788750
1.785160
1.781570
1.778010
1.774440
1.770900
1.767360
1.763830
1.760310
1.756810
1.753310
1.749830
1.746360
1.742900
1.739440
1.736000
1.732570
1.729150
1.725740
1.722340
1.718950
1.715570
1.712200
1.708840
1.705500
1.702160
1.698830
1.695510
1.692200
1.688900
1.685610
1.682330
1.679060
1.675810
1.672560
1.669320
1.666080
1.662870
1.659650
1.656450
1.653260
1.650080
1.646900
1.643730
1.640580
1.637430
1.634290
1.631170
1.628050
1.624940
1.621840
1.618750
1.615660
1.612590
1.609520
1.606470
1.603420
1.600380
1.597360
1.594330
1.591320
1.588320
1.585320
1.582340
1.579360
1.576390
1.573430
1.570480
1.567530
1.564600
1.561670
1.558750
1.555840
1.552940
1.550040
1.547160
1.544280
1.541410
1.538550
1.535690
1.532850
1.530010
1.527180
1.524360
1.521550
1.518740
1.515940
1.513150
1.510370
1.507590
1.504830
1.502070
1.499310
1.496570
1.493840
1.491100
1.488390
1.485670
1.482960
1.480270
1.477570
1.474890
1.472210
1.469540
1.466880
1.464230
1.461570
1.458930
1.456300
1.453670
1.451060
1.448440
1.445840
1.443240
1.440650
1.438070
1.435490
1.432920
1.430360
1.427800
1.425250
1.422710
1.420170
1.417650
1.415130
1.412610
1.410100
1.407600
1.405110
1.402620
1.400140
1.397670
1.395190
1.392730
1.390280
1.387830
1.385380
1.382940
1.380510
1.378090
1.375670
1.373260
1.370860
1.368460
1.366070
1.363690
1.361310
1.358940
1.356570
1.354210
1.351860
1.349510
1.347170
1.344840
1.342510
1.340180
1.337860
1.335560
1.333250
1.330950
1.328660
1.326370
1.324090
1.321820
1.319550
1.317280
1.315030
1.312780
1.310530
1.308290
1.306050
1.303830
1.301610
1.299390
1.297180
1.294970
1.292770
1.290570
1.288390
1.286200
1.284030
1.281860
1.279690
1.277530
1.275380
1.273220
1.271080
1.268940
1.266810
1.264680
1.262560
1.260440
1.258330
1.256220
1.254120
1.252020
1.249930
1.247850
1.245770
1.243700
1.241630
1.239560
1.237500
1.235450
1.233400
1.231350
1.229320
1.227280
1.225260
1.223230
1.221220
1.219200
1.217200
1.215190
1.213190
1.211200
1.209210
1.207230
1.205250
1.203280
1.201310
1.199350
1.197390
1.195430
1.193490
1.191540
1.189600
1.187670
1.185740
1.183810
1.181890
1.179980
1.178070
1.176160
1.174280
1.172400
1.170730
1.170730
1.173260
1.178670
1.187610
1.201260
1.222020
1.254090
1.302730
1.373320
1.470410
1.597070
1.754650
1.942820
2.159900
2.403220
2.669540
2.955420
3.257480
3.572580
3.897870
4.230790
4.569000
4.910390
5.252980
5.595030
5.935050
6.271920
6.604610
6.932550
7.255230
7.572370
7.883740
8.189340
8.489120
8.783080
9.071320
9.353800
9.630740
9.902190
10.168200
10.428900
10.684400
10.934800
11.180100
11.420500
11.656100
11.886900
12.112900
12.334400
12.551400
12.763800
12.971800
13.175500
13.374800
13.570000
13.760900
13.947800
14.130600
14.309400
14.484200
14.655100
14.822200
14.985500
15.145000
15.300800
15.452900
15.601400
15.746300
15.887700
16.025600
16.160000
16.291000
16.418600
16.542900
16.663900
16.781700
16.896200
17.007600
17.115800
17.221000
17.323100
17.422200
17.518300
17.611500
17.701800
17.789200
17.873700
17.955500
18.034500
18.110700
18.184300
18.255100
18.323400
18.389000
18.452100
18.512600
18.570600
18.626100
18.679200
18.729900
18.778200
18.824100
18.867800
18.909100
18.948200
18.985000
19.019700
19.052100
19.082400
19.110600
19.136700
19.160700
19.182700
19.202700
19.220700
19.236800
19.250900
19.263100
19.273400
19.281900
19.288600
19.293400
19.296500
19.297800
19.297400
19.295400
19.291600
19.286100
19.279100
19.270400
19.260200
19.248400
19.235000
19.220200
19.203800
19.186000
19.166700
19.146000
19.123900
19.100500
19.075600
19.049500
19.021900
18.993100
18.963100
18.931800
18.899200
18.865500
18.830500
18.794300
18.757100
18.718600
18.679100
18.638500
18.596800
18.554000
18.510200
18.465400
18.419500
18.372800
18.325000
18.276300
18.226600
18.176100
18.124600
18.072300
18.019100
17.965100
17.910300
17.854600
17.798100
17.740900
17.683000
17.624300
17.564900
17.504700
17.443900
17.382300
17.320200
17.257400
17.193900
17.129900
17.065300
17.000000
16.934200
16.867800
16.800900
16.733500
16.665600
16.597200
16.528300
16.458900
16.389100
16.318800
16.248100
16.177100
16.105500
16.033700
15.961400
15.888800
15.815900
15.742600
15.669000
15.595100
15.520900
15.446400
15.371700
15.296700
15.221500
15.146000
15.070300
14.994400
14.918400
14.842100
14.765700
14.689100
14.612300
14.535500
14.458500
14.381400
14.304300
14.227000
14.149600
14.072200
13.994700
13.917100
13.839600
13.762000
13.684400
13.606800
13.529200
13.451700
13.374200
13.296600
13.219200
13.141800
13.064500
12.987300
12.910200
12.833100
12.756200
12.679400
12.602800
12.526200
12.449800
12.373600
12.297600
12.221700
12.146000
12.070500
11.995200
11.920100
11.845200
11.770600
11.696200
11.622100
11.548200
11.474500
11.401200
11.328000
11.255300
11.182700
11.110500
11.038700
10.967000
10.895800
10.824800
10.754300
10.684000
10.614000
10.544500
10.475300
10.406500
10.338000
10.269900
10.202200
10.134900
10.068000
10.001400
9.935330
9.869630
9.804320
9.739410
9.674960
9.610900
9.547290
9.484070
9.421310
9.359010
9.297150
9.235690
9.174740
9.114180
9.054080
8.994430
8.935230
8.876540
8.818250
8.760410
8.703070
8.646190
8.589770
8.533730
8.478270
8.423200
8.368580
8.314470
8.260810
8.207600
8.154850
8.102550
8.050760
7.999360
7.948480
7.897990
7.848000
7.798470
7.749340
7.700710
7.652490
7.604760
7.557440
7.510570
7.464150
7.418120
7.372550
7.327430
7.282760
7.238490
7.194620
7.151190
7.108160
7.065590
7.023410
6.981630
6.940240
6.899250
6.858710
6.818510
6.778700
6.739290
6.700280
6.661660
6.623440
6.585560
6.548010
6.510870
6.474110
6.437700
6.401630
6.365950
6.330560
6.295560
6.260900
6.226580
6.192600
6.158900
6.125600
6.092580
6.059890
6.027500
5.995440
5.963720
5.932280
5.901130
5.870310
5.839780
5.809530
5.779560
5.749880
5.720540
5.691420
5.662580
5.634020
5.605730
5.577720
5.549960
5.522470
5.495230
5.468240
5.441510
5.415030
5.388790
5.362790
5.337030
5.311510
5.286220
5.261160
5.236330
5.211720
5.187340
5.163180
5.139230
5.115500
5.091970
5.068660
5.045550
5.022650
4.999950
4.977450
4.955140
4.933030
4.911110
4.889380
4.867830
4.846470
4.825290
4.804290
4.783480
4.762830
4.742370
4.722060
4.701930
4.681970
4.662180
4.642540
4.623070
4.603760
4.584600
4.565610
4.546760
4.528070
4.509530
4.491130
4.472880
4.454780
4.436820
4.419000
4.401330
4.383780
4.366380
4.349110
4.331970
4.314970
4.298090
4.281350
4.264730
4.248240
4.231870
4.215630
4.199500
4.183500
4.167610
4.151850
4.136190
4.120660
4.105230
4.089920
4.074720
4.059630
4.044650
4.029770
4.015000
4.000340
3.985780
3.971320
3.956970
3.942710
3.928550
3.914500
3.900530
3.886670
3.872890
3.859220
3.845640
3.832150
3.818750
3.805440
3.792210
3.779080
3.766030
3.753070
3.740200
3.727400
3.714700
3.702070
3.689530
3.677070
3.664690
3.652390
3.640170
3.628020
3.615960
3.603960
3.592040
3.580200
3.568440
3.556740
3.545120
3.533570
3.522090
3.510680
3.499340
3.488070
3.476870
3.465740
3.454670
3.443670
3.432730
3.421860
3.411060
3.400310
3.389640
3.379020
3.368470
3.357980
3.347540
3.337170
3.326860
3.316610
3.306420
3.296280
3.286200
3.276180
3.266220
3.256310
3.246450
3.236640
3.226890
3.217210
3.207570
3.197990
3.188460
3.178980
3.169560
3.160180
3.150860
3.141580
3.132360
3.123180
3.114050
3.104980
3.095950
3.086970
3.078030
3.069150
3.060310
3.051520
3.042760
3.034060
3.025400
3.016790
3.008220
2.999700
2.991210
2.982770
2.974380
2.966030
2.957710
2.949440
2.941220
2.933030
2.924880
2.916770
2.908710
2.900680
2.892700
2.884750
2.876840
2.868970
2.861140
2.853340
2.845590
2.837870
2.830190
2.822540
2.814930
2.807360
2.799820
2.792320
2.784850
2.777420
2.770030
2.762660
2.755340
2.748040
2.740780
2.733560
2.726360
2.719200
2.712080
2.704980
2.697920
2.690890
2.683890
2.676930
2.669990
2.663090
2.656210
2.649370
2.642560
2.635780
2.629020
2.622300
2.615610
2.608940
2.602310
2.595710
2.589130
2.582580
2.576070
2.569570
2.563110
2.556670
2.550270
2.543890
2.537530
2.531210
2.524910
2.518640
2.512390
2.506170
2.499970
2.493800
2.487660
2.481550
2.475460
2.469390
2.463350
2.457340
2.451340
2.445380
2.439430
2.433520
2.427620
2.421750
2.415910
2.410080
2.404290
2.398510
2.392760
2.387030
2.381330
2.375640
2.369980
2.364340
2.358730
2.353130
2.347560
2.342010
2.336490
2.330980
2.325490
2.320030
2.314590
2.309160
2.303770
2.298390
2.293030
2.287690
2.282370
2.277070
2.271800
2.266540
2.261300
2.256080
2.250890
2.245720
2.240550
2.235410
2.230300
2.225200
2.220110
2.215050
2.210010
2.204980
2.199980
2.194990
2.190020
2.185070
2.180140
2.175220
2.170320
2.165450
2.160590
2.155740
2.150920
2.146110
2.141320
2.136550
2.131790
2.127050
2.122330
2.117620
2.112930
2.108260
2.103610
2.098960
2.094340
2.089740
2.085150
2.080570
2.076010
2.071470
2.066950
2.062440
2.057940
2.053470
2.049000
2.044550
2.040120
2.035710
2.031310
2.026920
2.022550
2.018190
2.013850
2.009520
2.005210
2.000920
1.996630
1.992360
1.988110
1.983870
1.979650
1.975440
1.971240
1.967060
1.962890
1.958740
1.954590
1.950470
1.946350
1.942260
1.938170
1.934100
1.930040
1.925990
1.921960
1.917940
1.913940
1.909940
1.905970
1.902000
1.898050
1.894110
1.890180
1.886260
1.882360
1.878470
1.874590
1.870730
1.866880
1.863040
1.859210
1.855390
1.851590
1.847800
1.844020
1.840260
1.836500
1.832750
1.829030
1.825310
1.821600
1.817900
1.814220
1.810540
1.806890
1.803230
1.799600
1.795970
1.792360
1.788750
1.785160
1.781570
1.778010
1.774440
1.770900
1.767360
1.763830
1.760310
1.756810
1.753310
1.749830
1.746360
1.742890
1.739440
1.736000
1.732570
1.729150
1.725740
1.722340
1.718950
1.715570
1.712200
1.708840
1.705500
1.702160
1.698830
1.695510
1.692200
1.688900
1.685610
1.682330
1.679060
1.675810
1.672560
1.669320
1.666080
1.662860
1.659650
1.656450
1.653250
1.650070
1.646900
1.643730
1.640580
1.637430
1.634300
1.631170
1.628050
1.624940
1.621840
1.618750
1.615670
1.612590
1.609530
1.606470
1.603420
1.600380
1.597350
1.594330
1.591320
1.588320
1.585330
1.582340
1.579360
1.576390
1.573430
1.570480
1.567530
1.564600
1.561670
1.558750
1.555840
1.552940
1.550040
1.547160
1.544280
1.541410
1.538550
1.535690
1.532850
1.530010
1.527180
1.524360
1.521550
1.518740
1.515940
1.513150
1.510370
1.507590
1.504830
1.502070
1.499320
1.496570
1.493840
1.491110
1.488380
1.485670
1.482960
1.480260
1.477570
1.474890
1.472210
1.469540
1.466880
1.464230
1.461580
1.458940
1.456300
1.453680
1.451060
1.448450
1.445840
1.443250
1.440650
1.438070
1.435490
1.432920
1.430360
1.427800
1.425250
1.422720
1.420180
1.417650
1.415130
1.412610
1.410110
1.407600
1.405110
1.402620
1.400140
1.397660
1.395200
1.392730
1.390280
1.387830
1.385390
1.382950
1.380520
1.378100
1.375680
1.373280
1.370870
1.368470
1.366080
1.363700
1.361320
1.358950
1.356580
1.354220
1.351870
1.349520
1.347180
1.344840
1.342520
1.340190
1.337880
1.335560
1.333260
1.330960
1.328670
1.326380
1.324100
1.321820
1.319560
1.317300
1.315030
1.312780
1.310540
1.308300
1.306070
1.303840
1.301620
1.299390
1.297180
1.294980
1.292780
1.290590
1.288400
1.286210
1.284040
1.281870
1.279700
1.277540
1.275380
1.273230
1.271090
1.268950
1.266820
1.264690
1.262560
1.260450
1.258340
1.256230
1.254130
1.252040
1.249940
1.247860
1.245780
1.243700
1.241630
1.239570
1.237510
1.235460
1.233410
1.231360
1.229330
1.227290
1.225260
1.223240
1.221230
1.219210
1.217200
1.215200
1.213200
1.211210
1.209220
1.207240
1.205260
1.203290
1.201320
1.199360
1.197400
1.195440
1.193490
1.191550
1.189610
1.187680
1.185750
1.183830
1.181900
1.179990
1.178080
1.176180
1.174280
1.172410
1.170740
1.170740
1.173260
1.178680
1.187620
1.201260
1.222030
1.254090
1.302730
1.373330
1.470420
1.597080
1.754650
1.942820
2.159900
2.403220
2.669540
2.955410
3.257480
3.572570
3.897860
4.230770
4.568990
4.910380
5.252970
5.595020
5.935070
6.271880
6.604630
6.932560
7.255240
7.572370
7.883740
8.189350
8.489120
8.783080
9.071320
9.353860
9.630790
9.902190
10.168200
10.428900
10.684400
10.934800
11.180200
11.420600
11.656100
11.886900
12.113000
12.334500
12.551400
12.763800
12.971800
13.175500
13.374900
13.570000
13.761000
13.947900
14.130700
14.309500
14.484300
14.655200
14.822300
14.985600
15.145100
15.300900
15.453000
15.601500
15.746400
15.887800
16.025700
16.160100
16.291100
16.418700
16.543100
16.664100
16.781800
16.896300
17.007700
17.116000
17.221100
17.323300
17.422400
17.518500
17.611700
17.702000
17.789400
17.873900
17.955700
18.034700
18.110900
18.184400
18.255300
18.323600
18.389200
18.452300
18.512800
18.570800
18.626400
18.679400
18.730100
18.778400
18.824400
18.868000
18.909300
18.948400
18.985300
19.019900
19.052300
19.082600
19.110800
19.137000
19.161000
19.183000
19.203000
19.221000
19.237000
19.251100
19.263300
19.273700
19.282200
19.288800
19.293700
19.296800
19.298100
19.297700
19.295600
19.291800
19.286400
19.279400
19.270700
19.260500
19.248600
19.235300
19.220400
19.204100
19.186300
19.167000
19.146300
19.124200
19.100700
19.075900
19.049700
19.022200
18.993500
18.963400
18.932100
18.899600
18.865800
18.830800
18.794700
18.757400
18.719000
18.679400
18.638800
18.597100
18.554400
18.510600
18.465700
18.419900
18.373100
18.325300
18.276600
18.227000
18.176500
18.125000
18.072600
18.019500
17.965400
17.910600
17.855000
17.798500
17.741300
17.683400
17.624700
17.565200
17.505100
17.444300
17.382700
17.320600
17.257800
17.194300
17.130300
17.065600
17.000400
16.934600
16.868200
16.801300
16.733900
16.666000
16.597600
16.528700
16.459300
16.389500
16.319200
16.248500
16.177500
16.105900
16.034100
15.961800
15.889200
15.816300
15.743000
15.669400
15.595500
15.521300
15.446800
15.372100
15.297100
15.221900
15.146400
15.070700
14.994900
14.918800
14.842500
14.766100
14.689500
14.612800
14.535900
14.458900
14.381800
14.304600
14.227300
14.150000
14.072600
13.995100
13.917500
13.840000
13.762400
13.684800
13.607200
13.529600
13.452100
13.374500
13.297100
13.219600
13.142200
13.064900
12.987700
12.910500
12.833500
12.756600
12.679800
12.603100
12.526600
12.450200
12.374000
12.297900
12.222100
12.146300
12.070900
11.995500
11.920500
11.845600
11.771000
11.696600
11.622400
11.548500
11.474900
11.401500
11.328400
11.255700
11.183100
11.110900
11.039000
10.967400
10.896200
10.825200
10.754600
10.684300
10.614400
10.544900
10.475700
10.406800
10.338300
10.270300
10.202600
10.135200
10.068300
10.001800
9.935660
9.869960
9.804660
9.739750
9.675290
9.611230
9.547620
9.484410
9.421650
9.359340
9.297490
9.236030
9.175020
9.114460
9.054420
8.994770
8.935570
8.876820
8.818530
8.760750
8.703360
8.646480
8.590050
8.534020
8.478550
8.423480
8.368860
8.314750
8.261100
8.207830
8.155140
8.102840
8.050990
7.999600
7.948710
7.898270
7.848240
7.798710
7.749570
7.700950
7.652720
7.605000
7.557670
7.510800
7.464380
7.418360
7.372790
7.327670
7.282940
7.238670
7.194850
7.151370
7.108400
7.065770
7.023590
6.981810
6.940420
6.899430
6.858890
6.818690
6.778880
6.739530
6.700520
6.661840
6.623620
6.585740
6.548200
6.511050
6.474300
6.437890
6.401810
6.366080
6.330740
6.295740
6.261080
6.226760
6.192730
6.159080
6.125730
6.092710
6.060030
6.027680
5.995630
5.963850
5.932410
5.901320
5.870440
5.839910
5.809660
5.779700
5.750010
5.720670
5.691550
5.662710
5.634160
5.605870
5.577850
5.550090
5.522600
5.495350
5.468370
5.441640
5.415150
5.388910
5.362910
5.337150
5.311630
5.286330
5.261280
5.236440
5.211840
5.187450
5.163290
5.139340
5.115600
5.092080
5.068770
5.045660
5.022760
5.000050
4.977550
4.955240
4.933130
4.911210
4.889480
4.867930
4.846570
4.825390
4.804390
4.783580
4.762930
4.742460
4.722160
4.702030
4.682070
4.662270
4.642640
4.623160
4.603850
4.584690
4.565700
4.546850
4.528160
4.509610
4.491220
4.472970
4.454870
4.436900
4.419090
4.401410
4.383870
4.366460
4.349190
4.332050
4.315050
4.298170
4.281430
4.264810
4.248320
4.231950
4.215700
4.199580
4.183570
4.167690
4.151920
4.136270
4.120730
4.105310
4.090000
4.074790
4.059700
4.044720
4.029840
4.015080
4.000410
3.985850
3.971390
3.957030
3.942780
3.928620
3.914560
3.900600
3.886730
3.872960
3.859280
3.845700
3.832210
3.818810
3.805490
3.792270
3.779140
3.766090
3.753130
3.740250
3.727460
3.714750
3.702130
3.689590
3.677130
3.664750
3.652450
3.640220
3.628080
3.616010
3.604010
3.592100
3.580260
3.568490
3.556800
3.545170
3.533620
3.522140
3.510730
3.499390
3.488120
3.476920
3.465790
3.454720
3.443720
3.432780
3.421910
3.411110
3.400370
3.389680
3.379070
3.368520
3.358020
3.347590
3.337220
3.326910
3.316660
3.306460
3.296320
3.286250
3.276220
3.266260
3.256350
3.246500
3.236700
3.226960
3.217270
3.207640
3.198050
3.188520
3.179040
3.169620
3.160240
3.150910
3.141640
3.132420
3.123240
3.114120
3.105040
3.096010
3.087030
3.078100
3.069210
3.060360
3.051570
3.042820
3.034120
3.025460
3.016850
3.008280
2.999750
2.991270
2.982830
2.974430
2.966080
2.957770
2.949500
2.941270
2.933090
2.924940
2.916830
2.908760
2.900740
2.892750
2.884800
2.876900
2.869020
2.861190
2.853400
2.845640
2.837920
2.830240
2.822590
2.814980
2.807410
2.799870
2.792370
2.784900
2.777470
2.770070
2.762710
2.755380
2.748090
2.740840
2.733600
2.726410
2.719250
2.712120
2.705030
2.697970
2.690940
2.683940
2.676970
2.670040
2.663130
2.656260
2.649420
2.642600
2.635820
2.629070
2.622350
2.615650
2.608990
2.602360
2.595750
2.589180
2.582630
2.576110
2.569620
2.563150
2.556720
2.550310
2.543930
2.537580
2.531250
2.524950
2.518680
2.512430
2.506210
2.500020
2.493850
2.487710
2.481590
2.475500
2.469440
2.463390
2.457370
2.451390
2.445420
2.439480
2.433560
2.427670
2.421790
2.415950
2.410130
2.404330
2.398560
2.392800
2.387070
2.381370
2.375680
2.370020
2.364380
2.358770
2.353180
2.347600
2.342050
2.336520
2.331020
2.325530
2.320070
2.314630
2.309200
2.303800
2.298420
2.293070
2.287730
2.282410
2.277110
2.271840
2.266580
2.261340
2.256120
2.250930
2.245750
2.240590
2.235450
2.230340
2.225230
2.220150
2.215090
2.210040
2.205020
2.200010
2.195030
2.190060
2.185110
2.180170
2.175260
2.170360
2.165480
2.160620
2.155780
2.150950
2.146150
2.141350
2.136580
2.131830
2.127080
2.122360
2.117660
2.112970
2.108290
2.103640
2.099000
2.094380
2.089770
2.085180
2.080610
2.076050
2.071510
2.066980
2.062470
2.057980
2.053500
2.049040
2.044590
2.040160
2.035740
2.031340
2.026950
2.022580
2.018220
2.013880
2.009560
2.005250
2.000940
1.996660
1.992400
1.988140
1.983900
1.979680
1.975470
1.971270
1.967090
1.962920
1.958770
1.954630
1.950500
1.946390
1.942290
1.938200
1.934130
1.930070
1.926020
1.921990
1.917970
1.913970
1.909980
1.906000
1.902030
1.898070
1.894130
1.890210
1.886290
1.882390
1.878500
1.874620
1.870760
1.866900
1.863060
1.859240
1.855420
1.851620
1.847830
1.844050
1.840280
1.836530
1.832790
1.829060
1.825340
1.821630
1.817930
1.814250
1.810570
1.806910
1.803260
1.799630
1.796000
1.792380
1.788780
1.785190
1.781600
1.778030
1.774470
1.770920
1.767390
1.763860
1.760340
1.756840
1.753340
1.749860
1.746390
1.742920
1.739470
1.736030
1.732600
1.729180
1.725770
1.722370
1.718980
1.715600
1.712230
1.708870
1.705520
1.702180
1.698850
1.695540
1.692230
1.688930
1.685640
1.682360
1.679090
1.675830
1.672580
1.669340
1.666110
1.662890
1.659680
1.656480
1.653280
1.650100
1.646930
1.643760
1.640610
1.637460
1.634320
1.631190
1.628080
1.624970
1.621860
1.618770
1.615690
1.612620
1.609550
1.606490
1.603450
1.600410
1.597380
1.594360
1.591350
1.588350
1.585350
1.582360
1.579380
1.576420
1.573450
1.570500
1.567560
1.564620
1.561690
1.558770
1.555860
1.552960
1.550070
1.547180
1.544310
1.541430
1.538570
1.535720
1.532870
1.530030
1.527210
1.524390
1.521570
1.518770
1.515970
1.513170
1.510390
1.507620
1.504850
1.502090
1.499340
1.496600
1.493860
1.491130
1.488410
1.485700
1.482990
1.480280
1.477590
1.474910
1.472230
1.469560
1.466900
1.464250
1.461600
1.458960
1.456320
1.453700
1.451080
1.448470
1.445860
1.443270
1.440670
1.438090
1.435520
1.432940
1.430380
1.427830
1.425280
1.422730
1.420200
1.417670
1.415150
1.412630
1.410120
1.407620
1.405130
1.402640
1.400160
1.397680
1.395220
1.392750
1.390300
1.387850
1.385410
1.382970
1.380540
1.378120
1.375710
1.373290
1.370890
1.368490
1.366100
1.363720
1.361340
1.358970
1.356600
1.354240
1.351890
1.349540
1.347200
1.344860
1.342530
1.340210
1.337900
1.335590
1.333280
1.330980
1.328690
1.326400
1.324110
1.321840
1.319570
1.317300
1.315050
1.312800
1.310550
1.308310
1.306070
1.303850
1.301630
1.299410
1.297200
1.294990
1.292790
1.290600
1.288410
1.286220
1.284050
1.281880
1.279710
1.277550
1.275400
1.273250
1.271100
1.268960
1.266830
1.264700
1.262580
1.260460
1.258350
1.256240
1.254140
1.252040
1.249950
1.247870
1.245790
1.243720
1.241650
1.239580
1.237520
1.235470
1.233420
1.231370
1.229340
1.227300
1.225280
1.223250
1.221240
1.219220
1.217220
1.215210
1.213210
1.211220
1.209230
1.207250
1.205270
1.203300
1.201330
1.199370
1.197410
1.195450
1.193510
1.191560
1.189620
1.187690
1.185760
1.183830
1.181910
