0.094133
0.094213
0.094567
0.095412
0.097235
0.102107
0.347973
0.326532
0.321353
0.343427
0.382531
0.452179
0.551028
0.652449
0.744437
0.824605
0.894002
0.954156
1.006230
1.051020
1.089150
1.121210
1.147890
1.169910
1.188020
1.202930
1.215210
1.225240
1.233190
1.239060
1.242710
1.244020
1.243080
1.240200
1.235870
1.230570
1.224690
1.218490
1.212110
1.205620
1.199060
1.192450
1.185790
1.179090
1.172340
1.165560
1.158740
1.151890
1.145010
1.138110
1.131200
1.124260
1.117310
1.110360
1.103400
1.096440
1.089480
1.082520
1.075580
1.068640
1.061720
1.054810
1.047920
1.041050
1.034210
1.027380
1.020580
1.013810
1.007070
1.000350
0.993662
0.987006
0.980382
0.973791
0.967232
0.960708
0.954218
0.947763
0.941344
0.934961
0.928614
0.922303
0.916030
0.909794
0.903595
0.897434
0.891311
0.885226
0.879179
0.873170
0.867200
0.861267
0.855373
0.849518
0.843701
0.837922
0.832182
0.826480
0.820816
0.815190
0.809603
0.804053
0.798542
0.793068
0.787632
0.782234
0.776873
0.771550
0.766265
0.761016
0.755805
0.750631
0.745493
0.740393
0.735329
0.730302
0.725311
0.720356
0.715437
0.710555
0.705708
0.700897
0.696121
0.691381
0.686676
0.682006
0.677372
0.672772
0.668206
0.663675
0.659179
0.654717
0.650288
0.645894
0.641534
0.637207
0.632913
0.628653
0.624426
0.620231
0.616070
0.611941
0.607845
0.603781
0.599749
0.595749
0.591781
0.587844
0.583939
0.580065
0.576223
0.572411
0.568630
0.564879
0.561159
0.557469
0.553810
0.550180
0.546580
0.543009
0.539468
0.535956
0.532473
0.529018
0.525593
0.522195
0.518826
0.515486
0.512172
0.508887
0.505629
0.502399
0.499196
0.496019
0.492870
0.489747
0.486650
0.483580
0.480536
0.477517
0.474525
0.471557
0.468615
0.465698
0.462806
0.459939
0.457096
0.454278
0.451484
0.448713
0.445967
0.443244
0.440545
0.437868
0.435215
0.432585
0.429977
0.427392
0.424829
0.422288
0.419770
0.417273
0.414797
0.412343
0.409910
0.407498
0.405107
0.402737
0.400387
0.398058
0.395748
0.393459
0.391190
0.388940
0.386709
0.384498
0.382306
0.380132
0.377978
0.375842
0.373725
0.371625
0.369544
0.367481
0.365436
0.363408
0.361398
0.359405
0.357429
0.355470
0.353527
0.351602
0.349693
0.347800
0.345924
0.344063
0.342218
0.340390
0.338576
0.336779
0.334996
0.333229
0.331476
0.329739
0.328016
0.326308
0.324614
0.322935
0.321270
0.319618
0.317981
0.316358
0.314748
0.313152
0.311569
0.309999
0.308443
0.306899
0.305369
0.303851
0.302346
0.300853
0.299373
0.297905
0.296449
0.295006
0.293574
0.292154
0.290746
0.289350
0.287965
0.286591
0.285229
0.283878
0.282538
0.281209
0.279891
0.278583
0.277287
0.276001
0.274725
0.273460
0.272205
0.270960
0.269726
0.268501
0.267286
0.266081
0.264886
0.263701
0.262525
0.261358
0.260201
0.259054
0.257915
0.256786
0.255665
0.254554
0.253451
0.252358
0.251273
0.250196
0.249128
0.248069
0.247018
0.245976
0.244941
0.243915
0.242897
0.241887
0.240885
0.239891
0.238905
0.237927
0.236956
0.235993
0.235037
0.234089
0.233148
0.232215
0.231289
0.230370
0.229458
0.228553
0.227656
0.226765
0.225881
0.225005
0.224134
0.223271
0.222414
0.221564
0.220721
0.219883
0.219053
0.218228
0.217411
0.216599
0.215793
0.214994
0.214201
0.213413
0.212632
0.211857
0.211087
0.210324
0.209566
0.208814
0.208067
0.207327
0.206592
0.205862
0.205138
0.204419
0.203705
0.202997
0.202295
0.201597
0.200905
0.200218
0.199536
0.198859
0.198187
0.197520
0.196858
0.196201
0.195548
0.194901
0.194258
0.193620
0.192987
0.192358
0.191734
0.191114
0.190499
0.189889
0.189283
0.188681
0.188083
0.187490
0.186902
0.186317
0.185737
0.185161
0.184589
0.184021
0.183457
0.182898
0.182342
0.181790
0.181242
0.180699
0.180158
0.179622
0.179090
0.178561
0.178036
0.177515
0.176998
0.176484
0.175973
0.175467
0.174964
0.174464
0.173968
0.173475
0.172986
0.172500
0.172018
0.171539
0.171063
0.170591
0.170121
0.169655
0.169193
0.168733
0.168277
0.167823
0.167373
0.166926
0.166482
0.166041
0.165603
0.165168
0.164736
0.164307
0.163881
0.163457
0.163037
0.162619
0.162204
0.161792
0.161383
0.160976
0.160572
0.160171
0.159773
0.159377
0.158984
0.158593
0.158205
0.157820
0.157437
0.157057
0.156679
0.156304
0.155931
0.155560
0.155192
0.154827
0.154464
0.154103
0.153744
0.153388
0.153035
0.152683
0.152334
0.151987
0.151642
0.151300
0.150959
0.150621
0.150286
0.149952
0.149620
0.149291
0.148963
0.148638
0.148315
0.147994
0.147675
0.147358
0.147043
0.146730
0.146419
0.146109
0.145802
0.145497
0.145194
0.144892
0.144593
0.144295
0.144000
0.143706
0.143414
0.143124
0.142835
0.142548
0.142264
0.141981
0.141699
0.141420
0.141142
0.140866
0.140591
0.140319
0.140047
0.139778
0.139510
0.139244
0.138980
0.138717
0.138456
0.138196
0.137938
0.137682
0.137427
0.137173
0.136921
0.136671
0.136422
0.136175
0.135929
0.135685
0.135442
0.135200
0.134960
0.134722
0.134485
0.134249
0.134015
0.133782
0.133551
0.133321
0.133092
0.132864
0.132638
0.132414
0.132190
0.131968
0.131748
0.131528
0.131310
0.131093
0.130878
0.130663
0.130450
0.130239
0.130028
0.129819
0.129611
0.129404
0.129198
0.128994
0.128790
0.128588
0.128387
0.128188
0.127989
0.127792
0.127595
0.127400
0.127206
0.127013
0.126821
0.126630
0.126441
0.126252
0.126065
0.125878
0.125693
0.125509
0.125326
0.125143
0.124962
0.124782
0.124603
0.124425
0.124248
0.124072
0.123897
0.123723
0.123550
0.123378
0.123207
0.123037
0.122867
0.122699
0.122532
0.122365
0.122200
0.122035
0.121872
0.121709
0.121547
0.121387
0.121227
0.121068
0.120909
0.120752
0.120596
0.120440
0.120285
0.120132
0.119979
0.119826
0.119675
0.119525
0.119375
0.119226
0.119078
0.118931
0.118785
0.118639
0.118494
0.118350
0.118207
0.118065
0.117923
0.117782
0.117642
0.117503
0.117364
0.117227
0.117090
0.116953
0.116818
0.116683
0.116549
0.116416
0.116283
0.116151
0.116020
0.115889
0.115759
0.115630
0.115502
0.115374
0.115247
0.115121
0.114995
0.114870
0.114746
0.114622
0.114499
0.114377
0.114255
0.114134
0.114014
0.113894
0.113775
0.113657
0.113539
0.113422
0.113305
0.113189
0.113074
0.112959
0.112845
0.112731
0.112618
0.112506
0.112394
0.112283
0.112173
0.112063
0.111953
0.111845
0.111736
0.111629
0.111522
0.111415
0.111309
0.111204
0.111099
0.110994
0.110891
0.110787
0.110685
0.110583
0.110481
0.110380
0.110279
0.110179
0.110080
0.109981
0.109882
0.109784
0.109687
0.109590
0.109493
0.109397
0.109302
0.109207
0.109113
0.109019
0.108925
0.108832
0.108740
0.108648
0.108556
0.108465
0.108374
0.108284
0.108194
0.108105
0.108016
0.107928
0.107840
0.107753
0.107666
0.107579
0.107493
0.107407
0.107322
0.107238
0.107153
0.107069
0.106986
0.106903
0.106820
0.106738
0.106656
0.106575
0.106494
0.106413
0.106333
0.106253
0.106174
0.106095
0.106017
0.105939
0.105861
0.105784
0.105707
0.105630
0.105554
0.105478
0.105403
0.105328
0.105253
0.105179
0.105105
0.105031
0.104958
0.104886
0.104813
0.104741
0.104669
0.104598
0.104527
0.104457
0.104386
0.104316
0.104247
0.104178
0.104109
0.104040
0.103972
0.103904
0.103837
0.103770
0.103703
0.103636
0.103570
0.103505
0.103439
0.103374
0.103309
0.103245
0.103180
0.103117
0.103053
0.102990
0.102927
0.102864
0.102802
0.102740
0.102678
0.102617
0.102556
0.102495
0.102435
0.102374
0.102315
0.102255
0.102196
0.102137
0.102078
0.102020
0.101962
0.101904
0.101846
0.101789
0.101732
0.101675
0.101619
0.101563
0.101507
0.101451
0.101396
0.101341
0.101286
0.101232
0.101178
0.101124
0.101070
0.101017
0.100963
0.100911
0.100858
0.100806
0.100753
0.100702
0.100650
0.100599
0.100547
0.100497
0.100446
0.100396
0.100346
0.100296
0.100246
0.100197
0.100147
0.100099
0.100050
0.100002
0.099953
0.099905
0.099858
0.099810
0.099763
0.099716
0.099669
0.099623
0.099576
0.099530
0.099484
0.099438
0.099393
0.099348
0.099303
0.099258
0.099213
0.099169
0.099125
0.099081
0.099037
0.098994
0.098951
0.098907
0.098865
0.098822
0.098780
0.098737
0.098695
0.098654
0.098612
0.098570
0.098529
0.098488
0.098447
0.098407
0.098366
0.098326
0.098286
0.098246
0.098206
0.098167
0.098128
0.098089
0.098050
0.098011
0.097973
0.097934
0.097896
0.097858
0.097820
0.097783
0.097745
0.097708
0.097671
0.097634
0.097597
0.097561
0.097524
0.097488
0.097452
0.097416
0.097381
0.097345
0.097310
0.097275
0.097240
0.097205
0.097170
0.097136
0.097102
0.097068
0.097033
0.097000
0.096966
0.096932
0.096899
0.096866
0.096833
0.096800
0.096767
0.096735
0.096703
0.096670
0.096638
0.096606
0.096575
0.096543
0.096512
0.096480
0.096449
0.096418
0.096387
0.096356
0.096326
0.096295
0.096265
0.096235
0.096205
0.096175
0.096146
0.096116
0.096086
0.096057
0.096028
0.095999
0.095970
0.095941
0.095913
0.095884
0.095856
0.095828
0.095800
0.095772
0.095744
0.095717
0.095689
0.095662
0.095635
0.095607
0.095580
0.095554
0.095527
0.095500
0.095474
0.095448
0.095421
0.095395
0.095369
0.095343
0.095318
0.095292
0.095267
0.095241
0.095216
0.095191
0.095166
0.095141
0.095116
0.095092
0.095067
0.095043
0.095018
0.094994
0.094970
0.094946
0.094922
0.094899
0.094875
0.094851
0.094828
0.094805
0.094782
0.094759
0.094736
0.094713
0.094690
0.094668
0.094645
0.094623
0.094601
0.094578
0.094556
0.094534
0.094512
0.094491
0.094469
0.094447
0.094426
0.094405
0.094383
0.094362
0.094341
0.094320
0.094299
0.094279
0.094258
0.094237
0.094217
0.094197
0.094176
0.094156
0.094136
0.094215
0.094570
0.095415
0.097238
0.102110
0.347974
0.326533
0.321354
0.343427
0.382529
0.452178
0.551021
0.652433
0.744422
0.824590
0.893985
0.954139
1.006210
1.051010
1.089140
1.121200
1.147880
1.169900
1.188020
1.202930
1.215210
1.225230
1.233190
1.239060
1.242710
1.244030
1.243090
1.240210
1.235880
1.230590
1.224710
1.218510
1.212130
1.205640
1.199080
1.192470
1.185810
1.179110
1.172360
1.165580
1.158760
1.151910
1.145030
1.138130
1.131220
1.124280
1.117340
1.110380
1.103420
1.096460
1.089500
1.082550
1.075600
1.068660
1.061740
1.054830
1.047950
1.041080
1.034230
1.027410
1.020610
1.013830
1.007090
1.000370
0.993687
0.987031
0.980407
0.973815
0.967257
0.960733
0.954243
0.947788
0.941369
0.934986
0.928639
0.922329
0.916056
0.909820
0.903621
0.897460
0.891337
0.885252
0.879206
0.873197
0.867226
0.861294
0.855401
0.849545
0.843728
0.837950
0.832209
0.826507
0.820844
0.815218
0.809630
0.804081
0.798570
0.793096
0.787660
0.782262
0.776902
0.771579
0.766293
0.761045
0.755834
0.750659
0.745522
0.740422
0.735358
0.730330
0.725339
0.720385
0.715466
0.710583
0.705737
0.700926
0.696150
0.691410
0.686705
0.682035
0.677400
0.672800
0.668235
0.663704
0.659208
0.654745
0.650317
0.645923
0.641562
0.637236
0.632942
0.628682
0.624455
0.620260
0.616099
0.611970
0.607874
0.603810
0.599778
0.595778
0.591810
0.587873
0.583968
0.580094
0.576251
0.572440
0.568659
0.564908
0.561188
0.557498
0.553838
0.550208
0.546608
0.543038
0.539496
0.535984
0.532501
0.529047
0.525621
0.522224
0.518855
0.515514
0.512201
0.508915
0.505657
0.502427
0.499223
0.496047
0.492897
0.489774
0.486678
0.483607
0.480563
0.477545
0.474552
0.471584
0.468642
0.465725
0.462833
0.459966
0.457123
0.454305
0.451510
0.448740
0.445993
0.443270
0.440571
0.437895
0.435241
0.432611
0.430003
0.427418
0.424855
0.422314
0.419795
0.417298
0.414823
0.412369
0.409936
0.407524
0.405133
0.402762
0.400412
0.398083
0.395773
0.393484
0.391214
0.388964
0.386733
0.384522
0.382330
0.380157
0.378002
0.375866
0.373749
0.371649
0.369568
0.367505
0.365459
0.363432
0.361421
0.359428
0.357452
0.355493
0.353550
0.351625
0.349716
0.347823
0.345946
0.344086
0.342241
0.340412
0.338599
0.336801
0.335018
0.333251
0.331498
0.329761
0.328038
0.326330
0.324636
0.322956
0.321291
0.319640
0.318002
0.316379
0.314769
0.313173
0.311590
0.310020
0.308463
0.306920
0.305389
0.303871
0.302366
0.300873
0.299393
0.297925
0.296469
0.295026
0.293594
0.292174
0.290766
0.289369
0.287984
0.286610
0.285248
0.283897
0.282557
0.281228
0.279909
0.278602
0.277305
0.276019
0.274743
0.273478
0.272223
0.270978
0.269744
0.268519
0.267304
0.266099
0.264904
0.263718
0.262542
0.261376
0.260219
0.259071
0.257932
0.256803
0.255682
0.254571
0.253468
0.252374
0.251289
0.250213
0.249145
0.248086
0.247035
0.245992
0.244958
0.243932
0.242913
0.241903
0.240901
0.239907
0.238921
0.237942
0.236972
0.236008
0.235053
0.234104
0.233164
0.232230
0.231304
0.230385
0.229473
0.228568
0.227671
0.226780
0.225896
0.225019
0.224149
0.223286
0.222429
0.221579
0.220735
0.219898
0.219067
0.218243
0.217425
0.216613
0.215807
0.215008
0.214214
0.213427
0.212646
0.211871
0.211101
0.210337
0.209579
0.208827
0.208081
0.207340
0.206605
0.205875
0.205151
0.204432
0.203718
0.203010
0.202308
0.201610
0.200918
0.200230
0.199548
0.198871
0.198199
0.197532
0.196870
0.196213
0.195561
0.194913
0.194270
0.193632
0.192999
0.192370
0.191746
0.191126
0.190511
0.189900
0.189294
0.188693
0.188095
0.187502
0.186913
0.186329
0.185748
0.185172
0.184600
0.184032
0.183469
0.182909
0.182353
0.181801
0.181253
0.180710
0.180169
0.179633
0.179101
0.178572
0.178047
0.177526
0.177008
0.176494
0.175984
0.175477
0.174974
0.174475
0.173978
0.173486
0.172996
0.172511
0.172028
0.171549
0.171073
0.170601
0.170131
0.169666
0.169203
0.168743
0.168287
0.167833
0.167383
0.166936
0.166492
0.166051
0.165613
0.165178
0.164746
0.164316
0.163890
0.163467
0.163046
0.162628
0.162214
0.161801
0.161392
0.160985
0.160582
0.160180
0.159782
0.159386
0.158993
0.158602
0.158214
0.157829
0.157446
0.157066
0.156688
0.156312
0.155940
0.155569
0.155201
0.154836
0.154472
0.154112
0.153753
0.153397
0.153043
0.152692
0.152342
0.151995
0.151651
0.151308
0.150968
0.150630
0.150294
0.149960
0.149628
0.149299
0.148972
0.148646
0.148323
0.148002
0.147683
0.147366
0.147051
0.146738
0.146427
0.146117
0.145810
0.145505
0.145202
0.144900
0.144601
0.144303
0.144007
0.143713
0.143421
0.143131
0.142843
0.142556
0.142271
0.141988
0.141707
0.141427
0.141149
0.140873
0.140599
0.140326
0.140055
0.139785
0.139518
0.139252
0.138987
0.138724
0.138463
0.138203
0.137945
0.137689
0.137434
0.137180
0.136928
0.136678
0.136429
0.136182
0.135936
0.135692
0.135449
0.135207
0.134967
0.134729
0.134492
0.134256
0.134022
0.133789
0.133557
0.133327
0.133098
0.132871
0.132645
0.132420
0.132197
0.131975
0.131754
0.131535
0.131317
0.131100
0.130884
0.130670
0.130457
0.130245
0.130034
0.129825
0.129617
0.129410
0.129204
0.129000
0.128797
0.128594
0.128394
0.128194
0.127995
0.127798
0.127601
0.127406
0.127212
0.127019
0.126827
0.126637
0.126447
0.126258
0.126071
0.125884
0.125699
0.125515
0.125332
0.125149
0.124968
0.124788
0.124609
0.124431
0.124254
0.124078
0.123903
0.123729
0.123556
0.123384
0.123212
0.123042
0.122873
0.122705
0.122537
0.122371
0.122206
0.122041
0.121877
0.121715
0.121553
0.121392
0.121232
0.121073
0.120915
0.120758
0.120601
0.120446
0.120291
0.120137
0.119984
0.119832
0.119681
0.119530
0.119380
0.119232
0.119084
0.118936
0.118790
0.118644
0.118500
0.118356
0.118213
0.118070
0.117928
0.117788
0.117648
0.117508
0.117370
0.117232
0.117095
0.116958
0.116823
0.116688
0.116554
0.116421
0.116288
0.116156
0.116025
0.115894
0.115764
0.115635
0.115507
0.115379
0.115252
0.115126
0.115000
0.114875
0.114751
0.114627
0.114504
0.114382
0.114260
0.114139
0.114019
0.113899
0.113780
0.113661
0.113544
0.113426
0.113310
0.113194
0.113078
0.112964
0.112850
0.112736
0.112623
0.112511
0.112399
0.112288
0.112177
0.112067
0.111958
0.111849
0.111741
0.111633
0.111526
0.111420
0.111314
0.111208
0.111103
0.110999
0.110895
0.110792
0.110689
0.110587
0.110485
0.110384
0.110284
0.110184
0.110084
0.109985
0.109887
0.109789
0.109691
0.109594
0.109498
0.109402
0.109306
0.109211
0.109117
0.109023
0.108929
0.108836
0.108744
0.108652
0.108560
0.108469
0.108378
0.108288
0.108199
0.108109
0.108021
0.107932
0.107844
0.107757
0.107670
0.107583
0.107497
0.107412
0.107326
0.107242
0.107157
0.107073
0.106990
0.106907
0.106824
0.106742
0.106660
0.106579
0.106498
0.106417
0.106337
0.106257
0.106178
0.106099
0.106021
0.105943
0.105865
0.105788
0.105711
0.105634
0.105558
0.105482
0.105407
0.105332
0.105257
0.105183
0.105109
0.105035
0.104962
0.104889
0.104817
0.104745
0.104673
0.104602
0.104531
0.104460
0.104390
0.104320
0.104251
0.104181
0.104113
0.104044
0.103976
0.103908
0.103841
0.103774
0.103707
0.103640
0.103574
0.103508
0.103443
0.103378
0.103313
0.103248
0.103184
0.103120
0.103057
0.102993
0.102931
0.102868
0.102806
0.102744
0.102682
0.102621
0.102560
0.102499
0.102438
0.102378
0.102318
0.102259
0.102199
0.102140
0.102082
0.102023
0.101965
0.101907
0.101850
0.101793
0.101736
0.101679
0.101623
0.101566
0.101511
0.101455
0.101400
0.101345
0.101290
0.101235
0.101181
0.101127
0.101074
0.101020
0.100967
0.100914
0.100861
0.100809
0.100757
0.100705
0.100653
0.100602
0.100551
0.100500
0.100449
0.100399
0.100349
0.100299
0.100249
0.100200
0.100151
0.100102
0.100053
0.100005
0.099957
0.099909
0.099861
0.099813
0.099766
0.099719
0.099672
0.099626
0.099580
0.099533
0.099487
0.099442
0.099396
0.099351
0.099306
0.099261
0.099217
0.099172
0.099128
0.099084
0.099041
0.098997
0.098954
0.098911
0.098868
0.098825
0.098783
0.098741
0.098699
0.098657
0.098615
0.098574
0.098532
0.098491
0.098450
0.098410
0.098369
0.098329
0.098289
0.098249
0.098210
0.098170
0.098131
0.098092
0.098053
0.098014
0.097976
0.097937
0.097899
0.097861
0.097823
0.097786
0.097748
0.097711
0.097674
0.097637
0.097600
0.097564
0.097528
0.097491
0.097455
0.097420
0.097384
0.097348
0.097313
0.097278
0.097243
0.097208
0.097173
0.097139
0.097105
0.097071
0.097037
0.097003
0.096969
0.096936
0.096902
0.096869
0.096836
0.096803
0.096771
0.096738
0.096706
0.096673
0.096641
0.096609
0.096578
0.096546
0.096515
0.096483
0.096452
0.096421
0.096390
0.096359
0.096329
0.096298
0.096268
0.096238
0.096208
0.096178
0.096148
0.096119
0.096090
0.096060
0.096031
0.096002
0.095973
0.095945
0.095916
0.095887
0.095859
0.095831
0.095803
0.095775
0.095747
0.095720
0.095692
0.095665
0.095638
0.095610
0.095583
0.095557
0.095530
0.095503
0.095477
0.095450
0.095424
0.095398
0.095372
0.095346
0.095321
0.095295
0.095269
0.095244
0.095219
0.095194
0.095169
0.095144
0.095119
0.095094
0.095070
0.095046
0.095021
0.094997
0.094973
0.094949
0.094925
0.094901
0.094878
0.094854
0.094831
0.094808
0.094784
0.094761
0.094739
0.094716
0.094693
0.094670
0.094648
0.094626
0.094603
0.094581
0.094559
0.094537
0.094515
0.094493
0.094472
0.094450
0.094429
0.094407
0.094386
0.094365
0.094344
0.094323
0.094302
0.094281
0.094261
0.094240
0.094220
0.094199
0.094179
0.094159
0.094139
0.094218
0.094573
0.095418
0.097242
0.102115
0.348023
0.326573
0.321392
0.343463
0.382562
0.452207
0.551037
0.652450
0.744434
0.824599
0.893995
0.954148
1.006220
1.051020
1.089150
1.121220
1.147890
1.169920
1.188040
1.202950
1.215230
1.225260
1.233220
1.239090
1.242740
1.244060
1.243120
1.240250
1.235920
1.230630
1.224750
1.218550
1.212170
1.205680
1.199130
1.192510
1.185860
1.179150
1.172410
1.165620
1.158800
1.151950
1.145080
1.138180
1.131260
1.124330
1.117380
1.110430
1.103470
1.096510
1.089550
1.082590
1.075650
1.068710
1.061790
1.054880
1.047990
1.041120
1.034280
1.027450
1.020650
1.013880
1.007140
1.000420
0.993733
0.987078
0.980454
0.973862
0.967304
0.960779
0.954290
0.947835
0.941416
0.935033
0.928686
0.922376
0.916103
0.909867
0.903668
0.897507
0.891384
0.885299
0.879252
0.873244
0.867273
0.861341
0.855447
0.849592
0.843775
0.837996
0.832256
0.826554
0.820890
0.815264
0.809677
0.804127
0.798616
0.793142
0.787706
0.782308
0.776948
0.771625
0.766339
0.761091
0.755879
0.750705
0.745568
0.740467
0.735403
0.730376
0.725385
0.720430
0.715512
0.710629
0.705782
0.700971
0.696195
0.691455
0.686750
0.682080
0.677445
0.672845
0.668280
0.663749
0.659252
0.654790
0.650362
0.645967
0.641607
0.637280
0.632986
0.628726
0.624498
0.620304
0.616143
0.612014
0.607917
0.603853
0.599821
0.595821
0.591853
0.587916
0.584011
0.580137
0.576294
0.572482
0.568701
0.564950
0.561230
0.557540
0.553880
0.550250
0.546650
0.543079
0.539537
0.536025
0.532542
0.529087
0.525662
0.522264
0.518895
0.515554
0.512241
0.508955
0.505697
0.502467
0.499263
0.496086
0.492937
0.489814
0.486717
0.483646
0.480602
0.477583
0.474590
0.471623
0.468680
0.465763
0.462871
0.460003
0.457160
0.454342
0.451547
0.448777
0.446030
0.443307
0.440607
0.437931
0.435278
0.432647
0.430039
0.427454
0.424891
0.422350
0.419830
0.417333
0.414857
0.412403
0.409970
0.407558
0.405167
0.402796
0.400446
0.398116
0.395807
0.393517
0.391247
0.388997
0.386766
0.384555
0.382362
0.380189
0.378034
0.375898
0.373780
0.371681
0.369600
0.367536
0.365490
0.363462
0.361452
0.359458
0.357482
0.355523
0.353581
0.351655
0.349746
0.347853
0.345976
0.344115
0.342270
0.340441
0.338628
0.336830
0.335047
0.333279
0.331527
0.329789
0.328066
0.326358
0.324664
0.322984
0.321319
0.319667
0.318030
0.316406
0.314796
0.313199
0.311616
0.310047
0.308490
0.306946
0.305415
0.303898
0.302392
0.300899
0.299419
0.297951
0.296495
0.295051
0.293619
0.292199
0.290791
0.289394
0.288009
0.286635
0.285273
0.283921
0.282581
0.281252
0.279934
0.278626
0.277329
0.276043
0.274767
0.273502
0.272247
0.271002
0.269767
0.268542
0.267327
0.266122
0.264927
0.263741
0.262565
0.261398
0.260241
0.259093
0.257954
0.256825
0.255704
0.254593
0.253490
0.252396
0.251311
0.250234
0.249166
0.248107
0.247056
0.246013
0.244978
0.243952
0.242934
0.241924
0.240922
0.239927
0.238941
0.237962
0.236991
0.236028
0.235072
0.234124
0.233183
0.232249
0.231323
0.230404
0.229492
0.228587
0.227690
0.226799
0.225915
0.225038
0.224168
0.223304
0.222447
0.221597
0.220753
0.219916
0.219085
0.218261
0.217442
0.216631
0.215825
0.215025
0.214232
0.213445
0.212663
0.211888
0.211118
0.210354
0.209596
0.208844
0.208098
0.207357
0.206621
0.205891
0.205167
0.204448
0.203735
0.203027
0.202324
0.201626
0.200934
0.200246
0.199564
0.198887
0.198215
0.197548
0.196886
0.196228
0.195576
0.194928
0.194285
0.193647
0.193014
0.192385
0.191761
0.191141
0.190526
0.189915
0.189309
0.188707
0.188110
0.187516
0.186928
0.186343
0.185763
0.185186
0.184614
0.184046
0.183483
0.182923
0.182367
0.181815
0.181267
0.180723
0.180183
0.179647
0.179114
0.178585
0.178060
0.177539
0.177021
0.176507
0.175997
0.175490
0.174987
0.174487
0.173991
0.173498
0.173009
0.172523
0.172041
0.171561
0.171086
0.170613
0.170144
0.169678
0.169215
0.168755
0.168299
0.167845
0.167395
0.166948
0.166504
0.166063
0.165624
0.165189
0.164757
0.164328
0.163902
0.163478
0.163058
0.162640
0.162225
0.161813
0.161403
0.160997
0.160593
0.160191
0.159793
0.159397
0.159004
0.158613
0.158225
0.157840
0.157457
0.157076
0.156698
0.156323
0.155950
0.155580
0.155212
0.154846
0.154483
0.154122
0.153763
0.153407
0.153053
0.152702
0.152352
0.152005
0.151661
0.151318
0.150978
0.150640
0.150304
0.149970
0.149638
0.149309
0.148981
0.148656
0.148333
0.148012
0.147692
0.147375
0.147060
0.146747
0.146436
0.146127
0.145820
0.145514
0.145211
0.144909
0.144610
0.144312
0.144016
0.143723
0.143430
0.143140
0.142852
0.142565
0.142280
0.141997
0.141716
0.141436
0.141158
0.140882
0.140607
0.140335
0.140063
0.139794
0.139526
0.139260
0.138996
0.138733
0.138471
0.138212
0.137954
0.137697
0.137442
0.137189
0.136937
0.136686
0.136437
0.136190
0.135944
0.135700
0.135457
0.135215
0.134975
0.134737
0.134500
0.134264
0.134030
0.133797
0.133565
0.133335
0.133106
0.132879
0.132653
0.132428
0.132205
0.131983
0.131762
0.131542
0.131324
0.131107
0.130892
0.130677
0.130464
0.130252
0.130042
0.129832
0.129624
0.129417
0.129212
0.129007
0.128804
0.128602
0.128401
0.128201
0.128002
0.127805
0.127608
0.127413
0.127219
0.127026
0.126834
0.126644
0.126454
0.126265
0.126078
0.125891
0.125706
0.125522
0.125338
0.125156
0.124975
0.124795
0.124616
0.124438
0.124261
0.124085
0.123909
0.123735
0.123562
0.123390
0.123219
0.123049
0.122880
0.122711
0.122544
0.122378
0.122212
0.122048
0.121884
0.121721
0.121559
0.121399
0.121239
0.121079
0.120921
0.120764
0.120607
0.120452
0.120297
0.120143
0.119990
0.119838
0.119687
0.119536
0.119387
0.119238
0.119090
0.118943
0.118796
0.118651
0.118506
0.118362
0.118219
0.118076
0.117934
0.117794
0.117653
0.117514
0.117376
0.117238
0.117101
0.116964
0.116829
0.116694
0.116560
0.116426
0.116294
0.116162
0.116031
0.115900
0.115770
0.115641
0.115513
0.115385
0.115258
0.115131
0.115006
0.114881
0.114756
0.114633
0.114510
0.114387
0.114266
0.114145
0.114024
0.113904
0.113785
0.113667
0.113549
0.113432
0.113315
0.113199
0.113084
0.112969
0.112855
0.112741
0.112628
0.112516
0.112404
0.112293
0.112183
0.112073
0.111963
0.111854
0.111746
0.111638
0.111531
0.111425
0.111319
0.111213
0.111108
0.111004
0.110900
0.110797
0.110694
0.110592
0.110490
0.110389
0.110289
0.110189
0.110089
0.109990
0.109892
0.109794
0.109696
0.109599
0.109503
0.109407
0.109311
0.109216
0.109122
0.109028
0.108934
0.108841
0.108749
0.108657
0.108565
0.108474
0.108383
0.108293
0.108203
0.108114
0.108025
0.107937
0.107849
0.107762
0.107675
0.107588
0.107502
0.107416
0.107331
0.107246
0.107162
0.107078
0.106995
0.106911
0.106829
0.106747
0.106665
0.106583
0.106502
0.106422
0.106342
0.106262
0.106183
0.106104
0.106025
0.105947
0.105869
0.105792
0.105715
0.105638
0.105562
0.105486
0.105411
0.105336
0.105261
0.105187
0.105113
0.105040
0.104967
0.104894
0.104821
0.104749
0.104678
0.104606
0.104535
0.104465
0.104394
0.104324
0.104255
0.104186
0.104117
0.104048
0.103980
0.103912
0.103845
0.103778
0.103711
0.103644
0.103578
0.103512
0.103447
0.103382
0.103317
0.103252
0.103188
0.103124
0.103061
0.102997
0.102935
0.102872
0.102810
0.102748
0.102686
0.102625
0.102564
0.102503
0.102442
0.102382
0.102322
0.102263
0.102203
0.102144
0.102086
0.102027
0.101969
0.101911
0.101854
0.101797
0.101740
0.101683
0.101626
0.101570
0.101514
0.101459
0.101404
0.101348
0.101294
0.101239
0.101185
0.101131
0.101077
0.101024
0.100971
0.100918
0.100865
0.100813
0.100761
0.100709
0.100657
0.100606
0.100555
0.100504
0.100453
0.100403
0.100353
0.100303
0.100253
0.100204
0.100155
0.100106
0.100057
0.100009
0.099960
0.099912
0.099865
0.099817
0.099770
0.099723
0.099676
0.099629
0.099583
0.099537
0.099491
0.099445
0.099400
0.099355
0.099310
0.099265
0.099220
0.099176
0.099132
0.099088
0.099044
0.099001
0.098957
0.098914
0.098871
0.098829
0.098786
0.098744
0.098702
0.098660
0.098618
0.098577
0.098536
0.098495
0.098454
0.098413
0.098373
0.098333
0.098293
0.098253
0.098213
0.098174
0.098134
0.098095
0.098056
0.098018
0.097979
0.097941
0.097903
0.097865
0.097827
0.097789
0.097752
0.097714
0.097677
0.097641
0.097604
0.097567
0.097531
0.097495
0.097459
0.097423
0.097387
0.097352
0.097316
0.097281
0.097246
0.097211
0.097177
0.097142
0.097108
0.097074
0.097040
0.097006
0.096972
0.096939
0.096906
0.096872
0.096839
0.096806
0.096774
0.096741
0.096709
0.096676
0.096644
0.096612
0.096581
0.096549
0.096518
0.096486
0.096455
0.096424
0.096393
0.096363
0.096332
0.096302
0.096271
0.096241
0.096211
0.096181
0.096152
0.096122
0.096093
0.096063
0.096034
0.096005
0.095976
0.095948
0.095919
0.095891
0.095862
0.095834
0.095806
0.095778
0.095750
0.095723
0.095695
0.095668
0.095640
0.095613
0.095586
0.095560
0.095533
0.095506
0.095480
0.095453
0.095427
0.095401
0.095375
0.095349
0.095324
0.095298
0.095272
0.095247
0.095222
0.095197
0.095172
0.095147
0.095122
0.095097
0.095073
0.095048
0.095024
0.095000
0.094976
0.094952
0.094928
0.094904
0.094881
0.094857
0.094834
0.094811
0.094787
0.094764
0.094742
0.094719
0.094696
0.094673
0.094651
0.094628
0.094606
0.094584
0.094562
0.094540
0.094518
0.094496
0.094475
0.094453
0.094432
0.094410
0.094389
0.094368
0.094347
0.094326
0.094305
0.094284
0.094264
0.094243
0.094223
0.094202
0.094182
0.094162
0.094142
