0.091964
0.092063
0.092471
0.093429
0.095482
0.100868
0.385939
0.364652
0.361083
0.391593
0.443506
0.533301
0.656733
0.778885
0.884813
0.972031
1.042340
1.098200
1.141860
1.175430
1.200950
1.220360
1.235300
1.246940
1.255880
1.262170
1.265630
1.266200
1.264240
1.260430
1.255490
1.249960
1.244150
1.238210
1.232210
1.226150
1.220040
1.213860
1.207620
1.201310
1.194930
1.188490
1.182000
1.175450
1.168840
1.162180
1.155480
1.148740
1.141950
1.135130
1.128280
1.121400
1.114500
1.107580
1.100640
1.093680
1.086720
1.079740
1.072760
1.065780
1.058800
1.051820
1.044840
1.037870
1.030900
1.023950
1.017010
1.010080
1.003170
0.996267
0.989386
0.982524
0.975682
0.968860
0.962062
0.955286
0.948534
0.941808
0.935107
0.928434
0.921787
0.915169
0.908580
0.902021
0.895492
0.888994
0.882527
0.876092
0.869690
0.863321
0.856985
0.850682
0.844414
0.838180
0.831981
0.825818
0.819690
0.813597
0.807541
0.801521
0.795538
0.789591
0.783681
0.777809
0.771974
0.766176
0.760416
0.754694
0.749010
0.743365
0.737757
0.732188
0.726657
0.721164
0.715710
0.710295
0.704919
0.699581
0.694282
0.689022
0.683801
0.678619
0.673476
0.668371
0.663306
0.658279
0.653291
0.648342
0.643432
0.638561
0.633728
0.628934
0.624179
0.619462
0.614784
0.610144
0.605542
0.600979
0.596454
0.591966
0.587517
0.583105
0.578732
0.574395
0.570097
0.565835
0.561611
0.557423
0.553273
0.549159
0.545082
0.541041
0.537036
0.533068
0.529135
0.525238
0.521376
0.517550
0.513759
0.510003
0.506281
0.502594
0.498942
0.495323
0.491739
0.488188
0.484670
0.481186
0.477734
0.474316
0.470930
0.467576
0.464255
0.460965
0.457707
0.454480
0.451285
0.448120
0.444986
0.441883
0.438810
0.435766
0.432753
0.429768
0.426813
0.423887
0.420990
0.418121
0.415280
0.412467
0.409682
0.406925
0.404194
0.401491
0.398814
0.396164
0.393540
0.390941
0.388369
0.385822
0.383300
0.380804
0.378332
0.375884
0.373461
0.371062
0.368686
0.366334
0.364005
0.361700
0.359417
0.357157
0.354919
0.352703
0.350509
0.348337
0.346186
0.344056
0.341948
0.339860
0.337793
0.335746
0.333719
0.331712
0.329724
0.327757
0.325808
0.323878
0.321968
0.320076
0.318202
0.316347
0.314509
0.312690
0.310888
0.309103
0.307336
0.305586
0.303853
0.302136
0.300436
0.298753
0.297085
0.295434
0.293798
0.292178
0.290573
0.288984
0.287409
0.285850
0.284305
0.282775
0.281260
0.279759
0.278272
0.276799
0.275339
0.273894
0.272462
0.271043
0.269638
0.268246
0.266866
0.265500
0.264146
0.262805
0.261476
0.260159
0.258855
0.257562
0.256282
0.255013
0.253756
0.252510
0.251276
0.250052
0.248840
0.247639
0.246449
0.245270
0.244102
0.242943
0.241796
0.240659
0.239532
0.238415
0.237308
0.236211
0.235123
0.234046
0.232978
0.231919
0.230870
0.229831
0.228800
0.227779
0.226766
0.225763
0.224768
0.223782
0.222805
0.221836
0.220876
0.219924
0.218980
0.218045
0.217118
0.216199
0.215287
0.214384
0.213488
0.212601
0.211720
0.210848
0.209983
0.209125
0.208275
0.207432
0.206596
0.205767
0.204945
0.204130
0.203323
0.202522
0.201727
0.200940
0.200159
0.199385
0.198617
0.197855
0.197100
0.196352
0.195609
0.194873
0.194143
0.193419
0.192701
0.191989
0.191282
0.190582
0.189887
0.189198
0.188515
0.187838
0.187165
0.186499
0.185838
0.185182
0.184532
0.183886
0.183246
0.182612
0.181982
0.181358
0.180738
0.180124
0.179514
0.178910
0.178310
0.177715
0.177124
0.176539
0.175958
0.175382
0.174810
0.174243
0.173680
0.173122
0.172568
0.172019
0.171473
0.170932
0.170396
0.169863
0.169335
0.168811
0.168291
0.167775
0.167262
0.166754
0.166250
0.165750
0.165253
0.164761
0.164272
0.163787
0.163305
0.162828
0.162354
0.161883
0.161416
0.160953
0.160493
0.160037
0.159584
0.159135
0.158689
0.158246
0.157806
0.157370
0.156938
0.156508
0.156082
0.155658
0.155238
0.154821
0.154407
0.153997
0.153589
0.153184
0.152782
0.152384
0.151988
0.151595
0.151205
0.150817
0.150433
0.150051
0.149673
0.149297
0.148923
0.148553
0.148185
0.147819
0.147457
0.147097
0.146739
0.146384
0.146032
0.145682
0.145335
0.144990
0.144647
0.144308
0.143970
0.143635
0.143302
0.142972
0.142644
0.142318
0.141994
0.141673
0.141354
0.141038
0.140723
0.140411
0.140101
0.139793
0.139487
0.139183
0.138882
0.138582
0.138285
0.137990
0.137696
0.137405
0.137116
0.136829
0.136543
0.136260
0.135978
0.135699
0.135421
0.135146
0.134872
0.134600
0.134330
0.134062
0.133795
0.133531
0.133268
0.133007
0.132747
0.132490
0.132234
0.131980
0.131728
0.131477
0.131228
0.130980
0.130735
0.130491
0.130248
0.130007
0.129768
0.129530
0.129294
0.129060
0.128827
0.128595
0.128366
0.128137
0.127910
0.127685
0.127461
0.127238
0.127017
0.126798
0.126580
0.126363
0.126148
0.125934
0.125721
0.125510
0.125300
0.125092
0.124885
0.124679
0.124475
0.124272
0.124070
0.123870
0.123670
0.123473
0.123276
0.123081
0.122886
0.122694
0.122502
0.122312
0.122122
0.121934
0.121747
0.121562
0.121377
0.121194
0.121012
0.120831
0.120651
0.120472
0.120295
0.120118
0.119943
0.119769
0.119596
0.119424
0.119253
0.119083
0.118914
0.118746
0.118579
0.118414
0.118249
0.118085
0.117923
0.117761
0.117600
0.117441
0.117282
0.117125
0.116968
0.116812
0.116657
0.116504
0.116351
0.116199
0.116048
0.115898
0.115749
0.115600
0.115453
0.115307
0.115161
0.115016
0.114873
0.114730
0.114588
0.114447
0.114306
0.114167
0.114028
0.113891
0.113754
0.113618
0.113482
0.113348
0.113214
0.113082
0.112949
0.112818
0.112688
0.112558
0.112429
0.112301
0.112174
0.112047
0.111921
0.111796
0.111672
0.111549
0.111426
0.111304
0.111182
0.111062
0.110942
0.110822
0.110704
0.110586
0.110469
0.110353
0.110237
0.110122
0.110008
0.109894
0.109781
0.109668
0.109557
0.109446
0.109335
0.109226
0.109117
0.109008
0.108900
0.108793
0.108687
0.108581
0.108476
0.108371
0.108267
0.108163
0.108061
0.107958
0.107857
0.107756
0.107655
0.107555
0.107456
0.107357
0.107259
0.107162
0.107065
0.106968
0.106872
0.106777
0.106682
0.106588
0.106494
0.106401
0.106308
0.106216
0.106125
0.106034
0.105943
0.105853
0.105764
0.105675
0.105587
0.105499
0.105411
0.105324
0.105238
0.105152
0.105067
0.104982
0.104897
0.104813
0.104730
0.104647
0.104564
0.104482
0.104401
0.104319
0.104239
0.104159
0.104079
0.104000
0.103921
0.103842
0.103764
0.103687
0.103610
0.103533
0.103457
0.103381
0.103306
0.103231
0.103156
0.103082
0.103009
0.102936
0.102863
0.102790
0.102718
0.102647
0.102576
0.102505
0.102434
0.102364
0.102295
0.102226
0.102157
0.102088
0.102020
0.101953
0.101885
0.101819
0.101752
0.101686
0.101620
0.101555
0.101490
0.101425
0.101361
0.101297
0.101233
0.101170
0.101107
0.101044
0.100982
0.100920
0.100859
0.100798
0.100737
0.100676
0.100616
0.100556
0.100497
0.100438
0.100379
0.100321
0.100262
0.100205
0.100147
0.100090
0.100033
0.099976
0.099920
0.099864
0.099809
0.099753
0.099698
0.099643
0.099589
0.099535
0.099481
0.099428
0.099374
0.099322
0.099269
0.099217
0.099165
0.099113
0.099061
0.099010
0.098959
0.098909
0.098858
0.098808
0.098758
0.098709
0.098660
0.098611
0.098562
0.098514
0.098465
0.098417
0.098370
0.098322
0.098275
0.098228
0.098182
0.098136
0.098089
0.098044
0.097998
0.097953
0.097908
0.097863
0.097818
0.097774
0.097730
0.097686
0.097642
0.097599
0.097556
0.097513
0.097470
0.097428
0.097385
0.097343
0.097302
0.097260
0.097219
0.097178
0.097137
0.097096
0.097056
0.097016
0.096976
0.096936
0.096896
0.096857
0.096818
0.096779
0.096740
0.096702
0.096664
0.096626
0.096588
0.096550
0.096513
0.096475
0.096438
0.096402
0.096365
0.096329
0.096292
0.096256
0.096221
0.096185
0.096149
0.096114
0.096079
0.096044
0.096010
0.095975
0.095941
0.095907
0.095873
0.095839
0.095806
0.095772
0.095739
0.095706
0.095673
0.095640
0.095608
0.095576
0.095544
0.095512
0.095480
0.095448
0.095417
0.095385
0.095354
0.095324
0.095293
0.095262
0.095232
0.095202
0.095171
0.095141
0.095112
0.095082
0.095053
0.095023
0.094994
0.094965
0.094936
0.094908
0.094879
0.094851
0.094823
0.094795
0.094767
0.094739
0.094711
0.094684
0.094657
0.094630
0.094602
0.094576
0.094549
0.094522
0.094496
0.094470
0.094444
0.094418
0.094392
0.094366
0.094341
0.094315
0.094290
0.094265
0.094240
0.094215
0.094190
0.094165
0.094141
0.094117
0.094092
0.094068
0.094044
0.094020
0.093997
0.093973
0.093950
0.093926
0.093903
0.093880
0.093857
0.093834
0.093812
0.093789
0.093767
0.093744
0.093722
0.093700
0.093678
0.093656
0.093634
0.093613
0.093591
0.093570
0.093549
0.093528
0.093507
0.093486
0.093465
0.093444
0.093424
0.093403
0.093383
0.093363
0.093342
0.093322
0.093302
0.093283
0.093263
0.093243
0.093224
0.093205
0.093185
0.093166
0.093147
0.093128
0.093109
0.093090
0.093072
0.093053
0.093035
0.093017
0.092998
0.092980
0.092962
0.092944
0.092926
0.092909
0.092891
0.092873
0.092856
0.092838
0.092821
0.092804
0.092787
0.092770
0.092753
0.092736
0.092719
0.092703
0.092686
0.092670
0.092653
0.092637
0.092621
0.092605
0.092589
0.092573
0.092557
0.092541
0.092526
0.092510
0.092495
0.092479
0.092464
0.092449
0.092434
0.092418
0.092403
0.092388
0.092374
0.092359
0.092344
0.092330
0.092315
0.092301
0.092286
0.092272
0.092258
0.092244
0.092230
0.092216
0.092202
0.092188
0.092174
0.092161
0.092147
0.092134
0.092120
0.092107
0.092094
0.092080
0.092067
0.092054
0.092041
0.092028
0.092016
0.092003
0.091990
0.091978
0.091965
0.092064
0.092472
0.093429
0.095483
0.100867
0.385936
0.364662
0.361085
0.391592
0.443499
0.533293
0.656728
0.778878
0.884806
0.972025
1.042340
1.098190
1.141860
1.175430
1.200950
1.220360
1.235300
1.246950
1.255880
1.262180
1.265640
1.266210
1.264240
1.260430
1.255500
1.249960
1.244150
1.238220
1.232220
1.226160
1.220040
1.213870
1.207620
1.201310
1.194940
1.188500
1.182010
1.175450
1.168850
1.162190
1.155490
1.148740
1.141960
1.135140
1.128290
1.121410
1.114510
1.107590
1.100640
1.093690
1.086720
1.079750
1.072770
1.065790
1.058800
1.051820
1.044850
1.037870
1.030910
1.023960
1.017020
1.010090
1.003170
0.996274
0.989393
0.982531
0.975689
0.968868
0.962069
0.955293
0.948541
0.941815
0.935115
0.928441
0.921794
0.915176
0.908588
0.902028
0.895499
0.889001
0.882534
0.876100
0.869697
0.863328
0.856992
0.850689
0.844421
0.838187
0.831988
0.825825
0.819697
0.813604
0.807548
0.801528
0.795545
0.789598
0.783688
0.777816
0.771981
0.766183
0.760423
0.754701
0.749017
0.743372
0.737764
0.732194
0.726664
0.721171
0.715717
0.710302
0.704926
0.699588
0.694289
0.689029
0.683808
0.678626
0.673483
0.668378
0.663312
0.658286
0.653298
0.648349
0.643439
0.638567
0.633735
0.628941
0.624185
0.619469
0.614790
0.610150
0.605549
0.600985
0.596460
0.591973
0.587523
0.583112
0.578738
0.574402
0.570103
0.565841
0.561617
0.557430
0.553279
0.549165
0.545088
0.541047
0.537042
0.533074
0.529141
0.525244
0.521382
0.517556
0.513765
0.510009
0.506287
0.502600
0.498948
0.495329
0.491744
0.488193
0.484676
0.481191
0.477740
0.474321
0.470935
0.467582
0.464260
0.460971
0.457712
0.454486
0.451291
0.448126
0.444992
0.441889
0.438815
0.435772
0.432758
0.429774
0.426819
0.423893
0.420995
0.418126
0.415285
0.412473
0.409687
0.406930
0.404199
0.401496
0.398819
0.396169
0.393544
0.390946
0.388374
0.385827
0.383305
0.380808
0.378336
0.375889
0.373466
0.371066
0.368691
0.366339
0.364010
0.361704
0.359421
0.357161
0.354923
0.352707
0.350514
0.348341
0.346190
0.344061
0.341952
0.339864
0.337797
0.335750
0.333723
0.331716
0.329729
0.327761
0.325812
0.323883
0.321972
0.320080
0.318206
0.316351
0.314513
0.312694
0.310892
0.309108
0.307340
0.305590
0.303857
0.302140
0.300440
0.298757
0.297089
0.295437
0.293802
0.292181
0.290577
0.288987
0.287413
0.285854
0.284309
0.282779
0.281264
0.279762
0.278275
0.276802
0.275343
0.273897
0.272465
0.271047
0.269641
0.268249
0.266870
0.265503
0.264149
0.262808
0.261479
0.260163
0.258858
0.257566
0.256285
0.255016
0.253759
0.252513
0.251279
0.250056
0.248844
0.247643
0.246453
0.245273
0.244105
0.242947
0.241799
0.240662
0.239534
0.238418
0.237311
0.236213
0.235126
0.234049
0.232981
0.231922
0.230873
0.229833
0.228803
0.227781
0.226769
0.225765
0.224771
0.223785
0.222808
0.221839
0.220879
0.219927
0.218983
0.218048
0.217120
0.216201
0.215290
0.214387
0.213491
0.212603
0.211723
0.210850
0.209985
0.209128
0.208277
0.207434
0.206598
0.205769
0.204948
0.204133
0.203325
0.202524
0.201730
0.200942
0.200161
0.199387
0.198619
0.197858
0.197103
0.196354
0.195611
0.194875
0.194145
0.193421
0.192703
0.191991
0.191284
0.190584
0.189889
0.189201
0.188517
0.187840
0.187168
0.186501
0.185840
0.185184
0.184534
0.183888
0.183249
0.182614
0.181984
0.181360
0.180740
0.180126
0.179516
0.178912
0.178312
0.177717
0.177126
0.176541
0.175960
0.175384
0.174812
0.174245
0.173682
0.173124
0.172570
0.172020
0.171475
0.170934
0.170398
0.169865
0.169337
0.168813
0.168292
0.167776
0.167264
0.166756
0.166252
0.165752
0.165255
0.164763
0.164274
0.163789
0.163307
0.162830
0.162355
0.161885
0.161418
0.160955
0.160495
0.160039
0.159586
0.159136
0.158690
0.158247
0.157808
0.157372
0.156939
0.156510
0.156083
0.155660
0.155240
0.154823
0.154409
0.153998
0.153590
0.153186
0.152784
0.152385
0.151989
0.151596
0.151206
0.150819
0.150435
0.150053
0.149674
0.149298
0.148925
0.148554
0.148186
0.147821
0.147458
0.147098
0.146741
0.146386
0.146033
0.145683
0.145336
0.144991
0.144649
0.144309
0.143971
0.143636
0.143303
0.142973
0.142645
0.142319
0.141996
0.141675
0.141356
0.141039
0.140724
0.140412
0.140102
0.139794
0.139488
0.139185
0.138883
0.138584
0.138286
0.137991
0.137698
0.137406
0.137117
0.136830
0.136544
0.136261
0.135980
0.135700
0.135423
0.135147
0.134873
0.134601
0.134331
0.134063
0.133796
0.133532
0.133269
0.133008
0.132749
0.132491
0.132235
0.131981
0.131729
0.131478
0.131229
0.130982
0.130736
0.130492
0.130249
0.130008
0.129769
0.129532
0.129295
0.129061
0.128828
0.128597
0.128367
0.128138
0.127911
0.127686
0.127462
0.127240
0.127019
0.126799
0.126581
0.126364
0.126149
0.125935
0.125722
0.125511
0.125302
0.125093
0.124886
0.124680
0.124476
0.124273
0.124071
0.123871
0.123672
0.123474
0.123277
0.123082
0.122887
0.122695
0.122503
0.122313
0.122123
0.121935
0.121748
0.121563
0.121378
0.121195
0.121013
0.120832
0.120652
0.120473
0.120296
0.120119
0.119944
0.119770
0.119597
0.119425
0.119254
0.119084
0.118915
0.118747
0.118580
0.118415
0.118250
0.118086
0.117924
0.117762
0.117601
0.117442
0.117283
0.117125
0.116969
0.116813
0.116658
0.116504
0.116352
0.116200
0.116049
0.115899
0.115749
0.115601
0.115454
0.115308
0.115162
0.115017
0.114874
0.114731
0.114589
0.114448
0.114307
0.114168
0.114029
0.113891
0.113755
0.113619
0.113483
0.113349
0.113215
0.113082
0.112950
0.112819
0.112689
0.112559
0.112430
0.112302
0.112175
0.112048
0.111922
0.111797
0.111673
0.111549
0.111427
0.111304
0.111183
0.111062
0.110942
0.110823
0.110705
0.110587
0.110470
0.110353
0.110238
0.110123
0.110008
0.109895
0.109782
0.109669
0.109558
0.109447
0.109336
0.109226
0.109117
0.109009
0.108901
0.108794
0.108687
0.108582
0.108476
0.108372
0.108268
0.108164
0.108061
0.107959
0.107857
0.107756
0.107656
0.107556
0.107457
0.107358
0.107260
0.107162
0.107065
0.106969
0.106873
0.106778
0.106683
0.106589
0.106495
0.106402
0.106309
0.106217
0.106126
0.106034
0.105944
0.105854
0.105765
0.105676
0.105587
0.105499
0.105412
0.105325
0.105239
0.105153
0.105067
0.104982
0.104898
0.104814
0.104730
0.104647
0.104565
0.104483
0.104401
0.104320
0.104239
0.104159
0.104079
0.104000
0.103921
0.103843
0.103765
0.103687
0.103610
0.103534
0.103458
0.103382
0.103306
0.103232
0.103157
0.103083
0.103009
0.102936
0.102863
0.102791
0.102719
0.102647
0.102576
0.102505
0.102435
0.102365
0.102295
0.102226
0.102157
0.102089
0.102021
0.101953
0.101886
0.101819
0.101753
0.101686
0.101621
0.101555
0.101490
0.101426
0.101361
0.101297
0.101234
0.101170
0.101108
0.101045
0.100983
0.100921
0.100859
0.100798
0.100737
0.100677
0.100617
0.100557
0.100498
0.100438
0.100380
0.100321
0.100263
0.100205
0.100148
0.100090
0.100034
0.099977
0.099921
0.099865
0.099809
0.099754
0.099699
0.099644
0.099590
0.099536
0.099482
0.099428
0.099375
0.099322
0.099269
0.099217
0.099165
0.099113
0.099062
0.099011
0.098960
0.098909
0.098859
0.098809
0.098759
0.098709
0.098660
0.098611
0.098562
0.098514
0.098466
0.098418
0.098370
0.098323
0.098276
0.098229
0.098182
0.098136
0.098090
0.098044
0.097999
0.097953
0.097908
0.097863
0.097819
0.097774
0.097730
0.097686
0.097643
0.097599
0.097556
0.097513
0.097470
0.097428
0.097386
0.097344
0.097302
0.097261
0.097219
0.097178
0.097137
0.097097
0.097056
0.097016
0.096976
0.096936
0.096897
0.096858
0.096819
0.096780
0.096741
0.096703
0.096664
0.096626
0.096588
0.096551
0.096513
0.096476
0.096439
0.096402
0.096366
0.096329
0.096293
0.096257
0.096221
0.096185
0.096150
0.096115
0.096080
0.096045
0.096010
0.095976
0.095941
0.095907
0.095873
0.095840
0.095806
0.095773
0.095739
0.095706
0.095674
0.095641
0.095608
0.095576
0.095544
0.095512
0.095480
0.095449
0.095417
0.095386
0.095355
0.095324
0.095293
0.095263
0.095232
0.095202
0.095172
0.095142
0.095112
0.095083
0.095053
0.095024
0.094995
0.094966
0.094937
0.094908
0.094880
0.094851
0.094823
0.094795
0.094767
0.094739
0.094712
0.094684
0.094657
0.094630
0.094603
0.094576
0.094549
0.094523
0.094497
0.094470
0.094444
0.094418
0.094392
0.094367
0.094341
0.094315
0.094290
0.094265
0.094240
0.094215
0.094190
0.094166
0.094141
0.094117
0.094093
0.094069
0.094045
0.094021
0.093997
0.093974
0.093950
0.093927
0.093904
0.093881
0.093858
0.093835
0.093812
0.093790
0.093767
0.093745
0.093723
0.093700
0.093678
0.093657
0.093635
0.093613
0.093592
0.093571
0.093549
0.093528
0.093507
0.093486
0.093465
0.093445
0.093424
0.093404
0.093383
0.093363
0.093343
0.093323
0.093303
0.093283
0.093263
0.093244
0.093224
0.093205
0.093186
0.093167
0.093148
0.093129
0.093110
0.093091
0.093072
0.093054
0.093035
0.093017
0.092999
0.092981
0.092963
0.092944
0.092927
0.092909
0.092891
0.092874
0.092856
0.092839
0.092822
0.092804
0.092787
0.092770
0.092753
0.092736
0.092720
0.092703
0.092687
0.092670
0.092654
0.092638
0.092621
0.092605
0.092589
0.092573
0.092558
0.092542
0.092526
0.092510
0.092495
0.092480
0.092464
0.092449
0.092434
0.092419
0.092404
0.092389
0.092374
0.092359
0.092345
0.092330
0.092316
0.092301
0.092287
0.092273
0.092259
0.092244
0.092230
0.092216
0.092203
0.092189
0.092175
0.092161
0.092148
0.092134
0.092121
0.092107
0.092094
0.092081
0.092068
0.092055
0.092042
0.092029
0.092016
0.092003
0.091991
0.091978
0.091965
0.092064
0.092472
0.093430
0.095483
0.100869
0.385948
0.364667
0.361095
0.391605
0.443512
0.533310
0.656739
0.778893
0.884816
0.972032
1.042340
1.098190
1.141860
1.175420
1.200950
1.220350
1.235300
1.246940
1.255870
1.262170
1.265620
1.266190
1.264230
1.260420
1.255480
1.249950
1.244140
1.238210
1.232200
1.226150
1.220030
1.213850
1.207610
1.201300
1.194930
1.188490
1.181990
1.175440
1.168830
1.162180
1.155480
1.148730
1.141950
1.135130
1.128280
1.121400
1.114500
1.107570
1.100630
1.093680
1.086710
1.079740
1.072760
1.065780
1.058790
1.051810
1.044840
1.037860
1.030900
1.023950
1.017010
1.010080
1.003160
0.996264
0.989384
0.982522
0.975679
0.968858
0.962059
0.955284
0.948532
0.941806
0.935106
0.928432
0.921786
0.915168
0.908579
0.902020
0.895491
0.888993
0.882526
0.876091
0.869689
0.863320
0.856984
0.850681
0.844413
0.838180
0.831981
0.825817
0.819689
0.813597
0.807541
0.801521
0.795538
0.789591
0.783682
0.777809
0.771974
0.766177
0.760417
0.754695
0.749011
0.743365
0.737758
0.732188
0.726658
0.721165
0.715711
0.710296
0.704920
0.699582
0.694284
0.689024
0.683803
0.678620
0.673477
0.668373
0.663307
0.658280
0.653293
0.648344
0.643434
0.638563
0.633730
0.628936
0.624181
0.619464
0.614786
0.610146
0.605544
0.600981
0.596456
0.591969
0.587519
0.583108
0.578734
0.574398
0.570099
0.565838
0.561613
0.557426
0.553276
0.549162
0.545085
0.541044
0.537039
0.533071
0.529138
0.525241
0.521379
0.517553
0.513762
0.510006
0.506284
0.502597
0.498945
0.495326
0.491742
0.488191
0.484673
0.481189
0.477737
0.474319
0.470933
0.467579
0.464258
0.460968
0.457710
0.454484
0.451288
0.448123
0.444990
0.441886
0.438813
0.435769
0.432756
0.429771
0.426816
0.423890
0.420993
0.418124
0.415283
0.412470
0.409685
0.406928
0.404197
0.401494
0.398817
0.396167
0.393543
0.390945
0.388372
0.385825
0.383304
0.380807
0.378335
0.375887
0.373464
0.371065
0.368689
0.366337
0.364009
0.361703
0.359420
0.357160
0.354922
0.352706
0.350512
0.348340
0.346189
0.344060
0.341951
0.339863
0.337796
0.335749
0.333722
0.331715
0.329728
0.327760
0.325812
0.323882
0.321971
0.320079
0.318206
0.316350
0.314513
0.312693
0.310891
0.309107
0.307340
0.305590
0.303856
0.302140
0.300440
0.298756
0.297088
0.295437
0.293801
0.292181
0.290576
0.288987
0.287412
0.285853
0.284309
0.282779
0.281263
0.279762
0.278275
0.276802
0.275343
0.273897
0.272465
0.271046
0.269641
0.268249
0.266869
0.265503
0.264149
0.262808
0.261479
0.260162
0.258858
0.257565
0.256285
0.255016
0.253759
0.252513
0.251279
0.250055
0.248843
0.247643
0.246452
0.245273
0.244105
0.242946
0.241799
0.240662
0.239534
0.238418
0.237311
0.236214
0.235126
0.234049
0.232981
0.231922
0.230873
0.229834
0.228803
0.227782
0.226769
0.225766
0.224771
0.223785
0.222808
0.221839
0.220879
0.219927
0.218983
0.218048
0.217121
0.216201
0.215290
0.214387
0.213491
0.212603
0.211723
0.210851
0.209985
0.209128
0.208277
0.207434
0.206598
0.205770
0.204948
0.204133
0.203325
0.202524
0.201730
0.200942
0.200161
0.199387
0.198619
0.197858
0.197103
0.196354
0.195612
0.194875
0.194145
0.193421
0.192703
0.191991
0.191285
0.190584
0.189890
0.189201
0.188518
0.187840
0.187168
0.186501
0.185840
0.185184
0.184534
0.183889
0.183249
0.182614
0.181985
0.181360
0.180741
0.180126
0.179517
0.178912
0.178312
0.177717
0.177127
0.176541
0.175960
0.175384
0.174812
0.174245
0.173682
0.173124
0.172570
0.172021
0.171476
0.170935
0.170398
0.169865
0.169337
0.168813
0.168293
0.167777
0.167265
0.166757
0.166252
0.165752
0.165256
0.164763
0.164274
0.163789
0.163308
0.162830
0.162356
0.161885
0.161419
0.160955
0.160495
0.160039
0.159586
0.159137
0.158691
0.158248
0.157808
0.157372
0.156940
0.156510
0.156084
0.155660
0.155240
0.154823
0.154409
0.153999
0.153591
0.153186
0.152784
0.152386
0.151990
0.151597
0.151207
0.150819
0.150435
0.150053
0.149674
0.149298
0.148925
0.148554
0.148186
0.147821
0.147458
0.147098
0.146741
0.146386
0.146034
0.145684
0.145337
0.144992
0.144649
0.144309
0.143972
0.143637
0.143304
0.142973
0.142645
0.142320
0.141996
0.141675
0.141356
0.141039
0.140725
0.140413
0.140102
0.139795
0.139489
0.139185
0.138883
0.138584
0.138287
0.137991
0.137698
0.137407
0.137117
0.136830
0.136545
0.136262
0.135980
0.135701
0.135423
0.135147
0.134874
0.134602
0.134332
0.134063
0.133797
0.133532
0.133269
0.133008
0.132749
0.132492
0.132236
0.131982
0.131729
0.131478
0.131229
0.130982
0.130736
0.130492
0.130250
0.130009
0.129770
0.129532
0.129296
0.129061
0.128828
0.128597
0.128367
0.128139
0.127912
0.127686
0.127462
0.127240
0.127019
0.126799
0.126581
0.126365
0.126149
0.125935
0.125723
0.125512
0.125302
0.125094
0.124887
0.124681
0.124476
0.124273
0.124072
0.123871
0.123672
0.123474
0.123277
0.123082
0.122888
0.122695
0.122503
0.122313
0.122124
0.121936
0.121749
0.121563
0.121379
0.121196
0.121013
0.120833
0.120653
0.120474
0.120296
0.120120
0.119945
0.119770
0.119597
0.119425
0.119254
0.119084
0.118915
0.118748
0.118581
0.118415
0.118250
0.118087
0.117924
0.117763
0.117602
0.117442
0.117284
0.117126
0.116969
0.116814
0.116659
0.116505
0.116352
0.116200
0.116049
0.115899
0.115750
0.115602
0.115454
0.115308
0.115162
0.115018
0.114874
0.114731
0.114589
0.114448
0.114308
0.114168
0.114030
0.113892
0.113755
0.113619
0.113484
0.113349
0.113216
0.113083
0.112951
0.112820
0.112689
0.112560
0.112431
0.112303
0.112175
0.112049
0.111923
0.111798
0.111673
0.111550
0.111427
0.111305
0.111184
0.111063
0.110943
0.110824
0.110705
0.110587
0.110470
0.110354
0.110238
0.110123
0.110009
0.109895
0.109782
0.109670
0.109558
0.109447
0.109337
0.109227
0.109118
0.109009
0.108902
0.108795
0.108688
0.108582
0.108477
0.108372
0.108268
0.108165
0.108062
0.107960
0.107858
0.107757
0.107656
0.107557
0.107457
0.107358
0.107260
0.107163
0.107066
0.106969
0.106873
0.106778
0.106683
0.106589
0.106495
0.106402
0.106310
0.106218
0.106126
0.106035
0.105945
0.105855
0.105765
0.105676
0.105588
0.105500
0.105412
0.105326
0.105239
0.105153
0.105068
0.104983
0.104898
0.104814
0.104731
0.104648
0.104565
0.104483
0.104402
0.104321
0.104240
0.104160
0.104080
0.104001
0.103922
0.103843
0.103765
0.103688
0.103611
0.103534
0.103458
0.103382
0.103307
0.103232
0.103158
0.103084
0.103010
0.102937
0.102864
0.102791
0.102719
0.102648
0.102577
0.102506
0.102436
0.102366
0.102296
0.102227
0.102158
0.102090
0.102021
0.101954
0.101887
0.101820
0.101753
0.101687
0.101621
0.101556
0.101491
0.101426
0.101362
0.101298
0.101234
0.101171
0.101108
0.101045
0.100983
0.100921
0.100860
0.100799
0.100738
0.100677
0.100617
0.100558
0.100498
0.100439
0.100380
0.100322
0.100263
0.100206
0.100148
0.100091
0.100034
0.099977
0.099921
0.099865
0.099810
0.099754
0.099699
0.099645
0.099590
0.099536
0.099482
0.099429
0.099375
0.099323
0.099270
0.099218
0.099166
0.099114
0.099062
0.099011
0.098960
0.098910
0.098859
0.098809
0.098760
0.098710
0.098661
0.098612
0.098563
0.098515
0.098466
0.098419
0.098371
0.098323
0.098276
0.098230
0.098183
0.098137
0.098090
0.098045
0.097999
0.097954
0.097909
0.097864
0.097819
0.097775
0.097731
0.097687
0.097643
0.097600
0.097557
0.097514
0.097471
0.097429
0.097386
0.097344
0.097303
0.097261
0.097220
0.097179
0.097138
0.097097
0.097057
0.097017
0.096977
0.096937
0.096897
0.096858
0.096819
0.096780
0.096741
0.096703
0.096665
0.096627
0.096589
0.096551
0.096514
0.096476
0.096439
0.096403
0.096366
0.096330
0.096293
0.096257
0.096222
0.096186
0.096150
0.096115
0.096080
0.096045
0.096011
0.095976
0.095942
0.095908
0.095874
0.095840
0.095807
0.095773
0.095740
0.095707
0.095674
0.095641
0.095609
0.095577
0.095545
0.095513
0.095481
0.095449
0.095418
0.095386
0.095355
0.095325
0.095294
0.095263
0.095233
0.095202
0.095172
0.095142
0.095113
0.095083
0.095054
0.095024
0.094995
0.094966
0.094937
0.094909
0.094880
0.094852
0.094824
0.094796
0.094768
0.094740
0.094712
0.094685
0.094658
0.094631
0.094603
0.094577
0.094550
0.094523
0.094497
0.094471
0.094445
0.094419
0.094393
0.094367
0.094341
0.094316
0.094291
0.094266
0.094241
0.094216
0.094191
0.094166
0.094142
0.094117
0.094093
0.094069
0.094045
0.094021
0.093998
0.093974
0.093951
0.093927
0.093904
0.093881
0.093858
0.093835
0.093813
0.093790
0.093768
0.093745
0.093723
0.093701
0.093679
0.093657
0.093635
0.093614
0.093592
0.093571
0.093550
0.093529
0.093508
0.093487
0.093466
0.093445
0.093425
0.093404
0.093384
0.093364
0.093343
0.093323
0.093304
0.093284
0.093264
0.093244
0.093225
0.093205
0.093186
0.093167
0.093148
0.093129
0.093110
0.093091
0.093073
0.093054
0.093036
0.093017
0.092999
0.092981
0.092963
0.092945
0.092927
0.092909
0.092892
0.092874
0.092857
0.092839
0.092822
0.092805
0.092788
0.092771
0.092754
0.092737
0.092720
0.092704
0.092687
0.092671
0.092654
0.092638
0.092622
0.092606
0.092590
0.092574
0.092558
0.092542
0.092527
0.092511
0.092495
0.092480
0.092465
0.092450
0.092434
0.092419
0.092404
0.092389
0.092375
0.092360
0.092345
0.092331
0.092316
0.092302
0.092287
0.092273
0.092259
0.092245
0.092231
0.092217
0.092203
0.092189
0.092175
0.092162
0.092148
0.092135
0.092121
0.092108
0.092095
0.092081
0.092068
0.092055
0.092042
0.092029
0.092017
0.092004
0.091991
0.091978
0.091966
