11.749900
11.749900
11.749800
11.749800
11.749800
11.749900
11.752700
11.752900
11.752900
11.752800
11.752700
11.752600
11.752500
11.752400
11.752300
11.752300
11.752200
11.752100
11.752100
11.752000
11.752000
11.751900
11.751900
11.751900
11.751800
11.751800
11.751800
11.751700
11.751700
11.751700
11.751700
11.751700
11.751700
11.751800
11.751800
11.751800
11.751800
11.751800
11.751900
11.751900
11.751900
11.752000
11.752000
11.752100
11.752100
11.752100
11.752200
11.752200
11.752300
11.752300
11.752400
11.752400
11.752500
11.752500
11.752600
11.752600
11.752700
11.752700
11.752800
11.752900
11.752900
11.753000
11.753000
11.753100
11.753100
11.753200
11.753300
11.753300
11.753400
11.753400
11.753500
11.753600
11.753600
11.753700
11.753700
11.753800
11.753900
11.753900
11.754000
11.754000
11.754100
11.754200
11.754200
11.754300
11.754300
11.754400
11.754500
11.754500
11.754600
11.754600
11.754700
11.754700
11.754800
11.754900
11.754900
11.755000
11.755000
11.755100
11.755100
11.755200
11.755200
11.755300
11.755300
11.755400
11.755400
11.755500
11.755500
11.755600
11.755600
11.755700
11.755700
11.755800
11.755800
11.755900
11.755900
11.756000
11.756000
11.756000
11.756100
11.756100
11.756200
11.756200
11.756300
11.756300
11.756300
11.756400
11.756400
11.756500
11.756500
11.756500
11.756600
11.756600
11.756600
11.756700
11.756700
11.756800
11.756800
11.756800
11.756900
11.756900
11.756900
11.757000
11.757000
11.757000
11.757100
11.757100
11.757100
11.757200
11.757200
11.757200
11.757300
11.757300
11.757300
11.757300
11.757400
11.757400
11.757400
11.757500
11.757500
11.757500
11.757500
11.757600
11.757600
11.757600
11.757600
11.757700
11.757700
11.757700
11.757700
11.757800
11.757800
11.757800
11.757800
11.757900
11.757900
11.757900
11.757900
11.757900
11.758000
11.758000
11.758000
11.758000
11.758000
11.758100
11.758100
11.758100
11.758100
11.758100
11.758200
11.758200
11.758200
11.758200
11.758200
11.758200
11.758300
11.758300
11.758300
11.758300
11.758300
11.758300
11.758300
11.758400
11.758400
11.758400
11.758400
11.758400
11.758400
11.758400
11.758500
11.758500
11.758500
11.758500
11.758500
11.758500
11.758500
11.758500
11.758500
11.758600
11.758600
11.758600
11.758600
11.758600
11.758600
11.758600
11.758600
11.758600
11.758600
11.758700
11.758700
11.758700
11.758700
11.758700
11.758700
11.758700
11.758700
11.758700
11.758700
11.758700
11.758700
11.758700
11.758700
11.758800
11.758800
11.758800
11.758800
11.758800
11.758800
11.758800
11.758800
11.758800
11.758800
11.758800
11.758800
11.758800
11.758800
11.758800
11.758800
11.758800
11.758800
11.758800
11.758800
11.758800
11.758800
11.758800
11.758800
11.758900
11.758900
11.758900
11.758900
11.758900
11.758900
11.758900
11.758900
11.758900
11.758900
11.758900
11.758900
11.758900
11.758900
11.758900
11.758900
11.758900
11.758900
11.758900
11.758900
11.758900
11.758900
11.758900
11.758900
11.758900
11.758900
11.758900
11.758900
11.758900
11.758900
11.758900
11.758900
11.758900
11.758900
11.758900
11.758900
11.758900
11.758900
11.758800
11.758800
11.758800
11.758800
11.758800
11.758800
11.758800
11.758800
11.758800
11.758800
11.758800
11.758800
11.758800
11.758800
11.758800
11.758800
11.758800
11.758800
11.758800
11.758800
11.758800
11.758800
11.758800
11.758800
11.758800
11.758800
11.758800
11.758800
11.758800
11.758700
11.758700
11.758700
11.758700
11.758700
11.758700
11.758700
11.758700
11.758700
11.758700
11.758700
11.758700
11.758700
11.758700
11.758700
11.758700
11.758700
11.758700
11.758700
11.758600
11.758600
11.758600
11.758600
11.758600
11.758600
11.758600
11.758600
11.758600
11.758600
11.758600
11.758600
11.758600
11.758600
11.758600
11.758500
11.758500
11.758500
11.758500
11.758500
11.758500
11.758500
11.758500
11.758500
11.758500
11.758500
11.758500
11.758500
11.758500
11.758400
11.758400
11.758400
11.758400
11.758400
11.758400
11.758400
11.758400
11.758400
11.758400
11.758400
11.758400
11.758300
11.758300
11.758300
11.758300
11.758300
11.758300
11.758300
11.758300
11.758300
11.758300
11.758300
11.758300
11.758200
11.758200
11.758200
11.758200
11.758200
11.758200
11.758200
11.758200
11.758200
11.758200
11.758200
11.758100
11.758100
11.758100
11.758100
11.758100
11.758100
11.758100
11.758100
11.758100
11.758100
11.758000
11.758000
11.758000
11.758000
11.758000
11.758000
11.758000
11.758000
11.758000
11.758000
11.757900
11.757900
11.757900
11.757900
11.757900
11.757900
11.757900
11.757900
11.757900
11.757900
11.757800
11.757800
11.757800
11.757800
11.757800
11.757800
11.757800
11.757800
11.757800
11.757700
11.757700
11.757700
11.757700
11.757700
11.757700
11.757700
11.757700
11.757700
11.757700
11.757600
11.757600
11.757600
11.757600
11.757600
11.757600
11.757600
11.757600
11.757500
11.757500
11.757500
11.757500
11.757500
11.757500
11.757500
11.757500
11.757500
11.757400
11.757400
11.757400
11.757400
11.757400
11.757400
11.757400
11.757400
11.757400
11.757300
11.757300
11.757300
11.757300
11.757300
11.757300
11.757300
11.757300
11.757200
11.757200
11.757200
11.757200
11.757200
11.757200
11.757200
11.757200
11.757100
11.757100
11.757100
11.757100
11.757100
11.757100
11.757100
11.757100
11.757100
11.757000
11.757000
11.757000
11.757000
11.757000
11.757000
11.757000
11.757000
11.756900
11.756900
11.756900
11.756900
11.756900
11.756900
11.756900
11.756900
11.756800
11.756800
11.756800
11.756800
11.756800
11.756800
11.756800
11.756700
11.756700
11.756700
11.756700
11.756700
11.756700
11.756700
11.756700
11.756600
11.756600
11.756600
11.756600
11.756600
11.756600
11.756600
11.756600
11.756500
11.756500
11.756500
11.756500
11.756500
11.756500
11.756500
11.756500
11.756400
11.756400
11.756400
11.756400
11.756400
11.756400
11.756400
11.756300
11.756300
11.756300
11.756300
11.756300
11.756300
11.756300
11.756300
11.756200
11.756200
11.756200
11.756200
11.756200
11.756200
11.756200
11.756100
11.756100
11.756100
11.756100
11.756100
11.756100
11.756100
11.756000
11.756000
11.756000
11.756000
11.756000
11.756000
11.756000
11.756000
11.755900
11.755900
11.755900
11.755900
11.755900
11.755900
11.755900
11.755800
11.755800
11.755800
11.755800
11.755800
11.755800
11.755800
11.755700
11.755700
11.755700
11.755700
11.755700
11.755700
11.755700
11.755600
11.755600
11.755600
11.755600
11.755600
11.755600
11.755600
11.755500
11.755500
11.755500
11.755500
11.755500
11.755500
11.755500
11.755500
11.755400
11.755400
11.755400
11.755400
11.755400
11.755400
11.755400
11.755300
11.755300
11.755300
11.755300
11.755300
11.755300
11.755300
11.755200
11.755200
11.755200
11.755200
11.755200
11.755200
11.755200
11.755100
11.755100
11.755100
11.755100
11.755100
11.755100
11.755100
11.755000
11.755000
11.755000
11.755000
11.755000
11.755000
11.755000
11.754900
11.754900
11.754900
11.754900
11.754900
11.754900
11.754800
11.754800
11.754800
11.754800
11.754800
11.754800
11.754800
11.754700
11.754700
11.754700
11.754700
11.754700
11.754700
11.754700
11.754600
11.754600
11.754600
11.754600
11.754600
11.754600
11.754600
11.754500
11.754500
11.754500
11.754500
11.754500
11.754500
11.754500
11.754400
11.754400
11.754400
11.754400
11.754400
11.754400
11.754400
11.754300
11.754300
11.754300
11.754300
11.754300
11.754300
11.754200
11.754200
11.754200
11.754200
11.754200
11.754200
11.754200
11.754100
11.754100
11.754100
11.754100
11.754100
11.754100
11.754100
11.754000
11.754000
11.754000
11.754000
11.754000
11.754000
11.754000
11.753900
11.753900
11.753900
11.753900
11.753900
11.753900
11.753800
11.753800
11.753800
11.753800
11.753800
11.753800
11.753800
11.753700
11.753700
11.753700
11.753700
11.753700
11.753700
11.753700
11.753600
11.753600
11.753600
11.753600
11.753600
11.753600
11.753500
11.753500
11.753500
11.753500
11.753500
11.753500
11.753500
11.753400
11.753400
11.753400
11.753400
11.753400
11.753400
11.753400
11.753300
11.753300
11.753300
11.753300
11.753300
11.753300
11.753200
11.753200
11.753200
11.753200
11.753200
11.753200
11.753200
11.753100
11.753100
11.753100
11.753100
11.753100
11.753100
11.753000
11.753000
11.753000
11.753000
11.753000
11.753000
11.753000
11.752900
11.752900
11.752900
11.752900
11.752900
11.752900
11.752900
11.752800
11.752800
11.752800
11.752800
11.752800
11.752800
11.752700
11.752700
11.752700
11.752700
11.752700
11.752700
11.752700
11.752600
11.752600
11.752600
11.752600
11.752600
11.752600
11.752500
11.752500
11.752500
11.752500
11.752500
11.752500
11.752500
11.752400
11.752400
11.752400
11.752400
11.752400
11.752400
11.752300
11.752300
11.752300
11.752300
11.752300
11.752300
11.752300
11.752200
11.752200
11.752200
11.752200
11.752200
11.752200
11.752100
11.752100
11.752100
11.752100
11.752100
11.752100
11.752100
11.752000
11.752000
11.752000
11.752000
11.752000
11.752000
11.751900
11.751900
11.751900
11.751900
11.751900
11.751900
11.751900
11.751800
11.751800
11.751800
11.751800
11.751800
11.751800
11.751700
11.751700
11.751700
11.751700
11.751700
11.751700
11.751700
11.751600
11.751600
11.751600
11.751600
11.751600
11.751600
11.751500
11.751500
11.751500
11.751500
11.751500
11.751500
11.751400
11.751400
11.751400
11.751400
11.751400
11.751400
11.751400
11.751300
11.751300
11.751300
11.751300
11.751300
11.751300
11.751200
11.751200
11.751200
11.751200
11.751200
11.751200
11.751200
11.751100
11.751100
11.751100
11.751100
11.751100
11.751100
11.751000
11.751000
11.751000
11.751000
11.751000
11.751000
11.751000
11.750900
11.750900
11.750900
11.750900
11.750900
11.750900
11.750800
11.750800
11.750800
11.750800
11.750800
11.750800
11.750700
11.750700
11.750700
11.750700
11.750700
11.750700
11.750700
11.750600
11.750600
11.750600
11.750600
11.750600
11.750600
11.750500
11.750500
11.750500
11.750500
11.750500
11.750500
11.750500
11.750400
11.750400
11.750400
11.750400
11.750400
11.750400
11.750300
11.750300
11.750300
11.750300
11.750300
11.750300
11.750200
11.750200
11.750200
11.750200
11.750200
11.750200
11.750200
11.750100
11.750100
11.750100
11.750100
11.750100
11.750100
11.750000
11.750000
11.750000
11.750000
11.750000
11.750000
11.750000
11.749900
11.749900
11.749900
11.749900
11.749900
11.749800
11.749800
11.749900
11.752700
11.753000
11.752900
11.752800
11.752700
11.752600
11.752500
11.752400
11.752400
11.752300
11.752200
11.752200
11.752100
11.752100
11.752000
11.752000
11.751900
11.751900
11.751800
11.751800
11.751800
11.751800
11.751800
11.751800
11.751700
11.751800
11.751800
11.751800
11.751800
11.751800
11.751800
11.751900
11.751900
11.751900
11.752000
11.752000
11.752000
11.752100
11.752100
11.752200
11.752200
11.752200
11.752300
11.752300
11.752400
11.752400
11.752500
11.752500
11.752600
11.752700
11.752700
11.752800
11.752800
11.752900
11.752900
11.753000
11.753100
11.753100
11.753200
11.753200
11.753300
11.753300
11.753400
11.753500
11.753500
11.753600
11.753600
11.753700
11.753800
11.753800
11.753900
11.753900
11.754000
11.754100
11.754100
11.754200
11.754200
11.754300
11.754400
11.754400
11.754500
11.754500
11.754600
11.754600
11.754700
11.754800
11.754800
11.754900
11.754900
11.755000
11.755000
11.755100
11.755100
11.755200
11.755200
11.755300
11.755300
11.755400
11.755400
11.755500
11.755500
11.755600
11.755600
11.755700
11.755700
11.755800
11.755800
11.755900
11.755900
11.756000
11.756000
11.756100
11.756100
11.756100
11.756200
11.756200
11.756300
11.756300
11.756400
11.756400
11.756400
11.756500
11.756500
11.756600
11.756600
11.756600
11.756700
11.756700
11.756700
11.756800
11.756800
11.756900
11.756900
11.756900
11.757000
11.757000
11.757000
11.757100
11.757100
11.757100
11.757200
11.757200
11.757200
11.757200
11.757300
11.757300
11.757300
11.757400
11.757400
11.757400
11.757400
11.757500
11.757500
11.757500
11.757600
11.757600
11.757600
11.757600
11.757700
11.757700
11.757700
11.757700
11.757800
11.757800
11.757800
11.757800
11.757900
11.757900
11.757900
11.757900
11.757900
11.758000
11.758000
11.758000
11.758000
11.758000
11.758100
11.758100
11.758100
11.758100
11.758100
11.758200
11.758200
11.758200
11.758200
11.758200
11.758200
11.758300
11.758300
11.758300
11.758300
11.758300
11.758300
11.758300
11.758400
11.758400
11.758400
11.758400
11.758400
11.758400
11.758400
11.758500
11.758500
11.758500
11.758500
11.758500
11.758500
11.758500
11.758500
11.758600
11.758600
11.758600
11.758600
11.758600
11.758600
11.758600
11.758600
11.758600
11.758600
11.758700
11.758700
11.758700
11.758700
11.758700
11.758700
11.758700
11.758700
11.758700
11.758700
11.758700
11.758700
11.758700
11.758800
11.758800
11.758800
11.758800
11.758800
11.758800
11.758800
11.758800
11.758800
11.758800
11.758800
11.758800
11.758800
11.758800
11.758800
11.758800
11.758800
11.758800
11.758800
11.758800
11.758900
11.758900
11.758900
11.758900
11.758900
11.758900
11.758900
11.758900
11.758900
11.758900
11.758900
11.758900
11.758900
11.758900
11.758900
11.758900
11.758900
11.758900
11.758900
11.758900
11.758900
11.758900
11.758900
11.758900
11.758900
11.758900
11.758900
11.758900
11.758900
11.758900
11.758900
11.758900
11.758900
11.758900
11.758900
11.758900
11.758900
11.758900
11.758900
11.758900
11.758900
11.758900
11.758900
11.758900
11.758900
11.758900
11.758900
11.758900
11.758900
11.758900
11.758900
11.758900
11.758900
11.758800
11.758800
11.758800
11.758800
11.758800
11.758800
11.758800
11.758800
11.758800
11.758800
11.758800
11.758800
11.758800
11.758800
11.758800
11.758800
11.758800
11.758800
11.758800
11.758800
11.758800
11.758800
11.758800
11.758800
11.758800
11.758800
11.758700
11.758700
11.758700
11.758700
11.758700
11.758700
11.758700
11.758700
11.758700
11.758700
11.758700
11.758700
11.758700
11.758700
11.758700
11.758700
11.758700
11.758600
11.758600
11.758600
11.758600
11.758600
11.758600
11.758600
11.758600
11.758600
11.758600
11.758600
11.758600
11.758600
11.758600
11.758600
11.758500
11.758500
11.758500
11.758500
11.758500
11.758500
11.758500
11.758500
11.758500
11.758500
11.758500
11.758500
11.758500
11.758500
11.758400
11.758400
11.758400
11.758400
11.758400
11.758400
11.758400
11.758400
11.758400
11.758400
11.758400
11.758400
11.758300
11.758300
11.758300
11.758300
11.758300
11.758300
11.758300
11.758300
11.758300
11.758300
11.758300
11.758200
11.758200
11.758200
11.758200
11.758200
11.758200
11.758200
11.758200
11.758200
11.758200
11.758200
11.758100
11.758100
11.758100
11.758100
11.758100
11.758100
11.758100
11.758100
11.758100
11.758100
11.758000
11.758000
11.758000
11.758000
11.758000
11.758000
11.758000
11.758000
11.758000
11.758000
11.757900
11.757900
11.757900
11.757900
11.757900
11.757900
11.757900
11.757900
11.757900
11.757900
11.757800
11.757800
11.757800
11.757800
11.757800
11.757800
11.757800
11.757800
11.757800
11.757700
11.757700
11.757700
11.757700
11.757700
11.757700
11.757700
11.757700
11.757700
11.757600
11.757600
11.757600
11.757600
11.757600
11.757600
11.757600
11.757600
11.757600
11.757500
11.757500
11.757500
11.757500
11.757500
11.757500
11.757500
11.757500
11.757500
11.757400
11.757400
11.757400
11.757400
11.757400
11.757400
11.757400
11.757400
11.757300
11.757300
11.757300
11.757300
11.757300
11.757300
11.757300
11.757300
11.757300
11.757200
11.757200
11.757200
11.757200
11.757200
11.757200
11.757200
11.757200
11.757100
11.757100
11.757100
11.757100
11.757100
11.757100
11.757100
11.757100
11.757000
11.757000
11.757000
11.757000
11.757000
11.757000
11.757000
11.757000
11.756900
11.756900
11.756900
11.756900
11.756900
11.756900
11.756900
11.756900
11.756800
11.756800
11.756800
11.756800
11.756800
11.756800
11.756800
11.756800
11.756700
11.756700
11.756700
11.756700
11.756700
11.756700
11.756700
11.756700
11.756600
11.756600
11.756600
11.756600
11.756600
11.756600
11.756600
11.756500
11.756500
11.756500
11.756500
11.756500
11.756500
11.756500
11.756500
11.756400
11.756400
11.756400
11.756400
11.756400
11.756400
11.756400
11.756400
11.756300
11.756300
11.756300
11.756300
11.756300
11.756300
11.756300
11.756200
11.756200
11.756200
11.756200
11.756200
11.756200
11.756200
11.756100
11.756100
11.756100
11.756100
11.756100
11.756100
11.756100
11.756100
11.756000
11.756000
11.756000
11.756000
11.756000
11.756000
11.756000
11.755900
11.755900
11.755900
11.755900
11.755900
11.755900
11.755900
11.755800
11.755800
11.755800
11.755800
11.755800
11.755800
11.755800
11.755800
11.755700
11.755700
11.755700
11.755700
11.755700
11.755700
11.755700
11.755600
11.755600
11.755600
11.755600
11.755600
11.755600
11.755600
11.755500
11.755500
11.755500
11.755500
11.755500
11.755500
11.755500
11.755400
11.755400
11.755400
11.755400
11.755400
11.755400
11.755400
11.755300
11.755300
11.755300
11.755300
11.755300
11.755300
11.755300
11.755200
11.755200
11.755200
11.755200
11.755200
11.755200
11.755200
11.755100
11.755100
11.755100
11.755100
11.755100
11.755100
11.755100
11.755000
11.755000
11.755000
11.755000
11.755000
11.755000
11.755000
11.754900
11.754900
11.754900
11.754900
11.754900
11.754900
11.754900
11.754800
11.754800
11.754800
11.754800
11.754800
11.754800
11.754800
11.754700
11.754700
11.754700
11.754700
11.754700
11.754700
11.754700
11.754600
11.754600
11.754600
11.754600
11.754600
11.754600
11.754500
11.754500
11.754500
11.754500
11.754500
11.754500
11.754500
11.754400
11.754400
11.754400
11.754400
11.754400
11.754400
11.754400
11.754300
11.754300
11.754300
11.754300
11.754300
11.754300
11.754300
11.754200
11.754200
11.754200
11.754200
11.754200
11.754200
11.754200
11.754100
11.754100
11.754100
11.754100
11.754100
11.754100
11.754000
11.754000
11.754000
11.754000
11.754000
11.754000
11.754000
11.753900
11.753900
11.753900
11.753900
11.753900
11.753900
11.753900
11.753800
11.753800
11.753800
11.753800
11.753800
11.753800
11.753700
11.753700
11.753700
11.753700
11.753700
11.753700
11.753700
11.753600
11.753600
11.753600
11.753600
11.753600
11.753600
11.753600
11.753500
11.753500
11.753500
11.753500
11.753500
11.753500
11.753400
11.753400
11.753400
11.753400
11.753400
11.753400
11.753400
11.753300
11.753300
11.753300
11.753300
11.753300
11.753300
11.753300
11.753200
11.753200
11.753200
11.753200
11.753200
11.753200
11.753100
11.753100
11.753100
11.753100
11.753100
11.753100
11.753100
11.753000
11.753000
11.753000
11.753000
11.753000
11.753000
11.752900
11.752900
11.752900
11.752900
11.752900
11.752900
11.752900
11.752800
11.752800
11.752800
11.752800
11.752800
11.752800
11.752700
11.752700
11.752700
11.752700
11.752700
11.752700
11.752700
11.752600
11.752600
11.752600
11.752600
11.752600
11.752600
11.752500
11.752500
11.752500
11.752500
11.752500
11.752500
11.752500
11.752400
11.752400
11.752400
11.752400
11.752400
11.752400
11.752300
11.752300
11.752300
11.752300
11.752300
11.752300
11.752300
11.752200
11.752200
11.752200
11.752200
11.752200
11.752200
11.752100
11.752100
11.752100
11.752100
11.752100
11.752100
11.752100
11.752000
11.752000
11.752000
11.752000
11.752000
11.752000
11.751900
11.751900
11.751900
11.751900
11.751900
11.751900
11.751900
11.751800
11.751800
11.751800
11.751800
11.751800
11.751800
11.751700
11.751700
11.751700
11.751700
11.751700
11.751700
11.751700
11.751600
11.751600
11.751600
11.751600
11.751600
11.751600
11.751500
11.751500
11.751500
11.751500
11.751500
11.751500
11.751500
11.751400
11.751400
11.751400
11.751400
11.751400
11.751400
11.751300
11.751300
11.751300
11.751300
11.751300
11.751300
11.751300
11.751200
11.751200
11.751200
11.751200
11.751200
11.751200
11.751100
11.751100
11.751100
11.751100
11.751100
11.751100
11.751100
11.751000
11.751000
11.751000
11.751000
11.751000
11.751000
11.750900
11.750900
11.750900
11.750900
11.750900
11.750900
11.750800
11.750800
11.750800
11.750800
11.750800
11.750800
11.750800
11.750700
11.750700
11.750700
11.750700
11.750700
11.750700
11.750600
11.750600
11.750600
11.750600
11.750600
11.750600
11.750600
11.750500
11.750500
11.750500
11.750500
11.750500
11.750500
11.750400
11.750400
11.750400
11.750400
11.750400
11.750400
11.750300
11.750300
11.750300
11.750300
11.750300
11.750300
11.750300
11.750200
11.750200
11.750200
11.750200
11.750200
11.750200
11.750100
11.750100
11.750100
11.750100
11.750100
11.750100
11.750100
11.750000
11.750000
11.750000
11.750000
11.750000
11.750000
11.749900
11.749900
11.749900
11.749900
11.749900
11.749800
11.749900
11.752700
11.753000
11.752900
11.752800
11.752700
11.752600
11.752500
11.752500
11.752400
11.752300
11.752200
11.752200
11.752100
11.752100
11.752000
11.752000
11.751900
11.751900
11.751900
11.751800
11.751800
11.751800
11.751800
11.751800
11.751800
11.751800
11.751800
11.751800
11.751800
11.751800
11.751900
11.751900
11.751900
11.751900
11.752000
11.752000
11.752100
11.752100
11.752100
11.752200
11.752200
11.752300
11.752300
11.752400
11.752400
11.752500
11.752500
11.752600
11.752600
11.752700
11.752700
11.752800
11.752800
11.752900
11.753000
11.753000
11.753100
11.753100
11.753200
11.753200
11.753300
11.753400
11.753400
11.753500
11.753500
11.753600
11.753700
11.753700
11.753800
11.753800
11.753900
11.754000
11.754000
11.754100
11.754100
11.754200
11.754300
11.754300
11.754400
11.754400
11.754500
11.754600
11.754600
11.754700
11.754700
11.754800
11.754800
11.754900
11.754900
11.755000
11.755100
11.755100
11.755200
11.755200
11.755300
11.755300
11.755400
11.755400
11.755500
11.755500
11.755600
11.755600
11.755700
11.755700
11.755800
11.755800
11.755900
11.755900
11.755900
11.756000
11.756000
11.756100
11.756100
11.756200
11.756200
11.756300
11.756300
11.756300
11.756400
11.756400
11.756500
11.756500
11.756500
11.756600
11.756600
11.756700
11.756700
11.756700
11.756800
11.756800
11.756800
11.756900
11.756900
11.756900
11.757000
11.757000
11.757000
11.757100
11.757100
11.757100
11.757200
11.757200
11.757200
11.757300
11.757300
11.757300
11.757400
11.757400
11.757400
11.757400
11.757500
11.757500
11.757500
11.757600
11.757600
11.757600
11.757600
11.757700
11.757700
11.757700
11.757700
11.757800
11.757800
11.757800
11.757800
11.757800
11.757900
11.757900
11.757900
11.757900
11.758000
11.758000
11.758000
11.758000
11.758000
11.758100
11.758100
11.758100
11.758100
11.758100
11.758200
11.758200
11.758200
11.758200
11.758200
11.758200
11.758300
11.758300
11.758300
11.758300
11.758300
11.758300
11.758400
11.758400
11.758400
11.758400
11.758400
11.758400
11.758400
11.758500
11.758500
11.758500
11.758500
11.758500
11.758500
11.758500
11.758500
11.758600
11.758600
11.758600
11.758600
11.758600
11.758600
11.758600
11.758600
11.758600
11.758600
11.758700
11.758700
11.758700
11.758700
11.758700
11.758700
11.758700
11.758700
11.758700
11.758700
11.758700
11.758700
11.758800
11.758800
11.758800
11.758800
11.758800
11.758800
11.758800
11.758800
11.758800
11.758800
11.758800
11.758800
11.758800
11.758800
11.758800
11.758800
11.758800
11.758800
11.758900
11.758900
11.758900
11.758900
11.758900
11.758900
11.758900
11.758900
11.758900
11.758900
11.758900
11.758900
11.758900
11.758900
11.758900
11.758900
11.758900
11.758900
11.758900
11.758900
11.758900
11.758900
11.758900
11.758900
11.758900
11.758900
11.758900
11.758900
11.758900
11.758900
11.758900
11.758900
11.758900
11.758900
11.758900
11.758900
11.758900
11.758900
11.758900
11.758900
11.758900
11.758900
11.758900
11.758900
11.758900
11.758900
11.758900
11.758900
11.758900
11.758900
11.758900
11.758900
11.758900
11.758900
11.758900
11.758900
11.758900
11.758900
11.758900
11.758900
11.758900
11.758900
11.758900
11.758900
11.758900
11.758800
11.758800
11.758800
11.758800
11.758800
11.758800
11.758800
11.758800
11.758800
11.758800
11.758800
11.758800
11.758800
11.758800
11.758800
11.758800
11.758800
11.758800
11.758800
11.758800
11.758800
11.758800
11.758800
11.758700
11.758700
11.758700
11.758700
11.758700
11.758700
11.758700
11.758700
11.758700
11.758700
11.758700
11.758700
11.758700
11.758700
11.758700
11.758700
11.758700
11.758600
11.758600
11.758600
11.758600
11.758600
11.758600
11.758600
11.758600
11.758600
11.758600
11.758600
11.758600
11.758600
11.758600
11.758500
11.758500
11.758500
11.758500
11.758500
11.758500
11.758500
11.758500
11.758500
11.758500
11.758500
11.758500
11.758500
11.758400
11.758400
11.758400
11.758400
11.758400
11.758400
11.758400
11.758400
11.758400
11.758400
11.758400
11.758400
11.758300
11.758300
11.758300
11.758300
11.758300
11.758300
11.758300
11.758300
11.758300
11.758300
11.758300
11.758200
11.758200
11.758200
11.758200
11.758200
11.758200
11.758200
11.758200
11.758200
11.758200
11.758200
11.758100
11.758100
11.758100
11.758100
11.758100
11.758100
11.758100
11.758100
11.758100
11.758100
11.758000
11.758000
11.758000
11.758000
11.758000
11.758000
11.758000
11.758000
11.758000
11.758000
11.757900
11.757900
11.757900
11.757900
11.757900
11.757900
11.757900
11.757900
11.757900
11.757900
11.757800
11.757800
11.757800
11.757800
11.757800
11.757800
11.757800
11.757800
11.757800
11.757700
11.757700
11.757700
11.757700
11.757700
11.757700
11.757700
11.757700
11.757700
11.757600
11.757600
11.757600
11.757600
11.757600
11.757600
11.757600
11.757600
11.757600
11.757500
11.757500
11.757500
11.757500
11.757500
11.757500
11.757500
11.757500
11.757500
11.757400
11.757400
11.757400
11.757400
11.757400
11.757400
11.757400
11.757400
11.757300
11.757300
11.757300
11.757300
11.757300
11.757300
11.757300
11.757300
11.757300
11.757200
11.757200
11.757200
11.757200
11.757200
11.757200
11.757200
11.757200
11.757100
11.757100
11.757100
11.757100
11.757100
11.757100
11.757100
11.757100
11.757000
11.757000
11.757000
11.757000
11.757000
11.757000
11.757000
11.757000
11.756900
11.756900
11.756900
11.756900
11.756900
11.756900
11.756900
11.756900
11.756800
11.756800
11.756800
11.756800
11.756800
11.756800
11.756800
11.756800
11.756700
11.756700
11.756700
11.756700
11.756700
11.756700
11.756700
11.756600
11.756600
11.756600
11.756600
11.756600
11.756600
11.756600
11.756600
11.756500
11.756500
11.756500
11.756500
11.756500
11.756500
11.756500
11.756500
11.756400
11.756400
11.756400
11.756400
11.756400
11.756400
11.756400
11.756300
11.756300
11.756300
11.756300
11.756300
11.756300
11.756300
11.756300
11.756200
11.756200
11.756200
11.756200
11.756200
11.756200
11.756200
11.756100
11.756100
11.756100
11.756100
11.756100
11.756100
11.756100
11.756000
11.756000
11.756000
11.756000
11.756000
11.756000
11.756000
11.756000
11.755900
11.755900
11.755900
11.755900
11.755900
11.755900
11.755900
11.755800
11.755800
11.755800
11.755800
11.755800
11.755800
11.755800
11.755700
11.755700
11.755700
11.755700
11.755700
11.755700
11.755700
11.755600
11.755600
11.755600
11.755600
11.755600
11.755600
11.755600
11.755500
11.755500
11.755500
11.755500
11.755500
11.755500
11.755500
11.755400
11.755400
11.755400
11.755400
11.755400
11.755400
11.755400
11.755300
11.755300
11.755300
11.755300
11.755300
11.755300
11.755300
11.755200
11.755200
11.755200
11.755200
11.755200
11.755200
11.755200
11.755100
11.755100
11.755100
11.755100
11.755100
11.755100
11.755100
11.755000
11.755000
11.755000
11.755000
11.755000
11.755000
11.755000
11.754900
11.754900
11.754900
11.754900
11.754900
11.754900
11.754900
11.754800
11.754800
11.754800
11.754800
11.754800
11.754800
11.754800
11.754700
11.754700
11.754700
11.754700
11.754700
11.754700
11.754700
11.754600
11.754600
11.754600
11.754600
11.754600
11.754600
11.754600
11.754500
11.754500
11.754500
11.754500
11.754500
11.754500
11.754500
11.754400
11.754400
11.754400
11.754400
11.754400
11.754400
11.754300
11.754300
11.754300
11.754300
11.754300
11.754300
11.754300
11.754200
11.754200
11.754200
11.754200
11.754200
11.754200
11.754200
11.754100
11.754100
11.754100
11.754100
11.754100
11.754100
11.754100
11.754000
11.754000
11.754000
11.754000
11.754000
11.754000
11.753900
11.753900
11.753900
11.753900
11.753900
11.753900
11.753900
11.753800
11.753800
11.753800
11.753800
11.753800
11.753800
11.753800
11.753700
11.753700
11.753700
11.753700
11.753700
11.753700
11.753600
11.753600
11.753600
11.753600
11.753600
11.753600
11.753600
11.753500
11.753500
11.753500
11.753500
11.753500
11.753500
11.753500
11.753400
11.753400
11.753400
11.753400
11.753400
11.753400
11.753300
11.753300
11.753300
11.753300
11.753300
11.753300
11.753300
11.753200
11.753200
11.753200
11.753200
11.753200
11.753200
11.753100
11.753100
11.753100
11.753100
11.753100
11.753100
11.753100
11.753000
11.753000
11.753000
11.753000
11.753000
11.753000
11.753000
11.752900
11.752900
11.752900
11.752900
11.752900
11.752900
11.752800
11.752800
11.752800
11.752800
11.752800
11.752800
11.752800
11.752700
11.752700
11.752700
11.752700
11.752700
11.752700
11.752600
11.752600
11.752600
11.752600
11.752600
11.752600
11.752600
11.752500
11.752500
11.752500
11.752500
11.752500
11.752500
11.752400
11.752400
11.752400
11.752400
11.752400
11.752400
11.752400
11.752300
11.752300
11.752300
11.752300
11.752300
11.752300
11.752200
11.752200
11.752200
11.752200
11.752200
11.752200
11.752200
11.752100
11.752100
11.752100
11.752100
11.752100
11.752100
11.752000
11.752000
11.752000
11.752000
11.752000
11.752000
11.752000
11.751900
11.751900
11.751900
11.751900
11.751900
11.751900
11.751800
11.751800
11.751800
11.751800
11.751800
11.751800
11.751800
11.751700
11.751700
11.751700
11.751700
11.751700
11.751700
11.751600
11.751600
11.751600
11.751600
11.751600
11.751600
11.751600
11.751500
11.751500
11.751500
11.751500
11.751500
11.751500
11.751400
11.751400
11.751400
11.751400
11.751400
11.751400
11.751400
11.751300
11.751300
11.751300
11.751300
11.751300
11.751300
11.751200
11.751200
11.751200
11.751200
11.751200
11.751200
11.751100
11.751100
11.751100
11.751100
11.751100
11.751100
11.751100
11.751000
11.751000
11.751000
11.751000
11.751000
11.751000
11.750900
11.750900
11.750900
11.750900
11.750900
11.750900
11.750900
11.750800
11.750800
11.750800
11.750800
11.750800
11.750800
11.750700
11.750700
11.750700
11.750700
11.750700
11.750700
11.750600
11.750600
11.750600
11.750600
11.750600
11.750600
11.750600
11.750500
11.750500
11.750500
11.750500
11.750500
11.750500
11.750400
11.750400
11.750400
11.750400
11.750400
11.750400
11.750400
11.750300
11.750300
11.750300
11.750300
11.750300
11.750300
11.750200
11.750200
11.750200
11.750200
11.750200
11.750200
11.750100
11.750100
11.750100
11.750100
11.750100
11.750100
11.750100
11.750000
11.750000
11.750000
11.750000
11.750000
11.750000
11.749900
