1.690490
1.687650
1.684820
1.682010
1.679220
1.676460
1.674090
1.675480
1.683580
1.700050
1.726940
1.767400
1.827220
1.915010
2.039400
2.206460
2.418420
2.673840
2.968620
3.297240
3.653870
4.032990
4.429660
4.839460
5.258490
5.683330
6.111100
6.539460
6.966780
7.391830
7.813820
8.232160
8.646570
9.056910
9.463150
9.865280
10.263300
10.657300
11.047300
11.433500
11.816000
12.194700
12.569800
12.941300
13.309300
13.673800
14.035000
14.392700
14.747100
15.098100
15.445800
15.790200
16.131300
16.469100
16.803600
17.134800
17.462700
17.787300
18.108600
18.426600
18.741300
19.052700
19.360700
19.665400
19.966800
20.264800
20.559500
20.850800
21.138700
21.423300
21.704500
21.982400
22.256800
22.527900
22.795600
23.060000
23.320900
23.578400
23.832500
24.083300
24.330700
24.574800
24.815400
25.052800
25.286800
25.517400
25.744800
25.968800
26.189500
26.407000
26.621100
26.832000
27.039600
27.243900
27.445100
27.643100
27.837700
28.029300
28.217600
28.402800
28.584900
28.763900
28.939700
29.112500
29.282200
29.448900
29.612500
29.773200
29.930800
30.085500
30.237200
30.386100
30.532000
30.675000
30.815200
30.952500
31.087100
31.218900
31.347800
31.474000
31.597500
31.718300
31.836400
31.951900
32.064700
32.174900
32.282500
32.387600
32.490100
32.590100
32.687600
32.782600
32.875100
32.965300
33.053000
33.138300
33.221300
33.301900
33.380200
33.456300
33.530000
33.601400
33.670700
33.737800
33.802600
33.865200
33.925800
33.984200
34.040500
34.094700
34.146800
34.196800
34.244900
34.290900
34.335000
34.377000
34.417200
34.455400
34.491700
34.526100
34.558600
34.589300
34.618100
34.645100
34.670300
34.693700
34.715300
34.735200
34.753400
34.769800
34.784500
34.797600
34.809000
34.818700
34.826800
34.833300
34.838200
34.841500
34.843200
34.843300
34.841900
34.839000
34.834500
34.828600
34.821100
34.812200
34.801900
34.790100
34.776800
34.762300
34.746200
34.728700
34.709900
34.689700
34.668200
34.645400
34.621200
34.595700
34.568900
34.540800
34.511400
34.480900
34.449000
34.415900
34.381600
34.346100
34.309300
34.271400
34.232300
34.192000
34.150600
34.108000
34.064300
34.019500
33.973600
33.926600
33.878400
33.829200
33.779000
33.727700
33.675300
33.621900
33.567500
33.512100
33.455700
33.398200
33.339900
33.280500
33.220200
33.158900
33.096700
33.033600
32.969500
32.904600
32.838700
32.772000
32.704300
32.635800
32.566400
32.496200
32.425200
32.353300
32.280600
32.207100
32.132800
32.057700
31.981800
31.905200
31.827800
31.749600
31.670700
31.591100
31.510700
31.429700
31.347900
31.265400
31.182300
31.098400
31.013900
30.928700
30.842900
30.756500
30.669400
30.581700
30.493400
30.404400
30.314900
30.224800
30.134100
30.042800
29.951000
29.858600
29.765700
29.672300
29.578300
29.483800
29.388800
29.293300
29.197300
29.100800
29.003900
28.906500
28.808600
28.710300
28.611500
28.512300
28.412700
28.312600
28.212100
28.111300
28.010000
27.908400
27.806400
27.704000
27.601200
27.498200
27.394700
27.290900
27.186800
27.082300
26.977600
26.872500
26.767100
26.661400
26.555500
26.449200
26.342700
26.236000
26.128900
26.021600
25.914100
25.806300
25.698300
25.590200
25.481700
25.373100
25.264200
25.155200
25.045900
24.936500
24.826900
24.717200
24.607300
24.497200
24.387000
24.276600
24.166000
24.055400
23.944600
23.833800
23.722800
23.611700
23.500500
23.389200
23.277800
23.166300
23.054800
22.943200
22.831600
22.719800
22.608000
22.496200
22.384300
22.272400
22.160500
22.048600
21.936600
21.824600
21.712600
21.600700
21.488700
21.376800
21.264800
21.152900
21.040900
20.929100
20.817300
20.705500
20.593800
20.482100
20.370500
20.258900
20.147400
20.036100
19.924700
19.813500
19.702400
19.591300
19.480400
19.369600
19.258900
19.148300
19.037800
18.927500
18.817300
18.707300
18.597400
18.487600
18.378000
18.268600
18.159300
18.050200
17.941300
17.832600
17.724100
17.615700
17.507600
17.399700
17.292000
17.184400
17.077200
16.970100
16.863300
16.756700
16.650400
16.544400
16.438500
16.333000
16.227600
16.122700
16.017900
15.913500
15.809300
15.705400
15.601900
15.498600
15.395700
15.293000
15.190800
15.088800
14.987200
14.885900
14.785000
14.684400
14.584200
14.484300
14.384800
14.285800
14.187000
14.088800
13.990800
13.893300
13.796200
13.699500
13.603200
13.507300
13.412000
13.317000
13.222400
13.128400
13.034700
12.941600
12.848900
12.756700
12.664900
12.573700
12.482900
12.392600
12.302900
12.213600
12.124900
12.036600
11.948900
11.861700
11.775100
11.689000
11.603400
11.518400
11.433900
11.350000
11.266600
11.183800
11.101600
11.019900
10.938900
10.858400
10.778500
10.699100
10.620400
10.542300
10.464800
10.387800
10.311500
10.235700
10.160600
10.086100
10.012100
9.938820
9.866150
9.794110
9.722650
9.651760
9.581580
9.511970
9.443000
9.374610
9.306850
9.239740
9.173200
9.107300
9.042030
8.977350
8.913300
8.849890
8.787050
8.724860
8.663240
8.602260
8.541860
8.482040
8.422860
8.364260
8.306230
8.248780
8.191970
8.135740
8.080030
8.024960
7.970470
7.916500
7.863100
7.810290
7.758060
7.706340
7.655150
7.604540
7.554450
7.504930
7.455940
7.407470
7.359460
7.312040
7.265130
7.218680
7.172760
7.127360
7.082420
7.038010
6.994010
6.950520
6.907490
6.864990
6.822890
6.781310
6.740130
6.699420
6.659120
6.619340
6.579900
6.540930
6.502360
6.464250
6.426500
6.389200
6.352260
6.315770
6.279640
6.243910
6.208530
6.173550
6.138980
6.104690
6.070820
6.037350
6.004160
5.971330
5.938900
5.906760
5.874970
5.843520
5.812370
5.781580
5.751090
5.720920
5.691050
5.661500
5.632240
5.603280
5.574610
5.546240
5.518150
5.490350
5.462830
5.435570
5.408590
5.381880
5.355430
5.329250
5.303310
5.277630
5.252200
5.227020
5.202090
5.177390
5.152920
5.128700
5.104700
5.080930
5.057390
5.034060
5.010950
4.988060
4.965380
4.942920
4.920660
4.898600
4.876740
4.855080
4.833620
4.812360
4.791290
4.770400
4.749700
4.729180
4.708850
4.688690
4.668710
4.648900
4.629270
4.609800
4.590510
4.571370
4.552410
4.533600
4.514960
4.496470
4.478130
4.459950
4.441920
4.424040
4.406310
4.388720
4.371280
4.353980
4.336820
4.319800
4.302910
4.286160
4.269550
4.253060
4.236700
4.220480
4.204390
4.188410
4.172560
4.156840
4.141240
4.125750
4.110380
4.095130
4.080000
4.064980
4.050070
4.035280
4.020590
4.006020
3.991550
3.977180
3.962930
3.948770
3.934720
3.920770
3.906930
3.893180
3.879530
3.865970
3.852520
3.839160
3.825890
3.812720
3.799630
3.786640
3.773740
3.760920
3.748190
3.735560
3.723000
3.710530
3.698150
3.685850
3.673630
3.661500
3.649440
3.637460
3.625560
3.613740
3.602000
3.590340
3.578750
3.567230
3.555790
3.544420
3.533130
3.521910
3.510750
3.499670
3.488660
3.477720
3.466850
3.456040
3.445300
3.434620
3.424020
3.413480
3.402990
3.392580
3.382230
3.371940
3.361720
3.351550
3.341440
3.331400
3.321420
3.311490
3.301620
3.291810
3.282060
3.272360
3.262720
3.253140
3.243610
3.234140
3.224720
3.215350
3.206040
3.196780
3.187570
3.178420
3.169310
3.160260
3.151260
3.142300
3.133400
3.124540
3.115740
3.106980
3.098270
3.089610
3.080990
3.072420
3.063900
3.055420
3.046990
3.038610
3.030260
3.021970
3.013710
3.005500
2.997330
2.989210
2.981120
2.973090
2.965080
2.957130
2.949210
2.941330
2.933500
2.925710
2.917950
2.910230
2.902550
2.894910
2.887310
2.879750
2.872230
2.864740
2.857290
2.849870
2.842490
2.835160
2.827850
2.820580
2.813350
2.806150
2.798990
2.791860
2.784770
2.777710
2.770680
2.763690
2.756730
2.749800
2.742910
2.736050
2.729220
2.722420
2.715660
2.708920
2.702220
2.695550
2.688910
2.682300
2.675720
2.669180
2.662660
2.656170
2.649710
2.643280
2.636880
2.630510
2.624160
2.617850
2.611570
2.605310
2.599080
2.592880
2.586700
2.580560
2.574440
2.568350
2.562280
2.556240
2.550230
2.544240
2.538280
2.532340
2.526440
2.520550
2.514690
2.508860
2.503050
2.497270
2.491510
2.485780
2.480070
2.474380
2.468720
2.463080
2.457470
2.451880
2.446310
2.440770
2.435250
2.429750
2.424280
2.418830
2.413400
2.407990
2.402610
2.397240
2.391900
2.386590
2.381290
2.376010
2.370760
2.365520
2.360310
2.355120
2.349950
2.344800
2.339670
2.334570
2.329480
2.324410
2.319360
2.314340
2.309330
2.304340
2.299370
2.294420
2.289490
2.284580
2.279700
2.274830
2.269970
2.265140
2.260320
2.255530
2.250750
2.245990
2.241240
2.236530
2.231820
2.227130
2.222460
2.217810
2.213180
2.208560
2.203960
2.199380
2.194820
2.190270
2.185740
2.181230
2.176730
2.172250
2.167790
2.163340
2.158910
2.154500
2.150100
2.145720
2.141360
2.137010
2.132680
2.128360
2.124060
2.119770
2.115500
2.111250
2.107010
2.102790
2.098580
2.094390
2.090210
2.086050
2.081900
2.077770
2.073650
2.069540
2.065450
2.061380
2.057320
2.053280
2.049250
2.045230
2.041230
2.037240
2.033260
2.029300
2.025350
2.021420
2.017510
2.013600
2.009710
2.005830
2.001960
1.998110
1.994270
1.990450
1.986640
1.982840
1.979050
1.975280
1.971530
1.967780
1.964040
1.960330
1.956610
1.952920
1.949240
1.945570
1.941910
1.938260
1.934630
1.931010
1.927400
1.923800
1.920220
1.916650
1.913080
1.909530
1.906000
1.902470
1.898960
1.895460
1.891970
1.888490
1.885020
1.881570
1.878120
1.874690
1.871270
1.867860
1.864460
1.861070
1.857690
1.854330
1.850980
1.847630
1.844300
1.840970
1.837660
1.834360
1.831070
1.827790
1.824530
1.821270
1.818020
1.814780
1.811560
1.808340
1.805130
1.801940
1.798750
1.795580
1.792410
1.789260
1.786110
1.782980
1.779850
1.776740
1.773630
1.770530
1.767450
1.764370
1.761300
1.758250
1.755200
1.752170
1.749140
1.746120
1.743110
1.740110
1.737120
1.734140
1.731170
1.728200
1.725250
1.722310
1.719370
1.716440
1.713530
1.710620
1.707720
1.704830
1.701950
1.699070
1.696210
1.693360
1.690510
1.687680
1.684850
1.682030
1.679240
1.676480
1.674110
1.675500
1.683610
1.700080
1.726970
1.767440
1.827260
1.915050
2.039450
2.206520
2.418480
2.673900
2.968680
3.297310
3.653940
4.033060
4.429720
4.839530
5.258570
5.683410
6.111180
6.539590
6.966910
7.391900
7.813890
8.232230
8.646690
9.057030
9.463270
9.865330
10.263300
10.657400
11.047400
11.433600
11.816100
12.194800
12.569900
12.941400
13.309400
13.674000
14.035100
14.392900
14.747300
15.098300
15.446000
15.790400
16.131500
16.469300
16.803800
17.135000
17.462900
17.787500
18.108900
18.426800
18.741500
19.052900
19.360900
19.665600
19.967000
20.265100
20.559700
20.851000
21.139000
21.423500
21.704800
21.982600
22.257100
22.528200
22.795900
23.060300
23.321200
23.578700
23.832800
24.083600
24.331000
24.575100
24.815800
25.053200
25.287100
25.517900
25.745200
25.969200
26.190000
26.407400
26.621600
26.832400
27.040100
27.244500
27.445600
27.643500
27.838300
28.029800
28.218200
28.403300
28.585500
28.764400
28.940300
29.113000
29.282800
29.449400
29.613100
29.773700
29.931300
30.086000
30.237800
30.386600
30.532600
30.675600
30.815800
30.953200
31.087700
31.219400
31.348400
31.474600
31.598100
31.718900
31.837000
31.952500
32.065300
32.175500
32.283100
32.388200
32.490700
32.590700
32.688200
32.783200
32.875800
32.965900
33.053600
33.138900
33.221900
33.302600
33.380900
33.456900
33.530600
33.602100
33.671400
33.738400
33.803300
33.865900
33.926500
33.984800
34.041100
34.095300
34.147400
34.197500
34.245600
34.291600
34.335700
34.377800
34.417900
34.456200
34.492400
34.526800
34.559400
34.590000
34.618800
34.645900
34.671100
34.694500
34.716100
34.736000
34.754200
34.770600
34.785300
34.798400
34.809800
34.819500
34.827600
34.834100
34.838900
34.842200
34.843900
34.844100
34.842700
34.839700
34.835300
34.829400
34.822000
34.813100
34.802700
34.790900
34.777700
34.763100
34.747000
34.729500
34.710800
34.690600
34.669100
34.646200
34.622000
34.596500
34.569800
34.541700
34.512300
34.481700
34.449800
34.416800
34.382400
34.346900
34.310200
34.272200
34.233100
34.192900
34.151400
34.108900
34.065200
34.020400
33.974500
33.927400
33.879300
33.830200
33.779900
33.728600
33.676200
33.622800
33.568400
33.513000
33.456600
33.399200
33.340800
33.281500
33.221100
33.159900
33.097700
33.034500
32.970400
32.905500
32.839600
32.772800
32.705300
32.636800
32.567400
32.497200
32.426100
32.354300
32.281600
32.208100
32.133800
32.058700
31.982800
31.906200
31.828700
31.750600
31.671700
31.592100
31.511800
31.430700
31.348900
31.266400
31.183200
31.099400
31.014900
30.929800
30.843900
30.757500
30.670400
30.582700
30.494400
30.405500
30.315900
30.225800
30.135100
30.043900
29.952100
29.859700
29.766800
29.673300
29.579400
29.484900
29.389900
29.294300
29.198400
29.101900
29.005000
28.907500
28.809600
28.711300
28.612600
28.513400
28.413700
28.313700
28.213200
28.112400
28.011100
27.909500
27.807500
27.705100
27.602300
27.499200
27.395800
27.292000
27.187900
27.083400
26.978700
26.873600
26.768200
26.662500
26.556600
26.450400
26.343900
26.237100
26.130100
26.022800
25.915200
25.807400
25.699500
25.591300
25.482800
25.374200
25.265400
25.156300
25.047000
24.937600
24.828100
24.718300
24.608400
24.498300
24.388100
24.277700
24.167200
24.056600
23.945800
23.834900
23.723900
23.612800
23.501600
23.390300
23.278900
23.167500
23.055900
22.944300
22.832700
22.720900
22.609200
22.497300
22.385500
22.273600
22.161600
22.049700
21.937800
21.825800
21.713800
21.601800
21.489800
21.377800
21.265900
21.154000
21.042100
20.930300
20.818400
20.706600
20.594900
20.483200
20.371600
20.260100
20.148600
20.037200
19.925900
19.814600
19.703500
19.592500
19.481500
19.370700
19.260000
19.149400
19.038900
18.928600
18.818400
18.708400
18.598500
18.488700
18.379100
18.269700
18.160400
18.051300
17.942400
17.833700
17.725100
17.616800
17.508700
17.400700
17.293000
17.185500
17.078200
16.971200
16.864400
16.757800
16.651400
16.545400
16.439600
16.334000
16.228700
16.123700
16.019000
15.914500
15.810300
15.706500
15.602900
15.499600
15.396700
15.294100
15.191800
15.089800
14.988200
14.886900
14.786000
14.685400
14.585200
14.485300
14.385900
14.286700
14.188000
14.089700
13.991800
13.894300
13.797100
13.700400
13.604100
13.508300
13.412900
13.317900
13.223400
13.129300
13.035600
12.942500
12.849800
12.757600
12.665800
12.574600
12.483800
12.393500
12.303700
12.214500
12.125700
12.037500
11.949700
11.862600
11.775900
11.689800
11.604200
11.519200
11.434700
11.350800
11.267400
11.184600
11.102400
11.020700
10.939700
10.859200
10.779300
10.699900
10.621200
10.543000
10.465500
10.388500
10.312200
10.236500
10.161300
10.086800
10.012900
9.939570
9.866890
9.794800
9.723340
9.652460
9.582270
9.512660
9.443630
9.375300
9.307550
9.240370
9.173840
9.107930
9.042670
8.977990
8.913940
8.850530
8.787700
8.725440
8.663830
8.602850
8.542450
8.482630
8.423390
8.364780
8.306820
8.249370
8.192500
8.136270
8.080620
8.025490
7.971000
7.917030
7.863630
7.810820
7.758530
7.706820
7.655620
7.605010
7.554980
7.505410
7.456420
7.407890
7.359940
7.312510
7.265550
7.219160
7.173240
7.127780
7.082840
7.038430
6.994470
6.950980
6.907960
6.865450
6.823350
6.781710
6.740600
6.699830
6.659580
6.619740
6.580300
6.541330
6.502760
6.464660
6.426900
6.389610
6.352660
6.316120
6.280040
6.244260
6.208930
6.173950
6.139320
6.105100
6.071220
6.037690
6.004510
5.971680
5.939250
5.907110
5.875320
5.843870
5.812710
5.781900
5.751410
5.721240
5.691370
5.661800
5.632550
5.603590
5.574920
5.546540
5.518450
5.490650
5.463120
5.435860
5.408880
5.382160
5.355710
5.329520
5.303580
5.277900
5.252470
5.227290
5.202340
5.177650
5.153180
5.128950
5.104950
5.081180
5.057630
5.034300
5.011200
4.988310
4.965620
4.943150
4.920890
4.898830
4.876970
4.855310
4.833850
4.812580
4.791510
4.770620
4.749920
4.729390
4.709050
4.688900
4.668920
4.649110
4.629470
4.610010
4.590710
4.571580
4.552610
4.533800
4.515150
4.496660
4.478330
4.460140
4.442110
4.424230
4.406490
4.388910
4.371470
4.354160
4.337000
4.319980
4.303090
4.286340
4.269720
4.253230
4.236880
4.220650
4.204550
4.188580
4.172730
4.157000
4.141400
4.125910
4.110540
4.095300
4.080160
4.065140
4.050230
4.035430
4.020750
4.006170
3.991700
3.977330
3.963080
3.948920
3.934870
3.920920
3.907070
3.893320
3.879680
3.866120
3.852660
3.839300
3.826030
3.812850
3.799770
3.786780
3.773870
3.761050
3.748330
3.735690
3.723130
3.710670
3.698280
3.685980
3.673760
3.661620
3.649570
3.637590
3.625690
3.613870
3.602130
3.590460
3.578870
3.567350
3.555920
3.544550
3.533250
3.522030
3.510870
3.499790
3.488780
3.477840
3.466960
3.456160
3.445410
3.434740
3.424130
3.413590
3.403110
3.392690
3.382340
3.372050
3.361830
3.351660
3.341550
3.331510
3.321520
3.311600
3.301730
3.291920
3.282160
3.272470
3.262820
3.253240
3.243710
3.234240
3.224820
3.215450
3.206140
3.196880
3.187670
3.178510
3.169410
3.160360
3.151350
3.142400
3.133500
3.124640
3.115830
3.107080
3.098370
3.089700
3.081090
3.072520
3.063990
3.055510
3.047080
3.038700
3.030350
3.022050
3.013800
3.005590
2.997420
2.989300
2.981210
2.973170
2.965170
2.957210
2.949300
2.941420
2.933590
2.925790
2.918030
2.910310
2.902630
2.895000
2.887400
2.879830
2.872310
2.864820
2.857370
2.849950
2.842580
2.835240
2.827930
2.820660
2.813430
2.806230
2.799070
2.791940
2.784850
2.777780
2.770760
2.763760
2.756800
2.749870
2.742980
2.736120
2.729290
2.722500
2.715730
2.709000
2.702300
2.695630
2.688980
2.682380
2.675800
2.669250
2.662730
2.656240
2.649780
2.643350
2.636950
2.630580
2.624230
2.617920
2.611640
2.605380
2.599150
2.592950
2.586770
2.580620
2.574510
2.568410
2.562350
2.556310
2.550300
2.544310
2.538340
2.532410
2.526500
2.520620
2.514760
2.508930
2.503120
2.497330
2.491580
2.485840
2.480130
2.474450
2.468780
2.463150
2.457540
2.451940
2.446380
2.440840
2.435310
2.429820
2.424340
2.418890
2.413460
2.408050
2.402670
2.397300
2.391970
2.386640
2.381340
2.376070
2.370820
2.365580
2.360370
2.355180
2.350010
2.344860
2.339730
2.334620
2.329530
2.324470
2.319420
2.314400
2.309390
2.304400
2.299430
2.294480
2.289550
2.284640
2.279750
2.274880
2.270030
2.265190
2.260380
2.255580
2.250800
2.246040
2.241300
2.236580
2.231870
2.227180
2.222520
2.217860
2.213230
2.208610
2.204010
2.199430
2.194870
2.190320
2.185790
2.181280
2.176780
2.172300
2.167840
2.163390
2.158960
2.154550
2.150150
2.145770
2.141400
2.137060
2.132720
2.128410
2.124110
2.119820
2.115550
2.111300
2.107060
2.102840
2.098630
2.094430
2.090260
2.086090
2.081950
2.077810
2.073700
2.069590
2.065500
2.061420
2.057360
2.053320
2.049290
2.045270
2.041270
2.037280
2.033310
2.029350
2.025400
2.021470
2.017550
2.013640
2.009750
2.005870
2.002010
1.998160
1.994320
1.990500
1.986680
1.982890
1.979100
1.975320
1.971570
1.967820
1.964090
1.960370
1.956660
1.952960
1.949280
1.945610
1.941950
1.938300
1.934670
1.931050
1.927440
1.923840
1.920260
1.916690
1.913120
1.909570
1.906040
1.902520
1.899000
1.895500
1.892010
1.888530
1.885060
1.881610
1.878160
1.874730
1.871310
1.867900
1.864500
1.861110
1.857730
1.854370
1.851020
1.847670
1.844340
1.841020
1.837700
1.834400
1.831110
1.827840
1.824560
1.821310
1.818060
1.814820
1.811590
1.808380
1.805170
1.801970
1.798790
1.795610
1.792450
1.789290
1.786150
1.783010
1.779890
1.776770
1.773670
1.770570
1.767480
1.764410
1.761340
1.758290
1.755240
1.752200
1.749170
1.746150
1.743140
1.740140
1.737150
1.734170
1.731200
1.728240
1.725280
1.722340
1.719410
1.716480
1.713560
1.710660
1.707750
1.704860
1.701980
1.699110
1.696250
1.693390
1.690540
1.687710
1.684880
1.682070
1.679270
1.676520
1.674150
1.675530
1.683640
1.700110
1.727000
1.767470
1.827290
1.915090
2.039500
2.206560
2.418530
2.673940
2.968720
3.297340
3.653960
4.033090
4.429750
4.839550
5.258590
5.683420
6.111180
6.539590
6.966910
7.391900
7.813890
8.232230
8.646630
9.056970
9.463210
9.865270
10.263300
10.657300
11.047300
11.433500
11.816000
12.194600
12.569800
12.941200
13.309300
13.673800
14.034900
14.392600
14.747000
15.098000
15.445700
15.790100
16.131200
16.469000
16.803500
17.134700
17.462600
17.787200
18.108500
18.426500
18.741200
19.052500
19.360500
19.665200
19.966600
20.264600
20.559200
20.850600
21.138500
21.423100
21.704300
21.982100
22.256600
22.527700
22.795300
23.059700
23.320600
23.578100
23.832300
24.083100
24.330500
24.574500
24.815200
25.052500
25.286500
25.517100
25.744400
25.968400
26.189100
26.406600
26.620700
26.831500
27.039200
27.243500
27.444700
27.642600
27.837300
28.028800
28.217200
28.402400
28.584400
28.763400
28.939200
29.112000
29.281700
29.448400
29.612000
29.772700
29.930300
30.085000
30.236700
30.385500
30.531500
30.674500
30.814700
30.952100
31.086600
31.218300
31.347300
31.473500
31.597000
31.717800
31.835900
31.951300
32.064200
32.174400
32.281900
32.387000
32.489600
32.589500
32.687000
32.782000
32.874600
32.964700
33.052400
33.137800
33.220800
33.301400
33.379700
33.455700
33.529400
33.600900
33.670200
33.737200
33.802000
33.864700
33.925200
33.983600
34.039900
34.094100
34.146200
34.196300
34.244300
34.290400
34.334400
34.376500
34.416700
34.454900
34.491100
34.525500
34.558100
34.588700
34.617600
34.644500
34.669700
34.693200
34.714800
34.734700
34.752900
34.769300
34.784000
34.797100
34.808500
34.818200
34.826300
34.832700
34.837600
34.840900
34.842600
34.842800
34.841400
34.838400
34.834000
34.828100
34.820600
34.811700
34.801400
34.789600
34.776300
34.761700
34.745600
34.728200
34.709400
34.689200
34.667700
34.644800
34.620700
34.595100
34.568400
34.540300
34.510900
34.480300
34.448500
34.415400
34.381000
34.345500
34.308800
34.270800
34.231800
34.191500
34.150000
34.107500
34.063800
34.019000
33.973000
33.926000
33.877900
33.828700
33.778400
33.727100
33.674800
33.621400
33.567000
33.511600
33.455100
33.397700
33.339400
33.280000
33.219700
33.158400
33.096200
33.033100
32.969000
32.904100
32.838200
32.771500
32.703800
32.635300
32.565900
32.495700
32.424700
32.352800
32.280200
32.206600
32.132300
32.057300
31.981400
31.904700
31.827300
31.749200
31.670300
31.590600
31.510300
31.429200
31.347500
31.264900
31.181800
31.098000
31.013400
30.928300
30.842500
30.756000
30.668900
30.581300
30.492900
30.404000
30.314500
30.224400
30.133700
30.042400
29.950600
29.858200
29.765300
29.671900
29.577900
29.483400
29.388400
29.292900
29.196900
29.100500
29.003500
28.906100
28.808200
28.709900
28.611100
28.511900
28.412300
28.312200
28.211800
28.110900
28.009700
27.908000
27.806000
27.703600
27.600900
27.497800
27.394300
27.290500
27.186400
27.082000
26.977200
26.872100
26.766800
26.661100
26.555100
26.448900
26.342400
26.235600
26.128600
26.021300
25.913800
25.806000
25.698000
25.589800
25.481400
25.372700
25.263900
25.154900
25.045600
24.936200
24.826600
24.716800
24.606900
24.496800
24.386600
24.276300
24.165800
24.055100
23.944400
23.833500
23.722500
23.611400
23.500200
23.388900
23.277500
23.166100
23.054500
22.942900
22.831200
22.719500
22.607800
22.496000
22.384100
22.272200
22.160300
22.048300
21.936300
21.824400
21.712400
21.600400
21.488400
21.376400
21.264500
21.152600
21.040700
20.928900
20.817000
20.705300
20.593500
20.481900
20.370200
20.258700
20.147200
20.035800
19.924500
19.813300
19.702200
19.591100
19.480200
19.369400
19.258600
19.148100
19.037600
18.927300
18.817100
18.707100
18.597100
18.487400
18.377800
18.268400
18.159100
18.050000
17.941100
17.832400
17.723900
17.615500
17.507400
17.399500
17.291700
17.184300
17.077000
16.969900
16.863100
16.756600
16.650200
16.544100
16.438300
16.332800
16.227500
16.122400
16.017700
15.913300
15.809100
15.705300
15.601700
15.498500
15.395500
15.292900
15.190600
15.088600
14.987000
14.885700
14.784800
14.684200
14.584000
14.484200
14.384700
14.285600
14.186900
14.088500
13.990600
13.893200
13.796000
13.699300
13.603000
13.507200
13.411800
13.316800
13.222300
13.128200
13.034600
12.941400
12.848700
12.756500
12.664800
12.573500
12.482700
12.392500
12.302700
12.213400
12.124700
12.036500
11.948700
11.861600
11.774900
11.688800
11.603300
11.518200
11.433700
11.349800
11.266400
11.183700
11.101500
11.019800
10.938700
10.858200
10.778300
10.699100
10.620300
10.542200
10.464600
10.387700
10.311300
10.235600
10.160500
10.086000
10.012000
9.938760
9.866080
9.793990
9.722530
9.651700
9.581460
9.511850
9.442880
9.374490
9.306800
9.239620
9.173140
9.107240
9.041980
8.977290
8.913240
8.849770
8.787000
8.724750
8.663130
8.602150
8.541750
8.481930
8.422750
8.364150
8.306120
8.248730
8.191870
8.135640
8.079980
8.024850
7.970360
7.916390
7.863060
7.810240
7.757950
7.706240
7.655100
7.604490
7.554400
7.504890
7.455840
7.407370
7.359420
7.311990
7.265030
7.218640
7.172720
7.127320
7.082380
7.037900
6.993950
6.950520
6.907490
6.864990
6.822890
6.781250
6.740130
6.699420
6.659120
6.619280
6.579900
6.540930
6.502360
6.464200
6.426500
6.389200
6.352260
6.315720
6.279640
6.243850
6.208530
6.173550
6.138920
6.104690
6.070820
6.037290
6.004160
5.971330
5.938900
5.906760
5.874970
5.843520
5.812370
5.781570
5.751080
5.720910
5.691040
5.661480
5.632230
5.603270
5.574600
5.546230
5.518150
5.490340
5.462810
5.435560
5.408580
5.381870
5.355420
5.329240
5.303300
5.277620
5.252190
5.227010
5.202080
5.177380
5.152920
5.128690
5.104690
5.080920
5.057370
5.034050
5.010950
4.988060
4.965380
4.942910
4.920650
4.898590
4.876740
4.855080
4.833620
4.812350
4.791280
4.770390
4.749700
4.729180
4.708840
4.688680
4.668700
4.648900
4.629270
4.609800
4.590500
4.571370
4.552410
4.533600
4.514950
4.496460
4.478130
4.459950
4.441920
4.424040
4.406310
4.388720
4.371280
4.353980
4.336820
4.319790
4.302910
4.286160
4.269550
4.253060
4.236700
4.220480
4.204390
4.188410
4.172560
4.156840
4.141240
4.125750
4.110380
4.095130
4.080000
4.064980
4.050070
4.035280
4.020590
4.006020
3.991550
3.977190
3.962930
3.948780
3.934720
3.920780
3.906930
3.893180
3.879530
3.865980
3.852520
3.839160
3.825890
3.812720
3.799630
3.786640
3.773740
3.760920
3.748200
3.735560
3.723010
3.710540
3.698150
3.685850
3.673630
3.661500
3.649440
3.637460
3.625570
3.613750
3.602010
3.590340
3.578750
3.567240
3.555790
3.544430
3.533130
3.521910
3.510760
3.499680
3.488670
3.477730
3.466850
3.456050
3.445300
3.434630
3.424020
3.413480
3.403000
3.392590
3.382230
3.371950
3.361720
3.351550
3.341450
3.331410
3.321420
3.311490
3.301620
3.291810
3.282060
3.272370
3.262730
3.253150
3.243620
3.234140
3.224730
3.215360
3.206040
3.196780
3.187580
3.178420
3.169320
3.160270
3.151260
3.142310
3.133400
3.124550
3.115750
3.106990
3.098280
3.089620
3.081000
3.072430
3.063910
3.055430
3.047000
3.038610
3.030270
3.021970
3.013720
3.005510
2.997340
2.989210
2.981140
2.973090
2.965090
2.957140
2.949220
2.941340
2.933510
2.925710
2.917960
2.910240
2.902560
2.894920
2.887320
2.879760
2.872230
2.864750
2.857300
2.849880
2.842510
2.835160
2.827860
2.820590
2.813360
2.806160
2.799000
2.791870
2.784780
2.777720
2.770690
2.763700
2.756740
2.749810
2.742920
2.736060
2.729230
2.722430
2.715670
2.708930
2.702230
2.695560
2.688920
2.682310
2.675720
2.669170
2.662650
2.656160
2.649700
2.643280
2.636880
2.630500
2.624160
2.617850
2.611560
2.605300
2.599070
2.592870
2.586700
2.580550
2.574430
2.568340
2.562270
2.556230
2.550220
2.544230
2.538280
2.532340
2.526430
2.520550
2.514690
2.508860
2.503050
2.497260
2.491510
2.485770
2.480070
2.474380
2.468710
2.463080
2.457470
2.451870
2.446310
2.440770
2.435240
2.429750
2.424280
2.418820
2.413390
2.407990
2.402600
2.397240
2.391900
2.386580
2.381280
2.376010
2.370760
2.365520
2.360310
2.355120
2.349950
2.344800
2.339670
2.334560
2.329470
2.324410
2.319360
2.314340
2.309330
2.304340
2.299370
2.294420
2.289490
2.284580
2.279690
2.274820
2.269970
2.265140
2.260320
2.255520
2.250750
2.245990
2.241240
2.236520
2.231810
2.227130
2.222460
2.217810
2.213170
2.208560
2.203960
2.199380
2.194810
2.190270
2.185740
2.181230
2.176730
2.172250
2.167780
2.163340
2.158910
2.154490
2.150100
2.145720
2.141360
2.137010
2.132670
2.128350
2.124060
2.119770
2.115500
2.111250
2.107010
2.102780
2.098580
2.094390
2.090200
2.086050
2.081890
2.077770
2.073650
2.069540
2.065450
2.061380
2.057320
2.053280
2.049240
2.045230
2.041220
2.037230
2.033260
2.029300
2.025350
2.021420
2.017500
2.013600
2.009700
2.005830
2.001960
1.998110
1.994270
1.990450
1.986640
1.982840
1.979050
1.975280
1.971530
1.967780
1.964040
1.960330
1.956610
1.952920
1.949240
1.945560
1.941910
1.938260
1.934630
1.931010
1.927400
1.923800
1.920220
1.916640
1.913080
1.909530
1.906000
1.902470
1.898960
1.895460
1.891970
1.888490
1.885020
1.881570
1.878120
1.874690
1.871270
1.867860
1.864460
1.861070
1.857690
1.854330
1.850980
1.847630
1.844300
1.840980
1.837660
1.834360
1.831070
1.827790
1.824530
1.821270
1.818020
1.814780
1.811560
1.808340
1.805140
1.801940
1.798750
1.795580
1.792410
1.789260
1.786110
1.782980
1.779850
1.776740
1.773630
1.770530
1.767450
1.764370
1.761310
1.758250
1.755200
1.752170
1.749140
1.746120
1.743110
1.740110
1.737120
1.734140
1.731170
1.728200
1.725250
1.722310
1.719370
1.716450
1.713530
1.710620
1.707720
1.704830
1.701950
1.699080
1.696210
1.693360
1.690520
