15.732400
15.732400
15.732400
15.732400
15.732300
15.732800
15.734500
15.734400
15.734300
15.734100
15.734000
15.733800
15.733700
15.733500
15.733400
15.733300
15.733200
15.733100
15.733000
15.732900
15.732800
15.732800
15.732700
15.732600
15.732600
15.732500
15.732500
15.732500
15.732500
15.732400
15.732400
15.732400
15.732400
15.732500
15.732500
15.732500
15.732500
15.732500
15.732600
15.732600
15.732600
15.732700
15.732700
15.732800
15.732800
15.732800
15.732900
15.732900
15.733000
15.733000
15.733100
15.733100
15.733200
15.733300
15.733300
15.733400
15.733400
15.733500
15.733600
15.733600
15.733700
15.733800
15.733800
15.733900
15.734000
15.734000
15.734100
15.734200
15.734200
15.734300
15.734400
15.734400
15.734500
15.734600
15.734600
15.734700
15.734800
15.734900
15.734900
15.735000
15.735100
15.735100
15.735200
15.735300
15.735400
15.735400
15.735500
15.735600
15.735600
15.735700
15.735800
15.735900
15.735900
15.736000
15.736100
15.736100
15.736200
15.736300
15.736300
15.736400
15.736500
15.736500
15.736600
15.736700
15.736700
15.736800
15.736900
15.737000
15.737000
15.737100
15.737100
15.737200
15.737300
15.737300
15.737400
15.737500
15.737500
15.737600
15.737700
15.737700
15.737800
15.737900
15.737900
15.738000
15.738000
15.738100
15.738200
15.738200
15.738300
15.738300
15.738400
15.738500
15.738500
15.738600
15.738600
15.738700
15.738800
15.738800
15.738900
15.738900
15.739000
15.739000
15.739100
15.739200
15.739200
15.739300
15.739300
15.739400
15.739400
15.739500
15.739500
15.739600
15.739600
15.739700
15.739700
15.739800
15.739800
15.739900
15.739900
15.740000
15.740000
15.740100
15.740100
15.740200
15.740200
15.740300
15.740300
15.740400
15.740400
15.740500
15.740500
15.740600
15.740600
15.740700
15.740700
15.740700
15.740800
15.740800
15.740900
15.740900
15.741000
15.741000
15.741000
15.741100
15.741100
15.741200
15.741200
15.741200
15.741300
15.741300
15.741400
15.741400
15.741400
15.741500
15.741500
15.741500
15.741600
15.741600
15.741600
15.741700
15.741700
15.741800
15.741800
15.741800
15.741900
15.741900
15.741900
15.741900
15.742000
15.742000
15.742000
15.742100
15.742100
15.742100
15.742200
15.742200
15.742200
15.742300
15.742300
15.742300
15.742300
15.742400
15.742400
15.742400
15.742400
15.742500
15.742500
15.742500
15.742600
15.742600
15.742600
15.742600
15.742600
15.742700
15.742700
15.742700
15.742700
15.742800
15.742800
15.742800
15.742800
15.742900
15.742900
15.742900
15.742900
15.742900
15.743000
15.743000
15.743000
15.743000
15.743000
15.743000
15.743100
15.743100
15.743100
15.743100
15.743100
15.743200
15.743200
15.743200
15.743200
15.743200
15.743200
15.743200
15.743300
15.743300
15.743300
15.743300
15.743300
15.743300
15.743300
15.743400
15.743400
15.743400
15.743400
15.743400
15.743400
15.743400
15.743400
15.743500
15.743500
15.743500
15.743500
15.743500
15.743500
15.743500
15.743500
15.743500
15.743500
15.743500
15.743600
15.743600
15.743600
15.743600
15.743600
15.743600
15.743600
15.743600
15.743600
15.743600
15.743600
15.743600
15.743600
15.743600
15.743700
15.743700
15.743700
15.743700
15.743700
15.743700
15.743700
15.743700
15.743700
15.743700
15.743700
15.743700
15.743700
15.743700
15.743700
15.743700
15.743700
15.743700
15.743700
15.743700
15.743700
15.743700
15.743700
15.743700
15.743700
15.743700
15.743700
15.743700
15.743700
15.743700
15.743700
15.743700
15.743700
15.743700
15.743700
15.743700
15.743700
15.743700
15.743700
15.743700
15.743700
15.743700
15.743700
15.743700
15.743700
15.743700
15.743700
15.743700
15.743700
15.743700
15.743700
15.743700
15.743700
15.743700
15.743700
15.743700
15.743700
15.743700
15.743700
15.743700
15.743700
15.743700
15.743700
15.743700
15.743700
15.743600
15.743600
15.743600
15.743600
15.743600
15.743600
15.743600
15.743600
15.743600
15.743600
15.743600
15.743600
15.743600
15.743600
15.743600
15.743600
15.743600
15.743600
15.743500
15.743500
15.743500
15.743500
15.743500
15.743500
15.743500
15.743500
15.743500
15.743500
15.743500
15.743500
15.743500
15.743500
15.743400
15.743400
15.743400
15.743400
15.743400
15.743400
15.743400
15.743400
15.743400
15.743400
15.743400
15.743400
15.743300
15.743300
15.743300
15.743300
15.743300
15.743300
15.743300
15.743300
15.743300
15.743300
15.743200
15.743200
15.743200
15.743200
15.743200
15.743200
15.743200
15.743200
15.743200
15.743200
15.743100
15.743100
15.743100
15.743100
15.743100
15.743100
15.743100
15.743100
15.743100
15.743000
15.743000
15.743000
15.743000
15.743000
15.743000
15.743000
15.743000
15.743000
15.742900
15.742900
15.742900
15.742900
15.742900
15.742900
15.742900
15.742900
15.742800
15.742800
15.742800
15.742800
15.742800
15.742800
15.742800
15.742800
15.742700
15.742700
15.742700
15.742700
15.742700
15.742700
15.742700
15.742700
15.742600
15.742600
15.742600
15.742600
15.742600
15.742600
15.742600
15.742500
15.742500
15.742500
15.742500
15.742500
15.742500
15.742500
15.742400
15.742400
15.742400
15.742400
15.742400
15.742400
15.742400
15.742300
15.742300
15.742300
15.742300
15.742300
15.742300
15.742300
15.742200
15.742200
15.742200
15.742200
15.742200
15.742200
15.742200
15.742100
15.742100
15.742100
15.742100
15.742100
15.742100
15.742100
15.742000
15.742000
15.742000
15.742000
15.742000
15.742000
15.741900
15.741900
15.741900
15.741900
15.741900
15.741900
15.741800
15.741800
15.741800
15.741800
15.741800
15.741800
15.741800
15.741700
15.741700
15.741700
15.741700
15.741700
15.741700
15.741600
15.741600
15.741600
15.741600
15.741600
15.741600
15.741500
15.741500
15.741500
15.741500
15.741500
15.741500
15.741400
15.741400
15.741400
15.741400
15.741400
15.741400
15.741300
15.741300
15.741300
15.741300
15.741300
15.741300
15.741200
15.741200
15.741200
15.741200
15.741200
15.741200
15.741100
15.741100
15.741100
15.741100
15.741100
15.741100
15.741000
15.741000
15.741000
15.741000
15.741000
15.741000
15.740900
15.740900
15.740900
15.740900
15.740900
15.740800
15.740800
15.740800
15.740800
15.740800
15.740800
15.740700
15.740700
15.740700
15.740700
15.740700
15.740700
15.740600
15.740600
15.740600
15.740600
15.740600
15.740500
15.740500
15.740500
15.740500
15.740500
15.740500
15.740400
15.740400
15.740400
15.740400
15.740400
15.740300
15.740300
15.740300
15.740300
15.740300
15.740300
15.740200
15.740200
15.740200
15.740200
15.740200
15.740100
15.740100
15.740100
15.740100
15.740100
15.740100
15.740000
15.740000
15.740000
15.740000
15.740000
15.739900
15.739900
15.739900
15.739900
15.739900
15.739900
15.739800
15.739800
15.739800
15.739800
15.739800
15.739700
15.739700
15.739700
15.739700
15.739700
15.739600
15.739600
15.739600
15.739600
15.739600
15.739600
15.739500
15.739500
15.739500
15.739500
15.739500
15.739400
15.739400
15.739400
15.739400
15.739400
15.739300
15.739300
15.739300
15.739300
15.739300
15.739200
15.739200
15.739200
15.739200
15.739200
15.739200
15.739100
15.739100
15.739100
15.739100
15.739100
15.739000
15.739000
15.739000
15.739000
15.739000
15.738900
15.738900
15.738900
15.738900
15.738900
15.738800
15.738800
15.738800
15.738800
15.738800
15.738700
15.738700
15.738700
15.738700
15.738700
15.738600
15.738600
15.738600
15.738600
15.738600
15.738600
15.738500
15.738500
15.738500
15.738500
15.738500
15.738400
15.738400
15.738400
15.738400
15.738400
15.738300
15.738300
15.738300
15.738300
15.738300
15.738200
15.738200
15.738200
15.738200
15.738200
15.738100
15.738100
15.738100
15.738100
15.738100
15.738000
15.738000
15.738000
15.738000
15.738000
15.737900
15.737900
15.737900
15.737900
15.737900
15.737800
15.737800
15.737800
15.737800
15.737800
15.737700
15.737700
15.737700
15.737700
15.737700
15.737600
15.737600
15.737600
15.737600
15.737600
15.737500
15.737500
15.737500
15.737500
15.737500
15.737400
15.737400
15.737400
15.737400
15.737400
15.737300
15.737300
15.737300
15.737300
15.737300
15.737200
15.737200
15.737200
15.737200
15.737200
15.737100
15.737100
15.737100
15.737100
15.737100
15.737000
15.737000
15.737000
15.737000
15.737000
15.736900
15.736900
15.736900
15.736900
15.736900
15.736800
15.736800
15.736800
15.736800
15.736800
15.736700
15.736700
15.736700
15.736700
15.736700
15.736600
15.736600
15.736600
15.736600
15.736600
15.736500
15.736500
15.736500
15.736500
15.736500
15.736400
15.736400
15.736400
15.736400
15.736400
15.736300
15.736300
15.736300
15.736300
15.736300
15.736200
15.736200
15.736200
15.736200
15.736100
15.736100
15.736100
15.736100
15.736100
15.736000
15.736000
15.736000
15.736000
15.736000
15.735900
15.735900
15.735900
15.735900
15.735900
15.735800
15.735800
15.735800
15.735800
15.735800
15.735700
15.735700
15.735700
15.735700
15.735700
15.735600
15.735600
15.735600
15.735600
15.735600
15.735500
15.735500
15.735500
15.735500
15.735500
15.735400
15.735400
15.735400
15.735400
15.735300
15.735300
15.735300
15.735300
15.735300
15.735200
15.735200
15.735200
15.735200
15.735200
15.735100
15.735100
15.735100
15.735100
15.735100
15.735000
15.735000
15.735000
15.735000
15.735000
15.734900
15.734900
15.734900
15.734900
15.734900
15.734800
15.734800
15.734800
15.734800
15.734800
15.734700
15.734700
15.734700
15.734700
15.734600
15.734600
15.734600
15.734600
15.734600
15.734500
15.734500
15.734500
15.734500
15.734500
15.734400
15.734400
15.734400
15.734400
15.734400
15.734300
15.734300
15.734300
15.734300
15.734300
15.734200
15.734200
15.734200
15.734200
15.734200
15.734100
15.734100
15.734100
15.734100
15.734000
15.734000
15.734000
15.734000
15.734000
15.733900
15.733900
15.733900
15.733900
15.733900
15.733800
15.733800
15.733800
15.733800
15.733800
15.733700
15.733700
15.733700
15.733700
15.733700
15.733600
15.733600
15.733600
15.733600
15.733500
15.733500
15.733500
15.733500
15.733500
15.733400
15.733400
15.733400
15.733400
15.733400
15.733300
15.733300
15.733300
15.733300
15.733300
15.733200
15.733200
15.733200
15.733200
15.733200
15.733100
15.733100
15.733100
15.733100
15.733000
15.733000
15.733000
15.733000
15.733000
15.732900
15.732900
15.732900
15.732900
15.732900
15.732800
15.732800
15.732800
15.732800
15.732800
15.732700
15.732700
15.732700
15.732700
15.732600
15.732600
15.732600
15.732600
15.733000
15.734700
15.734700
15.734500
15.734400
15.734200
15.734000
15.733900
15.733800
15.733600
15.733500
15.733400
15.733300
15.733200
15.733100
15.733000
15.733000
15.732900
15.732900
15.732800
15.732800
15.732700
15.732700
15.732700
15.732700
15.732700
15.732700
15.732700
15.732700
15.732700
15.732700
15.732700
15.732800
15.732800
15.732800
15.732900
15.732900
15.732900
15.733000
15.733000
15.733100
15.733100
15.733200
15.733200
15.733300
15.733300
15.733400
15.733400
15.733500
15.733500
15.733600
15.733700
15.733700
15.733800
15.733900
15.733900
15.734000
15.734000
15.734100
15.734200
15.734200
15.734300
15.734400
15.734500
15.734500
15.734600
15.734700
15.734700
15.734800
15.734900
15.734900
15.735000
15.735100
15.735200
15.735200
15.735300
15.735400
15.735400
15.735500
15.735600
15.735700
15.735700
15.735800
15.735900
15.735900
15.736000
15.736100
15.736100
15.736200
15.736300
15.736400
15.736400
15.736500
15.736600
15.736600
15.736700
15.736800
15.736800
15.736900
15.737000
15.737000
15.737100
15.737200
15.737200
15.737300
15.737400
15.737400
15.737500
15.737600
15.737600
15.737700
15.737800
15.737800
15.737900
15.738000
15.738000
15.738100
15.738100
15.738200
15.738300
15.738300
15.738400
15.738500
15.738500
15.738600
15.738600
15.738700
15.738800
15.738800
15.738900
15.738900
15.739000
15.739000
15.739100
15.739200
15.739200
15.739300
15.739300
15.739400
15.739400
15.739500
15.739500
15.739600
15.739700
15.739700
15.739800
15.739800
15.739900
15.739900
15.740000
15.740000
15.740100
15.740100
15.740200
15.740200
15.740300
15.740300
15.740400
15.740400
15.740500
15.740500
15.740600
15.740600
15.740600
15.740700
15.740700
15.740800
15.740800
15.740900
15.740900
15.741000
15.741000
15.741100
15.741100
15.741100
15.741200
15.741200
15.741300
15.741300
15.741300
15.741400
15.741400
15.741500
15.741500
15.741500
15.741600
15.741600
15.741700
15.741700
15.741700
15.741800
15.741800
15.741800
15.741900
15.741900
15.741900
15.742000
15.742000
15.742000
15.742100
15.742100
15.742100
15.742200
15.742200
15.742200
15.742300
15.742300
15.742300
15.742400
15.742400
15.742400
15.742500
15.742500
15.742500
15.742500
15.742600
15.742600
15.742600
15.742600
15.742700
15.742700
15.742700
15.742800
15.742800
15.742800
15.742800
15.742900
15.742900
15.742900
15.742900
15.742900
15.743000
15.743000
15.743000
15.743000
15.743100
15.743100
15.743100
15.743100
15.743100
15.743200
15.743200
15.743200
15.743200
15.743200
15.743300
15.743300
15.743300
15.743300
15.743300
15.743300
15.743400
15.743400
15.743400
15.743400
15.743400
15.743400
15.743500
15.743500
15.743500
15.743500
15.743500
15.743500
15.743500
15.743600
15.743600
15.743600
15.743600
15.743600
15.743600
15.743600
15.743600
15.743700
15.743700
15.743700
15.743700
15.743700
15.743700
15.743700
15.743700
15.743700
15.743700
15.743800
15.743800
15.743800
15.743800
15.743800
15.743800
15.743800
15.743800
15.743800
15.743800
15.743800
15.743800
15.743800
15.743900
15.743900
15.743900
15.743900
15.743900
15.743900
15.743900
15.743900
15.743900
15.743900
15.743900
15.743900
15.743900
15.743900
15.743900
15.743900
15.743900
15.743900
15.743900
15.743900
15.743900
15.743900
15.743900
15.743900
15.744000
15.744000
15.744000
15.744000
15.744000
15.744000
15.744000
15.744000
15.744000
15.744000
15.744000
15.744000
15.744000
15.744000
15.744000
15.744000
15.744000
15.744000
15.744000
15.744000
15.744000
15.744000
15.743900
15.743900
15.743900
15.743900
15.743900
15.743900
15.743900
15.743900
15.743900
15.743900
15.743900
15.743900
15.743900
15.743900
15.743900
15.743900
15.743900
15.743900
15.743900
15.743900
15.743900
15.743900
15.743900
15.743900
15.743900
15.743900
15.743900
15.743900
15.743900
15.743800
15.743800
15.743800
15.743800
15.743800
15.743800
15.743800
15.743800
15.743800
15.743800
15.743800
15.743800
15.743800
15.743800
15.743800
15.743800
15.743700
15.743700
15.743700
15.743700
15.743700
15.743700
15.743700
15.743700
15.743700
15.743700
15.743700
15.743700
15.743700
15.743600
15.743600
15.743600
15.743600
15.743600
15.743600
15.743600
15.743600
15.743600
15.743600
15.743600
15.743500
15.743500
15.743500
15.743500
15.743500
15.743500
15.743500
15.743500
15.743500
15.743500
15.743500
15.743400
15.743400
15.743400
15.743400
15.743400
15.743400
15.743400
15.743400
15.743400
15.743300
15.743300
15.743300
15.743300
15.743300
15.743300
15.743300
15.743300
15.743300
15.743200
15.743200
15.743200
15.743200
15.743200
15.743200
15.743200
15.743200
15.743200
15.743100
15.743100
15.743100
15.743100
15.743100
15.743100
15.743100
15.743100
15.743000
15.743000
15.743000
15.743000
15.743000
15.743000
15.743000
15.743000
15.742900
15.742900
15.742900
15.742900
15.742900
15.742900
15.742900
15.742900
15.742800
15.742800
15.742800
15.742800
15.742800
15.742800
15.742800
15.742700
15.742700
15.742700
15.742700
15.742700
15.742700
15.742700
15.742600
15.742600
15.742600
15.742600
15.742600
15.742600
15.742600
15.742500
15.742500
15.742500
15.742500
15.742500
15.742500
15.742500
15.742400
15.742400
15.742400
15.742400
15.742400
15.742400
15.742400
15.742300
15.742300
15.742300
15.742300
15.742300
15.742300
15.742200
15.742200
15.742200
15.742200
15.742200
15.742200
15.742200
15.742100
15.742100
15.742100
15.742100
15.742100
15.742100
15.742000
15.742000
15.742000
15.742000
15.742000
15.742000
15.741900
15.741900
15.741900
15.741900
15.741900
15.741900
15.741900
15.741800
15.741800
15.741800
15.741800
15.741800
15.741800
15.741700
15.741700
15.741700
15.741700
15.741700
15.741700
15.741600
15.741600
15.741600
15.741600
15.741600
15.741600
15.741500
15.741500
15.741500
15.741500
15.741500
15.741500
15.741400
15.741400
15.741400
15.741400
15.741400
15.741400
15.741300
15.741300
15.741300
15.741300
15.741300
15.741200
15.741200
15.741200
15.741200
15.741200
15.741200
15.741100
15.741100
15.741100
15.741100
15.741100
15.741100
15.741000
15.741000
15.741000
15.741000
15.741000
15.741000
15.740900
15.740900
15.740900
15.740900
15.740900
15.740800
15.740800
15.740800
15.740800
15.740800
15.740800
15.740700
15.740700
15.740700
15.740700
15.740700
15.740600
15.740600
15.740600
15.740600
15.740600
15.740600
15.740500
15.740500
15.740500
15.740500
15.740500
15.740400
15.740400
15.740400
15.740400
15.740400
15.740400
15.740300
15.740300
15.740300
15.740300
15.740300
15.740200
15.740200
15.740200
15.740200
15.740200
15.740200
15.740100
15.740100
15.740100
15.740100
15.740100
15.740000
15.740000
15.740000
15.740000
15.740000
15.739900
15.739900
15.739900
15.739900
15.739900
15.739900
15.739800
15.739800
15.739800
15.739800
15.739800
15.739700
15.739700
15.739700
15.739700
15.739700
15.739600
15.739600
15.739600
15.739600
15.739600
15.739600
15.739500
15.739500
15.739500
15.739500
15.739500
15.739400
15.739400
15.739400
15.739400
15.739400
15.739300
15.739300
15.739300
15.739300
15.739300
15.739200
15.739200
15.739200
15.739200
15.739200
15.739100
15.739100
15.739100
15.739100
15.739100
15.739100
15.739000
15.739000
15.739000
15.739000
15.739000
15.738900
15.738900
15.738900
15.738900
15.738900
15.738800
15.738800
15.738800
15.738800
15.738800
15.738700
15.738700
15.738700
15.738700
15.738700
15.738600
15.738600
15.738600
15.738600
15.738600
15.738500
15.738500
15.738500
15.738500
15.738500
15.738400
15.738400
15.738400
15.738400
15.738400
15.738300
15.738300
15.738300
15.738300
15.738300
15.738200
15.738200
15.738200
15.738200
15.738200
15.738100
15.738100
15.738100
15.738100
15.738100
15.738000
15.738000
15.738000
15.738000
15.738000
15.737900
15.737900
15.737900
15.737900
15.737900
15.737800
15.737800
15.737800
15.737800
15.737800
15.737700
15.737700
15.737700
15.737700
15.737700
15.737600
15.737600
15.737600
15.737600
15.737600
15.737500
15.737500
15.737500
15.737500
15.737500
15.737400
15.737400
15.737400
15.737400
15.737400
15.737300
15.737300
15.737300
15.737300
15.737300
15.737200
15.737200
15.737200
15.737200
15.737200
15.737100
15.737100
15.737100
15.737100
15.737100
15.737000
15.737000
15.737000
15.737000
15.737000
15.736900
15.736900
15.736900
15.736900
15.736900
15.736800
15.736800
15.736800
15.736800
15.736800
15.736700
15.736700
15.736700
15.736700
15.736700
15.736600
15.736600
15.736600
15.736600
15.736600
15.736500
15.736500
15.736500
15.736500
15.736500
15.736400
15.736400
15.736400
15.736400
15.736400
15.736300
15.736300
15.736300
15.736300
15.736300
15.736200
15.736200
15.736200
15.736200
15.736100
15.736100
15.736100
15.736100
15.736100
15.736000
15.736000
15.736000
15.736000
15.736000
15.735900
15.735900
15.735900
15.735900
15.735900
15.735800
15.735800
15.735800
15.735800
15.735800
15.735700
15.735700
15.735700
15.735700
15.735700
15.735600
15.735600
15.735600
15.735600
15.735600
15.735500
15.735500
15.735500
15.735500
15.735500
15.735400
15.735400
15.735400
15.735400
15.735300
15.735300
15.735300
15.735300
15.735300
15.735200
15.735200
15.735200
15.735200
15.735200
15.735100
15.735100
15.735100
15.735100
15.735100
15.735000
15.735000
15.735000
15.735000
15.735000
15.734900
15.734900
15.734900
15.734900
15.734900
15.734800
15.734800
15.734800
15.734800
15.734700
15.734700
15.734700
15.734700
15.734700
15.734600
15.734600
15.734600
15.734600
15.734600
15.734500
15.734500
15.734500
15.734500
15.734500
15.734400
15.734400
15.734400
15.734400
15.734400
15.734300
15.734300
15.734300
15.734300
15.734300
15.734200
15.734200
15.734200
15.734200
15.734100
15.734100
15.734100
15.734100
15.734100
15.734000
15.734000
15.734000
15.734000
15.734000
15.733900
15.733900
15.733900
15.733900
15.733900
15.733800
15.733800
15.733800
15.733800
15.733800
15.733700
15.733700
15.733700
15.733700
15.733600
15.733600
15.733600
15.733600
15.733600
15.733500
15.733500
15.733500
15.733500
15.733500
15.733400
15.733400
15.733400
15.733400
15.733400
15.733300
15.733300
15.733300
15.733300
15.733300
15.733200
15.733200
15.733200
15.733200
15.733100
15.733100
15.733100
15.733100
15.733100
15.733000
15.733000
15.733000
15.733000
15.733000
15.732900
15.732900
15.732900
15.732900
15.732800
15.732800
15.732800
15.733200
15.735000
15.734900
15.734700
15.734600
15.734400
15.734300
15.734100
15.734000
15.733900
15.733800
15.733600
15.733500
15.733400
15.733400
15.733300
15.733200
15.733100
15.733100
15.733000
15.733000
15.733000
15.732900
15.732900
15.732900
15.732900
15.732900
15.732900
15.732900
15.732900
15.732900
15.733000
15.733000
15.733000
15.733100
15.733100
15.733100
15.733200
15.733200
15.733300
15.733300
15.733300
15.733400
15.733400
15.733500
15.733500
15.733600
15.733700
15.733700
15.733800
15.733800
15.733900
15.734000
15.734000
15.734100
15.734100
15.734200
15.734300
15.734300
15.734400
15.734500
15.734500
15.734600
15.734700
15.734700
15.734800
15.734900
15.735000
15.735000
15.735100
15.735200
15.735200
15.735300
15.735400
15.735500
15.735500
15.735600
15.735700
15.735700
15.735800
15.735900
15.735900
15.736000
15.736100
15.736200
15.736200
15.736300
15.736400
15.736400
15.736500
15.736600
15.736700
15.736700
15.736800
15.736900
15.736900
15.737000
15.737100
15.737100
15.737200
15.737300
15.737300
15.737400
15.737500
15.737500
15.737600
15.737700
15.737700
15.737800
15.737900
15.737900
15.738000
15.738100
15.738100
15.738200
15.738200
15.738300
15.738400
15.738400
15.738500
15.738600
15.738600
15.738700
15.738700
15.738800
15.738900
15.738900
15.739000
15.739000
15.739100
15.739200
15.739200
15.739300
15.739300
15.739400
15.739400
15.739500
15.739600
15.739600
15.739700
15.739700
15.739800
15.739800
15.739900
15.739900
15.740000
15.740000
15.740100
15.740100
15.740200
15.740200
15.740300
15.740300
15.740400
15.740400
15.740500
15.740500
15.740600
15.740600
15.740700
15.740700
15.740800
15.740800
15.740900
15.740900
15.741000
15.741000
15.741100
15.741100
15.741100
15.741200
15.741200
15.741300
15.741300
15.741400
15.741400
15.741400
15.741500
15.741500
15.741600
15.741600
15.741600
15.741700
15.741700
15.741800
15.741800
15.741800
15.741900
15.741900
15.742000
15.742000
15.742000
15.742100
15.742100
15.742100
15.742200
15.742200
15.742200
15.742300
15.742300
15.742300
15.742400
15.742400
15.742400
15.742500
15.742500
15.742500
15.742600
15.742600
15.742600
15.742600
15.742700
15.742700
15.742700
15.742800
15.742800
15.742800
15.742800
15.742900
15.742900
15.742900
15.743000
15.743000
15.743000
15.743000
15.743100
15.743100
15.743100
15.743100
15.743100
15.743200
15.743200
15.743200
15.743200
15.743300
15.743300
15.743300
15.743300
15.743300
15.743400
15.743400
15.743400
15.743400
15.743400
15.743500
15.743500
15.743500
15.743500
15.743500
15.743600
15.743600
15.743600
15.743600
15.743600
15.743600
15.743700
15.743700
15.743700
15.743700
15.743700
15.743700
15.743700
15.743800
15.743800
15.743800
15.743800
15.743800
15.743800
15.743800
15.743800
15.743900
15.743900
15.743900
15.743900
15.743900
15.743900
15.743900
15.743900
15.743900
15.744000
15.744000
15.744000
15.744000
15.744000
15.744000
15.744000
15.744000
15.744000
15.744000
15.744000
15.744000
15.744100
15.744100
15.744100
15.744100
15.744100
15.744100
15.744100
15.744100
15.744100
15.744100
15.744100
15.744100
15.744100
15.744100
15.744100
15.744100
15.744100
15.744100
15.744100
15.744200
15.744200
15.744200
15.744200
15.744200
15.744200
15.744200
15.744200
15.744200
15.744200
15.744200
15.744200
15.744200
15.744200
15.744200
15.744200
15.744200
15.744200
15.744200
15.744200
15.744200
15.744200
15.744200
15.744200
15.744200
15.744200
15.744200
15.744200
15.744200
15.744200
15.744200
15.744200
15.744200
15.744200
15.744200
15.744200
15.744200
15.744200
15.744200
15.744200
15.744200
15.744200
15.744100
15.744100
15.744100
15.744100
15.744100
15.744100
15.744100
15.744100
15.744100
15.744100
15.744100
15.744100
15.744100
15.744100
15.744100
15.744100
15.744100
15.744100
15.744100
15.744100
15.744100
15.744100
15.744000
15.744000
15.744000
15.744000
15.744000
15.744000
15.744000
15.744000
15.744000
15.744000
15.744000
15.744000
15.744000
15.744000
15.744000
15.743900
15.743900
15.743900
15.743900
15.743900
15.743900
15.743900
15.743900
15.743900
15.743900
15.743900
15.743900
15.743900
15.743800
15.743800
15.743800
15.743800
15.743800
15.743800
15.743800
15.743800
15.743800
15.743800
15.743800
15.743700
15.743700
15.743700
15.743700
15.743700
15.743700
15.743700
15.743700
15.743700
15.743700
15.743600
15.743600
15.743600
15.743600
15.743600
15.743600
15.743600
15.743600
15.743600
15.743600
15.743500
15.743500
15.743500
15.743500
15.743500
15.743500
15.743500
15.743500
15.743500
15.743400
15.743400
15.743400
15.743400
15.743400
15.743400
15.743400
15.743400
15.743300
15.743300
15.743300
15.743300
15.743300
15.743300
15.743300
15.743300
15.743200
15.743200
15.743200
15.743200
15.743200
15.743200
15.743200
15.743200
15.743100
15.743100
15.743100
15.743100
15.743100
15.743100
15.743100
15.743000
15.743000
15.743000
15.743000
15.743000
15.743000
15.743000
15.743000
15.742900
15.742900
15.742900
15.742900
15.742900
15.742900
15.742900
15.742800
15.742800
15.742800
15.742800
15.742800
15.742800
15.742800
15.742700
15.742700
15.742700
15.742700
15.742700
15.742700
15.742700
15.742600
15.742600
15.742600
15.742600
15.742600
15.742600
15.742500
15.742500
15.742500
15.742500
15.742500
15.742500
15.742500
15.742400
15.742400
15.742400
15.742400
15.742400
15.742400
15.742300
15.742300
15.742300
15.742300
15.742300
15.742300
15.742300
15.742200
15.742200
15.742200
15.742200
15.742200
15.742200
15.742100
15.742100
15.742100
15.742100
15.742100
15.742100
15.742000
15.742000
15.742000
15.742000
15.742000
15.742000
15.741900
15.741900
15.741900
15.741900
15.741900
15.741900
15.741800
15.741800
15.741800
15.741800
15.741800
15.741800
15.741700
15.741700
15.741700
15.741700
15.741700
15.741700
15.741600
15.741600
15.741600
15.741600
15.741600
15.741600
15.741500
15.741500
15.741500
15.741500
15.741500
15.741500
15.741400
15.741400
15.741400
15.741400
15.741400
15.741400
15.741300
15.741300
15.741300
15.741300
15.741300
15.741200
15.741200
15.741200
15.741200
15.741200
15.741200
15.741100
15.741100
15.741100
15.741100
15.741100
15.741100
15.741000
15.741000
15.741000
15.741000
15.741000
15.740900
15.740900
15.740900
15.740900
15.740900
15.740900
15.740800
15.740800
15.740800
15.740800
15.740800
15.740700
15.740700
15.740700
15.740700
15.740700
15.740700
15.740600
15.740600
15.740600
15.740600
15.740600
15.740500
15.740500
15.740500
15.740500
15.740500
15.740500
15.740400
15.740400
15.740400
15.740400
15.740400
15.740300
15.740300
15.740300
15.740300
15.740300
15.740200
15.740200
15.740200
15.740200
15.740200
15.740200
15.740100
15.740100
15.740100
15.740100
15.740100
15.740000
15.740000
15.740000
15.740000
15.740000
15.739900
15.739900
15.739900
15.739900
15.739900
15.739900
15.739800
15.739800
15.739800
15.739800
15.739800
15.739700
15.739700
15.739700
15.739700
15.739700
15.739600
15.739600
15.739600
15.739600
15.739600
15.739500
15.739500
15.739500
15.739500
15.739500
15.739400
15.739400
15.739400
15.739400
15.739400
15.739400
15.739300
15.739300
15.739300
15.739300
15.739300
15.739200
15.739200
15.739200
15.739200
15.739200
15.739100
15.739100
15.739100
15.739100
15.739100
15.739000
15.739000
15.739000
15.739000
15.739000
15.738900
15.738900
15.738900
15.738900
15.738900
15.738800
15.738800
15.738800
15.738800
15.738800
15.738700
15.738700
15.738700
15.738700
15.738700
15.738600
15.738600
15.738600
15.738600
15.738600
15.738600
15.738500
15.738500
15.738500
15.738500
15.738500
15.738400
15.738400
15.738400
15.738400
15.738400
15.738300
15.738300
15.738300
15.738300
15.738300
15.738200
15.738200
15.738200
15.738200
15.738200
15.738100
15.738100
15.738100
15.738100
15.738100
15.738000
15.738000
15.738000
15.738000
15.738000
15.737900
15.737900
15.737900
15.737900
15.737900
15.737800
15.737800
15.737800
15.737800
15.737800
15.737700
15.737700
15.737700
15.737700
15.737700
15.737600
15.737600
15.737600
15.737600
15.737600
15.737500
15.737500
15.737500
15.737500
15.737500
15.737400
15.737400
15.737400
15.737400
15.737400
15.737300
15.737300
15.737300
15.737300
15.737200
15.737200
15.737200
15.737200
15.737200
15.737100
15.737100
15.737100
15.737100
15.737100
15.737000
15.737000
15.737000
15.737000
15.737000
15.736900
15.736900
15.736900
15.736900
15.736900
15.736800
15.736800
15.736800
15.736800
15.736800
15.736700
15.736700
15.736700
15.736700
15.736700
15.736600
15.736600
15.736600
15.736600
15.736600
15.736500
15.736500
15.736500
15.736500
15.736500
15.736400
15.736400
15.736400
15.736400
15.736400
15.736300
15.736300
15.736300
15.736300
15.736300
15.736200
15.736200
15.736200
15.736200
15.736100
15.736100
15.736100
15.736100
15.736100
15.736000
15.736000
15.736000
15.736000
15.736000
15.735900
15.735900
15.735900
15.735900
15.735900
15.735800
15.735800
15.735800
15.735800
15.735800
15.735700
15.735700
15.735700
15.735700
15.735700
15.735600
15.735600
15.735600
15.735600
15.735600
15.735500
15.735500
15.735500
15.735500
15.735400
15.735400
15.735400
15.735400
15.735400
15.735300
15.735300
15.735300
15.735300
15.735300
15.735200
15.735200
15.735200
15.735200
15.735200
15.735100
15.735100
15.735100
15.735100
15.735100
15.735000
15.735000
15.735000
15.735000
15.735000
15.734900
15.734900
15.734900
15.734900
15.734800
15.734800
15.734800
15.734800
15.734800
15.734700
15.734700
15.734700
15.734700
15.734700
15.734600
15.734600
15.734600
15.734600
15.734600
15.734500
15.734500
15.734500
15.734500
15.734500
15.734400
15.734400
15.734400
15.734400
15.734400
15.734300
15.734300
15.734300
15.734300
15.734200
15.734200
15.734200
15.734200
15.734200
15.734100
15.734100
15.734100
15.734100
15.734100
15.734000
15.734000
15.734000
15.734000
15.734000
15.733900
15.733900
15.733900
15.733900
15.733900
15.733800
15.733800
15.733800
15.733800
15.733700
15.733700
15.733700
15.733700
15.733700
15.733600
15.733600
15.733600
15.733600
15.733600
15.733500
15.733500
15.733500
15.733500
15.733500
15.733400
15.733400
15.733400
15.733400
15.733400
15.733300
15.733300
15.733300
15.733300
15.733200
15.733200
15.733200
15.733200
15.733200
15.733100
15.733100
