1.369990
1.367800
1.365620
1.363450
1.361310
1.359200
1.357760
1.360890
1.371470
1.390860
1.420430
1.462190
1.520160
1.600550
1.709650
1.852060
2.029750
2.242080
2.486360
2.758680
3.054540
3.369600
3.699860
4.041810
4.392400
4.748940
5.109090
5.470800
5.832360
6.192560
6.550340
6.905110
7.256300
7.603660
7.947100
8.286410
8.621690
8.952950
9.280180
9.603490
9.922910
10.238600
10.550400
10.858700
11.163300
11.464400
11.762000
12.056100
12.346800
12.634100
12.918100
13.198700
13.476000
13.750100
14.020900
14.288500
14.552800
14.813900
15.071800
15.326500
15.578000
15.826400
16.071600
16.313600
16.552500
16.788300
17.021000
17.250500
17.476900
17.700300
17.920600
18.137700
18.351900
18.562900
18.771000
18.976000
19.178000
19.377000
19.573000
19.766100
19.956200
20.143300
20.327500
20.508800
20.687100
20.862600
21.035200
21.204900
21.371800
21.535900
21.697200
21.855700
22.011500
22.164300
22.314600
22.462200
22.607100
22.749300
22.888900
23.025800
23.160100
23.291900
23.421000
23.547700
23.671800
23.793300
23.912400
24.029000
24.143100
24.254800
24.364100
24.471000
24.575500
24.677700
24.777500
24.875000
24.970200
25.063200
25.153900
25.242300
25.328600
25.412600
25.494500
25.574200
25.651700
25.727200
25.800500
25.871800
25.941000
26.008200
26.073300
26.136400
26.197500
26.256700
26.313800
26.369100
26.422500
26.474000
26.523500
26.571200
26.617100
26.661100
26.703300
26.743700
26.782400
26.819300
26.854500
26.887900
26.919600
26.949600
26.978000
27.004600
27.029700
27.053000
27.074800
27.094900
27.113600
27.130500
27.146000
27.159900
27.172300
27.183100
27.192500
27.200400
27.206800
27.211800
27.215300
27.217300
27.218000
27.217300
27.215200
27.211700
27.206800
27.200600
27.193100
27.184200
27.174100
27.162600
27.149800
27.135800
27.120500
27.103900
27.086200
27.067200
27.047000
27.025600
27.003000
26.979200
26.954300
26.928200
26.901000
26.872700
26.843200
26.812600
26.780900
26.748200
26.714400
26.679500
26.643600
26.606600
26.568700
26.529700
26.489700
26.448600
26.406700
26.363700
26.319800
26.274900
26.229100
26.182400
26.134700
26.086100
26.036700
25.986300
25.935100
25.883000
25.830000
25.776300
25.721600
25.666200
25.609900
25.552800
25.494900
25.436200
25.376900
25.316600
25.255700
25.194000
25.131500
25.068400
25.004500
24.939900
24.874700
24.808700
24.742100
24.674700
24.606800
24.538200
24.468900
24.399000
24.328500
24.257400
24.185700
24.113400
24.040600
23.967100
23.893100
23.818500
23.743400
23.667700
23.591600
23.514900
23.437600
23.360000
23.281800
23.203100
23.123900
23.044300
22.964200
22.883700
22.802800
22.721400
22.639500
22.557300
22.474700
22.391700
22.308200
22.224500
22.140300
22.055700
21.970900
21.885600
21.800000
21.714200
21.627900
21.541400
21.454500
21.367400
21.279900
21.192200
21.104200
21.015900
20.927400
20.838600
20.749600
20.660300
20.570800
20.481000
20.391100
20.300900
20.210600
20.120000
20.029200
19.938300
19.847200
19.755900
19.664400
19.572900
19.481100
19.389200
19.297200
19.205000
19.112800
19.020400
18.927900
18.835300
18.742600
18.649800
18.557000
18.464000
18.371000
18.277900
18.184800
18.091600
17.998300
17.905100
17.811700
17.718400
17.625100
17.531700
17.438300
17.344900
17.251500
17.158100
17.064800
16.971500
16.878100
16.784900
16.691600
16.598400
16.505300
16.412100
16.319100
16.226100
16.133200
16.040400
15.947600
15.854900
15.762400
15.669900
15.577500
15.485300
15.393100
15.301100
15.209200
15.117500
15.025800
14.934300
14.843000
14.751800
14.660800
14.570000
14.479300
14.388800
14.298500
14.208300
14.118400
14.028700
13.939100
13.849800
13.760700
13.671800
13.583200
13.494700
13.406500
13.318600
13.230900
13.143400
13.056200
12.969300
12.882700
12.796300
12.710200
12.624500
12.539000
12.453700
12.368900
12.284300
12.200000
12.116100
12.032500
11.949200
11.866200
11.783600
11.701400
11.619500
11.538000
11.456700
11.375900
11.295500
11.215500
11.135800
11.056600
10.977800
10.899300
10.821300
10.743700
10.666500
10.589700
10.513300
10.437400
10.361900
10.286900
10.212300
10.138200
10.064500
9.991280
9.918540
9.846260
9.774440
9.703110
9.632290
9.561920
9.492060
9.422650
9.353740
9.285380
9.217480
9.150080
9.083190
9.016850
8.950960
8.885630
8.820800
8.756470
8.692690
8.629370
8.566660
8.504440
8.442730
8.381530
8.320870
8.260770
8.201180
8.142080
8.083540
8.025560
7.968080
7.911100
7.854670
7.798800
7.743380
7.688570
7.634210
7.580400
7.527140
7.474340
7.422100
7.370350
7.319160
7.268420
7.218240
7.168560
7.119330
7.070660
7.022490
6.974770
6.927560
6.880850
6.834640
6.788890
6.743590
6.698790
6.654490
6.610650
6.567260
6.524330
6.481840
6.439820
6.398290
6.357170
6.316450
6.276230
6.236410
6.197050
6.158090
6.119540
6.081430
6.043730
6.006430
5.969490
5.933000
5.896910
5.861220
5.825880
5.790900
5.756370
5.722140
5.688320
5.654850
5.621780
5.589010
5.556590
5.524580
5.492870
5.461460
5.430450
5.399750
5.369350
5.339300
5.309600
5.280160
5.251060
5.222220
5.193730
5.165540
5.137610
5.109970
5.082640
5.055610
5.028840
5.002340
4.976120
4.950160
4.924470
4.899040
4.873870
4.848950
4.824290
4.799870
4.775700
4.751760
4.728070
4.704610
4.681380
4.658380
4.635610
4.613060
4.590730
4.568610
4.546710
4.525010
4.503530
4.482260
4.461180
4.440310
4.419630
4.399140
4.378850
4.358750
4.338830
4.319100
4.299550
4.280180
4.260990
4.241970
4.223120
4.204450
4.185940
4.167600
4.149420
4.131400
4.113550
4.095850
4.078300
4.060910
4.043670
4.026580
4.009640
3.992840
3.976190
3.959670
3.943300
3.927060
3.910970
3.895010
3.879180
3.863480
3.847910
3.832470
3.817150
3.801970
3.786900
3.771960
3.757130
3.742430
3.727840
3.713370
3.699020
3.684770
3.670640
3.656620
3.642710
3.628910
3.615210
3.601620
3.588140
3.574750
3.561470
3.548290
3.535200
3.522220
3.509330
3.496540
3.483840
3.471230
3.458720
3.446300
3.433970
3.421730
3.409580
3.397510
3.385540
3.373640
3.361840
3.350110
3.338470
3.326910
3.315430
3.304030
3.292710
3.281470
3.270300
3.259210
3.248200
3.237260
3.226400
3.215600
3.204890
3.194240
3.183660
3.173160
3.162720
3.152350
3.142060
3.131820
3.121650
3.111550
3.101520
3.091550
3.081640
3.071800
3.062020
3.052300
3.042640
3.033050
3.023510
3.014030
3.004590
2.995230
2.985930
2.976680
2.967490
2.958360
2.949280
2.940260
2.931290
2.922380
2.913520
2.904710
2.895960
2.887260
2.878600
2.870000
2.861450
2.852950
2.844500
2.836100
2.827740
2.819440
2.811180
2.802970
2.794810
2.786690
2.778610
2.770590
2.762610
2.754670
2.746780
2.738930
2.731130
2.723370
2.715650
2.707970
2.700340
2.692740
2.685190
2.677680
2.670210
2.662780
2.655390
2.648040
2.640730
2.633460
2.626230
2.619030
2.611870
2.604750
2.597670
2.590620
2.583610
2.576640
2.569700
2.562800
2.555940
2.549100
2.542300
2.535540
2.528810
2.522130
2.515470
2.508840
2.502240
2.495680
2.489160
2.482660
2.476200
2.469770
2.463370
2.457000
2.450660
2.444360
2.438080
2.431840
2.425620
2.419440
2.413280
2.407160
2.401060
2.394990
2.388950
2.382940
2.376960
2.371010
2.365080
2.359180
2.353310
2.347470
2.341660
2.335870
2.330110
2.324370
2.318660
2.312980
2.307320
2.301690
2.296080
2.290510
2.284950
2.279420
2.273920
2.268440
2.262980
2.257550
2.252140
2.246760
2.241400
2.236070
2.230760
2.225470
2.220200
2.214960
2.209740
2.204540
2.199370
2.194210
2.189080
2.183980
2.178890
2.173830
2.168790
2.163770
2.158770
2.153790
2.148830
2.143900
2.138980
2.134090
2.129220
2.124360
2.119530
2.114710
2.109920
2.105150
2.100400
2.095660
2.090950
2.086260
2.081580
2.076920
2.072290
2.067670
2.063070
2.058490
2.053930
2.049380
2.044860
2.040350
2.035860
2.031390
2.026940
2.022500
2.018080
2.013680
2.009300
2.004940
2.000590
1.996250
1.991940
1.987640
1.983360
1.979100
1.974850
1.970620
1.966400
1.962210
1.958020
1.953860
1.949710
1.945580
1.941460
1.937360
1.933270
1.929200
1.925150
1.921100
1.917080
1.913070
1.909080
1.905100
1.901140
1.897190
1.893250
1.889330
1.885430
1.881540
1.877660
1.873800
1.869950
1.866120
1.862300
1.858490
1.854700
1.850930
1.847160
1.843410
1.839680
1.835950
1.832240
1.828550
1.824870
1.821200
1.817550
1.813900
1.810270
1.806660
1.803050
1.799470
1.795890
1.792320
1.788770
1.785230
1.781710
1.778190
1.774690
1.771200
1.767730
1.764260
1.760810
1.757370
1.753940
1.750520
1.747120
1.743730
1.740340
1.736980
1.733620
1.730270
1.726940
1.723620
1.720310
1.717010
1.713720
1.710440
1.707170
1.703920
1.700670
1.697440
1.694220
1.691010
1.687810
1.684620
1.681450
1.678280
1.675120
1.671970
1.668840
1.665710
1.662590
1.659480
1.656390
1.653310
1.650240
1.647170
1.644120
1.641080
1.638050
1.635020
1.632010
1.629010
1.626020
1.623030
1.620060
1.617100
1.614140
1.611200
1.608270
1.605350
1.602430
1.599530
1.596630
1.593740
1.590860
1.588000
1.585140
1.582290
1.579450
1.576620
1.573800
1.570980
1.568180
1.565390
1.562600
1.559820
1.557060
1.554300
1.551550
1.548810
1.546070
1.543350
1.540630
1.537920
1.535230
1.532540
1.529850
1.527180
1.524520
1.521860
1.519210
1.516580
1.513940
1.511320
1.508700
1.506100
1.503500
1.500910
1.498330
1.495750
1.493190
1.490630
1.488080
1.485540
1.483000
1.480480
1.477960
1.475440
1.472940
1.470450
1.467960
1.465480
1.463000
1.460540
1.458080
1.455630
1.453190
1.450750
1.448320
1.445900
1.443490
1.441080
1.438680
1.436290
1.433910
1.431530
1.429160
1.426800
1.424440
1.422090
1.419750
1.417420
1.415090
1.412770
1.410460
1.408150
1.405850
1.403560
1.401270
1.398990
1.396720
1.394450
1.392200
1.389940
1.387700
1.385460
1.383230
1.381000
1.378780
1.376570
1.374360
1.372160
1.369970
1.367780
1.365600
1.363440
1.361290
1.359180
1.357740
1.360870
1.371460
1.390850
1.420430
1.462190
1.520170
1.600570
1.709680
1.852090
2.029780
2.242120
2.486400
2.758700
3.054570
3.369630
3.699890
4.041840
4.392430
4.748960
5.109100
5.470800
5.832390
6.192580
6.550410
6.905110
7.256290
7.603700
7.947070
8.286420
8.621750
8.952950
9.280220
9.603510
9.922930
10.238600
10.550500
10.858700
11.163400
11.464400
11.762000
12.056100
12.346800
12.634100
12.918100
13.198800
13.476100
13.750100
14.020900
14.288500
14.552800
14.813900
15.071800
15.326500
15.578100
15.826400
16.071700
16.313700
16.552600
16.788400
17.021100
17.250600
17.477000
17.700400
17.920600
18.137800
18.352000
18.563100
18.771100
18.976100
19.178100
19.377200
19.573200
19.766200
19.956300
20.143400
20.327700
20.509000
20.687300
20.862800
21.035400
21.205100
21.372000
21.536100
21.697400
21.855900
22.011700
22.164700
22.315000
22.462500
22.607400
22.749700
22.889300
23.026200
23.160600
23.292300
23.421500
23.548100
23.672100
23.793800
23.912800
24.029400
24.143500
24.255300
24.364500
24.471500
24.576000
24.678200
24.778000
24.875500
24.970700
25.063700
25.154400
25.242800
25.329100
25.413100
25.495000
25.574700
25.652200
25.727700
25.801100
25.872300
25.941500
26.008700
26.073800
26.137000
26.198100
26.257200
26.314400
26.369700
26.423000
26.474500
26.524100
26.571800
26.617700
26.661700
26.704000
26.744400
26.783000
26.819900
26.855100
26.888500
26.920200
26.950200
26.978600
27.005300
27.030300
27.053700
27.075500
27.095700
27.114200
27.131200
27.146700
27.160600
27.173000
27.183900
27.193300
27.201200
27.207600
27.212500
27.216100
27.218100
27.218800
27.218100
27.216000
27.212500
27.207600
27.201400
27.193900
27.185100
27.174900
27.163400
27.150600
27.136600
27.121300
27.104800
27.087100
27.068100
27.047800
27.026500
27.003900
26.980100
26.955200
26.929200
26.901900
26.873600
26.844100
26.813500
26.781900
26.749200
26.715300
26.680500
26.644600
26.607600
26.569600
26.530600
26.490600
26.449600
26.407600
26.364700
26.320800
26.275900
26.230100
26.183400
26.135700
26.087200
26.037700
25.987400
25.936100
25.884000
25.831100
25.777300
25.722700
25.667200
25.611000
25.553900
25.496000
25.437400
25.377900
25.317700
25.256800
25.195100
25.132700
25.069500
25.005600
24.941100
24.875800
24.809800
24.743200
24.675900
24.608000
24.539400
24.470100
24.400200
24.329700
24.258600
24.186900
24.114600
24.041800
23.968300
23.894300
23.819700
23.744600
23.668900
23.592800
23.516100
23.438900
23.361200
23.283000
23.204300
23.125200
23.045500
22.965500
22.885000
22.804000
22.722600
22.640800
22.558600
22.476000
22.392900
22.309500
22.225700
22.141500
22.057000
21.972100
21.886900
21.801300
21.715400
21.629200
21.542700
21.455800
21.368700
21.281200
21.193500
21.105500
21.017200
20.928700
20.839900
20.750900
20.661600
20.572100
20.482300
20.392400
20.302200
20.211800
20.121300
20.030500
19.939600
19.848500
19.757200
19.665800
19.574200
19.482500
19.390500
19.298500
19.206400
19.114100
19.021700
18.929200
18.836600
18.744000
18.651000
18.558100
18.465200
18.372200
18.279100
18.186000
18.092800
17.999500
17.906300
17.813000
17.719600
17.626300
17.532900
17.439500
17.346200
17.252700
17.159400
17.066000
16.972700
16.879400
16.786000
16.692800
16.599600
16.506400
16.413300
16.320300
16.227300
16.134400
16.041600
15.948800
15.856100
15.763600
15.671100
15.578700
15.486500
15.394300
15.302300
15.210400
15.118600
15.027000
14.935500
14.844200
14.753000
14.662000
14.571200
14.480500
14.390000
14.299700
14.209500
14.119600
14.029800
13.940300
13.851000
13.761900
13.673000
13.584300
13.495900
13.407700
13.319700
13.232000
13.144600
13.057400
12.970500
12.883800
12.797500
12.711400
12.625600
12.540100
12.454900
12.370000
12.285400
12.201200
12.117200
12.033500
11.950300
11.867300
11.784800
11.702500
11.620600
11.539100
11.457900
11.377100
11.296700
11.216600
11.137000
11.057700
10.978900
10.900400
10.822400
10.744800
10.667500
10.590800
10.514400
10.438500
10.363000
10.288000
10.213400
10.139200
10.065600
9.992320
9.919590
9.847310
9.775480
9.704110
9.633290
9.562930
9.493010
9.423600
9.354750
9.286340
9.218440
9.151050
9.084150
9.017760
8.951880
8.886540
8.821660
8.757390
8.693560
8.630290
8.567530
8.505270
8.443560
8.382400
8.321750
8.261600
8.202010
8.142910
8.084380
8.026340
7.968860
7.911880
7.855460
7.799540
7.744170
7.689310
7.634950
7.581140
7.527840
7.475090
7.422840
7.371100
7.319860
7.269120
7.218940
7.169210
7.120040
7.071310
7.023140
6.975430
6.928210
6.881510
6.835250
6.789500
6.744200
6.699400
6.655100
6.611210
6.567830
6.524890
6.482410
6.440380
6.398810
6.357680
6.317010
6.276750
6.236930
6.197570
6.158610
6.120060
6.081910
6.044210
6.006910
5.970010
5.933470
5.897380
5.861650
5.826310
5.791380
5.756800
5.722570
5.688750
5.655280
5.622210
5.589440
5.557030
5.524970
5.493250
5.461900
5.430840
5.400140
5.369790
5.339690
5.309940
5.280550
5.251400
5.222610
5.194070
5.165890
5.137950
5.110370
5.082990
5.055960
5.029170
5.002670
4.976450
4.950490
4.924790
4.899360
4.874190
4.849270
4.824600
4.800180
4.776000
4.752060
4.728370
4.704900
4.681670
4.658670
4.635890
4.613340
4.591000
4.568880
4.546980
4.525290
4.503800
4.482520
4.461440
4.440560
4.419880
4.399390
4.379100
4.358990
4.339070
4.319340
4.299790
4.280410
4.261220
4.242200
4.223350
4.204670
4.186160
4.167820
4.149640
4.131620
4.113760
4.096060
4.078510
4.061110
4.043870
4.026780
4.009830
3.993030
3.976380
3.959830
3.943460
3.927220
3.911130
3.895160
3.879330
3.863630
3.848060
3.832620
3.817300
3.802110
3.787050
3.772100
3.757280
3.742570
3.727980
3.713510
3.699150
3.684910
3.670780
3.656750
3.642840
3.629030
3.615340
3.601740
3.588250
3.574870
3.561590
3.548400
3.535320
3.522330
3.509440
3.496650
3.483950
3.471350
3.458830
3.446410
3.434080
3.421840
3.409680
3.397620
3.385640
3.373740
3.361940
3.350210
3.338570
3.327010
3.315520
3.304120
3.292800
3.281560
3.270400
3.259300
3.248290
3.237350
3.226480
3.215690
3.204970
3.194330
3.183750
3.173240
3.162800
3.152430
3.142140
3.131900
3.121740
3.111630
3.101600
3.091630
3.081720
3.071880
3.062100
3.052370
3.042720
3.033120
3.023580
3.014100
3.004680
2.995320
2.986020
2.976770
2.967590
2.958450
2.949380
2.940350
2.931380
2.922470
2.913610
2.904800
2.896040
2.887340
2.878690
2.870090
2.861530
2.853030
2.844580
2.836180
2.827820
2.819520
2.811260
2.803050
2.794880
2.786760
2.778690
2.770660
2.762680
2.754750
2.746850
2.739000
2.731200
2.723440
2.715720
2.708040
2.700410
2.692810
2.685260
2.677750
2.670280
2.662850
2.655460
2.648110
2.640800
2.633520
2.626290
2.619090
2.611940
2.604810
2.597730
2.590690
2.583670
2.576700
2.569760
2.562860
2.556000
2.549160
2.542370
2.535610
2.528880
2.522180
2.515520
2.508890
2.502300
2.495740
2.489210
2.482720
2.476250
2.469820
2.463420
2.457060
2.450720
2.444410
2.438140
2.431890
2.425670
2.419490
2.413330
2.407210
2.401110
2.395040
2.389010
2.382990
2.377010
2.371060
2.365130
2.359230
2.353360
2.347520
2.341700
2.335910
2.330150
2.324420
2.318710
2.313030
2.307370
2.301740
2.296130
2.290550
2.285000
2.279470
2.273960
2.268480
2.263030
2.257600
2.252180
2.246800
2.241440
2.236110
2.230790
2.225510
2.220240
2.215000
2.209780
2.204580
2.199410
2.194260
2.189130
2.184020
2.178930
2.173870
2.168830
2.163800
2.158810
2.153830
2.148870
2.143940
2.139020
2.134130
2.129250
2.124400
2.119570
2.114750
2.109960
2.105190
2.100440
2.095700
2.090990
2.086290
2.081620
2.076960
2.072320
2.067700
2.063100
2.058520
2.053960
2.049420
2.044890
2.040380
2.035890
2.031420
2.026970
2.022530
2.018120
2.013720
2.009330
2.004970
2.000620
1.996290
1.991970
1.987670
1.983400
1.979130
1.974880
1.970650
1.966440
1.962240
1.958060
1.953890
1.949740
1.945610
1.941470
1.937380
1.933290
1.929220
1.925160
1.921120
1.917100
1.913090
1.909090
1.905110
1.901150
1.897200
1.893270
1.889340
1.885440
1.881550
1.877670
1.873810
1.869970
1.866130
1.862310
1.858510
1.854720
1.850940
1.847180
1.843430
1.839690
1.835970
1.832260
1.828560
1.824880
1.821210
1.817560
1.813920
1.810290
1.806670
1.803070
1.799480
1.795900
1.792340
1.788780
1.785250
1.781720
1.778200
1.774700
1.771210
1.767730
1.764270
1.760820
1.757380
1.753950
1.750530
1.747130
1.743740
1.740350
1.736990
1.733630
1.730280
1.726950
1.723630
1.720320
1.717010
1.713730
1.710450
1.707180
1.703930
1.700690
1.697460
1.694230
1.691020
1.687820
1.684630
1.681450
1.678290
1.675130
1.671990
1.668850
1.665730
1.662610
1.659500
1.656410
1.653330
1.650260
1.647190
1.644140
1.641100
1.638070
1.635040
1.632030
1.629030
1.626040
1.623050
1.620080
1.617120
1.614160
1.611220
1.608290
1.605360
1.602450
1.599540
1.596650
1.593760
1.590890
1.588020
1.585160
1.582310
1.579470
1.576640
1.573820
1.571000
1.568200
1.565400
1.562620
1.559840
1.557070
1.554310
1.551570
1.548820
1.546090
1.543370
1.540650
1.537940
1.535240
1.532550
1.529870
1.527200
1.524540
1.521880
1.519230
1.516590
1.513960
1.511340
1.508720
1.506110
1.503520
1.500930
1.498340
1.495770
1.493200
1.490650
1.488100
1.485550
1.483020
1.480490
1.477970
1.475460
1.472960
1.470460
1.467970
1.465490
1.463020
1.460550
1.458100
1.455650
1.453200
1.450760
1.448340
1.445920
1.443510
1.441090
1.438700
1.436310
1.433920
1.431550
1.429180
1.426810
1.424450
1.422110
1.419770
1.417430
1.415100
1.412780
1.410470
1.408160
1.405860
1.403570
1.401290
1.399010
1.396730
1.394470
1.392210
1.389960
1.387710
1.385470
1.383240
1.381010
1.378790
1.376580
1.374370
1.372170
1.369980
1.367800
1.365620
1.363450
1.361300
1.359190
1.357750
1.360880
1.371460
1.390850
1.420420
1.462170
1.520140
1.600530
1.709630
1.852030
2.029720
2.242040
2.486320
2.758600
3.054450
3.369490
3.699730
4.041670
4.392240
4.748760
5.108880
5.470580
5.832170
6.192300
6.550120
6.904810
7.255980
7.603330
7.946750
8.286050
8.621310
8.952550
9.279770
9.603050
9.922470
10.238100
10.550000
10.858200
11.162800
11.463900
11.761400
12.055500
12.346200
12.633500
12.917500
13.198100
13.475400
13.749500
14.020300
14.287800
14.552100
14.813200
15.071100
15.325800
15.577300
15.825700
16.070800
16.312900
16.551800
16.787600
17.020200
17.249700
17.476200
17.699500
17.919800
18.136900
18.351100
18.562100
18.770100
18.975200
19.177200
19.376100
19.572200
19.765200
19.955300
20.142400
20.326600
20.507900
20.686200
20.861700
21.034200
21.204000
21.370900
21.535000
21.696300
21.854800
22.010600
22.163600
22.313900
22.461400
22.606300
22.748500
22.888100
23.025100
23.159400
23.291100
23.420300
23.546900
23.671000
23.792500
23.911600
24.028200
24.142400
24.254000
24.363300
24.470200
24.574700
24.676900
24.776700
24.874200
24.969500
25.062400
25.153100
25.241600
25.327800
25.411800
25.493700
25.573400
25.650900
25.726400
25.799800
25.871000
25.940200
26.007300
26.072500
26.135600
26.196700
26.255900
26.313100
26.368400
26.421700
26.473200
26.522700
26.570500
26.616300
26.660400
26.702600
26.743000
26.781700
26.818600
26.853700
26.887200
26.918900
26.948900
26.977200
27.003900
27.028900
27.052300
27.074100
27.094200
27.112800
27.129900
27.145300
27.159200
27.171600
27.182500
27.191800
27.199700
27.206100
27.211100
27.214600
27.216700
27.217400
27.216600
27.214500
27.211000
27.206200
27.200000
27.192500
27.183600
27.173400
27.162000
27.149200
27.135200
27.119900
27.103400
27.085600
27.066600
27.046400
27.025000
27.002400
26.978700
26.953700
26.927700
26.900500
26.872200
26.842700
26.812100
26.780400
26.747700
26.713900
26.679000
26.643100
26.606100
26.568200
26.529200
26.489200
26.448200
26.406200
26.363200
26.319300
26.274500
26.228600
26.181900
26.134300
26.085700
26.036300
25.985900
25.934700
25.882600
25.829700
25.775900
25.721200
25.665800
25.609500
25.552400
25.494400
25.435700
25.376300
25.316100
25.255200
25.193500
25.131100
25.067900
25.004000
24.939400
24.874200
24.808200
24.741600
24.674300
24.606300
24.537700
24.468500
24.398600
24.328200
24.257000
24.185300
24.113000
24.040200
23.966700
23.892700
23.818100
23.743000
23.667400
23.591200
23.514500
23.437300
23.359600
23.281400
23.202800
23.123600
23.044000
22.963900
22.883400
22.802500
22.721100
22.639300
22.557100
22.474400
22.391400
22.308000
22.224200
22.140100
22.055500
21.970600
21.885400
21.799900
21.713900
21.627700
21.541200
21.454300
21.367200
21.279800
21.192000
21.104100
21.015800
20.927200
20.838500
20.749400
20.660100
20.570600
20.480900
20.390900
20.300800
20.210500
20.119900
20.029100
19.938200
19.847100
19.755800
19.664300
19.572800
19.481000
19.389200
19.297100
19.205000
19.112700
19.020300
18.927800
18.835300
18.742600
18.649800
18.556900
18.464000
18.371000
18.277900
18.184800
18.091600
17.998300
17.905100
17.811800
17.718400
17.625100
17.531700
17.438300
17.345000
17.251600
17.158200
17.064800
16.971500
16.878200
16.784900
16.691700
16.598400
16.505300
16.412200
16.319200
16.226200
16.133300
16.040500
15.947700
15.855000
15.762500
15.670000
15.577600
15.485400
15.393200
15.301200
15.209300
15.117600
15.026000
14.934500
14.843200
14.751900
14.660900
14.570100
14.479400
14.388900
14.298600
14.208500
14.118500
14.028800
13.939300
13.849900
13.760900
13.672000
13.583300
13.494800
13.406700
13.318700
13.231100
13.143600
13.056400
12.969500
12.882900
12.796500
12.710400
12.624600
12.539100
12.453900
12.369100
12.284400
12.200200
12.116200
12.032600
11.949400
11.866400
11.783800
11.701600
11.619700
11.538200
11.457000
11.376200
11.295800
11.215800
11.136100
11.056900
10.978000
10.899600
10.821500
10.743900
10.666700
10.590000
10.513600
10.437700
10.362200
10.287200
10.212600
10.138400
10.064800
9.991550
9.918820
9.846490
9.774720
9.703350
9.632530
9.562170
9.492250
9.422900
9.353990
9.285590
9.217690
9.150300
9.083450
9.017070
8.951180
8.885850
8.821020
8.756700
8.692870
8.629610
8.566840
8.504630
8.442920
8.381770
8.321070
8.260970
8.201380
8.142290
8.083750
8.025770
7.968240
7.911310
7.854890
7.798970
7.743600
7.688740
7.634380
7.580580
7.527320
7.474530
7.422280
7.370540
7.319300
7.268620
7.218380
7.168710
7.119530
7.070810
7.022640
6.974930
6.927710
6.881000
6.834750
6.789000
6.743750
6.698950
6.654610
6.610770
6.567380
6.524450
6.481970
6.439940
6.398370
6.357250
6.316580
6.276310
6.236500
6.197140
6.158180
6.119630
6.081520
6.043820
6.006480
5.969580
5.933090
5.897000
5.861270
5.825940
5.790960
5.756380
5.722210
5.688340
5.654920
5.621800
5.589030
5.556620
5.524610
5.492900
5.461490
5.430480
5.399780
5.369380
5.339330
5.309590
5.280190
5.251050
5.222260
5.193720
5.165540
5.137600
5.110020
5.082690
5.055610
5.028840
5.002340
4.976120
4.950160
4.924470
4.899040
4.873870
4.848950
4.824280
4.799860
4.775690
4.751760
4.728060
4.704600
4.681370
4.658370
4.635590
4.613040
4.590710
4.568590
4.546690
4.525000
4.503510
4.482240
4.461160
4.440290
4.419600
4.399120
4.378830
4.358720
4.338810
4.319080
4.299530
4.280150
4.260960
4.241940
4.223090
4.204420
4.185910
4.167570
4.149390
4.131370
4.113510
4.095810
4.078270
4.060880
4.043630
4.026550
4.009600
3.992800
3.976150
3.959630
3.943260
3.927030
3.910930
3.894970
3.879140
3.863440
3.847870
3.832420
3.817110
3.801920
3.786860
3.771910
3.757090
3.742390
3.727800
3.713330
3.698970
3.684730
3.670600
3.656580
3.642670
3.628860
3.615170
3.601580
3.588090
3.574700
3.561420
3.548230
3.535150
3.522170
3.509280
3.496490
3.483790
3.471190
3.458670
3.446250
3.433920
3.421680
3.409530
3.397460
3.385480
3.373590
3.361780
3.350060
3.338420
3.326860
3.315380
3.303980
3.292660
3.281410
3.270250
3.259160
3.248150
3.237210
3.226340
3.215550
3.204830
3.194190
3.183610
3.173100
3.162670
3.152300
3.142000
3.131770
3.121600
3.111500
3.101470
3.091490
3.081590
3.071740
3.061970
3.052250
3.042590
3.032990
3.023450
3.013970
3.004560
2.995190
2.985890
2.976650
2.967460
2.958330
2.949250
2.940230
2.931260
2.922350
2.913490
2.904680
2.895920
2.887220
2.878570
2.869970
2.861420
2.852920
2.844460
2.836060
2.827710
2.819400
2.811150
2.802930
2.794770
2.786650
2.778580
2.770550
2.762570
2.754640
2.746750
2.738900
2.731090
2.723330
2.715610
2.707930
2.700300
2.692710
2.685160
2.677640
2.670170
2.662750
2.655360
2.648000
2.640700
2.633420
2.626190
2.618990
2.611830
2.604710
2.597630
2.590580
2.583570
2.576600
2.569670
2.562760
2.555900
2.549070
2.542270
2.535510
2.528780
2.522090
2.515430
2.508800
2.502210
2.495650
2.489120
2.482630
2.476160
2.469730
2.463330
2.456960
2.450630
2.444320
2.438040
2.431800
2.425590
2.419400
2.413240
2.407120
2.401020
2.394950
2.388920
2.382910
2.376920
2.370970
2.365050
2.359150
2.353280
2.347440
2.341620
2.335830
2.330070
2.324330
2.318630
2.312940
2.307290
2.301640
2.296030
2.290450
2.284900
2.279370
2.273860
2.268380
2.262930
2.257500
2.252090
2.246710
2.241350
2.236010
2.230700
2.225410
2.220150
2.214900
2.209690
2.204490
2.199320
2.194160
2.189030
2.183930
2.178840
2.173780
2.168740
2.163720
2.158720
2.153740
2.148780
2.143850
2.138930
2.134040
2.129160
2.124310
2.119480
2.114660
2.109870
2.105100
2.100350
2.095610
2.090900
2.086210
2.081530
2.076870
2.072240
2.067620
2.063020
2.058440
2.053880
2.049330
2.044810
2.040300
2.035810
2.031340
2.026890
2.022450
2.018030
2.013630
2.009250
2.004890
2.000540
1.996210
1.991890
1.987600
1.983310
1.979050
1.974800
1.970570
1.966360
1.962160
1.957980
1.953810
1.949670
1.945530
1.941410
1.937310
1.933230
1.929160
1.925100
1.921060
1.917040
1.913020
1.909030
1.905050
1.901090
1.897140
1.893200
1.889290
1.885380
1.881490
1.877620
1.873750
1.869910
1.866070
1.862260
1.858450
1.854660
1.850880
1.847120
1.843370
1.839630
1.835910
1.832200
1.828510
1.824820
1.821160
1.817500
1.813860
1.810230
1.806610
1.803010
1.799420
1.795850
1.792280
1.788730
1.785190
1.781660
1.778150
1.774650
1.771160
1.767680
1.764220
1.760770
1.757320
1.753900
1.750480
1.747080
1.743680
1.740300
1.736930
1.733580
1.730230
1.726900
1.723580
1.720260
1.716960
1.713680
1.710400
1.707130
1.703880
1.700630
1.697400
1.694180
1.690970
1.687770
1.684580
1.681400
1.678240
1.675080
1.671940
1.668800
1.665670
1.662560
1.659460
1.656360
1.653280
1.650210
1.647150
1.644090
1.641050
1.638020
1.635000
1.631990
1.628980
1.625990
1.623010
1.620030
1.617070
1.614120
1.611180
1.608240
1.605320
1.602400
1.599500
1.596600
1.593720
1.590840
1.587970
1.585110
1.582260
1.579430
1.576590
1.573770
1.570960
1.568160
1.565360
1.562570
1.559800
1.557030
1.554270
1.551520
1.548780
1.546050
1.543320
1.540610
1.537900
1.535200
1.532510
1.529830
1.527160
1.524490
1.521840
1.519190
1.516550
1.513920
1.511300
1.508680
1.506080
1.503480
1.500890
1.498310
1.495730
1.493160
1.490610
1.488050
1.485510
1.482980
1.480450
1.477930
1.475420
1.472920
1.470420
1.467940
1.465450
1.462980
1.460520
1.458060
1.455600
1.453160
1.450730
1.448300
1.445880
1.443460
1.441060
1.438660
1.436270
1.433890
1.431510
1.429140
1.426770
1.424420
1.422070
1.419730
1.417400
1.415070
1.412750
1.410440
1.408130
1.405820
1.403530
1.401240
1.398960
1.396690
1.394420
1.392160
1.389910
1.387670
1.385430
1.383190
1.380970
1.378750
1.376540
1.374330
1.372130
1.369940
