0.092912
0.092899
0.092887
0.092875
0.092862
0.092850
0.092838
0.092826
0.092814
0.092802
0.092791
0.092779
0.092767
0.092755
0.092744
0.092732
0.092721
0.092710
0.092698
0.092687
0.092676
0.092665
0.092654
0.092643
0.092632
0.092621
0.092610
0.092599
0.092588
0.092578
0.092567
0.092557
0.092546
0.092536
0.092525
0.092515
0.092505
0.092495
0.092484
0.092474
0.092464
0.092454
0.092444
0.092435
0.092425
0.092415
0.092405
0.092396
0.092386
0.092376
0.092367
0.092357
0.092348
0.092339
0.092329
0.092320
0.092311
0.092302
0.092292
0.092283
0.092274
0.092265
0.092256
0.092248
0.092239
0.092230
0.092221
0.092213
0.092204
0.092195
0.092187
0.092178
0.092170
0.092161
0.092153
0.092145
0.092136
0.092128
0.092120
0.092112
0.092104
0.092096
0.092088
0.092080
0.092072
0.092064
0.092056
0.092049
0.092041
0.092033
0.092025
0.092018
0.092010
0.092003
0.091995
0.091988
0.091980
0.091973
0.091966
0.091958
0.091951
0.091946
0.091943
0.091942
0.091946
0.091960
0.092426
0.093391
0.094562
0.095952
0.097578
0.099468
0.101691
0.104391
0.107847
0.112621
0.119930
0.132652
0.157201
0.200004
0.252310
0.301617
0.344603
0.380965
0.410797
0.434552
0.453038
0.467232
0.478080
0.486383
0.492775
0.497735
0.501617
0.504678
0.507106
0.509040
0.510579
0.511799
0.512755
0.513489
0.514032
0.514410
0.514641
0.514740
0.514721
0.514592
0.514361
0.514037
0.513624
0.513128
0.512553
0.511903
0.511181
0.510393
0.509539
0.508624
0.507649
0.506617
0.505532
0.504394
0.503207
0.501972
0.500691
0.499366
0.497999
0.496592
0.495147
0.493665
0.492147
0.490596
0.489013
0.487399
0.485756
0.484085
0.482387
0.480664
0.478917
0.477147
0.475355
0.473543
0.471711
0.469861
0.467993
0.466109
0.464209
0.462295
0.460367
0.458427
0.456474
0.454511
0.452537
0.450553
0.448561
0.446560
0.444552
0.442537
0.440516
0.438489
0.436457
0.434421
0.432380
0.430336
0.428289
0.426239
0.424187
0.422133
0.420077
0.418020
0.415963
0.413905
0.411846
0.409787
0.407728
0.405670
0.403612
0.401554
0.399497
0.397440
0.395385
0.393330
0.391275
0.389221
0.387168
0.385115
0.383062
0.381010
0.378957
0.376904
0.374850
0.372796
0.370741
0.368684
0.366626
0.364565
0.362503
0.360437
0.358370
0.356299
0.354225
0.352148
0.350068
0.347985
0.345899
0.343811
0.341721
0.339631
0.337539
0.335448
0.333358
0.331270
0.329184
0.327103
0.325025
0.322951
0.320882
0.318815
0.316750
0.314686
0.312621
0.310555
0.308489
0.306423
0.304357
0.302293
0.300232
0.298175
0.296125
0.294086
0.292063
0.290061
0.288088
0.286147
0.284241
0.282371
0.280535
0.278733
0.276963
0.275223
0.273513
0.271829
0.270172
0.268539
0.266930
0.265344
0.263781
0.262238
0.260716
0.259214
0.257732
0.256268
0.254823
0.253397
0.251988
0.250596
0.249221
0.247863
0.246521
0.245195
0.243885
0.242590
0.241310
0.240045
0.238794
0.237558
0.236336
0.235127
0.233933
0.232751
0.231583
0.230427
0.229285
0.228155
0.227037
0.225931
0.224837
0.223755
0.222685
0.221625
0.220578
0.219541
0.218515
0.217500
0.216495
0.215501
0.214517
0.213543
0.212579
0.211625
0.210681
0.209746
0.208821
0.207904
0.206998
0.206100
0.205211
0.204331
0.203459
0.202597
0.201742
0.200896
0.200059
0.199229
0.198407
0.197594
0.196788
0.195990
0.195199
0.194416
0.193641
0.192872
0.192111
0.191358
0.190611
0.189871
0.189138
0.188412
0.187693
0.186980
0.186274
0.185574
0.184881
0.184194
0.183513
0.182839
0.182171
0.181508
0.180852
0.180201
0.179557
0.178918
0.178285
0.177657
0.177035
0.176419
0.175808
0.175202
0.174602
0.174006
0.173416
0.172832
0.172252
0.171677
0.171108
0.170543
0.169983
0.169428
0.168877
0.168332
0.167791
0.167254
0.166722
0.166195
0.165672
0.165153
0.164639
0.164129
0.163624
0.163122
0.162625
0.162132
0.161643
0.161158
0.160677
0.160200
0.159727
0.159258
0.158793
0.158331
0.157873
0.157419
0.156969
0.156522
0.156079
0.155639
0.155203
0.154771
0.154342
0.153916
0.153494
0.153075
0.152659
0.152247
0.151838
0.151432
0.151030
0.150630
0.150234
0.149841
0.149451
0.149064
0.148680
0.148299
0.147921
0.147546
0.147173
0.146804
0.146438
0.146074
0.145713
0.145355
0.144999
0.144647
0.144297
0.143949
0.143605
0.143263
0.142923
0.142586
0.142252
0.141920
0.141591
0.141264
0.140939
0.140617
0.140298
0.139980
0.139665
0.139353
0.139043
0.138735
0.138429
0.138126
0.137824
0.137525
0.137229
0.136934
0.136642
0.136351
0.136063
0.135777
0.135493
0.135211
0.134931
0.134653
0.134378
0.134104
0.133832
0.133562
0.133294
0.133028
0.132764
0.132501
0.132241
0.131982
0.131726
0.131471
0.131218
0.130966
0.130717
0.130469
0.130223
0.129979
0.129736
0.129495
0.129256
0.129019
0.128783
0.128549
0.128316
0.128085
0.127856
0.127628
0.127402
0.127178
0.126955
0.126733
0.126513
0.126295
0.126078
0.125862
0.125648
0.125436
0.125225
0.125015
0.124807
0.124600
0.124395
0.124191
0.123988
0.123787
0.123587
0.123389
0.123192
0.122996
0.122802
0.122608
0.122417
0.122226
0.122037
0.121849
0.121662
0.121476
0.121292
0.121109
0.120927
0.120747
0.120567
0.120389
0.120212
0.120036
0.119861
0.119688
0.119515
0.119344
0.119174
0.119005
0.118837
0.118670
0.118504
0.118340
0.118176
0.118014
0.117852
0.117692
0.117533
0.117374
0.117217
0.117061
0.116906
0.116751
0.116598
0.116446
0.116295
0.116144
0.115995
0.115847
0.115699
0.115553
0.115407
0.115263
0.115119
0.114976
0.114835
0.114694
0.114554
0.114415
0.114276
0.114139
0.114002
0.113867
0.113732
0.113598
0.113465
0.113333
0.113202
0.113071
0.112941
0.112812
0.112684
0.112557
0.112431
0.112305
0.112180
0.112056
0.111933
0.111810
0.111688
0.111567
0.111447
0.111327
0.111208
0.111090
0.110973
0.110856
0.110741
0.110625
0.110511
0.110397
0.110284
0.110172
0.110060
0.109949
0.109839
0.109730
0.109621
0.109512
0.109405
0.109298
0.109192
0.109086
0.108981
0.108877
0.108773
0.108670
0.108568
0.108466
0.108365
0.108264
0.108164
0.108065
0.107966
0.107868
0.107770
0.107673
0.107577
0.107481
0.107386
0.107291
0.107197
0.107104
0.107011
0.106919
0.106827
0.106736
0.106645
0.106555
0.106465
0.106376
0.106288
0.106199
0.106112
0.106025
0.105939
0.105853
0.105767
0.105682
0.105598
0.105514
0.105431
0.105348
0.105265
0.105183
0.105102
0.105021
0.104941
0.104861
0.104781
0.104702
0.104623
0.104545
0.104468
0.104390
0.104314
0.104237
0.104162
0.104086
0.104011
0.103937
0.103863
0.103789
0.103716
0.103643
0.103571
0.103499
0.103427
0.103356
0.103285
0.103215
0.103145
0.103076
0.103007
0.102938
0.102870
0.102802
0.102735
0.102668
0.102601
0.102535
0.102469
0.102403
0.102338
0.102273
0.102209
0.102145
0.102081
0.102018
0.101955
0.101893
0.101830
0.101769
0.101707
0.101646
0.101585
0.101525
0.101465
0.101405
0.101346
0.101287
0.101228
0.101170
0.101112
0.101054
0.100997
0.100940
0.100883
0.100827
0.100770
0.100715
0.100659
0.100604
0.100549
0.100495
0.100441
0.100387
0.100333
0.100280
0.100227
0.100175
0.100122
0.100070
0.100018
0.099967
0.099916
0.099865
0.099814
0.099764
0.099714
0.099664
0.099615
0.099566
0.099517
0.099468
0.099420
0.099372
0.099324
0.099277
0.099229
0.099182
0.099136
0.099089
0.099043
0.098997
0.098951
0.098906
0.098861
0.098816
0.098771
0.098727
0.098682
0.098638
0.098595
0.098551
0.098508
0.098465
0.098422
0.098380
0.098338
0.098296
0.098254
0.098213
0.098171
0.098130
0.098089
0.098049
0.098008
0.097968
0.097928
0.097889
0.097849
0.097810
0.097771
0.097732
0.097693
0.097655
0.097617
0.097579
0.097541
0.097503
0.097466
0.097429
0.097392
0.097355
0.097319
0.097282
0.097246
0.097210
0.097175
0.097139
0.097104
0.097069
0.097034
0.096999
0.096964
0.096930
0.096896
0.096862
0.096828
0.096794
0.096761
0.096728
0.096695
0.096662
0.096629
0.096597
0.096564
0.096532
0.096500
0.096468
0.096437
0.096405
0.096374
0.096343
0.096312
0.096281
0.096250
0.096220
0.096190
0.096159
0.096129
0.096100
0.096070
0.096041
0.096011
0.095982
0.095953
0.095924
0.095896
0.095867
0.095839
0.095811
0.095783
0.095755
0.095727
0.095699
0.095672
0.095645
0.095617
0.095591
0.095564
0.095537
0.095510
0.095484
0.095458
0.095432
0.095406
0.095380
0.095354
0.095328
0.095303
0.095278
0.095253
0.095228
0.095203
0.095178
0.095154
0.095129
0.095105
0.095080
0.095056
0.095033
0.095009
0.094985
0.094961
0.094938
0.094915
0.094892
0.094868
0.094845
0.094823
0.094800
0.094778
0.094755
0.094733
0.094711
0.094689
0.094667
0.094645
0.094623
0.094601
0.094580
0.094559
0.094537
0.094516
0.094495
0.094474
0.094453
0.094433
0.094412
0.094392
0.094371
0.094351
0.094331
0.094311
0.094291
0.094271
0.094252
0.094232
0.094213
0.094193
0.094174
0.094155
0.094136
0.094117
0.094098
0.094079
0.094060
0.094042
0.094023
0.094005
0.093987
0.093968
0.093950
0.093932
0.093915
0.093897
0.093879
0.093862
0.093844
0.093827
0.093809
0.093792
0.093775
0.093758
0.093741
0.093724
0.093707
0.093691
0.093674
0.093658
0.093641
0.093625
0.093609
0.093593
0.093576
0.093561
0.093545
0.093529
0.093513
0.093498
0.093482
0.093467
0.093451
0.093436
0.093421
0.093406
0.093391
0.093376
0.093361
0.093346
0.093331
0.093316
0.093302
0.093287
0.093273
0.093259
0.093244
0.093230
0.093216
0.093202
0.093188
0.093174
0.093161
0.093147
0.093133
0.093119
0.093106
0.093093
0.093079
0.093066
0.093053
0.093039
0.093026
0.093013
0.093000
0.092988
0.092975
0.092962
0.092949
0.092937
0.092924
0.092912
0.092899
0.092887
0.092875
0.092863
0.092851
0.092838
0.092826
0.092815
0.092803
0.092791
0.092779
0.092767
0.092756
0.092744
0.092733
0.092721
0.092710
0.092699
0.092687
0.092676
0.092665
0.092654
0.092643
0.092632
0.092621
0.092610
0.092599
0.092589
0.092578
0.092567
0.092557
0.092546
0.092536
0.092526
0.092515
0.092505
0.092495
0.092485
0.092475
0.092464
0.092454
0.092445
0.092435
0.092425
0.092415
0.092405
0.092396
0.092386
0.092377
0.092367
0.092358
0.092348
0.092339
0.092329
0.092320
0.092311
0.092302
0.092293
0.092284
0.092274
0.092266
0.092257
0.092248
0.092239
0.092230
0.092221
0.092213
0.092204
0.092195
0.092187
0.092179
0.092170
0.092162
0.092153
0.092145
0.092137
0.092129
0.092120
0.092112
0.092104
0.092096
0.092088
0.092080
0.092072
0.092064
0.092056
0.092049
0.092041
0.092033
0.092026
0.092018
0.092010
0.092003
0.091995
0.091988
0.091981
0.091973
0.091966
0.091958
0.091951
0.091946
0.091943
0.091942
0.091946
0.091961
0.092426
0.093391
0.094562
0.095952
0.097578
0.099468
0.101691
0.104391
0.107847
0.112621
0.119931
0.132653
0.157211
0.200019
0.252342
0.301678
0.344668
0.381032
0.410865
0.434617
0.453101
0.467293
0.478138
0.486438
0.492829
0.497787
0.501667
0.504727
0.507155
0.509088
0.510627
0.511846
0.512802
0.513535
0.514078
0.514456
0.514687
0.514786
0.514766
0.514637
0.514407
0.514082
0.513669
0.513173
0.512597
0.511947
0.511226
0.510437
0.509584
0.508668
0.507693
0.506662
0.505576
0.504438
0.503251
0.502015
0.500734
0.499409
0.498042
0.496635
0.495190
0.493707
0.492190
0.490638
0.489055
0.487441
0.485798
0.484126
0.482428
0.480705
0.478958
0.477187
0.475395
0.473583
0.471751
0.469900
0.468032
0.466148
0.464248
0.462333
0.460405
0.458464
0.456511
0.454548
0.452573
0.450589
0.448597
0.446596
0.444587
0.442572
0.440551
0.438524
0.436491
0.434454
0.432414
0.430369
0.428322
0.426272
0.424219
0.422165
0.420109
0.418052
0.415994
0.413935
0.411876
0.409817
0.407758
0.405699
0.403641
0.401583
0.399525
0.397469
0.395413
0.393357
0.391302
0.389248
0.387195
0.385141
0.383088
0.381035
0.378982
0.376929
0.374875
0.372821
0.370765
0.368708
0.366649
0.364589
0.362526
0.360460
0.358392
0.356321
0.354247
0.352170
0.350089
0.348006
0.345920
0.343832
0.341742
0.339651
0.337559
0.335468
0.333377
0.331289
0.329203
0.327121
0.325043
0.322970
0.320900
0.318833
0.316767
0.314703
0.312638
0.310572
0.308506
0.306439
0.304373
0.302309
0.300247
0.298190
0.296140
0.294101
0.292077
0.290076
0.288103
0.286162
0.284255
0.282385
0.280549
0.278747
0.276976
0.275237
0.273526
0.271842
0.270185
0.268552
0.266943
0.265357
0.263793
0.262250
0.260728
0.259226
0.257743
0.256280
0.254835
0.253408
0.251999
0.250607
0.249232
0.247874
0.246532
0.245205
0.243895
0.242600
0.241320
0.240055
0.238804
0.237568
0.236345
0.235137
0.233942
0.232760
0.231592
0.230437
0.229294
0.228163
0.227046
0.225940
0.224846
0.223764
0.222693
0.221634
0.220586
0.219549
0.218523
0.217507
0.216503
0.215508
0.214524
0.213550
0.212586
0.211632
0.210688
0.209753
0.208828
0.207912
0.207005
0.206107
0.205218
0.204338
0.203466
0.202603
0.201749
0.200903
0.200065
0.199235
0.198414
0.197600
0.196794
0.195996
0.195205
0.194422
0.193646
0.192878
0.192117
0.191363
0.190616
0.189877
0.189144
0.188418
0.187698
0.186985
0.186279
0.185579
0.184886
0.184199
0.183518
0.182844
0.182176
0.181513
0.180857
0.180206
0.179562
0.178923
0.178289
0.177662
0.177040
0.176423
0.175812
0.175206
0.174606
0.174011
0.173421
0.172836
0.172256
0.171681
0.171112
0.170547
0.169987
0.169432
0.168881
0.168336
0.167794
0.167258
0.166726
0.166199
0.165676
0.165157
0.164643
0.164133
0.163627
0.163126
0.162629
0.162136
0.161647
0.161162
0.160681
0.160204
0.159730
0.159261
0.158796
0.158334
0.157876
0.157422
0.156972
0.156525
0.156082
0.155642
0.155206
0.154774
0.154345
0.153919
0.153497
0.153078
0.152662
0.152250
0.151841
0.151435
0.151033
0.150633
0.150237
0.149844
0.149454
0.149067
0.148682
0.148301
0.147923
0.147548
0.147176
0.146807
0.146440
0.146076
0.145715
0.145357
0.145002
0.144649
0.144299
0.143952
0.143607
0.143265
0.142925
0.142588
0.142254
0.141922
0.141593
0.141266
0.140941
0.140619
0.140300
0.139982
0.139667
0.139355
0.139045
0.138737
0.138431
0.138127
0.137826
0.137527
0.137231
0.136936
0.136643
0.136353
0.136065
0.135779
0.135495
0.135213
0.134933
0.134655
0.134379
0.134105
0.133833
0.133563
0.133295
0.133029
0.132765
0.132503
0.132242
0.131984
0.131727
0.131472
0.131219
0.130968
0.130718
0.130470
0.130224
0.129980
0.129738
0.129497
0.129258
0.129020
0.128784
0.128550
0.128317
0.128087
0.127857
0.127629
0.127403
0.127179
0.126956
0.126734
0.126514
0.126296
0.126079
0.125863
0.125649
0.125437
0.125226
0.125016
0.124808
0.124601
0.124396
0.124192
0.123989
0.123788
0.123588
0.123390
0.123193
0.122997
0.122802
0.122609
0.122417
0.122227
0.122038
0.121849
0.121663
0.121477
0.121293
0.121110
0.120928
0.120747
0.120568
0.120390
0.120213
0.120037
0.119862
0.119688
0.119516
0.119345
0.119175
0.119006
0.118838
0.118671
0.118505
0.118340
0.118177
0.118014
0.117853
0.117693
0.117533
0.117375
0.117218
0.117061
0.116906
0.116752
0.116599
0.116446
0.116295
0.116145
0.115996
0.115847
0.115700
0.115553
0.115408
0.115263
0.115120
0.114977
0.114835
0.114694
0.114554
0.114415
0.114277
0.114139
0.114003
0.113867
0.113733
0.113599
0.113466
0.113333
0.113202
0.113071
0.112942
0.112813
0.112685
0.112557
0.112431
0.112305
0.112180
0.112056
0.111933
0.111810
0.111688
0.111567
0.111447
0.111328
0.111209
0.111091
0.110973
0.110857
0.110741
0.110626
0.110511
0.110398
0.110284
0.110172
0.110061
0.109950
0.109839
0.109730
0.109621
0.109513
0.109405
0.109298
0.109192
0.109086
0.108981
0.108877
0.108773
0.108670
0.108568
0.108466
0.108365
0.108264
0.108164
0.108065
0.107966
0.107868
0.107770
0.107674
0.107577
0.107481
0.107386
0.107292
0.107197
0.107104
0.107011
0.106919
0.106827
0.106736
0.106645
0.106555
0.106465
0.106376
0.106287
0.106199
0.106112
0.106025
0.105939
0.105853
0.105767
0.105682
0.105598
0.105514
0.105431
0.105348
0.105265
0.105183
0.105102
0.105021
0.104940
0.104860
0.104781
0.104702
0.104623
0.104545
0.104467
0.104390
0.104314
0.104237
0.104161
0.104086
0.104011
0.103937
0.103862
0.103789
0.103716
0.103643
0.103570
0.103499
0.103427
0.103356
0.103285
0.103215
0.103145
0.103076
0.103007
0.102938
0.102870
0.102802
0.102734
0.102667
0.102601
0.102534
0.102469
0.102403
0.102338
0.102273
0.102209
0.102145
0.102081
0.102018
0.101955
0.101892
0.101830
0.101768
0.101707
0.101646
0.101585
0.101525
0.101465
0.101405
0.101345
0.101286
0.101228
0.101169
0.101111
0.101054
0.100996
0.100939
0.100883
0.100826
0.100770
0.100714
0.100659
0.100604
0.100549
0.100495
0.100440
0.100387
0.100333
0.100280
0.100227
0.100174
0.100122
0.100070
0.100018
0.099967
0.099916
0.099865
0.099814
0.099764
0.099714
0.099664
0.099615
0.099565
0.099516
0.099468
0.099419
0.099371
0.099324
0.099276
0.099229
0.099182
0.099135
0.099089
0.099042
0.098997
0.098951
0.098905
0.098860
0.098815
0.098771
0.098726
0.098682
0.098638
0.098594
0.098551
0.098508
0.098465
0.098422
0.098380
0.098337
0.098295
0.098254
0.098212
0.098171
0.098130
0.098089
0.098048
0.098008
0.097968
0.097928
0.097888
0.097849
0.097809
0.097770
0.097731
0.097693
0.097654
0.097616
0.097578
0.097541
0.097503
0.097465
0.097428
0.097391
0.097355
0.097318
0.097282
0.097246
0.097210
0.097174
0.097139
0.097103
0.097068
0.097033
0.096998
0.096964
0.096929
0.096895
0.096861
0.096827
0.096794
0.096760
0.096727
0.096694
0.096661
0.096628
0.096596
0.096564
0.096531
0.096499
0.096468
0.096436
0.096405
0.096373
0.096342
0.096311
0.096280
0.096250
0.096219
0.096189
0.096159
0.096129
0.096099
0.096070
0.096040
0.096011
0.095982
0.095953
0.095924
0.095895
0.095867
0.095838
0.095810
0.095782
0.095754
0.095726
0.095699
0.095671
0.095644
0.095617
0.095590
0.095563
0.095536
0.095510
0.095483
0.095457
0.095431
0.095405
0.095379
0.095354
0.095328
0.095302
0.095277
0.095252
0.095227
0.095202
0.095177
0.095153
0.095128
0.095104
0.095080
0.095056
0.095032
0.095008
0.094984
0.094961
0.094937
0.094914
0.094891
0.094868
0.094845
0.094822
0.094799
0.094777
0.094754
0.094732
0.094710
0.094688
0.094666
0.094644
0.094622
0.094601
0.094579
0.094558
0.094537
0.094516
0.094494
0.094474
0.094453
0.094432
0.094411
0.094391
0.094371
0.094351
0.094330
0.094310
0.094290
0.094271
0.094251
0.094231
0.094212
0.094192
0.094173
0.094154
0.094135
0.094116
0.094097
0.094078
0.094060
0.094041
0.094023
0.094004
0.093986
0.093968
0.093950
0.093932
0.093914
0.093896
0.093878
0.093861
0.093843
0.093826
0.093809
0.093791
0.093774
0.093757
0.093740
0.093723
0.093707
0.093690
0.093673
0.093657
0.093641
0.093624
0.093608
0.093592
0.093576
0.093560
0.093544
0.093528
0.093512
0.093497
0.093481
0.093466
0.093451
0.093435
0.093420
0.093405
0.093390
0.093375
0.093360
0.093345
0.093330
0.093316
0.093301
0.093287
0.093272
0.093258
0.093244
0.093230
0.093215
0.093201
0.093187
0.093174
0.093160
0.093146
0.093132
0.093119
0.093105
0.093092
0.093078
0.093065
0.093052
0.093039
0.093026
0.093013
0.093000
0.092987
0.092974
0.092961
0.092949
0.092936
0.092923
0.092911
0.092899
0.092886
0.092874
0.092862
0.092850
0.092838
0.092826
0.092814
0.092802
0.092790
0.092778
0.092767
0.092755
0.092743
0.092732
0.092720
0.092709
0.092698
0.092686
0.092675
0.092664
0.092653
0.092642
0.092631
0.092620
0.092609
0.092599
0.092588
0.092577
0.092567
0.092556
0.092546
0.092535
0.092525
0.092514
0.092504
0.092494
0.092484
0.092474
0.092464
0.092454
0.092444
0.092434
0.092424
0.092414
0.092405
0.092395
0.092385
0.092376
0.092366
0.092357
0.092347
0.092338
0.092329
0.092319
0.092310
0.092301
0.092292
0.092283
0.092274
0.092265
0.092256
0.092247
0.092238
0.092229
0.092221
0.092212
0.092203
0.092195
0.092186
0.092178
0.092169
0.092161
0.092152
0.092144
0.092136
0.092128
0.092119
0.092111
0.092103
0.092095
0.092087
0.092079
0.092071
0.092063
0.092056
0.092048
0.092040
0.092032
0.092025
0.092017
0.092010
0.092002
0.091994
0.091987
0.091980
0.091972
0.091965
0.091958
0.091950
0.091945
0.091942
0.091941
0.091945
0.091960
0.092426
0.093391
0.094561
0.095951
0.097577
0.099466
0.101689
0.104388
0.107843
0.112614
0.119917
0.132628
0.157154
0.199929
0.252229
0.301538
0.344531
0.380900
0.410740
0.434502
0.452995
0.467196
0.478047
0.486354
0.492749
0.497711
0.501594
0.504656
0.507085
0.509020
0.510560
0.511780
0.512736
0.513470
0.514014
0.514391
0.514623
0.514722
0.514703
0.514574
0.514344
0.514019
0.513606
0.513110
0.512535
0.511885
0.511164
0.510375
0.509522
0.508607
0.507632
0.506601
0.505515
0.504378
0.503190
0.501955
0.500674
0.499350
0.497983
0.496576
0.495131
0.493649
0.492131
0.490581
0.488997
0.487384
0.485741
0.484070
0.482372
0.480649
0.478902
0.477132
0.475340
0.473528
0.471696
0.469846
0.467979
0.466095
0.464195
0.462281
0.460353
0.458413
0.456461
0.454497
0.452523
0.450540
0.448547
0.446547
0.444539
0.442524
0.440503
0.438476
0.436445
0.434408
0.432368
0.430324
0.428277
0.426227
0.424175
0.422121
0.420066
0.418009
0.415951
0.413893
0.411835
0.409776
0.407717
0.405659
0.403601
0.401543
0.399486
0.397430
0.395374
0.393319
0.391265
0.389211
0.387158
0.385105
0.383052
0.381000
0.378947
0.376895
0.374841
0.372787
0.370732
0.368675
0.366617
0.364556
0.362494
0.360429
0.358361
0.356290
0.354217
0.352140
0.350060
0.347977
0.345891
0.343804
0.341714
0.339623
0.337532
0.335440
0.333351
0.331263
0.329177
0.327096
0.325018
0.322945
0.320875
0.318808
0.316743
0.314679
0.312615
0.310549
0.308483
0.306417
0.304351
0.302287
0.300226
0.298169
0.296119
0.294080
0.292057
0.290056
0.288083
0.286142
0.284236
0.282365
0.280530
0.278728
0.276958
0.275218
0.273508
0.271824
0.270167
0.268534
0.266926
0.265340
0.263776
0.262233
0.260711
0.259210
0.257727
0.256264
0.254819
0.253392
0.251983
0.250592
0.249217
0.247859
0.246517
0.245191
0.243881
0.242586
0.241306
0.240041
0.238790
0.237554
0.236332
0.235124
0.233929
0.232748
0.231579
0.230424
0.229281
0.228151
0.227033
0.225928
0.224834
0.223752
0.222681
0.221622
0.220574
0.219538
0.218512
0.217496
0.216492
0.215498
0.214514
0.213540
0.212576
0.211622
0.210678
0.209743
0.208818
0.207902
0.206995
0.206097
0.205208
0.204328
0.203457
0.202594
0.201740
0.200894
0.200056
0.199226
0.198405
0.197591
0.196785
0.195987
0.195197
0.194414
0.193638
0.192870
0.192109
0.191355
0.190608
0.189869
0.189136
0.188410
0.187690
0.186978
0.186272
0.185572
0.184879
0.184192
0.183511
0.182837
0.182168
0.181506
0.180850
0.180199
0.179555
0.178916
0.178283
0.177655
0.177033
0.176417
0.175806
0.175200
0.174600
0.174005
0.173415
0.172830
0.172250
0.171676
0.171106
0.170541
0.169981
0.169426
0.168876
0.168330
0.167789
0.167252
0.166721
0.166193
0.165670
0.165152
0.164638
0.164128
0.163622
0.163121
0.162624
0.162131
0.161642
0.161157
0.160676
0.160199
0.159726
0.159256
0.158791
0.158330
0.157872
0.157418
0.156967
0.156521
0.156077
0.155638
0.155202
0.154769
0.154340
0.153915
0.153492
0.153074
0.152658
0.152246
0.151837
0.151431
0.151029
0.150629
0.150233
0.149840
0.149450
0.149063
0.148679
0.148298
0.147920
0.147545
0.147172
0.146803
0.146436
0.146073
0.145712
0.145354
0.144998
0.144646
0.144296
0.143948
0.143604
0.143262
0.142922
0.142585
0.142251
0.141919
0.141590
0.141263
0.140938
0.140616
0.140297
0.139979
0.139664
0.139352
0.139042
0.138734
0.138428
0.138125
0.137823
0.137525
0.137228
0.136933
0.136641
0.136350
0.136062
0.135776
0.135492
0.135210
0.134930
0.134653
0.134377
0.134103
0.133831
0.133561
0.133293
0.133027
0.132763
0.132500
0.132240
0.131981
0.131725
0.131470
0.131217
0.130965
0.130716
0.130468
0.130222
0.129978
0.129735
0.129495
0.129255
0.129018
0.128782
0.128548
0.128315
0.128085
0.127855
0.127627
0.127401
0.127177
0.126954
0.126732
0.126512
0.126294
0.126077
0.125862
0.125648
0.125435
0.125224
0.125014
0.124806
0.124600
0.124394
0.124190
0.123988
0.123787
0.123587
0.123388
0.123191
0.122995
0.122801
0.122608
0.122416
0.122225
0.122036
0.121848
0.121661
0.121476
0.121291
0.121108
0.120927
0.120746
0.120567
0.120388
0.120211
0.120035
0.119861
0.119687
0.119515
0.119343
0.119173
0.119004
0.118836
0.118670
0.118504
0.118339
0.118176
0.118013
0.117852
0.117691
0.117532
0.117374
0.117216
0.117060
0.116905
0.116751
0.116598
0.116445
0.116294
0.116144
0.115994
0.115846
0.115699
0.115552
0.115407
0.115262
0.115119
0.114976
0.114834
0.114693
0.114553
0.114414
0.114276
0.114138
0.114002
0.113866
0.113732
0.113598
0.113465
0.113332
0.113201
0.113071
0.112941
0.112812
0.112684
0.112557
0.112430
0.112304
0.112179
0.112055
0.111932
0.111809
0.111688
0.111567
0.111446
0.111327
0.111208
0.111090
0.110973
0.110856
0.110740
0.110625
0.110511
0.110397
0.110284
0.110172
0.110060
0.109949
0.109839
0.109729
0.109620
0.109512
0.109404
0.109297
0.109191
0.109086
0.108981
0.108876
0.108773
0.108670
0.108567
0.108465
0.108364
0.108264
0.108164
0.108064
0.107966
0.107868
0.107770
0.107673
0.107577
0.107481
0.107386
0.107291
0.107197
0.107104
0.107011
0.106918
0.106826
0.106735
0.106645
0.106554
0.106465
0.106376
0.106287
0.106199
0.106112
0.106025
0.105938
0.105852
0.105767
0.105682
0.105598
0.105514
0.105430
0.105347
0.105265
0.105183
0.105102
0.105021
0.104940
0.104860
0.104781
0.104702
0.104623
0.104545
0.104467
0.104390
0.104313
0.104237
0.104161
0.104086
0.104011
0.103936
0.103862
0.103789
0.103715
0.103643
0.103570
0.103498
0.103427
0.103356
0.103285
0.103215
0.103145
0.103076
0.103006
0.102938
0.102870
0.102802
0.102734
0.102667
0.102601
0.102534
0.102468
0.102403
0.102338
0.102273
0.102209
0.102145
0.102081
0.102018
0.101955
0.101892
0.101830
0.101768
0.101707
0.101646
0.101585
0.101525
0.101465
0.101405
0.101345
0.101286
0.101228
0.101169
0.101111
0.101054
0.100996
0.100939
0.100883
0.100826
0.100770
0.100714
0.100659
0.100604
0.100549
0.100495
0.100441
0.100387
0.100333
0.100280
0.100227
0.100174
0.100122
0.100070
0.100018
0.099967
0.099916
0.099865
0.099814
0.099764
0.099714
0.099664
0.099615
0.099565
0.099516
0.099468
0.099420
0.099372
0.099324
0.099276
0.099229
0.099182
0.099135
0.099089
0.099043
0.098997
0.098951
0.098905
0.098860
0.098815
0.098771
0.098726
0.098682
0.098638
0.098595
0.098551
0.098508
0.098465
0.098422
0.098380
0.098338
0.098296
0.098254
0.098212
0.098171
0.098130
0.098089
0.098048
0.098008
0.097968
0.097928
0.097888
0.097849
0.097810
0.097770
0.097732
0.097693
0.097655
0.097617
0.097578
0.097541
0.097503
0.097466
0.097429
0.097392
0.097355
0.097319
0.097282
0.097246
0.097210
0.097174
0.097139
0.097104
0.097068
0.097033
0.096999
0.096964
0.096930
0.096895
0.096862
0.096828
0.096794
0.096761
0.096727
0.096694
0.096661
0.096629
0.096596
0.096564
0.096532
0.096500
0.096468
0.096436
0.096405
0.096374
0.096342
0.096311
0.096281
0.096250
0.096220
0.096189
0.096159
0.096129
0.096099
0.096070
0.096040
0.096011
0.095982
0.095953
0.095924
0.095895
0.095867
0.095839
0.095810
0.095782
0.095755
0.095727
0.095699
0.095672
0.095644
0.095617
0.095590
0.095563
0.095537
0.095510
0.095484
0.095458
0.095431
0.095405
0.095380
0.095354
0.095328
0.095303
0.095278
0.095252
0.095227
0.095203
0.095178
0.095153
0.095129
0.095104
0.095080
0.095056
0.095032
0.095008
0.094985
0.094961
0.094938
0.094914
0.094891
0.094868
0.094845
0.094823
0.094800
0.094777
0.094755
0.094732
0.094710
0.094688
0.094666
0.094645
0.094623
0.094601
0.094580
0.094558
0.094537
0.094516
0.094495
0.094474
0.094453
0.094433
0.094412
0.094392
0.094371
0.094351
0.094331
0.094311
0.094291
0.094271
0.094251
0.094232
0.094212
0.094193
0.094174
0.094154
0.094135
0.094116
0.094098
0.094079
0.094060
0.094042
0.094023
0.094005
0.093986
0.093968
0.093950
0.093932
0.093914
0.093897
0.093879
0.093861
0.093844
0.093826
0.093809
0.093792
0.093775
0.093758
0.093741
0.093724
0.093707
0.093690
0.093674
0.093657
0.093641
0.093625
0.093608
0.093592
0.093576
0.093560
0.093545
0.093529
0.093513
0.093497
0.093482
0.093466
0.093451
0.093436
0.093421
0.093405
0.093390
0.093375
0.093360
0.093346
0.093331
0.093316
0.093302
0.093287
0.093273
0.093259
0.093244
0.093230
0.093216
0.093202
0.093188
0.093174
0.093160
0.093147
0.093133
0.093119
0.093106
0.093092
0.093079
0.093066
0.093052
0.093039
0.093026
0.093013
0.093000
0.092987
0.092975
0.092962
0.092949
0.092937
0.092924
0.092912
