0.066454
0.066440
0.066534
0.066804
0.067401
0.068499
0.070221
0.072614
0.075655
0.079273
0.083370
0.087833
0.092552
0.097427
0.102369
0.107305
0.112179
0.116947
0.121578
0.126048
0.130343
0.134456
0.138381
0.142119
0.145672
0.149045
0.152241
0.155268
0.158132
0.160840
0.163400
0.165818
0.168101
0.170257
0.172291
0.174211
0.176022
0.177730
0.179340
0.180858
0.182289
0.183637
0.184907
0.186102
0.187227
0.188286
0.189282
0.190218
0.191097
0.191923
0.192698
0.193424
0.194105
0.194742
0.195338
0.195894
0.196414
0.196897
0.197348
0.197766
0.198154
0.198513
0.198845
0.199150
0.199431
0.199688
0.199922
0.200135
0.200328
0.200501
0.200656
0.200794
0.200914
0.201020
0.201110
0.201185
0.201248
0.201297
0.201334
0.201360
0.201374
0.201378
0.201372
0.201356
0.201332
0.201299
0.201258
0.201209
0.201153
0.201090
0.201020
0.200944
0.200862
0.200775
0.200682
0.200584
0.200482
0.200375
0.200264
0.200148
0.200029
0.199907
0.199780
0.199651
0.199518
0.199383
0.199245
0.199104
0.198961
0.198815
0.198667
0.198517
0.198365
0.198211
0.198055
0.197897
0.197738
0.197578
0.197415
0.197252
0.197087
0.196920
0.196753
0.196584
0.196414
0.196243
0.196071
0.195897
0.195723
0.195548
0.195372
0.195195
0.195017
0.194839
0.194659
0.194479
0.194297
0.194115
0.193933
0.193749
0.193565
0.193380
0.193194
0.193008
0.192820
0.192633
0.192444
0.192255
0.192064
0.191874
0.191682
0.191490
0.191297
0.191104
0.190909
0.190714
0.190518
0.190322
0.190125
0.189927
0.189728
0.189529
0.189329
0.189128
0.188926
0.188724
0.188521
0.188317
0.188112
0.187907
0.187700
0.187493
0.187285
0.187077
0.186867
0.186657
0.186446
0.186233
0.186020
0.185807
0.185592
0.185376
0.185160
0.184942
0.184724
0.184504
0.184284
0.184062
0.183840
0.183616
0.183392
0.183166
0.182940
0.182712
0.182483
0.182253
0.182022
0.181789
0.181556
0.181321
0.181085
0.180847
0.180608
0.180368
0.180126
0.179883
0.179639
0.179393
0.179145
0.178896
0.178645
0.178393
0.178138
0.177882
0.177625
0.177365
0.177103
0.176839
0.176573
0.176305
0.176035
0.175762
0.175487
0.175210
0.174930
0.174647
0.174362
0.174074
0.173782
0.173488
0.173191
0.172890
0.172586
0.172278
0.171966
0.171651
0.171332
0.171009
0.170681
0.170349
0.170012
0.169671
0.169325
0.168973
0.168617
0.168255
0.167888
0.167515
0.167137
0.166752
0.166362
0.165967
0.165565
0.165158
0.164744
0.164326
0.163901
0.163472
0.163037
0.162597
0.162153
0.161704
0.161251
0.160794
0.160333
0.159869
0.159402
0.158932
0.158459
0.157984
0.157507
0.157028
0.156547
0.156065
0.155581
0.155096
0.154610
0.154123
0.153635
0.153147
0.152659
0.152171
0.151682
0.151194
0.150706
0.150219
0.149732
0.149246
0.148760
0.148276
0.147793
0.147311
0.146830
0.146351
0.145873
0.145397
0.144923
0.144450
0.143979
0.143510
0.143043
0.142578
0.142115
0.141654
0.141196
0.140739
0.140286
0.139834
0.139385
0.138938
0.138494
0.138053
0.137614
0.137177
0.136743
0.136312
0.135884
0.135458
0.135034
0.134614
0.134196
0.133780
0.133367
0.132957
0.132549
0.132144
0.131742
0.131342
0.130945
0.130550
0.130158
0.129768
0.129381
0.128996
0.128614
0.128234
0.127857
0.127482
0.127110
0.126740
0.126372
0.126007
0.125644
0.125284
0.124925
0.124570
0.124216
0.123865
0.123516
0.123169
0.122825
0.122483
0.122143
0.121806
0.121470
0.121137
0.120806
0.120477
0.120150
0.119826
0.119503
0.119183
0.118865
0.118549
0.118235
0.117923
0.117613
0.117305
0.116999
0.116695
0.116393
0.116093
0.115795
0.115499
0.115205
0.114913
0.114622
0.114334
0.114047
0.113763
0.113480
0.113199
0.112920
0.112642
0.112367
0.112093
0.111821
0.111551
0.111282
0.111015
0.110750
0.110487
0.110225
0.109965
0.109706
0.109450
0.109194
0.108941
0.108689
0.108439
0.108190
0.107943
0.107698
0.107454
0.107211
0.106970
0.106731
0.106493
0.106257
0.106022
0.105788
0.105556
0.105326
0.105097
0.104869
0.104643
0.104418
0.104195
0.103973
0.103752
0.103533
0.103315
0.103099
0.102883
0.102670
0.102457
0.102246
0.102036
0.101827
0.101620
0.101414
0.101209
0.101006
0.100803
0.100602
0.100402
0.100204
0.100006
0.099810
0.099615
0.099421
0.099229
0.099037
0.098847
0.098658
0.098470
0.098283
0.098097
0.097912
0.097729
0.097546
0.097365
0.097185
0.097006
0.096828
0.096651
0.096475
0.096300
0.096126
0.095953
0.095781
0.095610
0.095441
0.095272
0.095104
0.094937
0.094771
0.094607
0.094443
0.094280
0.094118
0.093957
0.093797
0.093638
0.093480
0.093323
0.093166
0.093011
0.092856
0.092703
0.092550
0.092398
0.092248
0.092098
0.091949
0.091800
0.091653
0.091506
0.091360
0.091216
0.091072
0.090928
0.090786
0.090645
0.090504
0.090364
0.090225
0.090086
0.089949
0.089812
0.089676
0.089541
0.089407
0.089273
0.089140
0.089008
0.088877
0.088746
0.088616
0.088487
0.088359
0.088231
0.088104
0.087978
0.087853
0.087728
0.087604
0.087480
0.087358
0.087236
0.087114
0.086994
0.086874
0.086754
0.086636
0.086518
0.086401
0.086284
0.086168
0.086053
0.085938
0.085824
0.085711
0.085598
0.085486
0.085375
0.085264
0.085154
0.085044
0.084935
0.084827
0.084719
0.084612
0.084505
0.084399
0.084294
0.084189
0.084084
0.083981
0.083878
0.083775
0.083673
0.083572
0.083471
0.083371
0.083271
0.083172
0.083073
0.082975
0.082878
0.082781
0.082684
0.082588
0.082493
0.082398
0.082303
0.082210
0.082116
0.082023
0.081931
0.081839
0.081748
0.081657
0.081567
0.081477
0.081388
0.081299
0.081210
0.081123
0.081035
0.080948
0.080862
0.080776
0.080690
0.080605
0.080521
0.080436
0.080353
0.080269
0.080187
0.080104
0.080022
0.079941
0.079860
0.079780
0.079699
0.079620
0.079541
0.079462
0.079383
0.079305
0.079228
0.079151
0.079074
0.078997
0.078922
0.078846
0.078771
0.078696
0.078622
0.078548
0.078475
0.078402
0.078329
0.078257
0.078185
0.078113
0.078042
0.077971
0.077901
0.077831
0.077761
0.077692
0.077623
0.077554
0.077486
0.077419
0.077351
0.077284
0.077217
0.077151
0.077085
0.077019
0.076954
0.076889
0.076824
0.076760
0.076696
0.076633
0.076569
0.076506
0.076444
0.076382
0.076320
0.076258
0.076197
0.076136
0.076075
0.076015
0.075955
0.075895
0.075836
0.075777
0.075718
0.075660
0.075602
0.075544
0.075487
0.075429
0.075373
0.075316
0.075260
0.075204
0.075148
0.075093
0.075038
0.074983
0.074928
0.074874
0.074820
0.074767
0.074713
0.074660
0.074607
0.074555
0.074503
0.074451
0.074399
0.074348
0.074297
0.074246
0.074195
0.074145
0.074095
0.074045
0.073995
0.073946
0.073897
0.073848
0.073800
0.073751
0.073703
0.073656
0.073608
0.073561
0.073514
0.073467
0.073421
0.073374
0.073328
0.073283
0.073237
0.073192
0.073147
0.073102
0.073057
0.073013
0.072969
0.072925
0.072881
0.072838
0.072795
0.072752
0.072709
0.072667
0.072624
0.072582
0.072540
0.072499
0.072457
0.072416
0.072375
0.072334
0.072294
0.072253
0.072213
0.072174
0.072134
0.072094
0.072055
0.072016
0.071977
0.071938
0.071900
0.071862
0.071824
0.071786
0.071748
0.071711
0.071673
0.071636
0.071599
0.071563
0.071526
0.071490
0.071454
0.071418
0.071382
0.071347
0.071311
0.071276
0.071241
0.071206
0.071172
0.071137
0.071103
0.071069
0.071035
0.071001
0.070968
0.070935
0.070901
0.070868
0.070836
0.070803
0.070770
0.070738
0.070706
0.070674
0.070642
0.070611
0.070579
0.070548
0.070517
0.070486
0.070455
0.070424
0.070394
0.070363
0.070333
0.070303
0.070273
0.070244
0.070214
0.070185
0.070156
0.070126
0.070097
0.070069
0.070040
0.070012
0.069983
0.069955
0.069927
0.069899
0.069872
0.069844
0.069817
0.069789
0.069762
0.069735
0.069708
0.069682
0.069655
0.069629
0.069602
0.069576
0.069550
0.069524
0.069499
0.069473
0.069448
0.069422
0.069397
0.069372
0.069347
0.069322
0.069298
0.069273
0.069249
0.069225
0.069200
0.069176
0.069153
0.069129
0.069105
0.069082
0.069058
0.069035
0.069012
0.068989
0.068966
0.068943
0.068921
0.068898
0.068876
0.068853
0.068831
0.068809
0.068787
0.068766
0.068744
0.068722
0.068701
0.068680
0.068658
0.068637
0.068616
0.068595
0.068575
0.068554
0.068533
0.068513
0.068493
0.068473
0.068452
0.068432
0.068413
0.068393
0.068373
0.068353
0.068334
0.068315
0.068295
0.068276
0.068257
0.068238
0.068220
0.068201
0.068182
0.068164
0.068145
0.068127
0.068109
0.068090
0.068072
0.068055
0.068037
0.068019
0.068001
0.067984
0.067966
0.067949
0.067932
0.067914
0.067897
0.067880
0.067864
0.067847
0.067830
0.067813
0.067797
0.067780
0.067764
0.067748
0.067732
0.067716
0.067700
0.067684
0.067668
0.067652
0.067636
0.067621
0.067605
0.067590
0.067575
0.067560
0.067544
0.067530
0.067515
0.067500
0.067485
0.067470
0.067456
0.067441
0.067427
0.067412
0.067398
0.067384
0.067370
0.067355
0.067341
0.067327
0.067314
0.067300
0.067286
0.067273
0.067259
0.067246
0.067232
0.067219
0.067206
0.067193
0.067179
0.067166
0.067154
0.067141
0.067128
0.067115
0.067103
0.067090
0.067077
0.067065
0.067053
0.067041
0.067028
0.067016
0.067004
0.066992
0.066980
0.066968
0.066956
0.066945
0.066933
0.066921
0.066910
0.066898
0.066887
0.066876
0.066864
0.066853
0.066842
0.066831
0.066820
0.066809
0.066798
0.066787
0.066776
0.066766
0.066755
0.066745
0.066734
0.066724
0.066713
0.066703
0.066693
0.066682
0.066672
0.066662
0.066652
0.066642
0.066632
0.066622
0.066613
0.066603
0.066593
0.066584
0.066574
0.066564
0.066555
0.066546
0.066536
0.066527
0.066518
0.066508
0.066499
0.066490
0.066481
0.066472
0.066463
0.066455
0.066440
0.066534
0.066805
0.067402
0.068499
0.070221
0.072614
0.075656
0.079274
0.083370
0.087834
0.092553
0.097428
0.102370
0.107307
0.112181
0.116949
0.121580
0.126050
0.130346
0.134458
0.138384
0.142122
0.145675
0.149048
0.152244
0.155271
0.158135
0.160843
0.163403
0.165821
0.168105
0.170260
0.172295
0.174215
0.176025
0.177733
0.179344
0.180862
0.182292
0.183640
0.184910
0.186106
0.187231
0.188290
0.189285
0.190221
0.191101
0.191926
0.192701
0.193427
0.194108
0.194745
0.195341
0.195898
0.196417
0.196901
0.197351
0.197769
0.198157
0.198516
0.198848
0.199153
0.199434
0.199691
0.199925
0.200138
0.200331
0.200504
0.200659
0.200796
0.200918
0.201023
0.201113
0.201188
0.201251
0.201300
0.201337
0.201362
0.201377
0.201381
0.201375
0.201359
0.201335
0.201302
0.201260
0.201211
0.201155
0.201092
0.201022
0.200946
0.200865
0.200777
0.200685
0.200587
0.200484
0.200377
0.200266
0.200151
0.200032
0.199909
0.199783
0.199653
0.199521
0.199385
0.199247
0.199106
0.198963
0.198817
0.198669
0.198519
0.198367
0.198213
0.198057
0.197899
0.197740
0.197579
0.197417
0.197253
0.197088
0.196922
0.196754
0.196585
0.196415
0.196244
0.196072
0.195899
0.195725
0.195550
0.195374
0.195197
0.195019
0.194840
0.194660
0.194480
0.194299
0.194117
0.193934
0.193750
0.193566
0.193381
0.193195
0.193009
0.192822
0.192634
0.192445
0.192256
0.192066
0.191875
0.191683
0.191491
0.191298
0.191105
0.190910
0.190715
0.190519
0.190323
0.190126
0.189928
0.189729
0.189530
0.189330
0.189129
0.188927
0.188725
0.188522
0.188318
0.188113
0.187908
0.187701
0.187494
0.187286
0.187078
0.186868
0.186658
0.186446
0.186234
0.186021
0.185807
0.185593
0.185377
0.185160
0.184943
0.184724
0.184505
0.184284
0.184063
0.183840
0.183617
0.183393
0.183167
0.182940
0.182713
0.182484
0.182254
0.182022
0.181790
0.181556
0.181321
0.181085
0.180848
0.180609
0.180369
0.180127
0.179884
0.179639
0.179393
0.179146
0.178897
0.178646
0.178393
0.178139
0.177883
0.177625
0.177365
0.177103
0.176840
0.176574
0.176306
0.176035
0.175763
0.175488
0.175210
0.174930
0.174648
0.174362
0.174074
0.173783
0.173488
0.173191
0.172890
0.172586
0.172278
0.171967
0.171651
0.171332
0.171009
0.170681
0.170349
0.170012
0.169671
0.169325
0.168973
0.168617
0.168255
0.167888
0.167515
0.167137
0.166753
0.166363
0.165967
0.165565
0.165158
0.164745
0.164326
0.163902
0.163472
0.163037
0.162597
0.162153
0.161704
0.161251
0.160794
0.160333
0.159869
0.159402
0.158932
0.158459
0.157984
0.157507
0.157028
0.156547
0.156065
0.155581
0.155096
0.154610
0.154123
0.153635
0.153147
0.152659
0.152171
0.151682
0.151194
0.150706
0.150219
0.149732
0.149246
0.148761
0.148276
0.147793
0.147311
0.146830
0.146351
0.145873
0.145397
0.144923
0.144450
0.143979
0.143510
0.143043
0.142578
0.142115
0.141654
0.141196
0.140739
0.140286
0.139834
0.139385
0.138938
0.138494
0.138053
0.137614
0.137177
0.136744
0.136312
0.135884
0.135458
0.135034
0.134614
0.134196
0.133780
0.133367
0.132957
0.132550
0.132145
0.131742
0.131342
0.130945
0.130550
0.130158
0.129768
0.129381
0.128996
0.128614
0.128234
0.127857
0.127482
0.127110
0.126740
0.126372
0.126007
0.125644
0.125284
0.124925
0.124570
0.124216
0.123865
0.123516
0.123170
0.122825
0.122483
0.122143
0.121806
0.121470
0.121137
0.120806
0.120477
0.120151
0.119826
0.119504
0.119183
0.118865
0.118549
0.118235
0.117923
0.117613
0.117305
0.116999
0.116695
0.116393
0.116093
0.115795
0.115499
0.115205
0.114913
0.114623
0.114334
0.114048
0.113763
0.113480
0.113199
0.112920
0.112642
0.112367
0.112093
0.111821
0.111551
0.111282
0.111015
0.110750
0.110487
0.110225
0.109965
0.109706
0.109450
0.109195
0.108941
0.108689
0.108439
0.108190
0.107943
0.107698
0.107454
0.107211
0.106970
0.106731
0.106493
0.106257
0.106022
0.105788
0.105556
0.105326
0.105097
0.104869
0.104643
0.104418
0.104195
0.103973
0.103752
0.103533
0.103315
0.103099
0.102883
0.102670
0.102457
0.102246
0.102036
0.101827
0.101620
0.101414
0.101209
0.101006
0.100803
0.100602
0.100402
0.100204
0.100006
0.099810
0.099615
0.099421
0.099229
0.099037
0.098847
0.098658
0.098470
0.098283
0.098097
0.097912
0.097729
0.097546
0.097365
0.097185
0.097006
0.096828
0.096651
0.096475
0.096300
0.096126
0.095953
0.095781
0.095610
0.095441
0.095272
0.095104
0.094937
0.094771
0.094607
0.094443
0.094280
0.094118
0.093957
0.093797
0.093638
0.093480
0.093323
0.093166
0.093011
0.092857
0.092703
0.092550
0.092399
0.092248
0.092098
0.091949
0.091800
0.091653
0.091506
0.091361
0.091216
0.091072
0.090928
0.090786
0.090645
0.090504
0.090364
0.090225
0.090086
0.089949
0.089812
0.089676
0.089541
0.089407
0.089273
0.089140
0.089008
0.088877
0.088746
0.088616
0.088487
0.088359
0.088231
0.088104
0.087978
0.087853
0.087728
0.087604
0.087480
0.087358
0.087236
0.087114
0.086994
0.086874
0.086755
0.086636
0.086518
0.086401
0.086284
0.086168
0.086053
0.085938
0.085824
0.085711
0.085598
0.085486
0.085375
0.085264
0.085154
0.085044
0.084935
0.084827
0.084719
0.084612
0.084505
0.084399
0.084294
0.084189
0.084085
0.083981
0.083878
0.083775
0.083673
0.083572
0.083471
0.083371
0.083271
0.083172
0.083073
0.082975
0.082878
0.082781
0.082684
0.082588
0.082493
0.082398
0.082304
0.082210
0.082116
0.082023
0.081931
0.081839
0.081748
0.081657
0.081567
0.081477
0.081388
0.081299
0.081210
0.081123
0.081035
0.080948
0.080862
0.080776
0.080690
0.080605
0.080521
0.080436
0.080353
0.080270
0.080187
0.080104
0.080023
0.079941
0.079860
0.079780
0.079700
0.079620
0.079541
0.079462
0.079383
0.079305
0.079228
0.079151
0.079074
0.078998
0.078922
0.078846
0.078771
0.078696
0.078622
0.078548
0.078475
0.078402
0.078329
0.078257
0.078185
0.078113
0.078042
0.077971
0.077901
0.077831
0.077761
0.077692
0.077623
0.077554
0.077486
0.077419
0.077351
0.077284
0.077217
0.077151
0.077085
0.077019
0.076954
0.076889
0.076824
0.076760
0.076696
0.076633
0.076569
0.076506
0.076444
0.076382
0.076320
0.076258
0.076197
0.076136
0.076075
0.076015
0.075955
0.075895
0.075836
0.075777
0.075718
0.075660
0.075602
0.075544
0.075487
0.075429
0.075373
0.075316
0.075260
0.075204
0.075148
0.075093
0.075038
0.074983
0.074929
0.074874
0.074820
0.074767
0.074713
0.074660
0.074607
0.074555
0.074503
0.074451
0.074399
0.074348
0.074297
0.074246
0.074195
0.074145
0.074095
0.074045
0.073995
0.073946
0.073897
0.073848
0.073800
0.073751
0.073703
0.073656
0.073608
0.073561
0.073514
0.073467
0.073421
0.073374
0.073328
0.073283
0.073237
0.073192
0.073147
0.073102
0.073057
0.073013
0.072969
0.072925
0.072881
0.072838
0.072795
0.072752
0.072709
0.072667
0.072624
0.072582
0.072540
0.072499
0.072457
0.072416
0.072375
0.072334
0.072294
0.072254
0.072213
0.072174
0.072134
0.072094
0.072055
0.072016
0.071977
0.071939
0.071900
0.071862
0.071824
0.071786
0.071748
0.071711
0.071674
0.071636
0.071599
0.071563
0.071526
0.071490
0.071454
0.071418
0.071382
0.071347
0.071311
0.071276
0.071241
0.071207
0.071172
0.071138
0.071103
0.071069
0.071035
0.071001
0.070968
0.070935
0.070901
0.070869
0.070836
0.070803
0.070771
0.070738
0.070706
0.070674
0.070642
0.070611
0.070579
0.070548
0.070517
0.070486
0.070455
0.070424
0.070394
0.070363
0.070333
0.070303
0.070273
0.070244
0.070214
0.070185
0.070156
0.070126
0.070098
0.070069
0.070040
0.070012
0.069984
0.069955
0.069927
0.069899
0.069872
0.069844
0.069817
0.069789
0.069762
0.069735
0.069708
0.069682
0.069655
0.069629
0.069602
0.069576
0.069550
0.069525
0.069499
0.069473
0.069448
0.069422
0.069397
0.069372
0.069347
0.069323
0.069298
0.069273
0.069249
0.069225
0.069200
0.069177
0.069153
0.069129
0.069105
0.069082
0.069058
0.069035
0.069012
0.068989
0.068966
0.068943
0.068921
0.068898
0.068876
0.068854
0.068831
0.068809
0.068788
0.068766
0.068744
0.068723
0.068701
0.068680
0.068658
0.068637
0.068616
0.068596
0.068575
0.068554
0.068533
0.068513
0.068493
0.068473
0.068452
0.068433
0.068413
0.068393
0.068373
0.068354
0.068334
0.068315
0.068296
0.068276
0.068257
0.068238
0.068220
0.068201
0.068182
0.068164
0.068145
0.068127
0.068109
0.068090
0.068073
0.068055
0.068037
0.068019
0.068001
0.067984
0.067966
0.067949
0.067932
0.067914
0.067897
0.067880
0.067864
0.067847
0.067830
0.067813
0.067797
0.067780
0.067764
0.067748
0.067732
0.067716
0.067700
0.067684
0.067668
0.067652
0.067637
0.067621
0.067606
0.067590
0.067575
0.067560
0.067545
0.067530
0.067515
0.067500
0.067485
0.067470
0.067456
0.067441
0.067427
0.067412
0.067398
0.067384
0.067370
0.067355
0.067341
0.067327
0.067314
0.067300
0.067286
0.067273
0.067259
0.067246
0.067232
0.067219
0.067206
0.067193
0.067180
0.067167
0.067154
0.067141
0.067128
0.067115
0.067103
0.067090
0.067078
0.067065
0.067053
0.067041
0.067028
0.067016
0.067004
0.066992
0.066980
0.066968
0.066956
0.066945
0.066933
0.066921
0.066910
0.066898
0.066887
0.066876
0.066864
0.066853
0.066842
0.066831
0.066820
0.066809
0.066798
0.066787
0.066777
0.066766
0.066755
0.066745
0.066734
0.066724
0.066713
0.066703
0.066693
0.066683
0.066672
0.066662
0.066652
0.066642
0.066632
0.066623
0.066613
0.066603
0.066593
0.066584
0.066574
0.066564
0.066555
0.066546
0.066536
0.066527
0.066518
0.066509
0.066499
0.066490
0.066481
0.066472
0.066463
0.066455
0.066440
0.066534
0.066805
0.067402
0.068499
0.070221
0.072614
0.075656
0.079274
0.083370
0.087833
0.092553
0.097428
0.102370
0.107306
0.112181
0.116949
0.121579
0.126049
0.130345
0.134457
0.138383
0.142121
0.145674
0.149047
0.152243
0.155270
0.158134
0.160842
0.163402
0.165820
0.168103
0.170259
0.172294
0.174213
0.176024
0.177732
0.179343
0.180861
0.182291
0.183639
0.184909
0.186104
0.187230
0.188288
0.189284
0.190220
0.191100
0.191925
0.192700
0.193426
0.194107
0.194744
0.195340
0.195897
0.196416
0.196900
0.197350
0.197768
0.198156
0.198515
0.198847
0.199152
0.199433
0.199690
0.199924
0.200137
0.200330
0.200503
0.200658
0.200795
0.200916
0.201021
0.201111
0.201187
0.201250
0.201299
0.201336
0.201361
0.201376
0.201380
0.201374
0.201358
0.201334
0.201300
0.201259
0.201210
0.201154
0.201091
0.201021
0.200946
0.200864
0.200777
0.200684
0.200586
0.200484
0.200377
0.200265
0.200150
0.200031
0.199908
0.199782
0.199653
0.199520
0.199385
0.199246
0.199105
0.198962
0.198816
0.198668
0.198518
0.198366
0.198212
0.198056
0.197899
0.197740
0.197579
0.197417
0.197253
0.197088
0.196922
0.196754
0.196585
0.196415
0.196244
0.196072
0.195899
0.195725
0.195549
0.195373
0.195196
0.195018
0.194840
0.194660
0.194480
0.194299
0.194117
0.193934
0.193750
0.193566
0.193381
0.193195
0.193009
0.192822
0.192634
0.192445
0.192256
0.192066
0.191875
0.191683
0.191491
0.191298
0.191105
0.190910
0.190715
0.190519
0.190323
0.190126
0.189928
0.189729
0.189530
0.189330
0.189129
0.188927
0.188725
0.188522
0.188318
0.188113
0.187908
0.187701
0.187494
0.187286
0.187078
0.186868
0.186658
0.186446
0.186234
0.186021
0.185807
0.185593
0.185377
0.185160
0.184943
0.184724
0.184505
0.184285
0.184063
0.183841
0.183617
0.183393
0.183167
0.182940
0.182713
0.182484
0.182254
0.182022
0.181790
0.181556
0.181321
0.181085
0.180848
0.180609
0.180369
0.180127
0.179884
0.179639
0.179393
0.179146
0.178897
0.178646
0.178393
0.178139
0.177883
0.177625
0.177365
0.177103
0.176840
0.176574
0.176306
0.176035
0.175763
0.175488
0.175210
0.174930
0.174648
0.174362
0.174074
0.173783
0.173489
0.173191
0.172890
0.172586
0.172278
0.171967
0.171652
0.171332
0.171009
0.170681
0.170349
0.170013
0.169671
0.169325
0.168974
0.168617
0.168255
0.167888
0.167515
0.167137
0.166753
0.166363
0.165967
0.165565
0.165158
0.164745
0.164326
0.163902
0.163472
0.163037
0.162598
0.162153
0.161704
0.161251
0.160794
0.160333
0.159869
0.159402
0.158932
0.158460
0.157985
0.157507
0.157028
0.156547
0.156065
0.155581
0.155096
0.154610
0.154123
0.153636
0.153148
0.152659
0.152171
0.151683
0.151194
0.150706
0.150219
0.149732
0.149246
0.148761
0.148277
0.147793
0.147311
0.146831
0.146351
0.145874
0.145397
0.144923
0.144450
0.143979
0.143510
0.143043
0.142578
0.142115
0.141654
0.141196
0.140740
0.140286
0.139834
0.139385
0.138939
0.138495
0.138053
0.137614
0.137178
0.136744
0.136312
0.135884
0.135458
0.135035
0.134614
0.134196
0.133780
0.133368
0.132957
0.132550
0.132145
0.131742
0.131342
0.130945
0.130550
0.130158
0.129769
0.129381
0.128997
0.128614
0.128235
0.127857
0.127482
0.127110
0.126740
0.126372
0.126007
0.125644
0.125284
0.124926
0.124570
0.124216
0.123865
0.123516
0.123170
0.122825
0.122483
0.122143
0.121806
0.121470
0.121137
0.120806
0.120477
0.120151
0.119826
0.119504
0.119183
0.118865
0.118549
0.118235
0.117923
0.117613
0.117305
0.116999
0.116695
0.116393
0.116093
0.115795
0.115499
0.115205
0.114913
0.114623
0.114334
0.114048
0.113763
0.113480
0.113199
0.112920
0.112643
0.112367
0.112093
0.111821
0.111551
0.111282
0.111015
0.110750
0.110487
0.110225
0.109965
0.109707
0.109450
0.109195
0.108941
0.108689
0.108439
0.108190
0.107943
0.107698
0.107454
0.107211
0.106970
0.106731
0.106493
0.106257
0.106022
0.105788
0.105557
0.105326
0.105097
0.104869
0.104643
0.104418
0.104195
0.103973
0.103752
0.103533
0.103315
0.103099
0.102884
0.102670
0.102457
0.102246
0.102036
0.101827
0.101620
0.101414
0.101209
0.101006
0.100803
0.100602
0.100403
0.100204
0.100006
0.099810
0.099615
0.099422
0.099229
0.099037
0.098847
0.098658
0.098470
0.098283
0.098097
0.097912
0.097729
0.097547
0.097365
0.097185
0.097006
0.096828
0.096651
0.096475
0.096300
0.096126
0.095953
0.095781
0.095611
0.095441
0.095272
0.095104
0.094937
0.094772
0.094607
0.094443
0.094280
0.094118
0.093957
0.093797
0.093638
0.093480
0.093323
0.093166
0.093011
0.092857
0.092703
0.092550
0.092399
0.092248
0.092098
0.091949
0.091800
0.091653
0.091506
0.091361
0.091216
0.091072
0.090929
0.090786
0.090645
0.090504
0.090364
0.090225
0.090087
0.089949
0.089812
0.089676
0.089541
0.089407
0.089273
0.089140
0.089008
0.088877
0.088746
0.088616
0.088487
0.088359
0.088231
0.088104
0.087978
0.087853
0.087728
0.087604
0.087480
0.087358
0.087236
0.087114
0.086994
0.086874
0.086755
0.086636
0.086518
0.086401
0.086284
0.086168
0.086053
0.085939
0.085824
0.085711
0.085598
0.085486
0.085375
0.085264
0.085154
0.085044
0.084935
0.084827
0.084719
0.084612
0.084505
0.084399
0.084294
0.084189
0.084085
0.083981
0.083878
0.083775
0.083673
0.083572
0.083471
0.083371
0.083271
0.083172
0.083073
0.082975
0.082878
0.082781
0.082684
0.082588
0.082493
0.082398
0.082304
0.082210
0.082116
0.082023
0.081931
0.081839
0.081748
0.081657
0.081567
0.081477
0.081388
0.081299
0.081210
0.081123
0.081035
0.080948
0.080862
0.080776
0.080690
0.080605
0.080521
0.080437
0.080353
0.080270
0.080187
0.080105
0.080023
0.079941
0.079860
0.079780
0.079700
0.079620
0.079541
0.079462
0.079383
0.079305
0.079228
0.079151
0.079074
0.078998
0.078922
0.078846
0.078771
0.078697
0.078622
0.078548
0.078475
0.078402
0.078329
0.078257
0.078185
0.078113
0.078042
0.077971
0.077901
0.077831
0.077761
0.077692
0.077623
0.077555
0.077486
0.077419
0.077351
0.077284
0.077217
0.077151
0.077085
0.077019
0.076954
0.076889
0.076825
0.076760
0.076696
0.076633
0.076569
0.076506
0.076444
0.076382
0.076320
0.076258
0.076197
0.076136
0.076075
0.076015
0.075955
0.075896
0.075836
0.075777
0.075719
0.075660
0.075602
0.075544
0.075487
0.075430
0.075373
0.075316
0.075260
0.075204
0.075148
0.075093
0.075038
0.074983
0.074929
0.074874
0.074820
0.074767
0.074713
0.074660
0.074607
0.074555
0.074503
0.074451
0.074399
0.074348
0.074297
0.074246
0.074195
0.074145
0.074095
0.074045
0.073995
0.073946
0.073897
0.073848
0.073800
0.073751
0.073704
0.073656
0.073608
0.073561
0.073514
0.073467
0.073421
0.073374
0.073328
0.073283
0.073237
0.073192
0.073147
0.073102
0.073057
0.073013
0.072969
0.072925
0.072882
0.072838
0.072795
0.072752
0.072709
0.072667
0.072624
0.072582
0.072541
0.072499
0.072457
0.072416
0.072375
0.072334
0.072294
0.072254
0.072213
0.072174
0.072134
0.072094
0.072055
0.072016
0.071977
0.071939
0.071900
0.071862
0.071824
0.071786
0.071748
0.071711
0.071674
0.071636
0.071600
0.071563
0.071526
0.071490
0.071454
0.071418
0.071382
0.071347
0.071311
0.071276
0.071241
0.071207
0.071172
0.071138
0.071103
0.071069
0.071035
0.071002
0.070968
0.070935
0.070902
0.070869
0.070836
0.070803
0.070771
0.070738
0.070706
0.070674
0.070642
0.070611
0.070579
0.070548
0.070517
0.070486
0.070455
0.070424
0.070394
0.070363
0.070333
0.070303
0.070274
0.070244
0.070214
0.070185
0.070156
0.070127
0.070098
0.070069
0.070040
0.070012
0.069984
0.069955
0.069927
0.069900
0.069872
0.069844
0.069817
0.069790
0.069762
0.069735
0.069708
0.069682
0.069655
0.069629
0.069603
0.069576
0.069550
0.069525
0.069499
0.069473
0.069448
0.069422
0.069397
0.069372
0.069347
0.069323
0.069298
0.069273
0.069249
0.069225
0.069201
0.069177
0.069153
0.069129
0.069105
0.069082
0.069058
0.069035
0.069012
0.068989
0.068966
0.068944
0.068921
0.068898
0.068876
0.068854
0.068832
0.068810
0.068788
0.068766
0.068744
0.068723
0.068701
0.068680
0.068658
0.068637
0.068616
0.068596
0.068575
0.068554
0.068534
0.068513
0.068493
0.068473
0.068452
0.068433
0.068413
0.068393
0.068373
0.068354
0.068334
0.068315
0.068296
0.068276
0.068257
0.068238
0.068220
0.068201
0.068182
0.068164
0.068145
0.068127
0.068109
0.068090
0.068073
0.068055
0.068037
0.068019
0.068001
0.067984
0.067966
0.067949
0.067932
0.067915
0.067897
0.067880
0.067864
0.067847
0.067830
0.067813
0.067797
0.067780
0.067764
0.067748
0.067732
0.067716
0.067700
0.067684
0.067668
0.067652
0.067637
0.067621
0.067606
0.067590
0.067575
0.067560
0.067545
0.067530
0.067515
0.067500
0.067485
0.067470
0.067456
0.067441
0.067427
0.067412
0.067398
0.067384
0.067370
0.067355
0.067341
0.067328
0.067314
0.067300
0.067286
0.067273
0.067259
0.067246
0.067232
0.067219
0.067206
0.067193
0.067180
0.067167
0.067154
0.067141
0.067128
0.067115
0.067103
0.067090
0.067078
0.067065
0.067053
0.067041
0.067028
0.067016
0.067004
0.066992
0.066980
0.066968
0.066956
0.066945
0.066933
0.066921
0.066910
0.066898
0.066887
0.066876
0.066864
0.066853
0.066842
0.066831
0.066820
0.066809
0.066798
0.066787
0.066777
0.066766
0.066755
0.066745
0.066734
0.066724
0.066713
0.066703
0.066693
0.066683
0.066672
0.066662
0.066652
0.066642
0.066632
0.066623
0.066613
0.066603
0.066593
0.066584
0.066574
0.066565
0.066555
0.066546
0.066536
0.066527
0.066518
0.066509
0.066499
0.066491
0.066481
0.066473
0.066464
0.066455
