10.029000
10.031600
10.033500
10.033400
10.033300
10.033300
10.033300
10.033300
10.033400
10.033500
10.033700
10.033900
10.034000
10.034200
10.034400
10.034600
10.034700
10.034900
10.035000
10.035100
10.035300
10.035400
10.035500
10.035600
10.035700
10.035700
10.035800
10.035900
10.035900
10.036000
10.036000
10.036100
10.036100
10.036100
10.036100
10.036200
10.036200
10.036200
10.036200
10.036200
10.036200
10.036200
10.036200
10.036200
10.036200
10.036200
10.036200
10.036200
10.036100
10.036100
10.036100
10.036100
10.036100
10.036100
10.036000
10.036000
10.036000
10.036000
10.036000
10.035900
10.035900
10.035900
10.035900
10.035900
10.035800
10.035800
10.035800
10.035800
10.035800
10.035700
10.035700
10.035700
10.035700
10.035600
10.035600
10.035600
10.035600
10.035600
10.035500
10.035500
10.035500
10.035500
10.035500
10.035400
10.035400
10.035400
10.035400
10.035400
10.035300
10.035300
10.035300
10.035300
10.035300
10.035200
10.035200
10.035200
10.035200
10.035200
10.035200
10.035200
10.035100
10.035100
10.035100
10.035100
10.035100
10.035100
10.035100
10.035100
10.035000
10.035000
10.035000
10.035000
10.035000
10.035000
10.035000
10.035000
10.035000
10.035000
10.035000
10.034900
10.034900
10.034900
10.034900
10.034900
10.034900
10.034900
10.034900
10.034900
10.034900
10.034900
10.034900
10.034900
10.034900
10.034900
10.034900
10.034900
10.034900
10.034900
10.034900
10.034900
10.034900
10.034900
10.034900
10.034900
10.035000
10.035000
10.035000
10.035000
10.035000
10.035000
10.035000
10.035000
10.035000
10.035000
10.035000
10.035100
10.035100
10.035100
10.035100
10.035100
10.035100
10.035200
10.035200
10.035200
10.035200
10.035200
10.035200
10.035300
10.035300
10.035300
10.035300
10.035400
10.035400
10.035400
10.035400
10.035500
10.035500
10.035500
10.035500
10.035600
10.035600
10.035600
10.035700
10.035700
10.035700
10.035800
10.035800
10.035800
10.035900
10.035900
10.035900
10.036000
10.036000
10.036000
10.036100
10.036100
10.036200
10.036200
10.036300
10.036300
10.036300
10.036400
10.036400
10.036500
10.036500
10.036600
10.036600
10.036700
10.036700
10.036800
10.036800
10.036900
10.036900
10.037000
10.037000
10.037100
10.037100
10.037200
10.037200
10.037300
10.037300
10.037400
10.037400
10.037500
10.037600
10.037600
10.037700
10.037700
10.037800
10.037800
10.037900
10.038000
10.038000
10.038100
10.038100
10.038200
10.038200
10.038300
10.038400
10.038400
10.038500
10.038500
10.038600
10.038600
10.038700
10.038700
10.038800
10.038800
10.038900
10.038900
10.039000
10.039000
10.039100
10.039100
10.039200
10.039200
10.039300
10.039300
10.039400
10.039400
10.039400
10.039500
10.039500
10.039500
10.039600
10.039600
10.039600
10.039700
10.039700
10.039700
10.039800
10.039800
10.039800
10.039800
10.039900
10.039900
10.039900
10.039900
10.040000
10.040000
10.040000
10.040000
10.040000
10.040100
10.040100
10.040100
10.040100
10.040200
10.040200
10.040200
10.040200
10.040200
10.040300
10.040300
10.040300
10.040300
10.040300
10.040400
10.040400
10.040400
10.040400
10.040400
10.040500
10.040500
10.040500
10.040500
10.040500
10.040500
10.040600
10.040600
10.040600
10.040600
10.040600
10.040600
10.040700
10.040700
10.040700
10.040700
10.040700
10.040700
10.040700
10.040700
10.040800
10.040800
10.040800
10.040800
10.040800
10.040800
10.040800
10.040800
10.040800
10.040800
10.040900
10.040900
10.040900
10.040900
10.040900
10.040900
10.040900
10.040900
10.040900
10.040900
10.040900
10.040900
10.040900
10.041000
10.041000
10.041000
10.041000
10.041000
10.041000
10.041000
10.041000
10.041000
10.041000
10.041000
10.041000
10.041000
10.041000
10.041000
10.041000
10.041000
10.041000
10.041000
10.041000
10.041000
10.041000
10.041000
10.041000
10.041000
10.041000
10.041000
10.041000
10.041000
10.041000
10.041000
10.041000
10.041000
10.041000
10.041000
10.041000
10.041000
10.041000
10.041000
10.041000
10.041000
10.041000
10.041000
10.041000
10.041000
10.041000
10.041000
10.041000
10.041000
10.041000
10.041000
10.041000
10.041000
10.041000
10.041000
10.041000
10.041000
10.041000
10.041000
10.041000
10.041000
10.041000
10.041000
10.041000
10.040900
10.040900
10.040900
10.040900
10.040900
10.040900
10.040900
10.040900
10.040900
10.040900
10.040900
10.040900
10.040900
10.040900
10.040900
10.040900
10.040800
10.040800
10.040800
10.040800
10.040800
10.040800
10.040800
10.040800
10.040800
10.040800
10.040800
10.040800
10.040700
10.040700
10.040700
10.040700
10.040700
10.040700
10.040700
10.040700
10.040700
10.040700
10.040700
10.040600
10.040600
10.040600
10.040600
10.040600
10.040600
10.040600
10.040600
10.040600
10.040600
10.040500
10.040500
10.040500
10.040500
10.040500
10.040500
10.040500
10.040500
10.040500
10.040400
10.040400
10.040400
10.040400
10.040400
10.040400
10.040400
10.040400
10.040300
10.040300
10.040300
10.040300
10.040300
10.040300
10.040300
10.040300
10.040200
10.040200
10.040200
10.040200
10.040200
10.040200
10.040200
10.040200
10.040100
10.040100
10.040100
10.040100
10.040100
10.040100
10.040100
10.040000
10.040000
10.040000
10.040000
10.040000
10.040000
10.040000
10.039900
10.039900
10.039900
10.039900
10.039900
10.039900
10.039800
10.039800
10.039800
10.039800
10.039800
10.039800
10.039800
10.039700
10.039700
10.039700
10.039700
10.039700
10.039700
10.039600
10.039600
10.039600
10.039600
10.039600
10.039600
10.039600
10.039500
10.039500
10.039500
10.039500
10.039500
10.039500
10.039400
10.039400
10.039400
10.039400
10.039400
10.039400
10.039300
10.039300
10.039300
10.039300
10.039300
10.039300
10.039200
10.039200
10.039200
10.039200
10.039200
10.039100
10.039100
10.039100
10.039100
10.039100
10.039100
10.039000
10.039000
10.039000
10.039000
10.039000
10.039000
10.038900
10.038900
10.038900
10.038900
10.038900
10.038800
10.038800
10.038800
10.038800
10.038800
10.038800
10.038700
10.038700
10.038700
10.038700
10.038700
10.038600
10.038600
10.038600
10.038600
10.038600
10.038500
10.038500
10.038500
10.038500
10.038500
10.038500
10.038400
10.038400
10.038400
10.038400
10.038400
10.038300
10.038300
10.038300
10.038300
10.038300
10.038200
10.038200
10.038200
10.038200
10.038200
10.038100
10.038100
10.038100
10.038100
10.038100
10.038000
10.038000
10.038000
10.038000
10.038000
10.037900
10.037900
10.037900
10.037900
10.037900
10.037800
10.037800
10.037800
10.037800
10.037800
10.037700
10.037700
10.037700
10.037700
10.037700
10.037600
10.037600
10.037600
10.037600
10.037600
10.037500
10.037500
10.037500
10.037500
10.037500
10.037400
10.037400
10.037400
10.037400
10.037400
10.037300
10.037300
10.037300
10.037300
10.037200
10.037200
10.037200
10.037200
10.037200
10.037100
10.037100
10.037100
10.037100
10.037100
10.037000
10.037000
10.037000
10.037000
10.037000
10.036900
10.036900
10.036900
10.036900
10.036800
10.036800
10.036800
10.036800
10.036800
10.036700
10.036700
10.036700
10.036700
10.036700
10.036600
10.036600
10.036600
10.036600
10.036500
10.036500
10.036500
10.036500
10.036500
10.036400
10.036400
10.036400
10.036400
10.036300
10.036300
10.036300
10.036300
10.036300
10.036200
10.036200
10.036200
10.036200
10.036100
10.036100
10.036100
10.036100
10.036100
10.036000
10.036000
10.036000
10.036000
10.035900
10.035900
10.035900
10.035900
10.035900
10.035800
10.035800
10.035800
10.035800
10.035700
10.035700
10.035700
10.035700
10.035700
10.035600
10.035600
10.035600
10.035600
10.035500
10.035500
10.035500
10.035500
10.035500
10.035400
10.035400
10.035400
10.035400
10.035300
10.035300
10.035300
10.035300
10.035300
10.035200
10.035200
10.035200
10.035200
10.035100
10.035100
10.035100
10.035100
10.035000
10.035000
10.035000
10.035000
10.035000
10.034900
10.034900
10.034900
10.034900
10.034800
10.034800
10.034800
10.034800
10.034700
10.034700
10.034700
10.034700
10.034700
10.034600
10.034600
10.034600
10.034600
10.034500
10.034500
10.034500
10.034500
10.034400
10.034400
10.034400
10.034400
10.034400
10.034300
10.034300
10.034300
10.034300
10.034200
10.034200
10.034200
10.034200
10.034100
10.034100
10.034100
10.034100
10.034000
10.034000
10.034000
10.034000
10.034000
10.033900
10.033900
10.033900
10.033900
10.033800
10.033800
10.033800
10.033800
10.033700
10.033700
10.033700
10.033700
10.033600
10.033600
10.033600
10.033600
10.033600
10.033500
10.033500
10.033500
10.033500
10.033400
10.033400
10.033400
10.033400
10.033300
10.033300
10.033300
10.033300
10.033200
10.033200
10.033200
10.033200
10.033100
10.033100
10.033100
10.033100
10.033100
10.033000
10.033000
10.033000
10.033000
10.032900
10.032900
10.032900
10.032900
10.032800
10.032800
10.032800
10.032800
10.032700
10.032700
10.032700
10.032700
10.032600
10.032600
10.032600
10.032600
10.032600
10.032500
10.032500
10.032500
10.032500
10.032400
10.032400
10.032400
10.032400
10.032300
10.032300
10.032300
10.032300
10.032200
10.032200
10.032200
10.032200
10.032100
10.032100
10.032100
10.032100
10.032000
10.032000
10.032000
10.032000
10.031900
10.031900
10.031900
10.031900
10.031900
10.031800
10.031800
10.031800
10.031800
10.031700
10.031700
10.031700
10.031700
10.031600
10.031600
10.031600
10.031600
10.031500
10.031500
10.031500
10.031500
10.031400
10.031400
10.031400
10.031400
10.031300
10.031300
10.031300
10.031300
10.031200
10.031200
10.031200
10.031200
10.031100
10.031100
10.031100
10.031100
10.031100
10.031000
10.031000
10.031000
10.031000
10.030900
10.030900
10.030900
10.030900
10.030800
10.030800
10.030800
10.030800
10.030700
10.030700
10.030700
10.030700
10.030600
10.030600
10.030600
10.030600
10.030500
10.030500
10.030500
10.030500
10.030400
10.030400
10.030400
10.030400
10.030300
10.030300
10.030300
10.030300
10.030200
10.030200
10.030200
10.030200
10.030100
10.030100
10.030100
10.030100
10.030000
10.030000
10.030000
10.030000
10.029900
10.029900
10.029900
10.029900
10.029900
10.029800
10.029800
10.029800
10.029800
10.029700
10.029700
10.029700
10.029700
10.029600
10.029600
10.029600
10.029600
10.029500
10.029500
10.029500
10.029500
10.029400
10.029400
10.029400
10.029400
10.029300
10.029300
10.029300
10.029300
10.029200
10.029200
10.029200
10.029200
10.029100
10.029100
10.029100
10.031700
10.033500
10.033400
10.033300
10.033300
10.033300
10.033400
10.033500
10.033600
10.033700
10.033900
10.034100
10.034300
10.034400
10.034600
10.034800
10.034900
10.035100
10.035200
10.035300
10.035400
10.035500
10.035600
10.035700
10.035800
10.035900
10.035900
10.036000
10.036000
10.036100
10.036100
10.036100
10.036200
10.036200
10.036200
10.036200
10.036200
10.036200
10.036200
10.036200
10.036200
10.036200
10.036200
10.036200
10.036200
10.036200
10.036200
10.036200
10.036200
10.036200
10.036100
10.036100
10.036100
10.036100
10.036100
10.036100
10.036000
10.036000
10.036000
10.036000
10.036000
10.035900
10.035900
10.035900
10.035900
10.035800
10.035800
10.035800
10.035800
10.035800
10.035700
10.035700
10.035700
10.035700
10.035600
10.035600
10.035600
10.035600
10.035600
10.035500
10.035500
10.035500
10.035500
10.035500
10.035400
10.035400
10.035400
10.035400
10.035400
10.035400
10.035300
10.035300
10.035300
10.035300
10.035300
10.035300
10.035200
10.035200
10.035200
10.035200
10.035200
10.035200
10.035200
10.035100
10.035100
10.035100
10.035100
10.035100
10.035100
10.035100
10.035100
10.035100
10.035000
10.035000
10.035000
10.035000
10.035000
10.035000
10.035000
10.035000
10.035000
10.035000
10.035000
10.035000
10.035000
10.035000
10.035000
10.035000
10.035000
10.035000
10.035000
10.035000
10.035000
10.035000
10.035000
10.035000
10.035000
10.035000
10.035000
10.035000
10.035000
10.035000
10.035000
10.035000
10.035000
10.035000
10.035000
10.035000
10.035000
10.035100
10.035100
10.035100
10.035100
10.035100
10.035100
10.035100
10.035100
10.035200
10.035200
10.035200
10.035200
10.035200
10.035200
10.035300
10.035300
10.035300
10.035300
10.035300
10.035400
10.035400
10.035400
10.035400
10.035500
10.035500
10.035500
10.035500
10.035600
10.035600
10.035600
10.035700
10.035700
10.035700
10.035700
10.035800
10.035800
10.035800
10.035900
10.035900
10.035900
10.036000
10.036000
10.036100
10.036100
10.036100
10.036200
10.036200
10.036300
10.036300
10.036300
10.036400
10.036400
10.036500
10.036500
10.036600
10.036600
10.036700
10.036700
10.036800
10.036800
10.036900
10.036900
10.037000
10.037000
10.037100
10.037100
10.037200
10.037200
10.037300
10.037300
10.037400
10.037400
10.037500
10.037600
10.037600
10.037700
10.037700
10.037800
10.037800
10.037900
10.038000
10.038000
10.038100
10.038100
10.038200
10.038200
10.038300
10.038300
10.038400
10.038500
10.038500
10.038600
10.038600
10.038700
10.038700
10.038800
10.038800
10.038900
10.038900
10.039000
10.039000
10.039100
10.039100
10.039200
10.039200
10.039300
10.039300
10.039400
10.039400
10.039500
10.039500
10.039500
10.039600
10.039600
10.039600
10.039700
10.039700
10.039700
10.039800
10.039800
10.039800
10.039800
10.039900
10.039900
10.039900
10.039900
10.040000
10.040000
10.040000
10.040000
10.040100
10.040100
10.040100
10.040100
10.040100
10.040200
10.040200
10.040200
10.040200
10.040300
10.040300
10.040300
10.040300
10.040300
10.040400
10.040400
10.040400
10.040400
10.040400
10.040500
10.040500
10.040500
10.040500
10.040500
10.040500
10.040600
10.040600
10.040600
10.040600
10.040600
10.040600
10.040700
10.040700
10.040700
10.040700
10.040700
10.040700
10.040700
10.040800
10.040800
10.040800
10.040800
10.040800
10.040800
10.040800
10.040800
10.040900
10.040900
10.040900
10.040900
10.040900
10.040900
10.040900
10.040900
10.040900
10.040900
10.040900
10.041000
10.041000
10.041000
10.041000
10.041000
10.041000
10.041000
10.041000
10.041000
10.041000
10.041000
10.041000
10.041000
10.041000
10.041000
10.041000
10.041000
10.041100
10.041100
10.041100
10.041100
10.041100
10.041100
10.041100
10.041100
10.041100
10.041100
10.041100
10.041100
10.041100
10.041100
10.041100
10.041100
10.041100
10.041100
10.041100
10.041100
10.041100
10.041100
10.041100
10.041100
10.041100
10.041100
10.041100
10.041100
10.041100
10.041100
10.041100
10.041100
10.041100
10.041100
10.041100
10.041100
10.041100
10.041100
10.041100
10.041100
10.041100
10.041100
10.041100
10.041100
10.041000
10.041000
10.041000
10.041000
10.041000
10.041000
10.041000
10.041000
10.041000
10.041000
10.041000
10.041000
10.041000
10.041000
10.041000
10.041000
10.041000
10.041000
10.041000
10.041000
10.040900
10.040900
10.040900
10.040900
10.040900
10.040900
10.040900
10.040900
10.040900
10.040900
10.040900
10.040900
10.040900
10.040900
10.040800
10.040800
10.040800
10.040800
10.040800
10.040800
10.040800
10.040800
10.040800
10.040800
10.040800
10.040700
10.040700
10.040700
10.040700
10.040700
10.040700
10.040700
10.040700
10.040700
10.040700
10.040600
10.040600
10.040600
10.040600
10.040600
10.040600
10.040600
10.040600
10.040600
10.040600
10.040500
10.040500
10.040500
10.040500
10.040500
10.040500
10.040500
10.040500
10.040400
10.040400
10.040400
10.040400
10.040400
10.040400
10.040400
10.040400
10.040300
10.040300
10.040300
10.040300
10.040300
10.040300
10.040300
10.040300
10.040200
10.040200
10.040200
10.040200
10.040200
10.040200
10.040200
10.040100
10.040100
10.040100
10.040100
10.040100
10.040100
10.040100
10.040000
10.040000
10.040000
10.040000
10.040000
10.040000
10.040000
10.039900
10.039900
10.039900
10.039900
10.039900
10.039900
10.039900
10.039800
10.039800
10.039800
10.039800
10.039800
10.039800
10.039700
10.039700
10.039700
10.039700
10.039700
10.039700
10.039700
10.039600
10.039600
10.039600
10.039600
10.039600
10.039600
10.039500
10.039500
10.039500
10.039500
10.039500
10.039500
10.039400
10.039400
10.039400
10.039400
10.039400
10.039400
10.039300
10.039300
10.039300
10.039300
10.039300
10.039300
10.039200
10.039200
10.039200
10.039200
10.039200
10.039100
10.039100
10.039100
10.039100
10.039100
10.039100
10.039000
10.039000
10.039000
10.039000
10.039000
10.039000
10.038900
10.038900
10.038900
10.038900
10.038900
10.038800
10.038800
10.038800
10.038800
10.038800
10.038800
10.038700
10.038700
10.038700
10.038700
10.038700
10.038600
10.038600
10.038600
10.038600
10.038600
10.038500
10.038500
10.038500
10.038500
10.038500
10.038400
10.038400
10.038400
10.038400
10.038400
10.038400
10.038300
10.038300
10.038300
10.038300
10.038300
10.038200
10.038200
10.038200
10.038200
10.038200
10.038100
10.038100
10.038100
10.038100
10.038100
10.038000
10.038000
10.038000
10.038000
10.038000
10.037900
10.037900
10.037900
10.037900
10.037900
10.037800
10.037800
10.037800
10.037800
10.037800
10.037700
10.037700
10.037700
10.037700
10.037700
10.037600
10.037600
10.037600
10.037600
10.037600
10.037500
10.037500
10.037500
10.037500
10.037400
10.037400
10.037400
10.037400
10.037400
10.037300
10.037300
10.037300
10.037300
10.037300
10.037200
10.037200
10.037200
10.037200
10.037200
10.037100
10.037100
10.037100
10.037100
10.037000
10.037000
10.037000
10.037000
10.037000
10.036900
10.036900
10.036900
10.036900
10.036900
10.036800
10.036800
10.036800
10.036800
10.036700
10.036700
10.036700
10.036700
10.036700
10.036600
10.036600
10.036600
10.036600
10.036600
10.036500
10.036500
10.036500
10.036500
10.036400
10.036400
10.036400
10.036400
10.036400
10.036300
10.036300
10.036300
10.036300
10.036200
10.036200
10.036200
10.036200
10.036200
10.036100
10.036100
10.036100
10.036100
10.036000
10.036000
10.036000
10.036000
10.036000
10.035900
10.035900
10.035900
10.035900
10.035800
10.035800
10.035800
10.035800
10.035800
10.035700
10.035700
10.035700
10.035700
10.035600
10.035600
10.035600
10.035600
10.035600
10.035500
10.035500
10.035500
10.035500
10.035400
10.035400
10.035400
10.035400
10.035300
10.035300
10.035300
10.035300
10.035300
10.035200
10.035200
10.035200
10.035200
10.035100
10.035100
10.035100
10.035100
10.035100
10.035000
10.035000
10.035000
10.035000
10.034900
10.034900
10.034900
10.034900
10.034800
10.034800
10.034800
10.034800
10.034800
10.034700
10.034700
10.034700
10.034700
10.034600
10.034600
10.034600
10.034600
10.034500
10.034500
10.034500
10.034500
10.034400
10.034400
10.034400
10.034400
10.034400
10.034300
10.034300
10.034300
10.034300
10.034200
10.034200
10.034200
10.034200
10.034100
10.034100
10.034100
10.034100
10.034100
10.034000
10.034000
10.034000
10.034000
10.033900
10.033900
10.033900
10.033900
10.033800
10.033800
10.033800
10.033800
10.033700
10.033700
10.033700
10.033700
10.033700
10.033600
10.033600
10.033600
10.033600
10.033500
10.033500
10.033500
10.033500
10.033400
10.033400
10.033400
10.033400
10.033300
10.033300
10.033300
10.033300
10.033200
10.033200
10.033200
10.033200
10.033200
10.033100
10.033100
10.033100
10.033100
10.033000
10.033000
10.033000
10.033000
10.032900
10.032900
10.032900
10.032900
10.032800
10.032800
10.032800
10.032800
10.032700
10.032700
10.032700
10.032700
10.032700
10.032600
10.032600
10.032600
10.032600
10.032500
10.032500
10.032500
10.032500
10.032400
10.032400
10.032400
10.032400
10.032300
10.032300
10.032300
10.032300
10.032200
10.032200
10.032200
10.032200
10.032100
10.032100
10.032100
10.032100
10.032000
10.032000
10.032000
10.032000
10.032000
10.031900
10.031900
10.031900
10.031900
10.031800
10.031800
10.031800
10.031800
10.031700
10.031700
10.031700
10.031700
10.031600
10.031600
10.031600
10.031600
10.031500
10.031500
10.031500
10.031500
10.031400
10.031400
10.031400
10.031400
10.031300
10.031300
10.031300
10.031300
10.031200
10.031200
10.031200
10.031200
10.031200
10.031100
10.031100
10.031100
10.031100
10.031000
10.031000
10.031000
10.031000
10.030900
10.030900
10.030900
10.030900
10.030800
10.030800
10.030800
10.030800
10.030700
10.030700
10.030700
10.030700
10.030600
10.030600
10.030600
10.030600
10.030500
10.030500
10.030500
10.030500
10.030400
10.030400
10.030400
10.030400
10.030300
10.030300
10.030300
10.030300
10.030200
10.030200
10.030200
10.030200
10.030100
10.030100
10.030100
10.030100
10.030100
10.030000
10.030000
10.030000
10.030000
10.029900
10.029900
10.029900
10.029900
10.029800
10.029800
10.029800
10.029800
10.029700
10.029700
10.029700
10.029700
10.029600
10.029600
10.029600
10.029600
10.029500
10.029500
10.029500
10.029500
10.029400
10.029400
10.029400
10.029400
10.029300
10.029300
10.029300
10.029300
10.029200
10.029200
10.029200
10.029200
10.029100
10.031700
10.033600
10.033500
10.033400
10.033400
10.033400
10.033400
10.033500
10.033600
10.033800
10.034000
10.034100
10.034300
10.034500
10.034700
10.034800
10.035000
10.035100
10.035200
10.035400
10.035500
10.035600
10.035700
10.035800
10.035800
10.035900
10.036000
10.036000
10.036100
10.036100
10.036200
10.036200
10.036200
10.036200
10.036300
10.036300
10.036300
10.036300
10.036300
10.036300
10.036300
10.036300
10.036300
10.036300
10.036300
10.036300
10.036300
10.036200
10.036200
10.036200
10.036200
10.036200
10.036200
10.036100
10.036100
10.036100
10.036100
10.036100
10.036100
10.036000
10.036000
10.036000
10.036000
10.035900
10.035900
10.035900
10.035900
10.035900
10.035800
10.035800
10.035800
10.035800
10.035700
10.035700
10.035700
10.035700
10.035700
10.035600
10.035600
10.035600
10.035600
10.035600
10.035500
10.035500
10.035500
10.035500
10.035500
10.035400
10.035400
10.035400
10.035400
10.035400
10.035400
10.035300
10.035300
10.035300
10.035300
10.035300
10.035300
10.035200
10.035200
10.035200
10.035200
10.035200
10.035200
10.035200
10.035200
10.035100
10.035100
10.035100
10.035100
10.035100
10.035100
10.035100
10.035100
10.035100
10.035100
10.035100
10.035000
10.035000
10.035000
10.035000
10.035000
10.035000
10.035000
10.035000
10.035000
10.035000
10.035000
10.035000
10.035000
10.035000
10.035000
10.035000
10.035000
10.035000
10.035000
10.035000
10.035000
10.035000
10.035000
10.035000
10.035000
10.035100
10.035100
10.035100
10.035100
10.035100
10.035100
10.035100
10.035100
10.035100
10.035100
10.035200
10.035200
10.035200
10.035200
10.035200
10.035200
10.035200
10.035300
10.035300
10.035300
10.035300
10.035300
10.035400
10.035400
10.035400
10.035400
10.035400
10.035500
10.035500
10.035500
10.035500
10.035600
10.035600
10.035600
10.035600
10.035700
10.035700
10.035700
10.035800
10.035800
10.035800
10.035900
10.035900
10.035900
10.036000
10.036000
10.036000
10.036100
10.036100
10.036200
10.036200
10.036200
10.036300
10.036300
10.036400
10.036400
10.036400
10.036500
10.036500
10.036600
10.036600
10.036700
10.036700
10.036800
10.036800
10.036900
10.036900
10.037000
10.037000
10.037100
10.037100
10.037200
10.037200
10.037300
10.037300
10.037400
10.037400
10.037500
10.037600
10.037600
10.037700
10.037700
10.037800
10.037800
10.037900
10.037900
10.038000
10.038100
10.038100
10.038200
10.038200
10.038300
10.038300
10.038400
10.038500
10.038500
10.038600
10.038600
10.038700
10.038700
10.038800
10.038800
10.038900
10.038900
10.039000
10.039000
10.039100
10.039100
10.039200
10.039200
10.039300
10.039300
10.039400
10.039400
10.039500
10.039500
10.039500
10.039600
10.039600
10.039700
10.039700
10.039700
10.039700
10.039800
10.039800
10.039800
10.039900
10.039900
10.039900
10.039900
10.040000
10.040000
10.040000
10.040000
10.040100
10.040100
10.040100
10.040100
10.040200
10.040200
10.040200
10.040200
10.040200
10.040300
10.040300
10.040300
10.040300
10.040300
10.040400
10.040400
10.040400
10.040400
10.040400
10.040500
10.040500
10.040500
10.040500
10.040500
10.040600
10.040600
10.040600
10.040600
10.040600
10.040600
10.040700
10.040700
10.040700
10.040700
10.040700
10.040700
10.040800
10.040800
10.040800
10.040800
10.040800
10.040800
10.040800
10.040800
10.040900
10.040900
10.040900
10.040900
10.040900
10.040900
10.040900
10.040900
10.040900
10.041000
10.041000
10.041000
10.041000
10.041000
10.041000
10.041000
10.041000
10.041000
10.041000
10.041000
10.041000
10.041000
10.041100
10.041100
10.041100
10.041100
10.041100
10.041100
10.041100
10.041100
10.041100
10.041100
10.041100
10.041100
10.041100
10.041100
10.041100
10.041100
10.041100
10.041100
10.041100
10.041100
10.041100
10.041100
10.041100
10.041100
10.041100
10.041100
10.041100
10.041100
10.041100
10.041100
10.041100
10.041100
10.041100
10.041100
10.041100
10.041100
10.041100
10.041100
10.041100
10.041100
10.041100
10.041100
10.041100
10.041100
10.041100
10.041100
10.041100
10.041100
10.041100
10.041100
10.041100
10.041100
10.041100
10.041100
10.041100
10.041100
10.041100
10.041100
10.041100
10.041100
10.041100
10.041100
10.041100
10.041100
10.041100
10.041100
10.041000
10.041000
10.041000
10.041000
10.041000
10.041000
10.041000
10.041000
10.041000
10.041000
10.041000
10.041000
10.041000
10.041000
10.041000
10.040900
10.040900
10.040900
10.040900
10.040900
10.040900
10.040900
10.040900
10.040900
10.040900
10.040900
10.040900
10.040900
10.040800
10.040800
10.040800
10.040800
10.040800
10.040800
10.040800
10.040800
10.040800
10.040800
10.040700
10.040700
10.040700
10.040700
10.040700
10.040700
10.040700
10.040700
10.040700
10.040700
10.040600
10.040600
10.040600
10.040600
10.040600
10.040600
10.040600
10.040600
10.040600
10.040500
10.040500
10.040500
10.040500
10.040500
10.040500
10.040500
10.040500
10.040400
10.040400
10.040400
10.040400
10.040400
10.040400
10.040400
10.040400
10.040300
10.040300
10.040300
10.040300
10.040300
10.040300
10.040300
10.040300
10.040200
10.040200
10.040200
10.040200
10.040200
10.040200
10.040200
10.040100
10.040100
10.040100
10.040100
10.040100
10.040100
10.040100
10.040000
10.040000
10.040000
10.040000
10.040000
10.040000
10.040000
10.039900
10.039900
10.039900
10.039900
10.039900
10.039900
10.039800
10.039800
10.039800
10.039800
10.039800
10.039800
10.039800
10.039700
10.039700
10.039700
10.039700
10.039700
10.039700
10.039600
10.039600
10.039600
10.039600
10.039600
10.039600
10.039500
10.039500
10.039500
10.039500
10.039500
10.039500
10.039400
10.039400
10.039400
10.039400
10.039400
10.039400
10.039300
10.039300
10.039300
10.039300
10.039300
10.039300
10.039200
10.039200
10.039200
10.039200
10.039200
10.039100
10.039100
10.039100
10.039100
10.039100
10.039100
10.039000
10.039000
10.039000
10.039000
10.039000
10.038900
10.038900
10.038900
10.038900
10.038900
10.038900
10.038800
10.038800
10.038800
10.038800
10.038800
10.038700
10.038700
10.038700
10.038700
10.038700
10.038700
10.038600
10.038600
10.038600
10.038600
10.038600
10.038500
10.038500
10.038500
10.038500
10.038500
10.038400
10.038400
10.038400
10.038400
10.038400
10.038300
10.038300
10.038300
10.038300
10.038300
10.038200
10.038200
10.038200
10.038200
10.038200
10.038100
10.038100
10.038100
10.038100
10.038100
10.038000
10.038000
10.038000
10.038000
10.038000
10.037900
10.037900
10.037900
10.037900
10.037900
10.037800
10.037800
10.037800
10.037800
10.037800
10.037700
10.037700
10.037700
10.037700
10.037700
10.037600
10.037600
10.037600
10.037600
10.037600
10.037500
10.037500
10.037500
10.037500
10.037500
10.037400
10.037400
10.037400
10.037400
10.037400
10.037300
10.037300
10.037300
10.037300
10.037200
10.037200
10.037200
10.037200
10.037200
10.037100
10.037100
10.037100
10.037100
10.037100
10.037000
10.037000
10.037000
10.037000
10.036900
10.036900
10.036900
10.036900
10.036900
10.036800
10.036800
10.036800
10.036800
10.036800
10.036700
10.036700
10.036700
10.036700
10.036600
10.036600
10.036600
10.036600
10.036600
10.036500
10.036500
10.036500
10.036500
10.036500
10.036400
10.036400
10.036400
10.036400
10.036300
10.036300
10.036300
10.036300
10.036300
10.036200
10.036200
10.036200
10.036200
10.036100
10.036100
10.036100
10.036100
10.036100
10.036000
10.036000
10.036000
10.036000
10.035900
10.035900
10.035900
10.035900
10.035900
10.035800
10.035800
10.035800
10.035800
10.035700
10.035700
10.035700
10.035700
10.035600
10.035600
10.035600
10.035600
10.035600
10.035500
10.035500
10.035500
10.035500
10.035400
10.035400
10.035400
10.035400
10.035400
10.035300
10.035300
10.035300
10.035300
10.035200
10.035200
10.035200
10.035200
10.035100
10.035100
10.035100
10.035100
10.035100
10.035000
10.035000
10.035000
10.035000
10.034900
10.034900
10.034900
10.034900
10.034800
10.034800
10.034800
10.034800
10.034800
10.034700
10.034700
10.034700
10.034700
10.034600
10.034600
10.034600
10.034600
10.034500
10.034500
10.034500
10.034500
10.034500
10.034400
10.034400
10.034400
10.034400
10.034300
10.034300
10.034300
10.034300
10.034200
10.034200
10.034200
10.034200
10.034200
10.034100
10.034100
10.034100
10.034100
10.034000
10.034000
10.034000
10.034000
10.033900
10.033900
10.033900
10.033900
10.033800
10.033800
10.033800
10.033800
10.033800
10.033700
10.033700
10.033700
10.033700
10.033600
10.033600
10.033600
10.033600
10.033500
10.033500
10.033500
10.033500
10.033400
10.033400
10.033400
10.033400
10.033300
10.033300
10.033300
10.033300
10.033300
10.033200
10.033200
10.033200
10.033200
10.033100
10.033100
10.033100
10.033100
10.033000
10.033000
10.033000
10.033000
10.032900
10.032900
10.032900
10.032900
10.032800
10.032800
10.032800
10.032800
10.032800
10.032700
10.032700
10.032700
10.032700
10.032600
10.032600
10.032600
10.032600
10.032500
10.032500
10.032500
10.032500
10.032400
10.032400
10.032400
10.032400
10.032300
10.032300
10.032300
10.032300
10.032200
10.032200
10.032200
10.032200
10.032100
10.032100
10.032100
10.032100
10.032100
10.032000
10.032000
10.032000
10.032000
10.031900
10.031900
10.031900
10.031900
10.031800
10.031800
10.031800
10.031800
10.031700
10.031700
10.031700
10.031700
10.031600
10.031600
10.031600
10.031600
10.031500
10.031500
10.031500
10.031500
10.031400
10.031400
10.031400
10.031400
10.031300
10.031300
10.031300
10.031300
10.031300
10.031200
10.031200
10.031200
10.031200
10.031100
10.031100
10.031100
10.031100
10.031000
10.031000
10.031000
10.031000
10.030900
10.030900
10.030900
10.030900
10.030800
10.030800
10.030800
10.030800
10.030700
10.030700
10.030700
10.030700
10.030600
10.030600
10.030600
10.030600
10.030500
10.030500
10.030500
10.030500
10.030400
10.030400
10.030400
10.030400
10.030300
10.030300
10.030300
10.030300
10.030200
10.030200
10.030200
10.030200
10.030200
10.030100
10.030100
10.030100
10.030100
10.030000
10.030000
10.030000
10.030000
10.029900
10.029900
10.029900
10.029900
10.029800
10.029800
10.029800
10.029800
10.029700
10.029700
10.029700
10.029700
10.029600
10.029600
10.029600
10.029600
10.029500
10.029500
10.029500
10.029500
10.029400
10.029400
10.029400
10.029400
10.029300
10.029300
10.029300
10.029300
10.029200
10.029200
10.029200
