1.010110
1.008420
1.006730
1.005040
1.003360
1.001700
1.000090
0.999423
1.000560
1.003800
1.009850
1.020090
1.037590
1.067860
1.118160
1.195890
1.306930
1.454480
1.638900
1.858060
2.108120
2.384480
2.682380
2.997320
3.325220
3.662420
4.005540
4.351550
4.697850
5.042280
5.383200
5.719400
6.049960
6.374360
6.692130
7.003010
7.306900
7.603660
7.893420
8.176120
8.451820
8.720630
8.982690
9.238050
9.486830
9.729210
9.965200
10.195000
10.418800
10.636500
10.848400
11.054500
11.254900
11.449800
11.639300
11.823400
12.002200
12.175800
12.344400
12.508000
12.666600
12.820500
12.969600
13.113900
13.253800
13.389000
13.519900
13.646300
13.768400
13.886300
14.000000
14.109500
14.215000
14.316500
14.414200
14.507900
14.597900
14.684100
14.766700
14.845600
14.921000
14.992900
15.061300
15.126400
15.188100
15.246500
15.301700
15.353800
15.402700
15.448600
15.491400
15.531300
15.568200
15.602300
15.633600
15.662100
15.688000
15.711100
15.731600
15.749600
15.765000
15.778000
15.788500
15.796700
15.802500
15.806000
15.807200
15.806300
15.803200
15.798000
15.790700
15.781300
15.770100
15.756800
15.741600
15.724600
15.705700
15.685000
15.662600
15.638400
15.612600
15.585200
15.556100
15.525500
15.493400
15.459800
15.424800
15.388300
15.350400
15.311200
15.270700
15.229000
15.186000
15.141700
15.096300
15.049800
15.002100
14.953400
14.903600
14.852800
14.801000
14.748300
14.694600
14.640000
14.584600
14.528400
14.471300
14.413500
14.354900
14.295500
14.235500
14.174800
14.113400
14.051400
13.988800
13.925700
13.862000
13.797800
13.733000
13.667900
13.602300
13.536200
13.469700
13.402800
13.335600
13.268100
13.200200
13.132000
13.063600
12.994900
12.926000
12.856800
12.787500
12.717900
12.648200
12.578500
12.508500
12.438400
12.368300
12.298100
12.227900
12.157600
12.087300
12.017000
11.946700
11.876500
11.806200
11.736100
11.666000
11.596000
11.526100
11.456400
11.386800
11.317200
11.247900
11.178700
11.109800
11.040900
10.972400
10.904000
10.835800
10.767900
10.700200
10.632800
10.565700
10.498800
10.432300
10.366000
10.300000
10.234300
10.169000
10.104000
10.039300
9.974970
9.911000
9.847380
9.784130
9.721240
9.658720
9.596610
9.534810
9.473490
9.412530
9.352000
9.291820
9.232070
9.172750
9.113840
9.055360
8.997300
8.939600
8.882380
8.825590
8.769280
8.713330
8.657860
8.602820
8.548200
8.494000
8.440290
8.386930
8.334120
8.281680
8.229710
8.178170
8.127050
8.076410
8.026200
7.976410
7.927040
7.878150
7.829620
7.781580
7.733960
7.686770
7.639990
7.593700
7.547770
7.502260
7.457180
7.412520
7.368280
7.324460
7.281010
7.237970
7.195360
7.153110
7.111290
7.069890
7.028850
6.988170
6.947910
6.908020
6.868540
6.829370
6.790630
6.752240
6.714220
6.676560
6.639260
6.602320
6.565750
6.529480
6.493560
6.458020
6.422770
6.387880
6.353360
6.319140
6.285220
6.251600
6.218350
6.185400
6.152800
6.120460
6.088410
6.056720
6.025260
5.994130
5.963290
5.932740
5.902460
5.872470
5.842770
5.813320
5.784160
5.755260
5.726630
5.698270
5.670150
5.642300
5.614700
5.587350
5.560250
5.533390
5.506770
5.480400
5.454250
5.428340
5.402670
5.377220
5.351990
5.326980
5.302200
5.277630
5.253280
5.229130
5.205200
5.181480
5.157950
5.134630
5.111510
5.088590
5.065860
5.043320
5.020970
4.998810
4.976830
4.955050
4.933430
4.912000
4.890750
4.869670
4.848760
4.828020
4.807460
4.787060
4.766820
4.746750
4.726830
4.707080
4.687480
4.668030
4.648740
4.629600
4.610620
4.591780
4.573080
4.554540
4.536130
4.517860
4.499740
4.481760
4.463900
4.446190
4.428600
4.411150
4.393830
4.376640
4.359580
4.342640
4.325830
4.309140
4.292570
4.276120
4.259800
4.243590
4.227490
4.211510
4.195650
4.179890
4.164260
4.148720
4.133300
4.117990
4.102790
4.087680
4.072690
4.057790
4.043000
4.028310
4.013720
3.999230
3.984840
3.970540
3.956340
3.942230
3.928220
3.914300
3.900470
3.886740
3.873090
3.859530
3.846060
3.832680
3.819390
3.806180
3.793050
3.780010
3.767050
3.754170
3.741380
3.728670
3.716030
3.703480
3.690990
3.678600
3.666270
3.654020
3.641850
3.629750
3.617720
3.605770
3.593890
3.582090
3.570350
3.558670
3.547080
3.535550
3.524090
3.512690
3.501370
3.490110
3.478910
3.467780
3.456710
3.445710
3.434770
3.423890
3.413080
3.402330
3.391630
3.381000
3.370430
3.359920
3.349460
3.339070
3.328730
3.318450
3.308220
3.298050
3.287940
3.277880
3.267880
3.257940
3.248040
3.238200
3.228410
3.218680
3.208990
3.199360
3.189770
3.180240
3.170760
3.161330
3.151950
3.142610
3.133330
3.124090
3.114900
3.105760
3.096660
3.087620
3.078610
3.069650
3.060740
3.051870
3.043060
3.034280
3.025540
3.016850
3.008200
2.999600
2.991040
2.982520
2.974040
2.965600
2.957210
2.948860
2.940540
2.932260
2.924030
2.915840
2.907680
2.899560
2.891490
2.883450
2.875450
2.867480
2.859560
2.851670
2.843820
2.836000
2.828220
2.820480
2.812770
2.805100
2.797460
2.789860
2.782300
2.774760
2.767260
2.759800
2.752370
2.744970
2.737610
2.730280
2.722980
2.715710
2.708480
2.701280
2.694110
2.686980
2.679870
2.672800
2.665750
2.658740
2.651760
2.644800
2.637880
2.630990
2.624130
2.617290
2.610490
2.603710
2.596970
2.590250
2.583560
2.576910
2.570270
2.563660
2.557090
2.550540
2.544020
2.537520
2.531050
2.524610
2.518200
2.511810
2.505450
2.499110
2.492800
2.486520
2.480260
2.474030
2.467820
2.461630
2.455480
2.449350
2.443240
2.437160
2.431100
2.425060
2.419050
2.413060
2.407090
2.401150
2.395240
2.389340
2.383470
2.377620
2.371800
2.366000
2.360220
2.354460
2.348720
2.343010
2.337320
2.331650
2.326000
2.320380
2.314780
2.309190
2.303630
2.298090
2.292560
2.287070
2.281590
2.276130
2.270690
2.265270
2.259880
2.254500
2.249150
2.243800
2.238490
2.233190
2.227910
2.222660
2.217420
2.212200
2.206990
2.201810
2.196650
2.191500
2.186380
2.181270
2.176180
2.171110
2.166060
2.161020
2.156010
2.151010
2.146020
2.141060
2.136120
2.131190
2.126280
2.121390
2.116510
2.111650
2.106810
2.101980
2.097180
2.092390
2.087610
2.082850
2.078110
2.073390
2.068680
2.063990
2.059310
2.054650
2.050010
2.045380
2.040770
2.036170
2.031590
2.027020
2.022470
2.017940
2.013400
2.008900
2.004410
1.999940
1.995480
1.991040
1.986610
1.982190
1.977790
1.973410
1.969040
1.964680
1.960340
1.956010
1.951700
1.947400
1.943110
1.938850
1.934590
1.930340
1.926120
1.921900
1.917700
1.913510
1.909340
1.905180
1.901030
1.896900
1.892770
1.888670
1.884580
1.880490
1.876420
1.872370
1.868330
1.864300
1.860290
1.856280
1.852290
1.848310
1.844350
1.840390
1.836450
1.832520
1.828610
1.824700
1.820810
1.816930
1.813060
1.809210
1.805360
1.801540
1.797720
1.793910
1.790110
1.786330
1.782560
1.778800
1.775040
1.771310
1.767580
1.763860
1.760160
1.756470
1.752790
1.749120
1.745460
1.741810
1.738180
1.734550
1.730930
1.727330
1.723730
1.720160
1.716580
1.713020
1.709470
1.705940
1.702410
1.698890
1.695380
1.691880
1.688400
1.684920
1.681450
1.677990
1.674550
1.671110
1.667690
1.664270
1.660870
1.657470
1.654090
1.650710
1.647340
1.643990
1.640650
1.637310
1.633980
1.630660
1.627360
1.624050
1.620770
1.617490
1.614220
1.610960
1.607710
1.604470
1.601230
1.598010
1.594800
1.591600
1.588400
1.585220
1.582040
1.578870
1.575710
1.572560
1.569420
1.566290
1.563170
1.560060
1.556950
1.553850
1.550760
1.547680
1.544610
1.541550
1.538500
1.535450
1.532410
1.529390
1.526370
1.523360
1.520350
1.517360
1.514370
1.511400
1.508430
1.505470
1.502510
1.499570
1.496630
1.493700
1.490780
1.487870
1.484960
1.482070
1.479180
1.476300
1.473430
1.470560
1.467710
1.464850
1.462020
1.459180
1.456360
1.453540
1.450720
1.447920
1.445120
1.442340
1.439560
1.436780
1.434020
1.431260
1.428510
1.425770
1.423030
1.420310
1.417580
1.414870
1.412160
1.409460
1.406770
1.404080
1.401410
1.398740
1.396070
1.393420
1.390770
1.388130
1.385490
1.382860
1.380240
1.377620
1.375020
1.372420
1.369820
1.367240
1.364650
1.362080
1.359520
1.356950
1.354400
1.351850
1.349320
1.346780
1.344250
1.341740
1.339220
1.336720
1.334220
1.331720
1.329230
1.326750
1.324280
1.321810
1.319350
1.316890
1.314450
1.312000
1.309560
1.307140
1.304710
1.302290
1.299880
1.297470
1.295080
1.292680
1.290300
1.287920
1.285540
1.283180
1.280810
1.278460
1.276100
1.273760
1.271430
1.269090
1.266770
1.264440
1.262130
1.259820
1.257510
1.255220
1.252930
1.250640
1.248360
1.246090
1.243820
1.241560
1.239300
1.237050
1.234800
1.232560
1.230330
1.228100
1.225880
1.223660
1.221450
1.219240
1.217040
1.214850
1.212660
1.210470
1.208300
1.206120
1.203950
1.201790
1.199630
1.197480
1.195330
1.193190
1.191060
1.188930
1.186800
1.184680
1.182570
1.180450
1.178350
1.176250
1.174160
1.172070
1.169980
1.167910
1.165830
1.163770
1.161700
1.159640
1.157590
1.155540
1.153500
1.151460
1.149430
1.147400
1.145380
1.143350
1.141340
1.139330
1.137330
1.135330
1.133340
1.131350
1.129360
1.127380
1.125410
1.123440
1.121480
1.119510
1.117560
1.115610
1.113670
1.111720
1.109790
1.107850
1.105930
1.104000
1.102080
1.100170
1.098260
1.096360
1.094460
1.092570
1.090680
1.088790
1.086910
1.085030
1.083160
1.081290
1.079430
1.077570
1.075720
1.073860
1.072020
1.070180
1.068340
1.066510
1.064680
1.062850
1.061040
1.059220
1.057410
1.055610
1.053800
1.052000
1.050210
1.048420
1.046640
1.044860
1.043080
1.041310
1.039540
1.037770
1.036020
1.034260
1.032510
1.030760
1.029010
1.027280
1.025540
1.023810
1.022090
1.020360
1.018640
1.016930
1.015220
1.013510
1.011810
1.010110
1.008420
1.006720
1.005040
1.003360
1.001700
1.000090
0.999423
1.000560
1.003810
1.009850
1.020090
1.037600
1.067880
1.118170
1.195910
1.306950
1.454520
1.638950
1.858100
2.108170
2.384540
2.682440
2.997390
3.325300
3.662500
4.005620
4.351640
4.697950
5.042390
5.383320
5.719520
6.050080
6.374490
6.692250
7.003130
7.307020
7.603840
7.893540
8.176240
8.451940
8.720810
8.982810
9.238170
9.487010
9.729330
9.965380
10.195200
10.418900
10.636600
10.848500
11.054600
11.255100
11.450000
11.639400
11.823500
12.002300
12.176000
12.344600
12.508200
12.666800
12.820700
12.969700
13.114200
13.254000
13.389200
13.520100
13.646500
13.768600
13.886500
14.000200
14.109700
14.215200
14.316700
14.414300
14.508100
14.598000
14.684300
14.766800
14.845700
14.921200
14.993100
15.061400
15.126500
15.188200
15.246700
15.301900
15.353900
15.402900
15.448700
15.491600
15.531400
15.568400
15.602500
15.633800
15.662300
15.688200
15.711300
15.731800
15.749800
15.765200
15.778200
15.788700
15.796900
15.802700
15.806200
15.807500
15.806500
15.803400
15.798200
15.790900
15.781600
15.770200
15.757000
15.741800
15.724700
15.705800
15.685200
15.662700
15.638600
15.612800
15.585400
15.556300
15.525700
15.493600
15.460000
15.425000
15.388500
15.350700
15.311500
15.271000
15.229200
15.186200
15.142000
15.096600
15.050000
15.002400
14.953600
14.903900
14.853000
14.801300
14.748500
14.694800
14.640300
14.584900
14.528600
14.471500
14.413700
14.355100
14.295700
14.235700
14.175000
14.113600
14.051700
13.989100
13.925900
13.862200
13.798000
13.733300
13.668100
13.602400
13.536400
13.469900
13.403100
13.335900
13.268300
13.200400
13.132200
13.063800
12.995100
12.926200
12.857000
12.787700
12.718100
12.648500
12.578700
12.508700
12.438700
12.368600
12.298400
12.228100
12.157800
12.087500
12.017200
11.946900
11.876700
11.806500
11.736300
11.666200
11.596300
11.526400
11.456600
11.387000
11.317400
11.248100
11.178900
11.109900
11.041100
10.972600
10.904200
10.836000
10.768100
10.700400
10.633000
10.565900
10.499000
10.432500
10.366100
10.300200
10.234500
10.169200
10.104200
10.039500
9.975150
9.911180
9.847570
9.784310
9.721430
9.658900
9.596730
9.534990
9.473670
9.412710
9.352120
9.292010
9.232260
9.172930
9.113960
9.055480
8.997420
8.939780
8.882560
8.825770
8.769400
8.713450
8.657990
8.602940
8.548320
8.494120
8.440410
8.387120
8.334250
8.281800
8.229830
8.178290
8.127170
8.076530
8.026320
7.976530
7.927160
7.878270
7.829750
7.781700
7.734080
7.686890
7.640110
7.593820
7.547890
7.502380
7.457300
7.412640
7.368400
7.324520
7.281130
7.238090
7.195480
7.153240
7.111410
7.070010
7.028970
6.988290
6.948030
6.908140
6.868610
6.829500
6.790750
6.752360
6.714340
6.676680
6.639380
6.602380
6.565810
6.529540
6.493690
6.458080
6.422890
6.388000
6.353420
6.319200
6.285280
6.251730
6.218470
6.185520
6.152870
6.120520
6.088470
6.056780
6.025340
5.994210
5.963360
5.932800
5.902530
5.872540
5.842830
5.813390
5.784230
5.755330
5.726700
5.698330
5.670220
5.642370
5.614770
5.587410
5.560310
5.533460
5.506830
5.480460
5.454310
5.428400
5.402730
5.377280
5.352050
5.327050
5.302260
5.277690
5.253330
5.229190
5.205260
5.181530
5.158010
5.134680
5.111560
5.088640
5.065910
5.043370
5.021030
4.998860
4.976890
4.955090
4.933490
4.912060
4.890800
4.869720
4.848810
4.828070
4.807500
4.787100
4.766860
4.746790
4.726880
4.707120
4.687520
4.668080
4.648790
4.629650
4.610660
4.591820
4.573130
4.554580
4.536170
4.517910
4.499780
4.481790
4.463940
4.446220
4.428640
4.411200
4.393870
4.376680
4.359620
4.342680
4.325870
4.309180
4.292610
4.276160
4.259830
4.243620
4.227530
4.211550
4.195680
4.179930
4.164290
4.148760
4.133340
4.118020
4.102820
4.087710
4.072720
4.057830
4.043030
4.028340
4.013750
3.999260
3.984870
3.970570
3.956370
3.942260
3.928250
3.914330
3.900500
3.886770
3.873120
3.859560
3.846090
3.832710
3.819420
3.806200
3.793080
3.780040
3.767080
3.754200
3.741410
3.728700
3.716060
3.703510
3.691030
3.678620
3.666300
3.654050
3.641880
3.629780
3.617760
3.605800
3.593920
3.582110
3.570370
3.558700
3.547100
3.535580
3.524110
3.512720
3.501390
3.490130
3.478930
3.467800
3.456740
3.445730
3.434790
3.423920
3.413100
3.402350
3.391660
3.381020
3.370450
3.359940
3.349490
3.339090
3.328750
3.318470
3.308250
3.298080
3.287960
3.277910
3.267910
3.257950
3.248060
3.238220
3.228430
3.218690
3.209010
3.199370
3.189790
3.180260
3.170780
3.161340
3.151970
3.142630
3.133350
3.124110
3.114920
3.105780
3.096680
3.087630
3.078630
3.069670
3.060760
3.051890
3.043070
3.034290
3.025560
3.016870
3.008220
2.999620
2.991060
2.982530
2.974060
2.965620
2.957230
2.948870
2.940560
2.932280
2.924040
2.915850
2.907690
2.899580
2.891500
2.883460
2.875460
2.867500
2.859570
2.851680
2.843830
2.836020
2.828240
2.820490
2.812790
2.805120
2.797480
2.789880
2.782310
2.774780
2.767280
2.759810
2.752390
2.744990
2.737620
2.730300
2.723000
2.715730
2.708500
2.701300
2.694130
2.686990
2.679890
2.672810
2.665760
2.658750
2.651770
2.644820
2.637890
2.631000
2.624140
2.617310
2.610500
2.603730
2.596990
2.590270
2.583570
2.576920
2.570280
2.563680
2.557100
2.550550
2.544030
2.537540
2.531070
2.524630
2.518210
2.511830
2.505460
2.499130
2.492810
2.486530
2.480270
2.474040
2.467830
2.461650
2.455490
2.449360
2.443250
2.437170
2.431110
2.425070
2.419060
2.413070
2.407100
2.401170
2.395250
2.389350
2.383480
2.377630
2.371810
2.366010
2.360230
2.354470
2.348740
2.343020
2.337330
2.331660
2.326010
2.320390
2.314780
2.309200
2.303640
2.298100
2.292580
2.287080
2.281600
2.276140
2.270700
2.265280
2.259890
2.254510
2.249150
2.243820
2.238500
2.233200
2.227930
2.222660
2.217420
2.212200
2.207010
2.201820
2.196660
2.191510
2.186390
2.181280
2.176190
2.171120
2.166070
2.161040
2.156010
2.151020
2.146040
2.141080
2.136130
2.131200
2.126290
2.121390
2.116520
2.111660
2.106820
2.102000
2.097190
2.092390
2.087620
2.082860
2.078120
2.073390
2.068690
2.064000
2.059320
2.054660
2.050010
2.045380
2.040770
2.036170
2.031590
2.027030
2.022480
2.017950
2.013430
2.008920
2.004430
1.999960
1.995500
1.991050
1.986620
1.982210
1.977810
1.973420
1.969050
1.964700
1.960360
1.956030
1.951720
1.947420
1.943130
1.938870
1.934610
1.930370
1.926140
1.921920
1.917720
1.913530
1.909360
1.905200
1.901050
1.896910
1.892800
1.888690
1.884590
1.880510
1.876450
1.872390
1.868350
1.864320
1.860300
1.856300
1.852310
1.848320
1.844350
1.840400
1.836460
1.832530
1.828610
1.824710
1.820820
1.816940
1.813070
1.809210
1.805380
1.801540
1.797720
1.793910
1.790120
1.786330
1.782560
1.778800
1.775050
1.771310
1.767590
1.763870
1.760170
1.756480
1.752800
1.749130
1.745470
1.741820
1.738180
1.734560
1.730940
1.727340
1.723750
1.720160
1.716590
1.713030
1.709480
1.705940
1.702410
1.698890
1.695390
1.691890
1.688400
1.684930
1.681460
1.678000
1.674560
1.671120
1.667700
1.664280
1.660880
1.657480
1.654090
1.650720
1.647350
1.644000
1.640650
1.637310
1.633980
1.630670
1.627360
1.624060
1.620780
1.617490
1.614230
1.610960
1.607720
1.604480
1.601240
1.598020
1.594810
1.591600
1.588410
1.585220
1.582040
1.578880
1.575720
1.572570
1.569430
1.566300
1.563170
1.560060
1.556950
1.553860
1.550770
1.547690
1.544620
1.541560
1.538500
1.535450
1.532420
1.529400
1.526370
1.523360
1.520360
1.517370
1.514380
1.511400
1.508430
1.505470
1.502520
1.499570
1.496640
1.493710
1.490790
1.487870
1.484970
1.482070
1.479190
1.476300
1.473430
1.470570
1.467710
1.464860
1.462020
1.459190
1.456360
1.453540
1.450730
1.447920
1.445130
1.442340
1.439560
1.436790
1.434020
1.431270
1.428510
1.425770
1.423030
1.420310
1.417580
1.414870
1.412160
1.409470
1.406770
1.404090
1.401410
1.398740
1.396080
1.393420
1.390770
1.388130
1.385490
1.382860
1.380240
1.377630
1.375020
1.372420
1.369830
1.367240
1.364660
1.362090
1.359520
1.356960
1.354410
1.351860
1.349320
1.346790
1.344260
1.341740
1.339230
1.336720
1.334220
1.331720
1.329240
1.326760
1.324280
1.321810
1.319350
1.316900
1.314450
1.312010
1.309570
1.307140
1.304720
1.302300
1.299890
1.297480
1.295080
1.292690
1.290300
1.287920
1.285550
1.283180
1.280820
1.278460
1.276110
1.273770
1.271430
1.269100
1.266770
1.264450
1.262130
1.259830
1.257520
1.255220
1.252930
1.250650
1.248360
1.246090
1.243830
1.241560
1.239300
1.237050
1.234810
1.232570
1.230340
1.228100
1.225880
1.223670
1.221450
1.219250
1.217050
1.214850
1.212660
1.210470
1.208300
1.206120
1.203960
1.201800
1.199630
1.197490
1.195340
1.193190
1.191060
1.188930
1.186800
1.184680
1.182570
1.180460
1.178350
1.176250
1.174160
1.172070
1.169990
1.167910
1.165840
1.163770
1.161700
1.159640
1.157590
1.155550
1.153500
1.151470
1.149430
1.147400
1.145380
1.143360
1.141340
1.139340
1.137340
1.135330
1.133340
1.131360
1.129370
1.127390
1.125420
1.123440
1.121480
1.119520
1.117570
1.115620
1.113670
1.111730
1.109790
1.107860
1.105930
1.104010
1.102090
1.100180
1.098270
1.096360
1.094460
1.092570
1.090680
1.088790
1.086910
1.085030
1.083160
1.081290
1.079430
1.077570
1.075720
1.073870
1.072020
1.070180
1.068350
1.066510
1.064680
1.062860
1.061040
1.059230
1.057420
1.055610
1.053810
1.052010
1.050220
1.048420
1.046640
1.044860
1.043080
1.041310
1.039540
1.037780
1.036020
1.034260
1.032510
1.030760
1.029020
1.027280
1.025540
1.023810
1.022090
1.020370
1.018650
1.016930
1.015220
1.013510
1.011810
1.010110
1.008420
1.006730
1.005040
1.003360
1.001700
1.000090
0.999429
1.000560
1.003810
1.009860
1.020100
1.037600
1.067880
1.118180
1.195920
1.306980
1.454550
1.638980
1.858130
2.108210
2.384570
2.682480
2.997430
3.325350
3.662540
4.005660
4.351670
4.697970
5.042420
5.383340
5.719550
6.050140
6.374490
6.692250
7.003130
7.307080
7.603840
7.893600
8.176300
8.452060
8.720870
8.982930
9.238290
9.487070
9.729450
9.965440
10.195300
10.419000
10.636800
10.848600
11.054700
11.255200
11.450100
11.639500
11.823600
12.002500
12.176100
12.344700
12.508300
12.667000
12.820800
12.969900
13.114300
13.254100
13.389400
13.520200
13.646600
13.768800
13.886600
14.000400
14.109900
14.215400
14.317000
14.414600
14.508300
14.598300
14.684500
14.767000
14.846000
14.921400
14.993200
15.061700
15.126700
15.188500
15.246900
15.302100
15.354200
15.403100
15.449000
15.491800
15.531700
15.568700
15.602800
15.634000
15.662600
15.688400
15.711500
15.732100
15.750000
15.765500
15.778400
15.789000
15.797200
15.803000
15.806500
15.807700
15.806800
15.803700
15.798500
15.791200
15.781800
15.770500
15.757300
15.742100
15.725000
15.706100
15.685400
15.663100
15.638900
15.613100
15.585700
15.556600
15.526000
15.493900
15.460300
15.425300
15.388800
15.351000
15.311700
15.271200
15.229500
15.186400
15.142300
15.096800
15.050300
15.002700
14.953900
14.904100
14.853300
14.801600
14.748800
14.695200
14.640600
14.585200
14.528900
14.471800
14.414000
14.355400
14.296000
14.236000
14.175300
14.113900
14.051900
13.989400
13.926200
13.862500
13.798300
13.733600
13.668300
13.602700
13.536700
13.470200
13.403300
13.336100
13.268600
13.200700
13.132500
13.064100
12.995400
12.926400
12.857300
12.788000
12.718400
12.648700
12.578900
12.509000
12.438900
12.368800
12.298600
12.228400
12.158100
12.087800
12.017500
11.947200
11.876900
11.806700
11.736500
11.666500
11.596500
11.526600
11.456800
11.387200
11.317700
11.248300
11.179200
11.110200
11.041400
10.972700
10.904400
10.836200
10.768300
10.700700
10.633300
10.566100
10.499200
10.432600
10.366400
10.300400
10.234700
10.169400
10.104400
10.039700
9.975340
9.911360
9.847750
9.784500
9.721610
9.659080
9.596910
9.535170
9.473850
9.412900
9.352300
9.292190
9.232440
9.173110
9.114140
9.055660
8.997600
8.939960
8.882740
8.825950
8.769580
8.713630
8.658170
8.603120
8.548500
8.494300
8.440530
8.387240
8.334370
8.281980
8.230010
8.178470
8.127350
8.076650
8.026440
7.976650
7.927340
7.878390
7.829930
7.781820
7.734200
7.687010
7.640290
7.593940
7.548010
7.502500
7.457420
7.412760
7.368520
7.324640
7.281250
7.238210
7.195600
7.153360
7.111530
7.070130
7.029090
6.988410
6.948150
6.908260
6.868730
6.829620
6.790870
6.752420
6.714400
6.676740
6.639440
6.602500
6.565930
6.529660
6.493750
6.458200
6.422950
6.388070
6.353540
6.319260
6.285400
6.251790
6.218530
6.185580
6.152930
6.120640
6.088590
6.056840
6.025420
5.994290
5.963440
5.932890
5.902620
5.872630
5.842920
5.813480
5.784310
5.755410
5.726780
5.698410
5.670300
5.642440
5.614840
5.587490
5.560390
5.533530
5.506910
5.480530
5.454390
5.428480
5.402800
5.377340
5.352120
5.327110
5.302320
5.277750
5.253400
5.229250
5.205320
5.181590
5.158070
5.134750
5.111630
5.088700
5.065970
5.043430
5.021080
4.998920
4.976950
4.955150
4.933540
4.912110
4.890850
4.869770
4.848870
4.828130
4.807560
4.787160
4.766920
4.746840
4.726930
4.707170
4.687570
4.668130
4.648840
4.629700
4.610710
4.591870
4.573180
4.554630
4.536220
4.517960
4.499830
4.481840
4.463990
4.446270
4.428690
4.411240
4.393920
4.376730
4.359660
4.342720
4.325910
4.309220
4.292650
4.276210
4.259880
4.243660
4.227570
4.211590
4.195720
4.179970
4.164330
4.148800
4.133380
4.118070
4.102860
4.087760
4.072760
4.057860
4.043070
4.028380
4.013790
3.999300
3.984900
3.970610
3.956410
3.942300
3.928290
3.914370
3.900540
3.886800
3.873160
3.859600
3.846130
3.832750
3.819450
3.806240
3.793110
3.780070
3.767110
3.754240
3.741440
3.728730
3.716090
3.703540
3.691060
3.678660
3.666330
3.654080
3.641910
3.629810
3.617790
3.605830
3.593950
3.582140
3.570400
3.558730
3.547130
3.535600
3.524140
3.512740
3.501420
3.490150
3.478960
3.467830
3.456760
3.445760
3.434820
3.423950
3.413130
3.402380
3.391680
3.381050
3.370480
3.359960
3.349510
3.339110
3.328770
3.318500
3.308270
3.298100
3.287990
3.277930
3.267930
3.257980
3.248090
3.238240
3.228450
3.218720
3.209030
3.199400
3.189810
3.180280
3.170800
3.161370
3.151990
3.142650
3.133370
3.124130
3.114940
3.105800
3.096710
3.087650
3.078650
3.069700
3.060780
3.051920
3.043090
3.034320
3.025580
3.016890
3.008240
2.999640
2.991070
2.982560
2.974080
2.965640
2.957250
2.948890
2.940580
2.932300
2.924070
2.915870
2.907720
2.899600
2.891520
2.883480
2.875480
2.867520
2.859590
2.851700
2.843850
2.836040
2.828260
2.820510
2.812810
2.805130
2.797490
2.789900
2.782330
2.774790
2.767300
2.759830
2.752400
2.745000
2.737640
2.730310
2.723020
2.715750
2.708510
2.701310
2.694140
2.687010
2.679900
2.672830
2.665780
2.658770
2.651790
2.644830
2.637910
2.631020
2.624160
2.617320
2.610520
2.603740
2.597000
2.590280
2.583590
2.576930
2.570300
2.563690
2.557120
2.550570
2.544050
2.537550
2.531080
2.524640
2.518230
2.511840
2.505480
2.499140
2.492830
2.486550
2.480290
2.474060
2.467850
2.461670
2.455500
2.449370
2.443260
2.437180
2.431120
2.425080
2.419070
2.413090
2.407120
2.401180
2.395260
2.389370
2.383500
2.377650
2.371820
2.366020
2.360240
2.354480
2.348750
2.343030
2.337340
2.331670
2.326030
2.320400
2.314800
2.309210
2.303650
2.298110
2.292590
2.287090
2.281610
2.276150
2.270720
2.265300
2.259900
2.254520
2.249170
2.243830
2.238510
2.233210
2.227940
2.222680
2.217440
2.212220
2.207020
2.201830
2.196670
2.191530
2.186400
2.181290
2.176200
2.171130
2.166080
2.161050
2.156030
2.151030
2.146050
2.141090
2.136140
2.131210
2.126300
2.121410
2.116530
2.111670
2.106830
2.102010
2.097200
2.092410
2.087630
2.082880
2.078130
2.073410
2.068700
2.064010
2.059330
2.054670
2.050030
2.045400
2.040790
2.036190
2.031610
2.027040
2.022490
2.017950
2.013440
2.008930
2.004440
1.999970
1.995510
1.991070
1.986640
1.982220
1.977820
1.973440
1.969070
1.964710
1.960370
1.956040
1.951730
1.947430
1.943140
1.938880
1.934620
1.930370
1.926150
1.921930
1.917730
1.913540
1.909370
1.905210
1.901060
1.896930
1.892800
1.888700
1.884610
1.880520
1.876450
1.872400
1.868360
1.864330
1.860310
1.856310
1.852320
1.848340
1.844370
1.840420
1.836480
1.832550
1.828630
1.824730
1.820840
1.816960
1.813090
1.809240
1.805390
1.801560
1.797740
1.793940
1.790140
1.786360
1.782580
1.778820
1.775070
1.771330
1.767600
1.763890
1.760190
1.756490
1.752810
1.749140
1.745480
1.741840
1.738200
1.734570
1.730960
1.727350
1.723760
1.720180
1.716610
1.713050
1.709500
1.705960
1.702430
1.698910
1.695390
1.691900
1.688410
1.684930
1.681470
1.678010
1.674560
1.671130
1.667700
1.664290
1.660880
1.657480
1.654100
1.650720
1.647360
1.644000
1.640660
1.637320
1.633990
1.630680
1.627370
1.624070
1.620780
1.617510
1.614230
1.610980
1.607720
1.604480
1.601250
1.598030
1.594810
1.591610
1.588420
1.585230
1.582050
1.578890
1.575730
1.572580
1.569430
1.566300
1.563180
1.560070
1.556960
1.553860
1.550770
1.547690
1.544620
1.541560
1.538510
1.535470
1.532430
1.529400
1.526380
1.523370
1.520370
1.517370
1.514390
1.511410
1.508440
1.505480
1.502530
1.499580
1.496640
1.493710
1.490790
1.487880
1.484980
1.482080
1.479190
1.476310
1.473440
1.470570
1.467720
1.464870
1.462030
1.459190
1.456370
1.453550
1.450740
1.447940
1.445140
1.442350
1.439570
1.436790
1.434030
1.431270
1.428520
1.425780
1.423050
1.420310
1.417600
1.414880
1.412170
1.409470
1.406780
1.404090
1.401420
1.398750
1.396090
1.393430
1.390780
1.388140
1.385500
1.382870
1.380250
1.377640
1.375030
1.372430
1.369830
1.367250
1.364670
1.362090
1.359520
1.356960
1.354410
1.351860
1.349320
1.346800
1.344270
1.341740
1.339230
1.336730
1.334220
1.331730
1.329240
1.326760
1.324290
1.321820
1.319360
1.316900
1.314450
1.312010
1.309570
1.307140
1.304720
1.302300
1.299890
1.297490
1.295090
1.292690
1.290310
1.287930
1.285550
1.283180
1.280820
1.278460
1.276110
1.273770
1.271430
1.269100
1.266770
1.264450
1.262140
1.259830
1.257530
1.255230
1.252940
1.250650
1.248370
1.246100
1.243830
1.241570
1.239310
1.237060
1.234810
1.232580
1.230340
1.228110
1.225890
1.223670
1.221460
1.219250
1.217050
1.214860
1.212660
1.210480
1.208300
1.206130
1.203960
1.201800
1.199640
1.197490
1.195340
1.193200
1.191060
1.188930
1.186810
1.184690
1.182570
1.180470
1.178360
1.176260
1.174170
1.172080
1.169990
1.167910
1.165840
1.163770
1.161710
1.159650
1.157600
1.155550
1.153510
1.151470
1.149440
1.147400
1.145380
1.143370
1.141350
1.139340
1.137340
1.135340
1.133350
1.131360
1.129380
1.127400
1.125420
1.123450
1.121490
1.119530
1.117570
1.115620
1.113670
1.111730
1.109800
1.107860
1.105940
1.104020
1.102100
1.100180
1.098270
1.096370
1.094470
1.092570
1.090680
1.088800
1.086920
1.085040
1.083170
1.081300
1.079430
1.077570
1.075720
1.073870
1.072030
1.070190
1.068350
1.066520
1.064690
1.062870
1.061040
1.059230
1.057420
1.055610
1.053810
1.052010
1.050220
1.048430
1.046640
1.044860
1.043090
1.041310
1.039550
1.037780
1.036020
1.034260
1.032510
1.030760
1.029020
1.027280
1.025550
1.023820
1.022090
1.020370
1.018650
1.016930
1.015220
1.013520
1.011810
1.010110
