0.101825
0.101906
0.102279
0.103178
0.105132
0.110598
0.369600
0.348432
0.344215
0.366755
0.405622
0.474757
0.573058
0.674192
0.766271
0.846838
0.916842
0.977730
1.030620
1.076270
1.115280
1.148270
1.175880
1.198880
1.218000
1.233940
1.247290
1.258440
1.267590
1.274750
1.279810
1.282650
1.283330
1.282080
1.279330
1.275520
1.271020
1.266110
1.260950
1.255630
1.250200
1.244680
1.239080
1.233410
1.227670
1.221880
1.216030
1.210120
1.204170
1.198170
1.192140
1.186060
1.179960
1.173830
1.167670
1.161490
1.155290
1.149080
1.142860
1.136630
1.130400
1.124160
1.117920
1.111690
1.105460
1.099240
1.093020
1.086820
1.080630
1.074450
1.068290
1.062140
1.056010
1.049900
1.043810
1.037740
1.031690
1.025670
1.019660
1.013680
1.007720
1.001790
0.995887
0.990006
0.984152
0.978324
0.972522
0.966748
0.961002
0.955284
0.949593
0.943931
0.938297
0.932692
0.927115
0.921568
0.916049
0.910560
0.905100
0.899669
0.894267
0.888895
0.883552
0.878239
0.872955
0.867700
0.862475
0.857279
0.852113
0.846976
0.841869
0.836791
0.831742
0.826723
0.821732
0.816771
0.811840
0.806937
0.802063
0.797218
0.792403
0.787616
0.782858
0.778128
0.773427
0.768755
0.764112
0.759497
0.754910
0.750351
0.745821
0.741319
0.736845
0.732399
0.727981
0.723591
0.719229
0.714894
0.710587
0.706307
0.702055
0.697830
0.693632
0.689461
0.685318
0.681201
0.677111
0.673049
0.669012
0.665003
0.661020
0.657063
0.653132
0.649228
0.645350
0.641498
0.637672
0.633872
0.630097
0.626348
0.622624
0.618926
0.615253
0.611606
0.607983
0.604386
0.600813
0.597265
0.593742
0.590243
0.586769
0.583319
0.579893
0.576492
0.573114
0.569761
0.566431
0.563124
0.559842
0.556582
0.553346
0.550134
0.546944
0.543777
0.540633
0.537512
0.534414
0.531338
0.528284
0.525253
0.522243
0.519256
0.516290
0.513347
0.510425
0.507524
0.504645
0.501787
0.498951
0.496135
0.493340
0.490566
0.487813
0.485080
0.482367
0.479675
0.477003
0.474351
0.471719
0.469106
0.466514
0.463940
0.461386
0.458852
0.456336
0.453840
0.451362
0.448903
0.446463
0.444041
0.441638
0.439253
0.436886
0.434537
0.432206
0.429892
0.427597
0.425318
0.423057
0.420814
0.418587
0.416377
0.414185
0.412009
0.409849
0.407706
0.405580
0.403470
0.401376
0.399297
0.397235
0.395189
0.393158
0.391142
0.389142
0.387158
0.385188
0.383234
0.381294
0.379369
0.377459
0.375564
0.373683
0.371816
0.369964
0.368125
0.366301
0.364490
0.362694
0.360911
0.359141
0.357385
0.355642
0.353913
0.352197
0.350493
0.348803
0.347125
0.345460
0.343808
0.342168
0.340540
0.338925
0.337322
0.335731
0.334152
0.332584
0.331029
0.329485
0.327953
0.326432
0.324923
0.323425
0.321938
0.320462
0.318997
0.317543
0.316100
0.314668
0.313246
0.311835
0.310434
0.309044
0.307664
0.306294
0.304935
0.303585
0.302245
0.300916
0.299596
0.298285
0.296985
0.295694
0.294412
0.293140
0.291877
0.290623
0.289379
0.288143
0.286917
0.285699
0.284491
0.283291
0.282100
0.280917
0.279743
0.278578
0.277421
0.276273
0.275133
0.274001
0.272877
0.271761
0.270654
0.269554
0.268463
0.267379
0.266303
0.265235
0.264174
0.263121
0.262076
0.261038
0.260008
0.258985
0.257969
0.256961
0.255960
0.254965
0.253979
0.252999
0.252026
0.251060
0.250101
0.249149
0.248203
0.247265
0.246333
0.245407
0.244488
0.243576
0.242670
0.241771
0.240878
0.239991
0.239111
0.238237
0.237369
0.236507
0.235651
0.234801
0.233958
0.233120
0.232288
0.231462
0.230642
0.229828
0.229019
0.228216
0.227419
0.226627
0.225841
0.225060
0.224285
0.223515
0.222751
0.221991
0.221238
0.220489
0.219746
0.219008
0.218275
0.217547
0.216824
0.216107
0.215394
0.214686
0.213983
0.213285
0.212592
0.211904
0.211220
0.210541
0.209867
0.209197
0.208532
0.207872
0.207216
0.206565
0.205918
0.205275
0.204637
0.204004
0.203375
0.202750
0.202129
0.201512
0.200900
0.200292
0.199688
0.199088
0.198492
0.197901
0.197313
0.196729
0.196149
0.195573
0.195001
0.194433
0.193869
0.193308
0.192752
0.192199
0.191649
0.191104
0.190562
0.190024
0.189489
0.188958
0.188430
0.187906
0.187385
0.186868
0.186355
0.185844
0.185337
0.184834
0.184334
0.183837
0.183343
0.182853
0.182365
0.181881
0.181401
0.180923
0.180449
0.179977
0.179509
0.179044
0.178581
0.178122
0.177666
0.177213
0.176762
0.176315
0.175871
0.175429
0.174990
0.174554
0.174121
0.173691
0.173263
0.172838
0.172416
0.171997
0.171580
0.171166
0.170755
0.170346
0.169940
0.169536
0.169135
0.168737
0.168341
0.167948
0.167557
0.167168
0.166782
0.166399
0.166017
0.165639
0.165262
0.164888
0.164517
0.164147
0.163780
0.163415
0.163053
0.162693
0.162335
0.161979
0.161625
0.161274
0.160925
0.160578
0.160233
0.159890
0.159550
0.159211
0.158875
0.158540
0.158208
0.157878
0.157549
0.157223
0.156899
0.156576
0.156256
0.155938
0.155621
0.155307
0.154994
0.154683
0.154375
0.154068
0.153762
0.153459
0.153158
0.152858
0.152560
0.152264
0.151970
0.151677
0.151386
0.151097
0.150810
0.150525
0.150241
0.149958
0.149678
0.149399
0.149122
0.148846
0.148572
0.148300
0.148029
0.147760
0.147492
0.147226
0.146962
0.146699
0.146438
0.146178
0.145920
0.145663
0.145408
0.145154
0.144902
0.144651
0.144401
0.144154
0.143907
0.143662
0.143418
0.143176
0.142935
0.142696
0.142458
0.142221
0.141986
0.141752
0.141519
0.141288
0.141058
0.140829
0.140602
0.140376
0.140151
0.139927
0.139705
0.139484
0.139264
0.139046
0.138829
0.138613
0.138398
0.138184
0.137972
0.137761
0.137551
0.137342
0.137134
0.136928
0.136723
0.136519
0.136316
0.136114
0.135913
0.135713
0.135515
0.135317
0.135121
0.134926
0.134732
0.134539
0.134347
0.134156
0.133966
0.133777
0.133589
0.133403
0.133217
0.133032
0.132849
0.132666
0.132484
0.132304
0.132124
0.131945
0.131768
0.131591
0.131415
0.131240
0.131067
0.130894
0.130722
0.130551
0.130381
0.130211
0.130043
0.129876
0.129709
0.129544
0.129379
0.129216
0.129053
0.128891
0.128730
0.128569
0.128410
0.128251
0.128094
0.127937
0.127781
0.127626
0.127471
0.127318
0.127165
0.127013
0.126862
0.126712
0.126563
0.126414
0.126266
0.126119
0.125973
0.125827
0.125683
0.125539
0.125395
0.125253
0.125111
0.124970
0.124830
0.124691
0.124552
0.124414
0.124277
0.124140
0.124004
0.123869
0.123735
0.123601
0.123468
0.123336
0.123204
0.123073
0.122943
0.122813
0.122684
0.122556
0.122429
0.122302
0.122175
0.122050
0.121925
0.121801
0.121677
0.121554
0.121432
0.121310
0.121189
0.121068
0.120949
0.120829
0.120711
0.120593
0.120475
0.120359
0.120242
0.120127
0.120012
0.119897
0.119784
0.119670
0.119558
0.119446
0.119334
0.119223
0.119113
0.119003
0.118894
0.118785
0.118677
0.118569
0.118462
0.118356
0.118250
0.118145
0.118040
0.117935
0.117832
0.117728
0.117626
0.117523
0.117422
0.117320
0.117220
0.117119
0.117020
0.116921
0.116822
0.116724
0.116626
0.116529
0.116432
0.116336
0.116240
0.116145
0.116050
0.115956
0.115862
0.115769
0.115676
0.115583
0.115491
0.115400
0.115309
0.115218
0.115128
0.115039
0.114949
0.114860
0.114772
0.114684
0.114597
0.114510
0.114423
0.114337
0.114251
0.114166
0.114081
0.113996
0.113912
0.113829
0.113746
0.113663
0.113580
0.113498
0.113417
0.113336
0.113255
0.113174
0.113094
0.113015
0.112936
0.112857
0.112778
0.112700
0.112623
0.112545
0.112469
0.112392
0.112316
0.112240
0.112165
0.112090
0.112015
0.111941
0.111867
0.111793
0.111720
0.111647
0.111575
0.111503
0.111431
0.111359
0.111288
0.111218
0.111147
0.111077
0.111007
0.110938
0.110869
0.110800
0.110732
0.110664
0.110596
0.110529
0.110462
0.110395
0.110329
0.110263
0.110197
0.110132
0.110066
0.110002
0.109937
0.109873
0.109809
0.109746
0.109682
0.109619
0.109557
0.109495
0.109433
0.109371
0.109309
0.109248
0.109187
0.109127
0.109067
0.109007
0.108947
0.108888
0.108829
0.108770
0.108711
0.108653
0.108595
0.108537
0.108480
0.108423
0.108366
0.108309
0.108253
0.108197
0.108141
0.108086
0.108030
0.107975
0.107921
0.107866
0.107812
0.107758
0.107704
0.107651
0.107598
0.107545
0.107492
0.107440
0.107388
0.107336
0.107284
0.107233
0.107182
0.107131
0.107080
0.107030
0.106979
0.106929
0.106880
0.106830
0.106781
0.106732
0.106683
0.106635
0.106586
0.106538
0.106490
0.106443
0.106395
0.106348
0.106301
0.106255
0.106208
0.106162
0.106116
0.106070
0.106024
0.105979
0.105934
0.105889
0.105844
0.105799
0.105755
0.105711
0.105667
0.105623
0.105580
0.105536
0.105493
0.105450
0.105408
0.105365
0.105323
0.105281
0.105239
0.105197
0.105156
0.105114
0.105073
0.105032
0.104992
0.104951
0.104911
0.104871
0.104831
0.104791
0.104751
0.104712
0.104673
0.104634
0.104595
0.104556
0.104518
0.104479
0.104441
0.104403
0.104366
0.104328
0.104291
0.104253
0.104216
0.104180
0.104143
0.104106
0.104070
0.104034
0.103998
0.103962
0.103926
0.103891
0.103855
0.103820
0.103785
0.103750
0.103716
0.103681
0.103647
0.103613
0.103579
0.103545
0.103511
0.103477
0.103444
0.103411
0.103378
0.103345
0.103312
0.103279
0.103247
0.103215
0.103182
0.103150
0.103118
0.103087
0.103055
0.103024
0.102992
0.102961
0.102930
0.102900
0.102869
0.102838
0.102808
0.102778
0.102748
0.102718
0.102688
0.102658
0.102628
0.102599
0.102570
0.102541
0.102512
0.102483
0.102454
0.102425
0.102397
0.102369
0.102340
0.102312
0.102284
0.102257
0.102229
0.102201
0.102174
0.102147
0.102119
0.102092
0.102065
0.102039
0.102012
0.101986
0.101959
0.101933
0.101907
0.101881
0.101855
0.101829
0.101909
0.102283
0.103181
0.105135
0.110601
0.369606
0.348433
0.344218
0.366754
0.405619
0.474754
0.573054
0.674182
0.766261
0.846828
0.916830
0.977718
1.030600
1.076260
1.115270
1.148260
1.175880
1.198880
1.218000
1.233950
1.247300
1.258450
1.267600
1.274760
1.279820
1.282670
1.283350
1.282110
1.279350
1.275540
1.271050
1.266140
1.260980
1.255660
1.250230
1.244710
1.239110
1.233440
1.227700
1.221910
1.216060
1.210150
1.204200
1.198200
1.192170
1.186100
1.179990
1.173860
1.167700
1.161520
1.155330
1.149120
1.142890
1.136670
1.130430
1.124190
1.117960
1.111720
1.105490
1.099270
1.093060
1.086860
1.080670
1.074490
1.068330
1.062180
1.056050
1.049940
1.043850
1.037780
1.031730
1.025700
1.019700
1.013720
1.007760
1.001830
0.995924
0.990044
0.984189
0.978361
0.972560
0.966786
0.961040
0.955322
0.949631
0.943969
0.938335
0.932730
0.927154
0.921607
0.916088
0.910599
0.905139
0.899708
0.894306
0.888934
0.883591
0.878278
0.872994
0.867740
0.862515
0.857319
0.852153
0.847016
0.841909
0.836831
0.831782
0.826763
0.821773
0.816812
0.811880
0.806977
0.802103
0.797259
0.792443
0.787656
0.782898
0.778169
0.773468
0.768796
0.764152
0.759537
0.754951
0.750392
0.745862
0.741360
0.736886
0.732440
0.728022
0.723632
0.719269
0.714935
0.710627
0.706348
0.702095
0.697870
0.693673
0.689502
0.685359
0.681242
0.677152
0.673089
0.669053
0.665043
0.661060
0.657104
0.653173
0.649269
0.645391
0.641539
0.637713
0.633912
0.630137
0.626388
0.622665
0.618967
0.615294
0.611646
0.608024
0.604426
0.600853
0.597305
0.593782
0.590283
0.586809
0.583359
0.579933
0.576532
0.573154
0.569800
0.566470
0.563164
0.559881
0.556622
0.553386
0.550173
0.546983
0.543817
0.540673
0.537551
0.534453
0.531377
0.528323
0.525291
0.522282
0.519295
0.516329
0.513385
0.510463
0.507562
0.504683
0.501825
0.498988
0.496173
0.493378
0.490604
0.487850
0.485117
0.482405
0.479712
0.477040
0.474388
0.471756
0.469143
0.466550
0.463977
0.461423
0.458888
0.456372
0.453876
0.451398
0.448939
0.446499
0.444077
0.441674
0.439288
0.436921
0.434572
0.432241
0.429927
0.427631
0.425353
0.423092
0.420848
0.418621
0.416412
0.414219
0.412043
0.409883
0.407740
0.405614
0.403503
0.401409
0.399331
0.397268
0.395222
0.393191
0.391175
0.389175
0.387190
0.385221
0.383266
0.381326
0.379402
0.377491
0.375596
0.373715
0.371848
0.369995
0.368157
0.366332
0.364522
0.362725
0.360942
0.359172
0.357416
0.355673
0.353944
0.352227
0.350524
0.348833
0.347155
0.345490
0.343838
0.342197
0.340570
0.338954
0.337351
0.335760
0.334181
0.332613
0.331058
0.329514
0.327982
0.326461
0.324951
0.323453
0.321966
0.320490
0.319025
0.317571
0.316128
0.314696
0.313274
0.311863
0.310462
0.309071
0.307691
0.306321
0.304962
0.303612
0.302272
0.300942
0.299622
0.298312
0.297011
0.295720
0.294438
0.293166
0.291903
0.290649
0.289404
0.288169
0.286942
0.285724
0.284516
0.283316
0.282125
0.280942
0.279768
0.278603
0.277446
0.276297
0.275157
0.274025
0.272901
0.271785
0.270678
0.269578
0.268486
0.267402
0.266326
0.265258
0.264197
0.263144
0.262099
0.261061
0.260031
0.259007
0.257992
0.256983
0.255982
0.254988
0.254001
0.253021
0.252048
0.251082
0.250123
0.249170
0.248225
0.247286
0.246354
0.245428
0.244510
0.243597
0.242691
0.241792
0.240899
0.240012
0.239131
0.238257
0.237389
0.236527
0.235671
0.234822
0.233978
0.233140
0.232308
0.231482
0.230662
0.229847
0.229039
0.228235
0.227438
0.226646
0.225860
0.225079
0.224304
0.223534
0.222770
0.222010
0.221257
0.220508
0.219765
0.219027
0.218294
0.217566
0.216843
0.216125
0.215412
0.214704
0.214001
0.213303
0.212610
0.211921
0.211238
0.210559
0.209884
0.209215
0.208550
0.207889
0.207233
0.206582
0.205935
0.205293
0.204655
0.204021
0.203391
0.202766
0.202146
0.201529
0.200917
0.200308
0.199704
0.199105
0.198509
0.197917
0.197329
0.196745
0.196165
0.195589
0.195017
0.194449
0.193885
0.193324
0.192767
0.192214
0.191665
0.191119
0.190577
0.190039
0.189504
0.188973
0.188445
0.187921
0.187400
0.186883
0.186369
0.185859
0.185352
0.184848
0.184348
0.183851
0.183357
0.182867
0.182380
0.181896
0.181415
0.180937
0.180463
0.179991
0.179523
0.179058
0.178595
0.178136
0.177680
0.177226
0.176776
0.176329
0.175884
0.175442
0.175004
0.174568
0.174134
0.173704
0.173276
0.172852
0.172429
0.172010
0.171593
0.171179
0.170768
0.170359
0.169953
0.169549
0.169148
0.168750
0.168354
0.167960
0.167569
0.167181
0.166795
0.166411
0.166030
0.165651
0.165274
0.164900
0.164529
0.164159
0.163792
0.163427
0.163065
0.162705
0.162347
0.161991
0.161637
0.161286
0.160937
0.160589
0.160245
0.159902
0.159561
0.159223
0.158886
0.158552
0.158219
0.157889
0.157561
0.157234
0.156910
0.156588
0.156267
0.155949
0.155632
0.155318
0.155005
0.154694
0.154385
0.154078
0.153773
0.153470
0.153168
0.152869
0.152571
0.152275
0.151980
0.151688
0.151397
0.151108
0.150821
0.150535
0.150251
0.149969
0.149688
0.149409
0.149132
0.148856
0.148582
0.148310
0.148039
0.147770
0.147502
0.147236
0.146972
0.146709
0.146448
0.146188
0.145930
0.145673
0.145417
0.145164
0.144911
0.144660
0.144411
0.144163
0.143917
0.143671
0.143428
0.143186
0.142945
0.142705
0.142467
0.142230
0.141995
0.141761
0.141528
0.141297
0.141067
0.140838
0.140611
0.140385
0.140160
0.139936
0.139714
0.139493
0.139273
0.139055
0.138838
0.138622
0.138407
0.138193
0.137981
0.137770
0.137560
0.137351
0.137143
0.136937
0.136731
0.136527
0.136324
0.136122
0.135921
0.135722
0.135523
0.135326
0.135129
0.134934
0.134740
0.134547
0.134355
0.134164
0.133974
0.133785
0.133598
0.133411
0.133225
0.133040
0.132857
0.132674
0.132492
0.132312
0.132132
0.131953
0.131776
0.131599
0.131423
0.131248
0.131074
0.130901
0.130730
0.130558
0.130388
0.130219
0.130051
0.129884
0.129717
0.129552
0.129387
0.129223
0.129060
0.128898
0.128737
0.128577
0.128417
0.128259
0.128101
0.127944
0.127788
0.127633
0.127479
0.127325
0.127173
0.127021
0.126870
0.126719
0.126570
0.126421
0.126273
0.126126
0.125980
0.125834
0.125690
0.125546
0.125403
0.125260
0.125118
0.124977
0.124837
0.124698
0.124559
0.124421
0.124284
0.124147
0.124011
0.123876
0.123742
0.123608
0.123475
0.123342
0.123211
0.123080
0.122950
0.122820
0.122691
0.122563
0.122435
0.122308
0.122182
0.122057
0.121932
0.121807
0.121684
0.121561
0.121438
0.121317
0.121195
0.121075
0.120955
0.120836
0.120717
0.120599
0.120482
0.120365
0.120249
0.120133
0.120018
0.119904
0.119790
0.119677
0.119564
0.119452
0.119340
0.119229
0.119119
0.119009
0.118900
0.118791
0.118683
0.118576
0.118469
0.118362
0.118256
0.118151
0.118046
0.117941
0.117838
0.117734
0.117632
0.117529
0.117428
0.117326
0.117226
0.117125
0.117026
0.116927
0.116828
0.116730
0.116632
0.116535
0.116438
0.116342
0.116246
0.116151
0.116056
0.115962
0.115868
0.115775
0.115682
0.115589
0.115497
0.115406
0.115315
0.115224
0.115134
0.115044
0.114955
0.114866
0.114778
0.114690
0.114602
0.114515
0.114429
0.114343
0.114257
0.114171
0.114087
0.114002
0.113918
0.113834
0.113751
0.113668
0.113586
0.113504
0.113422
0.113341
0.113260
0.113180
0.113100
0.113020
0.112941
0.112862
0.112784
0.112706
0.112628
0.112551
0.112474
0.112397
0.112321
0.112245
0.112170
0.112095
0.112020
0.111946
0.111872
0.111799
0.111725
0.111652
0.111580
0.111508
0.111436
0.111365
0.111293
0.111223
0.111152
0.111082
0.111013
0.110943
0.110874
0.110805
0.110737
0.110669
0.110601
0.110534
0.110467
0.110400
0.110334
0.110268
0.110202
0.110137
0.110071
0.110007
0.109942
0.109878
0.109814
0.109751
0.109687
0.109624
0.109562
0.109499
0.109437
0.109376
0.109314
0.109253
0.109192
0.109132
0.109071
0.109011
0.108952
0.108892
0.108833
0.108774
0.108716
0.108658
0.108600
0.108542
0.108485
0.108427
0.108371
0.108314
0.108258
0.108202
0.108146
0.108090
0.108035
0.107980
0.107925
0.107871
0.107817
0.107763
0.107709
0.107656
0.107602
0.107550
0.107497
0.107444
0.107392
0.107340
0.107289
0.107237
0.107186
0.107135
0.107085
0.107034
0.106984
0.106934
0.106884
0.106835
0.106786
0.106736
0.106688
0.106639
0.106591
0.106543
0.106495
0.106447
0.106400
0.106353
0.106306
0.106259
0.106212
0.106166
0.106120
0.106074
0.106029
0.105983
0.105938
0.105893
0.105848
0.105804
0.105759
0.105715
0.105671
0.105627
0.105584
0.105541
0.105498
0.105455
0.105412
0.105369
0.105327
0.105285
0.105243
0.105201
0.105160
0.105119
0.105077
0.105037
0.104996
0.104955
0.104915
0.104875
0.104835
0.104795
0.104755
0.104716
0.104677
0.104638
0.104599
0.104560
0.104522
0.104484
0.104445
0.104408
0.104370
0.104332
0.104295
0.104258
0.104220
0.104184
0.104147
0.104110
0.104074
0.104038
0.104002
0.103966
0.103930
0.103895
0.103859
0.103824
0.103789
0.103754
0.103720
0.103685
0.103651
0.103617
0.103583
0.103549
0.103515
0.103481
0.103448
0.103415
0.103382
0.103349
0.103316
0.103283
0.103251
0.103218
0.103186
0.103154
0.103122
0.103091
0.103059
0.103028
0.102996
0.102965
0.102934
0.102903
0.102873
0.102842
0.102812
0.102782
0.102751
0.102721
0.102692
0.102662
0.102632
0.102603
0.102574
0.102544
0.102515
0.102487
0.102458
0.102429
0.102401
0.102372
0.102344
0.102316
0.102288
0.102260
0.102233
0.102205
0.102178
0.102150
0.102123
0.102096
0.102069
0.102042
0.102016
0.101989
0.101963
0.101937
0.101910
0.101884
0.101858
0.101833
0.101912
0.102286
0.103185
0.105139
0.110604
0.369602
0.348436
0.344218
0.366753
0.405617
0.474755
0.573034
0.674161
0.766236
0.846800
0.916802
0.977692
1.030580
1.076230
1.115260
1.148240
1.175870
1.198870
1.217990
1.233940
1.247300
1.258450
1.267600
1.274760
1.279830
1.282680
1.283360
1.282120
1.279370
1.275560
1.271070
1.266160
1.261000
1.255680
1.250250
1.244730
1.239130
1.233460
1.227730
1.221930
1.216080
1.210180
1.204230
1.198230
1.192190
1.186120
1.180020
1.173890
1.167730
1.161550
1.155350
1.149140
1.142920
1.136690
1.130460
1.124220
1.117990
1.111750
1.105520
1.099300
1.093090
1.086890
1.080700
1.074520
1.068360
1.062210
1.056080
1.049970
1.043880
1.037810
1.031760
1.025730
1.019730
1.013750
1.007790
1.001860
0.995956
0.990076
0.984221
0.978393
0.972593
0.966819
0.961073
0.955354
0.949664
0.944002
0.938368
0.932763
0.927187
0.921640
0.916122
0.910632
0.905172
0.899742
0.894340
0.888968
0.883626
0.878312
0.873029
0.867774
0.862549
0.857354
0.852188
0.847051
0.841944
0.836866
0.831817
0.826798
0.821808
0.816847
0.811915
0.807013
0.802139
0.797294
0.792479
0.787692
0.782934
0.778204
0.773504
0.768832
0.764188
0.759573
0.754987
0.750428
0.745898
0.741396
0.736922
0.732476
0.728058
0.723668
0.719306
0.714971
0.710664
0.706384
0.702132
0.697907
0.693709
0.689539
0.685395
0.681279
0.677189
0.673126
0.669090
0.665080
0.661097
0.657140
0.653210
0.649306
0.645428
0.641576
0.637749
0.633949
0.630174
0.626425
0.622702
0.619003
0.615331
0.611683
0.608060
0.604463
0.600890
0.597342
0.593819
0.590320
0.586846
0.583396
0.579970
0.576568
0.573191
0.569837
0.566507
0.563200
0.559918
0.556658
0.553422
0.550209
0.547019
0.543853
0.540709
0.537587
0.534489
0.531412
0.528359
0.525327
0.522318
0.519330
0.516364
0.513421
0.510498
0.507598
0.504718
0.501860
0.499024
0.496208
0.493413
0.490638
0.487885
0.485152
0.482439
0.479747
0.477074
0.474422
0.471790
0.469177
0.466584
0.464011
0.461457
0.458922
0.456406
0.453910
0.451432
0.448973
0.446532
0.444110
0.441707
0.439321
0.436954
0.434605
0.432274
0.429960
0.427664
0.425386
0.423124
0.420881
0.418654
0.416444
0.414251
0.412075
0.409915
0.407772
0.405645
0.403535
0.401440
0.399362
0.397300
0.395253
0.393222
0.391206
0.389206
0.387221
0.385251
0.383297
0.381357
0.379432
0.377522
0.375626
0.373745
0.371878
0.370025
0.368186
0.366362
0.364551
0.362754
0.360971
0.359201
0.357445
0.355702
0.353972
0.352256
0.350552
0.348861
0.347183
0.345518
0.343866
0.342225
0.340598
0.338982
0.337379
0.335787
0.334208
0.332641
0.331085
0.329541
0.328009
0.326488
0.324978
0.323480
0.321993
0.320517
0.319052
0.317598
0.316154
0.314722
0.313300
0.311889
0.310488
0.309097
0.307717
0.306347
0.304987
0.303637
0.302297
0.300967
0.299647
0.298337
0.297036
0.295745
0.294463
0.293190
0.291927
0.290673
0.289428
0.288193
0.286966
0.285749
0.284540
0.283340
0.282148
0.280966
0.279792
0.278626
0.277469
0.276321
0.275180
0.274048
0.272924
0.271808
0.270701
0.269601
0.268509
0.267425
0.266349
0.265280
0.264220
0.263167
0.262121
0.261083
0.260052
0.259029
0.258013
0.257005
0.256003
0.255009
0.254022
0.253042
0.252069
0.251103
0.250144
0.249192
0.248246
0.247307
0.246375
0.245449
0.244530
0.243618
0.242712
0.241812
0.240919
0.240032
0.239152
0.238277
0.237409
0.236547
0.235691
0.234841
0.233998
0.233160
0.232328
0.231501
0.230681
0.229867
0.229058
0.228255
0.227457
0.226665
0.225879
0.225098
0.224323
0.223553
0.222788
0.222029
0.221275
0.220526
0.219783
0.219045
0.218312
0.217584
0.216861
0.216143
0.215430
0.214722
0.214019
0.213321
0.212627
0.211939
0.211255
0.210576
0.209901
0.209232
0.208567
0.207906
0.207250
0.206599
0.205952
0.205309
0.204671
0.204037
0.203408
0.202783
0.202162
0.201545
0.200933
0.200324
0.199720
0.199120
0.198524
0.197932
0.197345
0.196761
0.196181
0.195605
0.195033
0.194464
0.193900
0.193339
0.192782
0.192229
0.191680
0.191134
0.190592
0.190054
0.189519
0.188988
0.188460
0.187936
0.187415
0.186898
0.186384
0.185873
0.185366
0.184863
0.184362
0.183865
0.183371
0.182881
0.182394
0.181910
0.181429
0.180951
0.180476
0.180005
0.179536
0.179071
0.178609
0.178149
0.177693
0.177240
0.176789
0.176342
0.175897
0.175455
0.175017
0.174581
0.174147
0.173717
0.173289
0.172864
0.172442
0.172023
0.171606
0.171192
0.170780
0.170371
0.169965
0.169561
0.169160
0.168762
0.168366
0.167972
0.167581
0.167193
0.166807
0.166423
0.166042
0.165663
0.165286
0.164912
0.164540
0.164171
0.163804
0.163439
0.163076
0.162716
0.162358
0.162002
0.161649
0.161297
0.160948
0.160601
0.160256
0.159913
0.159572
0.159234
0.158897
0.158563
0.158230
0.157900
0.157571
0.157245
0.156921
0.156598
0.156278
0.155960
0.155643
0.155328
0.155016
0.154705
0.154396
0.154089
0.153784
0.153480
0.153179
0.152879
0.152581
0.152285
0.151991
0.151698
0.151407
0.151118
0.150831
0.150545
0.150261
0.149979
0.149698
0.149419
0.149142
0.148866
0.148592
0.148320
0.148049
0.147780
0.147512
0.147246
0.146982
0.146719
0.146457
0.146197
0.145939
0.145682
0.145427
0.145173
0.144921
0.144670
0.144420
0.144172
0.143926
0.143681
0.143437
0.143195
0.142954
0.142714
0.142476
0.142239
0.142004
0.141770
0.141537
0.141306
0.141076
0.140847
0.140620
0.140393
0.140169
0.139945
0.139723
0.139502
0.139282
0.139063
0.138846
0.138630
0.138415
0.138202
0.137989
0.137778
0.137568
0.137359
0.137151
0.136945
0.136740
0.136535
0.136332
0.136130
0.135930
0.135730
0.135531
0.135334
0.135138
0.134942
0.134748
0.134555
0.134363
0.134172
0.133982
0.133793
0.133606
0.133419
0.133233
0.133048
0.132865
0.132682
0.132500
0.132319
0.132140
0.131961
0.131783
0.131607
0.131431
0.131256
0.131082
0.130909
0.130737
0.130566
0.130396
0.130227
0.130058
0.129891
0.129725
0.129559
0.129394
0.129230
0.129068
0.128906
0.128744
0.128584
0.128425
0.128266
0.128108
0.127952
0.127796
0.127640
0.127486
0.127332
0.127180
0.127028
0.126877
0.126726
0.126577
0.126428
0.126280
0.126133
0.125987
0.125841
0.125697
0.125553
0.125409
0.125267
0.125125
0.124984
0.124844
0.124704
0.124566
0.124428
0.124290
0.124154
0.124018
0.123883
0.123748
0.123615
0.123481
0.123349
0.123217
0.123086
0.122956
0.122827
0.122698
0.122569
0.122442
0.122315
0.122189
0.122063
0.121938
0.121814
0.121690
0.121567
0.121445
0.121323
0.121202
0.121081
0.120961
0.120842
0.120724
0.120606
0.120488
0.120371
0.120255
0.120139
0.120024
0.119910
0.119796
0.119683
0.119570
0.119458
0.119347
0.119236
0.119125
0.119015
0.118906
0.118797
0.118689
0.118582
0.118475
0.118368
0.118262
0.118157
0.118052
0.117947
0.117844
0.117740
0.117637
0.117535
0.117433
0.117332
0.117231
0.117131
0.117032
0.116932
0.116834
0.116735
0.116638
0.116540
0.116444
0.116348
0.116252
0.116156
0.116062
0.115967
0.115874
0.115780
0.115687
0.115595
0.115503
0.115411
0.115320
0.115230
0.115139
0.115050
0.114960
0.114872
0.114783
0.114695
0.114608
0.114521
0.114434
0.114348
0.114262
0.114177
0.114092
0.114007
0.113923
0.113840
0.113756
0.113674
0.113591
0.113509
0.113428
0.113346
0.113266
0.113185
0.113105
0.113025
0.112946
0.112867
0.112789
0.112711
0.112633
0.112556
0.112479
0.112403
0.112326
0.112251
0.112175
0.112100
0.112025
0.111951
0.111877
0.111804
0.111730
0.111658
0.111585
0.111513
0.111441
0.111370
0.111299
0.111228
0.111157
0.111087
0.111018
0.110948
0.110879
0.110810
0.110742
0.110674
0.110606
0.110539
0.110472
0.110405
0.110339
0.110273
0.110207
0.110141
0.110076
0.110012
0.109947
0.109883
0.109819
0.109755
0.109692
0.109629
0.109567
0.109504
0.109442
0.109380
0.109319
0.109258
0.109197
0.109136
0.109076
0.109016
0.108957
0.108897
0.108838
0.108779
0.108721
0.108662
0.108604
0.108547
0.108489
0.108432
0.108375
0.108319
0.108262
0.108206
0.108150
0.108095
0.108040
0.107985
0.107930
0.107875
0.107821
0.107767
0.107714
0.107660
0.107607
0.107554
0.107501
0.107449
0.107397
0.107345
0.107293
0.107242
0.107191
0.107140
0.107089
0.107039
0.106988
0.106938
0.106889
0.106839
0.106790
0.106741
0.106692
0.106644
0.106595
0.106547
0.106499
0.106452
0.106404
0.106357
0.106310
0.106263
0.106217
0.106170
0.106124
0.106079
0.106033
0.105987
0.105942
0.105897
0.105852
0.105808
0.105764
0.105719
0.105675
0.105632
0.105588
0.105545
0.105502
0.105459
0.105416
0.105374
0.105331
0.105289
0.105247
0.105206
0.105164
0.105123
0.105082
0.105041
0.105000
0.104959
0.104919
0.104879
0.104839
0.104799
0.104760
0.104720
0.104681
0.104642
0.104603
0.104564
0.104526
0.104488
0.104450
0.104412
0.104374
0.104336
0.104299
0.104262
0.104225
0.104188
0.104151
0.104114
0.104078
0.104042
0.104006
0.103970
0.103934
0.103899
0.103863
0.103828
0.103793
0.103758
0.103724
0.103689
0.103655
0.103621
0.103586
0.103553
0.103519
0.103485
0.103452
0.103419
0.103386
0.103353
0.103320
0.103287
0.103255
0.103222
0.103190
0.103158
0.103126
0.103095
0.103063
0.103032
0.103000
0.102969
0.102938
0.102907
0.102877
0.102846
0.102816
0.102785
0.102755
0.102725
0.102695
0.102666
0.102636
0.102607
0.102577
0.102548
0.102519
0.102490
0.102462
0.102433
0.102404
0.102376
0.102348
0.102320
0.102292
0.102264
0.102236
0.102209
0.102181
0.102154
0.102127
0.102100
0.102073
0.102046
0.102019
0.101993
0.101967
0.101940
0.101914
0.101888
0.101862
0.101836
