11.447700
11.447700
11.447700
11.447700
11.447600
11.447700
11.450300
11.451000
11.450900
11.450800
11.450800
11.450700
11.450600
11.450500
11.450400
11.450400
11.450300
11.450200
11.450200
11.450100
11.450100
11.450100
11.450000
11.450000
11.450000
11.450000
11.449900
11.449900
11.449900
11.450000
11.450000
11.450000
11.450000
11.450000
11.450100
11.450100
11.450100
11.450200
11.450200
11.450300
11.450300
11.450400
11.450400
11.450500
11.450500
11.450600
11.450600
11.450700
11.450700
11.450800
11.450800
11.450900
11.451000
11.451000
11.451100
11.451100
11.451200
11.451300
11.451300
11.451400
11.451400
11.451500
11.451600
11.451600
11.451700
11.451800
11.451800
11.451900
11.451900
11.452000
11.452100
11.452100
11.452200
11.452300
11.452300
11.452400
11.452500
11.452500
11.452600
11.452600
11.452700
11.452800
11.452800
11.452900
11.452900
11.453000
11.453000
11.453100
11.453200
11.453200
11.453300
11.453300
11.453400
11.453400
11.453500
11.453500
11.453600
11.453700
11.453700
11.453800
11.453800
11.453900
11.453900
11.454000
11.454000
11.454000
11.454100
11.454100
11.454200
11.454200
11.454300
11.454300
11.454400
11.454400
11.454500
11.454500
11.454500
11.454600
11.454600
11.454700
11.454700
11.454700
11.454800
11.454800
11.454900
11.454900
11.454900
11.455000
11.455000
11.455000
11.455100
11.455100
11.455100
11.455200
11.455200
11.455200
11.455300
11.455300
11.455300
11.455400
11.455400
11.455400
11.455500
11.455500
11.455500
11.455500
11.455600
11.455600
11.455600
11.455600
11.455700
11.455700
11.455700
11.455700
11.455800
11.455800
11.455800
11.455800
11.455900
11.455900
11.455900
11.455900
11.456000
11.456000
11.456000
11.456000
11.456000
11.456100
11.456100
11.456100
11.456100
11.456100
11.456200
11.456200
11.456200
11.456200
11.456200
11.456200
11.456300
11.456300
11.456300
11.456300
11.456300
11.456300
11.456300
11.456400
11.456400
11.456400
11.456400
11.456400
11.456400
11.456400
11.456500
11.456500
11.456500
11.456500
11.456500
11.456500
11.456500
11.456500
11.456500
11.456600
11.456600
11.456600
11.456600
11.456600
11.456600
11.456600
11.456600
11.456600
11.456600
11.456700
11.456700
11.456700
11.456700
11.456700
11.456700
11.456700
11.456700
11.456700
11.456700
11.456700
11.456700
11.456700
11.456700
11.456700
11.456800
11.456800
11.456800
11.456800
11.456800
11.456800
11.456800
11.456800
11.456800
11.456800
11.456800
11.456800
11.456800
11.456800
11.456800
11.456800
11.456800
11.456800
11.456800
11.456800
11.456800
11.456800
11.456800
11.456800
11.456800
11.456800
11.456800
11.456800
11.456800
11.456800
11.456800
11.456800
11.456800
11.456800
11.456800
11.456800
11.456800
11.456800
11.456800
11.456800
11.456800
11.456800
11.456800
11.456800
11.456800
11.456800
11.456800
11.456800
11.456800
11.456800
11.456800
11.456800
11.456800
11.456800
11.456800
11.456800
11.456800
11.456800
11.456800
11.456800
11.456800
11.456800
11.456800
11.456800
11.456800
11.456800
11.456800
11.456800
11.456800
11.456800
11.456800
11.456800
11.456800
11.456800
11.456800
11.456800
11.456800
11.456800
11.456700
11.456700
11.456700
11.456700
11.456700
11.456700
11.456700
11.456700
11.456700
11.456700
11.456700
11.456700
11.456700
11.456700
11.456700
11.456700
11.456700
11.456700
11.456700
11.456700
11.456600
11.456600
11.456600
11.456600
11.456600
11.456600
11.456600
11.456600
11.456600
11.456600
11.456600
11.456600
11.456600
11.456600
11.456600
11.456600
11.456500
11.456500
11.456500
11.456500
11.456500
11.456500
11.456500
11.456500
11.456500
11.456500
11.456500
11.456500
11.456500
11.456500
11.456400
11.456400
11.456400
11.456400
11.456400
11.456400
11.456400
11.456400
11.456400
11.456400
11.456400
11.456400
11.456400
11.456300
11.456300
11.456300
11.456300
11.456300
11.456300
11.456300
11.456300
11.456300
11.456300
11.456300
11.456300
11.456200
11.456200
11.456200
11.456200
11.456200
11.456200
11.456200
11.456200
11.456200
11.456200
11.456200
11.456100
11.456100
11.456100
11.456100
11.456100
11.456100
11.456100
11.456100
11.456100
11.456100
11.456000
11.456000
11.456000
11.456000
11.456000
11.456000
11.456000
11.456000
11.456000
11.456000
11.456000
11.455900
11.455900
11.455900
11.455900
11.455900
11.455900
11.455900
11.455900
11.455900
11.455800
11.455800
11.455800
11.455800
11.455800
11.455800
11.455800
11.455800
11.455800
11.455800
11.455700
11.455700
11.455700
11.455700
11.455700
11.455700
11.455700
11.455700
11.455700
11.455600
11.455600
11.455600
11.455600
11.455600
11.455600
11.455600
11.455600
11.455600
11.455500
11.455500
11.455500
11.455500
11.455500
11.455500
11.455500
11.455500
11.455500
11.455400
11.455400
11.455400
11.455400
11.455400
11.455400
11.455400
11.455400
11.455400
11.455300
11.455300
11.455300
11.455300
11.455300
11.455300
11.455300
11.455300
11.455200
11.455200
11.455200
11.455200
11.455200
11.455200
11.455200
11.455200
11.455200
11.455100
11.455100
11.455100
11.455100
11.455100
11.455100
11.455100
11.455100
11.455000
11.455000
11.455000
11.455000
11.455000
11.455000
11.455000
11.455000
11.454900
11.454900
11.454900
11.454900
11.454900
11.454900
11.454900
11.454900
11.454800
11.454800
11.454800
11.454800
11.454800
11.454800
11.454800
11.454800
11.454700
11.454700
11.454700
11.454700
11.454700
11.454700
11.454700
11.454700
11.454600
11.454600
11.454600
11.454600
11.454600
11.454600
11.454600
11.454600
11.454500
11.454500
11.454500
11.454500
11.454500
11.454500
11.454500
11.454500
11.454400
11.454400
11.454400
11.454400
11.454400
11.454400
11.454400
11.454300
11.454300
11.454300
11.454300
11.454300
11.454300
11.454300
11.454300
11.454200
11.454200
11.454200
11.454200
11.454200
11.454200
11.454200
11.454200
11.454100
11.454100
11.454100
11.454100
11.454100
11.454100
11.454100
11.454000
11.454000
11.454000
11.454000
11.454000
11.454000
11.454000
11.454000
11.453900
11.453900
11.453900
11.453900
11.453900
11.453900
11.453900
11.453800
11.453800
11.453800
11.453800
11.453800
11.453800
11.453800
11.453700
11.453700
11.453700
11.453700
11.453700
11.453700
11.453700
11.453700
11.453600
11.453600
11.453600
11.453600
11.453600
11.453600
11.453600
11.453500
11.453500
11.453500
11.453500
11.453500
11.453500
11.453500
11.453400
11.453400
11.453400
11.453400
11.453400
11.453400
11.453400
11.453300
11.453300
11.453300
11.453300
11.453300
11.453300
11.453300
11.453200
11.453200
11.453200
11.453200
11.453200
11.453200
11.453200
11.453200
11.453100
11.453100
11.453100
11.453100
11.453100
11.453100
11.453100
11.453000
11.453000
11.453000
11.453000
11.453000
11.453000
11.453000
11.452900
11.452900
11.452900
11.452900
11.452900
11.452900
11.452900
11.452800
11.452800
11.452800
11.452800
11.452800
11.452800
11.452800
11.452700
11.452700
11.452700
11.452700
11.452700
11.452700
11.452700
11.452600
11.452600
11.452600
11.452600
11.452600
11.452600
11.452600
11.452500
11.452500
11.452500
11.452500
11.452500
11.452500
11.452500
11.452400
11.452400
11.452400
11.452400
11.452400
11.452400
11.452400
11.452300
11.452300
11.452300
11.452300
11.452300
11.452300
11.452300
11.452200
11.452200
11.452200
11.452200
11.452200
11.452200
11.452200
11.452100
11.452100
11.452100
11.452100
11.452100
11.452100
11.452100
11.452000
11.452000
11.452000
11.452000
11.452000
11.452000
11.451900
11.451900
11.451900
11.451900
11.451900
11.451900
11.451900
11.451800
11.451800
11.451800
11.451800
11.451800
11.451800
11.451800
11.451700
11.451700
11.451700
11.451700
11.451700
11.451700
11.451700
11.451600
11.451600
11.451600
11.451600
11.451600
11.451600
11.451600
11.451500
11.451500
11.451500
11.451500
11.451500
11.451500
11.451500
11.451400
11.451400
11.451400
11.451400
11.451400
11.451400
11.451300
11.451300
11.451300
11.451300
11.451300
11.451300
11.451300
11.451200
11.451200
11.451200
11.451200
11.451200
11.451200
11.451200
11.451100
11.451100
11.451100
11.451100
11.451100
11.451100
11.451100
11.451000
11.451000
11.451000
11.451000
11.451000
11.451000
11.450900
11.450900
11.450900
11.450900
11.450900
11.450900
11.450900
11.450800
11.450800
11.450800
11.450800
11.450800
11.450800
11.450800
11.450700
11.450700
11.450700
11.450700
11.450700
11.450700
11.450700
11.450600
11.450600
11.450600
11.450600
11.450600
11.450600
11.450500
11.450500
11.450500
11.450500
11.450500
11.450500
11.450500
11.450400
11.450400
11.450400
11.450400
11.450400
11.450400
11.450400
11.450300
11.450300
11.450300
11.450300
11.450300
11.450300
11.450200
11.450200
11.450200
11.450200
11.450200
11.450200
11.450200
11.450100
11.450100
11.450100
11.450100
11.450100
11.450100
11.450100
11.450000
11.450000
11.450000
11.450000
11.450000
11.450000
11.449900
11.449900
11.449900
11.449900
11.449900
11.449900
11.449900
11.449800
11.449800
11.449800
11.449800
11.449800
11.449800
11.449800
11.449700
11.449700
11.449700
11.449700
11.449700
11.449700
11.449600
11.449600
11.449600
11.449600
11.449600
11.449600
11.449600
11.449500
11.449500
11.449500
11.449500
11.449500
11.449500
11.449500
11.449400
11.449400
11.449400
11.449400
11.449400
11.449400
11.449300
11.449300
11.449300
11.449300
11.449300
11.449300
11.449300
11.449200
11.449200
11.449200
11.449200
11.449200
11.449200
11.449100
11.449100
11.449100
11.449100
11.449100
11.449100
11.449100
11.449000
11.449000
11.449000
11.449000
11.449000
11.449000
11.449000
11.448900
11.448900
11.448900
11.448900
11.448900
11.448900
11.448800
11.448800
11.448800
11.448800
11.448800
11.448800
11.448800
11.448700
11.448700
11.448700
11.448700
11.448700
11.448700
11.448600
11.448600
11.448600
11.448600
11.448600
11.448600
11.448600
11.448500
11.448500
11.448500
11.448500
11.448500
11.448500
11.448500
11.448400
11.448400
11.448400
11.448400
11.448400
11.448400
11.448300
11.448300
11.448300
11.448300
11.448300
11.448300
11.448300
11.448200
11.448200
11.448200
11.448200
11.448200
11.448200
11.448100
11.448100
11.448100
11.448100
11.448100
11.448100
11.448100
11.448000
11.448000
11.448000
11.448000
11.448000
11.448000
11.447900
11.447900
11.447900
11.447900
11.447900
11.447900
11.447900
11.447800
11.447800
11.447800
11.447800
11.447800
11.447800
11.447800
11.447700
11.447700
11.447700
11.447700
11.447700
11.447600
11.447700
11.450300
11.451000
11.450900
11.450800
11.450800
11.450700
11.450600
11.450500
11.450400
11.450400
11.450300
11.450200
11.450200
11.450100
11.450100
11.450100
11.450000
11.450000
11.450000
11.450000
11.449900
11.449900
11.449900
11.450000
11.450000
11.450000
11.450000
11.450000
11.450100
11.450100
11.450100
11.450200
11.450200
11.450300
11.450300
11.450400
11.450400
11.450500
11.450500
11.450600
11.450600
11.450700
11.450700
11.450800
11.450800
11.450900
11.451000
11.451000
11.451100
11.451100
11.451200
11.451300
11.451300
11.451400
11.451400
11.451500
11.451600
11.451600
11.451700
11.451800
11.451800
11.451900
11.452000
11.452000
11.452100
11.452100
11.452200
11.452300
11.452300
11.452400
11.452500
11.452500
11.452600
11.452600
11.452700
11.452800
11.452800
11.452900
11.452900
11.453000
11.453000
11.453100
11.453200
11.453200
11.453300
11.453300
11.453400
11.453400
11.453500
11.453500
11.453600
11.453700
11.453700
11.453800
11.453800
11.453900
11.453900
11.454000
11.454000
11.454000
11.454100
11.454100
11.454200
11.454200
11.454300
11.454300
11.454400
11.454400
11.454500
11.454500
11.454500
11.454600
11.454600
11.454700
11.454700
11.454700
11.454800
11.454800
11.454900
11.454900
11.454900
11.455000
11.455000
11.455000
11.455100
11.455100
11.455100
11.455200
11.455200
11.455200
11.455300
11.455300
11.455300
11.455400
11.455400
11.455400
11.455500
11.455500
11.455500
11.455500
11.455600
11.455600
11.455600
11.455600
11.455700
11.455700
11.455700
11.455700
11.455800
11.455800
11.455800
11.455800
11.455900
11.455900
11.455900
11.455900
11.456000
11.456000
11.456000
11.456000
11.456000
11.456100
11.456100
11.456100
11.456100
11.456100
11.456200
11.456200
11.456200
11.456200
11.456200
11.456200
11.456300
11.456300
11.456300
11.456300
11.456300
11.456300
11.456300
11.456400
11.456400
11.456400
11.456400
11.456400
11.456400
11.456400
11.456500
11.456500
11.456500
11.456500
11.456500
11.456500
11.456500
11.456500
11.456500
11.456600
11.456600
11.456600
11.456600
11.456600
11.456600
11.456600
11.456600
11.456600
11.456600
11.456700
11.456700
11.456700
11.456700
11.456700
11.456700
11.456700
11.456700
11.456700
11.456700
11.456700
11.456700
11.456700
11.456700
11.456700
11.456800
11.456800
11.456800
11.456800
11.456800
11.456800
11.456800
11.456800
11.456800
11.456800
11.456800
11.456800
11.456800
11.456800
11.456800
11.456800
11.456800
11.456800
11.456800
11.456800
11.456800
11.456800
11.456800
11.456800
11.456800
11.456800
11.456800
11.456800
11.456800
11.456800
11.456800
11.456800
11.456800
11.456800
11.456800
11.456800
11.456800
11.456800
11.456800
11.456800
11.456800
11.456800
11.456800
11.456800
11.456800
11.456800
11.456800
11.456800
11.456800
11.456800
11.456800
11.456800
11.456800
11.456800
11.456800
11.456800
11.456800
11.456800
11.456800
11.456800
11.456800
11.456800
11.456800
11.456800
11.456800
11.456800
11.456800
11.456800
11.456800
11.456800
11.456800
11.456800
11.456800
11.456800
11.456800
11.456800
11.456800
11.456800
11.456700
11.456700
11.456700
11.456700
11.456700
11.456700
11.456700
11.456700
11.456700
11.456700
11.456700
11.456700
11.456700
11.456700
11.456700
11.456700
11.456700
11.456700
11.456700
11.456700
11.456600
11.456600
11.456600
11.456600
11.456600
11.456600
11.456600
11.456600
11.456600
11.456600
11.456600
11.456600
11.456600
11.456600
11.456600
11.456600
11.456500
11.456500
11.456500
11.456500
11.456500
11.456500
11.456500
11.456500
11.456500
11.456500
11.456500
11.456500
11.456500
11.456500
11.456400
11.456400
11.456400
11.456400
11.456400
11.456400
11.456400
11.456400
11.456400
11.456400
11.456400
11.456400
11.456400
11.456300
11.456300
11.456300
11.456300
11.456300
11.456300
11.456300
11.456300
11.456300
11.456300
11.456300
11.456300
11.456200
11.456200
11.456200
11.456200
11.456200
11.456200
11.456200
11.456200
11.456200
11.456200
11.456200
11.456100
11.456100
11.456100
11.456100
11.456100
11.456100
11.456100
11.456100
11.456100
11.456100
11.456000
11.456000
11.456000
11.456000
11.456000
11.456000
11.456000
11.456000
11.456000
11.456000
11.456000
11.455900
11.455900
11.455900
11.455900
11.455900
11.455900
11.455900
11.455900
11.455900
11.455800
11.455800
11.455800
11.455800
11.455800
11.455800
11.455800
11.455800
11.455800
11.455800
11.455700
11.455700
11.455700
11.455700
11.455700
11.455700
11.455700
11.455700
11.455700
11.455600
11.455600
11.455600
11.455600
11.455600
11.455600
11.455600
11.455600
11.455600
11.455500
11.455500
11.455500
11.455500
11.455500
11.455500
11.455500
11.455500
11.455500
11.455400
11.455400
11.455400
11.455400
11.455400
11.455400
11.455400
11.455400
11.455400
11.455300
11.455300
11.455300
11.455300
11.455300
11.455300
11.455300
11.455300
11.455200
11.455200
11.455200
11.455200
11.455200
11.455200
11.455200
11.455200
11.455200
11.455100
11.455100
11.455100
11.455100
11.455100
11.455100
11.455100
11.455100
11.455000
11.455000
11.455000
11.455000
11.455000
11.455000
11.455000
11.455000
11.454900
11.454900
11.454900
11.454900
11.454900
11.454900
11.454900
11.454900
11.454800
11.454800
11.454800
11.454800
11.454800
11.454800
11.454800
11.454800
11.454700
11.454700
11.454700
11.454700
11.454700
11.454700
11.454700
11.454700
11.454600
11.454600
11.454600
11.454600
11.454600
11.454600
11.454600
11.454600
11.454500
11.454500
11.454500
11.454500
11.454500
11.454500
11.454500
11.454500
11.454400
11.454400
11.454400
11.454400
11.454400
11.454400
11.454400
11.454300
11.454300
11.454300
11.454300
11.454300
11.454300
11.454300
11.454300
11.454200
11.454200
11.454200
11.454200
11.454200
11.454200
11.454200
11.454200
11.454100
11.454100
11.454100
11.454100
11.454100
11.454100
11.454100
11.454000
11.454000
11.454000
11.454000
11.454000
11.454000
11.454000
11.454000
11.453900
11.453900
11.453900
11.453900
11.453900
11.453900
11.453900
11.453800
11.453800
11.453800
11.453800
11.453800
11.453800
11.453800
11.453700
11.453700
11.453700
11.453700
11.453700
11.453700
11.453700
11.453700
11.453600
11.453600
11.453600
11.453600
11.453600
11.453600
11.453600
11.453500
11.453500
11.453500
11.453500
11.453500
11.453500
11.453500
11.453400
11.453400
11.453400
11.453400
11.453400
11.453400
11.453400
11.453300
11.453300
11.453300
11.453300
11.453300
11.453300
11.453300
11.453300
11.453200
11.453200
11.453200
11.453200
11.453200
11.453200
11.453200
11.453100
11.453100
11.453100
11.453100
11.453100
11.453100
11.453100
11.453000
11.453000
11.453000
11.453000
11.453000
11.453000
11.453000
11.452900
11.452900
11.452900
11.452900
11.452900
11.452900
11.452900
11.452800
11.452800
11.452800
11.452800
11.452800
11.452800
11.452800
11.452700
11.452700
11.452700
11.452700
11.452700
11.452700
11.452700
11.452600
11.452600
11.452600
11.452600
11.452600
11.452600
11.452600
11.452500
11.452500
11.452500
11.452500
11.452500
11.452500
11.452500
11.452400
11.452400
11.452400
11.452400
11.452400
11.452400
11.452400
11.452300
11.452300
11.452300
11.452300
11.452300
11.452300
11.452300
11.452200
11.452200
11.452200
11.452200
11.452200
11.452200
11.452200
11.452100
11.452100
11.452100
11.452100
11.452100
11.452100
11.452100
11.452000
11.452000
11.452000
11.452000
11.452000
11.452000
11.451900
11.451900
11.451900
11.451900
11.451900
11.451900
11.451900
11.451800
11.451800
11.451800
11.451800
11.451800
11.451800
11.451800
11.451700
11.451700
11.451700
11.451700
11.451700
11.451700
11.451700
11.451600
11.451600
11.451600
11.451600
11.451600
11.451600
11.451600
11.451500
11.451500
11.451500
11.451500
11.451500
11.451500
11.451500
11.451400
11.451400
11.451400
11.451400
11.451400
11.451400
11.451300
11.451300
11.451300
11.451300
11.451300
11.451300
11.451300
11.451200
11.451200
11.451200
11.451200
11.451200
11.451200
11.451200
11.451100
11.451100
11.451100
11.451100
11.451100
11.451100
11.451100
11.451000
11.451000
11.451000
11.451000
11.451000
11.451000
11.450900
11.450900
11.450900
11.450900
11.450900
11.450900
11.450900
11.450800
11.450800
11.450800
11.450800
11.450800
11.450800
11.450800
11.450700
11.450700
11.450700
11.450700
11.450700
11.450700
11.450700
11.450600
11.450600
11.450600
11.450600
11.450600
11.450600
11.450500
11.450500
11.450500
11.450500
11.450500
11.450500
11.450500
11.450400
11.450400
11.450400
11.450400
11.450400
11.450400
11.450400
11.450300
11.450300
11.450300
11.450300
11.450300
11.450300
11.450200
11.450200
11.450200
11.450200
11.450200
11.450200
11.450200
11.450100
11.450100
11.450100
11.450100
11.450100
11.450100
11.450100
11.450000
11.450000
11.450000
11.450000
11.450000
11.450000
11.449900
11.449900
11.449900
11.449900
11.449900
11.449900
11.449900
11.449800
11.449800
11.449800
11.449800
11.449800
11.449800
11.449800
11.449700
11.449700
11.449700
11.449700
11.449700
11.449700
11.449600
11.449600
11.449600
11.449600
11.449600
11.449600
11.449600
11.449500
11.449500
11.449500
11.449500
11.449500
11.449500
11.449500
11.449400
11.449400
11.449400
11.449400
11.449400
11.449400
11.449300
11.449300
11.449300
11.449300
11.449300
11.449300
11.449300
11.449200
11.449200
11.449200
11.449200
11.449200
11.449200
11.449100
11.449100
11.449100
11.449100
11.449100
11.449100
11.449100
11.449000
11.449000
11.449000
11.449000
11.449000
11.449000
11.449000
11.448900
11.448900
11.448900
11.448900
11.448900
11.448900
11.448800
11.448800
11.448800
11.448800
11.448800
11.448800
11.448800
11.448700
11.448700
11.448700
11.448700
11.448700
11.448700
11.448600
11.448600
11.448600
11.448600
11.448600
11.448600
11.448600
11.448500
11.448500
11.448500
11.448500
11.448500
11.448500
11.448500
11.448400
11.448400
11.448400
11.448400
11.448400
11.448400
11.448300
11.448300
11.448300
11.448300
11.448300
11.448300
11.448300
11.448200
11.448200
11.448200
11.448200
11.448200
11.448200
11.448100
11.448100
11.448100
11.448100
11.448100
11.448100
11.448100
11.448000
11.448000
11.448000
11.448000
11.448000
11.448000
11.447900
11.447900
11.447900
11.447900
11.447900
11.447900
11.447900
11.447800
11.447800
11.447800
11.447800
11.447800
11.447800
11.447800
11.447700
11.447700
11.447700
11.447700
11.447700
11.447600
11.447700
11.450300
11.451000
11.450900
11.450800
11.450800
11.450700
11.450600
11.450500
11.450400
11.450400
11.450300
11.450200
11.450200
11.450100
11.450100
11.450100
11.450000
11.450000
11.450000
11.450000
11.449900
11.449900
11.449900
11.450000
11.450000
11.450000
11.450000
11.450000
11.450100
11.450100
11.450100
11.450200
11.450200
11.450300
11.450300
11.450400
11.450400
11.450500
11.450500
11.450600
11.450600
11.450700
11.450700
11.450800
11.450800
11.450900
11.451000
11.451000
11.451100
11.451100
11.451200
11.451300
11.451300
11.451400
11.451400
11.451500
11.451600
11.451600
11.451700
11.451800
11.451800
11.451900
11.452000
11.452000
11.452100
11.452100
11.452200
11.452300
11.452300
11.452400
11.452500
11.452500
11.452600
11.452600
11.452700
11.452800
11.452800
11.452900
11.452900
11.453000
11.453000
11.453100
11.453200
11.453200
11.453300
11.453300
11.453400
11.453400
11.453500
11.453500
11.453600
11.453700
11.453700
11.453800
11.453800
11.453900
11.453900
11.454000
11.454000
11.454000
11.454100
11.454100
11.454200
11.454200
11.454300
11.454300
11.454400
11.454400
11.454500
11.454500
11.454500
11.454600
11.454600
11.454700
11.454700
11.454700
11.454800
11.454800
11.454900
11.454900
11.454900
11.455000
11.455000
11.455000
11.455100
11.455100
11.455100
11.455200
11.455200
11.455200
11.455300
11.455300
11.455300
11.455400
11.455400
11.455400
11.455500
11.455500
11.455500
11.455500
11.455600
11.455600
11.455600
11.455600
11.455700
11.455700
11.455700
11.455700
11.455800
11.455800
11.455800
11.455800
11.455900
11.455900
11.455900
11.455900
11.456000
11.456000
11.456000
11.456000
11.456000
11.456100
11.456100
11.456100
11.456100
11.456100
11.456200
11.456200
11.456200
11.456200
11.456200
11.456200
11.456300
11.456300
11.456300
11.456300
11.456300
11.456300
11.456300
11.456400
11.456400
11.456400
11.456400
11.456400
11.456400
11.456400
11.456500
11.456500
11.456500
11.456500
11.456500
11.456500
11.456500
11.456500
11.456600
11.456600
11.456600
11.456600
11.456600
11.456600
11.456600
11.456600
11.456600
11.456600
11.456600
11.456700
11.456700
11.456700
11.456700
11.456700
11.456700
11.456700
11.456700
11.456700
11.456700
11.456700
11.456700
11.456700
11.456700
11.456700
11.456800
11.456800
11.456800
11.456800
11.456800
11.456800
11.456800
11.456800
11.456800
11.456800
11.456800
11.456800
11.456800
11.456800
11.456800
11.456800
11.456800
11.456800
11.456800
11.456800
11.456800
11.456800
11.456800
11.456800
11.456800
11.456800
11.456800
11.456800
11.456800
11.456800
11.456800
11.456800
11.456800
11.456800
11.456800
11.456800
11.456800
11.456800
11.456800
11.456800
11.456800
11.456800
11.456800
11.456800
11.456800
11.456800
11.456800
11.456800
11.456800
11.456800
11.456800
11.456800
11.456800
11.456800
11.456800
11.456800
11.456800
11.456800
11.456800
11.456800
11.456800
11.456800
11.456800
11.456800
11.456800
11.456800
11.456800
11.456800
11.456800
11.456800
11.456800
11.456800
11.456800
11.456800
11.456800
11.456800
11.456800
11.456800
11.456800
11.456700
11.456700
11.456700
11.456700
11.456700
11.456700
11.456700
11.456700
11.456700
11.456700
11.456700
11.456700
11.456700
11.456700
11.456700
11.456700
11.456700
11.456700
11.456700
11.456700
11.456600
11.456600
11.456600
11.456600
11.456600
11.456600
11.456600
11.456600
11.456600
11.456600
11.456600
11.456600
11.456600
11.456600
11.456600
11.456600
11.456500
11.456500
11.456500
11.456500
11.456500
11.456500
11.456500
11.456500
11.456500
11.456500
11.456500
11.456500
11.456500
11.456400
11.456400
11.456400
11.456400
11.456400
11.456400
11.456400
11.456400
11.456400
11.456400
11.456400
11.456400
11.456400
11.456300
11.456300
11.456300
11.456300
11.456300
11.456300
11.456300
11.456300
11.456300
11.456300
11.456300
11.456300
11.456200
11.456200
11.456200
11.456200
11.456200
11.456200
11.456200
11.456200
11.456200
11.456200
11.456200
11.456100
11.456100
11.456100
11.456100
11.456100
11.456100
11.456100
11.456100
11.456100
11.456100
11.456100
11.456000
11.456000
11.456000
11.456000
11.456000
11.456000
11.456000
11.456000
11.456000
11.456000
11.455900
11.455900
11.455900
11.455900
11.455900
11.455900
11.455900
11.455900
11.455900
11.455900
11.455800
11.455800
11.455800
11.455800
11.455800
11.455800
11.455800
11.455800
11.455800
11.455700
11.455700
11.455700
11.455700
11.455700
11.455700
11.455700
11.455700
11.455700
11.455600
11.455600
11.455600
11.455600
11.455600
11.455600
11.455600
11.455600
11.455600
11.455500
11.455500
11.455500
11.455500
11.455500
11.455500
11.455500
11.455500
11.455500
11.455400
11.455400
11.455400
11.455400
11.455400
11.455400
11.455400
11.455400
11.455400
11.455300
11.455300
11.455300
11.455300
11.455300
11.455300
11.455300
11.455300
11.455200
11.455200
11.455200
11.455200
11.455200
11.455200
11.455200
11.455200
11.455200
11.455100
11.455100
11.455100
11.455100
11.455100
11.455100
11.455100
11.455100
11.455000
11.455000
11.455000
11.455000
11.455000
11.455000
11.455000
11.455000
11.454900
11.454900
11.454900
11.454900
11.454900
11.454900
11.454900
11.454900
11.454800
11.454800
11.454800
11.454800
11.454800
11.454800
11.454800
11.454800
11.454700
11.454700
11.454700
11.454700
11.454700
11.454700
11.454700
11.454700
11.454600
11.454600
11.454600
11.454600
11.454600
11.454600
11.454600
11.454600
11.454500
11.454500
11.454500
11.454500
11.454500
11.454500
11.454500
11.454500
11.454400
11.454400
11.454400
11.454400
11.454400
11.454400
11.454400
11.454300
11.454300
11.454300
11.454300
11.454300
11.454300
11.454300
11.454300
11.454200
11.454200
11.454200
11.454200
11.454200
11.454200
11.454200
11.454200
11.454100
11.454100
11.454100
11.454100
11.454100
11.454100
11.454100
11.454000
11.454000
11.454000
11.454000
11.454000
11.454000
11.454000
11.454000
11.453900
11.453900
11.453900
11.453900
11.453900
11.453900
11.453900
11.453800
11.453800
11.453800
11.453800
11.453800
11.453800
11.453800
11.453700
11.453700
11.453700
11.453700
11.453700
11.453700
11.453700
11.453700
11.453600
11.453600
11.453600
11.453600
11.453600
11.453600
11.453600
11.453500
11.453500
11.453500
11.453500
11.453500
11.453500
11.453500
11.453400
11.453400
11.453400
11.453400
11.453400
11.453400
11.453400
11.453300
11.453300
11.453300
11.453300
11.453300
11.453300
11.453300
11.453300
11.453200
11.453200
11.453200
11.453200
11.453200
11.453200
11.453200
11.453100
11.453100
11.453100
11.453100
11.453100
11.453100
11.453100
11.453000
11.453000
11.453000
11.453000
11.453000
11.453000
11.453000
11.452900
11.452900
11.452900
11.452900
11.452900
11.452900
11.452900
11.452800
11.452800
11.452800
11.452800
11.452800
11.452800
11.452800
11.452700
11.452700
11.452700
11.452700
11.452700
11.452700
11.452700
11.452600
11.452600
11.452600
11.452600
11.452600
11.452600
11.452600
11.452500
11.452500
11.452500
11.452500
11.452500
11.452500
11.452500
11.452400
11.452400
11.452400
11.452400
11.452400
11.452400
11.452400
11.452300
11.452300
11.452300
11.452300
11.452300
11.452300
11.452300
11.452200
11.452200
11.452200
11.452200
11.452200
11.452200
11.452200
11.452100
11.452100
11.452100
11.452100
11.452100
11.452100
11.452100
11.452000
11.452000
11.452000
11.452000
11.452000
11.452000
11.451900
11.451900
11.451900
11.451900
11.451900
11.451900
11.451900
11.451800
11.451800
11.451800
11.451800
11.451800
11.451800
11.451800
11.451700
11.451700
11.451700
11.451700
11.451700
11.451700
11.451700
11.451600
11.451600
11.451600
11.451600
11.451600
11.451600
11.451600
11.451500
11.451500
11.451500
11.451500
11.451500
11.451500
11.451500
11.451400
11.451400
11.451400
11.451400
11.451400
11.451400
11.451300
11.451300
11.451300
11.451300
11.451300
11.451300
11.451300
11.451200
11.451200
11.451200
11.451200
11.451200
11.451200
11.451200
11.451100
11.451100
11.451100
11.451100
11.451100
11.451100
11.451100
11.451000
11.451000
11.451000
11.451000
11.451000
11.451000
11.450900
11.450900
11.450900
11.450900
11.450900
11.450900
11.450900
11.450800
11.450800
11.450800
11.450800
11.450800
11.450800
11.450800
11.450700
11.450700
11.450700
11.450700
11.450700
11.450700
11.450700
11.450600
11.450600
11.450600
11.450600
11.450600
11.450600
11.450500
11.450500
11.450500
11.450500
11.450500
11.450500
11.450500
11.450400
11.450400
11.450400
11.450400
11.450400
11.450400
11.450400
11.450300
11.450300
11.450300
11.450300
11.450300
11.450300
11.450200
11.450200
11.450200
11.450200
11.450200
11.450200
11.450200
11.450100
11.450100
11.450100
11.450100
11.450100
11.450100
11.450100
11.450000
11.450000
11.450000
11.450000
11.450000
11.450000
11.449900
11.449900
11.449900
11.449900
11.449900
11.449900
11.449900
11.449800
11.449800
11.449800
11.449800
11.449800
11.449800
11.449800
11.449700
11.449700
11.449700
11.449700
11.449700
11.449700
11.449600
11.449600
11.449600
11.449600
11.449600
11.449600
11.449600
11.449500
11.449500
11.449500
11.449500
11.449500
11.449500
11.449500
11.449400
11.449400
11.449400
11.449400
11.449400
11.449400
11.449300
11.449300
11.449300
11.449300
11.449300
11.449300
11.449300
11.449200
11.449200
11.449200
11.449200
11.449200
11.449200
11.449100
11.449100
11.449100
11.449100
11.449100
11.449100
11.449100
11.449000
11.449000
11.449000
11.449000
11.449000
11.449000
11.449000
11.448900
11.448900
11.448900
11.448900
11.448900
11.448900
11.448800
11.448800
11.448800
11.448800
11.448800
11.448800
11.448800
11.448700
11.448700
11.448700
11.448700
11.448700
11.448700
11.448600
11.448600
11.448600
11.448600
11.448600
11.448600
11.448600
11.448500
11.448500
11.448500
11.448500
11.448500
11.448500
11.448500
11.448400
11.448400
11.448400
11.448400
11.448400
11.448400
11.448300
11.448300
11.448300
11.448300
11.448300
11.448300
11.448300
11.448200
11.448200
11.448200
11.448200
11.448200
11.448200
11.448100
11.448100
11.448100
11.448100
11.448100
11.448100
11.448100
11.448000
11.448000
11.448000
11.448000
11.448000
11.448000
11.448000
11.447900
11.447900
11.447900
11.447900
11.447900
11.447900
11.447800
11.447800
11.447800
11.447800
11.447800
11.447800
11.447800
11.447700
11.447700
