9.38385e-08
9.38385e-08
9.38385e-08
9.38385e-08
9.38388e-08
9.38385e-08
9.38314e-08
9.38295e-08
9.38297e-08
9.383e-08
9.383e-08
9.38303e-08
9.38306e-08
9.38308e-08
9.38311e-08
9.38311e-08
9.38314e-08
9.38317e-08
9.38317e-08
9.38319e-08
9.38319e-08
9.38319e-08
9.38322e-08
9.38322e-08
9.38322e-08
9.38322e-08
9.38325e-08
9.38325e-08
9.38325e-08
9.38322e-08
9.38322e-08
9.38322e-08
9.38322e-08
9.38322e-08
9.38319e-08
9.38319e-08
9.38319e-08
9.38317e-08
9.38317e-08
9.38314e-08
9.38314e-08
9.38311e-08
9.38311e-08
9.38308e-08
9.38308e-08
9.38306e-08
9.38306e-08
9.38303e-08
9.38303e-08
9.383e-08
9.383e-08
9.38297e-08
9.38295e-08
9.38295e-08
9.38292e-08
9.38292e-08
9.38289e-08
9.38287e-08
9.38287e-08
9.38284e-08
9.38284e-08
9.38281e-08
9.38278e-08
9.38278e-08
9.38276e-08
9.38273e-08
9.38273e-08
9.3827e-08
9.3827e-08
9.38267e-08
9.38265e-08
9.38265e-08
9.38262e-08
9.38259e-08
9.38259e-08
9.38257e-08
9.38254e-08
9.38254e-08
9.38251e-08
9.38251e-08
9.38248e-08
9.38246e-08
9.38246e-08
9.38243e-08
9.38243e-08
9.3824e-08
9.3824e-08
9.38237e-08
9.38235e-08
9.38235e-08
9.38232e-08
9.38232e-08
9.38229e-08
9.38229e-08
9.38227e-08
9.38227e-08
9.38224e-08
9.38221e-08
9.38221e-08
9.38218e-08
9.38218e-08
9.38216e-08
9.38216e-08
9.38213e-08
9.38213e-08
9.38213e-08
9.3821e-08
9.3821e-08
9.38207e-08
9.38207e-08
9.38205e-08
9.38205e-08
9.38202e-08
9.38202e-08
9.38199e-08
9.38199e-08
9.38199e-08
9.38196e-08
9.38196e-08
9.38194e-08
9.38194e-08
9.38194e-08
9.38191e-08
9.38191e-08
9.38188e-08
9.38188e-08
9.38188e-08
9.38186e-08
9.38186e-08
9.38186e-08
9.38183e-08
9.38183e-08
9.38183e-08
9.3818e-08
9.3818e-08
9.3818e-08
9.38177e-08
9.38177e-08
9.38177e-08
9.38175e-08
9.38175e-08
9.38175e-08
9.38172e-08
9.38172e-08
9.38172e-08
9.38172e-08
9.38169e-08
9.38169e-08
9.38169e-08
9.38169e-08
9.38166e-08
9.38166e-08
9.38166e-08
9.38166e-08
9.38164e-08
9.38164e-08
9.38164e-08
9.38164e-08
9.38161e-08
9.38161e-08
9.38161e-08
9.38161e-08
9.38158e-08
9.38158e-08
9.38158e-08
9.38158e-08
9.38158e-08
9.38156e-08
9.38156e-08
9.38156e-08
9.38156e-08
9.38156e-08
9.38153e-08
9.38153e-08
9.38153e-08
9.38153e-08
9.38153e-08
9.38153e-08
9.3815e-08
9.3815e-08
9.3815e-08
9.3815e-08
9.3815e-08
9.3815e-08
9.3815e-08
9.38147e-08
9.38147e-08
9.38147e-08
9.38147e-08
9.38147e-08
9.38147e-08
9.38147e-08
9.38145e-08
9.38145e-08
9.38145e-08
9.38145e-08
9.38145e-08
9.38145e-08
9.38145e-08
9.38145e-08
9.38145e-08
9.38142e-08
9.38142e-08
9.38142e-08
9.38142e-08
9.38142e-08
9.38142e-08
9.38142e-08
9.38142e-08
9.38142e-08
9.38142e-08
9.38139e-08
9.38139e-08
9.38139e-08
9.38139e-08
9.38139e-08
9.38139e-08
9.38139e-08
9.38139e-08
9.38139e-08
9.38139e-08
9.38139e-08
9.38139e-08
9.38139e-08
9.38139e-08
9.38139e-08
9.38136e-08
9.38136e-08
9.38136e-08
9.38136e-08
9.38136e-08
9.38136e-08
9.38136e-08
9.38136e-08
9.38136e-08
9.38136e-08
9.38136e-08
9.38136e-08
9.38136e-08
9.38136e-08
9.38136e-08
9.38136e-08
9.38136e-08
9.38136e-08
9.38136e-08
9.38136e-08
9.38136e-08
9.38136e-08
9.38136e-08
9.38136e-08
9.38136e-08
9.38136e-08
9.38136e-08
9.38136e-08
9.38136e-08
9.38136e-08
9.38136e-08
9.38136e-08
9.38136e-08
9.38136e-08
9.38136e-08
9.38136e-08
9.38136e-08
9.38136e-08
9.38136e-08
9.38136e-08
9.38136e-08
9.38136e-08
9.38136e-08
9.38136e-08
9.38136e-08
9.38136e-08
9.38136e-08
9.38136e-08
9.38136e-08
9.38136e-08
9.38136e-08
9.38136e-08
9.38136e-08
9.38136e-08
9.38136e-08
9.38136e-08
9.38136e-08
9.38136e-08
9.38136e-08
9.38136e-08
9.38136e-08
9.38136e-08
9.38136e-08
9.38136e-08
9.38136e-08
9.38136e-08
9.38136e-08
9.38136e-08
9.38136e-08
9.38136e-08
9.38136e-08
9.38136e-08
9.38136e-08
9.38136e-08
9.38136e-08
9.38136e-08
9.38136e-08
9.38136e-08
9.38139e-08
9.38139e-08
9.38139e-08
9.38139e-08
9.38139e-08
9.38139e-08
9.38139e-08
9.38139e-08
9.38139e-08
9.38139e-08
9.38139e-08
9.38139e-08
9.38139e-08
9.38139e-08
9.38139e-08
9.38139e-08
9.38139e-08
9.38139e-08
9.38139e-08
9.38139e-08
9.38142e-08
9.38142e-08
9.38142e-08
9.38142e-08
9.38142e-08
9.38142e-08
9.38142e-08
9.38142e-08
9.38142e-08
9.38142e-08
9.38142e-08
9.38142e-08
9.38142e-08
9.38142e-08
9.38142e-08
9.38142e-08
9.38145e-08
9.38145e-08
9.38145e-08
9.38145e-08
9.38145e-08
9.38145e-08
9.38145e-08
9.38145e-08
9.38145e-08
9.38145e-08
9.38145e-08
9.38145e-08
9.38145e-08
9.38145e-08
9.38147e-08
9.38147e-08
9.38147e-08
9.38147e-08
9.38147e-08
9.38147e-08
9.38147e-08
9.38147e-08
9.38147e-08
9.38147e-08
9.38147e-08
9.38147e-08
9.38147e-08
9.3815e-08
9.3815e-08
9.3815e-08
9.3815e-08
9.3815e-08
9.3815e-08
9.3815e-08
9.3815e-08
9.3815e-08
9.3815e-08
9.3815e-08
9.3815e-08
9.38153e-08
9.38153e-08
9.38153e-08
9.38153e-08
9.38153e-08
9.38153e-08
9.38153e-08
9.38153e-08
9.38153e-08
9.38153e-08
9.38153e-08
9.38156e-08
9.38156e-08
9.38156e-08
9.38156e-08
9.38156e-08
9.38156e-08
9.38156e-08
9.38156e-08
9.38156e-08
9.38156e-08
9.38158e-08
9.38158e-08
9.38158e-08
9.38158e-08
9.38158e-08
9.38158e-08
9.38158e-08
9.38158e-08
9.38158e-08
9.38158e-08
9.38158e-08
9.38161e-08
9.38161e-08
9.38161e-08
9.38161e-08
9.38161e-08
9.38161e-08
9.38161e-08
9.38161e-08
9.38161e-08
9.38164e-08
9.38164e-08
9.38164e-08
9.38164e-08
9.38164e-08
9.38164e-08
9.38164e-08
9.38164e-08
9.38164e-08
9.38164e-08
9.38166e-08
9.38166e-08
9.38166e-08
9.38166e-08
9.38166e-08
9.38166e-08
9.38166e-08
9.38166e-08
9.38166e-08
9.38169e-08
9.38169e-08
9.38169e-08
9.38169e-08
9.38169e-08
9.38169e-08
9.38169e-08
9.38169e-08
9.38169e-08
9.38172e-08
9.38172e-08
9.38172e-08
9.38172e-08
9.38172e-08
9.38172e-08
9.38172e-08
9.38172e-08
9.38172e-08
9.38175e-08
9.38175e-08
9.38175e-08
9.38175e-08
9.38175e-08
9.38175e-08
9.38175e-08
9.38175e-08
9.38175e-08
9.38177e-08
9.38177e-08
9.38177e-08
9.38177e-08
9.38177e-08
9.38177e-08
9.38177e-08
9.38177e-08
9.3818e-08
9.3818e-08
9.3818e-08
9.3818e-08
9.3818e-08
9.3818e-08
9.3818e-08
9.3818e-08
9.3818e-08
9.38183e-08
9.38183e-08
9.38183e-08
9.38183e-08
9.38183e-08
9.38183e-08
9.38183e-08
9.38183e-08
9.38186e-08
9.38186e-08
9.38186e-08
9.38186e-08
9.38186e-08
9.38186e-08
9.38186e-08
9.38186e-08
9.38188e-08
9.38188e-08
9.38188e-08
9.38188e-08
9.38188e-08
9.38188e-08
9.38188e-08
9.38188e-08
9.38191e-08
9.38191e-08
9.38191e-08
9.38191e-08
9.38191e-08
9.38191e-08
9.38191e-08
9.38191e-08
9.38194e-08
9.38194e-08
9.38194e-08
9.38194e-08
9.38194e-08
9.38194e-08
9.38194e-08
9.38194e-08
9.38196e-08
9.38196e-08
9.38196e-08
9.38196e-08
9.38196e-08
9.38196e-08
9.38196e-08
9.38196e-08
9.38199e-08
9.38199e-08
9.38199e-08
9.38199e-08
9.38199e-08
9.38199e-08
9.38199e-08
9.38199e-08
9.38202e-08
9.38202e-08
9.38202e-08
9.38202e-08
9.38202e-08
9.38202e-08
9.38202e-08
9.38205e-08
9.38205e-08
9.38205e-08
9.38205e-08
9.38205e-08
9.38205e-08
9.38205e-08
9.38205e-08
9.38207e-08
9.38207e-08
9.38207e-08
9.38207e-08
9.38207e-08
9.38207e-08
9.38207e-08
9.38207e-08
9.3821e-08
9.3821e-08
9.3821e-08
9.3821e-08
9.3821e-08
9.3821e-08
9.3821e-08
9.38213e-08
9.38213e-08
9.38213e-08
9.38213e-08
9.38213e-08
9.38213e-08
9.38213e-08
9.38213e-08
9.38216e-08
9.38216e-08
9.38216e-08
9.38216e-08
9.38216e-08
9.38216e-08
9.38216e-08
9.38218e-08
9.38218e-08
9.38218e-08
9.38218e-08
9.38218e-08
9.38218e-08
9.38218e-08
9.38221e-08
9.38221e-08
9.38221e-08
9.38221e-08
9.38221e-08
9.38221e-08
9.38221e-08
9.38221e-08
9.38224e-08
9.38224e-08
9.38224e-08
9.38224e-08
9.38224e-08
9.38224e-08
9.38224e-08
9.38227e-08
9.38227e-08
9.38227e-08
9.38227e-08
9.38227e-08
9.38227e-08
9.38227e-08
9.38229e-08
9.38229e-08
9.38229e-08
9.38229e-08
9.38229e-08
9.38229e-08
9.38229e-08
9.38232e-08
9.38232e-08
9.38232e-08
9.38232e-08
9.38232e-08
9.38232e-08
9.38232e-08
9.38235e-08
9.38235e-08
9.38235e-08
9.38235e-08
9.38235e-08
9.38235e-08
9.38235e-08
9.38235e-08
9.38237e-08
9.38237e-08
9.38237e-08
9.38237e-08
9.38237e-08
9.38237e-08
9.38237e-08
9.3824e-08
9.3824e-08
9.3824e-08
9.3824e-08
9.3824e-08
9.3824e-08
9.3824e-08
9.38243e-08
9.38243e-08
9.38243e-08
9.38243e-08
9.38243e-08
9.38243e-08
9.38243e-08
9.38246e-08
9.38246e-08
9.38246e-08
9.38246e-08
9.38246e-08
9.38246e-08
9.38246e-08
9.38248e-08
9.38248e-08
9.38248e-08
9.38248e-08
9.38248e-08
9.38248e-08
9.38248e-08
9.38251e-08
9.38251e-08
9.38251e-08
9.38251e-08
9.38251e-08
9.38251e-08
9.38251e-08
9.38254e-08
9.38254e-08
9.38254e-08
9.38254e-08
9.38254e-08
9.38254e-08
9.38254e-08
9.38257e-08
9.38257e-08
9.38257e-08
9.38257e-08
9.38257e-08
9.38257e-08
9.38257e-08
9.38259e-08
9.38259e-08
9.38259e-08
9.38259e-08
9.38259e-08
9.38259e-08
9.38259e-08
9.38262e-08
9.38262e-08
9.38262e-08
9.38262e-08
9.38262e-08
9.38262e-08
9.38262e-08
9.38265e-08
9.38265e-08
9.38265e-08
9.38265e-08
9.38265e-08
9.38265e-08
9.38265e-08
9.38267e-08
9.38267e-08
9.38267e-08
9.38267e-08
9.38267e-08
9.38267e-08
9.3827e-08
9.3827e-08
9.3827e-08
9.3827e-08
9.3827e-08
9.3827e-08
9.3827e-08
9.38273e-08
9.38273e-08
9.38273e-08
9.38273e-08
9.38273e-08
9.38273e-08
9.38273e-08
9.38276e-08
9.38276e-08
9.38276e-08
9.38276e-08
9.38276e-08
9.38276e-08
9.38276e-08
9.38278e-08
9.38278e-08
9.38278e-08
9.38278e-08
9.38278e-08
9.38278e-08
9.38278e-08
9.38281e-08
9.38281e-08
9.38281e-08
9.38281e-08
9.38281e-08
9.38281e-08
9.38281e-08
9.38284e-08
9.38284e-08
9.38284e-08
9.38284e-08
9.38284e-08
9.38284e-08
9.38287e-08
9.38287e-08
9.38287e-08
9.38287e-08
9.38287e-08
9.38287e-08
9.38287e-08
9.38289e-08
9.38289e-08
9.38289e-08
9.38289e-08
9.38289e-08
9.38289e-08
9.38289e-08
9.38292e-08
9.38292e-08
9.38292e-08
9.38292e-08
9.38292e-08
9.38292e-08
9.38292e-08
9.38295e-08
9.38295e-08
9.38295e-08
9.38295e-08
9.38295e-08
9.38295e-08
9.38297e-08
9.38297e-08
9.38297e-08
9.38297e-08
9.38297e-08
9.38297e-08
9.38297e-08
9.383e-08
9.383e-08
9.383e-08
9.383e-08
9.383e-08
9.383e-08
9.383e-08
9.38303e-08
9.38303e-08
9.38303e-08
9.38303e-08
9.38303e-08
9.38303e-08
9.38303e-08
9.38306e-08
9.38306e-08
9.38306e-08
9.38306e-08
9.38306e-08
9.38306e-08
9.38308e-08
9.38308e-08
9.38308e-08
9.38308e-08
9.38308e-08
9.38308e-08
9.38308e-08
9.38311e-08
9.38311e-08
9.38311e-08
9.38311e-08
9.38311e-08
9.38311e-08
9.38311e-08
9.38314e-08
9.38314e-08
9.38314e-08
9.38314e-08
9.38314e-08
9.38314e-08
9.38317e-08
9.38317e-08
9.38317e-08
9.38317e-08
9.38317e-08
9.38317e-08
9.38317e-08
9.38319e-08
9.38319e-08
9.38319e-08
9.38319e-08
9.38319e-08
9.38319e-08
9.38319e-08
9.38322e-08
9.38322e-08
9.38322e-08
9.38322e-08
9.38322e-08
9.38322e-08
9.38325e-08
9.38325e-08
9.38325e-08
9.38325e-08
9.38325e-08
9.38325e-08
9.38325e-08
9.38328e-08
9.38328e-08
9.38328e-08
9.38328e-08
9.38328e-08
9.38328e-08
9.38328e-08
9.3833e-08
9.3833e-08
9.3833e-08
9.3833e-08
9.3833e-08
9.3833e-08
9.38333e-08
9.38333e-08
9.38333e-08
9.38333e-08
9.38333e-08
9.38333e-08
9.38333e-08
9.38336e-08
9.38336e-08
9.38336e-08
9.38336e-08
9.38336e-08
9.38336e-08
9.38336e-08
9.38338e-08
9.38338e-08
9.38338e-08
9.38338e-08
9.38338e-08
9.38338e-08
9.38341e-08
9.38341e-08
9.38341e-08
9.38341e-08
9.38341e-08
9.38341e-08
9.38341e-08
9.38344e-08
9.38344e-08
9.38344e-08
9.38344e-08
9.38344e-08
9.38344e-08
9.38347e-08
9.38347e-08
9.38347e-08
9.38347e-08
9.38347e-08
9.38347e-08
9.38347e-08
9.38349e-08
9.38349e-08
9.38349e-08
9.38349e-08
9.38349e-08
9.38349e-08
9.38349e-08
9.38352e-08
9.38352e-08
9.38352e-08
9.38352e-08
9.38352e-08
9.38352e-08
9.38355e-08
9.38355e-08
9.38355e-08
9.38355e-08
9.38355e-08
9.38355e-08
9.38355e-08
9.38358e-08
9.38358e-08
9.38358e-08
9.38358e-08
9.38358e-08
9.38358e-08
9.3836e-08
9.3836e-08
9.3836e-08
9.3836e-08
9.3836e-08
9.3836e-08
9.3836e-08
9.38363e-08
9.38363e-08
9.38363e-08
9.38363e-08
9.38363e-08
9.38363e-08
9.38363e-08
9.38366e-08
9.38366e-08
9.38366e-08
9.38366e-08
9.38366e-08
9.38366e-08
9.38368e-08
9.38368e-08
9.38368e-08
9.38368e-08
9.38368e-08
9.38368e-08
9.38368e-08
9.38371e-08
9.38371e-08
9.38371e-08
9.38371e-08
9.38371e-08
9.38371e-08
9.38374e-08
9.38374e-08
9.38374e-08
9.38374e-08
9.38374e-08
9.38374e-08
9.38374e-08
9.38377e-08
9.38377e-08
9.38377e-08
9.38377e-08
9.38377e-08
9.38377e-08
9.38379e-08
9.38379e-08
9.38379e-08
9.38379e-08
9.38379e-08
9.38379e-08
9.38379e-08
9.38382e-08
9.38382e-08
9.38382e-08
9.38382e-08
9.38382e-08
9.38382e-08
9.38382e-08
9.38385e-08
9.38385e-08
9.38385e-08
9.38385e-08
9.38385e-08
9.38388e-08
9.38385e-08
9.38314e-08
9.38295e-08
9.38297e-08
9.383e-08
9.383e-08
9.38303e-08
9.38306e-08
9.38308e-08
9.38311e-08
9.38311e-08
9.38314e-08
9.38317e-08
9.38317e-08
9.38319e-08
9.38319e-08
9.38319e-08
9.38322e-08
9.38322e-08
9.38322e-08
9.38322e-08
9.38325e-08
9.38325e-08
9.38325e-08
9.38322e-08
9.38322e-08
9.38322e-08
9.38322e-08
9.38322e-08
9.38319e-08
9.38319e-08
9.38319e-08
9.38317e-08
9.38317e-08
9.38314e-08
9.38314e-08
9.38311e-08
9.38311e-08
9.38308e-08
9.38308e-08
9.38306e-08
9.38306e-08
9.38303e-08
9.38303e-08
9.383e-08
9.383e-08
9.38297e-08
9.38295e-08
9.38295e-08
9.38292e-08
9.38292e-08
9.38289e-08
9.38287e-08
9.38287e-08
9.38284e-08
9.38284e-08
9.38281e-08
9.38278e-08
9.38278e-08
9.38276e-08
9.38273e-08
9.38273e-08
9.3827e-08
9.38267e-08
9.38267e-08
9.38265e-08
9.38265e-08
9.38262e-08
9.38259e-08
9.38259e-08
9.38257e-08
9.38254e-08
9.38254e-08
9.38251e-08
9.38251e-08
9.38248e-08
9.38246e-08
9.38246e-08
9.38243e-08
9.38243e-08
9.3824e-08
9.3824e-08
9.38237e-08
9.38235e-08
9.38235e-08
9.38232e-08
9.38232e-08
9.38229e-08
9.38229e-08
9.38227e-08
9.38227e-08
9.38224e-08
9.38221e-08
9.38221e-08
9.38218e-08
9.38218e-08
9.38216e-08
9.38216e-08
9.38213e-08
9.38213e-08
9.38213e-08
9.3821e-08
9.3821e-08
9.38207e-08
9.38207e-08
9.38205e-08
9.38205e-08
9.38202e-08
9.38202e-08
9.38199e-08
9.38199e-08
9.38199e-08
9.38196e-08
9.38196e-08
9.38194e-08
9.38194e-08
9.38194e-08
9.38191e-08
9.38191e-08
9.38188e-08
9.38188e-08
9.38188e-08
9.38186e-08
9.38186e-08
9.38186e-08
9.38183e-08
9.38183e-08
9.38183e-08
9.3818e-08
9.3818e-08
9.3818e-08
9.38177e-08
9.38177e-08
9.38177e-08
9.38175e-08
9.38175e-08
9.38175e-08
9.38172e-08
9.38172e-08
9.38172e-08
9.38172e-08
9.38169e-08
9.38169e-08
9.38169e-08
9.38169e-08
9.38166e-08
9.38166e-08
9.38166e-08
9.38166e-08
9.38164e-08
9.38164e-08
9.38164e-08
9.38164e-08
9.38161e-08
9.38161e-08
9.38161e-08
9.38161e-08
9.38158e-08
9.38158e-08
9.38158e-08
9.38158e-08
9.38158e-08
9.38156e-08
9.38156e-08
9.38156e-08
9.38156e-08
9.38156e-08
9.38153e-08
9.38153e-08
9.38153e-08
9.38153e-08
9.38153e-08
9.38153e-08
9.3815e-08
9.3815e-08
9.3815e-08
9.3815e-08
9.3815e-08
9.3815e-08
9.3815e-08
9.38147e-08
9.38147e-08
9.38147e-08
9.38147e-08
9.38147e-08
9.38147e-08
9.38147e-08
9.38145e-08
9.38145e-08
9.38145e-08
9.38145e-08
9.38145e-08
9.38145e-08
9.38145e-08
9.38145e-08
9.38145e-08
9.38142e-08
9.38142e-08
9.38142e-08
9.38142e-08
9.38142e-08
9.38142e-08
9.38142e-08
9.38142e-08
9.38142e-08
9.38142e-08
9.38139e-08
9.38139e-08
9.38139e-08
9.38139e-08
9.38139e-08
9.38139e-08
9.38139e-08
9.38139e-08
9.38139e-08
9.38139e-08
9.38139e-08
9.38139e-08
9.38139e-08
9.38139e-08
9.38139e-08
9.38136e-08
9.38136e-08
9.38136e-08
9.38136e-08
9.38136e-08
9.38136e-08
9.38136e-08
9.38136e-08
9.38136e-08
9.38136e-08
9.38136e-08
9.38136e-08
9.38136e-08
9.38136e-08
9.38136e-08
9.38136e-08
9.38136e-08
9.38136e-08
9.38136e-08
9.38136e-08
9.38136e-08
9.38136e-08
9.38136e-08
9.38136e-08
9.38136e-08
9.38136e-08
9.38136e-08
9.38136e-08
9.38136e-08
9.38136e-08
9.38136e-08
9.38136e-08
9.38136e-08
9.38136e-08
9.38136e-08
9.38136e-08
9.38136e-08
9.38136e-08
9.38136e-08
9.38136e-08
9.38136e-08
9.38136e-08
9.38136e-08
9.38136e-08
9.38136e-08
9.38136e-08
9.38136e-08
9.38136e-08
9.38136e-08
9.38136e-08
9.38136e-08
9.38136e-08
9.38136e-08
9.38136e-08
9.38136e-08
9.38136e-08
9.38136e-08
9.38136e-08
9.38136e-08
9.38136e-08
9.38136e-08
9.38136e-08
9.38136e-08
9.38136e-08
9.38136e-08
9.38136e-08
9.38136e-08
9.38136e-08
9.38136e-08
9.38136e-08
9.38136e-08
9.38136e-08
9.38136e-08
9.38136e-08
9.38136e-08
9.38136e-08
9.38136e-08
9.38136e-08
9.38139e-08
9.38139e-08
9.38139e-08
9.38139e-08
9.38139e-08
9.38139e-08
9.38139e-08
9.38139e-08
9.38139e-08
9.38139e-08
9.38139e-08
9.38139e-08
9.38139e-08
9.38139e-08
9.38139e-08
9.38139e-08
9.38139e-08
9.38139e-08
9.38139e-08
9.38139e-08
9.38142e-08
9.38142e-08
9.38142e-08
9.38142e-08
9.38142e-08
9.38142e-08
9.38142e-08
9.38142e-08
9.38142e-08
9.38142e-08
9.38142e-08
9.38142e-08
9.38142e-08
9.38142e-08
9.38142e-08
9.38142e-08
9.38145e-08
9.38145e-08
9.38145e-08
9.38145e-08
9.38145e-08
9.38145e-08
9.38145e-08
9.38145e-08
9.38145e-08
9.38145e-08
9.38145e-08
9.38145e-08
9.38145e-08
9.38145e-08
9.38147e-08
9.38147e-08
9.38147e-08
9.38147e-08
9.38147e-08
9.38147e-08
9.38147e-08
9.38147e-08
9.38147e-08
9.38147e-08
9.38147e-08
9.38147e-08
9.38147e-08
9.3815e-08
9.3815e-08
9.3815e-08
9.3815e-08
9.3815e-08
9.3815e-08
9.3815e-08
9.3815e-08
9.3815e-08
9.3815e-08
9.3815e-08
9.3815e-08
9.38153e-08
9.38153e-08
9.38153e-08
9.38153e-08
9.38153e-08
9.38153e-08
9.38153e-08
9.38153e-08
9.38153e-08
9.38153e-08
9.38153e-08
9.38156e-08
9.38156e-08
9.38156e-08
9.38156e-08
9.38156e-08
9.38156e-08
9.38156e-08
9.38156e-08
9.38156e-08
9.38156e-08
9.38158e-08
9.38158e-08
9.38158e-08
9.38158e-08
9.38158e-08
9.38158e-08
9.38158e-08
9.38158e-08
9.38158e-08
9.38158e-08
9.38158e-08
9.38161e-08
9.38161e-08
9.38161e-08
9.38161e-08
9.38161e-08
9.38161e-08
9.38161e-08
9.38161e-08
9.38161e-08
9.38164e-08
9.38164e-08
9.38164e-08
9.38164e-08
9.38164e-08
9.38164e-08
9.38164e-08
9.38164e-08
9.38164e-08
9.38164e-08
9.38166e-08
9.38166e-08
9.38166e-08
9.38166e-08
9.38166e-08
9.38166e-08
9.38166e-08
9.38166e-08
9.38166e-08
9.38169e-08
9.38169e-08
9.38169e-08
9.38169e-08
9.38169e-08
9.38169e-08
9.38169e-08
9.38169e-08
9.38169e-08
9.38172e-08
9.38172e-08
9.38172e-08
9.38172e-08
9.38172e-08
9.38172e-08
9.38172e-08
9.38172e-08
9.38172e-08
9.38175e-08
9.38175e-08
9.38175e-08
9.38175e-08
9.38175e-08
9.38175e-08
9.38175e-08
9.38175e-08
9.38175e-08
9.38177e-08
9.38177e-08
9.38177e-08
9.38177e-08
9.38177e-08
9.38177e-08
9.38177e-08
9.38177e-08
9.3818e-08
9.3818e-08
9.3818e-08
9.3818e-08
9.3818e-08
9.3818e-08
9.3818e-08
9.3818e-08
9.3818e-08
9.38183e-08
9.38183e-08
9.38183e-08
9.38183e-08
9.38183e-08
9.38183e-08
9.38183e-08
9.38183e-08
9.38186e-08
9.38186e-08
9.38186e-08
9.38186e-08
9.38186e-08
9.38186e-08
9.38186e-08
9.38186e-08
9.38188e-08
9.38188e-08
9.38188e-08
9.38188e-08
9.38188e-08
9.38188e-08
9.38188e-08
9.38188e-08
9.38191e-08
9.38191e-08
9.38191e-08
9.38191e-08
9.38191e-08
9.38191e-08
9.38191e-08
9.38191e-08
9.38194e-08
9.38194e-08
9.38194e-08
9.38194e-08
9.38194e-08
9.38194e-08
9.38194e-08
9.38194e-08
9.38196e-08
9.38196e-08
9.38196e-08
9.38196e-08
9.38196e-08
9.38196e-08
9.38196e-08
9.38196e-08
9.38199e-08
9.38199e-08
9.38199e-08
9.38199e-08
9.38199e-08
9.38199e-08
9.38199e-08
9.38199e-08
9.38202e-08
9.38202e-08
9.38202e-08
9.38202e-08
9.38202e-08
9.38202e-08
9.38202e-08
9.38205e-08
9.38205e-08
9.38205e-08
9.38205e-08
9.38205e-08
9.38205e-08
9.38205e-08
9.38205e-08
9.38207e-08
9.38207e-08
9.38207e-08
9.38207e-08
9.38207e-08
9.38207e-08
9.38207e-08
9.38207e-08
9.3821e-08
9.3821e-08
9.3821e-08
9.3821e-08
9.3821e-08
9.3821e-08
9.3821e-08
9.38213e-08
9.38213e-08
9.38213e-08
9.38213e-08
9.38213e-08
9.38213e-08
9.38213e-08
9.38213e-08
9.38216e-08
9.38216e-08
9.38216e-08
9.38216e-08
9.38216e-08
9.38216e-08
9.38216e-08
9.38218e-08
9.38218e-08
9.38218e-08
9.38218e-08
9.38218e-08
9.38218e-08
9.38218e-08
9.38221e-08
9.38221e-08
9.38221e-08
9.38221e-08
9.38221e-08
9.38221e-08
9.38221e-08
9.38221e-08
9.38224e-08
9.38224e-08
9.38224e-08
9.38224e-08
9.38224e-08
9.38224e-08
9.38224e-08
9.38227e-08
9.38227e-08
9.38227e-08
9.38227e-08
9.38227e-08
9.38227e-08
9.38227e-08
9.38229e-08
9.38229e-08
9.38229e-08
9.38229e-08
9.38229e-08
9.38229e-08
9.38229e-08
9.38232e-08
9.38232e-08
9.38232e-08
9.38232e-08
9.38232e-08
9.38232e-08
9.38232e-08
9.38232e-08
9.38235e-08
9.38235e-08
9.38235e-08
9.38235e-08
9.38235e-08
9.38235e-08
9.38235e-08
9.38237e-08
9.38237e-08
9.38237e-08
9.38237e-08
9.38237e-08
9.38237e-08
9.38237e-08
9.3824e-08
9.3824e-08
9.3824e-08
9.3824e-08
9.3824e-08
9.3824e-08
9.3824e-08
9.38243e-08
9.38243e-08
9.38243e-08
9.38243e-08
9.38243e-08
9.38243e-08
9.38243e-08
9.38246e-08
9.38246e-08
9.38246e-08
9.38246e-08
9.38246e-08
9.38246e-08
9.38246e-08
9.38248e-08
9.38248e-08
9.38248e-08
9.38248e-08
9.38248e-08
9.38248e-08
9.38248e-08
9.38251e-08
9.38251e-08
9.38251e-08
9.38251e-08
9.38251e-08
9.38251e-08
9.38251e-08
9.38254e-08
9.38254e-08
9.38254e-08
9.38254e-08
9.38254e-08
9.38254e-08
9.38254e-08
9.38257e-08
9.38257e-08
9.38257e-08
9.38257e-08
9.38257e-08
9.38257e-08
9.38257e-08
9.38259e-08
9.38259e-08
9.38259e-08
9.38259e-08
9.38259e-08
9.38259e-08
9.38259e-08
9.38262e-08
9.38262e-08
9.38262e-08
9.38262e-08
9.38262e-08
9.38262e-08
9.38262e-08
9.38265e-08
9.38265e-08
9.38265e-08
9.38265e-08
9.38265e-08
9.38265e-08
9.38265e-08
9.38267e-08
9.38267e-08
9.38267e-08
9.38267e-08
9.38267e-08
9.38267e-08
9.3827e-08
9.3827e-08
9.3827e-08
9.3827e-08
9.3827e-08
9.3827e-08
9.3827e-08
9.38273e-08
9.38273e-08
9.38273e-08
9.38273e-08
9.38273e-08
9.38273e-08
9.38273e-08
9.38276e-08
9.38276e-08
9.38276e-08
9.38276e-08
9.38276e-08
9.38276e-08
9.38276e-08
9.38278e-08
9.38278e-08
9.38278e-08
9.38278e-08
9.38278e-08
9.38278e-08
9.38278e-08
9.38281e-08
9.38281e-08
9.38281e-08
9.38281e-08
9.38281e-08
9.38281e-08
9.38281e-08
9.38284e-08
9.38284e-08
9.38284e-08
9.38284e-08
9.38284e-08
9.38284e-08
9.38287e-08
9.38287e-08
9.38287e-08
9.38287e-08
9.38287e-08
9.38287e-08
9.38287e-08
9.38289e-08
9.38289e-08
9.38289e-08
9.38289e-08
9.38289e-08
9.38289e-08
9.38289e-08
9.38292e-08
9.38292e-08
9.38292e-08
9.38292e-08
9.38292e-08
9.38292e-08
9.38292e-08
9.38295e-08
9.38295e-08
9.38295e-08
9.38295e-08
9.38295e-08
9.38295e-08
9.38297e-08
9.38297e-08
9.38297e-08
9.38297e-08
9.38297e-08
9.38297e-08
9.38297e-08
9.383e-08
9.383e-08
9.383e-08
9.383e-08
9.383e-08
9.383e-08
9.383e-08
9.38303e-08
9.38303e-08
9.38303e-08
9.38303e-08
9.38303e-08
9.38303e-08
9.38303e-08
9.38306e-08
9.38306e-08
9.38306e-08
9.38306e-08
9.38306e-08
9.38306e-08
9.38308e-08
9.38308e-08
9.38308e-08
9.38308e-08
9.38308e-08
9.38308e-08
9.38308e-08
9.38311e-08
9.38311e-08
9.38311e-08
9.38311e-08
9.38311e-08
9.38311e-08
9.38311e-08
9.38314e-08
9.38314e-08
9.38314e-08
9.38314e-08
9.38314e-08
9.38314e-08
9.38317e-08
9.38317e-08
9.38317e-08
9.38317e-08
9.38317e-08
9.38317e-08
9.38317e-08
9.38319e-08
9.38319e-08
9.38319e-08
9.38319e-08
9.38319e-08
9.38319e-08
9.38319e-08
9.38322e-08
9.38322e-08
9.38322e-08
9.38322e-08
9.38322e-08
9.38322e-08
9.38325e-08
9.38325e-08
9.38325e-08
9.38325e-08
9.38325e-08
9.38325e-08
9.38325e-08
9.38328e-08
9.38328e-08
9.38328e-08
9.38328e-08
9.38328e-08
9.38328e-08
9.38328e-08
9.3833e-08
9.3833e-08
9.3833e-08
9.3833e-08
9.3833e-08
9.3833e-08
9.38333e-08
9.38333e-08
9.38333e-08
9.38333e-08
9.38333e-08
9.38333e-08
9.38333e-08
9.38336e-08
9.38336e-08
9.38336e-08
9.38336e-08
9.38336e-08
9.38336e-08
9.38336e-08
9.38338e-08
9.38338e-08
9.38338e-08
9.38338e-08
9.38338e-08
9.38338e-08
9.38341e-08
9.38341e-08
9.38341e-08
9.38341e-08
9.38341e-08
9.38341e-08
9.38341e-08
9.38344e-08
9.38344e-08
9.38344e-08
9.38344e-08
9.38344e-08
9.38344e-08
9.38347e-08
9.38347e-08
9.38347e-08
9.38347e-08
9.38347e-08
9.38347e-08
9.38347e-08
9.38349e-08
9.38349e-08
9.38349e-08
9.38349e-08
9.38349e-08
9.38349e-08
9.38349e-08
9.38352e-08
9.38352e-08
9.38352e-08
9.38352e-08
9.38352e-08
9.38352e-08
9.38355e-08
9.38355e-08
9.38355e-08
9.38355e-08
9.38355e-08
9.38355e-08
9.38355e-08
9.38358e-08
9.38358e-08
9.38358e-08
9.38358e-08
9.38358e-08
9.38358e-08
9.3836e-08
9.3836e-08
9.3836e-08
9.3836e-08
9.3836e-08
9.3836e-08
9.3836e-08
9.38363e-08
9.38363e-08
9.38363e-08
9.38363e-08
9.38363e-08
9.38363e-08
9.38363e-08
9.38366e-08
9.38366e-08
9.38366e-08
9.38366e-08
9.38366e-08
9.38366e-08
9.38368e-08
9.38368e-08
9.38368e-08
9.38368e-08
9.38368e-08
9.38368e-08
9.38368e-08
9.38371e-08
9.38371e-08
9.38371e-08
9.38371e-08
9.38371e-08
9.38371e-08
9.38374e-08
9.38374e-08
9.38374e-08
9.38374e-08
9.38374e-08
9.38374e-08
9.38374e-08
9.38377e-08
9.38377e-08
9.38377e-08
9.38377e-08
9.38377e-08
9.38377e-08
9.38379e-08
9.38379e-08
9.38379e-08
9.38379e-08
9.38379e-08
9.38379e-08
9.38379e-08
9.38382e-08
9.38382e-08
9.38382e-08
9.38382e-08
9.38382e-08
9.38382e-08
9.38382e-08
9.38385e-08
9.38385e-08
9.38385e-08
9.38385e-08
9.38385e-08
9.38388e-08
9.38385e-08
9.38314e-08
9.38295e-08
9.38297e-08
9.383e-08
9.383e-08
9.38303e-08
9.38306e-08
9.38308e-08
9.38311e-08
9.38311e-08
9.38314e-08
9.38317e-08
9.38317e-08
9.38319e-08
9.38319e-08
9.38319e-08
9.38322e-08
9.38322e-08
9.38322e-08
9.38322e-08
9.38325e-08
9.38325e-08
9.38325e-08
9.38322e-08
9.38322e-08
9.38322e-08
9.38322e-08
9.38322e-08
9.38319e-08
9.38319e-08
9.38319e-08
9.38317e-08
9.38317e-08
9.38314e-08
9.38314e-08
9.38311e-08
9.38311e-08
9.38308e-08
9.38308e-08
9.38306e-08
9.38306e-08
9.38303e-08
9.38303e-08
9.383e-08
9.383e-08
9.38297e-08
9.38295e-08
9.38295e-08
9.38292e-08
9.38292e-08
9.38289e-08
9.38287e-08
9.38287e-08
9.38284e-08
9.38284e-08
9.38281e-08
9.38278e-08
9.38278e-08
9.38276e-08
9.38273e-08
9.38273e-08
9.3827e-08
9.38267e-08
9.38267e-08
9.38265e-08
9.38265e-08
9.38262e-08
9.38259e-08
9.38259e-08
9.38257e-08
9.38254e-08
9.38254e-08
9.38251e-08
9.38251e-08
9.38248e-08
9.38246e-08
9.38246e-08
9.38243e-08
9.38243e-08
9.3824e-08
9.3824e-08
9.38237e-08
9.38235e-08
9.38235e-08
9.38232e-08
9.38232e-08
9.38229e-08
9.38229e-08
9.38227e-08
9.38227e-08
9.38224e-08
9.38221e-08
9.38221e-08
9.38218e-08
9.38218e-08
9.38216e-08
9.38216e-08
9.38213e-08
9.38213e-08
9.38213e-08
9.3821e-08
9.3821e-08
9.38207e-08
9.38207e-08
9.38205e-08
9.38205e-08
9.38202e-08
9.38202e-08
9.38199e-08
9.38199e-08
9.38199e-08
9.38196e-08
9.38196e-08
9.38194e-08
9.38194e-08
9.38194e-08
9.38191e-08
9.38191e-08
9.38188e-08
9.38188e-08
9.38188e-08
9.38186e-08
9.38186e-08
9.38186e-08
9.38183e-08
9.38183e-08
9.38183e-08
9.3818e-08
9.3818e-08
9.3818e-08
9.38177e-08
9.38177e-08
9.38177e-08
9.38175e-08
9.38175e-08
9.38175e-08
9.38172e-08
9.38172e-08
9.38172e-08
9.38172e-08
9.38169e-08
9.38169e-08
9.38169e-08
9.38169e-08
9.38166e-08
9.38166e-08
9.38166e-08
9.38166e-08
9.38164e-08
9.38164e-08
9.38164e-08
9.38164e-08
9.38161e-08
9.38161e-08
9.38161e-08
9.38161e-08
9.38158e-08
9.38158e-08
9.38158e-08
9.38158e-08
9.38158e-08
9.38156e-08
9.38156e-08
9.38156e-08
9.38156e-08
9.38156e-08
9.38153e-08
9.38153e-08
9.38153e-08
9.38153e-08
9.38153e-08
9.38153e-08
9.3815e-08
9.3815e-08
9.3815e-08
9.3815e-08
9.3815e-08
9.3815e-08
9.3815e-08
9.38147e-08
9.38147e-08
9.38147e-08
9.38147e-08
9.38147e-08
9.38147e-08
9.38147e-08
9.38145e-08
9.38145e-08
9.38145e-08
9.38145e-08
9.38145e-08
9.38145e-08
9.38145e-08
9.38145e-08
9.38142e-08
9.38142e-08
9.38142e-08
9.38142e-08
9.38142e-08
9.38142e-08
9.38142e-08
9.38142e-08
9.38142e-08
9.38142e-08
9.38142e-08
9.38139e-08
9.38139e-08
9.38139e-08
9.38139e-08
9.38139e-08
9.38139e-08
9.38139e-08
9.38139e-08
9.38139e-08
9.38139e-08
9.38139e-08
9.38139e-08
9.38139e-08
9.38139e-08
9.38139e-08
9.38136e-08
9.38136e-08
9.38136e-08
9.38136e-08
9.38136e-08
9.38136e-08
9.38136e-08
9.38136e-08
9.38136e-08
9.38136e-08
9.38136e-08
9.38136e-08
9.38136e-08
9.38136e-08
9.38136e-08
9.38136e-08
9.38136e-08
9.38136e-08
9.38136e-08
9.38136e-08
9.38136e-08
9.38136e-08
9.38136e-08
9.38136e-08
9.38136e-08
9.38136e-08
9.38136e-08
9.38136e-08
9.38136e-08
9.38136e-08
9.38136e-08
9.38136e-08
9.38136e-08
9.38136e-08
9.38136e-08
9.38136e-08
9.38136e-08
9.38136e-08
9.38136e-08
9.38136e-08
9.38136e-08
9.38136e-08
9.38136e-08
9.38136e-08
9.38136e-08
9.38136e-08
9.38136e-08
9.38136e-08
9.38136e-08
9.38136e-08
9.38136e-08
9.38136e-08
9.38136e-08
9.38136e-08
9.38136e-08
9.38136e-08
9.38136e-08
9.38136e-08
9.38136e-08
9.38136e-08
9.38136e-08
9.38136e-08
9.38136e-08
9.38136e-08
9.38136e-08
9.38136e-08
9.38136e-08
9.38136e-08
9.38136e-08
9.38136e-08
9.38136e-08
9.38136e-08
9.38136e-08
9.38136e-08
9.38136e-08
9.38136e-08
9.38136e-08
9.38136e-08
9.38136e-08
9.38139e-08
9.38139e-08
9.38139e-08
9.38139e-08
9.38139e-08
9.38139e-08
9.38139e-08
9.38139e-08
9.38139e-08
9.38139e-08
9.38139e-08
9.38139e-08
9.38139e-08
9.38139e-08
9.38139e-08
9.38139e-08
9.38139e-08
9.38139e-08
9.38139e-08
9.38139e-08
9.38142e-08
9.38142e-08
9.38142e-08
9.38142e-08
9.38142e-08
9.38142e-08
9.38142e-08
9.38142e-08
9.38142e-08
9.38142e-08
9.38142e-08
9.38142e-08
9.38142e-08
9.38142e-08
9.38142e-08
9.38142e-08
9.38145e-08
9.38145e-08
9.38145e-08
9.38145e-08
9.38145e-08
9.38145e-08
9.38145e-08
9.38145e-08
9.38145e-08
9.38145e-08
9.38145e-08
9.38145e-08
9.38145e-08
9.38147e-08
9.38147e-08
9.38147e-08
9.38147e-08
9.38147e-08
9.38147e-08
9.38147e-08
9.38147e-08
9.38147e-08
9.38147e-08
9.38147e-08
9.38147e-08
9.38147e-08
9.3815e-08
9.3815e-08
9.3815e-08
9.3815e-08
9.3815e-08
9.3815e-08
9.3815e-08
9.3815e-08
9.3815e-08
9.3815e-08
9.3815e-08
9.3815e-08
9.38153e-08
9.38153e-08
9.38153e-08
9.38153e-08
9.38153e-08
9.38153e-08
9.38153e-08
9.38153e-08
9.38153e-08
9.38153e-08
9.38153e-08
9.38156e-08
9.38156e-08
9.38156e-08
9.38156e-08
9.38156e-08
9.38156e-08
9.38156e-08
9.38156e-08
9.38156e-08
9.38156e-08
9.38156e-08
9.38158e-08
9.38158e-08
9.38158e-08
9.38158e-08
9.38158e-08
9.38158e-08
9.38158e-08
9.38158e-08
9.38158e-08
9.38158e-08
9.38161e-08
9.38161e-08
9.38161e-08
9.38161e-08
9.38161e-08
9.38161e-08
9.38161e-08
9.38161e-08
9.38161e-08
9.38161e-08
9.38164e-08
9.38164e-08
9.38164e-08
9.38164e-08
9.38164e-08
9.38164e-08
9.38164e-08
9.38164e-08
9.38164e-08
9.38166e-08
9.38166e-08
9.38166e-08
9.38166e-08
9.38166e-08
9.38166e-08
9.38166e-08
9.38166e-08
9.38166e-08
9.38169e-08
9.38169e-08
9.38169e-08
9.38169e-08
9.38169e-08
9.38169e-08
9.38169e-08
9.38169e-08
9.38169e-08
9.38172e-08
9.38172e-08
9.38172e-08
9.38172e-08
9.38172e-08
9.38172e-08
9.38172e-08
9.38172e-08
9.38172e-08
9.38175e-08
9.38175e-08
9.38175e-08
9.38175e-08
9.38175e-08
9.38175e-08
9.38175e-08
9.38175e-08
9.38175e-08
9.38177e-08
9.38177e-08
9.38177e-08
9.38177e-08
9.38177e-08
9.38177e-08
9.38177e-08
9.38177e-08
9.3818e-08
9.3818e-08
9.3818e-08
9.3818e-08
9.3818e-08
9.3818e-08
9.3818e-08
9.3818e-08
9.3818e-08
9.38183e-08
9.38183e-08
9.38183e-08
9.38183e-08
9.38183e-08
9.38183e-08
9.38183e-08
9.38183e-08
9.38186e-08
9.38186e-08
9.38186e-08
9.38186e-08
9.38186e-08
9.38186e-08
9.38186e-08
9.38186e-08
9.38188e-08
9.38188e-08
9.38188e-08
9.38188e-08
9.38188e-08
9.38188e-08
9.38188e-08
9.38188e-08
9.38191e-08
9.38191e-08
9.38191e-08
9.38191e-08
9.38191e-08
9.38191e-08
9.38191e-08
9.38191e-08
9.38194e-08
9.38194e-08
9.38194e-08
9.38194e-08
9.38194e-08
9.38194e-08
9.38194e-08
9.38194e-08
9.38196e-08
9.38196e-08
9.38196e-08
9.38196e-08
9.38196e-08
9.38196e-08
9.38196e-08
9.38196e-08
9.38199e-08
9.38199e-08
9.38199e-08
9.38199e-08
9.38199e-08
9.38199e-08
9.38199e-08
9.38199e-08
9.38202e-08
9.38202e-08
9.38202e-08
9.38202e-08
9.38202e-08
9.38202e-08
9.38202e-08
9.38205e-08
9.38205e-08
9.38205e-08
9.38205e-08
9.38205e-08
9.38205e-08
9.38205e-08
9.38205e-08
9.38207e-08
9.38207e-08
9.38207e-08
9.38207e-08
9.38207e-08
9.38207e-08
9.38207e-08
9.38207e-08
9.3821e-08
9.3821e-08
9.3821e-08
9.3821e-08
9.3821e-08
9.3821e-08
9.3821e-08
9.38213e-08
9.38213e-08
9.38213e-08
9.38213e-08
9.38213e-08
9.38213e-08
9.38213e-08
9.38213e-08
9.38216e-08
9.38216e-08
9.38216e-08
9.38216e-08
9.38216e-08
9.38216e-08
9.38216e-08
9.38218e-08
9.38218e-08
9.38218e-08
9.38218e-08
9.38218e-08
9.38218e-08
9.38218e-08
9.38221e-08
9.38221e-08
9.38221e-08
9.38221e-08
9.38221e-08
9.38221e-08
9.38221e-08
9.38221e-08
9.38224e-08
9.38224e-08
9.38224e-08
9.38224e-08
9.38224e-08
9.38224e-08
9.38224e-08
9.38227e-08
9.38227e-08
9.38227e-08
9.38227e-08
9.38227e-08
9.38227e-08
9.38227e-08
9.38229e-08
9.38229e-08
9.38229e-08
9.38229e-08
9.38229e-08
9.38229e-08
9.38229e-08
9.38232e-08
9.38232e-08
9.38232e-08
9.38232e-08
9.38232e-08
9.38232e-08
9.38232e-08
9.38232e-08
9.38235e-08
9.38235e-08
9.38235e-08
9.38235e-08
9.38235e-08
9.38235e-08
9.38235e-08
9.38237e-08
9.38237e-08
9.38237e-08
9.38237e-08
9.38237e-08
9.38237e-08
9.38237e-08
9.3824e-08
9.3824e-08
9.3824e-08
9.3824e-08
9.3824e-08
9.3824e-08
9.3824e-08
9.38243e-08
9.38243e-08
9.38243e-08
9.38243e-08
9.38243e-08
9.38243e-08
9.38243e-08
9.38246e-08
9.38246e-08
9.38246e-08
9.38246e-08
9.38246e-08
9.38246e-08
9.38246e-08
9.38248e-08
9.38248e-08
9.38248e-08
9.38248e-08
9.38248e-08
9.38248e-08
9.38248e-08
9.38251e-08
9.38251e-08
9.38251e-08
9.38251e-08
9.38251e-08
9.38251e-08
9.38251e-08
9.38254e-08
9.38254e-08
9.38254e-08
9.38254e-08
9.38254e-08
9.38254e-08
9.38254e-08
9.38257e-08
9.38257e-08
9.38257e-08
9.38257e-08
9.38257e-08
9.38257e-08
9.38257e-08
9.38259e-08
9.38259e-08
9.38259e-08
9.38259e-08
9.38259e-08
9.38259e-08
9.38259e-08
9.38262e-08
9.38262e-08
9.38262e-08
9.38262e-08
9.38262e-08
9.38262e-08
9.38262e-08
9.38265e-08
9.38265e-08
9.38265e-08
9.38265e-08
9.38265e-08
9.38265e-08
9.38265e-08
9.38267e-08
9.38267e-08
9.38267e-08
9.38267e-08
9.38267e-08
9.38267e-08
9.3827e-08
9.3827e-08
9.3827e-08
9.3827e-08
9.3827e-08
9.3827e-08
9.3827e-08
9.38273e-08
9.38273e-08
9.38273e-08
9.38273e-08
9.38273e-08
9.38273e-08
9.38273e-08
9.38276e-08
9.38276e-08
9.38276e-08
9.38276e-08
9.38276e-08
9.38276e-08
9.38276e-08
9.38278e-08
9.38278e-08
9.38278e-08
9.38278e-08
9.38278e-08
9.38278e-08
9.38278e-08
9.38281e-08
9.38281e-08
9.38281e-08
9.38281e-08
9.38281e-08
9.38281e-08
9.38281e-08
9.38284e-08
9.38284e-08
9.38284e-08
9.38284e-08
9.38284e-08
9.38284e-08
9.38287e-08
9.38287e-08
9.38287e-08
9.38287e-08
9.38287e-08
9.38287e-08
9.38287e-08
9.38289e-08
9.38289e-08
9.38289e-08
9.38289e-08
9.38289e-08
9.38289e-08
9.38289e-08
9.38292e-08
9.38292e-08
9.38292e-08
9.38292e-08
9.38292e-08
9.38292e-08
9.38292e-08
9.38295e-08
9.38295e-08
9.38295e-08
9.38295e-08
9.38295e-08
9.38295e-08
9.38297e-08
9.38297e-08
9.38297e-08
9.38297e-08
9.38297e-08
9.38297e-08
9.38297e-08
9.383e-08
9.383e-08
9.383e-08
9.383e-08
9.383e-08
9.383e-08
9.383e-08
9.38303e-08
9.38303e-08
9.38303e-08
9.38303e-08
9.38303e-08
9.38303e-08
9.38303e-08
9.38306e-08
9.38306e-08
9.38306e-08
9.38306e-08
9.38306e-08
9.38306e-08
9.38308e-08
9.38308e-08
9.38308e-08
9.38308e-08
9.38308e-08
9.38308e-08
9.38308e-08
9.38311e-08
9.38311e-08
9.38311e-08
9.38311e-08
9.38311e-08
9.38311e-08
9.38311e-08
9.38314e-08
9.38314e-08
9.38314e-08
9.38314e-08
9.38314e-08
9.38314e-08
9.38317e-08
9.38317e-08
9.38317e-08
9.38317e-08
9.38317e-08
9.38317e-08
9.38317e-08
9.38319e-08
9.38319e-08
9.38319e-08
9.38319e-08
9.38319e-08
9.38319e-08
9.38319e-08
9.38322e-08
9.38322e-08
9.38322e-08
9.38322e-08
9.38322e-08
9.38322e-08
9.38325e-08
9.38325e-08
9.38325e-08
9.38325e-08
9.38325e-08
9.38325e-08
9.38325e-08
9.38328e-08
9.38328e-08
9.38328e-08
9.38328e-08
9.38328e-08
9.38328e-08
9.38328e-08
9.3833e-08
9.3833e-08
9.3833e-08
9.3833e-08
9.3833e-08
9.3833e-08
9.38333e-08
9.38333e-08
9.38333e-08
9.38333e-08
9.38333e-08
9.38333e-08
9.38333e-08
9.38336e-08
9.38336e-08
9.38336e-08
9.38336e-08
9.38336e-08
9.38336e-08
9.38336e-08
9.38338e-08
9.38338e-08
9.38338e-08
9.38338e-08
9.38338e-08
9.38338e-08
9.38341e-08
9.38341e-08
9.38341e-08
9.38341e-08
9.38341e-08
9.38341e-08
9.38341e-08
9.38344e-08
9.38344e-08
9.38344e-08
9.38344e-08
9.38344e-08
9.38344e-08
9.38347e-08
9.38347e-08
9.38347e-08
9.38347e-08
9.38347e-08
9.38347e-08
9.38347e-08
9.38349e-08
9.38349e-08
9.38349e-08
9.38349e-08
9.38349e-08
9.38349e-08
9.38349e-08
9.38352e-08
9.38352e-08
9.38352e-08
9.38352e-08
9.38352e-08
9.38352e-08
9.38355e-08
9.38355e-08
9.38355e-08
9.38355e-08
9.38355e-08
9.38355e-08
9.38355e-08
9.38358e-08
9.38358e-08
9.38358e-08
9.38358e-08
9.38358e-08
9.38358e-08
9.3836e-08
9.3836e-08
9.3836e-08
9.3836e-08
9.3836e-08
9.3836e-08
9.3836e-08
9.38363e-08
9.38363e-08
9.38363e-08
9.38363e-08
9.38363e-08
9.38363e-08
9.38363e-08
9.38366e-08
9.38366e-08
9.38366e-08
9.38366e-08
9.38366e-08
9.38366e-08
9.38368e-08
9.38368e-08
9.38368e-08
9.38368e-08
9.38368e-08
9.38368e-08
9.38368e-08
9.38371e-08
9.38371e-08
9.38371e-08
9.38371e-08
9.38371e-08
9.38371e-08
9.38374e-08
9.38374e-08
9.38374e-08
9.38374e-08
9.38374e-08
9.38374e-08
9.38374e-08
9.38377e-08
9.38377e-08
9.38377e-08
9.38377e-08
9.38377e-08
9.38377e-08
9.38377e-08
9.38379e-08
9.38379e-08
9.38379e-08
9.38379e-08
9.38379e-08
9.38379e-08
9.38382e-08
9.38382e-08
9.38382e-08
9.38382e-08
9.38382e-08
9.38382e-08
9.38382e-08
9.38385e-08
9.38385e-08
