4.689390
4.689360
4.689320
4.689280
4.689250
4.689210
4.689170
4.689140
4.689100
4.689060
4.689020
4.688990
4.688950
4.688910
4.688880
4.688840
4.688800
4.688770
4.688730
4.688690
4.688650
4.688620
4.688580
4.688540
4.688510
4.688470
4.688430
4.688400
4.688360
4.688320
4.688280
4.688250
4.688210
4.688170
4.688140
4.688100
4.688060
4.688030
4.687990
4.687950
4.687910
4.687880
4.687840
4.687800
4.687770
4.687730
4.687690
4.687650
4.687620
4.687580
4.687540
4.687510
4.687470
4.687430
4.687400
4.687360
4.687320
4.687280
4.687250
4.687210
4.687170
4.687140
4.687100
4.687060
4.687020
4.686990
4.686950
4.686910
4.686880
4.686840
4.686800
4.686760
4.686730
4.686690
4.686650
4.686620
4.686580
4.686540
4.686510
4.686470
4.686430
4.686390
4.686360
4.686320
4.686280
4.686250
4.686210
4.686170
4.686130
4.686100
4.686060
4.686020
4.685990
4.685950
4.685910
4.685870
4.685840
4.685800
4.685760
4.685730
4.685690
4.685650
4.685610
4.685560
4.685510
4.685590
4.690920
4.692290
4.692440
4.692430
4.692370
4.692310
4.692250
4.692190
4.692140
4.692090
4.692050
4.692010
4.691980
4.691960
4.691940
4.691930
4.691920
4.691930
4.691950
4.691980
4.692020
4.692080
4.692160
4.692250
4.692350
4.692470
4.692610
4.692750
4.692910
4.693070
4.693240
4.693410
4.693590
4.693780
4.693960
4.694150
4.694340
4.694530
4.694730
4.694920
4.695110
4.695300
4.695490
4.695680
4.695870
4.696050
4.696240
4.696420
4.696600
4.696780
4.696950
4.697130
4.697300
4.697470
4.697630
4.697790
4.697960
4.698110
4.698270
4.698420
4.698570
4.698720
4.698860
4.699000
4.699140
4.699280
4.699420
4.699550
4.699680
4.699800
4.699930
4.700050
4.700170
4.700290
4.700400
4.700520
4.700630
4.700740
4.700840
4.700950
4.701050
4.701150
4.701250
4.701340
4.701440
4.701530
4.701620
4.701710
4.701790
4.701880
4.701960
4.702040
4.702120
4.702200
4.702280
4.702350
4.702420
4.702500
4.702570
4.702630
4.702700
4.702770
4.702830
4.702890
4.702950
4.703020
4.703070
4.703130
4.703190
4.703240
4.703300
4.703350
4.703400
4.703450
4.703500
4.703550
4.703600
4.703640
4.703690
4.703730
4.703780
4.703820
4.703860
4.703900
4.703940
4.703980
4.704020
4.704060
4.704100
4.704130
4.704170
4.704200
4.704240
4.704270
4.704300
4.704330
4.704370
4.704400
4.704430
4.704460
4.704480
4.704510
4.704540
4.704570
4.704590
4.704620
4.704650
4.704670
4.704700
4.704720
4.704750
4.704770
4.704790
4.704810
4.704840
4.704860
4.704880
4.704900
4.704920
4.704940
4.704960
4.704980
4.705000
4.705020
4.705040
4.705060
4.705080
4.705090
4.705110
4.705130
4.705150
4.705160
4.705180
4.705200
4.705210
4.705230
4.705250
4.705260
4.705280
4.705290
4.705310
4.705320
4.705340
4.705350
4.705360
4.705380
4.705390
4.705410
4.705420
4.705430
4.705450
4.705460
4.705470
4.705490
4.705500
4.705510
4.705530
4.705540
4.705550
4.705560
4.705570
4.705590
4.705600
4.705610
4.705620
4.705630
4.705650
4.705660
4.705670
4.705680
4.705690
4.705700
4.705720
4.705730
4.705740
4.705750
4.705760
4.705770
4.705780
4.705790
4.705800
4.705820
4.705830
4.705840
4.705850
4.705860
4.705870
4.705880
4.705890
4.705900
4.705910
4.705920
4.705930
4.705950
4.705960
4.705970
4.705980
4.705990
4.706000
4.706010
4.706020
4.706030
4.706040
4.706050
4.706060
4.706070
4.706080
4.706090
4.706100
4.706110
4.706120
4.706130
4.706140
4.706150
4.706160
4.706170
4.706170
4.706180
4.706190
4.706200
4.706210
4.706210
4.706220
4.706230
4.706230
4.706240
4.706240
4.706250
4.706250
4.706260
4.706260
4.706260
4.706270
4.706270
4.706270
4.706280
4.706280
4.706290
4.706290
4.706300
4.706310
4.706320
4.706330
4.706340
4.706350
4.706360
4.706380
4.706400
4.706420
4.706450
4.706480
4.706510
4.706540
4.706570
4.706600
4.706630
4.706660
4.706690
4.706720
4.706750
4.706770
4.706790
4.706820
4.706840
4.706860
4.706880
4.706890
4.706910
4.706930
4.706940
4.706960
4.706970
4.706980
4.706990
4.707000
4.707010
4.707020
4.707030
4.707030
4.707040
4.707050
4.707050
4.707050
4.707060
4.707060
4.707060
4.707060
4.707060
4.707060
4.707060
4.707060
4.707060
4.707060
4.707060
4.707050
4.707050
4.707040
4.707040
4.707030
4.707030
4.707020
4.707020
4.707010
4.707000
4.706990
4.706990
4.706980
4.706970
4.706960
4.706950
4.706940
4.706930
4.706920
4.706910
4.706890
4.706880
4.706870
4.706860
4.706840
4.706830
4.706820
4.706800
4.706790
4.706770
4.706760
4.706740
4.706730
4.706710
4.706700
4.706680
4.706660
4.706650
4.706630
4.706610
4.706600
4.706580
4.706560
4.706540
4.706520
4.706510
4.706490
4.706470
4.706450
4.706430
4.706410
4.706390
4.706370
4.706350
4.706330
4.706310
4.706290
4.706270
4.706250
4.706230
4.706200
4.706180
4.706160
4.706140
4.706120
4.706090
4.706070
4.706050
4.706030
4.706000
4.705980
4.705960
4.705930
4.705910
4.705890
4.705860
4.705840
4.705820
4.705790
4.705770
4.705740
4.705720
4.705690
4.705670
4.705640
4.705620
4.705590
4.705570
4.705540
4.705520
4.705490
4.705470
4.705440
4.705410
4.705390
4.705360
4.705340
4.705310
4.705280
4.705260
4.705230
4.705200
4.705180
4.705150
4.705120
4.705100
4.705070
4.705040
4.705010
4.704990
4.704960
4.704930
4.704900
4.704870
4.704850
4.704820
4.704790
4.704760
4.704730
4.704710
4.704680
4.704650
4.704620
4.704590
4.704560
4.704530
4.704510
4.704480
4.704450
4.704420
4.704390
4.704360
4.704330
4.704300
4.704270
4.704240
4.704210
4.704180
4.704150
4.704120
4.704090
4.704060
4.704030
4.704000
4.703970
4.703940
4.703910
4.703880
4.703850
4.703820
4.703790
4.703760
4.703730
4.703700
4.703670
4.703640
4.703610
4.703580
4.703550
4.703520
4.703490
4.703460
4.703420
4.703390
4.703360
4.703330
4.703300
4.703270
4.703240
4.703210
4.703170
4.703140
4.703110
4.703080
4.703050
4.703020
4.702990
4.702950
4.702920
4.702890
4.702860
4.702830
4.702790
4.702760
4.702730
4.702700
4.702670
4.702630
4.702600
4.702570
4.702540
4.702510
4.702470
4.702440
4.702410
4.702380
4.702340
4.702310
4.702280
4.702250
4.702210
4.702180
4.702150
4.702110
4.702080
4.702050
4.702020
4.701980
4.701950
4.701920
4.701880
4.701850
4.701820
4.701790
4.701750
4.701720
4.701690
4.701650
4.701620
4.701590
4.701550
4.701520
4.701490
4.701450
4.701420
4.701390
4.701350
4.701320
4.701290
4.701250
4.701220
4.701190
4.701150
4.701120
4.701090
4.701050
4.701020
4.700980
4.700950
4.700920
4.700880
4.700850
4.700820
4.700780
4.700750
4.700710
4.700680
4.700650
4.700610
4.700580
4.700540
4.700510
4.700480
4.700440
4.700410
4.700370
4.700340
4.700300
4.700270
4.700240
4.700200
4.700170
4.700130
4.700100
4.700060
4.700030
4.700000
4.699960
4.699930
4.699890
4.699860
4.699820
4.699790
4.699750
4.699720
4.699690
4.699650
4.699620
4.699580
4.699550
4.699510
4.699480
4.699440
4.699410
4.699370
4.699340
4.699300
4.699270
4.699230
4.699200
4.699160
4.699130
4.699100
4.699060
4.699030
4.698990
4.698960
4.698920
4.698890
4.698850
4.698820
4.698780
4.698750
4.698710
4.698680
4.698640
4.698610
4.698570
4.698540
4.698500
4.698460
4.698430
4.698390
4.698360
4.698320
4.698290
4.698250
4.698220
4.698180
4.698150
4.698110
4.698080
4.698040
4.698010
4.697970
4.697940
4.697900
4.697870
4.697830
4.697790
4.697760
4.697720
4.697690
4.697650
4.697620
4.697580
4.697550
4.697510
4.697470
4.697440
4.697400
4.697370
4.697330
4.697300
4.697260
4.697230
4.697190
4.697150
4.697120
4.697080
4.697050
4.697010
4.696980
4.696940
4.696900
4.696870
4.696830
4.696800
4.696760
4.696730
4.696690
4.696650
4.696620
4.696580
4.696550
4.696510
4.696480
4.696440
4.696400
4.696370
4.696330
4.696300
4.696260
4.696220
4.696190
4.696150
4.696120
4.696080
4.696040
4.696010
4.695970
4.695940
4.695900
4.695860
4.695830
4.695790
4.695760
4.695720
4.695680
4.695650
4.695610
4.695580
4.695540
4.695500
4.695470
4.695430
4.695400
4.695360
4.695320
4.695290
4.695250
4.695220
4.695180
4.695140
4.695110
4.695070
4.695030
4.695000
4.694960
4.694930
4.694890
4.694850
4.694820
4.694780
4.694740
4.694710
4.694670
4.694640
4.694600
4.694560
4.694530
4.694490
4.694450
4.694420
4.694380
4.694350
4.694310
4.694270
4.694240
4.694200
4.694160
4.694130
4.694090
4.694050
4.694020
4.693980
4.693950
4.693910
4.693870
4.693840
4.693800
4.693760
4.693730
4.693690
4.693650
4.693620
4.693580
4.693540
4.693510
4.693470
4.693440
4.693400
4.693360
4.693330
4.693290
4.693250
4.693220
4.693180
4.693140
4.693110
4.693070
4.693030
4.693000
4.692960
4.692920
4.692890
4.692850
4.692810
4.692780
4.692740
4.692700
4.692670
4.692630
4.692590
4.692560
4.692520
4.692480
4.692450
4.692410
4.692370
4.692340
4.692300
4.692260
4.692230
4.692190
4.692150
4.692120
4.692080
4.692040
4.692010
4.691970
4.691930
4.691900
4.691860
4.691820
4.691790
4.691750
4.691710
4.691680
4.691640
4.691600
4.691570
4.691530
4.691490
4.691460
4.691420
4.691380
4.691350
4.691310
4.691270
4.691240
4.691200
4.691160
4.691130
4.691090
4.691050
4.691020
4.690980
4.690940
4.690910
4.690870
4.690830
4.690800
4.690760
4.690720
4.690680
4.690650
4.690610
4.690570
4.690540
4.690500
4.690460
4.690430
4.690390
4.690350
4.690320
4.690280
4.690240
4.690210
4.690170
4.690130
4.690100
4.690060
4.690020
4.689980
4.689950
4.689910
4.689870
4.689840
4.689800
4.689760
4.689730
4.689690
4.689650
4.689620
4.689580
4.689540
4.689500
4.689470
4.689430
4.689390
4.689360
4.689320
4.689280
4.689250
4.689210
4.689170
4.689130
4.689100
4.689060
4.689020
4.688990
4.688950
4.688910
4.688880
4.688840
4.688800
4.688770
4.688730
4.688690
4.688650
4.688620
4.688580
4.688540
4.688510
4.688470
4.688430
4.688400
4.688360
4.688320
4.688280
4.688250
4.688210
4.688170
4.688140
4.688100
4.688060
4.688030
4.687990
4.687950
4.687910
4.687880
4.687840
4.687800
4.687770
4.687730
4.687690
4.687650
4.687620
4.687580
4.687540
4.687510
4.687470
4.687430
4.687400
4.687360
4.687320
4.687280
4.687250
4.687210
4.687170
4.687140
4.687100
4.687060
4.687020
4.686990
4.686950
4.686910
4.686880
4.686840
4.686800
4.686760
4.686730
4.686690
4.686650
4.686620
4.686580
4.686540
4.686510
4.686470
4.686430
4.686390
4.686360
4.686320
4.686280
4.686250
4.686210
4.686170
4.686130
4.686100
4.686060
4.686020
4.685990
4.685950
4.685910
4.685870
4.685840
4.685800
4.685760
4.685730
4.685690
4.685650
4.685610
4.685560
4.685510
4.685590
4.690910
4.692290
4.692440
4.692430
4.692370
4.692310
4.692250
4.692190
4.692140
4.692090
4.692050
4.692010
4.691980
4.691960
4.691940
4.691930
4.691920
4.691930
4.691950
4.691980
4.692020
4.692080
4.692160
4.692250
4.692350
4.692470
4.692610
4.692750
4.692910
4.693070
4.693240
4.693410
4.693590
4.693780
4.693960
4.694150
4.694340
4.694530
4.694730
4.694920
4.695110
4.695300
4.695490
4.695680
4.695870
4.696060
4.696240
4.696420
4.696600
4.696780
4.696950
4.697130
4.697300
4.697470
4.697630
4.697790
4.697960
4.698110
4.698270
4.698420
4.698570
4.698720
4.698860
4.699000
4.699140
4.699280
4.699420
4.699550
4.699680
4.699800
4.699930
4.700050
4.700170
4.700290
4.700400
4.700520
4.700630
4.700740
4.700840
4.700950
4.701050
4.701150
4.701250
4.701340
4.701440
4.701530
4.701620
4.701710
4.701790
4.701880
4.701960
4.702040
4.702120
4.702200
4.702280
4.702350
4.702420
4.702500
4.702570
4.702630
4.702700
4.702770
4.702830
4.702890
4.702960
4.703020
4.703070
4.703130
4.703190
4.703240
4.703300
4.703350
4.703400
4.703450
4.703500
4.703550
4.703600
4.703640
4.703690
4.703730
4.703780
4.703820
4.703860
4.703900
4.703940
4.703980
4.704020
4.704060
4.704100
4.704130
4.704170
4.704200
4.704240
4.704270
4.704300
4.704330
4.704370
4.704400
4.704430
4.704460
4.704480
4.704510
4.704540
4.704570
4.704590
4.704620
4.704650
4.704670
4.704700
4.704720
4.704750
4.704770
4.704790
4.704810
4.704840
4.704860
4.704880
4.704900
4.704920
4.704940
4.704960
4.704980
4.705000
4.705020
4.705040
4.705060
4.705080
4.705090
4.705110
4.705130
4.705150
4.705160
4.705180
4.705200
4.705210
4.705230
4.705250
4.705260
4.705280
4.705290
4.705310
4.705320
4.705340
4.705350
4.705360
4.705380
4.705390
4.705410
4.705420
4.705430
4.705450
4.705460
4.705470
4.705490
4.705500
4.705510
4.705530
4.705540
4.705550
4.705560
4.705570
4.705590
4.705600
4.705610
4.705620
4.705630
4.705650
4.705660
4.705670
4.705680
4.705690
4.705700
4.705720
4.705730
4.705740
4.705750
4.705760
4.705770
4.705780
4.705790
4.705810
4.705820
4.705830
4.705840
4.705850
4.705860
4.705870
4.705880
4.705890
4.705900
4.705910
4.705920
4.705930
4.705950
4.705960
4.705970
4.705980
4.705990
4.706000
4.706010
4.706020
4.706030
4.706040
4.706050
4.706060
4.706070
4.706080
4.706090
4.706100
4.706110
4.706120
4.706130
4.706140
4.706150
4.706160
4.706170
4.706180
4.706180
4.706190
4.706200
4.706210
4.706210
4.706220
4.706230
4.706230
4.706240
4.706240
4.706250
4.706250
4.706260
4.706260
4.706260
4.706270
4.706270
4.706270
4.706280
4.706280
4.706290
4.706290
4.706300
4.706310
4.706320
4.706330
4.706340
4.706350
4.706360
4.706380
4.706400
4.706420
4.706450
4.706480
4.706510
4.706540
4.706570
4.706600
4.706630
4.706660
4.706690
4.706720
4.706750
4.706770
4.706790
4.706820
4.706840
4.706860
4.706880
4.706890
4.706910
4.706930
4.706940
4.706960
4.706970
4.706980
4.706990
4.707000
4.707010
4.707020
4.707030
4.707030
4.707040
4.707050
4.707050
4.707050
4.707060
4.707060
4.707060
4.707060
4.707060
4.707060
4.707060
4.707060
4.707060
4.707060
4.707060
4.707050
4.707050
4.707040
4.707040
4.707040
4.707030
4.707020
4.707020
4.707010
4.707000
4.706990
4.706990
4.706980
4.706970
4.706960
4.706950
4.706940
4.706930
4.706920
4.706910
4.706890
4.706880
4.706870
4.706860
4.706840
4.706830
4.706820
4.706800
4.706790
4.706770
4.706760
4.706740
4.706730
4.706710
4.706700
4.706680
4.706660
4.706650
4.706630
4.706610
4.706600
4.706580
4.706560
4.706540
4.706520
4.706510
4.706490
4.706470
4.706450
4.706430
4.706410
4.706390
4.706370
4.706350
4.706330
4.706310
4.706290
4.706270
4.706250
4.706230
4.706200
4.706180
4.706160
4.706140
4.706120
4.706090
4.706070
4.706050
4.706030
4.706000
4.705980
4.705960
4.705930
4.705910
4.705890
4.705860
4.705840
4.705820
4.705790
4.705770
4.705740
4.705720
4.705690
4.705670
4.705640
4.705620
4.705590
4.705570
4.705540
4.705520
4.705490
4.705470
4.705440
4.705410
4.705390
4.705360
4.705340
4.705310
4.705280
4.705260
4.705230
4.705200
4.705180
4.705150
4.705120
4.705100
4.705070
4.705040
4.705010
4.704990
4.704960
4.704930
4.704900
4.704880
4.704850
4.704820
4.704790
4.704760
4.704730
4.704710
4.704680
4.704650
4.704620
4.704590
4.704560
4.704530
4.704510
4.704480
4.704450
4.704420
4.704390
4.704360
4.704330
4.704300
4.704270
4.704240
4.704210
4.704180
4.704150
4.704120
4.704090
4.704060
4.704030
4.704000
4.703970
4.703940
4.703910
4.703880
4.703850
4.703820
4.703790
4.703760
4.703730
4.703700
4.703670
4.703640
4.703610
4.703580
4.703550
4.703520
4.703490
4.703460
4.703420
4.703390
4.703360
4.703330
4.703300
4.703270
4.703240
4.703210
4.703170
4.703140
4.703110
4.703080
4.703050
4.703020
4.702990
4.702950
4.702920
4.702890
4.702860
4.702830
4.702790
4.702760
4.702730
4.702700
4.702670
4.702630
4.702600
4.702570
4.702540
4.702510
4.702470
4.702440
4.702410
4.702380
4.702340
4.702310
4.702280
4.702250
4.702210
4.702180
4.702150
4.702110
4.702080
4.702050
4.702020
4.701980
4.701950
4.701920
4.701880
4.701850
4.701820
4.701790
4.701750
4.701720
4.701690
4.701650
4.701620
4.701590
4.701550
4.701520
4.701490
4.701450
4.701420
4.701390
4.701350
4.701320
4.701290
4.701250
4.701220
4.701190
4.701150
4.701120
4.701090
4.701050
4.701020
4.700980
4.700950
4.700920
4.700880
4.700850
4.700820
4.700780
4.700750
4.700710
4.700680
4.700650
4.700610
4.700580
4.700540
4.700510
4.700480
4.700440
4.700410
4.700370
4.700340
4.700300
4.700270
4.700240
4.700200
4.700170
4.700130
4.700100
4.700060
4.700030
4.700000
4.699960
4.699930
4.699890
4.699860
4.699820
4.699790
4.699750
4.699720
4.699690
4.699650
4.699620
4.699580
4.699550
4.699510
4.699480
4.699440
4.699410
4.699370
4.699340
4.699300
4.699270
4.699230
4.699200
4.699170
4.699130
4.699100
4.699060
4.699030
4.698990
4.698960
4.698920
4.698890
4.698850
4.698820
4.698780
4.698750
4.698710
4.698680
4.698640
4.698610
4.698570
4.698540
4.698500
4.698460
4.698430
4.698390
4.698360
4.698320
4.698290
4.698250
4.698220
4.698180
4.698150
4.698110
4.698080
4.698040
4.698010
4.697970
4.697940
4.697900
4.697870
4.697830
4.697790
4.697760
4.697720
4.697690
4.697650
4.697620
4.697580
4.697550
4.697510
4.697480
4.697440
4.697400
4.697370
4.697330
4.697300
4.697260
4.697230
4.697190
4.697150
4.697120
4.697080
4.697050
4.697010
4.696980
4.696940
4.696910
4.696870
4.696830
4.696800
4.696760
4.696730
4.696690
4.696650
4.696620
4.696580
4.696550
4.696510
4.696480
4.696440
4.696400
4.696370
4.696330
4.696300
4.696260
4.696220
4.696190
4.696150
4.696120
4.696080
4.696040
4.696010
4.695970
4.695940
4.695900
4.695870
4.695830
4.695790
4.695760
4.695720
4.695680
4.695650
4.695610
4.695580
4.695540
4.695500
4.695470
4.695430
4.695400
4.695360
4.695320
4.695290
4.695250
4.695220
4.695180
4.695140
4.695110
4.695070
4.695030
4.695000
4.694960
4.694930
4.694890
4.694850
4.694820
4.694780
4.694740
4.694710
4.694670
4.694640
4.694600
4.694560
4.694530
4.694490
4.694450
4.694420
4.694380
4.694350
4.694310
4.694270
4.694240
4.694200
4.694160
4.694130
4.694090
4.694050
4.694020
4.693980
4.693950
4.693910
4.693870
4.693840
4.693800
4.693760
4.693730
4.693690
4.693650
4.693620
4.693580
4.693540
4.693510
4.693470
4.693440
4.693400
4.693360
4.693330
4.693290
4.693250
4.693220
4.693180
4.693140
4.693110
4.693070
4.693030
4.693000
4.692960
4.692920
4.692890
4.692850
4.692810
4.692780
4.692740
4.692700
4.692670
4.692630
4.692590
4.692560
4.692520
4.692480
4.692450
4.692410
4.692370
4.692340
4.692300
4.692270
4.692230
4.692190
4.692160
4.692120
4.692080
4.692050
4.692010
4.691970
4.691930
4.691900
4.691860
4.691820
4.691790
4.691750
4.691710
4.691680
4.691640
4.691600
4.691570
4.691530
4.691490
4.691460
4.691420
4.691380
4.691350
4.691310
4.691270
4.691240
4.691200
4.691160
4.691130
4.691090
4.691050
4.691020
4.690980
4.690940
4.690910
4.690870
4.690830
4.690800
4.690760
4.690720
4.690680
4.690650
4.690610
4.690570
4.690540
4.690500
4.690460
4.690430
4.690390
4.690350
4.690320
4.690280
4.690240
4.690210
4.690170
4.690130
4.690100
4.690060
4.690020
4.689980
4.689950
4.689910
4.689870
4.689840
4.689800
4.689760
4.689730
4.689690
4.689650
4.689620
4.689580
4.689540
4.689500
4.689470
4.689430
4.689390
4.689360
4.689320
4.689280
4.689250
4.689210
4.689170
4.689140
4.689100
4.689060
4.689020
4.688990
4.688950
4.688910
4.688880
4.688840
4.688800
4.688770
4.688730
4.688690
4.688650
4.688620
4.688580
4.688540
4.688510
4.688470
4.688430
4.688400
4.688360
4.688320
4.688280
4.688250
4.688210
4.688170
4.688140
4.688100
4.688060
4.688030
4.687990
4.687950
4.687910
4.687880
4.687840
4.687800
4.687770
4.687730
4.687690
4.687650
4.687620
4.687580
4.687540
4.687510
4.687470
4.687430
4.687400
4.687360
4.687320
4.687280
4.687250
4.687210
4.687170
4.687140
4.687100
4.687060
4.687020
4.686990
4.686950
4.686910
4.686880
4.686840
4.686800
4.686760
4.686730
4.686690
4.686650
4.686620
4.686580
4.686540
4.686510
4.686470
4.686430
4.686390
4.686360
4.686320
4.686280
4.686250
4.686210
4.686170
4.686130
4.686100
4.686060
4.686020
4.685990
4.685950
4.685910
4.685870
4.685840
4.685800
4.685760
4.685730
4.685690
4.685650
4.685610
4.685560
4.685510
4.685590
4.690920
4.692290
4.692440
4.692430
4.692370
4.692310
4.692250
4.692190
4.692140
4.692090
4.692050
4.692010
4.691980
4.691960
4.691940
4.691930
4.691920
4.691930
4.691950
4.691980
4.692020
4.692080
4.692160
4.692250
4.692350
4.692470
4.692610
4.692750
4.692910
4.693070
4.693240
4.693410
4.693590
4.693780
4.693960
4.694150
4.694340
4.694530
4.694730
4.694920
4.695110
4.695300
4.695490
4.695680
4.695870
4.696060
4.696240
4.696420
4.696600
4.696780
4.696950
4.697130
4.697300
4.697470
4.697630
4.697790
4.697960
4.698110
4.698270
4.698420
4.698570
4.698720
4.698860
4.699010
4.699140
4.699280
4.699420
4.699550
4.699680
4.699800
4.699930
4.700050
4.700170
4.700290
4.700400
4.700520
4.700630
4.700740
4.700840
4.700950
4.701050
4.701150
4.701250
4.701340
4.701440
4.701530
4.701620
4.701710
4.701790
4.701880
4.701960
4.702040
4.702120
4.702200
4.702280
4.702350
4.702420
4.702500
4.702570
4.702630
4.702700
4.702770
4.702830
4.702890
4.702960
4.703020
4.703070
4.703130
4.703190
4.703240
4.703300
4.703350
4.703400
4.703450
4.703500
4.703550
4.703600
4.703640
4.703690
4.703730
4.703780
4.703820
4.703860
4.703900
4.703940
4.703980
4.704020
4.704060
4.704100
4.704130
4.704170
4.704200
4.704240
4.704270
4.704300
4.704330
4.704370
4.704400
4.704430
4.704460
4.704480
4.704510
4.704540
4.704570
4.704590
4.704620
4.704650
4.704670
4.704700
4.704720
4.704750
4.704770
4.704790
4.704810
4.704840
4.704860
4.704880
4.704900
4.704920
4.704940
4.704960
4.704980
4.705000
4.705020
4.705040
4.705060
4.705080
4.705100
4.705110
4.705130
4.705150
4.705160
4.705180
4.705200
4.705210
4.705230
4.705250
4.705260
4.705280
4.705290
4.705310
4.705320
4.705340
4.705350
4.705370
4.705380
4.705390
4.705410
4.705420
4.705430
4.705450
4.705460
4.705470
4.705490
4.705500
4.705510
4.705530
4.705540
4.705550
4.705560
4.705580
4.705590
4.705600
4.705610
4.705620
4.705630
4.705650
4.705660
4.705670
4.705680
4.705690
4.705700
4.705720
4.705730
4.705740
4.705750
4.705760
4.705770
4.705780
4.705790
4.705810
4.705820
4.705830
4.705840
4.705850
4.705860
4.705870
4.705880
4.705890
4.705900
4.705910
4.705920
4.705930
4.705950
4.705960
4.705970
4.705980
4.705990
4.706000
4.706010
4.706020
4.706030
4.706040
4.706050
4.706060
4.706070
4.706080
4.706090
4.706100
4.706110
4.706120
4.706130
4.706140
4.706150
4.706160
4.706170
4.706180
4.706180
4.706190
4.706200
4.706210
4.706210
4.706220
4.706230
4.706230
4.706240
4.706240
4.706250
4.706250
4.706260
4.706260
4.706260
4.706270
4.706270
4.706270
4.706280
4.706280
4.706290
4.706290
4.706300
4.706310
4.706320
4.706330
4.706340
4.706350
4.706360
4.706380
4.706400
4.706420
4.706450
4.706480
4.706510
4.706540
4.706570
4.706600
4.706630
4.706660
4.706690
4.706720
4.706750
4.706770
4.706790
4.706820
4.706840
4.706860
4.706880
4.706890
4.706910
4.706930
4.706940
4.706960
4.706970
4.706980
4.706990
4.707000
4.707010
4.707020
4.707030
4.707030
4.707040
4.707050
4.707050
4.707050
4.707060
4.707060
4.707060
4.707060
4.707060
4.707060
4.707060
4.707060
4.707060
4.707060
4.707060
4.707050
4.707050
4.707050
4.707040
4.707040
4.707030
4.707020
4.707020
4.707010
4.707000
4.706990
4.706990
4.706980
4.706970
4.706960
4.706950
4.706940
4.706930
4.706920
4.706910
4.706890
4.706880
4.706870
4.706860
4.706840
4.706830
4.706820
4.706800
4.706790
4.706770
4.706760
4.706740
4.706730
4.706710
4.706700
4.706680
4.706660
4.706650
4.706630
4.706610
4.706600
4.706580
4.706560
4.706540
4.706520
4.706510
4.706490
4.706470
4.706450
4.706430
4.706410
4.706390
4.706370
4.706350
4.706330
4.706310
4.706290
4.706270
4.706250
4.706230
4.706200
4.706180
4.706160
4.706140
4.706120
4.706090
4.706070
4.706050
4.706030
4.706000
4.705980
4.705960
4.705930
4.705910
4.705890
4.705860
4.705840
4.705820
4.705790
4.705770
4.705740
4.705720
4.705690
4.705670
4.705640
4.705620
4.705590
4.705570
4.705540
4.705520
4.705490
4.705470
4.705440
4.705410
4.705390
4.705360
4.705340
4.705310
4.705280
4.705260
4.705230
4.705200
4.705180
4.705150
4.705120
4.705100
4.705070
4.705040
4.705010
4.704990
4.704960
4.704930
4.704900
4.704880
4.704850
4.704820
4.704790
4.704760
4.704730
4.704710
4.704680
4.704650
4.704620
4.704590
4.704560
4.704530
4.704510
4.704480
4.704450
4.704420
4.704390
4.704360
4.704330
4.704300
4.704270
4.704240
4.704210
4.704180
4.704150
4.704120
4.704090
4.704070
4.704040
4.704010
4.703980
4.703940
4.703910
4.703880
4.703850
4.703820
4.703790
4.703760
4.703730
4.703700
4.703670
4.703640
4.703610
4.703580
4.703550
4.703520
4.703490
4.703460
4.703420
4.703390
4.703360
4.703330
4.703300
4.703270
4.703240
4.703210
4.703170
4.703140
4.703110
4.703080
4.703050
4.703020
4.702990
4.702950
4.702920
4.702890
4.702860
4.702830
4.702790
4.702760
4.702730
4.702700
4.702670
4.702630
4.702600
4.702570
4.702540
4.702510
4.702470
4.702440
4.702410
4.702380
4.702340
4.702310
4.702280
4.702250
4.702210
4.702180
4.702150
4.702120
4.702080
4.702050
4.702020
4.701980
4.701950
4.701920
4.701890
4.701850
4.701820
4.701790
4.701750
4.701720
4.701690
4.701650
4.701620
4.701590
4.701550
4.701520
4.701490
4.701450
4.701420
4.701390
4.701350
4.701320
4.701290
4.701250
4.701220
4.701190
4.701150
4.701120
4.701090
4.701050
4.701020
4.700980
4.700950
4.700920
4.700880
4.700850
4.700820
4.700780
4.700750
4.700710
4.700680
4.700650
4.700610
4.700580
4.700540
4.700510
4.700480
4.700440
4.700410
4.700370
4.700340
4.700300
4.700270
4.700240
4.700200
4.700170
4.700130
4.700100
4.700060
4.700030
4.700000
4.699960
4.699930
4.699890
4.699860
4.699820
4.699790
4.699750
4.699720
4.699690
4.699650
4.699620
4.699580
4.699550
4.699510
4.699480
4.699440
4.699410
4.699370
4.699340
4.699300
4.699270
4.699230
4.699200
4.699170
4.699130
4.699100
4.699060
4.699030
4.698990
4.698960
4.698920
4.698890
4.698850
4.698820
4.698780
4.698750
4.698710
4.698680
4.698640
4.698610
4.698570
4.698540
4.698500
4.698470
4.698430
4.698390
4.698360
4.698320
4.698290
4.698250
4.698220
4.698180
4.698150
4.698110
4.698080
4.698040
4.698010
4.697970
4.697940
4.697900
4.697870
4.697830
4.697790
4.697760
4.697720
4.697690
4.697650
4.697620
4.697580
4.697550
4.697510
4.697480
4.697440
4.697400
4.697370
4.697330
4.697300
4.697260
4.697230
4.697190
4.697150
4.697120
4.697080
4.697050
4.697010
4.696980
4.696940
4.696910
4.696870
4.696830
4.696800
4.696760
4.696730
4.696690
4.696650
4.696620
4.696580
4.696550
4.696510
4.696480
4.696440
4.696400
4.696370
4.696330
4.696300
4.696260
4.696220
4.696190
4.696150
4.696120
4.696080
4.696050
4.696010
4.695970
4.695940
4.695900
4.695870
4.695830
4.695790
4.695760
4.695720
4.695690
4.695650
4.695610
4.695580
4.695540
4.695500
4.695470
4.695430
4.695400
4.695360
4.695320
4.695290
4.695250
4.695220
4.695180
4.695140
4.695110
4.695070
4.695030
4.695000
4.694960
4.694930
4.694890
4.694850
4.694820
4.694780
4.694750
4.694710
4.694670
4.694640
4.694600
4.694560
4.694530
4.694490
4.694450
4.694420
4.694380
4.694350
4.694310
4.694270
4.694240
4.694200
4.694160
4.694130
4.694090
4.694060
4.694020
4.693980
4.693950
4.693910
4.693870
4.693840
4.693800
4.693760
4.693730
4.693690
4.693650
4.693620
4.693580
4.693550
4.693510
4.693470
4.693440
4.693400
4.693360
4.693330
4.693290
4.693250
4.693220
4.693180
4.693140
4.693110
4.693070
4.693030
4.693000
4.692960
4.692920
4.692890
4.692850
4.692810
4.692780
4.692740
4.692700
4.692670
4.692630
4.692590
4.692560
4.692520
4.692490
4.692450
4.692410
4.692380
4.692340
4.692300
4.692270
4.692230
4.692190
4.692160
4.692120
4.692080
4.692050
4.692010
4.691970
4.691940
4.691900
4.691860
4.691820
4.691790
4.691750
4.691710
4.691680
4.691640
4.691600
4.691570
4.691530
4.691490
4.691460
4.691420
4.691380
4.691350
4.691310
4.691270
4.691240
4.691200
4.691160
4.691130
4.691090
4.691050
4.691020
4.690980
4.690940
4.690910
4.690870
4.690830
4.690800
4.690760
4.690720
4.690690
4.690650
4.690610
4.690570
4.690540
4.690500
4.690460
4.690430
4.690390
4.690350
4.690320
4.690280
4.690240
4.690210
4.690170
4.690130
4.690100
4.690060
4.690020
4.689980
4.689950
4.689910
4.689870
4.689840
4.689800
4.689760
4.689730
4.689690
4.689650
4.689620
4.689580
4.689540
4.689500
4.689470
4.689430
4.689390
