0.096436
0.096563
0.097064
0.098234
0.100750
0.107727
0.456095
0.438935
0.442153
0.485153
0.552004
0.662306
0.806363
0.940685
1.049050
1.130620
1.189590
1.231020
1.259740
1.279910
1.294680
1.305880
1.314090
1.319130
1.320900
1.319910
1.317080
1.313300
1.309140
1.304860
1.300560
1.296220
1.291840
1.287390
1.282850
1.278220
1.273480
1.268650
1.263720
1.258690
1.253570
1.248360
1.243060
1.237680
1.232210
1.226670
1.221050
1.215350
1.209590
1.203760
1.197870
1.191920
1.185920
1.179860
1.173760
1.167610
1.161410
1.155180
1.148910
1.142600
1.136260
1.129890
1.123500
1.117080
1.110630
1.104170
1.097680
1.091180
1.084670
1.078140
1.071600
1.065040
1.058480
1.051920
1.045350
1.038770
1.032190
1.025610
1.019040
1.012460
1.005890
0.999317
0.992754
0.986197
0.979648
0.973108
0.966578
0.960059
0.953552
0.947058
0.940578
0.934112
0.927662
0.921229
0.914813
0.908415
0.902037
0.895677
0.889339
0.883021
0.876725
0.870452
0.864202
0.857976
0.851774
0.845598
0.839447
0.833322
0.827224
0.821153
0.815110
0.809095
0.803110
0.797153
0.791226
0.785329
0.779463
0.773628
0.767824
0.762053
0.756313
0.750606
0.744931
0.739290
0.733683
0.728109
0.722570
0.717065
0.711595
0.706159
0.700759
0.695394
0.690065
0.684772
0.679515
0.674295
0.669110
0.663963
0.658852
0.653778
0.648741
0.643741
0.638778
0.633853
0.628966
0.624116
0.619303
0.614528
0.609791
0.605091
0.600430
0.595806
0.591219
0.586671
0.582160
0.577687
0.573252
0.568854
0.564494
0.560172
0.555887
0.551639
0.547429
0.543256
0.539120
0.535021
0.530959
0.526934
0.522946
0.518994
0.515078
0.511198
0.507355
0.503548
0.499776
0.496040
0.492339
0.488673
0.485043
0.481447
0.477886
0.474359
0.470866
0.467408
0.463983
0.460592
0.457234
0.453909
0.450617
0.447357
0.444130
0.440935
0.437772
0.434641
0.431541
0.428473
0.425435
0.422428
0.419451
0.416505
0.413588
0.410701
0.407843
0.405015
0.402215
0.399444
0.396702
0.393987
0.391301
0.388641
0.386010
0.383405
0.380827
0.378275
0.375750
0.373251
0.370777
0.368329
0.365906
0.363508
0.361135
0.358786
0.356462
0.354161
0.351884
0.349630
0.347400
0.345193
0.343008
0.340846
0.338705
0.336587
0.334491
0.332416
0.330362
0.328329
0.326317
0.324326
0.322355
0.320404
0.318472
0.316561
0.314668
0.312795
0.310941
0.309106
0.307289
0.305491
0.303710
0.301948
0.300203
0.298476
0.296766
0.295073
0.293397
0.291738
0.290095
0.288468
0.286858
0.285264
0.283685
0.282122
0.280574
0.279042
0.277524
0.276022
0.274534
0.273060
0.271601
0.270156
0.268725
0.267308
0.265905
0.264515
0.263139
0.261776
0.260426
0.259089
0.257764
0.256453
0.255153
0.253866
0.252592
0.251329
0.250078
0.248840
0.247612
0.246397
0.245192
0.243999
0.242818
0.241647
0.240487
0.239338
0.238199
0.237071
0.235954
0.234847
0.233750
0.232663
0.231586
0.230519
0.229461
0.228414
0.227376
0.226347
0.225328
0.224318
0.223317
0.222325
0.221342
0.220368
0.219403
0.218446
0.217498
0.216559
0.215628
0.214705
0.213790
0.212884
0.211985
0.211095
0.210212
0.209338
0.208471
0.207611
0.206760
0.205915
0.205079
0.204249
0.203427
0.202612
0.201804
0.201003
0.200209
0.199422
0.198642
0.197868
0.197102
0.196342
0.195588
0.194841
0.194101
0.193366
0.192638
0.191917
0.191201
0.190492
0.189788
0.189091
0.188400
0.187714
0.187035
0.186361
0.185692
0.185030
0.184373
0.183722
0.183076
0.182435
0.181800
0.181170
0.180546
0.179926
0.179312
0.178703
0.178099
0.177500
0.176906
0.176317
0.175733
0.175154
0.174579
0.174010
0.173445
0.172884
0.172328
0.171777
0.171230
0.170688
0.170150
0.169617
0.169088
0.168563
0.168042
0.167526
0.167014
0.166506
0.166002
0.165502
0.165006
0.164515
0.164027
0.163543
0.163063
0.162586
0.162114
0.161645
0.161180
0.160719
0.160262
0.159808
0.159357
0.158911
0.158467
0.158028
0.157591
0.157159
0.156729
0.156303
0.155880
0.155461
0.155045
0.154632
0.154222
0.153816
0.153412
0.153012
0.152615
0.152221
0.151830
0.151442
0.151057
0.150675
0.150296
0.149920
0.149546
0.149176
0.148808
0.148444
0.148081
0.147722
0.147366
0.147012
0.146661
0.146312
0.145966
0.145623
0.145282
0.144944
0.144609
0.144276
0.143945
0.143617
0.143292
0.142969
0.142648
0.142329
0.142013
0.141700
0.141389
0.141080
0.140773
0.140468
0.140166
0.139866
0.139568
0.139273
0.138980
0.138688
0.138399
0.138112
0.137827
0.137545
0.137264
0.136985
0.136708
0.136434
0.136161
0.135890
0.135622
0.135355
0.135090
0.134827
0.134566
0.134307
0.134050
0.133794
0.133541
0.133289
0.133039
0.132790
0.132544
0.132299
0.132056
0.131815
0.131576
0.131338
0.131102
0.130867
0.130635
0.130403
0.130174
0.129946
0.129720
0.129495
0.129272
0.129050
0.128830
0.128612
0.128395
0.128180
0.127966
0.127753
0.127542
0.127333
0.127125
0.126918
0.126713
0.126509
0.126307
0.126106
0.125907
0.125709
0.125512
0.125316
0.125122
0.124930
0.124738
0.124548
0.124359
0.124172
0.123986
0.123801
0.123617
0.123435
0.123253
0.123074
0.122895
0.122717
0.122541
0.122366
0.122192
0.122019
0.121848
0.121677
0.121508
0.121340
0.121173
0.121007
0.120842
0.120679
0.120516
0.120355
0.120194
0.120035
0.119877
0.119720
0.119563
0.119408
0.119254
0.119101
0.118949
0.118798
0.118648
0.118499
0.118351
0.118204
0.118058
0.117913
0.117769
0.117626
0.117484
0.117343
0.117202
0.117063
0.116924
0.116787
0.116650
0.116514
0.116379
0.116245
0.116112
0.115980
0.115848
0.115718
0.115588
0.115459
0.115331
0.115204
0.115078
0.114952
0.114828
0.114704
0.114581
0.114459
0.114337
0.114216
0.114096
0.113977
0.113859
0.113741
0.113624
0.113508
0.113393
0.113278
0.113165
0.113052
0.112939
0.112827
0.112716
0.112606
0.112497
0.112388
0.112280
0.112172
0.112066
0.111960
0.111854
0.111749
0.111645
0.111542
0.111439
0.111337
0.111236
0.111135
0.111035
0.110935
0.110837
0.110738
0.110641
0.110544
0.110447
0.110352
0.110257
0.110162
0.110068
0.109975
0.109882
0.109790
0.109698
0.109607
0.109517
0.109427
0.109338
0.109249
0.109161
0.109073
0.108986
0.108899
0.108813
0.108728
0.108643
0.108559
0.108475
0.108392
0.108309
0.108226
0.108145
0.108063
0.107983
0.107903
0.107823
0.107744
0.107665
0.107587
0.107509
0.107432
0.107355
0.107278
0.107203
0.107127
0.107052
0.106978
0.106904
0.106830
0.106757
0.106685
0.106613
0.106541
0.106470
0.106399
0.106329
0.106259
0.106189
0.106120
0.106051
0.105983
0.105915
0.105848
0.105781
0.105715
0.105649
0.105583
0.105517
0.105453
0.105388
0.105324
0.105260
0.105197
0.105134
0.105071
0.105009
0.104948
0.104886
0.104825
0.104764
0.104704
0.104644
0.104585
0.104526
0.104467
0.104408
0.104350
0.104293
0.104235
0.104178
0.104122
0.104065
0.104009
0.103954
0.103898
0.103843
0.103789
0.103735
0.103681
0.103627
0.103574
0.103521
0.103468
0.103416
0.103364
0.103312
0.103261
0.103210
0.103159
0.103109
0.103058
0.103009
0.102959
0.102910
0.102861
0.102812
0.102764
0.102716
0.102668
0.102621
0.102574
0.102527
0.102480
0.102434
0.102388
0.102342
0.102297
0.102252
0.102207
0.102162
0.102118
0.102074
0.102030
0.101987
0.101943
0.101900
0.101858
0.101815
0.101773
0.101731
0.101689
0.101648
0.101606
0.101566
0.101525
0.101484
0.101444
0.101404
0.101364
0.101325
0.101286
0.101247
0.101208
0.101169
0.101131
0.101093
0.101055
0.101018
0.100980
0.100943
0.100906
0.100869
0.100833
0.100797
0.100761
0.100725
0.100689
0.100654
0.100619
0.100584
0.100549
0.100514
0.100480
0.100446
0.100412
0.100378
0.100345
0.100312
0.100279
0.100246
0.100213
0.100180
0.100148
0.100116
0.100084
0.100052
0.100021
0.099990
0.099959
0.099928
0.099897
0.099866
0.099836
0.099806
0.099776
0.099746
0.099716
0.099687
0.099657
0.099628
0.099599
0.099571
0.099542
0.099514
0.099485
0.099457
0.099429
0.099402
0.099374
0.099347
0.099319
0.099292
0.099265
0.099239
0.099212
0.099186
0.099159
0.099133
0.099107
0.099082
0.099056
0.099031
0.099005
0.098980
0.098955
0.098930
0.098906
0.098881
0.098857
0.098832
0.098808
0.098784
0.098761
0.098737
0.098713
0.098690
0.098667
0.098644
0.098621
0.098598
0.098575
0.098553
0.098530
0.098508
0.098486
0.098464
0.098442
0.098421
0.098399
0.098378
0.098356
0.098335
0.098314
0.098293
0.098272
0.098252
0.098231
0.098211
0.098190
0.098170
0.098150
0.098130
0.098110
0.098091
0.098071
0.098052
0.098032
0.098013
0.097994
0.097975
0.097956
0.097938
0.097919
0.097901
0.097882
0.097864
0.097846
0.097828
0.097810
0.097792
0.097774
0.097757
0.097739
0.097722
0.097704
0.097687
0.097670
0.097653
0.097636
0.097620
0.097603
0.097586
0.097570
0.097554
0.097537
0.097521
0.097505
0.097489
0.097474
0.097458
0.097442
0.097427
0.097411
0.097396
0.097380
0.097365
0.097350
0.097335
0.097321
0.097306
0.097291
0.097276
0.097262
0.097247
0.097233
0.097219
0.097205
0.097191
0.097177
0.097163
0.097149
0.097135
0.097122
0.097108
0.097095
0.097081
0.097068
0.097055
0.097042
0.097029
0.097016
0.097003
0.096990
0.096977
0.096965
0.096952
0.096940
0.096927
0.096915
0.096903
0.096891
0.096879
0.096867
0.096855
0.096843
0.096831
0.096820
0.096808
0.096796
0.096785
0.096773
0.096762
0.096751
0.096740
0.096729
0.096717
0.096707
0.096696
0.096685
0.096674
0.096663
0.096653
0.096642
0.096632
0.096621
0.096611
0.096601
0.096591
0.096580
0.096570
0.096560
0.096550
0.096540
0.096531
0.096521
0.096511
0.096502
0.096492
0.096482
0.096473
0.096464
0.096454
0.096445
0.096436
0.096563
0.097064
0.098234
0.100751
0.107731
0.456209
0.439037
0.442258
0.485258
0.552108
0.662381
0.806424
0.940743
1.049100
1.130660
1.189630
1.231060
1.259770
1.279940
1.294710
1.305910
1.314120
1.319160
1.320930
1.319930
1.317100
1.313320
1.309160
1.304880
1.300570
1.296240
1.291860
1.287410
1.282870
1.278230
1.273500
1.268670
1.263740
1.258710
1.253590
1.248380
1.243080
1.237700
1.232230
1.226690
1.221060
1.215370
1.209610
1.203780
1.197890
1.191940
1.185940
1.179880
1.173780
1.167630
1.161430
1.155200
1.148930
1.142620
1.136280
1.129920
1.123520
1.117100
1.110660
1.104190
1.097710
1.091200
1.084690
1.078160
1.071620
1.065070
1.058510
1.051940
1.045370
1.038790
1.032210
1.025640
1.019060
1.012480
1.005910
0.999338
0.992775
0.986218
0.979669
0.973129
0.966599
0.960080
0.953573
0.947079
0.940598
0.934133
0.927683
0.921250
0.914834
0.908436
0.902057
0.895698
0.889359
0.883041
0.876746
0.870472
0.864222
0.857996
0.851794
0.845618
0.839466
0.833342
0.827243
0.821173
0.815130
0.809115
0.803129
0.797172
0.791245
0.785348
0.779482
0.773647
0.767843
0.762071
0.756331
0.750624
0.744950
0.739309
0.733701
0.728128
0.722588
0.717083
0.711613
0.706177
0.700777
0.695412
0.690083
0.684790
0.679533
0.674312
0.669127
0.663980
0.658869
0.653794
0.648757
0.643758
0.638795
0.633870
0.628982
0.624132
0.619319
0.614544
0.609806
0.605107
0.600445
0.595821
0.591235
0.586686
0.582175
0.577702
0.573267
0.568869
0.564509
0.560186
0.555901
0.551654
0.547443
0.543270
0.539134
0.535035
0.530973
0.526948
0.522959
0.519007
0.515091
0.511212
0.507368
0.503560
0.499789
0.496052
0.492352
0.488686
0.485055
0.481459
0.477898
0.474371
0.470878
0.467419
0.463995
0.460603
0.457245
0.453920
0.450628
0.447369
0.444141
0.440946
0.437783
0.434652
0.431552
0.428483
0.425446
0.422438
0.419462
0.416515
0.413598
0.410711
0.407854
0.405025
0.402226
0.399454
0.396712
0.393997
0.391310
0.388651
0.386019
0.383414
0.380836
0.378285
0.375759
0.373260
0.370786
0.368338
0.365915
0.363517
0.361144
0.358795
0.356470
0.354170
0.351892
0.349639
0.347408
0.345201
0.343016
0.340854
0.338713
0.336595
0.334499
0.332423
0.330370
0.328337
0.326325
0.324333
0.322362
0.320411
0.318480
0.316568
0.314676
0.312802
0.310948
0.309113
0.307296
0.305498
0.303717
0.301955
0.300210
0.298482
0.296772
0.295080
0.293403
0.291744
0.290101
0.288475
0.286864
0.285270
0.283691
0.282128
0.280580
0.279048
0.277530
0.276027
0.274539
0.273066
0.271607
0.270162
0.268731
0.267314
0.265911
0.264521
0.263144
0.261781
0.260431
0.259094
0.257769
0.256458
0.255158
0.253872
0.252597
0.251334
0.250083
0.248845
0.247617
0.246402
0.245197
0.244004
0.242822
0.241651
0.240491
0.239342
0.238204
0.237076
0.235958
0.234851
0.233754
0.232667
0.231590
0.230523
0.229466
0.228418
0.227380
0.226351
0.225332
0.224322
0.223321
0.222329
0.221346
0.220372
0.219407
0.218450
0.217502
0.216563
0.215631
0.214709
0.213794
0.212887
0.211989
0.211099
0.210216
0.209341
0.208474
0.207615
0.206763
0.205919
0.205082
0.204253
0.203430
0.202615
0.201807
0.201006
0.200212
0.199425
0.198645
0.197872
0.197105
0.196345
0.195591
0.194844
0.194104
0.193369
0.192641
0.191920
0.191204
0.190495
0.189792
0.189094
0.188403
0.187717
0.187038
0.186364
0.185695
0.185033
0.184376
0.183724
0.183078
0.182438
0.181803
0.181173
0.180548
0.179929
0.179315
0.178706
0.178102
0.177503
0.176909
0.176320
0.175736
0.175156
0.174582
0.174012
0.173447
0.172887
0.172331
0.171779
0.171233
0.170690
0.170153
0.169619
0.169090
0.168565
0.168045
0.167528
0.167016
0.166508
0.166004
0.165504
0.165009
0.164517
0.164029
0.163545
0.163065
0.162589
0.162116
0.161647
0.161183
0.160721
0.160264
0.159810
0.159359
0.158913
0.158469
0.158030
0.157593
0.157160
0.156731
0.156305
0.155882
0.155463
0.155047
0.154634
0.154224
0.153817
0.153414
0.153014
0.152617
0.152223
0.151832
0.151444
0.151059
0.150677
0.150298
0.149921
0.149548
0.149178
0.148810
0.148445
0.148083
0.147724
0.147367
0.147013
0.146662
0.146314
0.145968
0.145625
0.145284
0.144946
0.144610
0.144277
0.143947
0.143619
0.143293
0.142970
0.142649
0.142331
0.142015
0.141701
0.141390
0.141081
0.140774
0.140470
0.140168
0.139868
0.139570
0.139274
0.138981
0.138690
0.138401
0.138114
0.137829
0.137546
0.137265
0.136986
0.136710
0.136435
0.136162
0.135892
0.135623
0.135356
0.135091
0.134828
0.134567
0.134308
0.134051
0.133795
0.133542
0.133290
0.133040
0.132792
0.132545
0.132300
0.132058
0.131816
0.131577
0.131339
0.131103
0.130868
0.130636
0.130404
0.130175
0.129947
0.129721
0.129496
0.129273
0.129051
0.128831
0.128613
0.128396
0.128181
0.127967
0.127754
0.127543
0.127334
0.127126
0.126919
0.126714
0.126510
0.126308
0.126107
0.125908
0.125710
0.125513
0.125317
0.125123
0.124931
0.124739
0.124549
0.124360
0.124173
0.123987
0.123802
0.123618
0.123435
0.123254
0.123074
0.122896
0.122718
0.122542
0.122367
0.122193
0.122020
0.121848
0.121678
0.121509
0.121341
0.121174
0.121008
0.120843
0.120679
0.120517
0.120355
0.120195
0.120036
0.119877
0.119720
0.119564
0.119409
0.119255
0.119102
0.118950
0.118799
0.118649
0.118500
0.118352
0.118205
0.118059
0.117914
0.117770
0.117627
0.117484
0.117343
0.117203
0.117063
0.116925
0.116787
0.116651
0.116515
0.116380
0.116246
0.116113
0.115981
0.115849
0.115719
0.115589
0.115460
0.115332
0.115205
0.115079
0.114953
0.114828
0.114704
0.114581
0.114459
0.114338
0.114217
0.114097
0.113978
0.113859
0.113742
0.113625
0.113509
0.113394
0.113279
0.113165
0.113052
0.112940
0.112828
0.112717
0.112607
0.112497
0.112388
0.112280
0.112173
0.112066
0.111960
0.111855
0.111750
0.111646
0.111542
0.111440
0.111338
0.111236
0.111136
0.111035
0.110936
0.110837
0.110739
0.110641
0.110544
0.110448
0.110352
0.110257
0.110162
0.110068
0.109975
0.109882
0.109790
0.109699
0.109608
0.109517
0.109427
0.109338
0.109249
0.109161
0.109073
0.108986
0.108900
0.108814
0.108728
0.108643
0.108559
0.108475
0.108392
0.108309
0.108227
0.108145
0.108064
0.107983
0.107903
0.107823
0.107744
0.107665
0.107587
0.107509
0.107432
0.107355
0.107279
0.107203
0.107128
0.107053
0.106978
0.106904
0.106831
0.106758
0.106685
0.106613
0.106541
0.106470
0.106399
0.106329
0.106259
0.106190
0.106120
0.106052
0.105984
0.105916
0.105848
0.105781
0.105715
0.105649
0.105583
0.105518
0.105453
0.105388
0.105324
0.105261
0.105197
0.105134
0.105072
0.105010
0.104948
0.104886
0.104825
0.104765
0.104704
0.104645
0.104585
0.104526
0.104467
0.104409
0.104351
0.104293
0.104236
0.104178
0.104122
0.104066
0.104010
0.103954
0.103899
0.103844
0.103789
0.103735
0.103681
0.103627
0.103574
0.103521
0.103468
0.103416
0.103364
0.103312
0.103261
0.103210
0.103159
0.103109
0.103059
0.103009
0.102959
0.102910
0.102861
0.102813
0.102764
0.102716
0.102669
0.102621
0.102574
0.102527
0.102481
0.102434
0.102388
0.102343
0.102297
0.102252
0.102207
0.102163
0.102118
0.102074
0.102030
0.101987
0.101944
0.101901
0.101858
0.101815
0.101773
0.101731
0.101689
0.101648
0.101607
0.101566
0.101525
0.101485
0.101444
0.101404
0.101365
0.101325
0.101286
0.101247
0.101208
0.101170
0.101131
0.101093
0.101055
0.101018
0.100980
0.100943
0.100906
0.100870
0.100833
0.100797
0.100761
0.100725
0.100689
0.100654
0.100619
0.100584
0.100549
0.100515
0.100480
0.100446
0.100412
0.100379
0.100345
0.100312
0.100279
0.100246
0.100213
0.100181
0.100148
0.100116
0.100084
0.100053
0.100021
0.099990
0.099959
0.099928
0.099897
0.099866
0.099836
0.099806
0.099776
0.099746
0.099716
0.099687
0.099657
0.099628
0.099599
0.099571
0.099542
0.099514
0.099485
0.099457
0.099429
0.099402
0.099374
0.099347
0.099319
0.099292
0.099266
0.099239
0.099212
0.099186
0.099160
0.099133
0.099108
0.099082
0.099056
0.099031
0.099005
0.098980
0.098955
0.098930
0.098906
0.098881
0.098857
0.098833
0.098808
0.098784
0.098761
0.098737
0.098713
0.098690
0.098667
0.098644
0.098621
0.098598
0.098575
0.098553
0.098531
0.098508
0.098486
0.098464
0.098442
0.098421
0.098399
0.098378
0.098356
0.098335
0.098314
0.098293
0.098272
0.098252
0.098231
0.098211
0.098190
0.098170
0.098150
0.098130
0.098111
0.098091
0.098071
0.098052
0.098032
0.098013
0.097994
0.097975
0.097956
0.097938
0.097919
0.097901
0.097882
0.097864
0.097846
0.097828
0.097810
0.097792
0.097774
0.097757
0.097739
0.097722
0.097704
0.097687
0.097670
0.097653
0.097637
0.097620
0.097603
0.097587
0.097570
0.097554
0.097537
0.097521
0.097505
0.097489
0.097474
0.097458
0.097442
0.097427
0.097411
0.097396
0.097381
0.097365
0.097350
0.097335
0.097321
0.097306
0.097291
0.097277
0.097262
0.097247
0.097233
0.097219
0.097205
0.097191
0.097177
0.097163
0.097149
0.097135
0.097122
0.097108
0.097095
0.097082
0.097068
0.097055
0.097042
0.097029
0.097016
0.097003
0.096990
0.096977
0.096965
0.096952
0.096940
0.096927
0.096915
0.096903
0.096891
0.096879
0.096867
0.096855
0.096843
0.096831
0.096820
0.096808
0.096796
0.096785
0.096773
0.096762
0.096751
0.096740
0.096729
0.096718
0.096707
0.096696
0.096685
0.096674
0.096663
0.096653
0.096642
0.096632
0.096621
0.096611
0.096601
0.096591
0.096580
0.096570
0.096560
0.096550
0.096541
0.096531
0.096521
0.096511
0.096502
0.096492
0.096482
0.096473
0.096464
0.096454
0.096445
0.096436
0.096563
0.097064
0.098234
0.100750
0.107728
0.456217
0.439077
0.442287
0.485277
0.552118
0.662410
0.806454
0.940762
1.049120
1.130680
1.189640
1.231070
1.259790
1.279960
1.294730
1.305920
1.314130
1.319180
1.320950
1.319950
1.317110
1.313330
1.309170
1.304900
1.300590
1.296250
1.291870
1.287420
1.282880
1.278250
1.273510
1.268680
1.263750
1.258720
1.253600
1.248390
1.243090
1.237710
1.232240
1.226700
1.221080
1.215380
1.209620
1.203790
1.197900
1.191950
1.185950
1.179890
1.173790
1.167640
1.161450
1.155210
1.148940
1.142630
1.136300
1.129930
1.123530
1.117110
1.110670
1.104200
1.097720
1.091220
1.084700
1.078170
1.071630
1.065080
1.058520
1.051950
1.045380
1.038800
1.032220
1.025650
1.019070
1.012490
1.005920
0.999348
0.992785
0.986228
0.979679
0.973139
0.966609
0.960090
0.953583
0.947088
0.940608
0.934142
0.927692
0.921259
0.914843
0.908445
0.902066
0.895707
0.889368
0.883050
0.876754
0.870481
0.864231
0.858005
0.851803
0.845626
0.839475
0.833350
0.827252
0.821181
0.815138
0.809123
0.803137
0.797180
0.791253
0.785356
0.779490
0.773655
0.767851
0.762079
0.756339
0.750632
0.744957
0.739316
0.733709
0.728135
0.722595
0.717090
0.711620
0.706184
0.700784
0.695419
0.690090
0.684797
0.679540
0.674319
0.669134
0.663986
0.658875
0.653801
0.648764
0.643764
0.638801
0.633876
0.628988
0.624138
0.619325
0.614550
0.609813
0.605113
0.600451
0.595827
0.591241
0.586692
0.582181
0.577708
0.573273
0.568875
0.564515
0.560192
0.555907
0.551659
0.547449
0.543276
0.539140
0.535041
0.530979
0.526953
0.522964
0.519012
0.515097
0.511217
0.507373
0.503566
0.499794
0.496057
0.492356
0.488691
0.485060
0.481464
0.477903
0.474376
0.470883
0.467424
0.463999
0.460608
0.457249
0.453924
0.450632
0.447373
0.444146
0.440951
0.437788
0.434656
0.431556
0.428487
0.425449
0.422442
0.419465
0.416519
0.413602
0.410715
0.407857
0.405029
0.402229
0.399458
0.396715
0.394001
0.391314
0.388655
0.386023
0.383418
0.380839
0.378288
0.375762
0.373263
0.370789
0.368341
0.365918
0.363520
0.361147
0.358798
0.356473
0.354172
0.351895
0.349642
0.347411
0.345204
0.343019
0.340856
0.338716
0.336598
0.334501
0.332426
0.330372
0.328340
0.326327
0.324336
0.322365
0.320413
0.318482
0.316570
0.314678
0.312805
0.310951
0.309115
0.307299
0.305500
0.303720
0.301957
0.300212
0.298485
0.296775
0.295082
0.293406
0.291746
0.290104
0.288477
0.286867
0.285272
0.283693
0.282130
0.280582
0.279050
0.277532
0.276030
0.274542
0.273068
0.271609
0.270164
0.268733
0.267316
0.265913
0.264523
0.263146
0.261783
0.260433
0.259096
0.257771
0.256460
0.255160
0.253873
0.252599
0.251336
0.250085
0.248846
0.247619
0.246403
0.245199
0.244006
0.242824
0.241653
0.240493
0.239344
0.238205
0.237077
0.235960
0.234853
0.233756
0.232669
0.231592
0.230525
0.229467
0.228420
0.227381
0.226353
0.225333
0.224323
0.223322
0.222330
0.221348
0.220373
0.219408
0.218452
0.217503
0.216564
0.215633
0.214710
0.213795
0.212889
0.211990
0.211100
0.210217
0.209343
0.208476
0.207616
0.206764
0.205920
0.205083
0.204254
0.203431
0.202616
0.201808
0.201008
0.200214
0.199426
0.198646
0.197873
0.197106
0.196346
0.195592
0.194845
0.194105
0.193370
0.192643
0.191921
0.191205
0.190496
0.189792
0.189095
0.188404
0.187718
0.187038
0.186364
0.185696
0.185034
0.184377
0.183725
0.183079
0.182439
0.181804
0.181174
0.180549
0.179930
0.179316
0.178707
0.178103
0.177504
0.176910
0.176321
0.175737
0.175157
0.174583
0.174013
0.173448
0.172887
0.172332
0.171780
0.171234
0.170691
0.170153
0.169620
0.169091
0.168566
0.168045
0.167529
0.167017
0.166509
0.166005
0.165505
0.165009
0.164517
0.164030
0.163546
0.163065
0.162589
0.162117
0.161648
0.161183
0.160722
0.160264
0.159810
0.159360
0.158913
0.158470
0.158030
0.157594
0.157161
0.156732
0.156306
0.155883
0.155463
0.155047
0.154634
0.154225
0.153818
0.153415
0.153014
0.152617
0.152223
0.151832
0.151444
0.151059
0.150677
0.150298
0.149922
0.149549
0.149178
0.148810
0.148446
0.148084
0.147724
0.147368
0.147014
0.146663
0.146314
0.145968
0.145625
0.145284
0.144946
0.144611
0.144278
0.143947
0.143619
0.143294
0.142970
0.142650
0.142331
0.142015
0.141702
0.141390
0.141081
0.140775
0.140470
0.140168
0.139868
0.139570
0.139275
0.138981
0.138690
0.138401
0.138114
0.137829
0.137546
0.137265
0.136987
0.136710
0.136435
0.136163
0.135892
0.135623
0.135356
0.135092
0.134829
0.134568
0.134308
0.134051
0.133796
0.133542
0.133290
0.133040
0.132792
0.132545
0.132301
0.132058
0.131817
0.131577
0.131339
0.131103
0.130869
0.130636
0.130405
0.130175
0.129947
0.129721
0.129496
0.129273
0.129052
0.128832
0.128613
0.128396
0.128181
0.127967
0.127754
0.127544
0.127334
0.127126
0.126919
0.126714
0.126511
0.126308
0.126107
0.125908
0.125710
0.125513
0.125318
0.125123
0.124931
0.124739
0.124549
0.124360
0.124173
0.123987
0.123802
0.123618
0.123436
0.123254
0.123075
0.122896
0.122718
0.122542
0.122367
0.122193
0.122020
0.121849
0.121678
0.121509
0.121341
0.121174
0.121008
0.120843
0.120680
0.120517
0.120356
0.120195
0.120036
0.119878
0.119720
0.119564
0.119409
0.119255
0.119102
0.118950
0.118799
0.118649
0.118500
0.118352
0.118205
0.118059
0.117914
0.117770
0.117627
0.117485
0.117343
0.117203
0.117064
0.116925
0.116787
0.116651
0.116515
0.116380
0.116246
0.116113
0.115981
0.115849
0.115719
0.115589
0.115460
0.115332
0.115205
0.115079
0.114953
0.114828
0.114705
0.114581
0.114459
0.114338
0.114217
0.114097
0.113978
0.113860
0.113742
0.113625
0.113509
0.113394
0.113279
0.113165
0.113052
0.112940
0.112828
0.112717
0.112607
0.112497
0.112388
0.112280
0.112173
0.112066
0.111960
0.111855
0.111750
0.111646
0.111543
0.111440
0.111338
0.111236
0.111136
0.111035
0.110936
0.110837
0.110739
0.110641
0.110544
0.110448
0.110352
0.110257
0.110162
0.110068
0.109975
0.109882
0.109790
0.109699
0.109608
0.109517
0.109427
0.109338
0.109249
0.109161
0.109073
0.108986
0.108900
0.108814
0.108728
0.108643
0.108559
0.108475
0.108392
0.108309
0.108227
0.108145
0.108064
0.107983
0.107903
0.107823
0.107744
0.107665
0.107587
0.107509
0.107432
0.107355
0.107279
0.107203
0.107128
0.107053
0.106978
0.106904
0.106831
0.106758
0.106685
0.106613
0.106541
0.106470
0.106399
0.106329
0.106259
0.106190
0.106120
0.106052
0.105984
0.105916
0.105848
0.105781
0.105715
0.105649
0.105583
0.105518
0.105453
0.105388
0.105324
0.105261
0.105197
0.105134
0.105072
0.105010
0.104948
0.104886
0.104825
0.104765
0.104704
0.104645
0.104585
0.104526
0.104467
0.104409
0.104351
0.104293
0.104235
0.104178
0.104122
0.104065
0.104010
0.103954
0.103899
0.103844
0.103789
0.103735
0.103681
0.103627
0.103574
0.103521
0.103468
0.103416
0.103364
0.103312
0.103261
0.103210
0.103159
0.103109
0.103059
0.103009
0.102959
0.102910
0.102861
0.102813
0.102764
0.102716
0.102669
0.102621
0.102574
0.102527
0.102481
0.102434
0.102388
0.102343
0.102297
0.102252
0.102207
0.102163
0.102118
0.102074
0.102030
0.101987
0.101943
0.101900
0.101858
0.101815
0.101773
0.101731
0.101689
0.101648
0.101607
0.101566
0.101525
0.101484
0.101444
0.101404
0.101365
0.101325
0.101286
0.101247
0.101208
0.101170
0.101131
0.101093
0.101055
0.101018
0.100980
0.100943
0.100906
0.100870
0.100833
0.100797
0.100761
0.100725
0.100689
0.100654
0.100619
0.100584
0.100549
0.100515
0.100480
0.100446
0.100412
0.100378
0.100345
0.100312
0.100279
0.100246
0.100213
0.100181
0.100148
0.100116
0.100084
0.100053
0.100021
0.099990
0.099959
0.099928
0.099897
0.099866
0.099836
0.099806
0.099776
0.099746
0.099716
0.099687
0.099657
0.099628
0.099599
0.099571
0.099542
0.099514
0.099485
0.099457
0.099429
0.099402
0.099374
0.099347
0.099319
0.099292
0.099266
0.099239
0.099212
0.099186
0.099159
0.099133
0.099108
0.099082
0.099056
0.099031
0.099005
0.098980
0.098955
0.098930
0.098906
0.098881
0.098857
0.098833
0.098808
0.098784
0.098761
0.098737
0.098713
0.098690
0.098667
0.098644
0.098621
0.098598
0.098575
0.098553
0.098530
0.098508
0.098486
0.098464
0.098442
0.098421
0.098399
0.098378
0.098356
0.098335
0.098314
0.098293
0.098272
0.098252
0.098231
0.098211
0.098190
0.098170
0.098150
0.098130
0.098110
0.098091
0.098071
0.098052
0.098032
0.098013
0.097994
0.097975
0.097956
0.097938
0.097919
0.097901
0.097882
0.097864
0.097846
0.097828
0.097810
0.097792
0.097774
0.097757
0.097739
0.097722
0.097704
0.097687
0.097670
0.097653
0.097636
0.097620
0.097603
0.097586
0.097570
0.097554
0.097537
0.097521
0.097505
0.097489
0.097474
0.097458
0.097442
0.097427
0.097411
0.097396
0.097380
0.097365
0.097350
0.097335
0.097320
0.097306
0.097291
0.097276
0.097262
0.097247
0.097233
0.097219
0.097205
0.097191
0.097177
0.097163
0.097149
0.097135
0.097122
0.097108
0.097095
0.097081
0.097068
0.097055
0.097042
0.097029
0.097016
0.097003
0.096990
0.096977
0.096965
0.096952
0.096940
0.096927
0.096915
0.096903
0.096891
0.096879
0.096867
0.096855
0.096843
0.096831
0.096819
0.096808
0.096796
0.096785
0.096773
0.096762
0.096751
0.096740
0.096728
0.096717
0.096707
0.096696
0.096685
0.096674
0.096663
0.096653
0.096642
0.096632
0.096621
0.096611
0.096601
0.096591
0.096580
0.096570
0.096560
0.096550
0.096540
0.096531
0.096521
0.096511
0.096502
0.096492
0.096482
0.096473
0.096464
0.096454
0.096445
0.096436
