10.975000
10.975000
10.974900
10.974900
10.974900
10.975000
10.977800
10.978100
10.978000
10.977900
10.977900
10.977800
10.977700
10.977600
10.977600
10.977500
10.977400
10.977400
10.977300
10.977300
10.977200
10.977200
10.977100
10.977100
10.977100
10.977000
10.977000
10.977000
10.976900
10.976900
10.976900
10.976900
10.976900
10.976900
10.976900
10.976900
10.976900
10.976900
10.976900
10.976900
10.976900
10.977000
10.977000
10.977000
10.977000
10.977100
10.977100
10.977100
10.977100
10.977200
10.977200
10.977300
10.977300
10.977300
10.977400
10.977400
10.977500
10.977500
10.977500
10.977600
10.977600
10.977700
10.977700
10.977800
10.977800
10.977900
10.977900
10.978000
10.978000
10.978100
10.978100
10.978200
10.978200
10.978300
10.978300
10.978400
10.978500
10.978500
10.978600
10.978600
10.978700
10.978700
10.978800
10.978800
10.978900
10.978900
10.979000
10.979000
10.979100
10.979100
10.979200
10.979200
10.979300
10.979300
10.979400
10.979400
10.979500
10.979500
10.979600
10.979600
10.979700
10.979700
10.979800
10.979800
10.979800
10.979900
10.979900
10.980000
10.980000
10.980100
10.980100
10.980200
10.980200
10.980200
10.980300
10.980300
10.980400
10.980400
10.980400
10.980500
10.980500
10.980600
10.980600
10.980600
10.980700
10.980700
10.980800
10.980800
10.980800
10.980900
10.980900
10.980900
10.981000
10.981000
10.981000
10.981100
10.981100
10.981100
10.981200
10.981200
10.981200
10.981300
10.981300
10.981300
10.981400
10.981400
10.981400
10.981500
10.981500
10.981500
10.981500
10.981600
10.981600
10.981600
10.981700
10.981700
10.981700
10.981700
10.981800
10.981800
10.981800
10.981900
10.981900
10.981900
10.981900
10.982000
10.982000
10.982000
10.982000
10.982000
10.982100
10.982100
10.982100
10.982100
10.982200
10.982200
10.982200
10.982200
10.982200
10.982300
10.982300
10.982300
10.982300
10.982400
10.982400
10.982400
10.982400
10.982400
10.982400
10.982500
10.982500
10.982500
10.982500
10.982500
10.982600
10.982600
10.982600
10.982600
10.982600
10.982600
10.982700
10.982700
10.982700
10.982700
10.982700
10.982700
10.982700
10.982800
10.982800
10.982800
10.982800
10.982800
10.982800
10.982800
10.982900
10.982900
10.982900
10.982900
10.982900
10.982900
10.982900
10.982900
10.983000
10.983000
10.983000
10.983000
10.983000
10.983000
10.983000
10.983000
10.983000
10.983000
10.983100
10.983100
10.983100
10.983100
10.983100
10.983100
10.983100
10.983100
10.983100
10.983100
10.983100
10.983200
10.983200
10.983200
10.983200
10.983200
10.983200
10.983200
10.983200
10.983200
10.983200
10.983200
10.983200
10.983200
10.983200
10.983200
10.983300
10.983300
10.983300
10.983300
10.983300
10.983300
10.983300
10.983300
10.983300
10.983300
10.983300
10.983300
10.983300
10.983300
10.983300
10.983300
10.983300
10.983300
10.983300
10.983300
10.983300
10.983300
10.983300
10.983300
10.983300
10.983400
10.983400
10.983400
10.983400
10.983400
10.983400
10.983400
10.983400
10.983400
10.983400
10.983400
10.983400
10.983400
10.983400
10.983400
10.983400
10.983400
10.983400
10.983400
10.983400
10.983400
10.983400
10.983400
10.983400
10.983400
10.983400
10.983400
10.983400
10.983400
10.983400
10.983400
10.983400
10.983400
10.983400
10.983400
10.983400
10.983400
10.983400
10.983400
10.983400
10.983400
10.983400
10.983400
10.983400
10.983300
10.983300
10.983300
10.983300
10.983300
10.983300
10.983300
10.983300
10.983300
10.983300
10.983300
10.983300
10.983300
10.983300
10.983300
10.983300
10.983300
10.983300
10.983300
10.983300
10.983300
10.983300
10.983300
10.983300
10.983300
10.983300
10.983300
10.983300
10.983300
10.983300
10.983200
10.983200
10.983200
10.983200
10.983200
10.983200
10.983200
10.983200
10.983200
10.983200
10.983200
10.983200
10.983200
10.983200
10.983200
10.983200
10.983200
10.983200
10.983200
10.983200
10.983100
10.983100
10.983100
10.983100
10.983100
10.983100
10.983100
10.983100
10.983100
10.983100
10.983100
10.983100
10.983100
10.983100
10.983100
10.983100
10.983000
10.983000
10.983000
10.983000
10.983000
10.983000
10.983000
10.983000
10.983000
10.983000
10.983000
10.983000
10.983000
10.983000
10.982900
10.982900
10.982900
10.982900
10.982900
10.982900
10.982900
10.982900
10.982900
10.982900
10.982900
10.982900
10.982900
10.982800
10.982800
10.982800
10.982800
10.982800
10.982800
10.982800
10.982800
10.982800
10.982800
10.982800
10.982800
10.982700
10.982700
10.982700
10.982700
10.982700
10.982700
10.982700
10.982700
10.982700
10.982700
10.982700
10.982700
10.982600
10.982600
10.982600
10.982600
10.982600
10.982600
10.982600
10.982600
10.982600
10.982600
10.982600
10.982500
10.982500
10.982500
10.982500
10.982500
10.982500
10.982500
10.982500
10.982500
10.982500
10.982400
10.982400
10.982400
10.982400
10.982400
10.982400
10.982400
10.982400
10.982400
10.982400
10.982300
10.982300
10.982300
10.982300
10.982300
10.982300
10.982300
10.982300
10.982300
10.982300
10.982200
10.982200
10.982200
10.982200
10.982200
10.982200
10.982200
10.982200
10.982200
10.982100
10.982100
10.982100
10.982100
10.982100
10.982100
10.982100
10.982100
10.982100
10.982100
10.982000
10.982000
10.982000
10.982000
10.982000
10.982000
10.982000
10.982000
10.982000
10.981900
10.981900
10.981900
10.981900
10.981900
10.981900
10.981900
10.981900
10.981900
10.981800
10.981800
10.981800
10.981800
10.981800
10.981800
10.981800
10.981800
10.981700
10.981700
10.981700
10.981700
10.981700
10.981700
10.981700
10.981700
10.981700
10.981600
10.981600
10.981600
10.981600
10.981600
10.981600
10.981600
10.981600
10.981500
10.981500
10.981500
10.981500
10.981500
10.981500
10.981500
10.981500
10.981500
10.981400
10.981400
10.981400
10.981400
10.981400
10.981400
10.981400
10.981400
10.981300
10.981300
10.981300
10.981300
10.981300
10.981300
10.981300
10.981300
10.981200
10.981200
10.981200
10.981200
10.981200
10.981200
10.981200
10.981200
10.981100
10.981100
10.981100
10.981100
10.981100
10.981100
10.981100
10.981100
10.981000
10.981000
10.981000
10.981000
10.981000
10.981000
10.981000
10.981000
10.980900
10.980900
10.980900
10.980900
10.980900
10.980900
10.980900
10.980900
10.980800
10.980800
10.980800
10.980800
10.980800
10.980800
10.980800
10.980700
10.980700
10.980700
10.980700
10.980700
10.980700
10.980700
10.980700
10.980600
10.980600
10.980600
10.980600
10.980600
10.980600
10.980600
10.980500
10.980500
10.980500
10.980500
10.980500
10.980500
10.980500
10.980500
10.980400
10.980400
10.980400
10.980400
10.980400
10.980400
10.980400
10.980300
10.980300
10.980300
10.980300
10.980300
10.980300
10.980300
10.980300
10.980200
10.980200
10.980200
10.980200
10.980200
10.980200
10.980200
10.980100
10.980100
10.980100
10.980100
10.980100
10.980100
10.980100
10.980100
10.980000
10.980000
10.980000
10.980000
10.980000
10.980000
10.980000
10.979900
10.979900
10.979900
10.979900
10.979900
10.979900
10.979900
10.979800
10.979800
10.979800
10.979800
10.979800
10.979800
10.979800
10.979700
10.979700
10.979700
10.979700
10.979700
10.979700
10.979700
10.979600
10.979600
10.979600
10.979600
10.979600
10.979600
10.979600
10.979600
10.979500
10.979500
10.979500
10.979500
10.979500
10.979500
10.979500
10.979400
10.979400
10.979400
10.979400
10.979400
10.979400
10.979400
10.979300
10.979300
10.979300
10.979300
10.979300
10.979300
10.979300
10.979200
10.979200
10.979200
10.979200
10.979200
10.979200
10.979200
10.979100
10.979100
10.979100
10.979100
10.979100
10.979100
10.979100
10.979000
10.979000
10.979000
10.979000
10.979000
10.979000
10.979000
10.978900
10.978900
10.978900
10.978900
10.978900
10.978900
10.978900
10.978800
10.978800
10.978800
10.978800
10.978800
10.978800
10.978800
10.978700
10.978700
10.978700
10.978700
10.978700
10.978700
10.978600
10.978600
10.978600
10.978600
10.978600
10.978600
10.978600
10.978500
10.978500
10.978500
10.978500
10.978500
10.978500
10.978500
10.978400
10.978400
10.978400
10.978400
10.978400
10.978400
10.978400
10.978300
10.978300
10.978300
10.978300
10.978300
10.978300
10.978300
10.978200
10.978200
10.978200
10.978200
10.978200
10.978200
10.978200
10.978100
10.978100
10.978100
10.978100
10.978100
10.978100
10.978000
10.978000
10.978000
10.978000
10.978000
10.978000
10.978000
10.977900
10.977900
10.977900
10.977900
10.977900
10.977900
10.977900
10.977800
10.977800
10.977800
10.977800
10.977800
10.977800
10.977800
10.977700
10.977700
10.977700
10.977700
10.977700
10.977700
10.977600
10.977600
10.977600
10.977600
10.977600
10.977600
10.977600
10.977500
10.977500
10.977500
10.977500
10.977500
10.977500
10.977500
10.977400
10.977400
10.977400
10.977400
10.977400
10.977400
10.977300
10.977300
10.977300
10.977300
10.977300
10.977300
10.977300
10.977200
10.977200
10.977200
10.977200
10.977200
10.977200
10.977200
10.977100
10.977100
10.977100
10.977100
10.977100
10.977100
10.977000
10.977000
10.977000
10.977000
10.977000
10.977000
10.977000
10.976900
10.976900
10.976900
10.976900
10.976900
10.976900
10.976800
10.976800
10.976800
10.976800
10.976800
10.976800
10.976800
10.976700
10.976700
10.976700
10.976700
10.976700
10.976700
10.976700
10.976600
10.976600
10.976600
10.976600
10.976600
10.976600
10.976500
10.976500
10.976500
10.976500
10.976500
10.976500
10.976500
10.976400
10.976400
10.976400
10.976400
10.976400
10.976400
10.976300
10.976300
10.976300
10.976300
10.976300
10.976300
10.976300
10.976200
10.976200
10.976200
10.976200
10.976200
10.976200
10.976100
10.976100
10.976100
10.976100
10.976100
10.976100
10.976100
10.976000
10.976000
10.976000
10.976000
10.976000
10.976000
10.975900
10.975900
10.975900
10.975900
10.975900
10.975900
10.975900
10.975800
10.975800
10.975800
10.975800
10.975800
10.975800
10.975800
10.975700
10.975700
10.975700
10.975700
10.975700
10.975700
10.975600
10.975600
10.975600
10.975600
10.975600
10.975600
10.975500
10.975500
10.975500
10.975500
10.975500
10.975500
10.975500
10.975400
10.975400
10.975400
10.975400
10.975400
10.975400
10.975300
10.975300
10.975300
10.975300
10.975300
10.975300
10.975300
10.975200
10.975200
10.975200
10.975200
10.975200
10.975200
10.975100
10.975100
10.975100
10.975100
10.975100
10.975100
10.975100
10.975000
10.975000
10.975000
10.975000
10.975100
10.977900
10.978100
10.978100
10.978000
10.977900
10.977900
10.977800
10.977700
10.977600
10.977600
10.977500
10.977500
10.977400
10.977400
10.977300
10.977300
10.977200
10.977200
10.977100
10.977100
10.977100
10.977000
10.977000
10.977000
10.977000
10.977000
10.977000
10.977000
10.977000
10.977000
10.977000
10.977000
10.977000
10.977000
10.977000
10.977000
10.977100
10.977100
10.977100
10.977100
10.977200
10.977200
10.977200
10.977300
10.977300
10.977300
10.977400
10.977400
10.977500
10.977500
10.977500
10.977600
10.977600
10.977700
10.977700
10.977800
10.977800
10.977900
10.977900
10.978000
10.978000
10.978100
10.978100
10.978200
10.978200
10.978300
10.978300
10.978400
10.978400
10.978500
10.978500
10.978600
10.978600
10.978700
10.978700
10.978800
10.978800
10.978900
10.979000
10.979000
10.979100
10.979100
10.979200
10.979200
10.979300
10.979300
10.979400
10.979400
10.979500
10.979500
10.979600
10.979600
10.979600
10.979700
10.979700
10.979800
10.979800
10.979900
10.979900
10.980000
10.980000
10.980100
10.980100
10.980100
10.980200
10.980200
10.980300
10.980300
10.980400
10.980400
10.980400
10.980500
10.980500
10.980600
10.980600
10.980600
10.980700
10.980700
10.980800
10.980800
10.980800
10.980900
10.980900
10.980900
10.981000
10.981000
10.981100
10.981100
10.981100
10.981200
10.981200
10.981200
10.981300
10.981300
10.981300
10.981400
10.981400
10.981400
10.981400
10.981500
10.981500
10.981500
10.981600
10.981600
10.981600
10.981700
10.981700
10.981700
10.981700
10.981800
10.981800
10.981800
10.981900
10.981900
10.981900
10.981900
10.982000
10.982000
10.982000
10.982000
10.982100
10.982100
10.982100
10.982100
10.982200
10.982200
10.982200
10.982200
10.982200
10.982300
10.982300
10.982300
10.982300
10.982400
10.982400
10.982400
10.982400
10.982400
10.982500
10.982500
10.982500
10.982500
10.982500
10.982500
10.982600
10.982600
10.982600
10.982600
10.982600
10.982700
10.982700
10.982700
10.982700
10.982700
10.982700
10.982800
10.982800
10.982800
10.982800
10.982800
10.982800
10.982800
10.982900
10.982900
10.982900
10.982900
10.982900
10.982900
10.982900
10.982900
10.983000
10.983000
10.983000
10.983000
10.983000
10.983000
10.983000
10.983000
10.983100
10.983100
10.983100
10.983100
10.983100
10.983100
10.983100
10.983100
10.983100
10.983100
10.983200
10.983200
10.983200
10.983200
10.983200
10.983200
10.983200
10.983200
10.983200
10.983200
10.983200
10.983200
10.983300
10.983300
10.983300
10.983300
10.983300
10.983300
10.983300
10.983300
10.983300
10.983300
10.983300
10.983300
10.983300
10.983300
10.983300
10.983400
10.983400
10.983400
10.983400
10.983400
10.983400
10.983400
10.983400
10.983400
10.983400
10.983400
10.983400
10.983400
10.983400
10.983400
10.983400
10.983400
10.983400
10.983400
10.983400
10.983400
10.983400
10.983400
10.983400
10.983400
10.983400
10.983400
10.983400
10.983400
10.983400
10.983400
10.983400
10.983400
10.983400
10.983400
10.983500
10.983500
10.983500
10.983500
10.983500
10.983500
10.983500
10.983500
10.983500
10.983500
10.983500
10.983500
10.983500
10.983500
10.983500
10.983500
10.983500
10.983400
10.983400
10.983400
10.983400
10.983400
10.983400
10.983400
10.983400
10.983400
10.983400
10.983400
10.983400
10.983400
10.983400
10.983400
10.983400
10.983400
10.983400
10.983400
10.983400
10.983400
10.983400
10.983400
10.983400
10.983400
10.983400
10.983400
10.983400
10.983400
10.983400
10.983400
10.983400
10.983400
10.983400
10.983400
10.983400
10.983400
10.983400
10.983400
10.983300
10.983300
10.983300
10.983300
10.983300
10.983300
10.983300
10.983300
10.983300
10.983300
10.983300
10.983300
10.983300
10.983300
10.983300
10.983300
10.983300
10.983300
10.983300
10.983300
10.983300
10.983200
10.983200
10.983200
10.983200
10.983200
10.983200
10.983200
10.983200
10.983200
10.983200
10.983200
10.983200
10.983200
10.983200
10.983200
10.983200
10.983200
10.983100
10.983100
10.983100
10.983100
10.983100
10.983100
10.983100
10.983100
10.983100
10.983100
10.983100
10.983100
10.983100
10.983100
10.983000
10.983000
10.983000
10.983000
10.983000
10.983000
10.983000
10.983000
10.983000
10.983000
10.983000
10.983000
10.983000
10.983000
10.982900
10.982900
10.982900
10.982900
10.982900
10.982900
10.982900
10.982900
10.982900
10.982900
10.982900
10.982900
10.982800
10.982800
10.982800
10.982800
10.982800
10.982800
10.982800
10.982800
10.982800
10.982800
10.982800
10.982700
10.982700
10.982700
10.982700
10.982700
10.982700
10.982700
10.982700
10.982700
10.982700
10.982700
10.982600
10.982600
10.982600
10.982600
10.982600
10.982600
10.982600
10.982600
10.982600
10.982600
10.982600
10.982500
10.982500
10.982500
10.982500
10.982500
10.982500
10.982500
10.982500
10.982500
10.982500
10.982400
10.982400
10.982400
10.982400
10.982400
10.982400
10.982400
10.982400
10.982400
10.982400
10.982300
10.982300
10.982300
10.982300
10.982300
10.982300
10.982300
10.982300
10.982300
10.982200
10.982200
10.982200
10.982200
10.982200
10.982200
10.982200
10.982200
10.982200
10.982200
10.982100
10.982100
10.982100
10.982100
10.982100
10.982100
10.982100
10.982100
10.982100
10.982000
10.982000
10.982000
10.982000
10.982000
10.982000
10.982000
10.982000
10.982000
10.981900
10.981900
10.981900
10.981900
10.981900
10.981900
10.981900
10.981900
10.981900
10.981800
10.981800
10.981800
10.981800
10.981800
10.981800
10.981800
10.981800
10.981700
10.981700
10.981700
10.981700
10.981700
10.981700
10.981700
10.981700
10.981700
10.981600
10.981600
10.981600
10.981600
10.981600
10.981600
10.981600
10.981600
10.981500
10.981500
10.981500
10.981500
10.981500
10.981500
10.981500
10.981500
10.981400
10.981400
10.981400
10.981400
10.981400
10.981400
10.981400
10.981400
10.981300
10.981300
10.981300
10.981300
10.981300
10.981300
10.981300
10.981300
10.981200
10.981200
10.981200
10.981200
10.981200
10.981200
10.981200
10.981200
10.981100
10.981100
10.981100
10.981100
10.981100
10.981100
10.981100
10.981100
10.981000
10.981000
10.981000
10.981000
10.981000
10.981000
10.981000
10.981000
10.980900
10.980900
10.980900
10.980900
10.980900
10.980900
10.980900
10.980900
10.980800
10.980800
10.980800
10.980800
10.980800
10.980800
10.980800
10.980700
10.980700
10.980700
10.980700
10.980700
10.980700
10.980700
10.980700
10.980600
10.980600
10.980600
10.980600
10.980600
10.980600
10.980600
10.980600
10.980500
10.980500
10.980500
10.980500
10.980500
10.980500
10.980500
10.980400
10.980400
10.980400
10.980400
10.980400
10.980400
10.980400
10.980300
10.980300
10.980300
10.980300
10.980300
10.980300
10.980300
10.980300
10.980200
10.980200
10.980200
10.980200
10.980200
10.980200
10.980200
10.980100
10.980100
10.980100
10.980100
10.980100
10.980100
10.980100
10.980000
10.980000
10.980000
10.980000
10.980000
10.980000
10.980000
10.980000
10.979900
10.979900
10.979900
10.979900
10.979900
10.979900
10.979900
10.979800
10.979800
10.979800
10.979800
10.979800
10.979800
10.979800
10.979700
10.979700
10.979700
10.979700
10.979700
10.979700
10.979700
10.979600
10.979600
10.979600
10.979600
10.979600
10.979600
10.979600
10.979500
10.979500
10.979500
10.979500
10.979500
10.979500
10.979500
10.979400
10.979400
10.979400
10.979400
10.979400
10.979400
10.979400
10.979300
10.979300
10.979300
10.979300
10.979300
10.979300
10.979300
10.979200
10.979200
10.979200
10.979200
10.979200
10.979200
10.979200
10.979100
10.979100
10.979100
10.979100
10.979100
10.979100
10.979100
10.979000
10.979000
10.979000
10.979000
10.979000
10.979000
10.979000
10.978900
10.978900
10.978900
10.978900
10.978900
10.978900
10.978900
10.978800
10.978800
10.978800
10.978800
10.978800
10.978800
10.978800
10.978700
10.978700
10.978700
10.978700
10.978700
10.978700
10.978700
10.978600
10.978600
10.978600
10.978600
10.978600
10.978600
10.978600
10.978500
10.978500
10.978500
10.978500
10.978500
10.978500
10.978500
10.978400
10.978400
10.978400
10.978400
10.978400
10.978400
10.978300
10.978300
10.978300
10.978300
10.978300
10.978300
10.978300
10.978200
10.978200
10.978200
10.978200
10.978200
10.978200
10.978200
10.978100
10.978100
10.978100
10.978100
10.978100
10.978100
10.978100
10.978000
10.978000
10.978000
10.978000
10.978000
10.978000
10.977900
10.977900
10.977900
10.977900
10.977900
10.977900
10.977900
10.977800
10.977800
10.977800
10.977800
10.977800
10.977800
10.977800
10.977700
10.977700
10.977700
10.977700
10.977700
10.977700
10.977700
10.977600
10.977600
10.977600
10.977600
10.977600
10.977600
10.977500
10.977500
10.977500
10.977500
10.977500
10.977500
10.977500
10.977400
10.977400
10.977400
10.977400
10.977400
10.977400
10.977400
10.977300
10.977300
10.977300
10.977300
10.977300
10.977300
10.977200
10.977200
10.977200
10.977200
10.977200
10.977200
10.977200
10.977100
10.977100
10.977100
10.977100
10.977100
10.977100
10.977100
10.977000
10.977000
10.977000
10.977000
10.977000
10.977000
10.976900
10.976900
10.976900
10.976900
10.976900
10.976900
10.976900
10.976800
10.976800
10.976800
10.976800
10.976800
10.976800
10.976700
10.976700
10.976700
10.976700
10.976700
10.976700
10.976700
10.976600
10.976600
10.976600
10.976600
10.976600
10.976600
10.976500
10.976500
10.976500
10.976500
10.976500
10.976500
10.976500
10.976400
10.976400
10.976400
10.976400
10.976400
10.976400
10.976400
10.976300
10.976300
10.976300
10.976300
10.976300
10.976300
10.976200
10.976200
10.976200
10.976200
10.976200
10.976200
10.976200
10.976100
10.976100
10.976100
10.976100
10.976100
10.976100
10.976000
10.976000
10.976000
10.976000
10.976000
10.976000
10.976000
10.975900
10.975900
10.975900
10.975900
10.975900
10.975900
10.975800
10.975800
10.975800
10.975800
10.975800
10.975800
10.975800
10.975700
10.975700
10.975700
10.975700
10.975700
10.975700
10.975600
10.975600
10.975600
10.975600
10.975600
10.975600
10.975600
10.975500
10.975500
10.975500
10.975500
10.975500
10.975500
10.975400
10.975400
10.975400
10.975400
10.975400
10.975400
10.975400
10.975300
10.975300
10.975300
10.975300
10.975300
10.975300
10.975200
10.975200
10.975200
10.975200
10.975200
10.975200
10.975200
10.975100
10.975100
10.975100
10.975100
10.975100
10.975200
10.978000
10.978200
10.978200
10.978100
10.978000
10.977900
10.977900
10.977800
10.977700
10.977700
10.977600
10.977500
10.977500
10.977400
10.977400
10.977300
10.977300
10.977300
10.977200
10.977200
10.977200
10.977100
10.977100
10.977100
10.977100
10.977000
10.977000
10.977000
10.977000
10.977000
10.977000
10.977000
10.977100
10.977100
10.977100
10.977100
10.977100
10.977200
10.977200
10.977200
10.977200
10.977300
10.977300
10.977300
10.977400
10.977400
10.977500
10.977500
10.977500
10.977600
10.977600
10.977700
10.977700
10.977800
10.977800
10.977800
10.977900
10.977900
10.978000
10.978000
10.978100
10.978100
10.978200
10.978200
10.978300
10.978300
10.978400
10.978500
10.978500
10.978600
10.978600
10.978700
10.978700
10.978800
10.978800
10.978900
10.978900
10.979000
10.979000
10.979100
10.979100
10.979200
10.979200
10.979300
10.979300
10.979400
10.979400
10.979500
10.979500
10.979600
10.979600
10.979700
10.979700
10.979800
10.979800
10.979900
10.979900
10.980000
10.980000
10.980100
10.980100
10.980100
10.980200
10.980200
10.980300
10.980300
10.980400
10.980400
10.980400
10.980500
10.980500
10.980600
10.980600
10.980600
10.980700
10.980700
10.980800
10.980800
10.980800
10.980900
10.980900
10.981000
10.981000
10.981000
10.981100
10.981100
10.981100
10.981200
10.981200
10.981200
10.981300
10.981300
10.981300
10.981400
10.981400
10.981400
10.981500
10.981500
10.981500
10.981600
10.981600
10.981600
10.981600
10.981700
10.981700
10.981700
10.981800
10.981800
10.981800
10.981900
10.981900
10.981900
10.981900
10.982000
10.982000
10.982000
10.982000
10.982100
10.982100
10.982100
10.982100
10.982200
10.982200
10.982200
10.982200
10.982300
10.982300
10.982300
10.982300
10.982300
10.982400
10.982400
10.982400
10.982400
10.982500
10.982500
10.982500
10.982500
10.982500
10.982600
10.982600
10.982600
10.982600
10.982600
10.982600
10.982700
10.982700
10.982700
10.982700
10.982700
10.982700
10.982800
10.982800
10.982800
10.982800
10.982800
10.982800
10.982900
10.982900
10.982900
10.982900
10.982900
10.982900
10.982900
10.983000
10.983000
10.983000
10.983000
10.983000
10.983000
10.983000
10.983100
10.983100
10.983100
10.983100
10.983100
10.983100
10.983100
10.983100
10.983100
10.983200
10.983200
10.983200
10.983200
10.983200
10.983200
10.983200
10.983200
10.983200
10.983200
10.983300
10.983300
10.983300
10.983300
10.983300
10.983300
10.983300
10.983300
10.983300
10.983300
10.983300
10.983300
10.983400
10.983400
10.983400
10.983400
10.983400
10.983400
10.983400
10.983400
10.983400
10.983400
10.983400
10.983400
10.983400
10.983400
10.983400
10.983400
10.983400
10.983400
10.983500
10.983500
10.983500
10.983500
10.983500
10.983500
10.983500
10.983500
10.983500
10.983500
10.983500
10.983500
10.983500
10.983500
10.983500
10.983500
10.983500
10.983500
10.983500
10.983500
10.983500
10.983500
10.983500
10.983500
10.983500
10.983500
10.983500
10.983500
10.983500
10.983500
10.983500
10.983500
10.983500
10.983500
10.983500
10.983500
10.983500
10.983500
10.983500
10.983500
10.983500
10.983500
10.983500
10.983500
10.983500
10.983500
10.983500
10.983500
10.983500
10.983500
10.983500
10.983500
10.983500
10.983500
10.983500
10.983500
10.983500
10.983500
10.983500
10.983500
10.983500
10.983500
10.983500
10.983500
10.983500
10.983500
10.983500
10.983500
10.983500
10.983500
10.983500
10.983500
10.983500
10.983500
10.983500
10.983500
10.983500
10.983500
10.983500
10.983500
10.983500
10.983400
10.983400
10.983400
10.983400
10.983400
10.983400
10.983400
10.983400
10.983400
10.983400
10.983400
10.983400
10.983400
10.983400
10.983400
10.983400
10.983400
10.983400
10.983400
10.983400
10.983400
10.983400
10.983300
10.983300
10.983300
10.983300
10.983300
10.983300
10.983300
10.983300
10.983300
10.983300
10.983300
10.983300
10.983300
10.983300
10.983300
10.983300
10.983300
10.983200
10.983200
10.983200
10.983200
10.983200
10.983200
10.983200
10.983200
10.983200
10.983200
10.983200
10.983200
10.983200
10.983200
10.983200
10.983100
10.983100
10.983100
10.983100
10.983100
10.983100
10.983100
10.983100
10.983100
10.983100
10.983100
10.983100
10.983100
10.983100
10.983000
10.983000
10.983000
10.983000
10.983000
10.983000
10.983000
10.983000
10.983000
10.983000
10.983000
10.983000
10.982900
10.982900
10.982900
10.982900
10.982900
10.982900
10.982900
10.982900
10.982900
10.982900
10.982900
10.982900
10.982800
10.982800
10.982800
10.982800
10.982800
10.982800
10.982800
10.982800
10.982800
10.982800
10.982800
10.982700
10.982700
10.982700
10.982700
10.982700
10.982700
10.982700
10.982700
10.982700
10.982700
10.982700
10.982600
10.982600
10.982600
10.982600
10.982600
10.982600
10.982600
10.982600
10.982600
10.982600
10.982500
10.982500
10.982500
10.982500
10.982500
10.982500
10.982500
10.982500
10.982500
10.982500
10.982400
10.982400
10.982400
10.982400
10.982400
10.982400
10.982400
10.982400
10.982400
10.982400
10.982300
10.982300
10.982300
10.982300
10.982300
10.982300
10.982300
10.982300
10.982300
10.982200
10.982200
10.982200
10.982200
10.982200
10.982200
10.982200
10.982200
10.982200
10.982100
10.982100
10.982100
10.982100
10.982100
10.982100
10.982100
10.982100
10.982100
10.982000
10.982000
10.982000
10.982000
10.982000
10.982000
10.982000
10.982000
10.982000
10.981900
10.981900
10.981900
10.981900
10.981900
10.981900
10.981900
10.981900
10.981800
10.981800
10.981800
10.981800
10.981800
10.981800
10.981800
10.981800
10.981800
10.981700
10.981700
10.981700
10.981700
10.981700
10.981700
10.981700
10.981700
10.981600
10.981600
10.981600
10.981600
10.981600
10.981600
10.981600
10.981600
10.981600
10.981500
10.981500
10.981500
10.981500
10.981500
10.981500
10.981500
10.981500
10.981400
10.981400
10.981400
10.981400
10.981400
10.981400
10.981400
10.981400
10.981300
10.981300
10.981300
10.981300
10.981300
10.981300
10.981300
10.981300
10.981200
10.981200
10.981200
10.981200
10.981200
10.981200
10.981200
10.981200
10.981100
10.981100
10.981100
10.981100
10.981100
10.981100
10.981100
10.981000
10.981000
10.981000
10.981000
10.981000
10.981000
10.981000
10.981000
10.980900
10.980900
10.980900
10.980900
10.980900
10.980900
10.980900
10.980900
10.980800
10.980800
10.980800
10.980800
10.980800
10.980800
10.980800
10.980700
10.980700
10.980700
10.980700
10.980700
10.980700
10.980700
10.980700
10.980600
10.980600
10.980600
10.980600
10.980600
10.980600
10.980600
10.980500
10.980500
10.980500
10.980500
10.980500
10.980500
10.980500
10.980500
10.980400
10.980400
10.980400
10.980400
10.980400
10.980400
10.980400
10.980300
10.980300
10.980300
10.980300
10.980300
10.980300
10.980300
10.980300
10.980200
10.980200
10.980200
10.980200
10.980200
10.980200
10.980200
10.980100
10.980100
10.980100
10.980100
10.980100
10.980100
10.980100
10.980000
10.980000
10.980000
10.980000
10.980000
10.980000
10.980000
10.979900
10.979900
10.979900
10.979900
10.979900
10.979900
10.979900
10.979900
10.979800
10.979800
10.979800
10.979800
10.979800
10.979800
10.979800
10.979700
10.979700
10.979700
10.979700
10.979700
10.979700
10.979700
10.979600
10.979600
10.979600
10.979600
10.979600
10.979600
10.979600
10.979500
10.979500
10.979500
10.979500
10.979500
10.979500
10.979500
10.979400
10.979400
10.979400
10.979400
10.979400
10.979400
10.979400
10.979300
10.979300
10.979300
10.979300
10.979300
10.979300
10.979300
10.979200
10.979200
10.979200
10.979200
10.979200
10.979200
10.979200
10.979100
10.979100
10.979100
10.979100
10.979100
10.979100
10.979100
10.979000
10.979000
10.979000
10.979000
10.979000
10.979000
10.979000
10.978900
10.978900
10.978900
10.978900
10.978900
10.978900
10.978900
10.978800
10.978800
10.978800
10.978800
10.978800
10.978800
10.978800
10.978700
10.978700
10.978700
10.978700
10.978700
10.978700
10.978600
10.978600
10.978600
10.978600
10.978600
10.978600
10.978600
10.978500
10.978500
10.978500
10.978500
10.978500
10.978500
10.978500
10.978400
10.978400
10.978400
10.978400
10.978400
10.978400
10.978400
10.978300
10.978300
10.978300
10.978300
10.978300
10.978300
10.978300
10.978200
10.978200
10.978200
10.978200
10.978200
10.978200
10.978100
10.978100
10.978100
10.978100
10.978100
10.978100
10.978100
10.978000
10.978000
10.978000
10.978000
10.978000
10.978000
10.978000
10.977900
10.977900
10.977900
10.977900
10.977900
10.977900
10.977900
10.977800
10.977800
10.977800
10.977800
10.977800
10.977800
10.977700
10.977700
10.977700
10.977700
10.977700
10.977700
10.977700
10.977600
10.977600
10.977600
10.977600
10.977600
10.977600
10.977600
10.977500
10.977500
10.977500
10.977500
10.977500
10.977500
10.977400
10.977400
10.977400
10.977400
10.977400
10.977400
10.977400
10.977300
10.977300
10.977300
10.977300
10.977300
10.977300
10.977300
10.977200
10.977200
10.977200
10.977200
10.977200
10.977200
10.977100
10.977100
10.977100
10.977100
10.977100
10.977100
10.977100
10.977000
10.977000
10.977000
10.977000
10.977000
10.977000
10.976900
10.976900
10.976900
10.976900
10.976900
10.976900
10.976900
10.976800
10.976800
10.976800
10.976800
10.976800
10.976800
10.976800
10.976700
10.976700
10.976700
10.976700
10.976700
10.976700
10.976600
10.976600
10.976600
10.976600
10.976600
10.976600
10.976600
10.976500
10.976500
10.976500
10.976500
10.976500
10.976500
10.976400
10.976400
10.976400
10.976400
10.976400
10.976400
10.976400
10.976300
10.976300
10.976300
10.976300
10.976300
10.976300
10.976200
10.976200
10.976200
10.976200
10.976200
10.976200
10.976200
10.976100
10.976100
10.976100
10.976100
10.976100
10.976100
10.976000
10.976000
10.976000
10.976000
10.976000
10.976000
10.976000
10.975900
10.975900
10.975900
10.975900
10.975900
10.975900
10.975800
10.975800
10.975800
10.975800
10.975800
10.975800
10.975800
10.975700
10.975700
10.975700
10.975700
10.975700
10.975700
10.975600
10.975600
10.975600
10.975600
10.975600
10.975600
10.975600
10.975500
10.975500
10.975500
10.975500
10.975500
10.975500
10.975400
10.975400
10.975400
10.975400
10.975400
10.975400
10.975400
10.975300
10.975300
10.975300
10.975300
10.975300
10.975300
10.975200
10.975200
10.975200
