0.970942
0.969293
0.967649
0.966012
0.964381
0.962761
0.961190
0.960456
0.961214
0.963676
0.968366
0.976395
0.990270
1.014590
1.055600
1.120010
1.213590
1.340070
1.500750
1.694690
1.919190
2.170450
2.444260
2.736410
3.043010
3.360490
3.685640
4.015470
4.347310
4.678780
5.007920
5.333210
5.653490
5.967960
6.276030
6.577300
6.871660
7.158780
7.438810
7.711550
7.977250
8.235790
8.487400
8.732100
8.970050
9.201310
9.426080
9.644470
9.856530
10.062500
10.262400
10.456400
10.644500
10.827100
11.004000
11.175400
11.341500
11.502300
11.658000
11.808500
11.954100
12.094900
12.230800
12.362000
12.488600
12.610700
12.728300
12.841500
12.950500
13.055200
13.155800
13.252300
13.344800
13.433300
13.518000
13.598900
13.676100
13.749600
13.819600
13.886100
13.949100
14.008700
14.065000
14.118000
14.167800
14.214500
14.258000
14.298600
14.336200
14.370800
14.402600
14.431600
14.457800
14.481400
14.502200
14.520500
14.536300
14.549600
14.560500
14.568900
14.575000
14.578900
14.580400
14.579800
14.577100
14.572300
14.565400
14.556500
14.545600
14.532900
14.518300
14.501800
14.483600
14.463600
14.441900
14.418600
14.393600
14.367000
14.339000
14.309400
14.278400
14.245900
14.212100
14.176900
14.140400
14.102700
14.063700
14.023500
13.982100
13.939600
13.896000
13.851400
13.805700
13.759000
13.711300
13.662700
13.613200
13.562800
13.511700
13.459700
13.406900
13.353300
13.299100
13.244100
13.188400
13.132200
13.075300
13.017800
12.959800
12.901200
12.842100
12.782600
12.722500
12.662100
12.601200
12.540000
12.478400
12.416400
12.354100
12.291500
12.228700
12.165500
12.102200
12.038600
11.974800
11.910900
11.846800
11.782600
11.718200
11.653800
11.589200
11.524700
11.460000
11.395400
11.330600
11.266000
11.201300
11.136600
11.072000
11.007500
10.943100
10.878700
10.814500
10.750300
10.686300
10.622500
10.558800
10.495200
10.431800
10.368700
10.305700
10.242900
10.180400
10.118100
10.056000
9.994200
9.932680
9.871400
9.810370
9.749690
9.689250
9.629120
9.569280
9.509810
9.450640
9.391770
9.333260
9.275110
9.217270
9.159780
9.102650
9.045950
8.989550
8.933510
8.877830
8.822570
8.767670
8.713130
8.659020
8.605270
8.551930
8.498960
8.446410
8.394220
8.342460
8.291110
8.240120
8.189560
8.139360
8.089640
8.040220
7.991280
7.942700
7.894550
7.846810
7.799440
7.752490
7.705900
7.659730
7.613980
7.568590
7.523630
7.479080
7.434840
7.391080
7.347680
7.304640
7.261960
7.219700
7.177870
7.136330
7.095220
7.054470
7.014080
6.974050
6.934380
6.895130
6.856190
6.817600
6.779380
6.741510
6.704010
6.666870
6.630030
6.593560
6.557380
6.521560
6.486110
6.450890
6.416100
6.381610
6.347420
6.313530
6.279940
6.246710
6.213790
6.181100
6.148780
6.116750
6.084970
6.053550
6.022370
5.991470
5.960870
5.930540
5.900490
5.870720
5.841210
5.811970
5.783000
5.754290
5.725840
5.697640
5.669700
5.642000
5.614550
5.587350
5.560390
5.533660
5.507180
5.480930
5.454910
5.429110
5.403540
5.378190
5.353060
5.328150
5.303460
5.278980
5.254710
5.230640
5.206790
5.183130
5.159680
5.136420
5.113360
5.090500
5.067820
5.045330
5.023040
5.000920
4.978990
4.957240
4.935670
4.914270
4.893050
4.872000
4.851120
4.830410
4.809860
4.789490
4.769270
4.749210
4.729310
4.709570
4.689990
4.670560
4.651270
4.632150
4.613160
4.594320
4.575630
4.557090
4.538680
4.520410
4.502290
4.484290
4.466440
4.448720
4.431120
4.413670
4.396340
4.379130
4.362060
4.345110
4.328290
4.311580
4.295000
4.278540
4.262190
4.245960
4.229850
4.213850
4.197970
4.182200
4.166530
4.150980
4.135540
4.120200
4.104970
4.089840
4.074820
4.059900
4.045090
4.030370
4.015760
4.001240
3.986810
3.972490
3.958260
3.944120
3.930090
3.916140
3.902280
3.888520
3.874840
3.861250
3.847750
3.834340
3.821010
3.807770
3.794610
3.781540
3.768550
3.755640
3.742810
3.730070
3.717400
3.704810
3.692290
3.679860
3.667510
3.655220
3.643010
3.630880
3.618820
3.606840
3.594920
3.583080
3.571300
3.559600
3.547960
3.536400
3.524900
3.513470
3.502110
3.490820
3.479580
3.468420
3.457320
3.446280
3.435300
3.424400
3.413540
3.402760
3.392030
3.381360
3.370750
3.360210
3.349710
3.339290
3.328910
3.318590
3.308340
3.298130
3.287980
3.277890
3.267850
3.257870
3.247940
3.238060
3.228240
3.218460
3.208750
3.199080
3.189460
3.179900
3.170380
3.160910
3.151500
3.142130
3.132810
3.123540
3.114310
3.105140
3.096000
3.086920
3.077890
3.068890
3.059950
3.051040
3.042190
3.033380
3.024610
3.015890
3.007200
2.998570
2.989970
2.981420
2.972910
2.964440
2.956000
2.947620
2.939270
2.930960
2.922690
2.914470
2.906280
2.898130
2.890020
2.881950
2.873910
2.865920
2.857960
2.850040
2.842150
2.834300
2.826490
2.818720
2.810980
2.803270
2.795600
2.787970
2.780370
2.772810
2.765280
2.757780
2.750320
2.742890
2.735500
2.728140
2.720800
2.713510
2.706240
2.699010
2.691810
2.684650
2.677510
2.670400
2.663330
2.656280
2.649270
2.642290
2.635330
2.628410
2.621520
2.614660
2.607820
2.601020
2.594240
2.587500
2.580770
2.574090
2.567420
2.560790
2.554180
2.547610
2.541050
2.534530
2.528030
2.521560
2.515120
2.508700
2.502310
2.495940
2.489600
2.483290
2.477000
2.470740
2.464510
2.458290
2.452110
2.445950
2.439810
2.433700
2.427610
2.421550
2.415510
2.409490
2.403500
2.397530
2.391590
2.385660
2.379760
2.373890
2.368040
2.362210
2.356400
2.350610
2.344850
2.339110
2.333400
2.327700
2.322020
2.316370
2.310740
2.305130
2.299540
2.293970
2.288430
2.282900
2.277390
2.271910
2.266450
2.261000
2.255580
2.250180
2.244790
2.239430
2.234090
2.228760
2.223460
2.218170
2.212900
2.207660
2.202440
2.197220
2.192040
2.186860
2.181720
2.176580
2.171470
2.166370
2.161290
2.156230
2.151190
2.146170
2.141160
2.136170
2.131200
2.126250
2.121320
2.116390
2.111490
2.106610
2.101750
2.096900
2.092060
2.087250
2.082450
2.077670
2.072900
2.068150
2.063420
2.058700
2.054000
2.049320
2.044650
2.040000
2.035360
2.030740
2.026130
2.021550
2.016970
2.012410
2.007870
2.003340
1.998830
1.994330
1.989850
1.985380
1.980930
1.976490
1.972070
1.967660
1.963260
1.958890
1.954520
1.950170
1.945830
1.941520
1.937210
1.932910
1.928630
1.924370
1.920120
1.915880
1.911650
1.907440
1.903240
1.899060
1.894890
1.890740
1.886590
1.882470
1.878350
1.874240
1.870160
1.866070
1.862010
1.857960
1.853920
1.849890
1.845880
1.841880
1.837890
1.833920
1.829960
1.826000
1.822070
1.818140
1.814230
1.810330
1.806440
1.802560
1.798690
1.794840
1.791000
1.787170
1.783350
1.779550
1.775750
1.771970
1.768200
1.764440
1.760690
1.756960
1.753230
1.749520
1.745820
1.742130
1.738440
1.734780
1.731120
1.727470
1.723830
1.720210
1.716600
1.712990
1.709400
1.705820
1.702250
1.698690
1.695140
1.691600
1.688070
1.684550
1.681040
1.677540
1.674060
1.670590
1.667120
1.663660
1.660210
1.656780
1.653350
1.649940
1.646530
1.643130
1.639750
1.636370
1.633010
1.629650
1.626300
1.622970
1.619640
1.616320
1.613010
1.609710
1.606420
1.603140
1.599870
1.596610
1.593360
1.590110
1.586880
1.583660
1.580440
1.577240
1.574040
1.570850
1.567670
1.564500
1.561340
1.558190
1.555050
1.551910
1.548790
1.545680
1.542560
1.539460
1.536380
1.533290
1.530220
1.527160
1.524100
1.521060
1.518020
1.514980
1.511960
1.508950
1.505940
1.502950
1.499960
1.496980
1.494000
1.491040
1.488090
1.485140
1.482200
1.479270
1.476340
1.473420
1.470520
1.467620
1.464730
1.461840
1.458970
1.456100
1.453240
1.450390
1.447540
1.444700
1.441880
1.439050
1.436240
1.433430
1.430630
1.427840
1.425060
1.422280
1.419510
1.416750
1.413990
1.411250
1.408500
1.405780
1.403050
1.400330
1.397620
1.394920
1.392220
1.389530
1.386850
1.384170
1.381510
1.378850
1.376190
1.373540
1.370910
1.368280
1.365650
1.363030
1.360410
1.357810
1.355210
1.352620
1.350040
1.347460
1.344880
1.342320
1.339760
1.337210
1.334670
1.332130
1.329600
1.327070
1.324560
1.322040
1.319540
1.317040
1.314550
1.312060
1.309580
1.307110
1.304640
1.302180
1.299730
1.297280
1.294840
1.292400
1.289970
1.287550
1.285130
1.282720
1.280320
1.277920
1.275530
1.273140
1.270760
1.268390
1.266020
1.263660
1.261300
1.258950
1.256610
1.254270
1.251940
1.249610
1.247290
1.244980
1.242670
1.240360
1.238070
1.235770
1.233490
1.231210
1.228940
1.226670
1.224400
1.222150
1.219900
1.217650
1.215410
1.213180
1.210940
1.208720
1.206510
1.204290
1.202080
1.199890
1.197690
1.195500
1.193310
1.191130
1.188960
1.186790
1.184630
1.182470
1.180320
1.178170
1.176030
1.173890
1.171760
1.169630
1.167510
1.165400
1.163280
1.161180
1.159070
1.156980
1.154890
1.152810
1.150730
1.148650
1.146580
1.144510
1.142450
1.140400
1.138350
1.136310
1.134270
1.132230
1.130200
1.128180
1.126150
1.124140
1.122130
1.120130
1.118120
1.116130
1.114140
1.112150
1.110170
1.108190
1.106220
1.104260
1.102290
1.100340
1.098380
1.096440
1.094490
1.092550
1.090620
1.088690
1.086760
1.084840
1.082930
1.081010
1.079110
1.077210
1.075310
1.073420
1.071530
1.069640
1.067770
1.065890
1.064020
1.062150
1.060290
1.058430
1.056580
1.054730
1.052890
1.051050
1.049210
1.047380
1.045560
1.043740
1.041920
1.040110
1.038290
1.036490
1.034690
1.032890
1.031100
1.029310
1.027520
1.025750
1.023970
1.022200
1.020430
1.018670
1.016910
1.015150
1.013400
1.011660
1.009920
1.008180
1.006440
1.004710
1.002980
1.001260
0.999546
0.997831
0.996121
0.994412
0.992714
0.991011
0.989319
0.987628
0.985942
0.984257
0.982584
0.980904
0.979237
0.977569
0.975902
0.974247
0.972591
0.970936
0.969293
0.967649
0.966006
0.964375
0.962755
0.961190
0.960456
0.961214
0.963676
0.968366
0.976402
0.990282
1.014600
1.055620
1.120050
1.213640
1.340130
1.500830
1.694780
1.919290
2.170560
2.444380
2.736540
3.043140
3.360610
3.685770
4.015620
4.347460
4.678930
5.008080
5.333370
5.653660
5.968120
6.276210
6.577480
6.871780
7.158970
7.438930
7.711730
7.977370
8.235970
8.487580
8.732280
8.970230
9.201490
9.426260
9.644650
9.856720
10.062600
10.262500
10.456600
10.644700
10.827200
11.004100
11.175600
11.341700
11.502400
11.658100
11.808700
11.954300
12.095000
12.231000
12.362200
12.488800
12.610900
12.728500
12.841700
12.950700
13.055400
13.156000
13.252500
13.344900
13.433500
13.518200
13.599100
13.676300
13.749800
13.819800
13.886300
13.949200
14.008900
14.065200
14.118100
14.168000
14.214600
14.258200
14.298700
14.336400
14.371000
14.402700
14.431800
14.458000
14.481500
14.502400
14.520700
14.536500
14.549700
14.560600
14.569100
14.575200
14.579000
14.580600
14.580000
14.577300
14.572400
14.565600
14.556700
14.545800
14.533100
14.518400
14.501900
14.483700
14.463700
14.442100
14.418700
14.393800
14.367200
14.339100
14.309600
14.278500
14.246100
14.212200
14.177100
14.140500
14.102800
14.063800
14.023600
13.982200
13.939700
13.896100
13.851500
13.805800
13.759100
13.711500
13.662900
13.613400
13.563000
13.511800
13.459800
13.407000
13.353500
13.299200
13.244200
13.188600
13.132300
13.075500
13.018000
12.959900
12.901400
12.842300
12.782700
12.722700
12.662200
12.601400
12.540100
12.478500
12.416500
12.354300
12.291700
12.228800
12.165700
12.102300
12.038800
11.975000
11.911000
11.846900
11.782700
11.718400
11.654000
11.589400
11.524800
11.460100
11.395500
11.330800
11.266100
11.201400
11.136800
11.072200
11.007600
10.943200
10.878800
10.814600
10.750400
10.686400
10.622600
10.558800
10.495300
10.431900
10.368700
10.305800
10.243000
10.180500
10.118200
10.056100
9.994320
9.932740
9.871460
9.810490
9.749750
9.689310
9.629240
9.569410
9.509870
9.450700
9.391890
9.333380
9.275170
9.217390
9.159900
9.102780
9.046010
8.989610
8.933570
8.877950
8.822630
8.767730
8.713250
8.659140
8.605390
8.551990
8.499080
8.446470
8.394340
8.342580
8.291170
8.240180
8.189620
8.139480
8.089700
8.040340
7.991340
7.942760
7.894610
7.846870
7.799500
7.752550
7.705960
7.659790
7.614040
7.568650
7.523690
7.479080
7.434900
7.391140
7.347680
7.304700
7.262020
7.219760
7.177870
7.136390
7.095280
7.054530
7.014140
6.974110
6.934440
6.895130
6.856250
6.817660
6.779440
6.741570
6.704070
6.666870
6.630030
6.593560
6.557440
6.521620
6.486110
6.450950
6.416160
6.381610
6.347420
6.313530
6.280000
6.246710
6.213790
6.181160
6.148840
6.116750
6.085030
6.053550
6.022370
5.991500
5.960900
5.930580
5.900530
5.870750
5.841250
5.812010
5.783040
5.754330
5.725870
5.697670
5.669730
5.642030
5.614580
5.587380
5.560420
5.533690
5.507210
5.480950
5.454930
5.429140
5.403570
5.378220
5.353090
5.328180
5.303490
5.279000
5.254730
5.230670
5.206810
5.183160
5.159700
5.136440
5.113380
5.090520
5.067850
5.045360
5.023060
5.000950
4.979010
4.957260
4.935690
4.914300
4.893070
4.872020
4.851140
4.830430
4.809890
4.789510
4.769290
4.749240
4.729340
4.709590
4.690010
4.670570
4.651290
4.632160
4.613180
4.594340
4.575650
4.557110
4.538700
4.520440
4.502300
4.484310
4.466460
4.448740
4.431140
4.413690
4.396360
4.379150
4.362080
4.345130
4.328300
4.311600
4.295020
4.278550
4.262210
4.245980
4.229860
4.213870
4.197980
4.182210
4.166550
4.151000
4.135550
4.120210
4.104980
4.089860
4.074840
4.059920
4.045100
4.030380
4.015770
4.001250
3.986830
3.972510
3.958280
3.944140
3.930100
3.916150
3.902300
3.888530
3.874850
3.861270
3.847760
3.834350
3.821030
3.807780
3.794620
3.781550
3.768560
3.755650
3.742830
3.730080
3.717410
3.704820
3.692310
3.679880
3.667520
3.655230
3.643020
3.630890
3.618830
3.606850
3.594930
3.583090
3.571310
3.559610
3.547980
3.536410
3.524920
3.513490
3.502120
3.490830
3.479600
3.468430
3.457330
3.446290
3.435320
3.424400
3.413560
3.402760
3.392040
3.381370
3.370760
3.360220
3.349730
3.339290
3.328920
3.318600
3.308350
3.298140
3.288000
3.277900
3.267860
3.257880
3.247950
3.238070
3.228250
3.218480
3.208760
3.199090
3.189470
3.179900
3.170390
3.160920
3.151500
3.142140
3.132810
3.123540
3.114320
3.105140
3.096020
3.086930
3.077890
3.068900
3.059950
3.051060
3.042200
3.033380
3.024620
3.015890
3.007210
2.998570
2.989980
2.981420
2.972910
2.964440
2.956020
2.947620
2.939280
2.930970
2.922700
2.914470
2.906280
2.898140
2.890020
2.881950
2.873920
2.865920
2.857960
2.850040
2.842160
2.834310
2.826500
2.818720
2.810980
2.803280
2.795610
2.787980
2.780380
2.772810
2.765280
2.757790
2.750320
2.742900
2.735500
2.728140
2.720810
2.713510
2.706250
2.699020
2.691820
2.684650
2.677510
2.670410
2.663340
2.656290
2.649270
2.642290
2.635340
2.628420
2.621520
2.614660
2.607830
2.601020
2.594240
2.587500
2.580780
2.574090
2.567430
2.560790
2.554190
2.547610
2.541060
2.534530
2.528040
2.521570
2.515120
2.508700
2.502320
2.495950
2.489610
2.483300
2.477010
2.470750
2.464510
2.458300
2.452110
2.445950
2.439810
2.433710
2.427610
2.421550
2.415510
2.409490
2.403510
2.397530
2.391590
2.385670
2.379770
2.373900
2.368040
2.362210
2.356400
2.350620
2.344860
2.339120
2.333400
2.327700
2.322030
2.316370
2.310750
2.305140
2.299540
2.293980
2.288430
2.282910
2.277400
2.271910
2.266450
2.261010
2.255580
2.250180
2.244800
2.239430
2.234090
2.228770
2.223460
2.218180
2.212910
2.207670
2.202440
2.197230
2.192040
2.186870
2.181720
2.176590
2.171470
2.166370
2.161300
2.156240
2.151190
2.146170
2.141160
2.136180
2.131210
2.126250
2.121320
2.116400
2.111500
2.106620
2.101750
2.096900
2.092070
2.087250
2.082460
2.077670
2.072900
2.068150
2.063420
2.058700
2.054010
2.049320
2.044650
2.040000
2.035370
2.030740
2.026140
2.021550
2.016980
2.012410
2.007880
2.003340
1.998830
1.994340
1.989850
1.985390
1.980930
1.976500
1.972070
1.967670
1.963270
1.958890
1.954520
1.950170
1.945840
1.941520
1.937210
1.932910
1.928630
1.924370
1.920120
1.915880
1.911650
1.907450
1.903250
1.899070
1.894900
1.890740
1.886590
1.882470
1.878350
1.874250
1.870160
1.866080
1.862020
1.857960
1.853930
1.849900
1.845890
1.841880
1.837900
1.833920
1.829960
1.826010
1.822070
1.818140
1.814230
1.810330
1.806440
1.802560
1.798700
1.794850
1.791010
1.787180
1.783350
1.779550
1.775760
1.771970
1.768200
1.764440
1.760700
1.756960
1.753230
1.749520
1.745820
1.742130
1.738450
1.734780
1.731120
1.727480
1.723840
1.720210
1.716600
1.712990
1.709410
1.705820
1.702250
1.698690
1.695140
1.691600
1.688070
1.684560
1.681050
1.677550
1.674070
1.670590
1.667120
1.663660
1.660210
1.656780
1.653350
1.649940
1.646530
1.643140
1.639750
1.636370
1.633010
1.629650
1.626300
1.622970
1.619640
1.616320
1.613010
1.609710
1.606420
1.603140
1.599870
1.596610
1.593360
1.590120
1.586880
1.583660
1.580440
1.577240
1.574040
1.570860
1.567680
1.564500
1.561340
1.558200
1.555050
1.551920
1.548790
1.545680
1.542570
1.539470
1.536380
1.533300
1.530220
1.527160
1.524100
1.521060
1.518020
1.514990
1.511970
1.508950
1.505950
1.502950
1.499960
1.496980
1.494000
1.491040
1.488090
1.485140
1.482200
1.479270
1.476340
1.473430
1.470520
1.467620
1.464730
1.461850
1.458970
1.456100
1.453240
1.450390
1.447550
1.444700
1.441880
1.439050
1.436240
1.433430
1.430630
1.427840
1.425060
1.422280
1.419510
1.416750
1.413990
1.411250
1.408510
1.405780
1.403050
1.400340
1.397620
1.394920
1.392220
1.389540
1.386850
1.384180
1.381510
1.378850
1.376200
1.373550
1.370910
1.368280
1.365650
1.363030
1.360420
1.357810
1.355210
1.352620
1.350040
1.347460
1.344890
1.342330
1.339770
1.337220
1.334670
1.332130
1.329600
1.327070
1.324560
1.322050
1.319540
1.317040
1.314550
1.312060
1.309580
1.307110
1.304640
1.302180
1.299730
1.297280
1.294840
1.292400
1.289970
1.287550
1.285130
1.282720
1.280320
1.277920
1.275530
1.273140
1.270760
1.268390
1.266020
1.263660
1.261300
1.258950
1.256610
1.254270
1.251940
1.249610
1.247290
1.244980
1.242670
1.240370
1.238070
1.235770
1.233490
1.231210
1.228940
1.226670
1.224400
1.222150
1.219900
1.217650
1.215410
1.213180
1.210950
1.208720
1.206510
1.204290
1.202090
1.199890
1.197690
1.195500
1.193310
1.191130
1.188960
1.186790
1.184630
1.182470
1.180320
1.178170
1.176030
1.173890
1.171760
1.169630
1.167510
1.165400
1.163280
1.161180
1.159080
1.156980
1.154890
1.152810
1.150730
1.148650
1.146580
1.144520
1.142450
1.140400
1.138360
1.136310
1.134270
1.132230
1.130210
1.128180
1.126160
1.124140
1.122130
1.120130
1.118120
1.116130
1.114140
1.112150
1.110170
1.108200
1.106220
1.104260
1.102290
1.100340
1.098390
1.096440
1.094490
1.092550
1.090620
1.088690
1.086760
1.084840
1.082930
1.081020
1.079110
1.077210
1.075310
1.073420
1.071530
1.069650
1.067770
1.065890
1.064020
1.062150
1.060290
1.058430
1.056580
1.054730
1.052890
1.051050
1.049210
1.047380
1.045560
1.043740
1.041920
1.040110
1.038290
1.036490
1.034690
1.032890
1.031100
1.029310
1.027520
1.025750
1.023970
1.022200
1.020430
1.018670
1.016910
1.015150
1.013400
1.011660
1.009920
1.008180
1.006440
1.004710
1.002990
1.001260
0.999546
0.997831
0.996121
0.994418
0.992714
0.991017
0.989319
0.987628
0.985942
0.984263
0.982584
0.980904
0.979237
0.977569
0.975908
0.974247
0.972591
0.970942
0.969293
0.967649
0.966012
0.964381
0.962761
0.961190
0.960456
0.961214
0.963676
0.968359
0.976383
0.990258
1.014560
1.055570
1.119980
1.213540
1.340010
1.500680
1.694620
1.919090
2.170350
2.444150
2.736300
3.042890
3.360370
3.685520
4.015350
4.347180
4.678650
5.007780
5.333070
5.653350
5.967810
6.275910
6.577180
6.871480
7.158660
7.438630
7.711430
7.977070
8.235670
8.487280
8.731980
8.969930
9.201190
9.425960
9.644350
9.856410
10.062400
10.262300
10.456300
10.644400
10.826900
11.003800
11.175300
11.341400
11.502200
11.657900
11.808400
11.954000
12.094800
12.230700
12.361900
12.488600
12.610600
12.728200
12.841500
12.950400
13.055200
13.155800
13.252200
13.344700
13.433200
13.517900
13.598800
13.676000
13.749600
13.819600
13.886000
13.949000
14.008700
14.064900
14.118000
14.167700
14.214400
14.258000
14.298500
14.336100
14.370700
14.402600
14.431500
14.457800
14.481300
14.502200
14.520500
14.536300
14.549600
14.560400
14.568800
14.575000
14.578800
14.580400
14.579800
14.577100
14.572300
14.565300
14.556500
14.545600
14.532800
14.518200
14.501800
14.483500
14.463500
14.441800
14.418500
14.393500
14.367000
14.338900
14.309300
14.278300
14.245900
14.212000
14.176800
14.140400
14.102600
14.063600
14.023400
13.982000
13.939500
13.895900
13.851200
13.805600
13.758900
13.711200
13.662700
13.613200
13.562800
13.511600
13.459600
13.406800
13.353200
13.299000
13.244100
13.188400
13.132200
13.075200
13.017800
12.959800
12.901200
12.842100
12.782500
12.722500
12.662000
12.601200
12.540000
12.478300
12.416300
12.354100
12.291500
12.228600
12.165500
12.102200
12.038600
11.974800
11.910900
11.846800
11.782500
11.718200
11.653800
11.589200
11.524700
11.460000
11.395300
11.330600
11.265900
11.201300
11.136600
11.072000
11.007500
10.943100
10.878700
10.814400
10.750300
10.686300
10.622400
10.558700
10.495100
10.431800
10.368600
10.305600
10.242900
10.180300
10.118000
10.056000
9.994200
9.932620
9.871340
9.810370
9.749630
9.689190
9.629060
9.569280
9.509750
9.450580
9.391770
9.333260
9.275050
9.217270
9.159780
9.102650
9.045890
8.989490
8.933450
8.877830
8.822570
8.767670
8.713130
8.659020
8.605270
8.551930
8.498960
8.446410
8.394220
8.342460
8.291050
8.240120
8.189500
8.139360
8.089580
8.040220
7.991280
7.942700
7.894550
7.846750
7.799380
7.752430
7.705900
7.659730
7.613980
7.568590
7.523630
7.479020
7.434840
7.391020
7.347620
7.304580
7.261960
7.219700
7.177810
7.136330
7.095160
7.054410
7.014020
6.974050
6.934380
6.895070
6.856190
6.817600
6.779380
6.741510
6.704010
6.666810
6.629970
6.593500
6.557380
6.521560
6.486050
6.450890
6.416040
6.381550
6.347360
6.313470
6.279940
6.246650
6.213730
6.181100
6.148780
6.116690
6.084970
6.053490
6.022310
5.991450
5.960840
5.930520
5.900470
5.870700
5.841190
5.811960
5.782980
5.754270
5.725820
5.697620
5.669680
5.641980
5.614540
5.587330
5.560370
5.533650
5.507160
5.480910
5.454890
5.429090
5.403520
5.378180
5.353040
5.328140
5.303440
5.278960
5.254690
5.230630
5.206770
5.183120
5.159660
5.136410
5.113350
5.090480
5.067800
5.045320
5.023020
5.000900
4.978980
4.957230
4.935650
4.914260
4.893040
4.871990
4.851110
4.830400
4.809850
4.789480
4.769260
4.749200
4.729300
4.709560
4.689970
4.670540
4.651260
4.632130
4.613150
4.594310
4.575620
4.557080
4.538670
4.520400
4.502270
4.484280
4.466430
4.448710
4.431120
4.413660
4.396330
4.379130
4.362050
4.345100
4.328280
4.311570
4.294990
4.278520
4.262180
4.245950
4.229840
4.213840
4.197950
4.182180
4.166520
4.150970
4.135530
4.120190
4.104960
4.089830
4.074810
4.059890
4.045080
4.030360
4.015740
4.001230
3.986800
3.972480
3.958250
3.944120
3.930080
3.916130
3.902270
3.888500
3.874830
3.861240
3.847740
3.834330
3.821000
3.807760
3.794600
3.781530
3.768540
3.755630
3.742800
3.730050
3.717390
3.704800
3.692290
3.679850
3.667490
3.655210
3.643010
3.630870
3.618810
3.606820
3.594910
3.583060
3.571290
3.559590
3.547960
3.536390
3.524900
3.513470
3.502100
3.490810
3.479580
3.468410
3.457310
3.446270
3.435300
3.424380
3.413540
3.402740
3.392020
3.381350
3.370750
3.360200
3.349710
3.339280
3.328900
3.318590
3.308330
3.298130
3.287980
3.277880
3.267850
3.257860
3.247930
3.238060
3.228230
3.218460
3.208740
3.199070
3.189460
3.179890
3.170370
3.160910
3.151490
3.142120
3.132800
3.123530
3.114300
3.105130
3.096000
3.086910
3.077880
3.068890
3.059940
3.051040
3.042180
3.033370
3.024600
3.015880
3.007200
2.998560
2.989970
2.981410
2.972900
2.964430
2.956000
2.947610
2.939260
2.930960
2.922690
2.914460
2.906270
2.898120
2.890010
2.881940
2.873900
2.865910
2.857950
2.850030
2.842140
2.834300
2.826480
2.818710
2.810970
2.803260
2.795600
2.787960
2.780370
2.772800
2.765270
2.757780
2.750310
2.742880
2.735490
2.728130
2.720800
2.713500
2.706240
2.699010
2.691810
2.684640
2.677500
2.670400
2.663320
2.656280
2.649270
2.642290
2.635330
2.628410
2.621510
2.614650
2.607820
2.601010
2.594240
2.587490
2.580770
2.574080
2.567420
2.560780
2.554180
2.547600
2.541040
2.534530
2.528020
2.521550
2.515110
2.508700
2.502300
2.495940
2.489600
2.483290
2.477000
2.470740
2.464500
2.458290
2.452110
2.445940
2.439800
2.433690
2.427610
2.421540
2.415500
2.409490
2.403490
2.397530
2.391580
2.385660
2.379760
2.373880
2.368030
2.362200
2.356400
2.350610
2.344850
2.339110
2.333390
2.327690
2.322020
2.316370
2.310730
2.305120
2.299540
2.293970
2.288420
2.282890
2.277390
2.271910
2.266440
2.261000
2.255580
2.250170
2.244790
2.239430
2.234080
2.228760
2.223450
2.218170
2.212900
2.207660
2.202430
2.197220
2.192040
2.186860
2.181710
2.176580
2.171460
2.166370
2.161290
2.156230
2.151190
2.146170
2.141160
2.136170
2.131200
2.126250
2.121310
2.116390
2.111490
2.106610
2.101740
2.096890
2.092060
2.087250
2.082440
2.077670
2.072900
2.068150
2.063420
2.058700
2.054000
2.049310
2.044650
2.040000
2.035350
2.030740
2.026130
2.021540
2.016960
2.012410
2.007860
2.003340
1.998830
1.994330
1.989850
1.985380
1.980930
1.976490
1.972070
1.967660
1.963260
1.958880
1.954520
1.950170
1.945830
1.941510
1.937200
1.932910
1.928630
1.924360
1.920110
1.915870
1.911650
1.907440
1.903240
1.899060
1.894890
1.890730
1.886590
1.882460
1.878340
1.874240
1.870150
1.866070
1.862010
1.857950
1.853920
1.849890
1.845880
1.841880
1.837890
1.833910
1.829950
1.826000
1.822070
1.818140
1.814220
1.810320
1.806430
1.802560
1.798690
1.794840
1.791000
1.787170
1.783350
1.779540
1.775750
1.771970
1.768200
1.764440
1.760690
1.756950
1.753230
1.749510
1.745810
1.742120
1.738440
1.734770
1.731120
1.727470
1.723830
1.720210
1.716590
1.712990
1.709400
1.705820
1.702250
1.698680
1.695130
1.691590
1.688070
1.684550
1.681040
1.677540
1.674060
1.670580
1.667110
1.663660
1.660210
1.656780
1.653350
1.649930
1.646530
1.643130
1.639740
1.636370
1.633000
1.629650
1.626300
1.622960
1.619630
1.616310
1.613010
1.609710
1.606420
1.603140
1.599870
1.596610
1.593360
1.590110
1.586880
1.583650
1.580440
1.577240
1.574040
1.570850
1.567670
1.564500
1.561340
1.558190
1.555050
1.551910
1.548790
1.545670
1.542560
1.539460
1.536380
1.533290
1.530220
1.527150
1.524100
1.521050
1.518010
1.514980
1.511960
1.508940
1.505940
1.502940
1.499960
1.496970
1.494000
1.491040
1.488080
1.485140
1.482190
1.479260
1.476340
1.473420
1.470520
1.467620
1.464730
1.461840
1.458970
1.456100
1.453230
1.450380
1.447540
1.444700
1.441870
1.439050
1.436240
1.433430
1.430630
1.427840
1.425050
1.422280
1.419510
1.416740
1.413990
1.411240
1.408500
1.405770
1.403040
1.400330
1.397620
1.394920
1.392220
1.389530
1.386850
1.384170
1.381510
1.378850
1.376190
1.373540
1.370910
1.368270
1.365650
1.363030
1.360410
1.357810
1.355210
1.352620
1.350040
1.347450
1.344880
1.342320
1.339760
1.337210
1.334660
1.332130
1.329590
1.327070
1.324550
1.322040
1.319540
1.317040
1.314550
1.312060
1.309580
1.307110
1.304640
1.302180
1.299730
1.297280
1.294830
1.292400
1.289970
1.287550
1.285130
1.282720
1.280310
1.277920
1.275530
1.273140
1.270760
1.268380
1.266020
1.263660
1.261300
1.258950
1.256610
1.254270
1.251940
1.249610
1.247290
1.244970
1.242670
1.240360
1.238070
1.235770
1.233490
1.231210
1.228940
1.226670
1.224400
1.222150
1.219900
1.217650
1.215410
1.213170
1.210940
1.208720
1.206500
1.204290
1.202080
1.199880
1.197690
1.195500
1.193310
1.191130
1.188960
1.186790
1.184630
1.182470
1.180310
1.178170
1.176030
1.173890
1.171760
1.169630
1.167510
1.165390
1.163280
1.161180
1.159070
1.156980
1.154890
1.152800
1.150730
1.148650
1.146580
1.144510
1.142450
1.140400
1.138350
1.136300
1.134260
1.132230
1.130200
1.128180
1.126150
1.124140
1.122130
1.120120
1.118120
1.116130
1.114140
1.112150
1.110170
1.108190
1.106220
1.104260
1.102290
1.100340
1.098380
1.096440
1.094490
1.092550
1.090620
1.088690
1.086760
1.084840
1.082930
1.081010
1.079110
1.077200
1.075310
1.073420
1.071530
1.069640
1.067770
1.065890
1.064020
1.062150
1.060290
1.058430
1.056580
1.054730
1.052890
1.051050
1.049210
1.047380
1.045550
1.043740
1.041920
1.040100
1.038290
1.036490
1.034690
1.032890
1.031090
1.029310
1.027520
1.025740
1.023970
1.022200
1.020430
1.018670
1.016910
1.015150
1.013400
1.011660
1.009910
1.008170
1.006440
1.004710
1.002980
1.001260
0.999540
0.997831
0.996121
0.994412
0.992708
0.991011
0.989319
0.987628
0.985942
0.984257
0.982577
0.980904
0.979231
0.977569
0.975902
0.974247
0.972591
0.970936
