0.085497
0.085589
0.085962
0.086829
0.088662
0.093051
0.359260
0.346269
0.337690
0.365602
0.417643
0.509861
0.638244
0.766051
0.876662
0.966953
1.038680
1.094470
1.136830
1.168180
1.190940
1.207400
1.219500
1.228570
1.235290
1.239780
1.241870
1.241530
1.239070
1.235040
1.229990
1.224370
1.218430
1.212330
1.206120
1.199820
1.193440
1.186990
1.180450
1.173850
1.167170
1.160420
1.153600
1.146730
1.139790
1.132790
1.125740
1.118640
1.111490
1.104300
1.097060
1.089780
1.082470
1.075130
1.067760
1.060370
1.052950
1.045520
1.038070
1.030610
1.023150
1.015680
1.008210
1.000740
0.993268
0.985806
0.978353
0.970910
0.963481
0.956066
0.948669
0.941290
0.933933
0.926597
0.919286
0.912000
0.904741
0.897511
0.890310
0.883141
0.876003
0.868899
0.861829
0.854794
0.847796
0.840834
0.833911
0.827027
0.820182
0.813377
0.806613
0.799891
0.793210
0.786573
0.779978
0.773428
0.766921
0.760459
0.754042
0.747670
0.741344
0.735064
0.728830
0.722642
0.716501
0.710407
0.704361
0.698362
0.692410
0.686506
0.680650
0.674842
0.669082
0.663370
0.657706
0.652090
0.646523
0.641004
0.635533
0.630111
0.624737
0.619411
0.614133
0.608903
0.603722
0.598588
0.593503
0.588465
0.583475
0.578532
0.573637
0.568789
0.563988
0.559234
0.554526
0.549865
0.545251
0.540683
0.536160
0.531683
0.527252
0.522866
0.518525
0.514229
0.509977
0.505769
0.501605
0.497485
0.493408
0.489374
0.485383
0.481434
0.477527
0.473663
0.469839
0.466057
0.462316
0.458615
0.454955
0.451334
0.447753
0.444211
0.440707
0.437243
0.433816
0.430427
0.427076
0.423762
0.420484
0.417243
0.414038
0.410868
0.407734
0.404634
0.401570
0.398539
0.395542
0.392579
0.389649
0.386752
0.383887
0.381055
0.378254
0.375484
0.372745
0.370038
0.367360
0.364713
0.362095
0.359506
0.356947
0.354416
0.351913
0.349438
0.346991
0.344572
0.342179
0.339813
0.337473
0.335159
0.332871
0.330609
0.328371
0.326159
0.323970
0.321806
0.319666
0.317550
0.315456
0.313386
0.311339
0.309314
0.307311
0.305330
0.303370
0.301432
0.299515
0.297619
0.295744
0.293888
0.292053
0.290238
0.288442
0.286665
0.284908
0.283169
0.281449
0.279747
0.278063
0.276398
0.274750
0.273119
0.271506
0.269909
0.268330
0.266767
0.265220
0.263690
0.262175
0.260676
0.259193
0.257726
0.256273
0.254836
0.253413
0.252005
0.250611
0.249232
0.247867
0.246516
0.245178
0.243855
0.242544
0.241247
0.239963
0.238692
0.237434
0.236188
0.234955
0.233734
0.232525
0.231329
0.230144
0.228971
0.227810
0.226660
0.225522
0.224394
0.223278
0.222173
0.221078
0.219994
0.218921
0.217858
0.216806
0.215763
0.214731
0.213709
0.212696
0.211693
0.210700
0.209716
0.208742
0.207777
0.206821
0.205874
0.204936
0.204008
0.203087
0.202176
0.201273
0.200378
0.199492
0.198614
0.197744
0.196883
0.196029
0.195183
0.194345
0.193515
0.192692
0.191877
0.191070
0.190270
0.189477
0.188691
0.187913
0.187141
0.186377
0.185619
0.184868
0.184124
0.183387
0.182656
0.181932
0.181214
0.180503
0.179798
0.179099
0.178407
0.177720
0.177040
0.176366
0.175697
0.175035
0.174378
0.173727
0.173081
0.172441
0.171807
0.171178
0.170555
0.169937
0.169325
0.168717
0.168115
0.167518
0.166926
0.166340
0.165758
0.165181
0.164609
0.164042
0.163479
0.162922
0.162369
0.161821
0.161277
0.160738
0.160203
0.159673
0.159147
0.158626
0.158109
0.157596
0.157087
0.156583
0.156082
0.155586
0.155094
0.154606
0.154122
0.153642
0.153166
0.152693
0.152225
0.151760
0.151299
0.150842
0.150388
0.149938
0.149492
0.149049
0.148609
0.148174
0.147741
0.147312
0.146887
0.146465
0.146046
0.145630
0.145218
0.144809
0.144403
0.144001
0.143601
0.143205
0.142812
0.142421
0.142034
0.141650
0.141269
0.140890
0.140515
0.140143
0.139773
0.139406
0.139042
0.138681
0.138322
0.137967
0.137614
0.137263
0.136915
0.136570
0.136228
0.135888
0.135551
0.135216
0.134883
0.134554
0.134226
0.133901
0.133579
0.133259
0.132941
0.132626
0.132312
0.132002
0.131693
0.131387
0.131083
0.130781
0.130482
0.130185
0.129890
0.129597
0.129306
0.129017
0.128730
0.128446
0.128163
0.127883
0.127605
0.127328
0.127054
0.126781
0.126511
0.126242
0.125975
0.125711
0.125448
0.125187
0.124928
0.124670
0.124415
0.124161
0.123909
0.123659
0.123411
0.123164
0.122920
0.122677
0.122435
0.122195
0.121957
0.121721
0.121486
0.121253
0.121022
0.120792
0.120563
0.120337
0.120112
0.119888
0.119666
0.119445
0.119226
0.119009
0.118793
0.118578
0.118365
0.118154
0.117944
0.117735
0.117528
0.117322
0.117117
0.116914
0.116712
0.116512
0.116313
0.116115
0.115919
0.115724
0.115530
0.115338
0.115147
0.114957
0.114768
0.114581
0.114395
0.114210
0.114027
0.113844
0.113663
0.113483
0.113305
0.113127
0.112951
0.112775
0.112601
0.112428
0.112257
0.112086
0.111917
0.111748
0.111581
0.111415
0.111249
0.111085
0.110922
0.110761
0.110600
0.110440
0.110281
0.110123
0.109967
0.109811
0.109656
0.109503
0.109350
0.109198
0.109048
0.108898
0.108749
0.108601
0.108454
0.108308
0.108163
0.108019
0.107876
0.107734
0.107593
0.107452
0.107313
0.107174
0.107036
0.106899
0.106763
0.106628
0.106494
0.106360
0.106228
0.106096
0.105965
0.105835
0.105706
0.105577
0.105450
0.105323
0.105197
0.105071
0.104947
0.104823
0.104700
0.104578
0.104457
0.104336
0.104216
0.104097
0.103979
0.103861
0.103744
0.103628
0.103512
0.103398
0.103284
0.103170
0.103058
0.102946
0.102834
0.102724
0.102614
0.102505
0.102396
0.102288
0.102181
0.102075
0.101969
0.101863
0.101759
0.101655
0.101552
0.101449
0.101347
0.101245
0.101145
0.101044
0.100945
0.100846
0.100747
0.100650
0.100552
0.100456
0.100360
0.100264
0.100170
0.100075
0.099982
0.099888
0.099796
0.099704
0.099613
0.099522
0.099431
0.099341
0.099252
0.099163
0.099075
0.098988
0.098900
0.098814
0.098728
0.098642
0.098557
0.098473
0.098389
0.098305
0.098222
0.098139
0.098057
0.097976
0.097895
0.097814
0.097734
0.097654
0.097575
0.097496
0.097418
0.097340
0.097263
0.097186
0.097110
0.097034
0.096959
0.096884
0.096809
0.096735
0.096661
0.096588
0.096515
0.096443
0.096371
0.096299
0.096228
0.096157
0.096087
0.096017
0.095948
0.095879
0.095810
0.095742
0.095674
0.095606
0.095539
0.095473
0.095406
0.095340
0.095275
0.095210
0.095145
0.095081
0.095017
0.094953
0.094890
0.094827
0.094765
0.094702
0.094641
0.094579
0.094518
0.094457
0.094397
0.094337
0.094277
0.094218
0.094159
0.094101
0.094042
0.093984
0.093927
0.093869
0.093813
0.093756
0.093700
0.093644
0.093588
0.093533
0.093478
0.093423
0.093369
0.093315
0.093261
0.093208
0.093155
0.093102
0.093049
0.092997
0.092945
0.092894
0.092842
0.092791
0.092741
0.092690
0.092640
0.092590
0.092541
0.092492
0.092442
0.092394
0.092345
0.092297
0.092249
0.092202
0.092154
0.092107
0.092061
0.092014
0.091968
0.091922
0.091876
0.091831
0.091786
0.091741
0.091696
0.091652
0.091607
0.091563
0.091520
0.091476
0.091433
0.091390
0.091348
0.091305
0.091263
0.091221
0.091179
0.091138
0.091097
0.091056
0.091015
0.090974
0.090934
0.090894
0.090854
0.090814
0.090775
0.090736
0.090697
0.090658
0.090620
0.090581
0.090543
0.090506
0.090468
0.090430
0.090393
0.090356
0.090319
0.090283
0.090246
0.090210
0.090174
0.090139
0.090103
0.090068
0.090033
0.089998
0.089963
0.089928
0.089894
0.089860
0.089826
0.089792
0.089758
0.089725
0.089692
0.089659
0.089626
0.089593
0.089561
0.089528
0.089496
0.089465
0.089433
0.089401
0.089370
0.089339
0.089308
0.089277
0.089246
0.089216
0.089185
0.089155
0.089125
0.089095
0.089065
0.089036
0.089007
0.088978
0.088949
0.088920
0.088891
0.088863
0.088834
0.088806
0.088778
0.088750
0.088722
0.088695
0.088668
0.088640
0.088613
0.088586
0.088559
0.088533
0.088506
0.088480
0.088454
0.088428
0.088402
0.088376
0.088350
0.088325
0.088300
0.088274
0.088249
0.088225
0.088200
0.088175
0.088151
0.088126
0.088102
0.088078
0.088054
0.088030
0.088007
0.087983
0.087960
0.087937
0.087914
0.087890
0.087868
0.087845
0.087822
0.087800
0.087777
0.087755
0.087733
0.087711
0.087689
0.087667
0.087646
0.087624
0.087603
0.087582
0.087561
0.087540
0.087519
0.087498
0.087477
0.087457
0.087436
0.087416
0.087396
0.087376
0.087356
0.087336
0.087316
0.087296
0.087277
0.087258
0.087238
0.087219
0.087200
0.087181
0.087162
0.087143
0.087125
0.087106
0.087088
0.087069
0.087051
0.087033
0.087015
0.086997
0.086979
0.086961
0.086944
0.086926
0.086909
0.086891
0.086874
0.086857
0.086840
0.086823
0.086806
0.086789
0.086773
0.086756
0.086740
0.086723
0.086707
0.086691
0.086675
0.086659
0.086643
0.086627
0.086611
0.086596
0.086580
0.086564
0.086549
0.086534
0.086518
0.086503
0.086488
0.086473
0.086458
0.086444
0.086429
0.086414
0.086400
0.086385
0.086371
0.086357
0.086342
0.086328
0.086314
0.086300
0.086286
0.086273
0.086259
0.086245
0.086232
0.086218
0.086205
0.086191
0.086178
0.086165
0.086152
0.086139
0.086126
0.086113
0.086100
0.086087
0.086074
0.086062
0.086049
0.086037
0.086024
0.086012
0.086000
0.085988
0.085976
0.085963
0.085952
0.085940
0.085928
0.085916
0.085904
0.085893
0.085881
0.085870
0.085858
0.085847
0.085835
0.085824
0.085813
0.085802
0.085791
0.085780
0.085769
0.085758
0.085747
0.085737
0.085726
0.085715
0.085705
0.085694
0.085684
0.085673
0.085663
0.085653
0.085643
0.085633
0.085622
0.085612
0.085603
0.085593
0.085583
0.085573
0.085563
0.085553
0.085544
0.085534
0.085525
0.085515
0.085506
0.085497
0.085589
0.085962
0.086829
0.088663
0.093055
0.359376
0.346276
0.337713
0.365640
0.417683
0.509901
0.638297
0.766102
0.876714
0.967001
1.038720
1.094500
1.136860
1.168210
1.190970
1.207420
1.219520
1.228590
1.235320
1.239800
1.241890
1.241550
1.239090
1.235050
1.230000
1.224380
1.218450
1.212350
1.206140
1.199840
1.193460
1.187010
1.180470
1.173870
1.167190
1.160440
1.153620
1.146740
1.139810
1.132810
1.125760
1.118660
1.111510
1.104310
1.097080
1.089800
1.082490
1.075150
1.067780
1.060380
1.052970
1.045540
1.038090
1.030630
1.023170
1.015700
1.008220
1.000750
0.993284
0.985823
0.978369
0.970927
0.963497
0.956083
0.948685
0.941307
0.933949
0.926613
0.919302
0.912016
0.904757
0.897527
0.890326
0.883156
0.876019
0.868914
0.861844
0.854809
0.847811
0.840849
0.833926
0.827041
0.820196
0.813392
0.806628
0.799905
0.793225
0.786587
0.779993
0.773442
0.766935
0.760473
0.754056
0.747684
0.741358
0.735077
0.728843
0.722655
0.716515
0.710421
0.704374
0.698375
0.692423
0.686519
0.680663
0.674854
0.669094
0.663382
0.657718
0.652102
0.646535
0.641016
0.635545
0.630123
0.624748
0.619422
0.614145
0.608915
0.603733
0.598600
0.593514
0.588476
0.583486
0.578543
0.573648
0.568799
0.563998
0.559244
0.554537
0.549876
0.545261
0.540693
0.536170
0.531693
0.527262
0.522876
0.518535
0.514238
0.509986
0.505778
0.501614
0.497494
0.493417
0.489383
0.485392
0.481443
0.477536
0.473671
0.469848
0.466066
0.462325
0.458624
0.454963
0.451342
0.447761
0.444219
0.440716
0.437251
0.433824
0.430435
0.427084
0.423769
0.420492
0.417250
0.414045
0.410876
0.407741
0.404642
0.401577
0.398546
0.395549
0.392586
0.389656
0.386759
0.383894
0.381061
0.378260
0.375490
0.372752
0.370044
0.367366
0.364719
0.362101
0.359512
0.356952
0.354421
0.351919
0.349444
0.346997
0.344577
0.342184
0.339818
0.337478
0.335165
0.332877
0.330614
0.328376
0.326164
0.323975
0.321811
0.319671
0.317555
0.315461
0.313391
0.311343
0.309318
0.307315
0.305334
0.303375
0.301437
0.299520
0.297624
0.295748
0.293893
0.292057
0.290242
0.288446
0.286669
0.284912
0.283173
0.281453
0.279751
0.278068
0.276402
0.274754
0.273123
0.271509
0.269913
0.268333
0.266770
0.265224
0.263693
0.262179
0.260680
0.259197
0.257729
0.256277
0.254839
0.253417
0.252009
0.250615
0.249236
0.247871
0.246519
0.245182
0.243858
0.242548
0.241250
0.239966
0.238695
0.237437
0.236191
0.234958
0.233737
0.232529
0.231332
0.230147
0.228974
0.227813
0.226663
0.225524
0.224397
0.223281
0.222175
0.221081
0.219997
0.218924
0.217861
0.216808
0.215766
0.214734
0.213711
0.212699
0.211696
0.210703
0.209719
0.208745
0.207780
0.206824
0.205877
0.204939
0.204010
0.203090
0.202178
0.201275
0.200381
0.199494
0.198616
0.197747
0.196885
0.196031
0.195186
0.194348
0.193517
0.192695
0.191880
0.191072
0.190272
0.189479
0.188693
0.187915
0.187143
0.186379
0.185621
0.184870
0.184126
0.183389
0.182658
0.181934
0.181216
0.180505
0.179800
0.179101
0.178409
0.177722
0.177042
0.176367
0.175699
0.175036
0.174380
0.173728
0.173083
0.172443
0.171809
0.171180
0.170557
0.169939
0.169326
0.168719
0.168117
0.167520
0.166928
0.166341
0.165759
0.165183
0.164611
0.164043
0.163481
0.162923
0.162370
0.161822
0.161278
0.160739
0.160205
0.159674
0.159149
0.158627
0.158110
0.157597
0.157089
0.156584
0.156084
0.155588
0.155096
0.154607
0.154123
0.153643
0.153167
0.152695
0.152226
0.151761
0.151300
0.150843
0.150389
0.149939
0.149493
0.149050
0.148611
0.148175
0.147743
0.147314
0.146888
0.146466
0.146047
0.145632
0.145219
0.144810
0.144405
0.144002
0.143602
0.143206
0.142813
0.142422
0.142035
0.141651
0.141270
0.140891
0.140516
0.140144
0.139774
0.139407
0.139043
0.138682
0.138323
0.137968
0.137615
0.137264
0.136916
0.136571
0.136229
0.135889
0.135552
0.135217
0.134884
0.134555
0.134227
0.133902
0.133580
0.133260
0.132942
0.132626
0.132313
0.132003
0.131694
0.131388
0.131084
0.130782
0.130483
0.130186
0.129890
0.129597
0.129307
0.129018
0.128731
0.128447
0.128164
0.127884
0.127605
0.127329
0.127054
0.126782
0.126511
0.126243
0.125976
0.125711
0.125449
0.125188
0.124928
0.124671
0.124416
0.124162
0.123910
0.123660
0.123412
0.123165
0.122920
0.122677
0.122436
0.122196
0.121958
0.121722
0.121487
0.121254
0.121022
0.120792
0.120564
0.120337
0.120112
0.119889
0.119667
0.119446
0.119227
0.119010
0.118794
0.118579
0.118366
0.118154
0.117944
0.117736
0.117528
0.117322
0.117118
0.116915
0.116713
0.116513
0.116314
0.116116
0.115920
0.115725
0.115531
0.115339
0.115147
0.114958
0.114769
0.114582
0.114396
0.114211
0.114027
0.113845
0.113664
0.113484
0.113305
0.113128
0.112951
0.112776
0.112602
0.112429
0.112257
0.112087
0.111917
0.111749
0.111581
0.111415
0.111250
0.111086
0.110923
0.110761
0.110600
0.110440
0.110282
0.110124
0.109967
0.109811
0.109657
0.109503
0.109350
0.109199
0.109048
0.108898
0.108749
0.108602
0.108455
0.108309
0.108164
0.108020
0.107876
0.107734
0.107593
0.107452
0.107313
0.107174
0.107037
0.106900
0.106764
0.106628
0.106494
0.106361
0.106228
0.106096
0.105965
0.105835
0.105706
0.105578
0.105450
0.105323
0.105197
0.105072
0.104947
0.104823
0.104701
0.104578
0.104457
0.104336
0.104216
0.104097
0.103979
0.103861
0.103744
0.103628
0.103513
0.103398
0.103284
0.103170
0.103058
0.102946
0.102835
0.102724
0.102614
0.102505
0.102396
0.102289
0.102181
0.102075
0.101969
0.101864
0.101759
0.101655
0.101552
0.101449
0.101347
0.101246
0.101145
0.101045
0.100945
0.100846
0.100748
0.100650
0.100553
0.100456
0.100360
0.100265
0.100170
0.100076
0.099982
0.099889
0.099796
0.099704
0.099613
0.099522
0.099431
0.099342
0.099252
0.099164
0.099075
0.098988
0.098901
0.098814
0.098728
0.098642
0.098557
0.098473
0.098389
0.098305
0.098222
0.098140
0.098058
0.097976
0.097895
0.097814
0.097734
0.097655
0.097575
0.097497
0.097419
0.097341
0.097263
0.097187
0.097110
0.097034
0.096959
0.096884
0.096809
0.096735
0.096661
0.096588
0.096515
0.096443
0.096371
0.096299
0.096228
0.096157
0.096087
0.096017
0.095948
0.095879
0.095810
0.095742
0.095674
0.095606
0.095539
0.095473
0.095406
0.095341
0.095275
0.095210
0.095145
0.095081
0.095017
0.094953
0.094890
0.094827
0.094765
0.094702
0.094641
0.094579
0.094518
0.094458
0.094397
0.094337
0.094278
0.094218
0.094159
0.094101
0.094043
0.093984
0.093927
0.093870
0.093813
0.093756
0.093700
0.093644
0.093588
0.093533
0.093478
0.093423
0.093369
0.093315
0.093261
0.093208
0.093155
0.093102
0.093049
0.092997
0.092945
0.092894
0.092842
0.092791
0.092741
0.092690
0.092640
0.092590
0.092541
0.092492
0.092443
0.092394
0.092346
0.092297
0.092249
0.092202
0.092155
0.092107
0.092061
0.092014
0.091968
0.091922
0.091876
0.091831
0.091786
0.091741
0.091696
0.091652
0.091607
0.091564
0.091520
0.091477
0.091433
0.091390
0.091348
0.091305
0.091263
0.091221
0.091179
0.091138
0.091097
0.091056
0.091015
0.090974
0.090934
0.090894
0.090854
0.090815
0.090775
0.090736
0.090697
0.090658
0.090620
0.090582
0.090543
0.090506
0.090468
0.090431
0.090393
0.090356
0.090320
0.090283
0.090247
0.090210
0.090175
0.090139
0.090103
0.090068
0.090033
0.089998
0.089963
0.089928
0.089894
0.089860
0.089826
0.089792
0.089758
0.089725
0.089692
0.089659
0.089626
0.089593
0.089561
0.089529
0.089497
0.089465
0.089433
0.089401
0.089370
0.089339
0.089308
0.089277
0.089246
0.089216
0.089185
0.089155
0.089125
0.089095
0.089066
0.089036
0.089007
0.088978
0.088949
0.088920
0.088891
0.088863
0.088834
0.088806
0.088778
0.088750
0.088723
0.088695
0.088668
0.088640
0.088613
0.088586
0.088559
0.088533
0.088506
0.088480
0.088454
0.088428
0.088402
0.088376
0.088350
0.088325
0.088300
0.088275
0.088249
0.088225
0.088200
0.088175
0.088151
0.088126
0.088102
0.088078
0.088054
0.088030
0.088007
0.087983
0.087960
0.087937
0.087914
0.087890
0.087868
0.087845
0.087822
0.087800
0.087777
0.087755
0.087733
0.087711
0.087689
0.087667
0.087646
0.087624
0.087603
0.087582
0.087561
0.087540
0.087519
0.087498
0.087477
0.087457
0.087436
0.087416
0.087396
0.087376
0.087356
0.087336
0.087316
0.087296
0.087277
0.087258
0.087238
0.087219
0.087200
0.087181
0.087162
0.087143
0.087125
0.087106
0.087088
0.087069
0.087051
0.087033
0.087015
0.086997
0.086979
0.086961
0.086944
0.086926
0.086909
0.086891
0.086874
0.086857
0.086840
0.086823
0.086806
0.086789
0.086773
0.086756
0.086740
0.086723
0.086707
0.086691
0.086675
0.086659
0.086643
0.086627
0.086611
0.086596
0.086580
0.086564
0.086549
0.086534
0.086518
0.086503
0.086488
0.086473
0.086458
0.086444
0.086429
0.086414
0.086400
0.086385
0.086371
0.086357
0.086343
0.086328
0.086314
0.086300
0.086286
0.086273
0.086259
0.086245
0.086232
0.086218
0.086205
0.086191
0.086178
0.086165
0.086152
0.086139
0.086126
0.086113
0.086100
0.086087
0.086074
0.086062
0.086049
0.086037
0.086024
0.086012
0.086000
0.085988
0.085976
0.085963
0.085952
0.085940
0.085928
0.085916
0.085904
0.085893
0.085881
0.085870
0.085858
0.085847
0.085835
0.085824
0.085813
0.085802
0.085791
0.085780
0.085769
0.085758
0.085747
0.085737
0.085726
0.085715
0.085705
0.085694
0.085684
0.085673
0.085663
0.085653
0.085643
0.085633
0.085622
0.085612
0.085603
0.085593
0.085583
0.085573
0.085563
0.085553
0.085544
0.085534
0.085525
0.085515
0.085506
0.085497
0.085589
0.085962
0.086829
0.088663
0.093055
0.359381
0.346291
0.337724
0.365645
0.417695
0.509911
0.638301
0.766114
0.876722
0.967006
1.038730
1.094510
1.136870
1.168220
1.190970
1.207430
1.219530
1.228600
1.235330
1.239810
1.241900
1.241560
1.239100
1.235060
1.230010
1.224390
1.218460
1.212360
1.206140
1.199840
1.193470
1.187010
1.180480
1.173870
1.167190
1.160440
1.153630
1.146750
1.139810
1.132820
1.125770
1.118670
1.111520
1.104320
1.097080
1.089810
1.082500
1.075160
1.067790
1.060390
1.052980
1.045540
1.038100
1.030640
1.023170
1.015700
1.008230
1.000760
0.993290
0.985829
0.978376
0.970933
0.963503
0.956089
0.948691
0.941313
0.933955
0.926619
0.919308
0.912022
0.904763
0.897532
0.890332
0.883162
0.876025
0.868920
0.861850
0.854815
0.847817
0.840855
0.833932
0.827047
0.820202
0.813397
0.806633
0.799911
0.793231
0.786593
0.779998
0.773447
0.766941
0.760478
0.754061
0.747689
0.741363
0.735083
0.728848
0.722661
0.716520
0.710426
0.704379
0.698380
0.692428
0.686524
0.680668
0.674859
0.669099
0.663387
0.657723
0.652107
0.646540
0.641021
0.635550
0.630127
0.624753
0.619427
0.614149
0.608920
0.603738
0.598604
0.593518
0.588480
0.583490
0.578547
0.573652
0.568804
0.564003
0.559248
0.554541
0.549880
0.545265
0.540697
0.536174
0.531697
0.527266
0.522880
0.518539
0.514242
0.509990
0.505782
0.501618
0.497498
0.493421
0.489387
0.485395
0.481447
0.477540
0.473675
0.469852
0.466069
0.462328
0.458627
0.454967
0.451346
0.447764
0.444222
0.440719
0.437254
0.433827
0.430439
0.427087
0.423773
0.420495
0.417253
0.414048
0.410878
0.407744
0.404645
0.401580
0.398549
0.395552
0.392589
0.389659
0.386762
0.383897
0.381064
0.378263
0.375493
0.372755
0.370047
0.367369
0.364721
0.362103
0.359515
0.356955
0.354424
0.351921
0.349447
0.346999
0.344580
0.342187
0.339821
0.337481
0.335167
0.332879
0.330616
0.328379
0.326166
0.323978
0.321814
0.319673
0.317557
0.315464
0.313393
0.311346
0.309321
0.307318
0.305336
0.303377
0.301439
0.299522
0.297626
0.295750
0.293895
0.292060
0.290244
0.288448
0.286671
0.284914
0.283175
0.281455
0.279753
0.278069
0.276404
0.274756
0.273125
0.271511
0.269915
0.268335
0.266772
0.265226
0.263695
0.262181
0.260682
0.259199
0.257731
0.256279
0.254841
0.253418
0.252010
0.250617
0.249237
0.247872
0.246521
0.245184
0.243860
0.242549
0.241252
0.239968
0.238697
0.237439
0.236193
0.234960
0.233739
0.232530
0.231334
0.230149
0.228976
0.227814
0.226665
0.225526
0.224399
0.223282
0.222177
0.221082
0.219998
0.218925
0.217862
0.216810
0.215767
0.214735
0.213713
0.212700
0.211697
0.210704
0.209720
0.208746
0.207781
0.206825
0.205878
0.204940
0.204011
0.203091
0.202179
0.201276
0.200382
0.199496
0.198618
0.197748
0.196886
0.196032
0.195187
0.194349
0.193518
0.192696
0.191881
0.191073
0.190273
0.189480
0.188694
0.187916
0.187144
0.186380
0.185622
0.184871
0.184127
0.183390
0.182659
0.181935
0.181217
0.180506
0.179801
0.179102
0.178410
0.177723
0.177043
0.176368
0.175700
0.175037
0.174380
0.173729
0.173084
0.172444
0.171810
0.171181
0.170558
0.169940
0.169327
0.168720
0.168118
0.167521
0.166929
0.166342
0.165760
0.165183
0.164611
0.164044
0.163482
0.162924
0.162371
0.161823
0.161279
0.160740
0.160205
0.159675
0.159149
0.158628
0.158111
0.157598
0.157089
0.156585
0.156084
0.155588
0.155096
0.154608
0.154124
0.153644
0.153168
0.152695
0.152227
0.151762
0.151301
0.150843
0.150390
0.149940
0.149493
0.149051
0.148611
0.148175
0.147743
0.147314
0.146889
0.146466
0.146048
0.145632
0.145220
0.144811
0.144405
0.144002
0.143603
0.143207
0.142813
0.142423
0.142036
0.141652
0.141270
0.140892
0.140517
0.140144
0.139774
0.139408
0.139044
0.138682
0.138324
0.137968
0.137615
0.137265
0.136917
0.136572
0.136229
0.135889
0.135552
0.135217
0.134885
0.134555
0.134228
0.133903
0.133580
0.133260
0.132942
0.132627
0.132314
0.132003
0.131695
0.131388
0.131084
0.130783
0.130483
0.130186
0.129891
0.129598
0.129307
0.129018
0.128732
0.128447
0.128165
0.127884
0.127606
0.127329
0.127055
0.126782
0.126512
0.126243
0.125977
0.125712
0.125449
0.125188
0.124929
0.124672
0.124416
0.124162
0.123911
0.123660
0.123412
0.123166
0.122921
0.122678
0.122436
0.122196
0.121958
0.121722
0.121487
0.121254
0.121023
0.120793
0.120564
0.120338
0.120113
0.119889
0.119667
0.119446
0.119227
0.119010
0.118794
0.118579
0.118366
0.118155
0.117945
0.117736
0.117528
0.117323
0.117118
0.116915
0.116713
0.116513
0.116314
0.116116
0.115920
0.115725
0.115531
0.115339
0.115148
0.114958
0.114769
0.114582
0.114396
0.114211
0.114028
0.113845
0.113664
0.113484
0.113305
0.113128
0.112951
0.112776
0.112602
0.112429
0.112257
0.112087
0.111917
0.111749
0.111582
0.111415
0.111250
0.111086
0.110923
0.110761
0.110600
0.110441
0.110282
0.110124
0.109967
0.109812
0.109657
0.109503
0.109351
0.109199
0.109048
0.108898
0.108750
0.108602
0.108455
0.108309
0.108164
0.108020
0.107877
0.107734
0.107593
0.107453
0.107313
0.107175
0.107037
0.106900
0.106764
0.106629
0.106494
0.106361
0.106228
0.106097
0.105966
0.105836
0.105706
0.105578
0.105450
0.105323
0.105197
0.105072
0.104947
0.104824
0.104701
0.104579
0.104457
0.104337
0.104217
0.104098
0.103979
0.103861
0.103745
0.103628
0.103513
0.103398
0.103284
0.103171
0.103058
0.102946
0.102835
0.102724
0.102614
0.102505
0.102397
0.102289
0.102182
0.102075
0.101969
0.101864
0.101759
0.101655
0.101552
0.101449
0.101347
0.101246
0.101145
0.101045
0.100945
0.100846
0.100748
0.100650
0.100553
0.100456
0.100360
0.100265
0.100170
0.100076
0.099982
0.099889
0.099796
0.099704
0.099613
0.099522
0.099432
0.099342
0.099253
0.099164
0.099076
0.098988
0.098901
0.098814
0.098728
0.098643
0.098558
0.098473
0.098389
0.098305
0.098222
0.098140
0.098058
0.097976
0.097895
0.097814
0.097734
0.097655
0.097575
0.097497
0.097419
0.097341
0.097264
0.097187
0.097110
0.097034
0.096959
0.096884
0.096809
0.096735
0.096661
0.096588
0.096515
0.096443
0.096371
0.096299
0.096228
0.096158
0.096087
0.096017
0.095948
0.095879
0.095810
0.095742
0.095674
0.095607
0.095539
0.095473
0.095407
0.095341
0.095275
0.095210
0.095145
0.095081
0.095017
0.094953
0.094890
0.094827
0.094765
0.094703
0.094641
0.094579
0.094518
0.094458
0.094397
0.094337
0.094278
0.094218
0.094159
0.094101
0.094043
0.093985
0.093927
0.093870
0.093813
0.093756
0.093700
0.093644
0.093588
0.093533
0.093478
0.093423
0.093369
0.093315
0.093261
0.093208
0.093155
0.093102
0.093050
0.092997
0.092945
0.092894
0.092842
0.092792
0.092741
0.092690
0.092640
0.092591
0.092541
0.092492
0.092443
0.092394
0.092346
0.092297
0.092250
0.092202
0.092155
0.092108
0.092061
0.092014
0.091968
0.091922
0.091876
0.091831
0.091786
0.091741
0.091696
0.091652
0.091608
0.091564
0.091520
0.091477
0.091434
0.091391
0.091348
0.091305
0.091263
0.091221
0.091180
0.091138
0.091097
0.091056
0.091015
0.090975
0.090934
0.090894
0.090854
0.090815
0.090775
0.090736
0.090697
0.090659
0.090620
0.090582
0.090544
0.090506
0.090468
0.090431
0.090393
0.090356
0.090320
0.090283
0.090247
0.090211
0.090175
0.090139
0.090103
0.090068
0.090033
0.089998
0.089963
0.089929
0.089894
0.089860
0.089826
0.089792
0.089759
0.089725
0.089692
0.089659
0.089626
0.089594
0.089561
0.089529
0.089497
0.089465
0.089433
0.089401
0.089370
0.089339
0.089308
0.089277
0.089246
0.089216
0.089185
0.089155
0.089125
0.089095
0.089066
0.089036
0.089007
0.088978
0.088949
0.088920
0.088891
0.088863
0.088834
0.088806
0.088778
0.088750
0.088723
0.088695
0.088668
0.088640
0.088613
0.088586
0.088560
0.088533
0.088506
0.088480
0.088454
0.088428
0.088402
0.088376
0.088351
0.088325
0.088300
0.088275
0.088250
0.088225
0.088200
0.088175
0.088151
0.088127
0.088102
0.088078
0.088054
0.088031
0.088007
0.087983
0.087960
0.087937
0.087914
0.087891
0.087868
0.087845
0.087822
0.087800
0.087778
0.087755
0.087733
0.087711
0.087689
0.087668
0.087646
0.087624
0.087603
0.087582
0.087561
0.087540
0.087519
0.087498
0.087477
0.087457
0.087436
0.087416
0.087396
0.087376
0.087356
0.087336
0.087316
0.087297
0.087277
0.087258
0.087238
0.087219
0.087200
0.087181
0.087162
0.087143
0.087125
0.087106
0.087088
0.087069
0.087051
0.087033
0.087015
0.086997
0.086979
0.086961
0.086944
0.086926
0.086909
0.086891
0.086874
0.086857
0.086840
0.086823
0.086806
0.086790
0.086773
0.086756
0.086740
0.086723
0.086707
0.086691
0.086675
0.086659
0.086643
0.086627
0.086611
0.086596
0.086580
0.086565
0.086549
0.086534
0.086519
0.086503
0.086488
0.086473
0.086459
0.086444
0.086429
0.086414
0.086400
0.086385
0.086371
0.086357
0.086343
0.086328
0.086314
0.086300
0.086287
0.086273
0.086259
0.086245
0.086232
0.086218
0.086205
0.086191
0.086178
0.086165
0.086152
0.086139
0.086126
0.086113
0.086100
0.086087
0.086074
0.086062
0.086049
0.086037
0.086024
0.086012
0.086000
0.085988
0.085976
0.085964
0.085952
0.085940
0.085928
0.085916
0.085904
0.085893
0.085881
0.085870
0.085858
0.085847
0.085835
0.085824
0.085813
0.085802
0.085791
0.085780
0.085769
0.085758
0.085747
0.085737
0.085726
0.085715
0.085705
0.085694
0.085684
0.085673
0.085663
0.085653
0.085643
0.085633
0.085622
0.085612
0.085603
0.085593
0.085583
0.085573
0.085563
0.085553
0.085544
0.085534
0.085525
0.085515
0.085506
0.085497
